237 237
0.000000 0.122044 0.188238 0.183897 0.156302 0.182923 0.136343 0.132957 0.132871 0.139530 0.124520 0.154292 0.157314 0.139535 0.144395 0.129857 0.168612 0.232687 0.263759 0.161301 0.234345 0.241597 0.286114 0.316013 0.317905 0.323025 0.303663 0.311919 0.307725 0.297479 0.279806 0.269624 0.271199 0.291015 0.277900 0.317546 0.265441 0.314153 0.284214 0.201991 0.177367 0.162451 0.173276 0.186674 0.163434 0.151155 0.163334 0.178471 0.187436 0.176670 0.285940 0.219644 0.200417 0.184175 0.166816 0.243402 0.267980 0.226326 0.306194 0.251603 0.272672 0.183851 0.232309 0.277808 0.299984 0.259204 0.231500 0.250367 0.111761 0.157527 0.149514 0.136409 0.127741 0.124157 0.280706 0.279618 0.255860 0.285790 0.132460 0.118482 0.222068 0.169958 0.128512 0.123327 0.438602 0.428858 0.243810 0.289501 0.333596 0.185492 0.477124 0.342891 0.540308 0.225686 0.452394 0.325050 0.146891 0.140520 0.191242 0.164771 0.172668 0.153783 0.185266 0.166348 0.168550 0.173020 0.165293 0.166570 0.157345 0.155955 0.169663 0.126801 0.152306 0.179983 0.133452 0.145922 0.122484 0.086772 0.165288 0.132461 0.176970 0.166625 0.185001 0.215158 0.179208 0.182835 0.191828 0.196052 0.177804 0.202302 0.216158 0.195923 0.208025 0.176006 0.195905 0.207220 0.183366 0.198525 0.218804 0.196134 0.192139 0.207025 0.129088 0.172914 0.161665 0.131155 0.145956 0.157700 0.141212 0.290157 0.176309 0.133305 0.153387 0.129108 0.218818 0.145656 0.125442 0.103701 0.103533 0.136404 0.148800 0.143127 0.131361 0.121326 0.151270 0.215832 0.291613 0.259049 0.286838 0.291037 0.269987 0.309961 0.273849 0.152984 0.183888 0.232246 0.187084 0.192951 0.217589 0.222455 0.180956 0.149435 0.147802 0.108603 0.141414 0.112570 0.228192 0.158409 0.154427 0.105904 0.162225 0.168664 0.138295 0.131020 0.119817 0.108476 0.117146 0.151517 0.109420 0.115368 0.152688 0.098937 0.102295 0.090499 0.111753 0.127261 0.200627 0.186447 0.169329 0.182009 0.205959 0.121699 0.140650 0.118711 0.130728 0.126857 0.144229 0.136826 0.127643 0.125229 0.121866 0.227259 0.214528 0.166511 0.206196 0.154387 0.119789 0.136934 0.151718 0.199899 0.186255 0.174122 0.162601 0.150657 0.171571 0.197687 0.198568 
0.122044 0.000000 0.226332 0.169599 0.149895 0.169274 0.126608 0.118637 0.126163 0.140410 0.119257 0.135997 0.146671 0.139501 0.131939 0.097813 0.164780 0.227891 0.255435 0.146384 0.226367 0.232979 0.286114 0.303161 0.300169 0.322361 0.282973 0.292783 0.303611 0.276328 0.264658 0.246953 0.278455 0.278204 0.271632 0.296480 0.241021 0.291410 0.257743 0.173102 0.151659 0.136633 0.165778 0.177098 0.137994 0.127040 0.135665 0.181783 0.179909 0.159993 0.270914 0.221512 0.175044 0.193523 0.173084 0.221619 0.248534 0.209706 0.275819 0.270273 0.240623 0.163481 0.260310 0.214302 0.247736 0.282153 0.285098 0.301433 0.135631 0.166058 0.140310 0.115160 0.099942 0.086095 0.285632 0.276865 0.283580 0.270186 0.159182 0.160711 0.202866 0.182331 0.094005 0.111658 0.422033 0.476842 0.265778 0.281397 0.353808 0.220115 0.476725 0.401991 0.598883 0.257992 0.398088 0.368765 0.147001 0.130795 0.165602 0.135652 0.149727 0.135101 0.161414 0.142055 0.137787 0.145005 0.137336 0.138672 0.132106 0.139179 0.150008 0.142435 0.148773 0.171617 0.148545 0.135992 0.108299 0.100795 0.159289 0.142310 0.157775 0.148060 0.170715 0.193634 0.161309 0.157252 0.165826 0.172989 0.158656 0.182845 0.190344 0.172612 0.187851 0.154477 0.181355 0.190751 0.166691 0.181807 0.197158 0.172198 0.172646 0.232387 0.126876 0.162872 0.142873 0.114165 0.160764 0.133324 0.111175 0.313527 0.159140 0.114346 0.137390 0.125512 0.247119 0.126356 0.111063 0.107578 0.096439 0.153644 0.151040 0.133300 0.109672 0.104630 0.132902 0.165196 0.278238 0.232092 0.260863 0.274376 0.256472 0.295557 0.288391 0.163396 0.175945 0.221316 0.169246 0.180874 0.206651 0.201722 0.170194 0.135491 0.146701 0.163946 0.178347 0.104913 0.205065 0.198946 0.187748 0.129281 0.181136 0.196798 0.184616 0.150525 0.131359 0.146642 0.130830 0.177367 0.116152 0.132605 0.144514 0.141000 0.112621 0.133823 0.148093 0.123178 0.187413 0.176990 0.161723 0.170548 0.191836 0.118601 0.124929 0.110964 0.161064 0.122377 0.149274 0.111937 0.110640 0.098934 0.108717 0.216567 0.250519 0.170669 0.207057 0.161140 0.114494 0.112171 0.139325 0.220105 0.186947 0.161226 0.173881 0.132678 0.146469 0.192687 0.239146 
0.188238 0.226332 0.000000 0.202468 0.268588 0.264206 0.274110 0.268832 0.273413 0.268855 0.269337 0.242155 0.270669 0.245744 0.236824 0.261627 0.257768 0.344225 0.373482 0.238361 0.346330 0.352622 0.356948 0.364533 0.375609 0.401382 0.357803 0.359421 0.380227 0.344164 0.341740 0.336032 0.362241 0.348865 0.353350 0.365965 0.340836 0.389358 0.348325 0.290933 0.272064 0.278213 0.264702 0.266696 0.259634 0.248600 0.250367 0.281144 0.306117 0.241153 0.336087 0.314812 0.276616 0.276442 0.238323 0.289597 0.234787 0.280608 0.266602 0.200034 0.241255 0.260865 0.223506 0.266770 0.275324 0.236349 0.225079 0.229850 0.202321 0.220647 0.233657 0.229854 0.247969 0.245996 0.304001 0.332020 0.242752 0.300300 0.151814 0.160656 0.259054 0.203053 0.236338 0.189368 0.323131 0.421936 0.297457 0.337546 0.351214 0.249586 0.419211 0.327141 0.561266 0.255659 0.476172 0.280324 0.277307 0.271992 0.263162 0.278677 0.265785 0.272079 0.276131 0.251670 0.261127 0.259833 0.267621 0.275186 0.267268 0.271835 0.282048 0.182334 0.209356 0.278497 0.193094 0.236595 0.225319 0.223759 0.236475 0.210495 0.250370 0.253828 0.265173 0.298164 0.261527 0.256845 0.290469 0.272417 0.250651 0.277933 0.285934 0.267823 0.275723 0.252644 0.275752 0.280506 0.261960 0.279234 0.292820 0.277945 0.271201 0.257443 0.244170 0.255859 0.245518 0.242572 0.227056 0.285842 0.253697 0.286544 0.262745 0.244834 0.253876 0.227464 0.243712 0.267963 0.263474 0.229092 0.234706 0.266843 0.241026 0.278489 0.254935 0.245804 0.261222 0.291481 0.320417 0.309545 0.333742 0.327435 0.305323 0.324710 0.276945 0.229337 0.230511 0.312576 0.285271 0.295628 0.310978 0.298512 0.278281 0.244826 0.228267 0.165773 0.228461 0.253246 0.354093 0.201991 0.225820 0.183592 0.234777 0.239073 0.206172 0.233947 0.197009 0.182599 0.225035 0.228153 0.216355 0.202516 0.274760 0.177418 0.198942 0.176769 0.187122 0.233626 0.265875 0.233326 0.246971 0.245977 0.285305 0.245090 0.247765 0.264884 0.202397 0.226343 0.239671 0.260871 0.255681 0.249579 0.239672 0.294495 0.295350 0.288248 0.320458 0.289702 0.237612 0.253808 0.250580 0.228155 0.278240 0.244261 0.230144 0.239910 0.251361 0.257559 0.251366 
0.183897 0.169599 0.202468 0.000000 0.244179 0.257390 0.245685 0.258230 0.258342 0.224203 0.246278 0.238144 0.245518 0.254281 0.249119 0.211763 0.255757 0.315030 0.322313 0.262691 0.294077 0.324952 0.354372 0.374848 0.368908 0.388721 0.362422 0.375675 0.360638 0.364817 0.331886 0.343199 0.354909 0.324162 0.352545 0.373615 0.354175 0.391901 0.367809 0.302673 0.259832 0.286695 0.293946 0.294140 0.281867 0.274175 0.278099 0.290808 0.280196 0.277362 0.361113 0.296671 0.305735 0.239950 0.221679 0.313182 0.243077 0.307614 0.242376 0.264293 0.233520 0.290790 0.268982 0.211075 0.245943 0.271758 0.305888 0.316478 0.222963 0.227803 0.261710 0.219021 0.218384 0.224212 0.352329 0.356394 0.322778 0.349377 0.174163 0.199686 0.293889 0.254789 0.215927 0.199362 0.344676 0.457157 0.287441 0.327483 0.358228 0.225496 0.378252 0.378647 0.558804 0.273070 0.349909 0.319969 0.238614 0.262889 0.287422 0.280774 0.268955 0.280501 0.261614 0.274247 0.279666 0.283704 0.281950 0.286693 0.281105 0.280926 0.293036 0.223766 0.244385 0.269410 0.217451 0.257511 0.216893 0.198876 0.241997 0.199924 0.282409 0.270136 0.285570 0.332782 0.299968 0.293324 0.309829 0.312366 0.281089 0.316695 0.323217 0.300038 0.313720 0.289442 0.314188 0.319310 0.301134 0.314458 0.330446 0.316364 0.309368 0.241541 0.223284 0.240987 0.156499 0.244743 0.220036 0.281818 0.244106 0.259638 0.244457 0.233862 0.223262 0.224023 0.229798 0.259654 0.237547 0.219419 0.231912 0.235386 0.243900 0.260559 0.244453 0.228735 0.258076 0.212511 0.356860 0.330268 0.354920 0.355180 0.338117 0.370924 0.342048 0.215950 0.255948 0.317696 0.286247 0.283495 0.312931 0.304797 0.273377 0.241435 0.245164 0.232620 0.222072 0.244863 0.344726 0.255146 0.215428 0.213376 0.232976 0.264796 0.250470 0.240079 0.225242 0.215080 0.229171 0.238095 0.225142 0.225977 0.246377 0.214345 0.211639 0.200031 0.224066 0.222881 0.301600 0.280287 0.272686 0.267840 0.308988 0.228588 0.219416 0.223240 0.204032 0.242596 0.262421 0.252209 0.245087 0.243989 0.236949 0.266383 0.267015 0.264050 0.300792 0.265386 0.221407 0.245023 0.244507 0.216119 0.268191 0.272296 0.260408 0.273739 0.285053 0.211140 0.239908 
0.156302 0.149895 0.268588 0.244179 0.000000 0.056354 0.102144 0.125938 0.108082 0.095188 0.123451 0.076504 0.098853 0.143496 0.075087 0.118052 0.080417 0.213631 0.220829 0.092815 0.165159 0.219981 0.222164 0.233764 0.206901 0.243687 0.214359 0.243071 0.214042 0.196832 0.189164 0.177237 0.205147 0.185976 0.203606 0.227626 0.191173 0.245595 0.208925 0.121379 0.101811 0.089168 0.118931 0.116463 0.098504 0.108872 0.104813 0.156516 0.120775 0.146903 0.213119 0.141017 0.135047 0.176082 0.140152 0.165518 0.272330 0.162277 0.318016 0.244317 0.290640 0.101015 0.256568 0.238044 0.276933 0.272264 0.243754 0.279205 0.120696 0.124790 0.123891 0.102361 0.129192 0.118825 0.265304 0.234545 0.276829 0.251081 0.198139 0.171303 0.200550 0.172254 0.134489 0.147266 0.524918 0.431995 0.193565 0.179376 0.282178 0.154719 0.560188 0.344638 0.572695 0.192220 0.503177 0.323156 0.110717 0.102227 0.115009 0.116894 0.106494 0.115354 0.102159 0.102055 0.099677 0.107548 0.108109 0.109694 0.107882 0.098053 0.125605 0.126367 0.129407 0.118290 0.124111 0.112764 0.092817 0.094955 0.126020 0.109065 0.092574 0.101157 0.098916 0.146812 0.112409 0.113122 0.109325 0.130127 0.099306 0.129153 0.130003 0.093497 0.121071 0.109867 0.127210 0.124970 0.122575 0.120803 0.157152 0.130265 0.124978 0.179843 0.098683 0.086036 0.197794 0.080908 0.154904 0.126127 0.119171 0.320839 0.075928 0.071957 0.139947 0.103787 0.225820 0.113979 0.082068 0.134735 0.088604 0.106814 0.135302 0.094040 0.096694 0.083522 0.115077 0.202742 0.289588 0.226274 0.259343 0.278179 0.262303 0.301277 0.288423 0.149970 0.187155 0.210973 0.170641 0.157866 0.193083 0.197937 0.156453 0.130933 0.147052 0.174261 0.171398 0.143277 0.260735 0.198757 0.120953 0.139623 0.121367 0.165992 0.169500 0.142593 0.124272 0.158346 0.127566 0.141252 0.120450 0.119471 0.101426 0.145870 0.105029 0.132655 0.155955 0.110904 0.175838 0.186609 0.149981 0.166439 0.194406 0.095924 0.097657 0.095883 0.130373 0.139877 0.152538 0.139122 0.137838 0.130372 0.150158 0.159654 0.238666 0.161279 0.205011 0.153250 0.128181 0.129547 0.104474 0.219938 0.134218 0.106522 0.210811 0.114034 0.093169 0.229735 0.191044 
0.182923 0.169274 0.264206 0.257390 0.056354 0.000000 0.120670 0.147371 0.122230 0.100555 0.148055 0.070388 0.105785 0.162032 0.084316 0.135826 0.068422 0.229769 0.230037 0.081711 0.163512 0.237250 0.206282 0.228927 0.201401 0.242348 0.199809 0.234473 0.209119 0.199192 0.177866 0.174707 0.199707 0.178615 0.202977 0.215120 0.205070 0.264127 0.221853 0.135752 0.086086 0.118974 0.108537 0.097696 0.106575 0.108334 0.110395 0.177974 0.144486 0.148055 0.223921 0.154242 0.138074 0.190904 0.135572 0.178019 0.278214 0.172682 0.317619 0.253336 0.295684 0.100575 0.257843 0.230210 0.278787 0.286291 0.256261 0.292728 0.130568 0.125395 0.127402 0.106788 0.159847 0.146193 0.276643 0.238977 0.277521 0.261129 0.211181 0.180898 0.208863 0.179732 0.152482 0.156645 0.533229 0.413300 0.197418 0.153218 0.252477 0.166758 0.574125 0.328864 0.575183 0.173110 0.504566 0.314492 0.123429 0.126653 0.105448 0.134597 0.093406 0.137359 0.092768 0.098949 0.109448 0.110732 0.119412 0.118856 0.120854 0.125541 0.133406 0.126900 0.124127 0.146892 0.124621 0.115007 0.099556 0.119216 0.102535 0.098597 0.081617 0.089865 0.083594 0.144576 0.101819 0.100286 0.125144 0.117396 0.081972 0.124377 0.124720 0.085520 0.110556 0.097358 0.119313 0.114327 0.111823 0.120333 0.146307 0.128151 0.111034 0.198674 0.114624 0.082998 0.217844 0.095240 0.175318 0.147634 0.138170 0.314731 0.054935 0.086617 0.163508 0.121804 0.237866 0.127752 0.107852 0.151205 0.118973 0.119444 0.134120 0.111928 0.119758 0.103093 0.120954 0.218459 0.289899 0.233158 0.263852 0.270391 0.262151 0.308751 0.285599 0.133876 0.187597 0.228391 0.179493 0.184732 0.207658 0.213254 0.182946 0.142364 0.155309 0.172555 0.179904 0.157022 0.264560 0.207626 0.118085 0.144243 0.113113 0.169602 0.180870 0.158232 0.128056 0.171435 0.151870 0.156295 0.133642 0.126730 0.114628 0.160503 0.112074 0.141451 0.162968 0.135507 0.168095 0.184109 0.145413 0.154103 0.186411 0.113081 0.105565 0.126798 0.131694 0.156303 0.161438 0.155879 0.146131 0.150287 0.162692 0.148982 0.271435 0.173642 0.221088 0.180662 0.140400 0.148680 0.122758 0.233799 0.146277 0.101087 0.227008 0.118313 0.108373 0.252461 0.183186 
0.136343 0.126608 0.274110 0.245685 0.102144 0.120670 0.000000 0.073295 0.037349 0.054229 0.045161 0.094817 0.071952 0.118433 0.116463 0.076078 0.117334 0.150392 0.167905 0.143361 0.174200 0.151755 0.269045 0.291841 0.283093 0.306955 0.271107 0.278532 0.278745 0.266863 0.244981 0.236582 0.259806 0.246010 0.258439 0.280537 0.228948 0.279414 0.250529 0.156750 0.123885 0.126956 0.151155 0.156726 0.123323 0.110294 0.113981 0.159261 0.101085 0.145759 0.223631 0.136062 0.144589 0.147502 0.148829 0.213207 0.301309 0.194694 0.370058 0.284962 0.325677 0.157672 0.293569 0.293907 0.327600 0.309959 0.255983 0.311754 0.107298 0.151648 0.115050 0.103087 0.116478 0.102801 0.273867 0.234950 0.294369 0.268296 0.228923 0.200035 0.209740 0.189838 0.149296 0.175339 0.480992 0.415170 0.176259 0.192869 0.287968 0.148795 0.487167 0.340427 0.533209 0.188012 0.483813 0.327001 0.122438 0.120918 0.155996 0.125140 0.142738 0.127851 0.139686 0.138950 0.129752 0.134326 0.130038 0.129002 0.129130 0.130937 0.145303 0.146656 0.148760 0.111082 0.140447 0.127598 0.108544 0.079449 0.148334 0.136046 0.121828 0.115064 0.137912 0.160689 0.134608 0.126604 0.135765 0.142710 0.118441 0.155090 0.161178 0.147437 0.159195 0.127707 0.152920 0.158355 0.139328 0.149016 0.171902 0.153193 0.139616 0.178990 0.092043 0.113621 0.192850 0.081519 0.147840 0.112301 0.122724 0.295684 0.106165 0.084499 0.129808 0.112010 0.205885 0.095889 0.075009 0.086001 0.077583 0.092973 0.111610 0.087898 0.096604 0.085743 0.103286 0.184887 0.282260 0.228154 0.257802 0.270580 0.268093 0.302472 0.307440 0.144480 0.167432 0.197680 0.141369 0.148146 0.165842 0.186112 0.159146 0.118461 0.147538 0.173700 0.157252 0.108405 0.221670 0.174296 0.167718 0.110856 0.172305 0.129439 0.143012 0.135650 0.124253 0.132079 0.114162 0.156964 0.110106 0.129829 0.073791 0.142249 0.104999 0.131122 0.128001 0.117121 0.179576 0.178118 0.144956 0.164345 0.158896 0.072187 0.083205 0.062476 0.175142 0.118315 0.145415 0.079778 0.068990 0.089642 0.100759 0.149853 0.198698 0.104520 0.146236 0.098878 0.104926 0.111827 0.101602 0.197164 0.111167 0.162838 0.164883 0.135313 0.135347 0.190135 0.188117 
0.132957 0.118637 0.268832 0.258230 0.125938 0.147371 0.073295 0.000000 0.062596 0.106457 0.059792 0.129402 0.109701 0.097473 0.110930 0.060005 0.134534 0.161208 0.198235 0.142925 0.216036 0.169101 0.281247 0.292633 0.298447 0.318414 0.285712 0.292304 0.300777 0.278965 0.259937 0.247776 0.269745 0.275750 0.270230 0.294836 0.239054 0.289323 0.259188 0.171033 0.156917 0.136248 0.166941 0.175411 0.138214 0.127460 0.115679 0.125973 0.136642 0.140543 0.208645 0.173000 0.122619 0.142229 0.135707 0.184011 0.269538 0.161480 0.349383 0.270515 0.294274 0.167572 0.255763 0.282162 0.292606 0.278873 0.234351 0.272318 0.108051 0.141956 0.105296 0.098007 0.101340 0.087392 0.242786 0.216847 0.271595 0.238125 0.209901 0.185905 0.185628 0.176185 0.138023 0.159418 0.443085 0.412145 0.187731 0.239838 0.279900 0.172231 0.481829 0.343193 0.552135 0.193419 0.477340 0.325493 0.159411 0.123597 0.169185 0.139411 0.162358 0.118450 0.163679 0.150022 0.138818 0.144725 0.141124 0.144170 0.134549 0.130625 0.157281 0.144947 0.142179 0.117286 0.138016 0.126285 0.117889 0.089764 0.159075 0.144041 0.142849 0.133587 0.147614 0.175466 0.145592 0.146756 0.140525 0.159693 0.143009 0.171754 0.181340 0.163679 0.174466 0.145259 0.156710 0.164880 0.140646 0.165156 0.188321 0.162123 0.152615 0.187373 0.096141 0.126128 0.185347 0.097190 0.142712 0.124028 0.111857 0.306549 0.141985 0.114131 0.117917 0.109143 0.213666 0.114556 0.104947 0.088225 0.063910 0.101460 0.115008 0.102784 0.108830 0.107128 0.097857 0.178085 0.263418 0.207806 0.232583 0.250239 0.241024 0.288541 0.301730 0.121460 0.136240 0.178964 0.127442 0.138093 0.152181 0.166262 0.142993 0.117793 0.144165 0.164334 0.167043 0.115127 0.218264 0.151540 0.173813 0.110607 0.171498 0.153305 0.138341 0.119101 0.118795 0.111626 0.088959 0.165518 0.091535 0.123286 0.104234 0.117154 0.106003 0.133120 0.121937 0.107385 0.157283 0.166798 0.124208 0.151204 0.138030 0.081027 0.109288 0.083329 0.164785 0.100797 0.115810 0.071779 0.067729 0.079761 0.093437 0.168800 0.198757 0.111020 0.143532 0.097272 0.101997 0.088053 0.087468 0.186327 0.115789 0.152545 0.158940 0.125389 0.134147 0.198433 0.177394 
0.132871 0.126163 0.273413 0.258342 0.108082 0.122230 0.037349 0.062596 0.000000 0.072984 0.059433 0.092895 0.087257 0.106833 0.120198 0.081779 0.124317 0.151490 0.183190 0.135202 0.188398 0.159430 0.265233 0.285508 0.277104 0.299420 0.264157 0.269743 0.276168 0.257007 0.240088 0.228115 0.254494 0.249702 0.249055 0.273187 0.211270 0.260068 0.230475 0.143543 0.125574 0.112437 0.131918 0.140432 0.111431 0.096866 0.107938 0.144757 0.112506 0.130887 0.203024 0.149592 0.121906 0.153183 0.156892 0.196960 0.286453 0.180573 0.354751 0.273481 0.310467 0.140681 0.279493 0.284862 0.317632 0.301416 0.244884 0.294686 0.098414 0.147394 0.105883 0.117002 0.111591 0.093785 0.256556 0.218980 0.277523 0.250995 0.218354 0.192621 0.193481 0.173874 0.140958 0.166612 0.472865 0.431091 0.184512 0.208078 0.293678 0.156293 0.492289 0.351977 0.548808 0.187692 0.483720 0.336624 0.131303 0.112733 0.148148 0.113668 0.140605 0.120010 0.140315 0.128854 0.116798 0.117681 0.114339 0.112188 0.115120 0.121425 0.130287 0.138252 0.139929 0.111798 0.131578 0.115406 0.107683 0.090351 0.149784 0.144644 0.118332 0.108931 0.131487 0.148495 0.118025 0.113633 0.118986 0.129454 0.118754 0.145307 0.147034 0.137593 0.152032 0.119104 0.141104 0.148458 0.125499 0.134510 0.159409 0.137005 0.129440 0.188872 0.084897 0.114718 0.191696 0.079029 0.141895 0.107755 0.120994 0.309052 0.110160 0.087708 0.129046 0.105912 0.218541 0.091095 0.084621 0.076727 0.074885 0.099059 0.114957 0.090769 0.100710 0.085523 0.101743 0.186824 0.270907 0.211435 0.244691 0.256304 0.254048 0.290641 0.296529 0.143626 0.158205 0.184347 0.128440 0.135436 0.152975 0.171440 0.143253 0.114506 0.140237 0.169639 0.159613 0.107801 0.219768 0.158292 0.168741 0.104994 0.167654 0.128156 0.133372 0.119934 0.114518 0.120859 0.110225 0.155704 0.096438 0.116367 0.092534 0.139052 0.094774 0.125134 0.120209 0.113909 0.166845 0.165744 0.133681 0.153577 0.147568 0.064257 0.091578 0.068240 0.181750 0.109412 0.134345 0.075980 0.060169 0.076642 0.092531 0.170761 0.216952 0.112002 0.149715 0.104260 0.101946 0.103438 0.096879 0.202984 0.124873 0.161472 0.157469 0.133922 0.131629 0.204997 0.198998 
0.139530 0.140410 0.268855 0.224203 0.095188 0.100555 0.054229 0.106457 0.072984 0.000000 0.081320 0.075959 0.075270 0.142174 0.105132 0.089634 0.100378 0.181574 0.181611 0.134363 0.137516 0.190886 0.252127 0.283319 0.262295 0.287927 0.255885 0.273426 0.252330 0.260536 0.228117 0.225995 0.240289 0.208839 0.246473 0.269710 0.237185 0.287697 0.256196 0.158320 0.097844 0.131580 0.147029 0.147935 0.120716 0.110681 0.114754 0.185981 0.135163 0.157866 0.248568 0.149346 0.166447 0.166135 0.153454 0.228970 0.315219 0.214635 0.374295 0.299511 0.342099 0.152603 0.303651 0.283717 0.335224 0.324194 0.290615 0.333906 0.126098 0.153437 0.131414 0.096844 0.136255 0.118381 0.298546 0.262901 0.314541 0.291326 0.236768 0.211311 0.233040 0.206336 0.160672 0.184808 0.505970 0.419346 0.173641 0.183660 0.283468 0.154868 0.529736 0.345318 0.534895 0.205919 0.491148 0.331451 0.086957 0.127660 0.152945 0.131061 0.122636 0.133443 0.114150 0.132759 0.135549 0.137003 0.133864 0.135300 0.135968 0.132944 0.149875 0.142543 0.151957 0.147437 0.142647 0.137024 0.096307 0.081143 0.130851 0.113497 0.115654 0.105924 0.122350 0.161982 0.133836 0.128451 0.145576 0.143307 0.115812 0.152288 0.163749 0.142214 0.158923 0.126543 0.148355 0.152886 0.132968 0.146754 0.174709 0.155545 0.136800 0.184096 0.097384 0.107763 0.193625 0.078079 0.163790 0.118062 0.132018 0.300330 0.079259 0.077560 0.136898 0.121317 0.211017 0.098817 0.073352 0.101419 0.089842 0.085891 0.126199 0.089864 0.095122 0.073342 0.089739 0.202482 0.299175 0.247726 0.279971 0.284509 0.288675 0.320759 0.310896 0.143325 0.198627 0.223293 0.169889 0.183060 0.202253 0.213054 0.186493 0.120470 0.152840 0.171230 0.147567 0.103960 0.222035 0.209327 0.143586 0.124523 0.158780 0.162527 0.178473 0.155066 0.137408 0.162152 0.140374 0.168468 0.128972 0.143370 0.062422 0.155232 0.111572 0.137117 0.154457 0.138399 0.197467 0.198040 0.161411 0.172503 0.177593 0.075103 0.070169 0.074404 0.158089 0.136420 0.162804 0.100505 0.089274 0.106558 0.113679 0.154724 0.218333 0.145251 0.194788 0.147472 0.102221 0.126407 0.113427 0.226759 0.141336 0.155950 0.184996 0.141429 0.141746 0.215935 0.189372 
0.124520 0.119257 0.269337 0.246278 0.123451 0.148055 0.045161 0.059792 0.059433 0.081320 0.000000 0.122919 0.100179 0.114217 0.107079 0.062887 0.136057 0.151682 0.178952 0.144351 0.191725 0.156801 0.286756 0.300977 0.301711 0.322538 0.286064 0.294321 0.302567 0.279183 0.259977 0.250675 0.268837 0.269338 0.272003 0.298341 0.244602 0.294023 0.263007 0.174319 0.152690 0.140954 0.171129 0.179985 0.139225 0.125781 0.130459 0.154960 0.120404 0.145575 0.235833 0.153798 0.152810 0.161091 0.155734 0.211369 0.291085 0.191755 0.359464 0.287015 0.311339 0.169355 0.285673 0.288284 0.315687 0.306537 0.254912 0.302822 0.110360 0.151735 0.113892 0.108566 0.106602 0.091880 0.271944 0.243173 0.293110 0.264317 0.219608 0.197745 0.200138 0.186143 0.145097 0.168062 0.472789 0.412485 0.198997 0.223059 0.295810 0.149205 0.480595 0.347673 0.538980 0.202741 0.479496 0.327829 0.141313 0.132647 0.169694 0.139220 0.159645 0.130378 0.165221 0.149366 0.143316 0.147628 0.143400 0.143285 0.139609 0.137903 0.156821 0.146061 0.147399 0.124138 0.143856 0.131648 0.111395 0.084060 0.158360 0.139822 0.142516 0.135106 0.156291 0.177996 0.150722 0.149249 0.154130 0.167214 0.144315 0.173494 0.185525 0.172322 0.180246 0.147310 0.169602 0.179204 0.155887 0.173117 0.190903 0.169004 0.161333 0.192820 0.104153 0.133402 0.185253 0.100400 0.146253 0.129800 0.123093 0.302705 0.137273 0.105974 0.124376 0.112228 0.217743 0.117362 0.096867 0.082950 0.072340 0.105624 0.124284 0.102369 0.110754 0.099558 0.111132 0.192482 0.276663 0.232749 0.260658 0.271326 0.262344 0.302066 0.299651 0.148590 0.169487 0.207396 0.155395 0.161815 0.177478 0.195365 0.166850 0.128073 0.148699 0.165165 0.163724 0.100070 0.212268 0.174167 0.169028 0.119099 0.169861 0.137037 0.145911 0.124013 0.126799 0.133269 0.117373 0.151842 0.105250 0.129838 0.093858 0.137785 0.109494 0.134847 0.126844 0.108662 0.176844 0.180326 0.149682 0.164905 0.164406 0.079434 0.104334 0.069691 0.173567 0.113499 0.127305 0.087301 0.084165 0.090997 0.094254 0.170121 0.194151 0.110205 0.144493 0.100792 0.103601 0.104957 0.115923 0.197855 0.117237 0.157470 0.161247 0.130221 0.146213 0.186095 0.194210 
0.154292 0.135997 0.242155 0.238144 0.076504 0.070388 0.094817 0.129402 0.092895 0.075959 0.122919 0.000000 0.078789 0.142225 0.073867 0.113903 0.079795 0.214098 0.231591 0.092127 0.167856 0.220750 0.216063 0.241998 0.216452 0.250075 0.208676 0.224943 0.217201 0.200351 0.189800 0.176411 0.207031 0.182451 0.200701 0.218199 0.184400 0.241212 0.201031 0.114582 0.061711 0.087148 0.086143 0.085060 0.054800 0.053716 0.064860 0.172151 0.143775 0.128534 0.229361 0.168170 0.140495 0.192276 0.147131 0.200101 0.283780 0.188014 0.327911 0.265608 0.303772 0.095932 0.270017 0.249485 0.301264 0.296241 0.276251 0.307181 0.119656 0.135861 0.121498 0.085927 0.127517 0.106247 0.276675 0.247079 0.276939 0.261603 0.203013 0.175563 0.203487 0.176059 0.131382 0.142682 0.522840 0.450325 0.198354 0.193641 0.294616 0.180488 0.560661 0.358679 0.579743 0.203381 0.483171 0.349741 0.075719 0.103667 0.091871 0.091455 0.073999 0.101285 0.076568 0.069800 0.082023 0.077869 0.077394 0.079883 0.085414 0.100243 0.099723 0.118519 0.124190 0.151606 0.118455 0.109607 0.079980 0.089426 0.118680 0.102699 0.068085 0.065080 0.074166 0.124371 0.081633 0.074396 0.101440 0.093229 0.065640 0.106493 0.113721 0.081954 0.115735 0.078459 0.099884 0.102348 0.083809 0.102414 0.126420 0.105177 0.093265 0.191694 0.084977 0.092713 0.201979 0.048363 0.154940 0.088175 0.113014 0.329834 0.071359 0.053876 0.134947 0.092097 0.237744 0.067420 0.063037 0.112075 0.090952 0.111025 0.126891 0.083633 0.073850 0.054220 0.082585 0.213995 0.271849 0.218544 0.255690 0.256214 0.253606 0.288550 0.270484 0.145817 0.187935 0.218856 0.157460 0.177236 0.200122 0.200035 0.173435 0.118633 0.135121 0.151984 0.155026 0.109427 0.221272 0.202634 0.135213 0.125185 0.125358 0.170243 0.181855 0.156606 0.116236 0.162612 0.148654 0.159571 0.124422 0.119149 0.090796 0.147156 0.092354 0.133387 0.154636 0.124530 0.169210 0.169508 0.142010 0.151214 0.179409 0.085926 0.082170 0.103671 0.145368 0.124744 0.148087 0.119367 0.109401 0.106167 0.119941 0.167650 0.259718 0.172606 0.215565 0.165537 0.102078 0.116843 0.107108 0.226970 0.147255 0.124294 0.197608 0.117678 0.110059 0.251493 0.208508 
0.157314 0.146671 0.270669 0.245518 0.098853 0.105785 0.071952 0.109701 0.087257 0.075270 0.100179 0.078789 0.000000 0.161252 0.112641 0.118947 0.107157 0.171568 0.183585 0.133019 0.156093 0.177247 0.242587 0.265291 0.257851 0.285320 0.240345 0.263203 0.256404 0.240911 0.222632 0.204691 0.237996 0.211655 0.237207 0.259140 0.234714 0.291856 0.244248 0.171412 0.107052 0.138255 0.141796 0.143161 0.105120 0.116261 0.114161 0.170471 0.116049 0.146609 0.225890 0.139886 0.135201 0.166387 0.133858 0.196056 0.290336 0.181273 0.353811 0.271376 0.320464 0.150551 0.266604 0.272543 0.310920 0.284867 0.251121 0.294328 0.121796 0.153183 0.127853 0.108036 0.143619 0.128762 0.274762 0.235261 0.295138 0.268738 0.231720 0.201171 0.216868 0.205546 0.156542 0.169052 0.512762 0.410046 0.174591 0.180752 0.267691 0.149529 0.521583 0.327903 0.533964 0.178941 0.510100 0.315491 0.101496 0.126928 0.138006 0.134827 0.114260 0.133761 0.106730 0.119785 0.133649 0.133512 0.124759 0.134005 0.132555 0.137141 0.153021 0.147636 0.140056 0.123091 0.129349 0.124139 0.094857 0.100378 0.138701 0.118290 0.126676 0.112785 0.129066 0.187276 0.145476 0.135725 0.164313 0.154464 0.125310 0.165306 0.178692 0.139429 0.171238 0.131765 0.158377 0.153329 0.144384 0.166983 0.188645 0.160748 0.152401 0.149230 0.098462 0.084583 0.183058 0.087357 0.137239 0.114220 0.118388 0.286972 0.093431 0.072718 0.129662 0.109808 0.187443 0.096104 0.072394 0.112678 0.105166 0.083570 0.116372 0.088068 0.082512 0.069548 0.118021 0.175656 0.285286 0.221542 0.249943 0.261305 0.263919 0.304215 0.291539 0.125888 0.173277 0.211823 0.148644 0.156492 0.176430 0.195330 0.172753 0.126128 0.151430 0.181844 0.169004 0.136823 0.257746 0.184571 0.160357 0.110636 0.159389 0.159081 0.164855 0.166442 0.123188 0.146078 0.136196 0.164748 0.123139 0.137594 0.087219 0.150641 0.109178 0.134503 0.136581 0.142833 0.186229 0.189493 0.143086 0.157171 0.175071 0.075720 0.092900 0.083402 0.175287 0.153356 0.174895 0.110384 0.100210 0.110778 0.138851 0.129371 0.205508 0.128951 0.172134 0.118312 0.112078 0.111603 0.093830 0.196930 0.115163 0.165450 0.199444 0.157525 0.146473 0.216056 0.176404 
0.139535 0.139501 0.245744 0.254281 0.143496 0.162032 0.118433 0.097473 0.106833 0.142174 0.114217 0.142225 0.161252 0.000000 0.135671 0.100014 0.151139 0.202077 0.245334 0.156075 0.235755 0.206767 0.295439 0.312547 0.309761 0.330375 0.294070 0.304947 0.312938 0.286329 0.274936 0.257202 0.280584 0.290908 0.281374 0.305500 0.248125 0.298005 0.266255 0.182953 0.162659 0.147335 0.171926 0.181654 0.145232 0.137708 0.133685 0.131709 0.190801 0.099780 0.242554 0.224766 0.146055 0.137530 0.156657 0.206875 0.243704 0.192166 0.303140 0.264969 0.272240 0.178674 0.276003 0.241630 0.287402 0.309302 0.252689 0.282906 0.111323 0.104941 0.126615 0.137998 0.099827 0.104933 0.200890 0.253409 0.202654 0.191840 0.202877 0.174630 0.133085 0.121870 0.149169 0.165275 0.398259 0.388403 0.155611 0.284337 0.266315 0.153199 0.451929 0.312726 0.514745 0.179076 0.484156 0.297650 0.173217 0.138268 0.178502 0.147934 0.172193 0.141005 0.172827 0.162273 0.148784 0.153644 0.149713 0.153246 0.147957 0.143580 0.168196 0.122299 0.109692 0.165732 0.113077 0.144402 0.135730 0.112788 0.161607 0.131337 0.155184 0.150160 0.166756 0.182729 0.157635 0.156281 0.156767 0.164912 0.155235 0.178015 0.186682 0.171719 0.183523 0.154119 0.172362 0.179814 0.159489 0.173796 0.193937 0.173808 0.159245 0.170137 0.087404 0.146265 0.170503 0.120298 0.140177 0.138228 0.136794 0.312485 0.165604 0.136148 0.142353 0.114228 0.213054 0.130632 0.127339 0.085987 0.098332 0.129557 0.133650 0.136277 0.129750 0.125642 0.122895 0.184156 0.221005 0.197777 0.236670 0.232077 0.200611 0.226251 0.238898 0.135132 0.144327 0.183128 0.142143 0.153929 0.185554 0.152410 0.114622 0.079929 0.072403 0.127102 0.095522 0.133027 0.237805 0.148179 0.177947 0.109587 0.146458 0.112473 0.128352 0.089486 0.105109 0.126016 0.120524 0.127441 0.096062 0.110337 0.152579 0.126996 0.111681 0.139572 0.139343 0.085670 0.110367 0.093854 0.125389 0.109359 0.138013 0.116075 0.123908 0.113080 0.161823 0.057960 0.070106 0.109412 0.119166 0.096963 0.084948 0.223122 0.184334 0.128254 0.136909 0.112140 0.113338 0.117131 0.111565 0.168012 0.170047 0.173510 0.091529 0.151469 0.149661 0.206437 0.216452 
0.144395 0.131939 0.236824 0.249119 0.075087 0.084316 0.116463 0.110930 0.120198 0.105132 0.107079 0.073867 0.112641 0.135671 0.000000 0.109729 0.083991 0.242434 0.254805 0.069175 0.201359 0.247316 0.219444 0.227787 0.226465 0.259087 0.218877 0.242601 0.235736 0.207469 0.197208 0.186048 0.203989 0.200405 0.213793 0.233545 0.196671 0.261270 0.211848 0.138591 0.108073 0.104115 0.109021 0.105579 0.097112 0.085214 0.085090 0.147779 0.161077 0.126103 0.221088 0.163262 0.130225 0.204222 0.147315 0.165969 0.251530 0.153683 0.300212 0.246597 0.273535 0.089403 0.238026 0.221275 0.256205 0.268046 0.252132 0.275502 0.107735 0.120536 0.105015 0.072254 0.125188 0.100146 0.246492 0.228956 0.258846 0.234692 0.173947 0.148333 0.177978 0.160711 0.125844 0.122761 0.516220 0.438240 0.220262 0.195558 0.289353 0.183438 0.572614 0.356392 0.597755 0.199589 0.491537 0.334879 0.122456 0.107000 0.111333 0.116994 0.097142 0.095526 0.107028 0.092068 0.099383 0.096523 0.103187 0.107067 0.095000 0.096272 0.109507 0.110162 0.122925 0.146607 0.126639 0.110858 0.084271 0.088312 0.110838 0.101485 0.074751 0.079832 0.070812 0.132351 0.086105 0.093982 0.114218 0.110525 0.078714 0.115537 0.128007 0.096742 0.107842 0.085720 0.098704 0.110741 0.093240 0.114352 0.143918 0.110384 0.100792 0.197586 0.099388 0.107903 0.204240 0.071934 0.162020 0.125835 0.116675 0.329534 0.096938 0.085404 0.137298 0.100233 0.256157 0.116674 0.101273 0.130819 0.083091 0.119021 0.139388 0.112345 0.097458 0.088075 0.095347 0.228338 0.262322 0.219769 0.248299 0.259049 0.237861 0.286104 0.262095 0.151077 0.178016 0.223151 0.184356 0.192043 0.214189 0.209937 0.175978 0.125260 0.141806 0.137087 0.163710 0.111464 0.217657 0.195989 0.108878 0.137880 0.110014 0.174735 0.183941 0.151172 0.118519 0.155523 0.134567 0.159001 0.115462 0.121176 0.119554 0.142280 0.101484 0.129399 0.146722 0.123135 0.167741 0.170629 0.148605 0.168281 0.175433 0.107167 0.109586 0.123750 0.107147 0.118345 0.111747 0.132348 0.137266 0.123312 0.128735 0.176541 0.260959 0.184740 0.226165 0.174771 0.109403 0.123926 0.111127 0.229330 0.159961 0.080449 0.199980 0.071043 0.082880 0.251027 0.201777 
0.129857 0.097813 0.261627 0.211763 0.118052 0.135826 0.076078 0.060005 0.081779 0.089634 0.062887 0.113903 0.118947 0.100014 0.109729 0.000000 0.121118 0.171105 0.199559 0.139835 0.193079 0.182562 0.283013 0.297594 0.299921 0.320261 0.289490 0.292780 0.295993 0.283536 0.258087 0.254090 0.268113 0.259552 0.272296 0.297372 0.242386 0.292458 0.263205 0.173313 0.148004 0.140732 0.162921 0.170565 0.136391 0.127023 0.121232 0.154450 0.154493 0.143592 0.247196 0.187624 0.154512 0.142795 0.140296 0.215282 0.280465 0.193572 0.340888 0.280171 0.296347 0.172316 0.280801 0.270125 0.293214 0.306791 0.269658 0.308741 0.129193 0.131442 0.120537 0.075524 0.084858 0.072762 0.272549 0.258220 0.284409 0.260655 0.210921 0.191020 0.199488 0.185800 0.126444 0.162308 0.436736 0.429837 0.203589 0.244774 0.296077 0.176243 0.482795 0.359046 0.555435 0.217212 0.445934 0.333304 0.133466 0.129324 0.172867 0.142597 0.159964 0.129316 0.159834 0.151013 0.142262 0.146865 0.143239 0.146841 0.140663 0.136381 0.159596 0.154227 0.143030 0.149484 0.149665 0.136415 0.115566 0.086568 0.155941 0.135788 0.141506 0.134483 0.149195 0.177373 0.147512 0.147948 0.145557 0.158797 0.140654 0.176909 0.185360 0.167666 0.177612 0.145310 0.161450 0.172630 0.146477 0.165970 0.189285 0.168395 0.149163 0.200665 0.092888 0.122710 0.162884 0.095037 0.146823 0.126803 0.106113 0.302037 0.129510 0.107900 0.102360 0.098583 0.212660 0.108779 0.090622 0.091293 0.073550 0.101433 0.120517 0.100809 0.106527 0.096410 0.101413 0.171318 0.271337 0.226506 0.259305 0.266218 0.254404 0.296607 0.302066 0.136667 0.162104 0.212121 0.160277 0.170368 0.192583 0.196103 0.160355 0.116421 0.136270 0.158363 0.153912 0.104576 0.200772 0.190592 0.160115 0.121406 0.170813 0.169650 0.165119 0.137679 0.134699 0.139893 0.126592 0.162187 0.112067 0.131841 0.105002 0.130997 0.118046 0.149970 0.149787 0.102988 0.155097 0.167129 0.144754 0.155321 0.163023 0.090303 0.087175 0.072125 0.160708 0.101526 0.121230 0.088370 0.082905 0.081630 0.085606 0.181711 0.214847 0.131833 0.170436 0.123474 0.085835 0.090382 0.119704 0.206262 0.143508 0.159884 0.159198 0.131926 0.145601 0.188235 0.186142 
0.168612 0.164780 0.257768 0.255757 0.080417 0.068422 0.117334 0.134534 0.124317 0.100378 0.136057 0.079795 0.107157 0.151139 0.083991 0.121118 0.000000 0.233784 0.246397 0.065461 0.181331 0.239981 0.196315 0.200680 0.225752 0.257729 0.197235 0.208019 0.251850 0.185653 0.184185 0.168715 0.191862 0.214500 0.196503 0.207765 0.233950 0.292622 0.246993 0.163420 0.101779 0.141829 0.091445 0.085687 0.122402 0.118637 0.107862 0.192638 0.171430 0.150263 0.251665 0.181078 0.160251 0.201603 0.153396 0.190709 0.289090 0.187756 0.307008 0.260652 0.315230 0.114816 0.263315 0.258038 0.272871 0.314144 0.274451 0.316467 0.129476 0.142165 0.112491 0.087765 0.149796 0.138227 0.291253 0.253210 0.278985 0.277087 0.226346 0.195385 0.225508 0.201363 0.168694 0.176789 0.531647 0.403042 0.211401 0.147880 0.249682 0.192433 0.575187 0.344353 0.589323 0.176158 0.507684 0.350711 0.120644 0.134420 0.096063 0.144636 0.100869 0.130785 0.106835 0.092506 0.128219 0.127393 0.132866 0.142747 0.131876 0.129172 0.156383 0.135704 0.109305 0.170839 0.130978 0.123016 0.095405 0.106768 0.085810 0.091132 0.079732 0.073373 0.057919 0.149972 0.111740 0.108170 0.143253 0.110643 0.070670 0.125020 0.139169 0.083960 0.115166 0.085432 0.108725 0.097807 0.098370 0.131692 0.152389 0.127018 0.089699 0.206858 0.113128 0.099102 0.224289 0.090682 0.181342 0.141254 0.145269 0.333103 0.075090 0.086919 0.157679 0.126041 0.252454 0.121815 0.100756 0.150990 0.105229 0.117814 0.136482 0.112795 0.113112 0.098626 0.107818 0.231199 0.287480 0.241106 0.273183 0.258402 0.259837 0.314776 0.253565 0.150590 0.184967 0.247184 0.195319 0.207810 0.224132 0.233862 0.198679 0.132053 0.151588 0.156807 0.173442 0.145529 0.256051 0.210938 0.121123 0.136552 0.140471 0.181944 0.194860 0.169612 0.139851 0.169873 0.159089 0.175212 0.136226 0.145816 0.107465 0.157863 0.118930 0.144203 0.161561 0.142340 0.158827 0.178439 0.141019 0.154256 0.185692 0.110296 0.104718 0.124271 0.151154 0.147875 0.157143 0.154021 0.142478 0.143713 0.152445 0.176339 0.262691 0.181218 0.226921 0.178506 0.133351 0.149555 0.124053 0.238469 0.164915 0.087755 0.219896 0.122926 0.115673 0.255569 0.180518 
0.232687 0.227891 0.344225 0.315030 0.213631 0.229769 0.150392 0.161208 0.151490 0.181574 0.151682 0.214098 0.171568 0.202077 0.242434 0.171105 0.233784 0.000000 0.109116 0.241165 0.227689 0.064021 0.351451 0.370907 0.360259 0.381236 0.348553 0.355599 0.356551 0.342352 0.321288 0.315985 0.340420 0.315757 0.333405 0.358954 0.307958 0.349077 0.320714 0.259593 0.238872 0.234784 0.247741 0.253950 0.234927 0.227026 0.226546 0.205616 0.163203 0.204339 0.251546 0.166923 0.185090 0.171960 0.194799 0.260646 0.344316 0.233220 0.424484 0.331167 0.369737 0.259156 0.332836 0.351365 0.380196 0.346545 0.304514 0.334902 0.196829 0.215803 0.204502 0.227326 0.221741 0.215718 0.305810 0.238943 0.336486 0.303073 0.299268 0.278077 0.254482 0.252588 0.248897 0.267702 0.492914 0.360427 0.207268 0.254013 0.295988 0.198118 0.463478 0.334232 0.416680 0.224329 0.547448 0.320830 0.219461 0.226654 0.251025 0.232750 0.245399 0.237746 0.245424 0.236897 0.231031 0.237030 0.234114 0.237332 0.236380 0.239425 0.248327 0.236491 0.224282 0.169920 0.219947 0.219295 0.218837 0.200062 0.250614 0.240467 0.252921 0.243188 0.266081 0.284194 0.256521 0.252454 0.258042 0.267794 0.251054 0.277934 0.281203 0.268478 0.277712 0.252260 0.277813 0.284261 0.261787 0.275891 0.285763 0.269615 0.264291 0.197197 0.191426 0.191516 0.246565 0.204478 0.211559 0.231413 0.224500 0.284500 0.212831 0.197295 0.213891 0.211135 0.216039 0.215404 0.194227 0.181538 0.199308 0.197442 0.205860 0.195965 0.213261 0.196844 0.218865 0.239443 0.318509 0.254766 0.286900 0.294453 0.301363 0.340023 0.350506 0.189220 0.203838 0.216187 0.169381 0.170861 0.151514 0.200146 0.206051 0.203390 0.228938 0.263940 0.244180 0.230420 0.332405 0.202305 0.249215 0.195760 0.249727 0.192628 0.206204 0.210251 0.211638 0.209584 0.211910 0.212913 0.198220 0.219095 0.183690 0.230187 0.201232 0.222781 0.201803 0.198645 0.237944 0.234329 0.199900 0.216939 0.189479 0.176918 0.194249 0.159627 0.278589 0.210408 0.229008 0.170498 0.161641 0.183337 0.194141 0.189843 0.169875 0.134516 0.145571 0.141381 0.206781 0.190042 0.169535 0.195127 0.125773 0.272958 0.227878 0.258420 0.249814 0.201133 0.221100 
