243 243
0.000000 0.149916 0.110036 0.184495 0.181570 0.180409 0.188454 0.211222 0.196529 0.196411 0.186036 0.173641 0.300211 0.336499 0.201939 0.301331 0.349003 0.366113 0.402343 0.405392 0.411411 0.389711 0.402786 0.358647 0.394176 0.382344 0.357121 0.349264 0.337154 0.344563 0.373449 0.357402 0.362749 0.336612 0.397912 0.362335 0.419792 0.220613 0.222199 0.268554 0.236042 0.213706 0.246997 0.222537 0.200589 0.224043 0.242362 0.229556 0.365155 0.271992 0.278104 0.248657 0.221712 0.306272 0.340839 0.286218 0.350879 0.233512 0.357333 0.357587 0.338478 0.303916 0.341316 0.233749 0.208612 0.146060 0.188883 0.153483 0.178778 0.172601 0.349596 0.326969 0.227726 0.319785 0.366790 0.158694 0.280889 0.164831 0.163286 0.553684 0.230438 0.542197 0.358541 0.313952 0.292955 0.366914 0.605619 0.441097 0.681900 0.294757 0.354149 0.449263 0.416094 0.238969 0.197990 0.188666 0.252940 0.223801 0.245113 0.218553 0.231880 0.221338 0.231169 0.228429 0.208117 0.201516 0.195388 0.173570 0.190069 0.158056 0.178761 0.114435 0.206142 0.171766 0.230311 0.203976 0.245958 0.278568 0.230506 0.254282 0.261222 0.280901 0.255673 0.240324 0.264901 0.270293 0.257281 0.273743 0.242493 0.252751 0.262262 0.279935 0.258304 0.237016 0.250485 0.268335 0.250906 0.269692 0.170161 0.272101 0.174047 0.203582 0.193223 0.370386 0.213957 0.201332 0.261880 0.190210 0.200655 0.178021 0.294451 0.210642 0.199889 0.172993 0.142607 0.203061 0.142222 0.206939 0.205601 0.144645 0.186426 0.163462 0.167169 0.287702 0.200429 0.367614 0.326070 0.365577 0.371226 0.365855 0.364072 0.339732 0.390894 0.345384 0.293210 0.251042 0.240271 0.249375 0.233483 0.274606 0.283248 0.189971 0.195257 0.139766 0.186524 0.183393 0.207107 0.196146 0.142193 0.209604 0.161691 0.180973 0.170208 0.173980 0.143685 0.198167 0.158468 0.209682 0.138204 0.136719 0.128091 0.145471 0.227694 0.211343 0.236477 0.215396 0.236052 0.260870 0.191169 0.193324 0.143736 0.167921 0.185599 0.158429 0.168848 0.162539 0.186850 0.218243 0.191936 0.236618 0.214132 0.219067 0.265574 0.203360 0.263885 0.160749 0.190937 0.206385 0.155178 0.161299 0.194612 0.247280 0.217325 0.207014 0.220624 0.220584 0.199832 0.144896 0.139066 0.200476 0.211869 0.294302 0.265571 
0.149916 0.000000 0.149300 0.160612 0.182761 0.162552 0.173173 0.206045 0.177261 0.180329 0.189166 0.166403 0.276241 0.324507 0.194492 0.297264 0.336772 0.371568 0.399541 0.391020 0.422291 0.370718 0.383721 0.349034 0.392951 0.364491 0.339521 0.329012 0.336368 0.360757 0.353555 0.358193 0.355618 0.319531 0.382901 0.342173 0.416513 0.202692 0.202872 0.231546 0.193563 0.203811 0.248301 0.202072 0.176297 0.201557 0.236467 0.147522 0.324414 0.275564 0.288516 0.220029 0.243499 0.274122 0.342877 0.266667 0.352447 0.223231 0.382947 0.279961 0.390718 0.337751 0.347682 0.205284 0.249006 0.131709 0.155185 0.161068 0.182442 0.162391 0.270453 0.288595 0.188821 0.252708 0.353736 0.226333 0.184574 0.181830 0.199897 0.547718 0.203874 0.525237 0.335134 0.238189 0.287759 0.366320 0.603834 0.433405 0.670722 0.272848 0.316149 0.431107 0.414437 0.217734 0.184774 0.194289 0.223897 0.209290 0.215516 0.201062 0.202083 0.195163 0.210089 0.209143 0.202697 0.200613 0.131756 0.125998 0.155245 0.133682 0.146195 0.119516 0.178521 0.148605 0.209049 0.180034 0.230130 0.256736 0.215526 0.229367 0.220890 0.247545 0.235031 0.237038 0.244086 0.253157 0.249522 0.261168 0.219023 0.239154 0.236887 0.253312 0.237934 0.217128 0.225902 0.245278 0.242379 0.244581 0.178157 0.261201 0.136013 0.183902 0.199620 0.409549 0.209986 0.185075 0.312694 0.186318 0.202331 0.169033 0.317036 0.188629 0.209837 0.163184 0.110728 0.178897 0.151526 0.205482 0.202088 0.137942 0.167720 0.152398 0.150533 0.268535 0.202842 0.276230 0.263445 0.304199 0.279356 0.297684 0.281376 0.261324 0.282466 0.263765 0.229246 0.198048 0.190330 0.202687 0.159752 0.249952 0.206892 0.119525 0.112975 0.155317 0.159037 0.108314 0.190279 0.214329 0.150624 0.170031 0.177423 0.177122 0.096527 0.105068 0.172294 0.148267 0.123025 0.197155 0.178092 0.115591 0.170687 0.163582 0.148176 0.141122 0.143767 0.178709 0.152752 0.200749 0.195337 0.192761 0.147091 0.153796 0.153254 0.140778 0.206238 0.099314 0.143959 0.163998 0.187615 0.230027 0.191349 0.174537 0.206303 0.171000 0.204660 0.137892 0.174482 0.180476 0.150808 0.152946 0.161967 0.238777 0.210215 0.123206 0.201611 0.198881 0.169188 0.132659 0.118996 0.193743 0.192511 0.286674 0.253449 
0.110036 0.149300 0.000000 0.142221 0.125161 0.144492 0.148960 0.183778 0.150794 0.143349 0.149585 0.128361 0.302371 0.339844 0.196280 0.294538 0.333177 0.365382 0.373143 0.385838 0.411301 0.372272 0.374780 0.335911 0.390811 0.363584 0.329296 0.322311 0.319119 0.352338 0.363902 0.353868 0.336021 0.313205 0.372616 0.341393 0.407305 0.200961 0.171340 0.226829 0.198009 0.186915 0.228148 0.176640 0.168187 0.148715 0.236526 0.219927 0.348821 0.269803 0.283267 0.233148 0.210993 0.280657 0.341567 0.265665 0.351400 0.220964 0.369230 0.341016 0.361237 0.304172 0.362839 0.239231 0.197826 0.146220 0.161001 0.107691 0.116183 0.120397 0.338003 0.317764 0.217048 0.292201 0.350936 0.167515 0.262080 0.140874 0.147185 0.563626 0.205668 0.553205 0.344415 0.296660 0.298358 0.342350 0.632314 0.454579 0.706671 0.282247 0.328342 0.423527 0.446020 0.210351 0.171217 0.156329 0.226995 0.215815 0.212476 0.202287 0.214167 0.185128 0.193886 0.205070 0.183565 0.169779 0.164797 0.159025 0.171077 0.121905 0.140787 0.088601 0.177898 0.149233 0.174488 0.143254 0.181622 0.223910 0.179725 0.178091 0.220397 0.226865 0.193294 0.175089 0.216688 0.201059 0.187502 0.201561 0.194742 0.191252 0.202344 0.235207 0.197611 0.189662 0.207114 0.205775 0.176738 0.211679 0.165211 0.262691 0.125586 0.155554 0.138029 0.394504 0.185083 0.149519 0.273022 0.193055 0.168937 0.130709 0.308218 0.144833 0.142282 0.134383 0.104787 0.144928 0.085536 0.158689 0.162617 0.115424 0.135528 0.141925 0.139406 0.256573 0.166357 0.359750 0.304865 0.343341 0.360858 0.356679 0.344019 0.337507 0.379584 0.356263 0.279540 0.214659 0.206740 0.231205 0.210473 0.249782 0.263549 0.146492 0.159307 0.149250 0.158902 0.177645 0.216554 0.194404 0.134265 0.219706 0.148546 0.187847 0.167968 0.178436 0.137202 0.204790 0.146771 0.147733 0.115510 0.122158 0.138198 0.158881 0.212006 0.192526 0.216831 0.187025 0.210085 0.226391 0.133107 0.153127 0.110292 0.119850 0.143367 0.134397 0.148987 0.119880 0.163712 0.160858 0.192941 0.203306 0.209170 0.204416 0.254708 0.183012 0.244786 0.124722 0.140562 0.213346 0.143941 0.157174 0.165019 0.226884 0.186631 0.200478 0.167234 0.188776 0.182750 0.131109 0.115799 0.139177 0.168814 0.279229 0.246728 
0.184495 0.160612 0.142221 0.000000 0.108525 0.049998 0.068783 0.106741 0.118360 0.148935 0.154671 0.105424 0.198733 0.219152 0.180475 0.225645 0.311976 0.341528 0.373211 0.361046 0.393004 0.346842 0.352484 0.329346 0.354972 0.340627 0.311289 0.306971 0.302591 0.337924 0.315053 0.331533 0.338851 0.292146 0.351994 0.318672 0.383519 0.178317 0.165127 0.200039 0.156528 0.168011 0.200781 0.165740 0.141883 0.149975 0.135832 0.186204 0.283852 0.176293 0.179785 0.192746 0.195398 0.279361 0.385201 0.254234 0.416433 0.202656 0.439126 0.376920 0.406278 0.332443 0.392306 0.293640 0.258353 0.139260 0.147235 0.163886 0.139023 0.151916 0.346934 0.370089 0.273174 0.313143 0.279329 0.255905 0.266650 0.197345 0.232010 0.593220 0.123174 0.518167 0.227252 0.219662 0.333766 0.242259 0.604875 0.428827 0.662412 0.236393 0.250298 0.325607 0.410310 0.149105 0.162209 0.164544 0.202500 0.189642 0.185449 0.183897 0.184411 0.169399 0.178945 0.178375 0.176697 0.174767 0.189757 0.181462 0.166629 0.142285 0.162500 0.110228 0.184698 0.176175 0.148792 0.134949 0.166548 0.197447 0.165636 0.170712 0.188729 0.195957 0.184072 0.178949 0.190625 0.194691 0.196595 0.203593 0.174069 0.181908 0.184199 0.208823 0.186693 0.162659 0.190360 0.189350 0.172935 0.185747 0.129049 0.235222 0.121628 0.136040 0.169135 0.372035 0.153412 0.109676 0.304206 0.124017 0.169010 0.145683 0.269536 0.137941 0.150646 0.110030 0.111367 0.116679 0.110650 0.153762 0.131313 0.102388 0.143734 0.118918 0.131917 0.245485 0.140334 0.358042 0.291514 0.333587 0.352256 0.344564 0.351287 0.345992 0.381223 0.390688 0.252755 0.220471 0.180994 0.195226 0.213929 0.214339 0.238350 0.149748 0.190419 0.218076 0.151999 0.197263 0.225792 0.210229 0.144430 0.222511 0.204274 0.185003 0.175479 0.168949 0.171122 0.206678 0.174143 0.104278 0.189964 0.138751 0.171821 0.167369 0.187809 0.217454 0.222751 0.187060 0.208595 0.200856 0.106274 0.085634 0.090388 0.100269 0.107148 0.090399 0.224972 0.150269 0.191675 0.188899 0.244196 0.155148 0.165917 0.143900 0.194749 0.141357 0.161616 0.142461 0.161891 0.156495 0.121451 0.139145 0.134027 0.149873 0.204658 0.204814 0.170694 0.104875 0.149084 0.098730 0.132731 0.131160 0.139466 0.178473 0.155557 
0.181570 0.182761 0.125161 0.108525 0.000000 0.097416 0.147943 0.157232 0.160533 0.148255 0.142904 0.077808 0.215649 0.261644 0.186086 0.280845 0.338070 0.370544 0.377855 0.390523 0.417490 0.379199 0.387557 0.340780 0.395357 0.370728 0.340931 0.329402 0.332713 0.355673 0.363324 0.360528 0.342847 0.316680 0.376799 0.341857 0.408826 0.209712 0.176766 0.236476 0.215795 0.188523 0.241076 0.194831 0.180878 0.154071 0.192192 0.196048 0.284132 0.234975 0.231967 0.197951 0.184667 0.248075 0.353952 0.220901 0.389691 0.226455 0.394787 0.375290 0.378312 0.312270 0.386869 0.279727 0.256161 0.155032 0.144260 0.139614 0.125820 0.135384 0.317446 0.354383 0.247149 0.281644 0.311175 0.245297 0.250412 0.194520 0.221632 0.552911 0.142173 0.517062 0.268434 0.246687 0.302236 0.310893 0.606531 0.440074 0.694556 0.258207 0.258420 0.345187 0.415222 0.207143 0.179669 0.173073 0.235438 0.224880 0.224057 0.210828 0.220486 0.192552 0.204944 0.215290 0.190875 0.177449 0.188495 0.190583 0.179318 0.158804 0.168534 0.124384 0.206874 0.189021 0.188221 0.166441 0.191221 0.229534 0.192410 0.181787 0.228056 0.241832 0.214044 0.190478 0.225566 0.219518 0.200219 0.213563 0.201919 0.203255 0.222878 0.247296 0.205161 0.200885 0.209375 0.212229 0.194504 0.221910 0.177052 0.256633 0.135665 0.179858 0.158892 0.395360 0.213105 0.161290 0.288045 0.179271 0.160159 0.155267 0.287199 0.170352 0.160024 0.151184 0.130501 0.161161 0.088388 0.161489 0.147248 0.122696 0.160049 0.156736 0.171599 0.246217 0.167424 0.346365 0.278458 0.316378 0.338950 0.331322 0.332588 0.321136 0.378157 0.394210 0.245886 0.195500 0.181934 0.199584 0.211439 0.208676 0.229730 0.158197 0.196681 0.210564 0.150545 0.221714 0.210158 0.228044 0.153845 0.233199 0.165854 0.180921 0.161524 0.192054 0.153364 0.223131 0.180062 0.139735 0.152958 0.153430 0.188886 0.168470 0.199485 0.203295 0.221082 0.171111 0.205075 0.185752 0.139530 0.136507 0.128848 0.117306 0.154280 0.122588 0.212588 0.134403 0.152468 0.161978 0.215505 0.153084 0.165048 0.160646 0.195740 0.137972 0.184102 0.148909 0.133447 0.160774 0.155219 0.168681 0.125284 0.163474 0.195748 0.211931 0.174497 0.152265 0.145618 0.147475 0.154057 0.142486 0.180397 0.239739 0.237147 
0.180409 0.162552 0.144492 0.049998 0.097416 0.000000 0.094733 0.123873 0.111466 0.147284 0.161800 0.113084 0.197906 0.236070 0.170108 0.240520 0.298799 0.333812 0.366406 0.353154 0.383512 0.338473 0.344687 0.320269 0.351876 0.328982 0.305401 0.297067 0.298591 0.330903 0.318262 0.320240 0.322279 0.270406 0.326196 0.292216 0.359105 0.161699 0.149534 0.186297 0.159427 0.149849 0.179431 0.149917 0.125188 0.144344 0.150189 0.171375 0.261669 0.182221 0.193594 0.201401 0.206097 0.260875 0.368306 0.240305 0.401333 0.180063 0.417709 0.368726 0.397067 0.321254 0.394746 0.279718 0.256732 0.131548 0.139943 0.163535 0.157171 0.147946 0.326477 0.350235 0.252523 0.294442 0.291433 0.248834 0.250337 0.187515 0.221415 0.585953 0.135969 0.538450 0.237408 0.232363 0.325993 0.261210 0.613075 0.442682 0.681015 0.238746 0.262583 0.344615 0.422383 0.153273 0.148868 0.156418 0.194959 0.186382 0.185397 0.170866 0.168561 0.152949 0.156895 0.157676 0.159172 0.165152 0.181706 0.173375 0.157141 0.147933 0.158638 0.124256 0.189266 0.187363 0.146985 0.137438 0.149377 0.183548 0.146279 0.150082 0.180472 0.180711 0.172869 0.166413 0.185617 0.181567 0.182637 0.192526 0.153606 0.164908 0.169662 0.194491 0.173603 0.165607 0.168808 0.174265 0.160372 0.163432 0.130383 0.247539 0.114525 0.128386 0.167602 0.386746 0.141755 0.112761 0.293289 0.129860 0.171767 0.141005 0.283982 0.132976 0.139321 0.122727 0.104078 0.119195 0.108189 0.157080 0.133831 0.103966 0.149864 0.119180 0.125876 0.248350 0.164426 0.346875 0.272726 0.320909 0.337821 0.327449 0.337762 0.329409 0.370251 0.378435 0.240080 0.208050 0.168699 0.183019 0.199788 0.200783 0.224156 0.147805 0.184310 0.216513 0.157567 0.204572 0.207668 0.212529 0.136339 0.218056 0.195641 0.173570 0.158537 0.169452 0.159490 0.204137 0.161166 0.127384 0.187608 0.129281 0.166915 0.158717 0.190700 0.207171 0.208286 0.175713 0.198293 0.191870 0.134509 0.116941 0.099231 0.089906 0.118491 0.098469 0.235780 0.143347 0.181074 0.184758 0.240810 0.153792 0.171133 0.156805 0.200251 0.149015 0.167027 0.142297 0.151075 0.151790 0.144725 0.160129 0.131009 0.169607 0.207457 0.199729 0.169371 0.125167 0.158633 0.110052 0.143630 0.131401 0.141046 0.199065 0.184531 
0.188454 0.173173 0.148960 0.068783 0.147943 0.094733 0.000000 0.115083 0.115000 0.152081 0.143504 0.122341 0.239080 0.240549 0.174924 0.189160 0.297997 0.323051 0.368798 0.341862 0.375989 0.334535 0.350822 0.313707 0.328805 0.338351 0.296857 0.300149 0.285859 0.316188 0.276683 0.321941 0.345243 0.307068 0.365962 0.329718 0.394634 0.177690 0.177168 0.203841 0.129464 0.178438 0.195073 0.167482 0.147019 0.155644 0.179138 0.199966 0.313845 0.204601 0.199920 0.214377 0.207496 0.301966 0.405622 0.282296 0.438623 0.201613 0.469699 0.365436 0.427108 0.377833 0.388018 0.309453 0.258786 0.163462 0.171538 0.176993 0.133141 0.180637 0.379732 0.398211 0.300213 0.344328 0.320394 0.273815 0.297801 0.214774 0.247182 0.627169 0.128282 0.528867 0.234703 0.222700 0.369572 0.238758 0.656491 0.439153 0.669399 0.262808 0.250953 0.327307 0.420440 0.117482 0.173211 0.177375 0.203771 0.171392 0.161201 0.180792 0.190769 0.180904 0.186192 0.190107 0.189380 0.179162 0.198877 0.189153 0.180360 0.128884 0.152824 0.118182 0.170250 0.156771 0.147431 0.120870 0.174995 0.200246 0.166247 0.188121 0.185973 0.202457 0.183234 0.176535 0.196303 0.200516 0.192923 0.199306 0.182735 0.184215 0.182972 0.217048 0.197662 0.169489 0.198206 0.201620 0.172050 0.192521 0.116639 0.246019 0.131982 0.137898 0.185191 0.382843 0.152933 0.104116 0.336377 0.117941 0.178327 0.162224 0.280281 0.145476 0.150655 0.113675 0.132946 0.110942 0.126998 0.175247 0.139734 0.111777 0.147964 0.108841 0.140979 0.271188 0.161243 0.382665 0.318905 0.361769 0.382488 0.364539 0.379203 0.374315 0.405781 0.399677 0.282262 0.257992 0.218317 0.239852 0.246887 0.260567 0.272723 0.157524 0.201880 0.216355 0.152988 0.189023 0.270968 0.187518 0.164664 0.210142 0.232351 0.230571 0.203065 0.190514 0.211395 0.225388 0.188897 0.097947 0.210215 0.149231 0.178515 0.202696 0.186182 0.239327 0.251007 0.211606 0.222175 0.219159 0.109454 0.122598 0.088695 0.107869 0.096817 0.109958 0.208281 0.172993 0.213298 0.218642 0.277822 0.195875 0.194293 0.195913 0.256442 0.203097 0.222066 0.138089 0.183380 0.165856 0.135516 0.135180 0.153407 0.190033 0.198445 0.232267 0.183909 0.133074 0.197211 0.119243 0.156413 0.108913 0.133756 0.180445 0.139973 
0.211222 0.206045 0.183778 0.106741 0.157232 0.123873 0.115083 0.000000 0.119144 0.155529 0.156945 0.167240 0.223674 0.240131 0.176705 0.199850 0.267176 0.305958 0.339553 0.328274 0.364361 0.306824 0.338957 0.280072 0.327272 0.306966 0.284137 0.259613 0.257874 0.312611 0.271112 0.302933 0.332256 0.296646 0.365065 0.304151 0.387901 0.169329 0.175024 0.223861 0.142187 0.176776 0.188931 0.132074 0.159342 0.148181 0.154924 0.192981 0.290901 0.196167 0.188091 0.224704 0.183033 0.251256 0.370069 0.234452 0.410647 0.197346 0.425671 0.353756 0.371637 0.325677 0.352608 0.316439 0.275655 0.165970 0.173744 0.195480 0.149188 0.180620 0.345973 0.370610 0.272982 0.297393 0.289739 0.253215 0.275352 0.197754 0.212365 0.641392 0.145533 0.522916 0.232988 0.230707 0.372178 0.237244 0.654677 0.418029 0.668590 0.234810 0.237942 0.322058 0.404571 0.147950 0.173366 0.161077 0.180776 0.153863 0.138983 0.158979 0.196372 0.174283 0.174367 0.180404 0.177792 0.182652 0.180083 0.171384 0.160351 0.111930 0.148474 0.139270 0.183860 0.158353 0.169042 0.126337 0.171038 0.248799 0.192654 0.214601 0.216373 0.231320 0.177705 0.200236 0.221637 0.217505 0.212545 0.203195 0.201570 0.212926 0.223532 0.244198 0.215426 0.178409 0.204623 0.209457 0.200887 0.224183 0.136640 0.191008 0.127599 0.128060 0.150525 0.369060 0.166009 0.116094 0.262762 0.095599 0.173516 0.139035 0.240840 0.126961 0.197516 0.102039 0.148661 0.122546 0.146753 0.161834 0.124512 0.110323 0.109408 0.094890 0.133413 0.221913 0.183720 0.368628 0.280997 0.320330 0.361979 0.332102 0.341638 0.337179 0.384313 0.369889 0.274895 0.231017 0.189676 0.198952 0.239879 0.224354 0.249933 0.165896 0.194691 0.238812 0.135000 0.224431 0.242471 0.213192 0.146619 0.213907 0.217971 0.215548 0.222068 0.169144 0.195403 0.216607 0.182339 0.128157 0.201969 0.147965 0.182361 0.186541 0.201736 0.218601 0.241755 0.187992 0.206594 0.234375 0.153231 0.124609 0.130535 0.104046 0.130468 0.113908 0.236823 0.204927 0.237493 0.220657 0.285309 0.132338 0.177120 0.174199 0.222759 0.154163 0.202214 0.159491 0.154878 0.154231 0.112381 0.126454 0.124536 0.156972 0.222391 0.254527 0.187570 0.156617 0.184143 0.133405 0.158422 0.142088 0.139146 0.142189 0.134429 
0.196529 0.177261 0.150794 0.118360 0.160533 0.111466 0.115000 0.119144 0.000000 0.100543 0.111223 0.152307 0.271275 0.288387 0.120255 0.222332 0.237864 0.277256 0.319758 0.296641 0.334311 0.275277 0.293325 0.259387 0.304719 0.264493 0.258236 0.232102 0.247718 0.283785 0.270853 0.262126 0.294418 0.249216 0.312724 0.264713 0.340886 0.099182 0.099264 0.156563 0.099878 0.106594 0.130634 0.075320 0.072914 0.087102 0.190268 0.165067 0.290200 0.204304 0.227014 0.246306 0.201009 0.251186 0.354057 0.225166 0.381711 0.128797 0.422884 0.339420 0.387269 0.346853 0.388185 0.271605 0.228383 0.155571 0.152118 0.151055 0.139672 0.131152 0.349569 0.348535 0.251043 0.297490 0.331497 0.220318 0.254774 0.153928 0.181532 0.633268 0.171006 0.574944 0.276019 0.267491 0.365469 0.261818 0.690846 0.467279 0.731722 0.270544 0.295000 0.373036 0.454983 0.111699 0.121308 0.115608 0.130436 0.115469 0.123475 0.100835 0.114601 0.113478 0.110733 0.113630 0.110140 0.117524 0.161382 0.158229 0.143246 0.087856 0.130414 0.117697 0.166198 0.141785 0.100897 0.077070 0.102565 0.166950 0.110520 0.136134 0.141274 0.155129 0.120452 0.131981 0.146607 0.148676 0.145668 0.141420 0.133407 0.139535 0.142585 0.174554 0.151302 0.132959 0.145866 0.141416 0.129900 0.147920 0.089712 0.257730 0.110383 0.066785 0.125010 0.433949 0.112553 0.081992 0.287958 0.108974 0.164077 0.107686 0.301483 0.086063 0.124267 0.077383 0.119610 0.063125 0.105199 0.173160 0.094895 0.083457 0.081735 0.064684 0.091041 0.276042 0.177633 0.351158 0.283352 0.331225 0.339471 0.332186 0.339475 0.327958 0.368805 0.341377 0.282849 0.233810 0.198149 0.221795 0.222544 0.249297 0.252137 0.150690 0.162761 0.192263 0.144865 0.210259 0.251568 0.198768 0.161498 0.185425 0.204911 0.236850 0.201631 0.165636 0.200085 0.211730 0.162704 0.140876 0.192439 0.129339 0.170994 0.192902 0.208302 0.202321 0.217360 0.182294 0.189785 0.234227 0.179131 0.173259 0.106634 0.109831 0.118666 0.121423 0.202075 0.158307 0.193216 0.198480 0.256385 0.168345 0.187332 0.213077 0.259943 0.198724 0.223389 0.135598 0.139274 0.161749 0.134145 0.145243 0.131832 0.195755 0.159421 0.239511 0.134109 0.185534 0.221083 0.157504 0.169708 0.086470 0.053214 0.178350 0.155957 
0.196411 0.180329 0.143349 0.148935 0.148255 0.147284 0.152081 0.155529 0.100543 0.000000 0.078509 0.149102 0.292936 0.316641 0.073851 0.265085 0.259964 0.304818 0.295165 0.317210 0.359687 0.301873 0.320315 0.267424 0.330800 0.277922 0.280041 0.251868 0.267224 0.296832 0.282024 0.295209 0.285894 0.277070 0.340136 0.275145 0.361437 0.118522 0.136897 0.188307 0.155882 0.138601 0.134690 0.120508 0.113813 0.094287 0.216175 0.150925 0.284968 0.210616 0.221252 0.262491 0.210692 0.208393 0.316178 0.194423 0.349108 0.117819 0.383247 0.304016 0.373127 0.318058 0.378575 0.265162 0.234539 0.136422 0.118092 0.154876 0.097159 0.149451 0.313504 0.317908 0.215993 0.264269 0.304115 0.197506 0.228332 0.180056 0.184440 0.624765 0.189338 0.544734 0.282106 0.284789 0.366062 0.247191 0.695732 0.425392 0.751885 0.261921 0.277820 0.347149 0.436329 0.121216 0.154610 0.145273 0.145572 0.150172 0.157938 0.132272 0.153056 0.133323 0.141555 0.164727 0.142256 0.145629 0.134977 0.164073 0.125115 0.111037 0.117437 0.111011 0.144762 0.127902 0.089958 0.116810 0.094941 0.153876 0.102884 0.132492 0.126412 0.149490 0.101370 0.102523 0.121259 0.124147 0.108530 0.117546 0.120016 0.120764 0.140195 0.159588 0.129649 0.112188 0.107763 0.135374 0.099917 0.130215 0.137190 0.273110 0.139154 0.151906 0.129051 0.429266 0.197941 0.118176 0.294201 0.138015 0.193830 0.132677 0.332422 0.154225 0.159464 0.130309 0.157627 0.103899 0.103322 0.166120 0.140196 0.117847 0.127845 0.123489 0.150081 0.288687 0.186151 0.315079 0.256494 0.305720 0.305715 0.302519 0.293625 0.288840 0.341021 0.318586 0.274227 0.227579 0.220179 0.240310 0.241325 0.249666 0.250840 0.151570 0.176136 0.170960 0.123336 0.219207 0.242134 0.145433 0.159885 0.162834 0.193153 0.211161 0.192096 0.181962 0.191192 0.202216 0.170799 0.136167 0.168919 0.134481 0.167343 0.178995 0.214511 0.180467 0.186145 0.159465 0.196077 0.203695 0.175936 0.170723 0.139839 0.126736 0.136304 0.152568 0.179565 0.146501 0.153788 0.224495 0.264636 0.156328 0.201710 0.229384 0.270102 0.200996 0.244469 0.150323 0.141483 0.179910 0.137315 0.160988 0.142847 0.212537 0.104942 0.245459 0.098694 0.204732 0.239023 0.187865 0.185475 0.116359 0.123626 0.195419 0.193801 
0.186036 0.189166 0.149585 0.154671 0.142904 0.161800 0.143504 0.156945 0.111223 0.078509 0.000000 0.139708 0.311310 0.324882 0.098957 0.261806 0.251069 0.296107 0.298615 0.302670 0.344600 0.295783 0.327236 0.262312 0.318019 0.281411 0.264176 0.252201 0.259931 0.273648 0.273928 0.290300 0.278824 0.278141 0.339371 0.282369 0.359777 0.131320 0.143664 0.195996 0.157197 0.144205 0.158317 0.142138 0.126256 0.124604 0.215935 0.172545 0.292006 0.222265 0.216980 0.270153 0.198039 0.221289 0.328197 0.204717 0.361833 0.128697 0.396583 0.301597 0.361118 0.332521 0.361004 0.289532 0.255414 0.148133 0.140988 0.139734 0.099661 0.161300 0.314730 0.336388 0.235895 0.278759 0.325965 0.200295 0.237790 0.174546 0.175280 0.640554 0.192395 0.550104 0.278914 0.284523 0.383569 0.256987 0.714258 0.458076 0.748282 0.263006 0.273854 0.358130 0.428198 0.129686 0.149328 0.150018 0.164339 0.141929 0.154934 0.137937 0.164136 0.142950 0.143692 0.165739 0.138238 0.130971 0.165713 0.174776 0.159191 0.109546 0.128316 0.117092 0.148786 0.139726 0.108089 0.116024 0.128669 0.179694 0.120594 0.155446 0.159528 0.179009 0.137008 0.116179 0.146315 0.161694 0.133730 0.155085 0.143088 0.143396 0.164431 0.194150 0.143678 0.130385 0.146602 0.160351 0.135465 0.164106 0.125015 0.260616 0.137221 0.167258 0.161093 0.416906 0.206590 0.112325 0.306953 0.142816 0.178817 0.141237 0.337487 0.172476 0.167254 0.142867 0.175688 0.106201 0.110846 0.192254 0.161443 0.128862 0.145434 0.129040 0.167015 0.305102 0.203309 0.342723 0.289222 0.332108 0.337308 0.338679 0.324927 0.313428 0.371977 0.341121 0.291532 0.249337 0.244860 0.256728 0.252217 0.277786 0.276086 0.164701 0.192474 0.176439 0.127051 0.216654 0.258147 0.152911 0.185615 0.160214 0.211687 0.239413 0.201839 0.188096 0.203759 0.214713 0.174365 0.163170 0.189802 0.145030 0.177729 0.194199 0.211626 0.217842 0.225150 0.198995 0.227485 0.231223 0.163951 0.192955 0.144585 0.148449 0.153045 0.164401 0.144409 0.154687 0.144037 0.249267 0.277692 0.202433 0.217409 0.246510 0.293986 0.226043 0.267949 0.155026 0.177000 0.189305 0.148083 0.152705 0.149517 0.220149 0.113984 0.254274 0.115765 0.225313 0.252114 0.196361 0.190457 0.106952 0.142588 0.183196 0.184924 
0.173641 0.166403 0.128361 0.105424 0.077808 0.113084 0.122341 0.167240 0.152307 0.149102 0.139708 0.000000 0.222608 0.257070 0.176916 0.250497 0.338147 0.366848 0.383161 0.388105 0.415353 0.378897 0.381900 0.345683 0.383735 0.371324 0.333036 0.335559 0.327019 0.348856 0.339990 0.357903 0.352731 0.317427 0.375110 0.341825 0.406260 0.205491 0.184371 0.232962 0.200585 0.192132 0.227446 0.190340 0.174386 0.164828 0.207466 0.194911 0.323215 0.236471 0.243581 0.194103 0.185380 0.284514 0.363003 0.254575 0.388698 0.227545 0.410980 0.358465 0.406798 0.348872 0.401416 0.255264 0.222784 0.174652 0.159381 0.123336 0.102345 0.117579 0.349710 0.365005 0.252653 0.309202 0.338835 0.247235 0.262958 0.177655 0.221355 0.540490 0.155593 0.534295 0.282896 0.258750 0.284991 0.309056 0.603174 0.451934 0.691300 0.277710 0.283692 0.368344 0.419273 0.179470 0.180281 0.180021 0.234638 0.217031 0.217523 0.206577 0.218187 0.191832 0.202389 0.212860 0.198020 0.182517 0.187383 0.200517 0.187634 0.147003 0.161948 0.118827 0.199147 0.177858 0.181366 0.159296 0.191329 0.226591 0.188759 0.187539 0.230026 0.241284 0.218523 0.178609 0.223731 0.223384 0.206296 0.224561 0.201839 0.201727 0.217879 0.242812 0.211062 0.193187 0.216720 0.219285 0.188251 0.221060 0.156970 0.266602 0.127551 0.161660 0.152049 0.383287 0.190865 0.141821 0.291466 0.173840 0.139768 0.135281 0.280079 0.160150 0.156915 0.135034 0.129192 0.145816 0.101480 0.163555 0.145763 0.121572 0.160040 0.139097 0.154090 0.233998 0.133302 0.352175 0.295261 0.343509 0.353758 0.345890 0.345241 0.332915 0.384134 0.391422 0.279699 0.226358 0.215005 0.232399 0.225000 0.250241 0.260031 0.154292 0.182670 0.199304 0.149214 0.202533 0.250568 0.207575 0.160633 0.228594 0.184595 0.209152 0.179420 0.189764 0.180811 0.214864 0.184404 0.144017 0.172735 0.163426 0.204235 0.196246 0.193260 0.198129 0.215860 0.189346 0.204961 0.209206 0.140476 0.142650 0.109267 0.127723 0.123714 0.104428 0.204688 0.131887 0.155139 0.155235 0.190720 0.183783 0.182748 0.178230 0.222021 0.167781 0.205116 0.123039 0.135716 0.196130 0.143358 0.146117 0.160649 0.192088 0.200992 0.209526 0.188205 0.153928 0.157943 0.135108 0.137119 0.125740 0.167853 0.248637 0.226656 
0.300211 0.276241 0.302371 0.198733 0.215649 0.197906 0.239080 0.223674 0.271275 0.292936 0.311310 0.222608 0.000000 0.135005 0.294636 0.271984 0.385498 0.415295 0.454682 0.434420 0.462537 0.422287 0.432191 0.404961 0.430644 0.414815 0.384108 0.385928 0.392654 0.419882 0.381109 0.404506 0.418232 0.367574 0.417403 0.385090 0.448340 0.298184 0.295754 0.323473 0.297308 0.296906 0.313743 0.303261 0.290810 0.290228 0.203107 0.254735 0.304603 0.221938 0.205882 0.215069 0.233540 0.322753 0.420125 0.287021 0.455665 0.319526 0.458209 0.430704 0.434095 0.377420 0.423059 0.340024 0.350228 0.249586 0.261077 0.302823 0.295301 0.280210 0.372756 0.404533 0.307951 0.339586 0.234167 0.337378 0.308111 0.311846 0.335013 0.595759 0.200810 0.443636 0.198753 0.254933 0.358514 0.305135 0.566058 0.410509 0.516923 0.271105 0.218159 0.252184 0.390843 0.286644 0.287435 0.289780 0.311303 0.306177 0.306248 0.295855 0.310757 0.285887 0.298259 0.309582 0.304323 0.307622 0.279896 0.275335 0.279486 0.271054 0.282012 0.261543 0.311454 0.299809 0.318892 0.292803 0.322357 0.357979 0.324086 0.327538 0.348406 0.348387 0.335359 0.335719 0.341661 0.353968 0.357408 0.365057 0.323829 0.339962 0.352458 0.353838 0.337201 0.316926 0.335661 0.342355 0.334942 0.343430 0.285647 0.243685 0.247854 0.281596 0.289151 0.350164 0.300927 0.267193 0.351025 0.233898 0.272704 0.267267 0.265011 0.287837 0.315978 0.257109 0.238945 0.276779 0.263010 0.268275 0.260595 0.243633 0.285935 0.254268 0.269574 0.297823 0.265265 0.391665 0.308777 0.357658 0.377881 0.357330 0.376958 0.367877 0.413371 0.426178 0.268826 0.256718 0.214302 0.216879 0.263993 0.189966 0.244390 0.261146 0.291514 0.331530 0.271123 0.309097 0.249406 0.303311 0.241652 0.308006 0.265864 0.249323 0.262325 0.262881 0.262601 0.263232 0.282256 0.244761 0.292983 0.255323 0.277321 0.253768 0.263253 0.281534 0.284131 0.250772 0.268142 0.241194 0.240786 0.171917 0.243749 0.231097 0.250949 0.207935 0.346330 0.273403 0.296122 0.248249 0.294864 0.238525 0.218443 0.180098 0.184500 0.187906 0.210111 0.278108 0.255244 0.231951 0.247545 0.256064 0.215362 0.161070 0.338971 0.281557 0.309451 0.164298 0.193171 0.196933 0.239760 0.281168 0.288921 0.238671 0.223490 
0.336499 0.324507 0.339844 0.219152 0.261644 0.236070 0.240549 0.240131 0.288387 0.316641 0.324882 0.257070 0.135005 0.000000 0.313306 0.196789 0.395541 0.428005 0.462750 0.431341 0.471186 0.428200 0.463768 0.408362 0.411557 0.433299 0.402334 0.399018 0.406696 0.430604 0.338082 0.426779 0.429690 0.393788 0.448548 0.416113 0.469048 0.325714 0.319706 0.354582 0.303194 0.323389 0.349994 0.330193 0.318780 0.325794 0.231329 0.307052 0.355894 0.254031 0.188293 0.265486 0.255840 0.345213 0.449052 0.324906 0.488712 0.335434 0.500278 0.450313 0.460090 0.404683 0.434532 0.382865 0.386649 0.292466 0.302090 0.338676 0.320791 0.315512 0.420776 0.449414 0.366641 0.383592 0.301984 0.374703 0.348899 0.353092 0.371893 0.656358 0.214058 0.436189 0.188028 0.259843 0.407113 0.257502 0.632107 0.426982 0.505355 0.297053 0.212155 0.227420 0.406747 0.281840 0.311245 0.311232 0.334030 0.310717 0.291782 0.321347 0.337053 0.318952 0.321538 0.334311 0.318045 0.323013 0.329761 0.315664 0.323188 0.291101 0.318226 0.281815 0.325337 0.300515 0.340323 0.304723 0.349330 0.385733 0.351224 0.354695 0.371464 0.378802 0.359560 0.362367 0.366669 0.381079 0.381699 0.385974 0.353104 0.367916 0.381767 0.383919 0.364719 0.329234 0.364624 0.370476 0.361691 0.373213 0.294686 0.246496 0.288264 0.310099 0.317709 0.363109 0.336736 0.278588 0.381240 0.254744 0.305974 0.308043 0.281239 0.319133 0.344754 0.273222 0.291341 0.295854 0.292835 0.305616 0.272779 0.270091 0.307046 0.272773 0.304593 0.329130 0.295505 0.434668 0.363947 0.406991 0.431205 0.410137 0.427121 0.416606 0.454508 0.465966 0.339260 0.317377 0.292585 0.293098 0.330583 0.278864 0.324105 0.304670 0.342366 0.382377 0.292278 0.343666 0.301495 0.309046 0.289236 0.334230 0.312168 0.306726 0.319368 0.304747 0.300753 0.303242 0.334781 0.243264 0.332895 0.303301 0.319433 0.291468 0.298316 0.335471 0.343449 0.309205 0.331068 0.313121 0.264529 0.195837 0.273174 0.269211 0.248982 0.227596 0.347207 0.327156 0.352334 0.310167 0.344153 0.270898 0.250799 0.239721 0.251329 0.240712 0.252952 0.311277 0.297933 0.273916 0.266533 0.270898 0.254757 0.207600 0.364972 0.335119 0.343580 0.209653 0.257626 0.254289 0.281320 0.304915 0.301408 0.235681 0.196676 
0.201939 0.194492 0.196280 0.180475 0.186086 0.170108 0.174924 0.176705 0.120255 0.073851 0.098957 0.176916 0.294636 0.313306 0.000000 0.252742 0.228079 0.264367 0.269959 0.280760 0.324964 0.262928 0.275382 0.231823 0.298661 0.236984 0.245321 0.223532 0.229397 0.257659 0.251884 0.252958 0.283084 0.275174 0.329499 0.261264 0.341686 0.095909 0.168448 0.186742 0.154913 0.158675 0.102176 0.148265 0.128041 0.126439 0.203378 0.146056 0.270569 0.191161 0.207738 0.269626 0.203058 0.187041 0.297950 0.183511 0.330988 0.104491 0.371456 0.293948 0.352371 0.315000 0.352442 0.278549 0.245676 0.141934 0.120043 0.185403 0.137536 0.186296 0.313425 0.315649 0.207946 0.269289 0.295954 0.200618 0.218704 0.183392 0.177713 0.630275 0.199158 0.517969 0.259699 0.291927 0.380316 0.223246 0.701752 0.422909 0.740992 0.236417 0.287843 0.319637 0.434579 0.100937 0.158878 0.162170 0.112074 0.134954 0.153949 0.101278 0.158616 0.145984 0.145107 0.168650 0.158380 0.159804 0.128996 0.152963 0.125351 0.123787 0.120430 0.152969 0.124069 0.129900 0.100575 0.148820 0.122186 0.170425 0.115373 0.169221 0.133295 0.154137 0.106674 0.135468 0.124473 0.137627 0.138880 0.133852 0.135848 0.142859 0.149658 0.164166 0.150041 0.115597 0.128581 0.154504 0.117927 0.137724 0.150835 0.274436 0.165125 0.175448 0.175997 0.432923 0.211496 0.138945 0.302719 0.144144 0.200627 0.158212 0.338953 0.191632 0.205953 0.172731 0.183357 0.131080 0.148202 0.196936 0.177819 0.145167 0.172017 0.144920 0.177161 0.308318 0.207145 0.300823 0.251318 0.294904 0.295999 0.281577 0.293019 0.274348 0.332340 0.291086 0.277689 0.243266 0.231976 0.248554 0.245449 0.265454 0.256709 0.175517 0.194607 0.186128 0.123486 0.230438 0.243215 0.139033 0.172189 0.139416 0.202528 0.230116 0.196337 0.180630 0.200421 0.202124 0.175216 0.184628 0.184668 0.140678 0.178914 0.181326 0.225220 0.200613 0.194821 0.173063 0.188299 0.217922 0.225927 0.213994 0.172703 0.165193 0.161954 0.180268 0.188555 0.179104 0.181378 0.247332 0.277324 0.194184 0.211857 0.239375 0.287357 0.230496 0.261632 0.180924 0.191149 0.180155 0.141551 0.147726 0.161622 0.217254 0.071027 0.253673 0.117349 0.230234 0.257272 0.200829 0.209421 0.148017 0.154651 0.171708 0.187707 
0.301331 0.297264 0.294538 0.225645 0.280845 0.240520 0.189160 0.199850 0.222332 0.265085 0.261806 0.250497 0.271984 0.196789 0.252742 0.000000 0.313229 0.328972 0.401330 0.326938 0.373121 0.330692 0.403031 0.339678 0.270821 0.361529 0.315768 0.311363 0.302632 0.350067 0.217698 0.350642 0.400463 0.359861 0.414892 0.369778 0.440793 0.249157 0.268484 0.303087 0.180165 0.255729 0.267380 0.256178 0.261327 0.261019 0.256735 0.293493 0.392480 0.268616 0.238760 0.300286 0.228607 0.351022 0.458773 0.334592 0.496902 0.274991 0.523627 0.425859 0.472885 0.440420 0.433538 0.370468 0.344410 0.269965 0.285740 0.298661 0.271145 0.281051 0.442323 0.457061 0.361498 0.399179 0.404637 0.336306 0.368117 0.296402 0.314947 0.699181 0.222910 0.523748 0.251029 0.289001 0.436658 0.202370 0.728012 0.489960 0.651111 0.308225 0.256762 0.309414 0.461639 0.214089 0.264595 0.257965 0.261487 0.197871 0.180942 0.243200 0.285943 0.268891 0.264998 0.278662 0.273843 0.277314 0.283620 0.270946 0.287960 0.233386 0.254953 0.236937 0.230758 0.239298 0.272241 0.212541 0.287555 0.342955 0.305637 0.308946 0.317467 0.325070 0.284751 0.305812 0.313726 0.319157 0.322735 0.322785 0.305063 0.318162 0.332631 0.338797 0.317028 0.273907 0.307750 0.317362 0.298890 0.321055 0.244557 0.257530 0.254814 0.250983 0.262020 0.398902 0.275951 0.204884 0.380672 0.197519 0.274923 0.259817 0.316099 0.254116 0.295036 0.215002 0.274471 0.239600 0.252262 0.283991 0.222256 0.230903 0.241611 0.203017 0.247267 0.327596 0.271920 0.453532 0.379687 0.425944 0.448171 0.429934 0.436432 0.434536 0.473245 0.442480 0.367633 0.317836 0.308129 0.304801 0.325673 0.335271 0.346149 0.276225 0.303279 0.344290 0.236798 0.312825 0.342130 0.263159 0.266632 0.275284 0.306026 0.312191 0.297289 0.273785 0.307613 0.283305 0.298406 0.209907 0.303682 0.262085 0.281971 0.297502 0.278073 0.317684 0.330614 0.301680 0.306991 0.339493 0.249283 0.221937 0.234758 0.229833 0.220236 0.208843 0.292402 0.315430 0.346374 0.320434 0.347411 0.273413 0.275855 0.277944 0.315420 0.266454 0.306222 0.289410 0.278762 0.266257 0.235467 0.206673 0.249645 0.262280 0.304712 0.336990 0.296172 0.263359 0.290381 0.245013 0.266979 0.245115 0.236714 0.216832 0.164482 
0.349003 0.336772 0.333177 0.311976 0.338070 0.298799 0.297997 0.267176 0.237864 0.259964 0.251069 0.338147 0.385498 0.395541 0.228079 0.313229 0.000000 0.108214 0.189287 0.117802 0.151255 0.127847 0.220001 0.144813 0.203745 0.095772 0.093561 0.098702 0.161285 0.143120 0.227214 0.106835 0.164784 0.114595 0.177310 0.155578 0.195189 0.200681 0.193890 0.155211 0.212364 0.189810 0.228351 0.232366 0.243331 0.254465 0.233382 0.284083 0.253636 0.270375 0.268163 0.399272 0.320840 0.257794 0.387160 0.252223 0.379174 0.187199 0.420565 0.337054 0.363630 0.343028 0.401248 0.406137 0.379740 0.314598 0.313901 0.333883 0.304078 0.326886 0.360322 0.372016 0.321163 0.301947 0.344377 0.301614 0.325988 0.267282 0.290638 0.737275 0.321478 0.614288 0.335220 0.395416 0.492911 0.301542 0.800149 0.546892 0.812243 0.336585 0.375593 0.405739 0.514493 0.235126 0.207151 0.221262 0.182325 0.178948 0.199861 0.182139 0.204538 0.183522 0.193607 0.219470 0.214392 0.193122 0.290894 0.284103 0.288911 0.250004 0.250171 0.302749 0.259015 0.278967 0.223435 0.223256 0.266562 0.289824 0.237981 0.240926 0.265101 0.256599 0.217242 0.283693 0.246833 0.273084 0.272157 0.280828 0.224108 0.246029 0.265559 0.291091 0.243939 0.239561 0.257883 0.241828 0.281568 0.277281 0.258829 0.342110 0.280601 0.256351 0.303569 0.494412 0.291608 0.231325 0.381094 0.239480 0.326909 0.285869 0.403673 0.264755 0.304168 0.271827 0.322360 0.229449 0.307331 0.355336 0.307986 0.278425 0.270228 0.238889 0.289534 0.392983 0.364338 0.410270 0.332112 0.364813 0.385092 0.388650 0.372251 0.362040 0.422177 0.384762 0.351624 0.316093 0.332872 0.301044 0.318632 0.341932 0.328916 0.311917 0.326601 0.348460 0.249785 0.357402 0.365366 0.298679 0.321855 0.283009 0.335636 0.360590 0.333099 0.320912 0.342262 0.329794 0.310327 0.314589 0.337853 0.285594 0.307687 0.329901 0.349888 0.353223 0.359720 0.336376 0.329144 0.388613 0.350201 0.348141 0.321851 0.295938 0.299824 0.319083 0.290174 0.348678 0.349209 0.392210 0.425997 0.348202 0.360777 0.378833 0.414568 0.365757 0.389355 0.332413 0.341696 0.297168 0.290342 0.273804 0.284112 0.325715 0.241030 0.371921 0.233465 0.377010 0.406083 0.335633 0.338552 0.280162 0.264379 0.230353 0.269264 
0.366113 0.371568 0.365382 0.341528 0.370544 0.333812 0.323051 0.305958 0.277256 0.304818 0.296107 0.366848 0.415295 0.428005 0.264367 0.328972 0.108214 0.000000 0.185120 0.106042 0.093865 0.100573 0.199640 0.128351 0.201272 0.114047 0.088826 0.110628 0.112497 0.084337 0.251173 0.092928 0.252714 0.199178 0.255783 0.241718 0.271272 0.256204 0.236646 0.205656 0.234450 0.244703 0.255219 0.288289 0.294999 0.298626 0.260413 0.328120 0.311994 0.296509 0.304084 0.433812 0.348588 0.308064 0.434896 0.303011 0.412901 0.249577 0.455990 0.372828 0.394892 0.377651 0.436380 0.440820 0.409951 0.352239 0.353697 0.372547 0.339619 0.363508 0.405297 0.400305 0.354046 0.338221 0.372881 0.337689 0.363497 0.298990 0.330147 0.756341 0.350715 0.630240 0.364998 0.419183 0.521081 0.304121 0.815059 0.573382 0.821984 0.359543 0.401693 0.424894 0.538589 0.272192 0.240046 0.233971 0.222627 0.215764 0.240618 0.226500 0.258286 0.224498 0.237750 0.268378 0.262350 0.239108 0.329074 0.318711 0.328202 0.282605 0.287197 0.338230 0.270780 0.314685 0.272679 0.269584 0.317317 0.345247 0.290746 0.292311 0.321525 0.309791 0.269095 0.339022 0.292149 0.327262 0.328665 0.331067 0.279782 0.303635 0.307813 0.343293 0.300459 0.290952 0.317655 0.297651 0.331102 0.323402 0.264444 0.372668 0.309537 0.295629 0.342355 0.515503 0.294692 0.267931 0.392482 0.279205 0.358251 0.316237 0.415785 0.303170 0.326005 0.312140 0.353768 0.265664 0.345072 0.390640 0.348899 0.317858 0.308138 0.275014 0.326959 0.406096 0.392443 0.448700 0.375701 0.405617 0.432958 0.416317 0.418642 0.404758 0.461910 0.420621 0.391896 0.352331 0.365597 0.333426 0.348647 0.377117 0.364947 0.344903 0.357091 0.362438 0.287965 0.366450 0.401821 0.317610 0.355310 0.298566 0.371221 0.395540 0.364771 0.357949 0.374646 0.366729 0.344282 0.349231 0.369713 0.321060 0.346314 0.367487 0.375472 0.389300 0.395142 0.372872 0.363652 0.423325 0.388217 0.379982 0.355034 0.328879 0.326114 0.351777 0.321903 0.381095 0.391107 0.420866 0.457932 0.393426 0.394242 0.407994 0.442124 0.402786 0.421549 0.361728 0.376618 0.318809 0.329076 0.310220 0.324172 0.357586 0.275601 0.402862 0.279555 0.405102 0.433822 0.363827 0.369504 0.317294 0.305832 0.269398 0.305550 
