241 241
0.000000 0.149492 0.109484 0.151651 0.215873 0.238679 0.205372 0.238647 0.183686 0.179344 0.186971 0.212848 0.196866 0.178792 0.241311 0.172384 0.214092 0.336040 0.200532 0.301479 0.350642 0.368015 0.368709 0.414336 0.391848 0.406014 0.360496 0.396187 0.358659 0.351913 0.346518 0.375636 0.359607 0.363498 0.338890 0.337151 0.398751 0.363683 0.420560 0.222258 0.267706 0.214243 0.227716 0.224397 0.200970 0.224443 0.229484 0.366008 0.271932 0.277745 0.342757 0.399947 0.329740 0.352871 0.362896 0.233542 0.360439 0.358596 0.258102 0.384001 0.341092 0.275173 0.305427 0.330968 0.153223 0.172458 0.168681 0.350982 0.328680 0.228968 0.321458 0.367408 0.172275 0.224961 0.165197 0.556788 0.228369 0.543938 0.265317 0.358763 0.293402 0.367693 0.444864 0.573751 0.449086 0.418114 0.237059 0.198053 0.195869 0.188880 0.253052 0.222754 0.224242 0.204837 0.245522 0.219242 0.232124 0.224684 0.229905 0.208522 0.236790 0.168190 0.195368 0.234558 0.173621 0.190807 0.159253 0.161739 0.114701 0.205880 0.171701 0.230409 0.222500 0.245727 0.235490 0.276177 0.229431 0.256864 0.230471 0.260000 0.279751 0.255105 0.259147 0.239222 0.263685 0.268552 0.225630 0.255498 0.272803 0.240936 0.241419 0.250725 0.260437 0.278265 0.257153 0.235950 0.249748 0.267813 0.248955 0.267901 0.170054 0.275070 0.173854 0.226767 0.215921 0.177562 0.197995 0.236414 0.195320 0.373026 0.214734 0.201180 0.267604 0.191321 0.201183 0.179728 0.297742 0.174354 0.175138 0.203182 0.207929 0.207609 0.165498 0.169577 0.217024 0.199831 0.368930 0.327814 0.367633 0.372612 0.365762 0.341589 0.392544 0.347846 0.202224 0.250771 0.260970 0.234223 0.275490 0.284320 0.233685 0.250895 0.188931 0.195058 0.138931 0.186007 0.182408 0.206938 0.195676 0.141710 0.219401 0.169143 0.174394 0.158195 0.142945 0.197961 0.144983 0.158384 0.207963 0.137133 0.136804 0.165013 0.227736 0.236037 0.214947 0.235117 0.258649 0.192668 0.144106 0.187981 0.198878 0.164141 0.186437 0.175314 0.173288 0.167308 0.217521 0.192332 0.297060 0.281818 0.218727 0.265825 0.203817 0.265941 0.161569 0.191574 0.206582 0.155679 0.161817 0.194725 0.253715 0.262722 0.247002 0.207217 0.221082 0.218918 0.198944 0.194631 0.195693 0.255897 0.295446 
0.149492 0.000000 0.147782 0.154217 0.274666 0.280081 0.196921 0.220310 0.159189 0.160824 0.172200 0.206554 0.176816 0.139121 0.207126 0.164972 0.210272 0.323553 0.192777 0.296708 0.337392 0.382385 0.373387 0.424488 0.371931 0.386130 0.349633 0.394132 0.340043 0.330250 0.337294 0.354751 0.359784 0.355852 0.321653 0.318940 0.382649 0.342187 0.416459 0.201332 0.229884 0.202697 0.237420 0.202295 0.175519 0.200350 0.147592 0.325077 0.274683 0.287228 0.343569 0.373471 0.361504 0.353526 0.417703 0.221638 0.384894 0.280953 0.261359 0.386795 0.391766 0.216491 0.338058 0.374227 0.160155 0.160848 0.165383 0.271226 0.289817 0.189355 0.253627 0.354207 0.243755 0.153503 0.200343 0.550582 0.202412 0.526720 0.271039 0.335235 0.287628 0.366602 0.436988 0.607582 0.430930 0.416163 0.216045 0.183491 0.199167 0.193505 0.222859 0.194006 0.207884 0.200505 0.214371 0.200096 0.200853 0.204384 0.208744 0.201037 0.198590 0.123340 0.130508 0.214770 0.125405 0.155375 0.133442 0.142051 0.118284 0.177236 0.147032 0.207536 0.207449 0.229055 0.222909 0.253744 0.214078 0.233053 0.199531 0.219528 0.245516 0.232817 0.250936 0.235988 0.242081 0.250191 0.200976 0.247080 0.259316 0.228927 0.216322 0.236315 0.234328 0.250591 0.235272 0.214811 0.223571 0.243204 0.240225 0.241277 0.177303 0.263581 0.135229 0.202791 0.233282 0.163865 0.189329 0.214532 0.200895 0.411895 0.210677 0.184068 0.317071 0.186618 0.203417 0.170258 0.319960 0.162311 0.152110 0.178009 0.205885 0.203070 0.152436 0.150963 0.200653 0.202152 0.277090 0.264026 0.305701 0.280349 0.282498 0.262835 0.283859 0.265575 0.189493 0.245971 0.199300 0.159964 0.249905 0.207885 0.166612 0.200905 0.117773 0.112632 0.155311 0.157633 0.107638 0.189796 0.213779 0.149599 0.145837 0.094549 0.105343 0.129258 0.170769 0.147771 0.128423 0.123408 0.193985 0.175711 0.115103 0.106691 0.147789 0.143273 0.177672 0.151888 0.199645 0.191319 0.146898 0.176714 0.187922 0.141086 0.137284 0.134432 0.139740 0.113409 0.163676 0.187589 0.304532 0.270678 0.174180 0.206299 0.171033 0.207051 0.139161 0.174189 0.180909 0.150036 0.151722 0.160816 0.238103 0.256609 0.237506 0.122746 0.200441 0.197541 0.167935 0.204721 0.201299 0.242535 0.287681 
0.109484 0.147782 0.000000 0.134560 0.231911 0.252362 0.177334 0.200450 0.141079 0.143233 0.147287 0.185177 0.150446 0.137296 0.238492 0.127008 0.169729 0.339438 0.195065 0.294537 0.334672 0.365093 0.368203 0.414824 0.374117 0.378199 0.337986 0.393471 0.331442 0.324774 0.337745 0.365899 0.356274 0.336921 0.310355 0.313651 0.373718 0.342292 0.408612 0.171244 0.225910 0.186583 0.222015 0.177341 0.167107 0.149289 0.219430 0.349849 0.270050 0.283097 0.343411 0.398146 0.338365 0.352900 0.374594 0.219911 0.372117 0.341442 0.235302 0.364484 0.362847 0.268776 0.305455 0.357812 0.106555 0.119697 0.117300 0.339502 0.319530 0.218567 0.293525 0.351751 0.199683 0.195636 0.147954 0.567440 0.204595 0.555096 0.264687 0.344853 0.299153 0.343842 0.459008 0.559309 0.423999 0.448211 0.209293 0.170709 0.210845 0.156243 0.226266 0.188090 0.214850 0.160958 0.212080 0.201590 0.212561 0.194691 0.204228 0.182772 0.198641 0.160354 0.164846 0.221647 0.158759 0.171236 0.122064 0.138531 0.087765 0.177419 0.148387 0.173841 0.165364 0.181322 0.187112 0.222001 0.178692 0.188289 0.171678 0.218603 0.225973 0.193273 0.197467 0.175072 0.215862 0.200056 0.172758 0.187023 0.201289 0.164321 0.193812 0.189751 0.200796 0.234164 0.197044 0.188693 0.206088 0.205331 0.175530 0.210076 0.165103 0.265646 0.126327 0.206821 0.209248 0.127299 0.200892 0.174105 0.140513 0.398144 0.185964 0.149345 0.277569 0.193095 0.169807 0.132671 0.311714 0.134488 0.132208 0.144421 0.160956 0.164428 0.142034 0.139956 0.135876 0.166446 0.361217 0.306521 0.344849 0.362415 0.346318 0.339287 0.380926 0.358130 0.187019 0.216316 0.247016 0.210807 0.251410 0.264767 0.201894 0.240274 0.146408 0.160265 0.149579 0.158702 0.177838 0.216076 0.194462 0.134443 0.208587 0.166693 0.178551 0.138715 0.136646 0.204438 0.118970 0.147155 0.146750 0.114944 0.121650 0.148494 0.211913 0.216763 0.187050 0.209624 0.225327 0.153390 0.109641 0.161433 0.174332 0.120328 0.125641 0.124851 0.111364 0.116633 0.161233 0.192868 0.276253 0.278861 0.204621 0.255177 0.184064 0.247459 0.125018 0.141779 0.212966 0.143372 0.156770 0.165028 0.242151 0.263849 0.226523 0.200024 0.166893 0.188190 0.182350 0.141058 0.183626 0.233266 0.280169 
0.151651 0.154217 0.134560 0.000000 0.181537 0.215268 0.190015 0.214184 0.166748 0.165564 0.187663 0.192870 0.160388 0.174662 0.243889 0.135613 0.211530 0.317634 0.180355 0.283446 0.325125 0.368243 0.361417 0.412755 0.360552 0.376206 0.335048 0.387804 0.334382 0.317479 0.335809 0.352970 0.348787 0.346885 0.304732 0.302396 0.366763 0.325305 0.399537 0.182915 0.223720 0.176312 0.214403 0.185916 0.166727 0.183663 0.205835 0.341572 0.269361 0.281041 0.315425 0.355283 0.341732 0.306730 0.375069 0.202884 0.337147 0.277573 0.242481 0.316882 0.357545 0.254000 0.358275 0.379222 0.123286 0.131946 0.116965 0.354596 0.349994 0.244286 0.293709 0.344967 0.201156 0.230004 0.142302 0.535716 0.240220 0.594618 0.286132 0.347459 0.318520 0.350034 0.503699 0.502854 0.431261 0.463475 0.218915 0.173898 0.190968 0.173691 0.213315 0.178528 0.189523 0.185571 0.208864 0.181086 0.186995 0.183400 0.188532 0.173380 0.189010 0.177205 0.184543 0.215722 0.182721 0.171299 0.137104 0.135189 0.126043 0.195820 0.175056 0.204410 0.194647 0.207608 0.221201 0.251053 0.209502 0.226035 0.202927 0.233465 0.240911 0.219492 0.246069 0.222249 0.236043 0.241394 0.195515 0.240944 0.254581 0.222459 0.209955 0.227750 0.238174 0.249885 0.228741 0.218421 0.217122 0.229260 0.226550 0.234715 0.183653 0.295916 0.168859 0.206796 0.185431 0.153969 0.206036 0.199073 0.152790 0.396382 0.206779 0.168535 0.260037 0.175584 0.184467 0.165897 0.321702 0.150143 0.154354 0.172776 0.207819 0.186468 0.137805 0.131701 0.196127 0.188190 0.351588 0.287701 0.329272 0.345063 0.339738 0.318744 0.366287 0.356590 0.206013 0.234954 0.242301 0.214572 0.255893 0.251457 0.213304 0.242365 0.170323 0.185029 0.207836 0.161381 0.225180 0.244577 0.233379 0.161086 0.247752 0.186685 0.185456 0.163506 0.182904 0.217328 0.144943 0.169379 0.193361 0.183299 0.138707 0.151766 0.205970 0.215788 0.199744 0.213281 0.243819 0.170955 0.138768 0.193404 0.213818 0.161204 0.147800 0.150215 0.135079 0.150893 0.180242 0.195079 0.275796 0.313187 0.215779 0.259152 0.204863 0.259260 0.155741 0.154151 0.209993 0.144427 0.160816 0.173752 0.245117 0.276399 0.239201 0.215510 0.184181 0.219773 0.211927 0.187851 0.203233 0.236647 0.273912 
0.215873 0.274666 0.231911 0.181537 0.000000 0.138106 0.304934 0.304304 0.314012 0.317665 0.309484 0.296229 0.274989 0.300307 0.305383 0.288030 0.307407 0.400181 0.271981 0.371360 0.372976 0.409458 0.407014 0.452464 0.401753 0.413907 0.380827 0.427654 0.378324 0.375820 0.383785 0.380980 0.394419 0.405830 0.375305 0.379877 0.432166 0.383659 0.452614 0.317431 0.330039 0.320017 0.310875 0.304876 0.284724 0.296375 0.288085 0.382634 0.335315 0.341717 0.260225 0.285650 0.254241 0.241383 0.273375 0.297214 0.238333 0.257842 0.291289 0.283110 0.269017 0.313562 0.309172 0.295342 0.246568 0.259954 0.273377 0.382145 0.317538 0.238651 0.336723 0.385502 0.146658 0.255632 0.192426 0.432250 0.325463 0.544071 0.243000 0.394878 0.264006 0.388750 0.436208 0.471106 0.464172 0.361974 0.300970 0.301040 0.301958 0.302837 0.295846 0.307982 0.292066 0.317524 0.300467 0.284965 0.307345 0.302881 0.314570 0.303955 0.302405 0.233522 0.265154 0.303127 0.234848 0.272655 0.235384 0.253775 0.253415 0.278890 0.248696 0.302294 0.303824 0.321448 0.318090 0.361943 0.314626 0.338547 0.303149 0.334323 0.341561 0.321244 0.352351 0.335650 0.329645 0.348531 0.301464 0.346434 0.355333 0.328768 0.326176 0.340895 0.345062 0.349724 0.337694 0.309299 0.332017 0.342383 0.339846 0.348312 0.298940 0.295650 0.285668 0.289141 0.206498 0.278407 0.259004 0.349694 0.281065 0.314511 0.333338 0.297059 0.261715 0.287214 0.275318 0.256703 0.279664 0.295423 0.271552 0.279496 0.312122 0.328052 0.270340 0.284599 0.323831 0.286069 0.390366 0.343538 0.377232 0.386031 0.380347 0.363137 0.395841 0.355896 0.263943 0.289487 0.330828 0.298511 0.347230 0.328459 0.307005 0.268895 0.288801 0.288651 0.239187 0.276263 0.286112 0.254960 0.255807 0.229666 0.296781 0.282442 0.278359 0.243903 0.228607 0.274108 0.259553 0.253721 0.321287 0.231313 0.228970 0.282380 0.307470 0.294341 0.295813 0.296792 0.339099 0.319868 0.297228 0.339931 0.332156 0.291009 0.295638 0.299309 0.287328 0.287720 0.288504 0.237059 0.312332 0.341153 0.337394 0.371535 0.334899 0.375810 0.277684 0.297783 0.304477 0.264057 0.280636 0.277960 0.320163 0.254998 0.307889 0.287051 0.292099 0.342579 0.329301 0.290584 0.296213 0.305979 0.329452 
0.238679 0.280081 0.252362 0.215268 0.138106 0.000000 0.311754 0.321216 0.310809 0.327952 0.290419 0.315989 0.319830 0.298866 0.314367 0.277910 0.324944 0.385983 0.323078 0.363287 0.411366 0.432005 0.435459 0.474083 0.441416 0.455035 0.413777 0.438261 0.398719 0.425935 0.371051 0.393384 0.431053 0.457673 0.428099 0.429483 0.468784 0.443966 0.490667 0.363383 0.375165 0.366392 0.372009 0.366825 0.351181 0.358607 0.341810 0.425581 0.367913 0.359316 0.294943 0.302407 0.321833 0.282158 0.356186 0.361283 0.300292 0.257024 0.327350 0.303037 0.333719 0.350534 0.365075 0.384391 0.269099 0.284343 0.290977 0.416822 0.379277 0.301801 0.373092 0.413448 0.212727 0.306074 0.252145 0.430102 0.308579 0.555454 0.254739 0.374171 0.315803 0.387108 0.460052 0.430024 0.456591 0.393000 0.308780 0.342520 0.310570 0.335451 0.358564 0.358535 0.342503 0.367186 0.334229 0.347510 0.370233 0.364305 0.372953 0.361282 0.369221 0.275276 0.298759 0.323927 0.261827 0.314538 0.261654 0.274961 0.257199 0.295959 0.251154 0.358782 0.345757 0.380116 0.364602 0.418483 0.378097 0.396856 0.354529 0.394856 0.397800 0.376571 0.410025 0.391560 0.386232 0.406694 0.363541 0.404449 0.412609 0.387528 0.385528 0.398640 0.395736 0.407197 0.394434 0.354138 0.397076 0.400059 0.394890 0.406086 0.319761 0.299239 0.287680 0.303513 0.199946 0.319592 0.276036 0.387380 0.318001 0.321503 0.357748 0.305561 0.318148 0.306332 0.287171 0.288015 0.292301 0.314496 0.281947 0.311455 0.323623 0.349485 0.298750 0.321332 0.350861 0.280402 0.421305 0.386640 0.417140 0.418631 0.415158 0.397422 0.433427 0.404750 0.267644 0.327335 0.356854 0.319780 0.370798 0.359386 0.331043 0.323504 0.300809 0.306455 0.290937 0.300851 0.274372 0.301635 0.261627 0.264464 0.320356 0.292102 0.284483 0.276530 0.262140 0.286652 0.282095 0.280701 0.321815 0.271434 0.259580 0.280821 0.297446 0.334588 0.329707 0.323747 0.373941 0.317950 0.303861 0.336983 0.325398 0.300080 0.317038 0.310659 0.314236 0.305545 0.295630 0.268142 0.321353 0.323668 0.322300 0.363413 0.332350 0.371471 0.285735 0.319561 0.319277 0.279850 0.270390 0.303033 0.313622 0.259081 0.326947 0.313664 0.353799 0.332839 0.311373 0.333941 0.324720 0.325998 0.346767 
0.205372 0.196921 0.177334 0.190015 0.304934 0.311754 0.000000 0.076513 0.133791 0.142021 0.132368 0.132514 0.102168 0.147618 0.174267 0.157502 0.104943 0.272234 0.121370 0.204407 0.223733 0.291026 0.266572 0.320974 0.281916 0.318654 0.257788 0.284300 0.249399 0.232589 0.215135 0.248195 0.270867 0.283152 0.245034 0.245792 0.312028 0.267943 0.340870 0.127017 0.164267 0.119400 0.156532 0.133369 0.149163 0.137014 0.192074 0.275491 0.180295 0.185471 0.349036 0.415063 0.315996 0.377395 0.401829 0.132818 0.407206 0.314597 0.184183 0.356148 0.362583 0.226041 0.315398 0.365847 0.167790 0.155211 0.152638 0.336012 0.349309 0.260697 0.285627 0.323544 0.260101 0.224593 0.195024 0.650057 0.159911 0.541839 0.268485 0.234395 0.375286 0.226290 0.435398 0.622851 0.319996 0.409893 0.100804 0.156072 0.154076 0.133926 0.156834 0.157784 0.143255 0.158604 0.136869 0.139001 0.151881 0.149572 0.158253 0.144559 0.164383 0.169627 0.162088 0.160892 0.162002 0.150660 0.114767 0.128058 0.127737 0.163993 0.138382 0.122829 0.134154 0.140942 0.132796 0.192607 0.151559 0.168541 0.131148 0.166860 0.167665 0.119823 0.179684 0.174540 0.155400 0.163942 0.140651 0.169630 0.164856 0.162723 0.144606 0.155869 0.162603 0.200659 0.148429 0.115138 0.164917 0.143129 0.158509 0.175471 0.129927 0.229365 0.130844 0.113464 0.255716 0.108731 0.202505 0.180092 0.157854 0.406686 0.187213 0.077447 0.301687 0.101137 0.181848 0.138557 0.290216 0.110165 0.136915 0.084159 0.181558 0.130025 0.115958 0.156889 0.165472 0.176501 0.374535 0.289985 0.338942 0.349765 0.340770 0.338934 0.382932 0.367660 0.191807 0.236637 0.247698 0.226954 0.245964 0.255264 0.201150 0.222706 0.166624 0.185672 0.225713 0.128815 0.222688 0.250985 0.162860 0.174407 0.216000 0.187980 0.162730 0.161657 0.200985 0.182187 0.154089 0.163555 0.136523 0.186626 0.141237 0.143145 0.206680 0.230861 0.187755 0.211556 0.249975 0.163029 0.150558 0.201056 0.220636 0.193276 0.182559 0.188895 0.172993 0.208328 0.233701 0.270014 0.208440 0.296811 0.207170 0.256720 0.189567 0.226651 0.181266 0.175487 0.161690 0.124285 0.123583 0.130675 0.171904 0.277447 0.175891 0.265019 0.118940 0.188004 0.220158 0.115763 0.149436 0.121512 0.133665 
0.238647 0.220310 0.200450 0.214184 0.304304 0.321216 0.076513 0.000000 0.151230 0.153780 0.134647 0.144296 0.112876 0.174350 0.168764 0.175872 0.092692 0.279997 0.108594 0.205796 0.226793 0.274777 0.262729 0.320717 0.265695 0.303786 0.251034 0.275738 0.232402 0.236855 0.225437 0.238474 0.269034 0.309199 0.259839 0.269824 0.332356 0.283755 0.356589 0.166452 0.175390 0.161320 0.145506 0.148690 0.148019 0.151594 0.191591 0.283190 0.187451 0.200208 0.357118 0.413532 0.327004 0.381462 0.417261 0.136866 0.424193 0.303026 0.201383 0.365552 0.377341 0.241751 0.330731 0.381302 0.215013 0.199594 0.190396 0.351997 0.348096 0.255254 0.295037 0.313914 0.273372 0.225218 0.205612 0.651292 0.146827 0.516290 0.286371 0.207391 0.383938 0.195059 0.408678 0.614762 0.272913 0.393803 0.061113 0.181045 0.169698 0.171628 0.145451 0.179431 0.133892 0.194678 0.132040 0.138996 0.160773 0.166887 0.169165 0.167613 0.173162 0.169535 0.156976 0.189971 0.158260 0.149258 0.126716 0.136835 0.163184 0.135815 0.130070 0.112998 0.123529 0.139298 0.119766 0.184782 0.136997 0.155209 0.109528 0.160763 0.154917 0.112158 0.180101 0.164216 0.139723 0.159337 0.127947 0.165268 0.157526 0.155090 0.151937 0.153505 0.158934 0.181157 0.159770 0.117710 0.168243 0.152763 0.146863 0.150673 0.142634 0.253750 0.149512 0.110387 0.278728 0.134672 0.224264 0.215918 0.185238 0.394386 0.185962 0.085896 0.321167 0.119706 0.209959 0.156133 0.298223 0.149979 0.150653 0.094861 0.175935 0.156904 0.142330 0.177938 0.175057 0.193233 0.370522 0.295007 0.339670 0.350708 0.348509 0.336816 0.387601 0.363892 0.166343 0.237651 0.268506 0.244818 0.257700 0.268244 0.231190 0.217680 0.178723 0.192586 0.220638 0.135742 0.226470 0.258618 0.155258 0.176762 0.211893 0.199416 0.178389 0.163363 0.215059 0.197040 0.173461 0.165082 0.155673 0.208808 0.146227 0.172871 0.211518 0.222624 0.178908 0.188317 0.231107 0.188911 0.175825 0.211048 0.235623 0.232687 0.200172 0.190880 0.199105 0.216301 0.234654 0.289792 0.190346 0.342316 0.212074 0.269381 0.226979 0.229090 0.188723 0.199907 0.177729 0.140492 0.155220 0.155687 0.190796 0.289743 0.181678 0.279609 0.142052 0.203197 0.236486 0.121981 0.159723 0.093205 0.128588 
0.183686 0.159189 0.141079 0.166748 0.314012 0.310809 0.133791 0.151230 0.000000 0.049707 0.068492 0.108217 0.119124 0.107725 0.160011 0.105168 0.147962 0.219918 0.179835 0.226329 0.313646 0.348379 0.344697 0.396691 0.349184 0.356506 0.331119 0.358310 0.313617 0.309356 0.285565 0.317611 0.334458 0.339970 0.290558 0.292892 0.353374 0.319893 0.385323 0.165046 0.200021 0.168232 0.196555 0.166506 0.141650 0.150700 0.186562 0.285963 0.178033 0.180862 0.387116 0.475172 0.366637 0.417753 0.436681 0.201834 0.441243 0.377381 0.222582 0.423354 0.407819 0.223717 0.333738 0.407380 0.162434 0.151146 0.137921 0.348194 0.371465 0.274424 0.313725 0.280562 0.292739 0.240689 0.232311 0.597290 0.123887 0.520576 0.257058 0.228981 0.334706 0.244834 0.433798 0.600726 0.327231 0.413377 0.149183 0.161865 0.167178 0.163999 0.202514 0.166670 0.189014 0.177129 0.185142 0.183686 0.183675 0.178134 0.178268 0.175704 0.170093 0.191557 0.189855 0.150569 0.181160 0.167004 0.142331 0.145103 0.108965 0.183686 0.175301 0.147952 0.145926 0.166047 0.173081 0.196863 0.165949 0.176402 0.142590 0.187684 0.195870 0.183586 0.200337 0.179267 0.189911 0.193486 0.153200 0.196025 0.203791 0.178678 0.173591 0.181337 0.183068 0.208523 0.186010 0.161764 0.189167 0.188994 0.172280 0.184713 0.129428 0.238189 0.121678 0.152503 0.256363 0.110094 0.199524 0.172099 0.171252 0.375960 0.154651 0.109391 0.308307 0.124573 0.170838 0.147823 0.273808 0.109856 0.105073 0.116536 0.155959 0.133420 0.119407 0.132459 0.147357 0.141241 0.360257 0.293133 0.335257 0.354625 0.353260 0.347442 0.382790 0.392474 0.189184 0.224267 0.227908 0.214397 0.216032 0.239872 0.208636 0.273140 0.148924 0.190573 0.218782 0.150917 0.196996 0.225735 0.210781 0.144769 0.166301 0.174845 0.169420 0.164613 0.170534 0.206604 0.149626 0.174315 0.103424 0.188742 0.138308 0.159019 0.187659 0.223007 0.186995 0.208589 0.201079 0.085703 0.090225 0.112716 0.139778 0.162468 0.106983 0.097117 0.127299 0.137877 0.189620 0.244507 0.201097 0.265868 0.144649 0.195751 0.142250 0.165432 0.143308 0.162458 0.157089 0.120692 0.138752 0.134371 0.169316 0.257482 0.150702 0.204251 0.170266 0.105078 0.149004 0.122676 0.148509 0.178590 0.180530 
0.179344 0.160824 0.143233 0.165564 0.317665 0.327952 0.142021 0.153780 0.049707 0.000000 0.094463 0.125035 0.111974 0.113104 0.152912 0.112587 0.157313 0.236749 0.169443 0.241117 0.300424 0.345050 0.336894 0.387121 0.340775 0.348344 0.321976 0.355049 0.307589 0.299425 0.293223 0.320704 0.323086 0.323439 0.267677 0.271233 0.327658 0.293518 0.360979 0.149216 0.185947 0.149885 0.170055 0.150445 0.124572 0.144786 0.171480 0.263547 0.184000 0.194719 0.370179 0.459469 0.352577 0.402390 0.413991 0.179312 0.419811 0.368888 0.237807 0.414363 0.398426 0.206230 0.322681 0.386636 0.161897 0.147289 0.128116 0.327733 0.351475 0.253717 0.295030 0.292205 0.279710 0.224931 0.221631 0.589873 0.136361 0.540747 0.265344 0.238794 0.326812 0.263433 0.447418 0.601909 0.345950 0.425230 0.153004 0.148275 0.176088 0.155570 0.194658 0.152913 0.185532 0.169455 0.184870 0.170382 0.167414 0.157377 0.157231 0.157966 0.154153 0.183604 0.181743 0.154413 0.172930 0.157240 0.147696 0.142862 0.122620 0.188165 0.186535 0.146254 0.140785 0.148557 0.166390 0.183447 0.146362 0.160031 0.145405 0.179160 0.180451 0.172329 0.194014 0.166318 0.184917 0.180571 0.143308 0.182174 0.192671 0.161237 0.153241 0.164392 0.168428 0.194059 0.172847 0.164573 0.167704 0.173903 0.159667 0.162911 0.130549 0.250185 0.114308 0.152313 0.254988 0.107423 0.195034 0.167740 0.169386 0.390379 0.142693 0.111963 0.297181 0.129971 0.173123 0.142716 0.288119 0.122171 0.109783 0.118651 0.159265 0.135804 0.119298 0.126506 0.146592 0.164931 0.348906 0.274303 0.322310 0.340032 0.339672 0.330855 0.371566 0.380149 0.189100 0.214788 0.207636 0.199918 0.202380 0.225439 0.190738 0.263882 0.146946 0.184264 0.216867 0.156304 0.204063 0.207508 0.212815 0.136588 0.165910 0.157944 0.169544 0.154483 0.158874 0.204048 0.132492 0.160820 0.126295 0.186471 0.128529 0.154679 0.190589 0.208502 0.175610 0.198141 0.191794 0.116646 0.099272 0.107903 0.144125 0.156346 0.107613 0.088026 0.112260 0.131909 0.185131 0.240853 0.225906 0.287861 0.157162 0.201195 0.149842 0.170525 0.142351 0.151583 0.152038 0.143793 0.159561 0.131258 0.188977 0.265294 0.170172 0.199100 0.168968 0.125175 0.158442 0.129617 0.168795 0.190918 0.200552 
0.186971 0.172200 0.147287 0.187663 0.309484 0.290419 0.132368 0.134647 0.068492 0.094463 0.000000 0.116507 0.115841 0.116623 0.167414 0.121237 0.130243 0.241194 0.174221 0.190022 0.299708 0.333791 0.326277 0.379690 0.336985 0.354819 0.315486 0.332219 0.299239 0.302621 0.252516 0.279365 0.324881 0.345694 0.304701 0.307802 0.367293 0.330904 0.396360 0.177054 0.204086 0.178680 0.196172 0.168251 0.146775 0.156411 0.200730 0.316107 0.206066 0.200762 0.407389 0.483179 0.387551 0.439983 0.467622 0.200812 0.471686 0.366354 0.233880 0.437869 0.428562 0.251669 0.378847 0.437527 0.174850 0.179663 0.160457 0.380869 0.399574 0.301403 0.344847 0.321670 0.305715 0.259223 0.247396 0.631009 0.128285 0.531170 0.264743 0.236332 0.370297 0.241299 0.444009 0.611067 0.329056 0.423419 0.117797 0.172835 0.131241 0.176723 0.203852 0.177942 0.170918 0.184921 0.161063 0.180607 0.190255 0.186760 0.189963 0.188376 0.183320 0.186123 0.198871 0.194921 0.188864 0.180907 0.128969 0.135595 0.116955 0.169286 0.155879 0.146594 0.140945 0.174542 0.157091 0.199225 0.165947 0.182266 0.145557 0.185417 0.202575 0.182804 0.196013 0.176279 0.195619 0.199564 0.158322 0.191925 0.198877 0.171501 0.182400 0.183122 0.182313 0.216763 0.196958 0.168583 0.197044 0.201265 0.170788 0.191711 0.117185 0.249005 0.132137 0.151540 0.262198 0.111077 0.220691 0.183218 0.187225 0.386721 0.154519 0.103979 0.340421 0.118660 0.179445 0.164361 0.284444 0.113517 0.120677 0.110862 0.177450 0.141881 0.109375 0.141786 0.132611 0.162000 0.384718 0.320457 0.363507 0.384673 0.381107 0.375676 0.407409 0.401458 0.192796 0.265896 0.262589 0.247217 0.262096 0.274298 0.244740 0.284404 0.156827 0.202164 0.216458 0.151995 0.189083 0.270719 0.188076 0.164844 0.205599 0.202269 0.190972 0.184551 0.210606 0.225247 0.175694 0.189524 0.097061 0.208758 0.148947 0.188454 0.186046 0.251158 0.211448 0.222151 0.219041 0.122615 0.088057 0.146109 0.180916 0.198350 0.131316 0.118534 0.150562 0.148335 0.219440 0.277977 0.212020 0.294518 0.196473 0.257195 0.203741 0.225813 0.138442 0.183957 0.166819 0.134735 0.134826 0.153656 0.173806 0.297241 0.190587 0.231587 0.183442 0.133769 0.196899 0.139073 0.157917 0.144243 0.182558 
0.212848 0.206554 0.185177 0.192870 0.296229 0.315989 0.132514 0.144296 0.108217 0.125035 0.116507 0.000000 0.119480 0.131985 0.156628 0.168913 0.148691 0.240692 0.177349 0.199910 0.268392 0.314125 0.308342 0.368065 0.308407 0.342249 0.282380 0.329140 0.286015 0.261802 0.252715 0.272805 0.304934 0.334551 0.295890 0.297170 0.366347 0.304655 0.388672 0.175554 0.223455 0.177238 0.185890 0.132675 0.160397 0.148930 0.193189 0.292570 0.196882 0.189328 0.371886 0.452529 0.346511 0.411854 0.430196 0.198466 0.428134 0.354620 0.205582 0.402137 0.372127 0.220344 0.326274 0.380470 0.196989 0.180781 0.166337 0.348476 0.372290 0.273877 0.298603 0.291254 0.297406 0.262026 0.211349 0.645941 0.146536 0.526467 0.278580 0.234848 0.373500 0.239610 0.422442 0.637414 0.323107 0.408224 0.148051 0.174307 0.141761 0.160927 0.180258 0.175949 0.154035 0.184615 0.139122 0.158968 0.196378 0.163005 0.179523 0.178447 0.169789 0.200702 0.180663 0.167193 0.171644 0.160238 0.112786 0.129129 0.140832 0.185174 0.158784 0.171129 0.153408 0.172341 0.176936 0.249449 0.194336 0.203459 0.167847 0.217285 0.231740 0.178757 0.224879 0.202973 0.223041 0.218270 0.172728 0.214258 0.204616 0.195485 0.202808 0.213889 0.223803 0.244990 0.217073 0.179396 0.206438 0.210276 0.202346 0.224454 0.138836 0.193359 0.128254 0.113847 0.235977 0.123154 0.184210 0.159390 0.151315 0.373527 0.166168 0.117545 0.265375 0.096198 0.174926 0.139961 0.243293 0.102880 0.114988 0.123314 0.164676 0.126011 0.095679 0.133554 0.176997 0.184838 0.370475 0.282537 0.320866 0.363405 0.343599 0.338730 0.385910 0.371806 0.172754 0.232592 0.241793 0.240166 0.225364 0.250826 0.217653 0.257698 0.167076 0.194958 0.241073 0.136913 0.225658 0.242696 0.214801 0.147227 0.214008 0.222304 0.168776 0.160371 0.195856 0.216488 0.164951 0.181620 0.128938 0.202044 0.148227 0.189077 0.202995 0.242182 0.188155 0.206140 0.235204 0.126182 0.132501 0.167429 0.190243 0.175248 0.152272 0.147021 0.149938 0.196513 0.219988 0.285979 0.174617 0.270586 0.173632 0.222523 0.154468 0.204497 0.161685 0.155673 0.154508 0.113089 0.126919 0.125716 0.143725 0.259959 0.156331 0.256241 0.189211 0.157127 0.184095 0.143399 0.169041 0.130919 0.142995 
0.196866 0.176816 0.150446 0.160388 0.274989 0.319830 0.102168 0.112876 0.119124 0.111974 0.115841 0.119480 0.000000 0.138447 0.185957 0.152669 0.122662 0.289027 0.120756 0.223125 0.239555 0.290030 0.280223 0.337717 0.277687 0.296895 0.261124 0.307664 0.260130 0.234674 0.260221 0.273125 0.264944 0.296254 0.248802 0.249737 0.313769 0.265920 0.342367 0.098962 0.156358 0.106651 0.124532 0.075087 0.072943 0.086952 0.165882 0.291838 0.205446 0.228325 0.355964 0.417296 0.342133 0.382863 0.425930 0.128943 0.424815 0.339938 0.227556 0.383733 0.388819 0.244649 0.347660 0.385307 0.151037 0.130549 0.107860 0.351479 0.349747 0.251791 0.297779 0.332210 0.260476 0.229256 0.181702 0.637973 0.172069 0.578424 0.299843 0.277733 0.366682 0.264217 0.471587 0.594949 0.374232 0.458573 0.111601 0.121184 0.120714 0.114697 0.130361 0.106905 0.115109 0.126617 0.122896 0.100551 0.113588 0.108689 0.113158 0.108940 0.110444 0.155658 0.161346 0.205430 0.157854 0.143020 0.087434 0.102842 0.117618 0.166227 0.141384 0.101600 0.089584 0.102099 0.124824 0.167869 0.111339 0.132238 0.102635 0.141569 0.155469 0.120183 0.157999 0.133047 0.147212 0.148652 0.105991 0.146232 0.142151 0.123747 0.134007 0.139940 0.142366 0.175220 0.151767 0.132868 0.146208 0.141291 0.130546 0.148232 0.090725 0.260070 0.110052 0.143123 0.260705 0.049649 0.196762 0.104732 0.126381 0.438079 0.111978 0.081619 0.291513 0.109454 0.166131 0.108562 0.304748 0.076279 0.107340 0.062379 0.175426 0.095952 0.064610 0.090891 0.115195 0.178471 0.353528 0.284400 0.332272 0.341352 0.340892 0.329055 0.369997 0.343337 0.195853 0.235051 0.243987 0.222330 0.250224 0.252995 0.215214 0.218740 0.150620 0.162696 0.194037 0.144675 0.210775 0.251791 0.200207 0.161420 0.230322 0.201679 0.165721 0.155337 0.200007 0.211499 0.152190 0.161806 0.140379 0.191797 0.128576 0.165841 0.208613 0.217569 0.181899 0.189231 0.235014 0.173159 0.107385 0.190829 0.219636 0.170208 0.131313 0.142192 0.120048 0.149454 0.197961 0.257430 0.234304 0.322823 0.212784 0.260124 0.199155 0.226217 0.136264 0.138888 0.162546 0.133512 0.145320 0.132244 0.202651 0.295440 0.195817 0.239988 0.134560 0.185785 0.220426 0.140136 0.176322 0.132437 0.179905 
0.178792 0.139121 0.137296 0.174662 0.300307 0.298866 0.147618 0.174350 0.107725 0.113104 0.116623 0.131985 0.138447 0.000000 0.133188 0.105860 0.161495 0.239984 0.184595 0.232697 0.320287 0.357919 0.355763 0.405088 0.361614 0.381223 0.329156 0.367475 0.323672 0.313891 0.303400 0.327823 0.350365 0.333058 0.310352 0.310540 0.373206 0.333088 0.405906 0.174611 0.233305 0.180925 0.205636 0.174544 0.166281 0.156236 0.151710 0.288770 0.246218 0.225470 0.336741 0.440082 0.325206 0.375267 0.402950 0.226349 0.386012 0.341703 0.246508 0.376754 0.382137 0.215552 0.324453 0.372782 0.142119 0.139715 0.144072 0.294287 0.323119 0.227079 0.263924 0.337474 0.279494 0.214504 0.229465 0.552427 0.107448 0.507228 0.226798 0.256039 0.283621 0.291314 0.414455 0.603153 0.365888 0.398382 0.177704 0.171766 0.175401 0.167566 0.218896 0.190601 0.200236 0.173382 0.180340 0.200196 0.209650 0.196018 0.207522 0.191712 0.199440 0.185985 0.151687 0.186129 0.156595 0.174821 0.127088 0.150984 0.111144 0.177063 0.151209 0.186630 0.180205 0.189940 0.191605 0.230269 0.186703 0.198132 0.177122 0.224166 0.237852 0.210278 0.212706 0.188702 0.227762 0.216752 0.182993 0.210877 0.220413 0.192216 0.197479 0.199456 0.221132 0.243233 0.214298 0.189059 0.212814 0.217435 0.186397 0.219560 0.150935 0.203102 0.081234 0.119536 0.204931 0.122109 0.173916 0.183711 0.154514 0.361770 0.188449 0.131056 0.274588 0.140261 0.134166 0.123478 0.246437 0.116858 0.073841 0.141664 0.143102 0.139431 0.125646 0.150222 0.160581 0.168418 0.320167 0.259515 0.308447 0.321188 0.300837 0.302357 0.340552 0.347890 0.148154 0.199886 0.199416 0.177215 0.215648 0.212279 0.161410 0.248368 0.109111 0.145319 0.186957 0.124542 0.166128 0.213759 0.205375 0.133690 0.190712 0.172497 0.161482 0.153048 0.165352 0.196966 0.134265 0.170352 0.142254 0.167768 0.140592 0.138109 0.151210 0.180714 0.156663 0.173008 0.183600 0.134532 0.127270 0.122041 0.131921 0.109358 0.114335 0.118511 0.115938 0.110936 0.132991 0.189542 0.224675 0.236912 0.161306 0.201675 0.122395 0.179530 0.118220 0.120542 0.165369 0.149873 0.128193 0.103469 0.171650 0.241804 0.188031 0.178440 0.189316 0.142971 0.149642 0.154969 0.201977 0.187353 0.216339 
0.241311 0.207126 0.238492 0.243889 0.305383 0.314367 0.174267 0.168764 0.160011 0.152912 0.167414 0.156628 0.185957 0.133188 0.000000 0.192822 0.173948 0.227863 0.172403 0.242127 0.307126 0.344461 0.342257 0.398047 0.345050 0.360747 0.313262 0.342382 0.316044 0.313740 0.278590 0.279825 0.337882 0.338680 0.307654 0.315976 0.373321 0.316748 0.391439 0.233469 0.254124 0.232366 0.206360 0.218640 0.197968 0.204341 0.134378 0.213067 0.203515 0.163711 0.296262 0.406616 0.289807 0.341194 0.335678 0.213814 0.345593 0.302364 0.206886 0.349449 0.319258 0.140773 0.276216 0.307280 0.227284 0.230355 0.222286 0.255405 0.284324 0.197294 0.210014 0.247273 0.269034 0.214357 0.242694 0.558527 0.088965 0.431855 0.204691 0.172340 0.320881 0.235284 0.324648 0.650214 0.265089 0.331797 0.153952 0.222357 0.198908 0.224523 0.218875 0.236694 0.213548 0.240331 0.200648 0.205277 0.228181 0.223265 0.234516 0.226530 0.227151 0.174574 0.158361 0.153714 0.159402 0.172705 0.176284 0.190513 0.181325 0.180274 0.173175 0.196225 0.218753 0.213704 0.212608 0.257799 0.211733 0.225892 0.192029 0.227603 0.238262 0.220525 0.244795 0.231103 0.225136 0.235497 0.194685 0.241914 0.241363 0.224113 0.222027 0.229225 0.233299 0.247961 0.233356 0.184021 0.225646 0.238257 0.224028 0.228855 0.198061 0.164650 0.149192 0.115723 0.222519 0.177745 0.183139 0.273800 0.230393 0.310144 0.251844 0.184365 0.266629 0.154178 0.204250 0.195324 0.227199 0.196783 0.158852 0.180476 0.184851 0.206201 0.190784 0.230267 0.248164 0.222755 0.283094 0.218583 0.255886 0.275627 0.270589 0.258623 0.316075 0.331132 0.143768 0.180106 0.171687 0.183905 0.176891 0.177588 0.178254 0.221738 0.161983 0.204772 0.227918 0.173114 0.213128 0.168701 0.167322 0.156029 0.173588 0.184457 0.164969 0.155313 0.170140 0.186532 0.174466 0.188357 0.183412 0.195171 0.153218 0.174474 0.155529 0.170133 0.129034 0.172105 0.153244 0.189021 0.201142 0.151480 0.152640 0.188380 0.178821 0.175524 0.201839 0.208753 0.195916 0.241180 0.173402 0.222174 0.151265 0.184066 0.155258 0.185855 0.207284 0.207604 0.128822 0.165999 0.173068 0.113826 0.148367 0.193641 0.154711 0.221276 0.205571 0.175751 0.163421 0.161140 0.178683 0.158538 0.149132 
0.172384 0.164972 0.127008 0.135613 0.288030 0.277910 0.157502 0.175872 0.105168 0.112587 0.121237 0.168913 0.152669 0.105860 0.192822 0.000000 0.149688 0.258565 0.176419 0.252182 0.339872 0.371884 0.369990 0.419123 0.381111 0.385485 0.347660 0.386957 0.335453 0.338059 0.315492 0.342409 0.360619 0.353442 0.314310 0.318252 0.376559 0.343083 0.408019 0.184359 0.232485 0.192430 0.218513 0.191178 0.173381 0.165607 0.195099 0.324917 0.238472 0.245031 0.365465 0.449547 0.369087 0.390249 0.422512 0.226809 0.413756 0.358954 0.249675 0.384092 0.408547 0.250968 0.351136 0.407567 0.122017 0.118109 0.104713 0.351327 0.366813 0.254396 0.310645 0.339625 0.274577 0.247257 0.222275 0.545692 0.156319 0.537751 0.238839 0.284681 0.287531 0.310717 0.457492 0.560486 0.371213 0.423038 0.179778 0.180042 0.191249 0.179870 0.234306 0.199823 0.216484 0.174146 0.217557 0.206242 0.216994 0.202897 0.212644 0.197092 0.209209 0.210280 0.188309 0.206986 0.200558 0.188170 0.147546 0.160562 0.117797 0.198972 0.178365 0.181091 0.178681 0.190911 0.183751 0.225241 0.187769 0.205404 0.180383 0.228860 0.240861 0.218115 0.214199 0.176945 0.223027 0.222301 0.184496 0.204271 0.224392 0.188533 0.201153 0.200300 0.216232 0.241929 0.210553 0.192698 0.215746 0.219225 0.186745 0.220352 0.156763 0.269248 0.127622 0.168072 0.226011 0.131320 0.206025 0.196879 0.154026 0.386773 0.191448 0.140973 0.295532 0.173660 0.140349 0.137048 0.285339 0.134888 0.119558 0.145459 0.166574 0.148274 0.139715 0.154535 0.139424 0.134378 0.354555 0.297176 0.345490 0.356241 0.347668 0.334831 0.385644 0.393356 0.183549 0.215879 0.249435 0.225607 0.251969 0.261381 0.216623 0.280897 0.153863 0.182496 0.198021 0.148493 0.201956 0.251108 0.207699 0.161451 0.222795 0.180009 0.190363 0.181887 0.181097 0.215385 0.152177 0.184500 0.143231 0.173272 0.163119 0.143225 0.193907 0.216659 0.190331 0.206131 0.209116 0.142250 0.108907 0.123717 0.151757 0.157912 0.128333 0.124182 0.123801 0.120624 0.156694 0.192366 0.244176 0.281653 0.179614 0.224243 0.169363 0.209659 0.122506 0.136813 0.196756 0.143230 0.146516 0.161509 0.214656 0.266548 0.194408 0.209179 0.188588 0.153209 0.159403 0.161111 0.181944 0.208024 0.249776 
0.214092 0.210272 0.169729 0.211530 0.307407 0.324944 0.104943 0.092692 0.147962 0.157313 0.130243 0.148691 0.122662 0.161495 0.173948 0.149688 0.000000 0.307972 0.090234 0.231224 0.251872 0.265614 0.282596 0.341254 0.269932 0.282088 0.234729 0.329431 0.243606 0.233023 0.263280 0.284951 0.268446 0.327727 0.297687 0.306595 0.369798 0.317782 0.395596 0.179395 0.215115 0.189283 0.132808 0.170918 0.163326 0.145523 0.196608 0.323018 0.221636 0.231059 0.371361 0.407168 0.338726 0.409385 0.435432 0.156166 0.441778 0.340210 0.209910 0.357147 0.414415 0.268048 0.351412 0.412650 0.181085 0.185579 0.179557 0.364313 0.353459 0.254934 0.313500 0.326824 0.290222 0.255403 0.234998 0.650461 0.154125 0.505773 0.276461 0.241261 0.385212 0.194894 0.435393 0.627791 0.313753 0.439625 0.081751 0.178872 0.171981 0.177978 0.142533 0.197333 0.145290 0.175215 0.149349 0.135983 0.191071 0.185910 0.203703 0.181939 0.194660 0.183054 0.141592 0.222877 0.172812 0.166096 0.127033 0.135811 0.140662 0.112246 0.120988 0.105635 0.104679 0.136916 0.079924 0.187673 0.145480 0.143555 0.094807 0.162373 0.178866 0.114079 0.158581 0.135865 0.144353 0.141890 0.112496 0.142245 0.129379 0.128961 0.171166 0.157316 0.170479 0.191628 0.167139 0.119522 0.163591 0.167460 0.112723 0.152702 0.144180 0.268075 0.143382 0.133963 0.291254 0.124421 0.239723 0.208528 0.196438 0.415465 0.207484 0.101027 0.344217 0.140363 0.199481 0.166541 0.325113 0.141666 0.154461 0.113411 0.179021 0.158938 0.139423 0.184766 0.149304 0.188499 0.369238 0.307357 0.356103 0.364529 0.347571 0.338273 0.400438 0.333244 0.195694 0.236468 0.286306 0.264637 0.279339 0.297551 0.249390 0.211741 0.160812 0.191411 0.196940 0.106929 0.216986 0.267711 0.159275 0.170434 0.226498 0.214185 0.196942 0.181969 0.210218 0.226076 0.174199 0.193872 0.140018 0.197938 0.159189 0.183131 0.218574 0.221843 0.178235 0.196857 0.227195 0.181284 0.152336 0.190515 0.216904 0.227604 0.201263 0.187150 0.190998 0.199586 0.248052 0.296036 0.230157 0.329641 0.230506 0.284651 0.225536 0.255140 0.178061 0.203658 0.190467 0.134100 0.130852 0.156191 0.214452 0.300544 0.211894 0.271128 0.146210 0.203026 0.238530 0.116103 0.140169 0.097975 0.179863 
0.336040 0.323553 0.339438 0.317634 0.400181 0.385983 0.272234 0.279997 0.219918 0.236749 0.241194 0.240692 0.289027 0.239984 0.227863 0.258565 0.307972 0.000000 0.313453 0.196619 0.395617 0.431835 0.429242 0.472642 0.428613 0.464514 0.408515 0.412127 0.401989 0.400025 0.325660 0.338501 0.427621 0.429611 0.400793 0.392934 0.447029 0.415000 0.468366 0.319749 0.354162 0.324084 0.341262 0.331238 0.318822 0.326206 0.306204 0.354404 0.253810 0.188887 0.448798 0.558575 0.430047 0.487529 0.489953 0.335245 0.500237 0.448253 0.295198 0.485569 0.459326 0.293868 0.404001 0.456561 0.339051 0.315833 0.315404 0.419925 0.448104 0.364606 0.382118 0.300574 0.399858 0.367954 0.371418 0.658050 0.214133 0.438177 0.323199 0.187317 0.406046 0.255506 0.428055 0.685481 0.227169 0.407821 0.281294 0.311818 0.274346 0.311402 0.334120 0.326595 0.311100 0.333029 0.292228 0.321984 0.336841 0.330121 0.335505 0.318552 0.335745 0.336995 0.329387 0.247990 0.315047 0.322664 0.291012 0.307249 0.281856 0.325011 0.301148 0.340692 0.329523 0.349171 0.346265 0.385457 0.351374 0.367376 0.337397 0.370902 0.377888 0.358879 0.379042 0.362779 0.365937 0.380139 0.338063 0.381415 0.386717 0.363968 0.352876 0.367531 0.380731 0.382926 0.364297 0.329099 0.364506 0.369933 0.361466 0.373008 0.295504 0.245789 0.287764 0.247090 0.321276 0.282681 0.309417 0.344846 0.317841 0.362860 0.337251 0.277468 0.382138 0.253256 0.305113 0.307963 0.282258 0.273112 0.254157 0.295408 0.307724 0.274719 0.273489 0.305374 0.323618 0.295093 0.434797 0.362686 0.406138 0.430367 0.426052 0.415464 0.453331 0.465153 0.266889 0.312822 0.315187 0.328628 0.277136 0.322210 0.322695 0.380659 0.303840 0.340806 0.381731 0.291491 0.342038 0.300551 0.307834 0.288317 0.303756 0.319584 0.304590 0.313983 0.300463 0.302619 0.304740 0.333689 0.242995 0.332630 0.302492 0.290148 0.297632 0.342101 0.308310 0.329989 0.312261 0.195169 0.274755 0.248722 0.256726 0.296414 0.278528 0.265700 0.293208 0.315897 0.309105 0.343462 0.199704 0.227886 0.239428 0.250704 0.240047 0.255087 0.311583 0.297792 0.273898 0.266480 0.271097 0.254487 0.192526 0.273219 0.207925 0.334395 0.343836 0.208374 0.257649 0.311241 0.310866 0.266334 0.234720 
