239 239
0.000000 0.131633 0.098753 0.137279 0.217639 0.192513 0.213085 0.165470 0.163056 0.162241 0.167717 0.151107 0.187348 0.190213 0.177162 0.175192 0.163876 0.156785 0.193277 0.312726 0.329077 0.360786 0.364159 0.368809 0.349691 0.361078 0.321348 0.353605 0.343309 0.313505 0.310014 0.303400 0.335078 0.319958 0.366379 0.301167 0.374633 0.356132 0.197706 0.198315 0.239635 0.210768 0.203770 0.221045 0.200461 0.179398 0.201042 0.216708 0.204195 0.326177 0.243668 0.249460 0.230907 0.223399 0.200257 0.273918 0.306821 0.295223 0.314927 0.271546 0.343452 0.305445 0.245668 0.274462 0.296381 0.210348 0.186908 0.130672 0.179686 0.155235 0.151541 0.313142 0.314451 0.205652 0.153621 0.143684 0.251092 0.200538 0.206463 0.148357 0.497213 0.206292 0.486792 0.238215 0.321174 0.281563 0.263846 0.328977 0.380676 0.222292 0.397562 0.612527 0.265046 0.510676 0.374269 0.212922 0.176834 0.174895 0.226311 0.199569 0.200564 0.219706 0.195675 0.207263 0.198612 0.207332 0.205708 0.211845 0.179953 0.204787 0.175480 0.209556 0.170029 0.142695 0.144948 0.160396 0.184713 0.154989 0.206300 0.183141 0.220271 0.211050 0.248453 0.205385 0.218040 0.227271 0.231076 0.231574 0.250290 0.227980 0.232352 0.214574 0.236300 0.202219 0.228894 0.244655 0.215424 0.216765 0.233260 0.249541 0.230106 0.211839 0.222974 0.240203 0.223825 0.241488 0.152360 0.203546 0.192442 0.158623 0.209824 0.174114 0.333304 0.193782 0.237297 0.170976 0.161165 0.178429 0.155633 0.157513 0.128046 0.127985 0.188329 0.130794 0.168377 0.147783 0.152256 0.292838 0.332568 0.328143 0.349704 0.310349 0.233127 0.225018 0.214730 0.223598 0.208868 0.246651 0.253497 0.223368 0.169708 0.175795 0.187282 0.142002 0.186364 0.175334 0.128085 0.187356 0.196636 0.146001 0.163674 0.156662 0.142669 0.129999 0.142094 0.178476 0.130882 0.141573 0.186082 0.124102 0.114570 0.129891 0.149430 0.204307 0.190349 0.239883 0.193637 0.211198 0.231869 0.179579 0.145434 0.145570 0.168079 0.117744 0.166854 0.154506 0.150142 0.214209 0.193576 0.239173 0.183128 0.144950 0.172122 0.183442 0.139599 0.145043 0.174524 0.227512 0.236736 0.222741 0.185193 0.168762 0.197010 0.180193 0.129608 0.125110 0.229469 0.263681 0.237202 
0.131633 0.000000 0.129926 0.099851 0.247231 0.243514 0.248800 0.142228 0.160632 0.143567 0.154003 0.141068 0.158877 0.181882 0.157346 0.157338 0.102015 0.147526 0.186944 0.298848 0.331472 0.355324 0.347858 0.376737 0.329972 0.342289 0.309423 0.350697 0.324363 0.291588 0.299356 0.299697 0.314614 0.319158 0.347807 0.282598 0.368741 0.339532 0.178020 0.177348 0.205137 0.171085 0.210886 0.220405 0.178339 0.155296 0.177168 0.209837 0.130656 0.289317 0.244979 0.255782 0.197195 0.197732 0.216143 0.241975 0.304570 0.320827 0.313972 0.319459 0.343231 0.349303 0.193012 0.301199 0.333299 0.183739 0.222015 0.116481 0.134929 0.142179 0.146041 0.239938 0.292613 0.167439 0.215436 0.199643 0.163962 0.136589 0.123085 0.160578 0.489970 0.180631 0.469459 0.240967 0.299273 0.212311 0.256013 0.325545 0.326291 0.203643 0.388465 0.600564 0.243168 0.539276 0.370457 0.193278 0.161847 0.177361 0.197781 0.171903 0.183818 0.189640 0.176945 0.178876 0.170827 0.184862 0.186049 0.176509 0.176066 0.190734 0.115202 0.190007 0.137512 0.117624 0.125477 0.128200 0.156594 0.130362 0.183571 0.157879 0.202684 0.197006 0.226488 0.190014 0.187238 0.201198 0.207338 0.195605 0.218660 0.205639 0.222574 0.208890 0.214769 0.177872 0.218829 0.230231 0.202327 0.191729 0.209469 0.223096 0.208229 0.190515 0.197282 0.215655 0.213191 0.215371 0.157988 0.179734 0.205448 0.143986 0.188060 0.176140 0.364725 0.189581 0.279981 0.164898 0.150398 0.185219 0.143001 0.134474 0.098068 0.132846 0.183437 0.121334 0.148033 0.134347 0.134073 0.232934 0.249462 0.265132 0.252038 0.235165 0.175224 0.174509 0.168102 0.179902 0.141695 0.221445 0.184411 0.177433 0.103783 0.099897 0.165007 0.126345 0.169049 0.189851 0.132446 0.151671 0.130157 0.155860 0.156475 0.093469 0.114332 0.151822 0.151352 0.131014 0.113564 0.110337 0.171063 0.155386 0.151484 0.143997 0.095324 0.130795 0.124985 0.178439 0.157540 0.135861 0.177948 0.167916 0.121947 0.087291 0.127541 0.132420 0.122457 0.121833 0.101680 0.204821 0.171052 0.184196 0.150676 0.123394 0.153654 0.161981 0.132501 0.134218 0.142152 0.211077 0.229297 0.212430 0.108428 0.159698 0.176968 0.150286 0.117549 0.104217 0.215106 0.255296 0.225318 
0.098753 0.129926 0.000000 0.104019 0.229272 0.206040 0.223716 0.125203 0.112275 0.127759 0.130094 0.127141 0.145583 0.165018 0.133972 0.128014 0.127954 0.114165 0.151667 0.299101 0.328437 0.335355 0.345979 0.370298 0.333695 0.335530 0.302131 0.350371 0.325861 0.289537 0.301288 0.287306 0.325526 0.317525 0.339797 0.280103 0.357255 0.332387 0.178694 0.152957 0.200412 0.174729 0.198612 0.203405 0.158390 0.148727 0.133079 0.210731 0.194381 0.310769 0.241012 0.253397 0.207875 0.208206 0.189420 0.251543 0.306786 0.301786 0.313909 0.289384 0.326452 0.324154 0.238922 0.272987 0.319754 0.213735 0.176093 0.128988 0.161950 0.107990 0.105376 0.302531 0.311771 0.194429 0.178250 0.149763 0.233594 0.172583 0.192041 0.125599 0.504835 0.182475 0.495439 0.235694 0.307181 0.264188 0.267491 0.305782 0.372877 0.220650 0.407909 0.633096 0.252466 0.495402 0.399697 0.185801 0.152425 0.189348 0.202152 0.168167 0.192730 0.189846 0.180451 0.190029 0.165442 0.173335 0.182720 0.176973 0.151657 0.202488 0.147252 0.196786 0.151560 0.108071 0.123529 0.124839 0.157437 0.132965 0.154322 0.128166 0.161545 0.166388 0.197900 0.158530 0.167565 0.158574 0.167769 0.192945 0.200156 0.172248 0.176449 0.155920 0.191275 0.153390 0.166849 0.180047 0.146025 0.172596 0.178005 0.207823 0.175428 0.167906 0.183968 0.182553 0.156616 0.187275 0.147643 0.184588 0.185745 0.114187 0.154556 0.125482 0.353617 0.166956 0.246387 0.172194 0.117105 0.127758 0.120795 0.116592 0.092397 0.076930 0.144431 0.102899 0.122834 0.126476 0.125405 0.272217 0.322720 0.318663 0.338618 0.318582 0.219316 0.192744 0.183670 0.206260 0.187024 0.222955 0.234711 0.213427 0.129560 0.141555 0.122267 0.117835 0.193008 0.173237 0.119746 0.195887 0.184551 0.133333 0.168045 0.158587 0.123357 0.122253 0.109899 0.183160 0.107744 0.129381 0.130561 0.103954 0.122102 0.140854 0.134946 0.188442 0.172199 0.204751 0.166669 0.186604 0.199820 0.155152 0.106132 0.105301 0.146408 0.084061 0.110291 0.099188 0.102634 0.184360 0.187879 0.227943 0.164774 0.110545 0.126952 0.188776 0.127581 0.139792 0.147080 0.216005 0.236218 0.202689 0.177962 0.127089 0.166608 0.163020 0.115568 0.103637 0.207837 0.248821 0.219047 
0.137279 0.099851 0.104019 0.000000 0.261475 0.211469 0.228899 0.135739 0.133998 0.126555 0.154124 0.130928 0.128839 0.167146 0.118207 0.131143 0.127933 0.103566 0.178228 0.287931 0.320957 0.345261 0.338353 0.365993 0.320491 0.329464 0.299560 0.344694 0.310583 0.280824 0.297239 0.295481 0.311828 0.307586 0.337110 0.267326 0.353727 0.323640 0.159551 0.156502 0.191771 0.155022 0.180562 0.191814 0.141036 0.131630 0.144435 0.204096 0.155556 0.290830 0.240024 0.260620 0.192506 0.202283 0.201422 0.232708 0.304933 0.311039 0.295453 0.304591 0.314633 0.337466 0.203518 0.304169 0.332215 0.174916 0.156026 0.119707 0.153126 0.084476 0.071134 0.295112 0.297215 0.196481 0.200968 0.175507 0.199222 0.168231 0.159413 0.099213 0.506130 0.185647 0.517500 0.257328 0.290076 0.264096 0.268460 0.315111 0.354205 0.225045 0.423539 0.652602 0.267422 0.484276 0.407398 0.182301 0.152026 0.166094 0.182462 0.144665 0.171311 0.177836 0.159434 0.161586 0.152443 0.158854 0.156906 0.150889 0.164868 0.175133 0.132009 0.176966 0.124533 0.098250 0.097778 0.120736 0.150870 0.132413 0.166331 0.135081 0.158927 0.189197 0.213086 0.171600 0.154521 0.180500 0.184340 0.189764 0.197266 0.177411 0.210902 0.180340 0.200819 0.157345 0.203446 0.209906 0.182948 0.178793 0.192126 0.212068 0.195450 0.188639 0.183433 0.186677 0.181920 0.197010 0.155664 0.161382 0.177919 0.126247 0.155746 0.109573 0.363747 0.163324 0.230393 0.146040 0.110182 0.160880 0.123193 0.115605 0.086466 0.098714 0.160858 0.102833 0.122782 0.113391 0.102088 0.240761 0.281183 0.283444 0.299261 0.286705 0.192054 0.184267 0.154035 0.171331 0.161352 0.212707 0.195760 0.183463 0.128253 0.130111 0.132312 0.111971 0.188400 0.186122 0.135427 0.155150 0.181746 0.160146 0.185011 0.124292 0.117824 0.152835 0.144382 0.153865 0.105150 0.116317 0.166556 0.156472 0.140983 0.150950 0.103225 0.159492 0.152427 0.182854 0.147734 0.155499 0.192216 0.166735 0.110564 0.094694 0.141705 0.112804 0.102539 0.093215 0.105040 0.179339 0.183315 0.198481 0.145714 0.102216 0.112470 0.161814 0.119134 0.134579 0.135124 0.203741 0.245810 0.201417 0.170557 0.141326 0.172861 0.157551 0.111739 0.120554 0.200997 0.235350 0.214581 
0.217639 0.247231 0.229272 0.261475 0.000000 0.137722 0.210050 0.301857 0.306731 0.304266 0.299557 0.303840 0.274900 0.306846 0.279996 0.258202 0.278803 0.296110 0.287359 0.365772 0.398985 0.391724 0.405944 0.437245 0.390333 0.388790 0.369628 0.410315 0.376160 0.372226 0.377785 0.369847 0.376949 0.385954 0.396668 0.378395 0.432047 0.415611 0.288155 0.314713 0.323091 0.305641 0.303551 0.303704 0.304727 0.284547 0.290383 0.328268 0.263827 0.353788 0.333051 0.336574 0.302984 0.306203 0.267267 0.308377 0.255954 0.223662 0.262816 0.248864 0.301764 0.266152 0.305265 0.247946 0.256627 0.209740 0.245618 0.221003 0.239488 0.283164 0.284516 0.318401 0.344954 0.199023 0.168128 0.179695 0.272521 0.220377 0.257722 0.265332 0.357534 0.296686 0.456941 0.229074 0.357819 0.313569 0.220278 0.353471 0.373266 0.269635 0.356893 0.607734 0.270479 0.507975 0.306157 0.286937 0.302217 0.319828 0.297664 0.320136 0.304650 0.314259 0.289413 0.309058 0.296323 0.300273 0.324235 0.311221 0.311506 0.328640 0.230246 0.300141 0.260284 0.243055 0.254379 0.250435 0.252989 0.235728 0.283629 0.302948 0.304282 0.300273 0.333760 0.295144 0.290430 0.327133 0.308894 0.308650 0.315842 0.302011 0.319849 0.306212 0.301751 0.283402 0.317207 0.323082 0.300836 0.305922 0.314505 0.320485 0.311068 0.289128 0.310805 0.322910 0.308790 0.317692 0.302319 0.285857 0.270108 0.279078 0.348605 0.292197 0.307279 0.338191 0.291261 0.297679 0.260869 0.331763 0.307039 0.271764 0.257354 0.270129 0.281923 0.274619 0.303756 0.284241 0.297170 0.323966 0.339727 0.344074 0.340203 0.297039 0.316431 0.305120 0.304742 0.315979 0.287705 0.325536 0.313612 0.246296 0.266845 0.257285 0.322228 0.300159 0.218599 0.241242 0.206639 0.258857 0.255169 0.206417 0.224550 0.256246 0.219098 0.201109 0.248413 0.250104 0.244393 0.227355 0.308930 0.203779 0.198745 0.204234 0.264153 0.293900 0.255964 0.302808 0.268723 0.266733 0.304854 0.306938 0.279027 0.252410 0.273973 0.202508 0.291014 0.285134 0.270950 0.325465 0.306422 0.345387 0.321842 0.269535 0.295893 0.292351 0.263968 0.275901 0.274859 0.317148 0.245176 0.301735 0.245965 0.267315 0.320206 0.310996 0.256773 0.250756 0.299127 0.326463 0.310991 
0.192513 0.243514 0.206040 0.211469 0.137722 0.000000 0.122633 0.280367 0.285068 0.283637 0.275721 0.280253 0.240333 0.263026 0.246216 0.244865 0.278108 0.257855 0.274151 0.330849 0.361872 0.376678 0.370795 0.402299 0.357761 0.367036 0.337987 0.380122 0.349920 0.332254 0.341196 0.338212 0.338057 0.350858 0.372610 0.336585 0.403967 0.383709 0.258546 0.281549 0.293106 0.263816 0.277225 0.282377 0.271175 0.253992 0.263673 0.286928 0.256143 0.340037 0.299153 0.304411 0.277014 0.280737 0.230945 0.291348 0.232702 0.226618 0.216045 0.230098 0.252460 0.241046 0.278006 0.276217 0.264087 0.172913 0.160167 0.218341 0.239661 0.232375 0.243775 0.338881 0.342426 0.212590 0.130863 0.150041 0.263513 0.227095 0.246575 0.206056 0.385851 0.292018 0.485613 0.216966 0.351670 0.325452 0.236079 0.345883 0.391115 0.258012 0.389161 0.623700 0.278492 0.418230 0.323382 0.269085 0.266538 0.269722 0.263023 0.274759 0.259948 0.266642 0.253605 0.274453 0.255574 0.263939 0.281002 0.269386 0.278530 0.287291 0.235570 0.268751 0.242354 0.208988 0.225851 0.231828 0.247589 0.221466 0.268856 0.263627 0.286007 0.282838 0.323335 0.280520 0.277036 0.311800 0.302014 0.296973 0.304775 0.285371 0.313628 0.298755 0.293744 0.268158 0.308322 0.316420 0.291960 0.290277 0.307884 0.312267 0.299645 0.274992 0.294853 0.305060 0.302665 0.311657 0.267634 0.257582 0.183179 0.247497 0.309946 0.249832 0.280600 0.299550 0.232130 0.256366 0.228747 0.308735 0.263005 0.241643 0.240162 0.248129 0.279573 0.239661 0.261655 0.240844 0.254793 0.304470 0.343257 0.337231 0.351563 0.316639 0.293362 0.290804 0.278718 0.288230 0.265051 0.308596 0.291773 0.239385 0.256918 0.257295 0.285336 0.272018 0.226976 0.228251 0.204682 0.240212 0.264232 0.204731 0.240630 0.247821 0.216516 0.203813 0.232427 0.244817 0.230854 0.225564 0.285218 0.206273 0.181060 0.210135 0.252455 0.273731 0.259961 0.307261 0.264046 0.265132 0.302363 0.297158 0.257486 0.251083 0.269173 0.200529 0.263072 0.254559 0.256325 0.305202 0.291226 0.332392 0.298587 0.247370 0.265244 0.270691 0.234752 0.249684 0.247325 0.285224 0.228458 0.275801 0.254776 0.252601 0.305923 0.294738 0.237364 0.230424 0.272440 0.292935 0.279444 
0.213085 0.248800 0.223716 0.228899 0.210050 0.122633 0.000000 0.277394 0.299252 0.292868 0.258709 0.284174 0.270131 0.280857 0.286074 0.295301 0.291375 0.248681 0.289679 0.364466 0.387355 0.403317 0.397654 0.421185 0.393426 0.403454 0.367396 0.388513 0.394847 0.377408 0.329107 0.368107 0.348916 0.382731 0.403332 0.381057 0.431398 0.415808 0.315839 0.322114 0.333645 0.292897 0.331443 0.330315 0.326395 0.313564 0.318656 0.299624 0.303849 0.378533 0.327520 0.319691 0.331990 0.273798 0.249995 0.328921 0.262953 0.287139 0.251845 0.290837 0.270117 0.298135 0.311323 0.325421 0.342351 0.200875 0.177269 0.245702 0.248526 0.253681 0.259146 0.369400 0.371091 0.268289 0.188859 0.214238 0.304955 0.272413 0.283309 0.243250 0.383238 0.276367 0.495502 0.227018 0.333215 0.308586 0.281807 0.344100 0.381451 0.245034 0.409643 0.604351 0.289812 0.381854 0.351105 0.276017 0.303811 0.277924 0.319144 0.320112 0.304778 0.296690 0.309332 0.330527 0.312188 0.321527 0.332954 0.329590 0.322050 0.336194 0.265302 0.288150 0.280114 0.232962 0.245019 0.259475 0.262420 0.223408 0.319146 0.292629 0.337961 0.323974 0.373205 0.336687 0.327652 0.351514 0.353217 0.350988 0.354829 0.334242 0.364802 0.348084 0.343843 0.323474 0.359718 0.367181 0.343908 0.342840 0.353272 0.362764 0.349803 0.314453 0.352482 0.355729 0.351654 0.362848 0.286025 0.270661 0.177061 0.284250 0.343817 0.282610 0.286060 0.321776 0.282601 0.273860 0.256430 0.331910 0.280273 0.250972 0.250123 0.271187 0.289464 0.273973 0.292681 0.266312 0.287718 0.342832 0.371828 0.368101 0.384956 0.359514 0.317080 0.300595 0.305219 0.303106 0.284482 0.329120 0.319192 0.287905 0.267392 0.273214 0.311691 0.293014 0.269272 0.233386 0.235513 0.254620 0.285665 0.244143 0.273715 0.253589 0.245828 0.233318 0.254423 0.255758 0.250812 0.249316 0.285444 0.241027 0.221018 0.241275 0.251020 0.264396 0.283465 0.339113 0.293921 0.289480 0.333794 0.291213 0.265372 0.271208 0.298885 0.240266 0.282137 0.278776 0.272377 0.338437 0.295472 0.324809 0.296156 0.255056 0.284541 0.283786 0.249053 0.240386 0.269351 0.279536 0.231594 0.292534 0.278979 0.304166 0.297020 0.278919 0.230183 0.214220 0.290281 0.308516 0.290488 
0.165470 0.142228 0.125203 0.135739 0.301857 0.280367 0.277394 0.000000 0.096369 0.044410 0.060561 0.062453 0.107093 0.096062 0.106141 0.130571 0.132561 0.094038 0.131294 0.279079 0.307776 0.334435 0.323792 0.353313 0.311067 0.317013 0.294525 0.319353 0.306113 0.275117 0.254351 0.272911 0.283239 0.298019 0.319830 0.260928 0.342572 0.314576 0.158868 0.145809 0.178613 0.139379 0.175329 0.179471 0.147908 0.126937 0.132545 0.123215 0.166024 0.254592 0.159182 0.161858 0.168748 0.172936 0.175088 0.249579 0.345192 0.327536 0.373491 0.345955 0.377849 0.365723 0.200531 0.297648 0.364265 0.262575 0.230509 0.124293 0.173694 0.134039 0.122945 0.310356 0.268485 0.244102 0.262076 0.228050 0.239153 0.214488 0.199811 0.176664 0.531335 0.110459 0.464704 0.228231 0.204212 0.197214 0.298327 0.217159 0.327175 0.175821 0.385654 0.594439 0.212076 0.533051 0.368609 0.132858 0.144474 0.151017 0.181510 0.149746 0.169719 0.165621 0.164547 0.165113 0.150843 0.159220 0.160722 0.152868 0.155754 0.179129 0.168551 0.135430 0.149660 0.127330 0.130074 0.144290 0.163864 0.156367 0.131318 0.119148 0.146999 0.153870 0.175383 0.147502 0.138534 0.150333 0.156581 0.166340 0.174231 0.162207 0.176992 0.158638 0.168881 0.136019 0.173736 0.180302 0.157804 0.153767 0.163658 0.185554 0.164479 0.143971 0.167753 0.167562 0.152086 0.164310 0.116420 0.135199 0.228611 0.097536 0.151623 0.150669 0.333724 0.140417 0.273541 0.112046 0.130771 0.133927 0.097812 0.093111 0.100290 0.097587 0.138588 0.091704 0.128670 0.106479 0.119481 0.261043 0.316531 0.309059 0.342029 0.350682 0.204315 0.196300 0.162034 0.175995 0.192098 0.192327 0.214620 0.243878 0.132011 0.170022 0.159999 0.143454 0.202341 0.188265 0.128724 0.199616 0.148171 0.182377 0.165202 0.151938 0.146876 0.152349 0.135356 0.185685 0.133611 0.155372 0.090261 0.168007 0.153023 0.149581 0.143248 0.167283 0.193823 0.210745 0.166393 0.186326 0.178882 0.125000 0.142852 0.133806 0.171581 0.161304 0.095443 0.112824 0.123561 0.140234 0.150074 0.175321 0.126529 0.128822 0.143806 0.139610 0.108622 0.123856 0.119180 0.151024 0.230329 0.135797 0.183003 0.155069 0.093702 0.134341 0.088133 0.117673 0.158255 0.160794 0.139591 
0.163056 0.160632 0.112275 0.133998 0.306731 0.285068 0.299252 0.096369 0.000000 0.086940 0.130153 0.075377 0.161303 0.142937 0.143630 0.132422 0.113447 0.069017 0.150504 0.303504 0.334006 0.340248 0.351091 0.376293 0.340968 0.347596 0.307420 0.355298 0.333275 0.296364 0.298111 0.300412 0.326082 0.324020 0.350014 0.283315 0.362313 0.337098 0.187267 0.158171 0.210033 0.191772 0.206810 0.215934 0.176050 0.161217 0.138432 0.171975 0.174144 0.254524 0.210036 0.208475 0.153635 0.177207 0.165602 0.223883 0.318312 0.324153 0.349398 0.311247 0.344027 0.340654 0.188399 0.281141 0.329758 0.249800 0.228153 0.138172 0.167807 0.122048 0.113506 0.285131 0.262216 0.222062 0.248277 0.220227 0.224089 0.213961 0.185997 0.174641 0.494519 0.126469 0.462469 0.237906 0.240393 0.220455 0.270408 0.278120 0.324439 0.210897 0.395469 0.622379 0.231812 0.532052 0.371911 0.183580 0.160741 0.203540 0.210335 0.180928 0.201780 0.201603 0.189147 0.196452 0.173094 0.184686 0.193295 0.189860 0.159610 0.207074 0.169381 0.156476 0.160536 0.142683 0.149370 0.150881 0.184412 0.168823 0.167853 0.150158 0.171504 0.165665 0.203165 0.170382 0.178412 0.162366 0.188637 0.200800 0.214723 0.191614 0.190582 0.170366 0.200211 0.169413 0.178242 0.191325 0.160800 0.179540 0.197469 0.219463 0.182739 0.179004 0.186893 0.189343 0.173185 0.197246 0.159066 0.156613 0.229314 0.122041 0.169407 0.144694 0.355128 0.193224 0.261434 0.161292 0.140269 0.143901 0.136978 0.112545 0.116943 0.079788 0.147124 0.110705 0.145592 0.141135 0.155530 0.250655 0.304079 0.297821 0.338393 0.353278 0.193546 0.176843 0.163609 0.179989 0.189311 0.187695 0.206405 0.245185 0.141713 0.176381 0.169372 0.155053 0.188418 0.203253 0.137972 0.207946 0.186439 0.148861 0.161904 0.171834 0.150304 0.137459 0.111756 0.199323 0.114768 0.160620 0.123698 0.137020 0.168130 0.150350 0.133598 0.178237 0.182386 0.189372 0.154093 0.182943 0.163893 0.124355 0.117314 0.119211 0.135885 0.133367 0.101182 0.109753 0.121193 0.140327 0.148717 0.175937 0.125516 0.133908 0.121594 0.143044 0.139207 0.151620 0.112998 0.176188 0.220930 0.146219 0.188650 0.146018 0.135276 0.130495 0.130894 0.138590 0.207032 0.215057 0.212214 
0.162241 0.143567 0.127759 0.126555 0.304266 0.283637 0.292868 0.044410 0.086940 0.000000 0.083386 0.080184 0.103803 0.111507 0.100171 0.129672 0.122260 0.101246 0.140325 0.268354 0.300957 0.328540 0.317019 0.345478 0.304325 0.310095 0.287111 0.316959 0.296017 0.266958 0.261300 0.268780 0.286370 0.288654 0.313075 0.242377 0.326338 0.292271 0.144673 0.132495 0.166376 0.141726 0.152005 0.161055 0.134077 0.111728 0.128008 0.135473 0.152713 0.234591 0.164350 0.174254 0.145304 0.180385 0.184758 0.233685 0.330589 0.315376 0.359966 0.331192 0.370659 0.357416 0.184971 0.288687 0.345801 0.250062 0.228459 0.117157 0.169355 0.131171 0.115123 0.292661 0.253460 0.226471 0.251096 0.222529 0.224354 0.200525 0.186591 0.168114 0.525074 0.122138 0.482768 0.235910 0.212988 0.208184 0.291798 0.234517 0.332450 0.184175 0.398193 0.610840 0.214281 0.533705 0.379264 0.136087 0.133325 0.159359 0.175128 0.137359 0.167212 0.165762 0.153397 0.150900 0.136630 0.140172 0.141981 0.138155 0.147915 0.162414 0.161871 0.138810 0.140992 0.132764 0.128689 0.141541 0.168346 0.167001 0.130601 0.122163 0.132086 0.148399 0.163414 0.130631 0.126838 0.132608 0.142528 0.159088 0.160174 0.152857 0.172134 0.147800 0.165419 0.127995 0.161922 0.171306 0.142817 0.136283 0.150388 0.173221 0.153774 0.147399 0.149128 0.154851 0.141380 0.145200 0.117987 0.135302 0.227827 0.095849 0.148479 0.149551 0.347017 0.129650 0.264200 0.117389 0.127131 0.124383 0.109705 0.098244 0.093472 0.095803 0.142318 0.093390 0.134746 0.107345 0.114559 0.245094 0.303655 0.294175 0.331861 0.339812 0.186659 0.186056 0.151261 0.165227 0.179336 0.180253 0.201842 0.235663 0.131122 0.165171 0.162024 0.145940 0.186141 0.189851 0.121897 0.194782 0.147348 0.175512 0.155861 0.152065 0.138642 0.142439 0.134175 0.183176 0.118770 0.143470 0.111359 0.166322 0.148381 0.142029 0.139743 0.170198 0.185198 0.199022 0.156814 0.177005 0.170732 0.129296 0.138238 0.127870 0.162702 0.161732 0.096153 0.099994 0.118349 0.139407 0.154961 0.180783 0.133792 0.128103 0.134490 0.135254 0.130022 0.143072 0.117061 0.169182 0.237756 0.152960 0.178316 0.157913 0.111348 0.142848 0.098013 0.128033 0.169886 0.179153 0.165110 
0.167717 0.154003 0.130094 0.154124 0.299557 0.275721 0.258709 0.060561 0.130153 0.083386 0.000000 0.098778 0.091201 0.102892 0.102814 0.133271 0.157735 0.107873 0.115433 0.266581 0.290092 0.329831 0.305967 0.338236 0.299758 0.315163 0.280320 0.295352 0.303418 0.268709 0.223832 0.256555 0.248357 0.289355 0.312949 0.273970 0.351086 0.326728 0.158113 0.156219 0.182550 0.115792 0.174305 0.174071 0.148956 0.131095 0.137103 0.160601 0.179325 0.281883 0.182944 0.178533 0.194259 0.193476 0.185495 0.268836 0.362618 0.344981 0.392784 0.358165 0.390230 0.383323 0.225719 0.337675 0.390473 0.276796 0.231319 0.145571 0.179297 0.159156 0.142242 0.338576 0.299558 0.267332 0.272788 0.243448 0.265999 0.231533 0.225186 0.191464 0.561054 0.114327 0.473697 0.234417 0.210370 0.199217 0.328845 0.213778 0.326345 0.186557 0.394153 0.600225 0.234849 0.542475 0.377124 0.105256 0.153907 0.118656 0.182538 0.158631 0.153261 0.143489 0.161305 0.171253 0.160625 0.165298 0.170587 0.163923 0.158865 0.183852 0.176123 0.174551 0.161905 0.114983 0.121187 0.135104 0.150359 0.139202 0.129779 0.106508 0.154129 0.139241 0.177176 0.147422 0.144571 0.165614 0.161321 0.165090 0.179658 0.161053 0.172825 0.155589 0.173806 0.140606 0.169707 0.175858 0.150778 0.161299 0.162541 0.192705 0.174092 0.149618 0.174557 0.178230 0.150554 0.170117 0.104867 0.134419 0.233310 0.097939 0.160905 0.164298 0.342888 0.139789 0.301554 0.106581 0.145012 0.132817 0.100811 0.106298 0.118745 0.111065 0.157737 0.099363 0.132171 0.097153 0.126942 0.285235 0.342926 0.326192 0.363516 0.358144 0.233996 0.229501 0.194833 0.215137 0.220431 0.232551 0.244082 0.253639 0.138730 0.179888 0.168439 0.134195 0.241889 0.167628 0.145886 0.188228 0.183141 0.206638 0.205127 0.170050 0.163952 0.187404 0.166556 0.201090 0.156327 0.169564 0.084444 0.185344 0.159747 0.180501 0.169155 0.165118 0.212478 0.234406 0.188221 0.198870 0.196027 0.161380 0.174889 0.152982 0.189908 0.168213 0.117279 0.132883 0.133280 0.175938 0.174976 0.229565 0.180747 0.124275 0.162466 0.148918 0.120903 0.120166 0.135743 0.154919 0.265347 0.170591 0.206683 0.161957 0.119804 0.176078 0.106810 0.138338 0.127515 0.162547 0.125938 
0.151107 0.141068 0.127141 0.130928 0.303840 0.280253 0.284174 0.062453 0.075377 0.080184 0.098778 0.000000 0.150233 0.133552 0.137282 0.141694 0.131399 0.075522 0.154213 0.303196 0.334179 0.349921 0.352044 0.378648 0.335570 0.344493 0.311024 0.353700 0.326842 0.296305 0.282408 0.301958 0.316529 0.321044 0.350079 0.286346 0.370501 0.339620 0.180908 0.164915 0.208329 0.182723 0.207258 0.217217 0.173668 0.151244 0.160882 0.151383 0.171590 0.275689 0.178919 0.184570 0.183354 0.193438 0.186541 0.249649 0.336640 0.336148 0.360358 0.337734 0.366825 0.362608 0.208041 0.301723 0.354426 0.256889 0.230185 0.133777 0.177792 0.128268 0.115932 0.312075 0.283626 0.240525 0.254998 0.231636 0.233687 0.220479 0.196351 0.176090 0.527279 0.138366 0.463634 0.236346 0.229260 0.230512 0.301015 0.259140 0.339554 0.180937 0.398547 0.607486 0.236594 0.533554 0.372755 0.173961 0.160683 0.178454 0.204229 0.173185 0.193918 0.201466 0.182191 0.187871 0.174534 0.182729 0.184197 0.179614 0.166254 0.198713 0.174901 0.157907 0.161962 0.140799 0.137299 0.155508 0.182555 0.163024 0.165202 0.143192 0.185031 0.176470 0.201175 0.171770 0.175448 0.180427 0.196543 0.196457 0.214122 0.202005 0.203668 0.173106 0.203269 0.168044 0.195869 0.211586 0.182944 0.185138 0.203280 0.217568 0.194432 0.186761 0.192941 0.206459 0.185487 0.200855 0.142969 0.163417 0.223992 0.125156 0.179431 0.155747 0.348975 0.180538 0.280574 0.143809 0.140973 0.154361 0.129550 0.121472 0.106562 0.090733 0.159366 0.101299 0.149879 0.128390 0.138281 0.273959 0.319587 0.316284 0.347610 0.345238 0.215805 0.207803 0.187712 0.199668 0.207404 0.213423 0.231899 0.239066 0.153506 0.182265 0.172024 0.130448 0.205533 0.194971 0.146638 0.200487 0.166661 0.180986 0.172506 0.154915 0.156709 0.158380 0.144125 0.182575 0.128666 0.163782 0.120818 0.165397 0.163849 0.149344 0.134971 0.183803 0.197431 0.214097 0.178109 0.193550 0.187167 0.127261 0.148161 0.132078 0.143293 0.141522 0.113253 0.122669 0.118287 0.144232 0.161279 0.179014 0.130544 0.132004 0.140917 0.155810 0.116437 0.130124 0.140946 0.169192 0.233836 0.148772 0.185702 0.147165 0.119748 0.136810 0.100127 0.136569 0.194115 0.199121 0.169738 
0.187348 0.158877 0.145583 0.128839 0.274900 0.240333 0.270131 0.107093 0.161303 0.103803 0.091201 0.150233 0.000000 0.098898 0.049441 0.100469 0.165003 0.139276 0.101971 0.207008 0.240949 0.287308 0.252810 0.293113 0.244960 0.259866 0.231689 0.254120 0.234724 0.211622 0.216555 0.214133 0.215884 0.236013 0.253548 0.215424 0.297380 0.270556 0.085505 0.105679 0.132860 0.073267 0.103688 0.102813 0.070319 0.066587 0.081388 0.162926 0.150566 0.257723 0.174038 0.196983 0.162281 0.223494 0.176449 0.235276 0.326633 0.304086 0.348977 0.318051 0.354262 0.348289 0.212987 0.319757 0.357947 0.248440 0.214157 0.142240 0.161756 0.147163 0.125990 0.314552 0.282631 0.224739 0.236762 0.203052 0.231608 0.199239 0.204333 0.153338 0.581341 0.149954 0.508827 0.259002 0.234596 0.225212 0.340306 0.221152 0.331843 0.205819 0.403615 0.641766 0.230075 0.532331 0.397054 0.075942 0.123650 0.099206 0.113706 0.109599 0.096258 0.097963 0.089124 0.105949 0.097183 0.094931 0.103166 0.100512 0.127628 0.126064 0.145246 0.178379 0.131365 0.079841 0.100876 0.108391 0.141233 0.126263 0.084148 0.078492 0.093334 0.095362 0.145888 0.095304 0.084507 0.118956 0.110185 0.123073 0.126014 0.093861 0.133920 0.110070 0.133561 0.092785 0.124269 0.127508 0.104256 0.111265 0.120479 0.142318 0.129102 0.106321 0.121779 0.119504 0.112562 0.125881 0.083662 0.111940 0.236207 0.064674 0.122866 0.138451 0.371457 0.111679 0.274337 0.088023 0.108213 0.120636 0.081523 0.099727 0.127538 0.116566 0.157651 0.095282 0.101767 0.070765 0.101070 0.249039 0.307341 0.291405 0.325967 0.310631 0.230537 0.221204 0.174236 0.201405 0.203643 0.225135 0.225828 0.199971 0.138610 0.157323 0.159615 0.148550 0.231308 0.161845 0.141906 0.152012 0.194310 0.188616 0.210292 0.158727 0.137116 0.190224 0.177005 0.186378 0.148654 0.140938 0.114652 0.179563 0.155798 0.181712 0.151029 0.178745 0.189485 0.202711 0.164711 0.171617 0.208268 0.201550 0.173914 0.148612 0.183825 0.158128 0.137943 0.127445 0.146670 0.170410 0.190468 0.246997 0.193660 0.128721 0.145842 0.153034 0.123461 0.132699 0.127255 0.179334 0.263127 0.173037 0.222115 0.146076 0.168884 0.209015 0.133473 0.147406 0.101188 0.157324 0.134549 
0.190213 0.181882 0.165018 0.167146 0.306846 0.263026 0.280857 0.096062 0.142937 0.111507 0.102892 0.133552 0.098898 0.000000 0.106473 0.140142 0.186912 0.151327 0.133369 0.239688 0.275011 0.305978 0.295091 0.328079 0.275057 0.303952 0.252201 0.294275 0.274706 0.233543 0.225675 0.232275 0.243244 0.271766 0.299526 0.265210 0.349742 0.326532 0.151823 0.156241 0.198644 0.125780 0.166044 0.168992 0.118376 0.142765 0.132876 0.138478 0.171036 0.259529 0.175954 0.170110 0.154599 0.201449 0.164439 0.225371 0.331940 0.308891 0.366538 0.307536 0.360184 0.333028 0.195941 0.291967 0.340595 0.282000 0.244753 0.147903 0.179966 0.161244 0.147930 0.310486 0.273932 0.244448 0.265076 0.225748 0.245233 0.232026 0.215708 0.175110 0.574344 0.130973 0.469543 0.247694 0.209267 0.206480 0.333244 0.213388 0.309082 0.174992 0.375881 0.599562 0.210535 0.565381 0.363696 0.132005 0.155866 0.127416 0.161335 0.156583 0.138503 0.125365 0.142622 0.175103 0.156412 0.156238 0.160432 0.151006 0.164820 0.185125 0.161643 0.148105 0.141791 0.100162 0.115304 0.133164 0.165000 0.142134 0.151975 0.113987 0.153173 0.157657 0.222650 0.172591 0.156133 0.192887 0.182375 0.191222 0.205679 0.158913 0.200716 0.180860 0.198145 0.152659 0.191078 0.182327 0.173808 0.180166 0.198962 0.217846 0.193647 0.160246 0.183778 0.187288 0.180991 0.200632 0.124301 0.101618 0.209616 0.110176 0.140897 0.134248 0.332028 0.149498 0.234870 0.085916 0.123493 0.178773 0.092350 0.101660 0.132386 0.132611 0.147771 0.099779 0.097844 0.085237 0.119499 0.251832 0.323574 0.297847 0.343032 0.331043 0.215258 0.207685 0.168285 0.177175 0.213427 0.200600 0.223209 0.228621 0.148968 0.173512 0.178802 0.181609 0.216372 0.191131 0.131672 0.191052 0.190277 0.195982 0.193733 0.150221 0.143049 0.175305 0.165794 0.193639 0.148307 0.160839 0.114945 0.180929 0.162337 0.166681 0.170354 0.181353 0.195996 0.217985 0.168153 0.183741 0.208869 0.169645 0.155105 0.183601 0.214577 0.188488 0.134024 0.133155 0.174531 0.120673 0.159641 0.199206 0.138834 0.143098 0.139329 0.136313 0.100804 0.113669 0.112107 0.128658 0.232902 0.140598 0.227050 0.190524 0.139605 0.165236 0.118001 0.141825 0.117036 0.126918 0.119660 
0.177162 0.157346 0.133972 0.118207 0.279996 0.246216 0.286074 0.106141 0.143630 0.100171 0.102814 0.137282 0.049441 0.106473 0.000000 0.089188 0.141005 0.136855 0.109704 0.214780 0.251003 0.288123 0.267734 0.302116 0.248733 0.265604 0.233414 0.275716 0.239217 0.209425 0.232692 0.224242 0.244843 0.237675 0.263284 0.223985 0.307329 0.280903 0.089356 0.087338 0.140620 0.089530 0.111998 0.118489 0.066963 0.066073 0.077041 0.171296 0.147620 0.260403 0.184147 0.204489 0.154819 0.220590 0.180477 0.224935 0.317855 0.305735 0.342508 0.312222 0.342751 0.348660 0.219630 0.310710 0.344467 0.242984 0.203908 0.139479 0.171623 0.115394 0.095633 0.313571 0.286676 0.224994 0.233789 0.197053 0.228739 0.205146 0.199311 0.138006 0.568226 0.154459 0.516086 0.266857 0.248087 0.239949 0.326856 0.235363 0.354088 0.209253 0.420121 0.656487 0.242822 0.528357 0.409049 0.100212 0.109452 0.110336 0.118582 0.096717 0.104513 0.110924 0.091260 0.103247 0.102088 0.099298 0.102834 0.099623 0.106052 0.125222 0.143866 0.184046 0.128208 0.078887 0.092369 0.116911 0.148838 0.126386 0.090961 0.068778 0.090485 0.111680 0.150442 0.099946 0.092444 0.121030 0.118362 0.125780 0.138576 0.106699 0.140125 0.118417 0.131870 0.094891 0.130250 0.126234 0.109909 0.119535 0.127946 0.156977 0.135418 0.119169 0.130002 0.125838 0.115885 0.132605 0.082357 0.127456 0.232531 0.044017 0.091655 0.110449 0.389968 0.103015 0.258838 0.099009 0.096560 0.111543 0.068350 0.095835 0.106841 0.093118 0.156410 0.074508 0.072411 0.058345 0.082227 0.254920 0.305332 0.298743 0.331138 0.307206 0.218608 0.208736 0.177601 0.199209 0.199927 0.223400 0.226262 0.195840 0.134323 0.145941 0.135229 0.118150 0.225691 0.179045 0.144157 0.166343 0.205382 0.183734 0.212407 0.148305 0.139360 0.179036 0.159233 0.189915 0.136197 0.144903 0.124007 0.171584 0.152660 0.173618 0.149082 0.186445 0.180772 0.190634 0.163061 0.169845 0.210105 0.196586 0.150032 0.142416 0.174178 0.142326 0.116886 0.106533 0.134211 0.151013 0.168885 0.232961 0.176992 0.122621 0.123110 0.144346 0.120106 0.129466 0.117593 0.180746 0.264646 0.176176 0.214780 0.143229 0.165450 0.197294 0.140067 0.150803 0.118005 0.160391 0.139540 
0.175192 0.157338 0.128014 0.131143 0.258202 0.244865 0.295301 0.130571 0.132422 0.129672 0.133271 0.141694 0.100469 0.140142 0.089188 0.000000 0.146145 0.131815 0.094017 0.233414 0.273760 0.266431 0.285351 0.324337 0.271007 0.286921 0.240797 0.297611 0.248665 0.227120 0.258055 0.241097 0.253111 0.265198 0.283527 0.247358 0.324485 0.303950 0.105749 0.123351 0.166618 0.137353 0.118195 0.120279 0.109193 0.100496 0.085187 0.192504 0.133262 0.254001 0.188012 0.197661 0.144468 0.232336 0.188007 0.187717 0.283328 0.282974 0.312065 0.281612 0.305209 0.334533 0.200880 0.285348 0.319092 0.234967 0.206859 0.119861 0.139754 0.133048 0.125399 0.280688 0.249391 0.193085 0.206205 0.176877 0.203351 0.189530 0.184976 0.160455 0.557191 0.167872 0.485783 0.261120 0.250793 0.253237 0.325757 0.220417 0.321554 0.239603 0.380956 0.672157 0.232901 0.533690 0.389096 0.107034 0.137934 0.160180 0.129509 0.152698 0.134536 0.141977 0.117711 0.135562 0.118633 0.126555 0.147906 0.144599 0.130711 0.155176 0.120805 0.178156 0.111341 0.099240 0.112368 0.105062 0.128697 0.114044 0.080110 0.104861 0.084830 0.099519 0.135540 0.090819 0.095517 0.117514 0.096627 0.110139 0.131642 0.091332 0.109354 0.091724 0.106846 0.078302 0.097703 0.107155 0.081547 0.106186 0.123421 0.141201 0.115262 0.099671 0.095952 0.120774 0.089181 0.115674 0.122591 0.121121 0.245058 0.085322 0.151394 0.116314 0.382988 0.178714 0.264134 0.123004 0.117857 0.144732 0.117686 0.111609 0.139414 0.092442 0.149596 0.105168 0.116543 0.110472 0.134999 0.229584 0.273797 0.271056 0.304330 0.285525 0.224727 0.204260 0.196011 0.214685 0.214511 0.222793 0.222942 0.162017 0.134770 0.156834 0.151283 0.150950 0.215039 0.128898 0.141984 0.144605 0.184808 0.172386 0.187786 0.161737 0.135342 0.169608 0.156601 0.179864 0.127191 0.151033 0.120481 0.151626 0.147417 0.157980 0.151422 0.190391 0.160295 0.170701 0.142024 0.173853 0.179411 0.201535 0.160737 0.129149 0.137305 0.117062 0.142592 0.123781 0.145925 0.141699 0.179866 0.240405 0.179423 0.133652 0.127313 0.159073 0.121915 0.142937 0.127336 0.208614 0.262272 0.189586 0.217210 0.095039 0.179654 0.212440 0.165513 0.165250 0.131053 0.174374 0.171608 
0.163876 0.102015 0.127954 0.127933 0.278803 0.278108 0.291375 0.132561 0.113447 0.122260 0.157735 0.131399 0.165003 0.186912 0.141005 0.146145 0.000000 0.112667 0.158298 0.302822 0.337524 0.354579 0.353509 0.379405 0.338707 0.351389 0.311891 0.358961 0.330091 0.296706 0.310572 0.308090 0.332969 0.325756 0.351037 0.282856 0.366215 0.337439 0.188271 0.166834 0.214761 0.187237 0.200194 0.211695 0.174635 0.163149 0.156429 0.218181 0.124394 0.279424 0.245764 0.249886 0.169077 0.160980 0.176224 0.240835 0.287160 0.306783 0.322055 0.327058 0.334675 0.366935 0.212966 0.293729 0.335101 0.184641 0.228209 0.129769 0.123691 0.115056 0.127710 0.234807 0.290777 0.163896 0.236760 0.202906 0.165077 0.151610 0.141450 0.178812 0.445679 0.135730 0.433513 0.187514 0.270789 0.178345 0.207520 0.312505 0.302816 0.180776 0.356451 0.573850 0.205738 0.532800 0.335258 0.186346 0.163851 0.207670 0.210215 0.179505 0.202551 0.201492 0.192565 0.196682 0.174715 0.183093 0.192855 0.186976 0.166220 0.209750 0.129937 0.193365 0.171108 0.150656 0.161664 0.155205 0.180223 0.148419 0.173545 0.158042 0.176536 0.183706 0.201858 0.175692 0.179247 0.176765 0.184788 0.196236 0.209017 0.192477 0.197714 0.181477 0.200560 0.169179 0.194024 0.202551 0.179840 0.179476 0.197366 0.215450 0.190966 0.187224 0.192373 0.193905 0.172587 0.192989 0.173119 0.165754 0.205108 0.140139 0.180833 0.164022 0.352215 0.202023 0.265213 0.180939 0.137405 0.162309 0.152415 0.129042 0.106369 0.113286 0.156744 0.138792 0.163565 0.150938 0.160729 0.233014 0.260497 0.273353 0.268748 0.283617 0.182448 0.166720 0.168612 0.185449 0.143003 0.213105 0.184573 0.214270 0.094359 0.095591 0.189956 0.171553 0.175400 0.200280 0.127095 0.174282 0.134956 0.140090 0.146290 0.128589 0.130775 0.145970 0.143140 0.152557 0.114874 0.141210 0.172578 0.148073 0.163930 0.161603 0.104795 0.141245 0.107197 0.137019 0.147535 0.133077 0.155234 0.135428 0.123053 0.073305 0.091192 0.116061 0.132815 0.123445 0.112095 0.187588 0.151254 0.162287 0.131984 0.141266 0.146390 0.172505 0.167206 0.166323 0.126913 0.210854 0.195320 0.194328 0.114341 0.174364 0.173497 0.129502 0.130893 0.100704 0.209543 0.248139 0.228768 
0.156785 0.147526 0.114165 0.103566 0.296110 0.257855 0.248681 0.094038 0.069017 0.101246 0.107873 0.075522 0.139276 0.151327 0.136855 0.131815 0.112667 0.000000 0.133464 0.303764 0.331175 0.344286 0.349783 0.374834 0.341609 0.343342 0.311077 0.345314 0.334704 0.301754 0.282158 0.295194 0.306139 0.322357 0.348348 0.284751 0.362850 0.336430 0.184595 0.164173 0.207687 0.178807 0.196486 0.203990 0.171642 0.155782 0.147380 0.186273 0.174008 0.289742 0.212472 0.219095 0.185337 0.174008 0.167231 0.255922 0.327209 0.330647 0.349459 0.334397 0.344333 0.366860 0.224838 0.314522 0.364458 0.228355 0.198966 0.156149 0.152492 0.105713 0.094977 0.314460 0.300465 0.227553 0.246654 0.222603 0.236040 0.220659 0.203770 0.160572 0.484537 0.138465 0.478312 0.212671 0.253125 0.231665 0.255644 0.276924 0.335389 0.210494 0.406335 0.619851 0.249152 0.495902 0.375875 0.159395 0.161601 0.173256 0.210200 0.180294 0.195217 0.195874 0.185710 0.195386 0.173074 0.182917 0.191866 0.188082 0.164052 0.205114 0.168865 0.185920 0.168596 0.133055 0.144775 0.145477 0.178609 0.160139 0.162532 0.142925 0.170757 0.164638 0.201295 0.168048 0.174708 0.166761 0.184365 0.203641 0.215088 0.194839 0.191175 0.158517 0.199247 0.165542 0.183001 0.200463 0.168184 0.180301 0.193494 0.216401 0.187581 0.172985 0.192927 0.196216 0.166747 0.197446 0.142105 0.149876 0.203197 0.117729 0.175333 0.137312 0.344766 0.174006 0.264390 0.156995 0.122722 0.140171 0.121894 0.107064 0.116208 0.090523 0.148177 0.110242 0.145008 0.125805 0.140529 0.266124 0.317961 0.311203 0.344662 0.351737 0.223507 0.203658 0.193381 0.209575 0.202208 0.225235 0.233329 0.251716 0.138289 0.164381 0.165440 0.140958 0.224595 0.185458 0.144390 0.204857 0.198682 0.166156 0.187232 0.170728 0.163604 0.162428 0.150702 0.193021 0.135780 0.164947 0.126833 0.154494 0.182372 0.175419 0.128498 0.173604 0.178125 0.183433 0.170642 0.183306 0.185532 0.135565 0.140470 0.117612 0.139004 0.134561 0.114994 0.111328 0.108812 0.166425 0.164770 0.199806 0.151179 0.110887 0.122271 0.175066 0.129684 0.132268 0.144682 0.192010 0.237336 0.172563 0.187534 0.149738 0.136980 0.142202 0.121323 0.123800 0.185589 0.222821 0.202636 
