240 240
0.000000 0.161772 0.165468 0.205948 0.227241 0.220758 0.257080 0.196157 0.191020 0.210694 0.194278 0.200822 0.183974 0.364373 0.218780 0.325895 0.334061 0.398268 0.441361 0.449409 0.415294 0.388165 0.378393 0.373473 0.366544 0.375315 0.406288 0.388703 0.443050 0.396495 0.364974 0.458024 0.433302 0.394109 0.457272 0.287545 0.253383 0.229791 0.245298 0.265325 0.262421 0.397734 0.294605 0.302012 0.278997 0.264296 0.236249 0.311668 0.432737 0.355763 0.382516 0.443856 0.392789 0.253047 0.327768 0.389509 0.417345 0.297311 0.328525 0.370487 0.157307 0.216213 0.204966 0.164994 0.192408 0.184029 0.384741 0.350739 0.392508 0.400737 0.170369 0.306520 0.242593 0.176503 0.606098 0.285664 0.390227 0.340684 0.317458 0.399981 0.463013 0.266103 0.481261 0.318899 0.625808 0.489074 0.453914 0.255966 0.213540 0.210098 0.202769 0.271086 0.237054 0.240999 0.262942 0.248370 0.247569 0.238652 0.223643 0.250577 0.216625 0.181074 0.253739 0.187567 0.206145 0.170690 0.193592 0.122648 0.224784 0.184867 0.248114 0.237988 0.264410 0.255122 0.298894 0.248484 0.261456 0.276593 0.248701 0.282455 0.302591 0.280374 0.286583 0.244066 0.275658 0.294843 0.259680 0.262077 0.271860 0.281422 0.302331 0.278758 0.255795 0.289146 0.182478 0.295014 0.185918 0.243067 0.230265 0.189641 0.210372 0.246725 0.404331 0.224729 0.215392 0.191753 0.283840 0.204106 0.215944 0.189440 0.316634 0.222402 0.211969 0.184548 0.185759 0.152458 0.217627 0.218974 0.216109 0.155542 0.198736 0.175572 0.177963 0.226876 0.214583 0.356473 0.405628 0.398016 0.371818 0.428172 0.216491 0.265118 0.284183 0.320301 0.272001 0.260940 0.271138 0.254068 0.308586 0.272026 0.205554 0.202286 0.223396 0.151267 0.227416 0.237719 0.171648 0.182307 0.188071 0.169600 0.153372 0.213270 0.154965 0.169388 0.145501 0.146556 0.135677 0.156205 0.177275 0.248064 0.229201 0.283681 0.233480 0.254574 0.282617 0.203259 0.207733 0.154105 0.202989 0.178242 0.198646 0.169606 0.175230 0.200931 0.199023 0.187621 0.185034 0.178294 0.232238 0.206164 0.235556 0.287316 0.282000 0.223019 0.168409 0.175122 0.210429 0.273674 0.282500 0.264924 0.236217 0.225133 0.205591 0.238377 0.235426 0.214410 0.210593 0.212612 0.211673 0.225017 
0.161772 0.000000 0.123416 0.177119 0.225844 0.212998 0.238716 0.172041 0.192281 0.193949 0.119581 0.203820 0.175207 0.351854 0.210822 0.322489 0.311633 0.402600 0.426581 0.459771 0.397725 0.370126 0.357645 0.365144 0.364489 0.390643 0.385140 0.389429 0.426153 0.389151 0.347561 0.453812 0.417916 0.373091 0.453459 0.249777 0.209796 0.219038 0.254496 0.266102 0.256889 0.355536 0.298537 0.313107 0.242938 0.235423 0.261185 0.290235 0.405690 0.393944 0.386916 0.457634 0.456998 0.242341 0.392359 0.305874 0.422407 0.236013 0.366908 0.380473 0.143845 0.163284 0.168673 0.171926 0.195819 0.173629 0.361423 0.276097 0.292022 0.389086 0.246920 0.200667 0.166695 0.218478 0.599806 0.291561 0.365419 0.257050 0.311997 0.400360 0.397425 0.245470 0.473876 0.295649 0.666898 0.471583 0.453419 0.234388 0.199806 0.212406 0.207307 0.241527 0.208740 0.225530 0.231726 0.217366 0.225358 0.218876 0.216951 0.212537 0.215071 0.134435 0.234270 0.136048 0.170089 0.144672 0.157675 0.128271 0.194408 0.159650 0.225670 0.223879 0.247952 0.242278 0.276109 0.233151 0.228702 0.253478 0.217705 0.241852 0.268593 0.272518 0.265367 0.220157 0.267707 0.281322 0.247746 0.237487 0.257237 0.255062 0.274954 0.257389 0.234731 0.263003 0.189710 0.283358 0.143560 0.218258 0.250829 0.176029 0.202038 0.225271 0.450267 0.220004 0.198423 0.176177 0.339772 0.200892 0.218257 0.180960 0.343197 0.199231 0.220222 0.173356 0.162188 0.118905 0.191928 0.218515 0.213013 0.148320 0.178053 0.163184 0.160263 0.210377 0.219172 0.288300 0.305189 0.306801 0.285134 0.309731 0.203930 0.261012 0.217794 0.252425 0.213475 0.207947 0.221402 0.173868 0.226097 0.219495 0.127614 0.172222 0.206812 0.161327 0.182782 0.157534 0.190294 0.102080 0.111861 0.139407 0.185850 0.158690 0.139143 0.132939 0.189824 0.125962 0.187187 0.178258 0.114074 0.159994 0.151064 0.210807 0.193275 0.164129 0.217753 0.208159 0.207982 0.157700 0.189891 0.164123 0.164093 0.150733 0.104809 0.152298 0.148547 0.146218 0.150095 0.120422 0.173916 0.202260 0.187454 0.222078 0.218366 0.196446 0.164491 0.165830 0.174810 0.258511 0.277024 0.257481 0.228730 0.133160 0.197760 0.218337 0.214203 0.180772 0.222621 0.220028 0.204120 0.204516 
0.165468 0.123416 0.000000 0.198921 0.212764 0.187089 0.211531 0.162952 0.155931 0.159880 0.151161 0.170714 0.119680 0.352934 0.192016 0.311859 0.312675 0.386233 0.411684 0.442988 0.376537 0.360970 0.341339 0.359610 0.356297 0.387885 0.379054 0.371777 0.408034 0.376842 0.325540 0.431853 0.395452 0.350636 0.430632 0.230987 0.188699 0.187210 0.215487 0.229454 0.247723 0.354916 0.289933 0.314909 0.234328 0.240075 0.241412 0.278730 0.390766 0.379147 0.361505 0.476556 0.431491 0.221104 0.373038 0.320532 0.383716 0.247298 0.369994 0.406743 0.146110 0.184864 0.163845 0.108913 0.138295 0.099815 0.362581 0.288795 0.337624 0.377972 0.215278 0.242952 0.205593 0.163473 0.617401 0.309984 0.354901 0.320830 0.325615 0.386147 0.433384 0.272800 0.518603 0.325555 0.596657 0.456148 0.497339 0.220150 0.183586 0.196953 0.176068 0.219510 0.172354 0.207058 0.214537 0.193477 0.189693 0.183584 0.186221 0.179017 0.196063 0.151365 0.216224 0.155014 0.152578 0.119752 0.146626 0.114967 0.184269 0.161439 0.201260 0.194477 0.193990 0.228882 0.255751 0.207004 0.187160 0.221951 0.199288 0.232405 0.239855 0.254413 0.244571 0.191616 0.245033 0.253434 0.220636 0.217360 0.232995 0.230915 0.257202 0.237999 0.229029 0.236773 0.184276 0.296466 0.129817 0.195509 0.215080 0.151833 0.183760 0.184700 0.445693 0.187633 0.170995 0.157335 0.277114 0.176753 0.171769 0.131457 0.327444 0.164510 0.187519 0.148283 0.139101 0.103180 0.157803 0.189244 0.171267 0.123509 0.146157 0.136322 0.120119 0.177488 0.160231 0.294359 0.343032 0.343727 0.318841 0.367587 0.189934 0.236341 0.234560 0.275688 0.223701 0.188302 0.208952 0.197086 0.239083 0.224688 0.155955 0.178037 0.230409 0.164069 0.187138 0.221692 0.192538 0.160420 0.151070 0.142479 0.184917 0.187281 0.127500 0.141708 0.188059 0.122866 0.173844 0.184062 0.122972 0.196016 0.186606 0.216307 0.179655 0.188783 0.233067 0.205831 0.185665 0.128283 0.189499 0.137495 0.157671 0.126188 0.113457 0.167638 0.124342 0.141621 0.113486 0.123298 0.159480 0.191020 0.187934 0.240202 0.228811 0.196530 0.147375 0.163944 0.164186 0.247527 0.297958 0.241085 0.209046 0.208293 0.170690 0.186198 0.208490 0.190581 0.195988 0.211080 0.183516 0.159674 
0.205948 0.177119 0.198921 0.000000 0.203329 0.207825 0.221252 0.165455 0.163028 0.218999 0.134475 0.221493 0.186443 0.296153 0.227140 0.312502 0.233034 0.399782 0.421171 0.453847 0.397521 0.371857 0.372547 0.358412 0.368125 0.396980 0.383532 0.389632 0.419802 0.401533 0.359610 0.451965 0.423126 0.384706 0.451595 0.276954 0.246652 0.258436 0.257599 0.252445 0.212500 0.275584 0.266240 0.256998 0.176594 0.132573 0.146495 0.224806 0.424436 0.323645 0.368299 0.418078 0.378237 0.270934 0.322702 0.328362 0.375759 0.186021 0.297183 0.313730 0.131386 0.152937 0.175033 0.191968 0.206871 0.202710 0.279155 0.250855 0.284133 0.322561 0.248699 0.216254 0.179347 0.239051 0.534741 0.193490 0.250993 0.166363 0.264642 0.328916 0.308312 0.172903 0.360965 0.153853 0.663667 0.366064 0.350579 0.227748 0.239563 0.252177 0.228933 0.266551 0.249325 0.263354 0.260506 0.269669 0.249709 0.251026 0.256494 0.257667 0.247449 0.188635 0.174000 0.154788 0.212593 0.199962 0.198593 0.174102 0.229918 0.213823 0.236968 0.245766 0.262570 0.259038 0.299282 0.257251 0.252488 0.272516 0.231105 0.277336 0.289083 0.292215 0.273118 0.241477 0.287893 0.289803 0.268339 0.269393 0.279024 0.276609 0.294092 0.273245 0.241244 0.285286 0.221769 0.169220 0.143294 0.189642 0.205787 0.195825 0.148426 0.277197 0.334175 0.248481 0.195695 0.194402 0.259185 0.187753 0.178738 0.166195 0.232125 0.235003 0.255145 0.214142 0.137705 0.145754 0.201279 0.180262 0.223876 0.177390 0.229300 0.197239 0.227387 0.239780 0.210848 0.264256 0.320686 0.304411 0.298864 0.343228 0.138962 0.172554 0.187354 0.215571 0.174734 0.149937 0.163853 0.160418 0.191504 0.259173 0.144996 0.199993 0.162546 0.137237 0.203901 0.166230 0.151602 0.162696 0.169171 0.154451 0.139723 0.197325 0.164356 0.175772 0.171029 0.166297 0.170176 0.165019 0.170592 0.165484 0.157773 0.201594 0.148847 0.161365 0.171898 0.246303 0.197253 0.211563 0.141582 0.177634 0.187298 0.177580 0.145064 0.185606 0.163893 0.160225 0.194756 0.179131 0.130247 0.170012 0.137544 0.173758 0.159416 0.141329 0.206777 0.210797 0.115593 0.200770 0.167106 0.165907 0.259251 0.180964 0.252430 0.248988 0.171070 0.138110 0.195827 0.223280 0.215262 0.233719 
0.227241 0.225844 0.212764 0.203329 0.000000 0.101556 0.107127 0.138227 0.174177 0.140484 0.209712 0.144106 0.174172 0.280188 0.166538 0.188325 0.297654 0.321386 0.332908 0.380162 0.341141 0.300391 0.291310 0.244317 0.280169 0.326584 0.275232 0.334437 0.354211 0.370091 0.335854 0.434021 0.407737 0.360640 0.438535 0.240303 0.127443 0.206204 0.197209 0.194346 0.223355 0.354724 0.241106 0.230822 0.229697 0.256899 0.186289 0.280516 0.500912 0.403621 0.466523 0.556083 0.496319 0.206789 0.411748 0.376347 0.431101 0.285779 0.388887 0.404761 0.175302 0.201844 0.176408 0.200474 0.126217 0.204105 0.361783 0.355851 0.388954 0.362134 0.283735 0.323932 0.293208 0.264750 0.715677 0.285091 0.232231 0.227881 0.421703 0.216948 0.355621 0.232774 0.469423 0.257823 0.699608 0.331398 0.444246 0.118437 0.203491 0.162995 0.187269 0.206406 0.215597 0.153141 0.125347 0.221028 0.202074 0.207295 0.200007 0.218019 0.191128 0.206882 0.219160 0.182710 0.196509 0.130453 0.138983 0.138185 0.146603 0.146708 0.155451 0.158541 0.182739 0.153311 0.248404 0.199143 0.196568 0.203572 0.160319 0.219155 0.235010 0.210357 0.212281 0.170709 0.202274 0.197119 0.177104 0.210383 0.212941 0.221900 0.244617 0.213238 0.164635 0.224434 0.153059 0.249424 0.153863 0.123947 0.286479 0.124079 0.231600 0.200490 0.388166 0.218624 0.109315 0.131908 0.353116 0.114688 0.203325 0.176809 0.309079 0.179969 0.189816 0.133165 0.146077 0.189818 0.128342 0.186515 0.148739 0.141487 0.156830 0.139622 0.184475 0.159796 0.193162 0.345487 0.416290 0.398237 0.395490 0.445721 0.200977 0.266497 0.302615 0.327154 0.279063 0.251549 0.272101 0.287421 0.311412 0.286985 0.174337 0.121139 0.292849 0.183552 0.200997 0.243562 0.237785 0.221884 0.203356 0.188608 0.221359 0.240699 0.190803 0.214462 0.190929 0.162713 0.196424 0.217786 0.203305 0.218699 0.244640 0.260301 0.213312 0.240329 0.265083 0.163212 0.158089 0.161158 0.205263 0.132973 0.119779 0.133242 0.203832 0.242910 0.204499 0.191076 0.186317 0.221087 0.265212 0.315378 0.238762 0.292897 0.265157 0.190150 0.137646 0.133852 0.152935 0.150245 0.311018 0.215419 0.205525 0.290833 0.216311 0.182177 0.194576 0.241268 0.135585 0.173928 0.132268 0.163712 
0.220758 0.212998 0.187089 0.207825 0.101556 0.000000 0.082328 0.145061 0.180062 0.126864 0.194235 0.113055 0.169613 0.299730 0.131591 0.224295 0.297074 0.283436 0.293166 0.344351 0.280726 0.268589 0.249309 0.228885 0.270365 0.296083 0.265907 0.289994 0.321901 0.306887 0.266232 0.365420 0.339813 0.290635 0.369946 0.176350 0.147545 0.128131 0.167596 0.166765 0.172942 0.299854 0.194468 0.199880 0.185453 0.245209 0.192460 0.227995 0.450049 0.342814 0.409733 0.501712 0.437898 0.142886 0.364385 0.340341 0.387474 0.242982 0.342443 0.379745 0.170596 0.177870 0.172189 0.183181 0.147633 0.171869 0.331535 0.310286 0.344568 0.352369 0.238641 0.280232 0.243768 0.209433 0.714332 0.293363 0.256149 0.266347 0.414153 0.248239 0.390661 0.216798 0.475811 0.265561 0.685878 0.348038 0.448571 0.109311 0.168258 0.161872 0.143254 0.167014 0.168225 0.153116 0.145574 0.161488 0.153752 0.158047 0.154955 0.173946 0.140534 0.182349 0.172707 0.175300 0.162224 0.122780 0.143215 0.136867 0.177369 0.150487 0.131652 0.143925 0.154577 0.142446 0.208369 0.162894 0.160037 0.182373 0.141296 0.181844 0.182259 0.194809 0.169169 0.152670 0.182476 0.178396 0.175094 0.156826 0.168132 0.174731 0.218690 0.161516 0.125138 0.189930 0.136391 0.249375 0.140190 0.121643 0.276643 0.116517 0.218224 0.190443 0.444732 0.194743 0.082551 0.109247 0.324225 0.106273 0.196600 0.148633 0.314752 0.167673 0.199018 0.117490 0.147799 0.190446 0.089756 0.193941 0.137543 0.138679 0.143556 0.122817 0.165701 0.173183 0.193070 0.315050 0.380586 0.371526 0.367935 0.418259 0.208268 0.256522 0.268403 0.299343 0.229191 0.236644 0.223546 0.246355 0.277399 0.240732 0.181321 0.140098 0.274874 0.191047 0.173987 0.234918 0.225940 0.203096 0.176465 0.174803 0.219608 0.198263 0.166749 0.175624 0.202729 0.151927 0.188091 0.219126 0.154576 0.225706 0.236966 0.242691 0.205821 0.231063 0.272781 0.196471 0.179183 0.160435 0.218178 0.135929 0.142868 0.132187 0.197717 0.220361 0.197691 0.202940 0.186350 0.222516 0.256071 0.296851 0.225968 0.281255 0.244392 0.173459 0.134235 0.132211 0.142588 0.187597 0.303709 0.189969 0.156275 0.289891 0.170333 0.128777 0.205181 0.241907 0.123239 0.158721 0.146908 0.145043 
0.257080 0.238716 0.211531 0.221252 0.107127 0.082328 0.000000 0.164902 0.211118 0.125789 0.219281 0.132782 0.191129 0.309688 0.116876 0.225530 0.316606 0.278664 0.287597 0.343546 0.283050 0.250314 0.252195 0.240396 0.242262 0.289726 0.254856 0.287613 0.303591 0.335065 0.293223 0.391714 0.362754 0.307862 0.387822 0.189742 0.124123 0.173230 0.154692 0.138196 0.198450 0.309174 0.203619 0.216297 0.193658 0.258410 0.187095 0.245449 0.447848 0.354557 0.414019 0.509092 0.454459 0.145934 0.367584 0.327312 0.395799 0.261086 0.358924 0.382907 0.181561 0.174886 0.177726 0.233013 0.158644 0.219024 0.333695 0.320458 0.359983 0.342372 0.250654 0.287339 0.246090 0.220723 0.718185 0.313253 0.227325 0.267590 0.425581 0.212887 0.345203 0.229631 0.448213 0.235780 0.679709 0.298404 0.432315 0.066243 0.195008 0.178363 0.182765 0.153527 0.191402 0.140634 0.138529 0.170577 0.161273 0.175974 0.178762 0.182906 0.184679 0.181638 0.205702 0.171580 0.161034 0.134877 0.128598 0.174472 0.145631 0.139821 0.119279 0.131519 0.150564 0.126015 0.200335 0.146336 0.140253 0.166985 0.116835 0.174313 0.169217 0.194121 0.151784 0.137334 0.176163 0.168706 0.165122 0.164900 0.165464 0.170461 0.198175 0.173632 0.126952 0.162885 0.149107 0.275830 0.160952 0.118202 0.302029 0.142927 0.242453 0.227282 0.432132 0.194608 0.091851 0.128374 0.345394 0.126336 0.226785 0.168701 0.325633 0.188826 0.216900 0.159173 0.163442 0.208687 0.100439 0.189755 0.166211 0.169599 0.182087 0.150901 0.188330 0.183769 0.212352 0.321149 0.382188 0.380134 0.365623 0.423867 0.181751 0.258063 0.291905 0.316730 0.266492 0.241631 0.253878 0.267563 0.292556 0.234753 0.195207 0.145100 0.283464 0.194353 0.161320 0.232018 0.225756 0.217519 0.193806 0.177131 0.235244 0.215101 0.187864 0.178608 0.226247 0.157685 0.197217 0.225474 0.188238 0.231451 0.232343 0.229272 0.196610 0.207232 0.254054 0.225775 0.207651 0.187491 0.231192 0.158279 0.147368 0.175790 0.217250 0.231749 0.216901 0.206679 0.215001 0.232507 0.259228 0.319281 0.233971 0.297293 0.249858 0.191261 0.150358 0.165654 0.169355 0.206435 0.318785 0.198678 0.147626 0.306681 0.172369 0.152564 0.222958 0.261355 0.128936 0.168650 0.149458 0.155869 
0.196157 0.172041 0.162952 0.165455 0.138227 0.145061 0.164902 0.000000 0.112848 0.162022 0.162901 0.167224 0.111655 0.237399 0.196280 0.244938 0.213791 0.370676 0.394631 0.428685 0.372209 0.340635 0.333587 0.307412 0.328897 0.366342 0.343557 0.360925 0.390267 0.370383 0.318356 0.420000 0.385573 0.347750 0.419351 0.217215 0.170562 0.181982 0.210924 0.217379 0.145544 0.311377 0.191087 0.194298 0.205668 0.207456 0.210198 0.276142 0.516764 0.398396 0.454318 0.538470 0.474929 0.219523 0.416650 0.410580 0.460660 0.240057 0.361586 0.426723 0.150586 0.211214 0.159629 0.176917 0.148786 0.164691 0.327233 0.340653 0.372639 0.304050 0.278486 0.290718 0.262380 0.249635 0.654945 0.279228 0.249312 0.242015 0.367367 0.267240 0.399623 0.212025 0.471997 0.260011 0.659391 0.356175 0.451662 0.163244 0.175260 0.176198 0.174868 0.218148 0.177890 0.203354 0.198727 0.197215 0.191583 0.189115 0.188540 0.180523 0.187307 0.207088 0.161131 0.196549 0.180291 0.152863 0.175257 0.117080 0.202019 0.190713 0.163258 0.159752 0.182488 0.189611 0.216954 0.182133 0.171215 0.194011 0.157745 0.207878 0.216006 0.219752 0.211164 0.169570 0.214018 0.223051 0.194827 0.191930 0.199690 0.200870 0.230249 0.205678 0.178173 0.203568 0.137587 0.256102 0.130964 0.162889 0.274619 0.118682 0.212200 0.179818 0.410226 0.159908 0.118278 0.123843 0.328320 0.130771 0.183086 0.158423 0.293398 0.146377 0.158987 0.115510 0.111861 0.120324 0.126604 0.164959 0.137923 0.107686 0.151488 0.126379 0.138517 0.155178 0.152934 0.318229 0.385796 0.384693 0.376716 0.417863 0.203034 0.239394 0.246824 0.276055 0.238987 0.197152 0.211189 0.232353 0.259955 0.296693 0.163258 0.163821 0.244757 0.156249 0.240496 0.180756 0.220400 0.189396 0.182108 0.177324 0.185200 0.222886 0.160145 0.187223 0.203556 0.148736 0.185462 0.180599 0.170287 0.204923 0.237803 0.253380 0.203267 0.227111 0.219670 0.111604 0.091270 0.095574 0.120326 0.107255 0.115741 0.095349 0.163364 0.207535 0.115095 0.103205 0.135884 0.147130 0.204399 0.265611 0.153549 0.209849 0.173678 0.167799 0.128347 0.148487 0.144925 0.181101 0.278339 0.160531 0.223118 0.224230 0.188566 0.186120 0.112388 0.159759 0.132883 0.159570 0.140614 0.150231 
0.191020 0.192281 0.155931 0.163028 0.174177 0.180062 0.211118 0.112848 0.000000 0.159658 0.137380 0.153429 0.083970 0.283179 0.200430 0.304880 0.242652 0.397540 0.422202 0.450878 0.399301 0.368392 0.353551 0.356482 0.357335 0.382356 0.391730 0.387140 0.419674 0.371593 0.339811 0.437008 0.407436 0.367936 0.441545 0.250393 0.229300 0.199791 0.243192 0.255541 0.202686 0.305049 0.252158 0.248838 0.179859 0.211719 0.198541 0.236038 0.498613 0.388558 0.420647 0.496770 0.425274 0.240550 0.370081 0.404157 0.414204 0.221519 0.337112 0.416673 0.163024 0.202555 0.153456 0.149504 0.135056 0.145182 0.314230 0.302461 0.335555 0.333986 0.263986 0.268079 0.256823 0.235068 0.610426 0.289179 0.290928 0.268239 0.332071 0.337993 0.396123 0.252842 0.482937 0.279260 0.658849 0.377149 0.456170 0.222739 0.189706 0.236422 0.181434 0.248070 0.210177 0.237101 0.236989 0.230249 0.215107 0.214249 0.199806 0.220436 0.187406 0.215017 0.182021 0.202357 0.189472 0.168743 0.178817 0.130617 0.222862 0.203743 0.201564 0.191601 0.205646 0.201502 0.246201 0.205780 0.214052 0.225660 0.202285 0.244772 0.259031 0.230751 0.243204 0.204087 0.215335 0.231598 0.194511 0.216760 0.217952 0.237143 0.265440 0.221246 0.216098 0.237382 0.185192 0.275235 0.142476 0.185420 0.271188 0.142474 0.216372 0.196716 0.431540 0.218666 0.169727 0.176852 0.306387 0.186481 0.171119 0.164145 0.311713 0.178051 0.167415 0.157865 0.130473 0.135974 0.170900 0.172568 0.156567 0.127142 0.167924 0.163661 0.176859 0.139287 0.181351 0.298841 0.366674 0.359962 0.345778 0.409334 0.180337 0.199089 0.229000 0.262645 0.209247 0.192053 0.210454 0.224192 0.244769 0.294116 0.168326 0.160649 0.224081 0.163274 0.249027 0.224030 0.177836 0.172725 0.203942 0.176848 0.163285 0.239348 0.134692 0.189212 0.165087 0.160478 0.199436 0.178871 0.158310 0.214065 0.219577 0.227304 0.182537 0.220304 0.199604 0.147990 0.144398 0.135310 0.110180 0.122646 0.161989 0.128071 0.143508 0.164547 0.117072 0.114971 0.125401 0.141918 0.173748 0.233748 0.170460 0.211387 0.196517 0.167285 0.163768 0.179357 0.131660 0.209829 0.267468 0.175322 0.212037 0.226873 0.175552 0.188060 0.159887 0.157393 0.132198 0.173306 0.151771 0.190699 
0.210694 0.193949 0.159880 0.218999 0.140484 0.126864 0.125789 0.162022 0.159658 0.000000 0.180620 0.082729 0.161174 0.346791 0.077630 0.289407 0.329988 0.326844 0.343217 0.389090 0.299167 0.303161 0.270842 0.311691 0.286904 0.319230 0.303522 0.317144 0.341385 0.311075 0.298761 0.394079 0.369417 0.296859 0.391466 0.199623 0.166056 0.148191 0.137375 0.139871 0.232856 0.309435 0.227146 0.240325 0.173545 0.285166 0.228131 0.210071 0.425836 0.342296 0.378302 0.472107 0.420139 0.122391 0.337264 0.328291 0.370020 0.242129 0.346214 0.410889 0.147012 0.169821 0.126758 0.168183 0.103582 0.164445 0.303810 0.286545 0.313489 0.329688 0.213316 0.247127 0.230763 0.196366 0.690739 0.322500 0.308882 0.312869 0.404537 0.270163 0.395508 0.294797 0.468768 0.287369 0.662931 0.378684 0.481345 0.128457 0.165626 0.186755 0.153977 0.151382 0.180691 0.157479 0.166924 0.158954 0.147822 0.165325 0.149390 0.168637 0.153827 0.147916 0.216760 0.176352 0.132413 0.118017 0.124498 0.120175 0.156383 0.138367 0.093370 0.114072 0.100484 0.117887 0.163932 0.107568 0.113706 0.113867 0.086024 0.134375 0.158787 0.129166 0.129219 0.093464 0.113381 0.125246 0.093426 0.128485 0.127918 0.146551 0.170434 0.139213 0.118624 0.137978 0.144551 0.298848 0.149735 0.147318 0.298927 0.101202 0.239288 0.176548 0.474395 0.205210 0.125576 0.139528 0.318716 0.145275 0.210474 0.143255 0.364469 0.162458 0.167618 0.138821 0.137352 0.170959 0.108928 0.180143 0.149797 0.125863 0.135534 0.130596 0.157622 0.138300 0.204691 0.278087 0.332669 0.320134 0.312529 0.371707 0.205993 0.230720 0.275223 0.298396 0.248650 0.238924 0.260558 0.261313 0.272659 0.194449 0.164924 0.133360 0.263995 0.173846 0.173841 0.227987 0.208773 0.208162 0.196758 0.162441 0.208604 0.219489 0.153878 0.182043 0.183095 0.143062 0.179832 0.194511 0.182469 0.234344 0.197840 0.204258 0.172908 0.212319 0.221643 0.189512 0.187754 0.151032 0.209879 0.137286 0.146181 0.166015 0.158704 0.165801 0.174862 0.179269 0.148491 0.176385 0.244254 0.290026 0.249512 0.295698 0.266003 0.192799 0.146892 0.174332 0.155550 0.255462 0.322046 0.229627 0.111071 0.268164 0.111843 0.104770 0.222774 0.261584 0.103110 0.136212 0.121645 0.130324 
0.194278 0.119581 0.151161 0.134475 0.209712 0.194235 0.219281 0.162901 0.137380 0.180620 0.000000 0.186831 0.137987 0.333441 0.210638 0.318559 0.280716 0.404926 0.428456 0.458405 0.399428 0.380332 0.358436 0.375812 0.369907 0.387178 0.403566 0.393176 0.425277 0.378194 0.342690 0.445799 0.410783 0.367877 0.446175 0.259199 0.227838 0.209091 0.239689 0.254429 0.264207 0.340109 0.300510 0.305767 0.204318 0.195186 0.215212 0.268653 0.433620 0.371273 0.388362 0.453563 0.439152 0.246990 0.391701 0.346103 0.404639 0.254074 0.355023 0.396781 0.157296 0.148789 0.174506 0.131318 0.188874 0.139952 0.353252 0.260482 0.271398 0.405034 0.244072 0.195410 0.180145 0.236999 0.548475 0.229158 0.333644 0.218256 0.255022 0.385930 0.371824 0.219166 0.436388 0.250781 0.661716 0.443783 0.412696 0.230499 0.197211 0.245413 0.195032 0.252147 0.212332 0.242182 0.241314 0.234214 0.217597 0.216265 0.213425 0.220864 0.198846 0.178634 0.233920 0.163784 0.205779 0.180506 0.186211 0.158265 0.219545 0.180354 0.211126 0.209675 0.215440 0.224997 0.248485 0.215283 0.218741 0.225131 0.210459 0.242981 0.256402 0.243377 0.247238 0.207484 0.237171 0.248401 0.219700 0.220354 0.224668 0.240542 0.264193 0.234853 0.229523 0.236267 0.206711 0.241826 0.124385 0.201687 0.244568 0.169321 0.203949 0.213623 0.431640 0.233321 0.183669 0.196010 0.316422 0.216809 0.196384 0.164028 0.300112 0.192861 0.191449 0.182093 0.155427 0.125813 0.188833 0.189121 0.195925 0.165221 0.193151 0.179601 0.187833 0.176928 0.202248 0.279850 0.313108 0.290139 0.290472 0.323759 0.190519 0.205010 0.218383 0.261470 0.199318 0.202128 0.221481 0.167563 0.220487 0.257799 0.111997 0.181005 0.211543 0.153002 0.209119 0.162919 0.168567 0.131489 0.152075 0.153631 0.176056 0.183371 0.137307 0.166868 0.179062 0.161663 0.198271 0.195700 0.124154 0.169096 0.127398 0.162026 0.177162 0.159793 0.191999 0.222474 0.201853 0.171292 0.151289 0.164014 0.172753 0.158504 0.086088 0.106573 0.159711 0.174138 0.145700 0.130799 0.136784 0.170423 0.185483 0.195903 0.181387 0.208395 0.201833 0.201116 0.153455 0.256647 0.237256 0.237325 0.234625 0.134530 0.210257 0.202473 0.213140 0.157884 0.195731 0.244726 0.188874 0.197677 
0.200822 0.203820 0.170714 0.221493 0.144106 0.113055 0.132782 0.167224 0.153429 0.082729 0.186831 0.000000 0.151102 0.354415 0.104615 0.284443 0.344148 0.317395 0.327293 0.372551 0.303588 0.285735 0.271623 0.292579 0.279041 0.294485 0.294765 0.312049 0.338766 0.304232 0.300220 0.393645 0.368982 0.305328 0.390024 0.208512 0.166714 0.154333 0.167360 0.165638 0.232933 0.317774 0.238601 0.233958 0.188167 0.291474 0.212815 0.222001 0.434343 0.355230 0.393135 0.481049 0.442209 0.135759 0.345917 0.325178 0.366676 0.260768 0.361185 0.391657 0.159515 0.177392 0.152533 0.153785 0.106643 0.175966 0.326823 0.302793 0.330838 0.353773 0.216408 0.257465 0.237671 0.186891 0.706400 0.317775 0.303494 0.311170 0.421855 0.280294 0.410500 0.265182 0.502090 0.286539 0.679798 0.388009 0.469611 0.135709 0.160270 0.186256 0.159520 0.172487 0.178423 0.148998 0.163385 0.171979 0.150973 0.162785 0.145487 0.170294 0.139697 0.168051 0.217281 0.187769 0.169982 0.116446 0.136614 0.126465 0.160866 0.149747 0.114396 0.119910 0.138236 0.103240 0.191796 0.128176 0.146662 0.163264 0.120557 0.171492 0.191037 0.166343 0.157410 0.127548 0.142498 0.166607 0.138514 0.153477 0.153136 0.173718 0.208633 0.155032 0.139383 0.173616 0.131163 0.284659 0.146978 0.163353 0.291870 0.108625 0.236764 0.201210 0.458352 0.214476 0.118186 0.136798 0.332747 0.150433 0.195041 0.151852 0.367121 0.182410 0.177010 0.152270 0.155154 0.189956 0.111344 0.205802 0.171388 0.138571 0.154317 0.136832 0.176006 0.144954 0.220815 0.314092 0.366733 0.354587 0.340238 0.405777 0.220773 0.256020 0.288000 0.317196 0.270796 0.265335 0.278311 0.273078 0.300167 0.221722 0.178292 0.136974 0.279994 0.199562 0.169313 0.252564 0.227410 0.216914 0.203103 0.176834 0.220843 0.231224 0.166731 0.186107 0.204022 0.154477 0.191624 0.209951 0.179259 0.230191 0.236628 0.244457 0.214809 0.244710 0.249855 0.177688 0.209829 0.156907 0.223717 0.158554 0.163035 0.178306 0.167561 0.155798 0.193926 0.204669 0.182636 0.187701 0.268776 0.303228 0.266279 0.319546 0.289091 0.202801 0.159533 0.165404 0.161504 0.247185 0.324330 0.235826 0.120963 0.278096 0.103760 0.124019 0.243077 0.274051 0.116406 0.129698 0.113028 0.150015 
0.183974 0.175207 0.119680 0.186443 0.174172 0.169613 0.191129 0.111655 0.083970 0.161174 0.137987 0.151102 0.000000 0.280378 0.192456 0.272739 0.256417 0.395504 0.421322 0.450420 0.401837 0.361858 0.361488 0.337726 0.352983 0.376809 0.367613 0.386307 0.418716 0.383244 0.342515 0.440160 0.407672 0.369765 0.441021 0.248808 0.214034 0.204873 0.232700 0.243403 0.221979 0.350886 0.256202 0.264017 0.221783 0.208659 0.200610 0.275179 0.485243 0.397857 0.420907 0.523500 0.457673 0.243570 0.399578 0.386556 0.415086 0.267694 0.379673 0.434343 0.186812 0.184673 0.171372 0.131117 0.108819 0.125657 0.364095 0.334790 0.364405 0.367233 0.267723 0.283500 0.265934 0.236274 0.598128 0.260105 0.310042 0.284174 0.315142 0.338842 0.412250 0.253873 0.498738 0.304131 0.614376 0.404160 0.462617 0.194415 0.192013 0.199264 0.189900 0.249062 0.210300 0.230171 0.230837 0.229579 0.214255 0.212870 0.208455 0.219011 0.194031 0.224788 0.220325 0.214877 0.200137 0.156988 0.173308 0.125326 0.215891 0.192126 0.195740 0.191496 0.206758 0.201214 0.244950 0.203761 0.210860 0.221888 0.195164 0.248560 0.260473 0.233205 0.243303 0.200076 0.222644 0.243929 0.204298 0.218297 0.218136 0.233821 0.262625 0.229080 0.208969 0.238484 0.164784 0.288526 0.135323 0.178465 0.239047 0.139578 0.217549 0.203834 0.420682 0.196534 0.150507 0.164652 0.312112 0.182635 0.149254 0.144544 0.306107 0.167878 0.164320 0.140182 0.126035 0.136182 0.155724 0.176826 0.154599 0.127420 0.167402 0.145628 0.158839 0.147978 0.144946 0.319534 0.384638 0.375365 0.360414 0.417368 0.196927 0.231094 0.267638 0.302220 0.244739 0.230913 0.248878 0.241239 0.280281 0.301969 0.165222 0.158847 0.271076 0.173155 0.245513 0.241157 0.200554 0.194161 0.202963 0.193976 0.195989 0.231828 0.162384 0.196228 0.186708 0.173120 0.218211 0.211637 0.152026 0.208750 0.215445 0.220774 0.205071 0.222109 0.227903 0.148556 0.151908 0.114927 0.133871 0.134999 0.129607 0.109455 0.141835 0.169005 0.134762 0.129890 0.128924 0.127357 0.167982 0.207751 0.192594 0.242260 0.222706 0.208439 0.151752 0.155012 0.172267 0.229458 0.289582 0.208219 0.219334 0.225316 0.180826 0.203342 0.163999 0.172403 0.174482 0.197411 0.133556 0.177653 
0.364373 0.351854 0.352934 0.296153 0.280188 0.299730 0.309688 0.237399 0.283179 0.346791 0.333441 0.354415 0.280378 0.000000 0.346273 0.216997 0.187611 0.469820 0.476157 0.518835 0.478602 0.443707 0.439436 0.357060 0.445551 0.472108 0.370895 0.469631 0.497026 0.475071 0.434344 0.523704 0.495015 0.458765 0.517845 0.388324 0.330659 0.354872 0.373350 0.382331 0.252045 0.392463 0.279095 0.206510 0.308523 0.291559 0.283044 0.358192 0.615811 0.475481 0.538377 0.625467 0.541121 0.368891 0.481684 0.495238 0.535748 0.322618 0.445499 0.476912 0.319751 0.328948 0.330319 0.369864 0.347454 0.346464 0.393062 0.422649 0.459982 0.330030 0.412551 0.385069 0.406077 0.406480 0.728461 0.357741 0.206549 0.285500 0.452290 0.283611 0.346099 0.272262 0.471673 0.328677 0.762146 0.246998 0.451160 0.309760 0.341656 0.294689 0.339598 0.366267 0.355468 0.340015 0.317901 0.367354 0.352807 0.358479 0.348226 0.363828 0.353354 0.368789 0.270773 0.345922 0.352490 0.316891 0.345852 0.305446 0.355713 0.329872 0.371639 0.359272 0.382737 0.377528 0.421607 0.384119 0.377225 0.401181 0.368676 0.407439 0.415306 0.413878 0.402698 0.370464 0.415246 0.421917 0.396129 0.387554 0.402153 0.415283 0.420728 0.399934 0.361059 0.408451 0.318777 0.270770 0.312587 0.271550 0.353552 0.307490 0.339356 0.369604 0.399036 0.359923 0.302819 0.295217 0.416890 0.275783 0.333634 0.336938 0.310665 0.344370 0.370059 0.294951 0.277140 0.316741 0.322194 0.333867 0.296869 0.292659 0.332012 0.296385 0.328772 0.346893 0.323871 0.400274 0.475283 0.470880 0.458376 0.501884 0.293531 0.341969 0.346163 0.371249 0.347713 0.318573 0.319517 0.361506 0.354791 0.420721 0.331141 0.317712 0.332559 0.316679 0.366408 0.333148 0.343502 0.350217 0.333862 0.343489 0.330121 0.334389 0.332605 0.364287 0.363726 0.330629 0.349213 0.319305 0.317905 0.326064 0.368817 0.381582 0.338575 0.363135 0.342515 0.282310 0.210191 0.295282 0.269052 0.291909 0.268712 0.247094 0.355721 0.384358 0.300286 0.285484 0.316501 0.339949 0.340023 0.379709 0.260397 0.275382 0.276286 0.297746 0.289225 0.294463 0.278102 0.209905 0.303873 0.226602 0.400609 0.367307 0.400117 0.376855 0.224276 0.281585 0.337849 0.336603 0.329448 0.328262 
0.218780 0.210822 0.192016 0.227140 0.166538 0.131591 0.116876 0.196280 0.200430 0.077630 0.210638 0.104615 0.192456 0.346273 0.000000 0.278043 0.335513 0.284857 0.304792 0.353108 0.256280 0.266965 0.240666 0.288726 0.246670 0.278447 0.273393 0.273470 0.304483 0.309174 0.299036 0.386210 0.360111 0.283850 0.372766 0.200670 0.165374 0.171115 0.111859 0.105512 0.222176 0.296085 0.208917 0.228969 0.180597 0.294926 0.221981 0.199439 0.370281 0.315476 0.361179 0.442989 0.403549 0.109755 0.300518 0.319598 0.335968 0.230614 0.344187 0.384755 0.154766 0.174042 0.130238 0.201747 0.146219 0.204045 0.298982 0.294171 0.313528 0.323222 0.218484 0.239082 0.233424 0.191867 0.699262 0.332061 0.286739 0.322257 0.421404 0.243556 0.354740 0.283464 0.467189 0.260138 0.671489 0.349500 0.481322 0.107481 0.172625 0.181938 0.173681 0.116403 0.185345 0.142728 0.163608 0.167966 0.154646 0.170590 0.168618 0.178141 0.170882 0.149491 0.226017 0.165881 0.133278 0.132273 0.127205 0.165056 0.133442 0.141522 0.103952 0.125472 0.128298 0.110298 0.181522 0.121022 0.126687 0.139005 0.097270 0.141695 0.164083 0.161733 0.132069 0.098568 0.144078 0.140291 0.136571 0.145347 0.150957 0.157212 0.175820 0.160194 0.122577 0.145880 0.160524 0.301211 0.177745 0.150564 0.303214 0.138396 0.238667 0.225866 0.478859 0.221539 0.147181 0.145950 0.329982 0.153164 0.218754 0.171138 0.372864 0.202435 0.216668 0.183549 0.168813 0.199640 0.138835 0.213665 0.190557 0.156014 0.182191 0.154410 0.187960 0.189034 0.228237 0.274200 0.324397 0.320419 0.298853 0.364231 0.210696 0.254213 0.283029 0.303830 0.266182 0.252630 0.271148 0.267982 0.280161 0.168633 0.189796 0.131590 0.268248 0.188246 0.151193 0.246931 0.220902 0.215382 0.197808 0.168073 0.220556 0.222393 0.179313 0.189026 0.201288 0.151759 0.194261 0.199833 0.191148 0.247224 0.219782 0.219420 0.188495 0.205225 0.237690 0.241969 0.232861 0.186945 0.235104 0.177910 0.174158 0.196302 0.193972 0.196551 0.218354 0.209706 0.207630 0.214131 0.269725 0.305522 0.261812 0.315622 0.285523 0.195222 0.152369 0.160082 0.175570 0.252691 0.325722 0.236693 0.075078 0.279082 0.135051 0.124645 0.250391 0.282150 0.141239 0.145251 0.155761 0.164217 
0.325895 0.322489 0.311859 0.312502 0.188325 0.224295 0.225530 0.244938 0.304880 0.289407 0.318559 0.284443 0.272739 0.216997 0.278043 0.000000 0.319827 0.358795 0.358201 0.407733 0.398325 0.346230 0.342315 0.213467 0.330506 0.381046 0.235970 0.384365 0.407741 0.441295 0.395754 0.489289 0.457518 0.408175 0.485636 0.331716 0.194656 0.282364 0.289167 0.291511 0.281030 0.433365 0.295898 0.262228 0.314357 0.329512 0.252048 0.368296 0.570150 0.482433 0.545971 0.648606 0.574516 0.302019 0.481343 0.465794 0.525180 0.364077 0.483499 0.475157 0.295717 0.304964 0.311911 0.326143 0.292418 0.309157 0.455595 0.439153 0.473239 0.443751 0.369457 0.404715 0.385301 0.345102 0.774804 0.383187 0.276427 0.317421 0.484173 0.220315 0.314041 0.279070 0.541488 0.340067 0.739008 0.338354 0.511409 0.233508 0.289900 0.211259 0.280743 0.285530 0.285020 0.215171 0.195606 0.311149 0.290339 0.289525 0.298938 0.297211 0.301973 0.317893 0.312459 0.295213 0.313999 0.252022 0.275206 0.256347 0.249538 0.261095 0.295633 0.280255 0.314395 0.290132 0.373736 0.332949 0.312008 0.337016 0.297590 0.346863 0.355714 0.357191 0.343327 0.303757 0.349984 0.351816 0.334833 0.334493 0.347101 0.360173 0.370555 0.347179 0.299317 0.350455 0.263066 0.284007 0.276097 0.224361 0.331964 0.244257 0.311710 0.295740 0.439140 0.293844 0.221143 0.221609 0.417968 0.213715 0.299034 0.283802 0.349623 0.273799 0.315104 0.231637 0.251230 0.297748 0.259302 0.310599 0.242104 0.249622 0.261112 0.220323 0.267098 0.285706 0.297037 0.417899 0.493853 0.481708 0.477356 0.521341 0.290920 0.371204 0.365547 0.403768 0.349489 0.337434 0.334944 0.356994 0.380329 0.371656 0.300057 0.256208 0.377077 0.292402 0.300319 0.342670 0.336999 0.326416 0.300025 0.304608 0.336969 0.311102 0.302041 0.325219 0.331541 0.285304 0.308026 0.326238 0.295474 0.304281 0.349299 0.369053 0.330454 0.336996 0.372306 0.265914 0.240493 0.252671 0.307061 0.249214 0.236567 0.226934 0.342683 0.377679 0.311582 0.298995 0.307380 0.333087 0.350869 0.383024 0.304418 0.347656 0.336220 0.290126 0.254441 0.223644 0.273141 0.173887 0.384285 0.288360 0.332750 0.369508 0.360774 0.324184 0.284507 0.317795 0.297951 0.307297 0.263277 0.257520 
0.334061 0.311633 0.312675 0.233034 0.297654 0.297074 0.316606 0.213791 0.242652 0.329988 0.280716 0.344148 0.256417 0.187611 0.335513 0.319827 0.000000 0.469875 0.489695 0.521241 0.471013 0.436564 0.436650 0.399220 0.439406 0.469895 0.441964 0.460407 0.489759 0.468137 0.421229 0.511661 0.477701 0.442938 0.509722 0.370670 0.334206 0.337234 0.353606 0.362190 0.234846 0.342190 0.261667 0.243340 0.237778 0.232619 0.262101 0.301993 0.587953 0.441757 0.499871 0.570327 0.471582 0.358642 0.427316 0.485979 0.503598 0.260193 0.420236 0.450741 0.281234 0.305480 0.289850 0.337296 0.319871 0.308980 0.289282 0.351660 0.390899 0.214486 0.376678 0.337297 0.348635 0.370607 0.658487 0.340631 0.205101 0.258274 0.399207 0.358132 0.408270 0.271326 0.440203 0.280822 0.733538 0.276075 0.435422 0.322925 0.325603 0.321861 0.319159 0.356635 0.333322 0.346342 0.342424 0.355686 0.338437 0.338329 0.342016 0.342776 0.345836 0.339195 0.229148 0.307450 0.310430 0.299407 0.309778 0.289017 0.348532 0.334765 0.349579 0.344977 0.358813 0.372906 0.403315 0.366214 0.353484 0.376007 0.345362 0.386895 0.388210 0.396034 0.385612 0.347690 0.397192 0.399952 0.377614 0.366281 0.382267 0.391664 0.399930 0.380540 0.347350 0.382132 0.318939 0.280534 0.277911 0.270058 0.330986 0.297553 0.311199 0.346848 0.376173 0.332002 0.297012 0.282650 0.392409 0.270546 0.308355 0.303702 0.313670 0.312963 0.344996 0.280116 0.250539 0.273318 0.306405 0.306568 0.291339 0.264700 0.309738 0.279458 0.290796 0.321592 0.300256 0.330287 0.410697 0.404657 0.397817 0.450397 0.273616 0.302287 0.256785 0.274769 0.257169 0.207027 0.212479 0.277875 0.256452 0.385884 0.270709 0.297710 0.283259 0.273690 0.351467 0.275543 0.291527 0.304339 0.296956 0.303274 0.296171 0.306040 0.286537 0.320290 0.326232 0.286802 0.313384 0.290690 0.286910 0.268198 0.301106 0.326418 0.257366 0.283053 0.247543 0.271587 0.197974 0.267919 0.187135 0.251401 0.272937 0.233348 0.301575 0.329786 0.239722 0.242432 0.270285 0.284675 0.264210 0.320254 0.193195 0.191694 0.222794 0.232473 0.270155 0.281822 0.227374 0.240850 0.251703 0.177272 0.376562 0.311840 0.367552 0.340010 0.186105 0.194919 0.304283 0.311404 0.313553 0.323246 
0.398268 0.402600 0.386233 0.399782 0.321386 0.283436 0.278664 0.370676 0.397540 0.326844 0.404926 0.317395 0.395504 0.469820 0.284857 0.358795 0.469875 0.000000 0.113881 0.102204 0.123542 0.093332 0.118897 0.174473 0.121019 0.090012 0.278209 0.101464 0.139832 0.274803 0.217063 0.313102 0.279589 0.264606 0.298628 0.220827 0.253765 0.263604 0.265965 0.277022 0.285760 0.342277 0.324673 0.333368 0.333199 0.470366 0.377071 0.330808 0.505640 0.408668 0.452097 0.567846 0.526213 0.270425 0.405961 0.407601 0.471019 0.358363 0.412179 0.479334 0.382169 0.371253 0.383214 0.403525 0.366912 0.393756 0.393762 0.371043 0.445471 0.410244 0.368645 0.399427 0.382163 0.359288 0.833687 0.484963 0.399153 0.458775 0.571888 0.331017 0.489840 0.386747 0.629963 0.393120 0.786054 0.462569 0.591309 0.292716 0.260019 0.286336 0.253776 0.241813 0.253405 0.233636 0.261780 0.277940 0.258979 0.264810 0.283427 0.291504 0.256742 0.348862 0.342083 0.346970 0.357128 0.305144 0.309572 0.364034 0.291506 0.339763 0.293965 0.288944 0.343547 0.286228 0.371634 0.314150 0.326925 0.353087 0.306399 0.348184 0.334946 0.370762 0.315908 0.313792 0.353340 0.356796 0.343841 0.302401 0.326546 0.331213 0.372460 0.324776 0.315275 0.348112 0.287413 0.410471 0.335611 0.321091 0.411851 0.304375 0.375604 0.355530 0.567354 0.319207 0.288881 0.289232 0.430747 0.302761 0.388742 0.343827 0.455960 0.327547 0.350807 0.336666 0.351130 0.384846 0.286731 0.421313 0.374347 0.343563 0.332226 0.298192 0.352885 0.366515 0.425846 0.414180 0.476004 0.461589 0.446335 0.510084 0.391783 0.464211 0.378547 0.429804 0.382761 0.400070 0.365259 0.381683 0.400557 0.335323 0.373291 0.309976 0.439632 0.386751 0.324166 0.432227 0.402179 0.395422 0.389244 0.362042 0.407841 0.399616 0.368873 0.373556 0.399911 0.348610 0.376700 0.399390 0.378400 0.409019 0.423226 0.439383 0.404577 0.394362 0.459424 0.418848 0.412997 0.382866 0.431181 0.355179 0.351861 0.381487 0.411934 0.421651 0.401704 0.397501 0.384000 0.401319 0.455565 0.497153 0.442558 0.481579 0.457233 0.346381 0.356266 0.334162 0.351592 0.364643 0.472129 0.388028 0.294660 0.441863 0.324228 0.301080 0.438500 0.471027 0.339707 0.367717 0.340019 0.328213 
