240 240
0.000000 0.125917 0.085124 0.129959 0.184756 0.206388 0.161973 0.176650 0.147447 0.147268 0.154914 0.138223 0.166211 0.154964 0.160500 0.144309 0.260464 0.295357 0.180079 0.262096 0.270689 0.355270 0.364475 0.340267 0.350546 0.314396 0.333387 0.313638 0.301826 0.299064 0.305004 0.326652 0.312343 0.296589 0.294634 0.371948 0.351768 0.318047 0.370666 0.189433 0.185638 0.196926 0.180332 0.193666 0.181760 0.167817 0.196748 0.320318 0.237245 0.246327 0.223704 0.205209 0.185867 0.273092 0.301267 0.253595 0.344529 0.282860 0.306580 0.358836 0.204499 0.261177 0.315485 0.311645 0.337182 0.235348 0.176440 0.166852 0.130343 0.151554 0.141727 0.138632 0.315427 0.287454 0.287322 0.321044 0.149032 0.132112 0.248743 0.189513 0.143492 0.137499 0.494386 0.483286 0.315584 0.273243 0.254882 0.324389 0.375626 0.207429 0.386220 0.252675 0.510015 0.316053 0.395874 0.366015 0.171232 0.163957 0.212482 0.182986 0.191788 0.170755 0.184917 0.187076 0.192320 0.183627 0.184908 0.174786 0.189557 0.173283 0.188822 0.141150 0.148658 0.162602 0.134147 0.136788 0.147730 0.184889 0.166372 0.239173 0.199047 0.203206 0.212761 0.217652 0.225062 0.217951 0.222810 0.200431 0.231667 0.217198 0.231372 0.203553 0.218100 0.221028 0.243465 0.223901 0.205797 0.217880 0.229767 0.213641 0.230151 0.143150 0.232086 0.192949 0.180876 0.163052 0.174696 0.326005 0.162710 0.167150 0.195734 0.147879 0.171220 0.143179 0.161766 0.156439 0.139075 0.142830 0.115340 0.168813 0.114792 0.152069 0.120905 0.145924 0.134708 0.131691 0.168652 0.290639 0.322316 0.330776 0.327496 0.303338 0.348332 0.170777 0.205575 0.232254 0.260090 0.209246 0.243874 0.249084 0.202158 0.166421 0.164429 0.121807 0.163648 0.158325 0.151961 0.245515 0.177127 0.117594 0.188270 0.133808 0.145711 0.148628 0.133296 0.120743 0.129698 0.169240 0.121596 0.128168 0.109904 0.113335 0.099852 0.124313 0.141866 0.202625 0.185612 0.223696 0.208403 0.189264 0.230087 0.154174 0.120680 0.135063 0.131859 0.145373 0.141262 0.160913 0.152181 0.134681 0.179883 0.163473 0.254607 0.240603 0.231012 0.172087 0.218945 0.168951 0.218302 0.224095 0.208076 0.194832 0.181418 0.168015 0.191095 0.159843 0.168354 0.221110 0.255116 0.228279 
0.125917 0.000000 0.119898 0.096096 0.247925 0.249241 0.136863 0.173947 0.144073 0.133440 0.146794 0.129659 0.151024 0.084384 0.156480 0.131045 0.237128 0.283176 0.171584 0.257734 0.250190 0.350108 0.367047 0.324328 0.336350 0.302836 0.319190 0.296858 0.283851 0.290041 0.308520 0.308000 0.310241 0.280645 0.278122 0.364347 0.336534 0.299396 0.363671 0.173541 0.167124 0.166611 0.167851 0.196841 0.163340 0.148924 0.128299 0.288931 0.239681 0.251580 0.191410 0.186776 0.205759 0.239391 0.300007 0.231417 0.324060 0.316525 0.314804 0.372169 0.192916 0.315366 0.340213 0.245259 0.338453 0.190601 0.126692 0.136060 0.129161 0.148803 0.131808 0.131976 0.236111 0.250763 0.219170 0.231695 0.216946 0.197399 0.158508 0.131599 0.158216 0.174141 0.487773 0.467847 0.295028 0.200538 0.247519 0.323989 0.318357 0.190848 0.379878 0.232906 0.552114 0.272231 0.386067 0.366342 0.157506 0.161733 0.191094 0.161371 0.176075 0.160942 0.169146 0.164469 0.173155 0.165760 0.167275 0.164384 0.162453 0.165670 0.177032 0.107864 0.104976 0.136332 0.111410 0.120302 0.124056 0.171158 0.144750 0.219240 0.184472 0.180156 0.190279 0.197910 0.200639 0.199536 0.211491 0.192491 0.214904 0.206124 0.216351 0.189790 0.202136 0.202962 0.222465 0.204935 0.186413 0.196620 0.208991 0.201822 0.208688 0.144715 0.219548 0.170339 0.196916 0.157496 0.155109 0.365888 0.159361 0.151748 0.182908 0.136095 0.170795 0.136394 0.141663 0.155505 0.126400 0.123176 0.089915 0.146923 0.120899 0.146575 0.112801 0.125728 0.121620 0.116055 0.174893 0.231435 0.269121 0.244749 0.261409 0.225303 0.249274 0.161250 0.199723 0.176050 0.207120 0.166703 0.218907 0.181584 0.138772 0.096392 0.083011 0.129054 0.135294 0.084377 0.131933 0.228646 0.165062 0.124165 0.123097 0.148734 0.078030 0.081718 0.105606 0.146859 0.144079 0.121205 0.106402 0.103706 0.145263 0.101199 0.153190 0.145344 0.083851 0.124167 0.114230 0.157403 0.119209 0.152170 0.176594 0.153567 0.119743 0.123152 0.114138 0.176587 0.076763 0.111324 0.116409 0.088792 0.132923 0.160505 0.264719 0.226610 0.173261 0.139315 0.167599 0.136133 0.204358 0.217801 0.204344 0.186899 0.103239 0.157776 0.173066 0.148872 0.152611 0.207816 0.251972 0.223543 
0.085124 0.119898 0.000000 0.095151 0.197267 0.216035 0.144327 0.144488 0.105346 0.118391 0.123464 0.115309 0.125453 0.122790 0.127886 0.107212 0.258747 0.293850 0.166635 0.252143 0.262463 0.327952 0.353485 0.316885 0.320650 0.289791 0.309112 0.285751 0.273806 0.285255 0.299261 0.312372 0.298270 0.266245 0.267172 0.348950 0.323491 0.292267 0.351038 0.164913 0.143228 0.162261 0.151319 0.178408 0.141923 0.133887 0.182298 0.299845 0.227740 0.241947 0.198568 0.187586 0.171583 0.245955 0.295666 0.229033 0.337338 0.287313 0.301500 0.372751 0.183636 0.271829 0.323302 0.289981 0.316990 0.226085 0.157686 0.140709 0.089634 0.103726 0.098007 0.091654 0.300221 0.277417 0.257728 0.295420 0.165311 0.140414 0.226594 0.162934 0.110154 0.113301 0.505559 0.492944 0.301390 0.261859 0.262868 0.302333 0.368644 0.204331 0.402027 0.243126 0.495931 0.299178 0.373536 0.392505 0.140843 0.165102 0.183154 0.146888 0.175209 0.133180 0.161204 0.150306 0.153998 0.150247 0.153984 0.146220 0.151348 0.141429 0.173315 0.129319 0.133794 0.143510 0.103264 0.112965 0.127668 0.140913 0.118803 0.193657 0.155080 0.156604 0.156131 0.164596 0.186961 0.170954 0.177773 0.151929 0.190769 0.167361 0.179155 0.148048 0.168631 0.172026 0.203806 0.175135 0.168043 0.180351 0.179342 0.158207 0.181105 0.131809 0.220944 0.173734 0.167792 0.158076 0.127070 0.349951 0.134226 0.125421 0.165274 0.131208 0.141694 0.102825 0.111036 0.113631 0.108413 0.108401 0.081613 0.122170 0.072001 0.128766 0.091723 0.104990 0.110542 0.102015 0.140326 0.268703 0.298151 0.316768 0.313732 0.295253 0.334367 0.153035 0.177628 0.214630 0.244112 0.179011 0.222643 0.227606 0.175106 0.133917 0.138133 0.126251 0.141997 0.154237 0.098711 0.207040 0.182373 0.110010 0.180004 0.124455 0.141134 0.148432 0.114544 0.114666 0.100821 0.171873 0.098656 0.117344 0.096495 0.098105 0.106166 0.131640 0.123340 0.186600 0.168678 0.194208 0.189776 0.164219 0.200254 0.115870 0.091856 0.103430 0.112025 0.125533 0.106959 0.139781 0.103531 0.094985 0.133642 0.160822 0.234961 0.239767 0.221255 0.158094 0.204108 0.143095 0.207641 0.225917 0.191272 0.164103 0.172392 0.126552 0.144991 0.113263 0.128809 0.199595 0.237684 0.209520 
0.129959 0.096096 0.095151 0.000000 0.214190 0.229291 0.157635 0.164089 0.115141 0.118038 0.144958 0.119082 0.124268 0.114778 0.130218 0.087600 0.237727 0.287552 0.155134 0.253509 0.255227 0.335730 0.354237 0.312337 0.321787 0.290207 0.302471 0.290796 0.271372 0.287186 0.304828 0.304774 0.296620 0.262474 0.260512 0.346943 0.318684 0.281532 0.345499 0.154505 0.145504 0.150714 0.144012 0.168141 0.129476 0.123555 0.146748 0.287205 0.233955 0.251682 0.185832 0.188961 0.193351 0.230927 0.299724 0.223463 0.315737 0.307497 0.295360 0.389393 0.176511 0.302966 0.334202 0.256534 0.308803 0.197409 0.148017 0.132685 0.078348 0.102215 0.073299 0.061702 0.293381 0.291540 0.235494 0.274501 0.198220 0.175385 0.197953 0.164832 0.095489 0.133027 0.503787 0.520079 0.290774 0.259410 0.262379 0.314818 0.356520 0.221023 0.426013 0.264154 0.492413 0.290972 0.373535 0.405370 0.142345 0.153425 0.174031 0.134517 0.162972 0.143079 0.150475 0.143390 0.146254 0.139320 0.139585 0.140704 0.137093 0.148474 0.157859 0.122589 0.126902 0.123333 0.096169 0.096991 0.131176 0.150158 0.126056 0.200948 0.162738 0.149508 0.166444 0.172476 0.185742 0.172845 0.195456 0.163111 0.196555 0.186787 0.194029 0.167593 0.181424 0.180943 0.205973 0.187350 0.181501 0.178230 0.181082 0.170350 0.186613 0.141893 0.237252 0.156659 0.171496 0.146175 0.127608 0.362118 0.138365 0.134436 0.172065 0.123850 0.134088 0.101172 0.118966 0.130296 0.112314 0.110246 0.080151 0.125154 0.087582 0.153805 0.095525 0.105508 0.104627 0.088998 0.126320 0.238714 0.269039 0.280150 0.282050 0.258934 0.301406 0.154945 0.184271 0.190294 0.222423 0.154617 0.210439 0.194257 0.158298 0.122684 0.123943 0.148667 0.139994 0.162301 0.104405 0.198787 0.190121 0.131582 0.178989 0.154374 0.129549 0.122862 0.113343 0.148072 0.135876 0.153568 0.101095 0.111883 0.145520 0.100322 0.142008 0.150969 0.097568 0.161288 0.152384 0.168529 0.163407 0.145339 0.186077 0.153180 0.099922 0.107537 0.101420 0.166953 0.088979 0.126559 0.099510 0.089528 0.125698 0.153900 0.236604 0.263789 0.194996 0.139951 0.181063 0.130302 0.199795 0.241639 0.194298 0.169159 0.168958 0.134229 0.148745 0.134208 0.121653 0.196355 0.235661 0.214525 
0.184756 0.247925 0.197267 0.214190 0.000000 0.128911 0.261038 0.271371 0.276219 0.283777 0.271234 0.276114 0.239547 0.274604 0.238406 0.248166 0.359099 0.380213 0.247300 0.344703 0.361823 0.392022 0.417423 0.373133 0.383963 0.352348 0.364478 0.355753 0.343563 0.356868 0.372819 0.355138 0.364454 0.350450 0.355352 0.426858 0.407756 0.358675 0.422949 0.259409 0.280306 0.266229 0.281941 0.272965 0.261661 0.249043 0.264172 0.365492 0.314090 0.318876 0.288788 0.279145 0.231501 0.311805 0.239412 0.302542 0.255877 0.231928 0.222027 0.304904 0.268954 0.235858 0.216498 0.239643 0.254175 0.299280 0.247366 0.255080 0.207903 0.214381 0.225423 0.235874 0.364402 0.303292 0.325451 0.354568 0.132700 0.155370 0.290634 0.241006 0.208340 0.170945 0.386589 0.502534 0.375243 0.341474 0.240050 0.366957 0.412883 0.271562 0.400800 0.294386 0.433983 0.378252 0.436165 0.329283 0.270620 0.264373 0.267881 0.273630 0.259568 0.271202 0.253172 0.258669 0.260559 0.262632 0.271337 0.264720 0.261806 0.272945 0.279655 0.213162 0.220589 0.250983 0.213443 0.228277 0.226766 0.264623 0.255887 0.319689 0.278212 0.275035 0.305064 0.294883 0.298478 0.284845 0.305116 0.284799 0.298534 0.297236 0.304690 0.281961 0.299059 0.302387 0.316473 0.301132 0.276746 0.295478 0.305092 0.294159 0.307296 0.257017 0.272290 0.262655 0.186202 0.234090 0.284931 0.285193 0.280001 0.262338 0.269053 0.236668 0.243003 0.223772 0.266655 0.285316 0.254171 0.242384 0.239808 0.247432 0.238698 0.271581 0.235263 0.246783 0.235122 0.244446 0.256228 0.331887 0.360551 0.371917 0.366221 0.349192 0.382397 0.242584 0.252706 0.319021 0.334341 0.298352 0.332753 0.317707 0.289889 0.262146 0.260525 0.210740 0.249148 0.261037 0.261991 0.356521 0.244538 0.209602 0.277325 0.208608 0.264062 0.258340 0.223848 0.208409 0.234729 0.257998 0.235483 0.229578 0.201538 0.212814 0.184804 0.219632 0.256398 0.289693 0.270501 0.304816 0.278000 0.274291 0.313169 0.285767 0.260436 0.249506 0.265075 0.198237 0.252450 0.264082 0.265922 0.251362 0.259301 0.210825 0.293804 0.318635 0.348412 0.304738 0.338742 0.255206 0.298968 0.240298 0.285397 0.259239 0.271405 0.253929 0.263483 0.242434 0.252132 0.278769 0.307212 0.291338 
0.206388 0.249241 0.216035 0.229291 0.128911 0.000000 0.262719 0.269538 0.290565 0.290925 0.252570 0.277426 0.292857 0.285972 0.280350 0.238501 0.354478 0.362380 0.296348 0.330518 0.365758 0.422653 0.437430 0.407920 0.423852 0.382860 0.410770 0.373850 0.386015 0.342081 0.398026 0.365163 0.396697 0.398438 0.398262 0.458461 0.440817 0.413465 0.460093 0.316377 0.321019 0.292305 0.322452 0.329358 0.317256 0.308452 0.311962 0.406531 0.342766 0.333605 0.343916 0.269594 0.248921 0.352641 0.274023 0.346463 0.273378 0.297877 0.263378 0.377906 0.327148 0.303154 0.278134 0.237327 0.276691 0.331184 0.257043 0.295309 0.227152 0.246572 0.245742 0.253241 0.397018 0.363896 0.360510 0.393519 0.195853 0.225167 0.331223 0.286965 0.243667 0.224954 0.388986 0.515995 0.357556 0.323552 0.292848 0.368113 0.404360 0.253640 0.427482 0.307220 0.395354 0.364791 0.432524 0.360901 0.306376 0.266910 0.323176 0.316002 0.302402 0.315488 0.308611 0.314555 0.319187 0.317163 0.322401 0.316362 0.321778 0.316054 0.329990 0.252727 0.245586 0.290797 0.234137 0.245249 0.225790 0.304048 0.282886 0.373887 0.337520 0.330330 0.347865 0.350851 0.356259 0.337538 0.360448 0.339178 0.352956 0.352687 0.359624 0.338219 0.354462 0.353766 0.371571 0.355531 0.319054 0.355313 0.360364 0.347672 0.362728 0.274508 0.271779 0.271256 0.176077 0.247991 0.316469 0.292377 0.301555 0.268399 0.274786 0.263247 0.251259 0.252407 0.292516 0.310063 0.267097 0.250101 0.248023 0.275918 0.261145 0.265484 0.267343 0.275131 0.257524 0.273621 0.249755 0.372149 0.400392 0.404477 0.400730 0.381422 0.418311 0.243689 0.288439 0.337185 0.357978 0.322964 0.352646 0.343448 0.307903 0.272128 0.276363 0.261417 0.268974 0.249759 0.287561 0.379319 0.287760 0.240744 0.298415 0.252435 0.270784 0.262287 0.254346 0.242733 0.258054 0.268581 0.254074 0.255326 0.241624 0.239046 0.225417 0.252819 0.251563 0.278068 0.295470 0.339487 0.316096 0.307652 0.348011 0.282761 0.264277 0.257788 0.251587 0.229775 0.273682 0.296060 0.284759 0.266633 0.265422 0.240656 0.300015 0.300477 0.339173 0.298759 0.334402 0.275395 0.287188 0.243297 0.302361 0.307452 0.293636 0.309076 0.321090 0.277264 0.295861 0.293806 0.321111 0.300162 
0.161973 0.136863 0.144327 0.157635 0.261038 0.262719 0.000000 0.166011 0.122620 0.130539 0.161271 0.147517 0.177218 0.106595 0.176207 0.148792 0.195634 0.247011 0.191199 0.260910 0.193817 0.354696 0.374204 0.340070 0.348607 0.314426 0.328525 0.310758 0.304541 0.296176 0.324532 0.318351 0.321576 0.297599 0.298880 0.376164 0.353442 0.319850 0.375321 0.204791 0.202245 0.201509 0.206256 0.209365 0.196953 0.187622 0.137565 0.225653 0.223873 0.214589 0.141359 0.104112 0.117850 0.205388 0.259910 0.181246 0.341525 0.262676 0.297044 0.337451 0.221531 0.255163 0.294811 0.264503 0.300297 0.145608 0.125248 0.144067 0.151802 0.165820 0.161940 0.162236 0.223488 0.233774 0.201186 0.231045 0.231443 0.205263 0.176593 0.146092 0.185634 0.192379 0.445211 0.393131 0.209176 0.136992 0.221080 0.278168 0.253300 0.139091 0.294754 0.126161 0.557408 0.189283 0.302799 0.287928 0.197012 0.201008 0.217617 0.200336 0.211890 0.200565 0.202054 0.199410 0.200378 0.198229 0.203083 0.202309 0.203624 0.199297 0.216455 0.149222 0.124912 0.173074 0.162182 0.168971 0.173282 0.198789 0.189516 0.248400 0.213362 0.207637 0.222375 0.224152 0.231391 0.219954 0.237465 0.217113 0.232339 0.231833 0.233748 0.216278 0.229950 0.228815 0.248457 0.228628 0.203187 0.235577 0.235758 0.220019 0.236700 0.178696 0.132139 0.153392 0.164249 0.116156 0.205785 0.275142 0.191098 0.159839 0.172311 0.153834 0.145586 0.133703 0.181744 0.196252 0.166471 0.110742 0.115542 0.164643 0.136771 0.139566 0.141285 0.173516 0.155260 0.174568 0.177699 0.216464 0.248967 0.260607 0.250061 0.240523 0.281058 0.111376 0.134710 0.153177 0.174921 0.121144 0.161300 0.154706 0.132934 0.116768 0.133302 0.166485 0.163211 0.140742 0.210204 0.306884 0.128799 0.110289 0.136550 0.119507 0.131020 0.134310 0.121579 0.113509 0.125382 0.160480 0.126127 0.137097 0.134580 0.132554 0.136525 0.134306 0.130637 0.133632 0.127188 0.159902 0.137603 0.119394 0.139577 0.191126 0.168129 0.138566 0.141750 0.184207 0.113502 0.142189 0.125850 0.136942 0.100494 0.137873 0.185889 0.157766 0.139573 0.105044 0.125513 0.089878 0.162452 0.131362 0.135612 0.216222 0.149895 0.206650 0.206269 0.168347 0.183361 0.213367 0.194910 0.210350 
0.176650 0.173947 0.144488 0.164089 0.271371 0.269538 0.166011 0.000000 0.138638 0.126126 0.077894 0.139212 0.113899 0.173775 0.108807 0.135718 0.238245 0.225105 0.130943 0.147013 0.244404 0.291671 0.302509 0.262828 0.302077 0.244477 0.270271 0.238689 0.231181 0.187404 0.254848 0.214025 0.263965 0.272261 0.272692 0.355691 0.333455 0.292013 0.355896 0.135898 0.155311 0.092066 0.162248 0.152113 0.140348 0.139957 0.179789 0.284717 0.191846 0.182800 0.186822 0.204027 0.145075 0.237046 0.339093 0.224057 0.397857 0.324628 0.372850 0.448592 0.162996 0.325332 0.405226 0.295722 0.345375 0.222782 0.161090 0.140298 0.163049 0.101893 0.166837 0.154646 0.330839 0.339488 0.287116 0.318885 0.262756 0.229106 0.260605 0.235217 0.191753 0.206456 0.593509 0.449875 0.181448 0.182547 0.351398 0.171022 0.282701 0.180314 0.379286 0.205741 0.576712 0.186058 0.261265 0.360204 0.163911 0.116151 0.158357 0.166080 0.112748 0.151243 0.137107 0.152927 0.156391 0.157345 0.168030 0.155807 0.163623 0.152012 0.184989 0.156825 0.140935 0.151762 0.097015 0.107412 0.111771 0.123686 0.101988 0.199316 0.158378 0.154056 0.172627 0.164553 0.175739 0.146599 0.172933 0.150410 0.174607 0.163141 0.160886 0.145895 0.172079 0.176346 0.199706 0.177651 0.136194 0.175668 0.175706 0.150854 0.180782 0.114462 0.197152 0.093308 0.225660 0.178967 0.151119 0.313214 0.158610 0.083094 0.065417 0.093583 0.161578 0.137274 0.136088 0.148392 0.102018 0.113324 0.148465 0.099362 0.112383 0.097858 0.106897 0.117986 0.103113 0.134866 0.155622 0.279509 0.316502 0.334540 0.315242 0.316822 0.360813 0.155789 0.213994 0.244527 0.262904 0.201925 0.235560 0.249993 0.216214 0.141990 0.165479 0.188924 0.097362 0.185763 0.161170 0.280975 0.233695 0.147155 0.194804 0.190127 0.175502 0.156491 0.146970 0.178942 0.156589 0.189164 0.150363 0.163201 0.156823 0.122776 0.150774 0.171429 0.158650 0.173898 0.198657 0.207265 0.214270 0.169950 0.212219 0.124683 0.120569 0.101628 0.101585 0.155727 0.162543 0.190484 0.157568 0.167561 0.213108 0.257313 0.145551 0.260176 0.235808 0.177945 0.208819 0.122364 0.112323 0.250064 0.168281 0.160711 0.237788 0.168864 0.149435 0.098666 0.121193 0.092031 0.139276 0.100657 
0.147447 0.144073 0.105346 0.115141 0.276219 0.290565 0.122620 0.138638 0.000000 0.069292 0.118794 0.066700 0.128367 0.109190 0.124717 0.067128 0.181201 0.222818 0.160161 0.242880 0.190373 0.331049 0.358313 0.321846 0.329441 0.293305 0.314289 0.293156 0.278930 0.280820 0.302139 0.310461 0.303568 0.268778 0.268695 0.350820 0.325672 0.291394 0.351045 0.171454 0.145986 0.175386 0.152341 0.184874 0.154866 0.142245 0.157476 0.234919 0.196141 0.193966 0.137674 0.159349 0.152182 0.207464 0.304317 0.181989 0.394074 0.305269 0.331757 0.395105 0.187635 0.288112 0.341646 0.317742 0.329910 0.163495 0.159542 0.118007 0.120622 0.110272 0.113754 0.098001 0.274107 0.306378 0.236821 0.268669 0.235369 0.209274 0.208811 0.197979 0.154645 0.178815 0.500467 0.465958 0.227808 0.211738 0.269225 0.270104 0.316356 0.193957 0.387920 0.217932 0.539582 0.229669 0.298478 0.367971 0.146943 0.176219 0.189132 0.155650 0.181584 0.133359 0.167661 0.155047 0.161525 0.157439 0.160583 0.150663 0.160024 0.146750 0.175233 0.161774 0.154671 0.141422 0.130122 0.131755 0.161689 0.149724 0.136743 0.196026 0.163056 0.164069 0.157066 0.178459 0.192220 0.183508 0.187079 0.164659 0.195541 0.175617 0.185939 0.157713 0.175170 0.184217 0.210753 0.179261 0.173752 0.181190 0.182893 0.170960 0.186985 0.139131 0.211388 0.141643 0.208539 0.160442 0.138819 0.346202 0.152969 0.129261 0.158620 0.127242 0.132815 0.122373 0.128586 0.126207 0.117549 0.095352 0.098592 0.131621 0.071610 0.114795 0.093194 0.122166 0.119779 0.123719 0.142334 0.233902 0.261950 0.288880 0.281797 0.271788 0.325204 0.136083 0.153622 0.175366 0.201172 0.143033 0.171117 0.186675 0.160503 0.131968 0.161643 0.183401 0.128436 0.186415 0.134561 0.235288 0.169966 0.123788 0.172008 0.136537 0.133088 0.153646 0.132951 0.125239 0.099706 0.185752 0.102167 0.137776 0.131404 0.118188 0.148766 0.136412 0.119938 0.167297 0.173073 0.176247 0.187126 0.139154 0.154485 0.115485 0.101153 0.090554 0.093112 0.185118 0.112632 0.129897 0.079745 0.103659 0.130349 0.183359 0.189910 0.224453 0.161084 0.108773 0.144466 0.097917 0.159376 0.210063 0.129994 0.171017 0.178465 0.140873 0.150590 0.119086 0.139659 0.198497 0.196728 0.198365 
0.147268 0.133440 0.118391 0.118038 0.283777 0.290925 0.130539 0.126126 0.069292 0.000000 0.081605 0.066090 0.126635 0.119827 0.134614 0.091234 0.171178 0.206851 0.151840 0.212301 0.180077 0.323152 0.337769 0.298661 0.305185 0.279619 0.290712 0.271545 0.257490 0.254302 0.285490 0.282097 0.280788 0.238758 0.240261 0.325773 0.294037 0.260338 0.320824 0.142102 0.125910 0.140941 0.126226 0.146423 0.125230 0.109053 0.147451 0.229697 0.160188 0.168477 0.137334 0.172461 0.176396 0.221609 0.323478 0.203477 0.400042 0.308993 0.350169 0.419647 0.158533 0.314897 0.368517 0.321188 0.357679 0.168428 0.165607 0.118384 0.137716 0.130581 0.124870 0.104689 0.289917 0.313251 0.255546 0.283296 0.245049 0.216494 0.218025 0.195636 0.157996 0.186822 0.534435 0.487650 0.211698 0.208582 0.294757 0.235293 0.332091 0.176522 0.398008 0.212023 0.546977 0.230330 0.305906 0.381129 0.128568 0.145092 0.166415 0.127350 0.157820 0.134557 0.144666 0.131109 0.131776 0.128010 0.125473 0.129350 0.124708 0.136514 0.146006 0.154350 0.147457 0.129204 0.123971 0.120322 0.162007 0.122483 0.114073 0.166871 0.133031 0.127637 0.133295 0.145104 0.163385 0.154649 0.170938 0.143903 0.171244 0.158338 0.167536 0.140819 0.148331 0.150576 0.179648 0.157645 0.148692 0.153860 0.156619 0.145233 0.150257 0.108565 0.213452 0.129125 0.215648 0.159740 0.120075 0.349697 0.107127 0.095811 0.124122 0.098078 0.145031 0.118877 0.102268 0.106092 0.094364 0.091161 0.085769 0.103719 0.082903 0.111541 0.081497 0.112375 0.095658 0.097233 0.144694 0.238450 0.275583 0.296678 0.289148 0.286633 0.328035 0.161326 0.178130 0.178409 0.207842 0.144554 0.172412 0.193101 0.160767 0.128147 0.157166 0.189343 0.132566 0.178353 0.127502 0.236863 0.177769 0.117742 0.144092 0.166000 0.134223 0.139669 0.128043 0.135384 0.122976 0.174665 0.107232 0.130094 0.155012 0.105638 0.140076 0.134751 0.127092 0.168175 0.182050 0.186979 0.186250 0.149753 0.165680 0.102970 0.077825 0.071597 0.075919 0.203815 0.121893 0.150407 0.084399 0.102594 0.155687 0.209011 0.192468 0.244153 0.168110 0.116096 0.135383 0.108360 0.157893 0.228705 0.140465 0.180898 0.177307 0.150222 0.147417 0.106559 0.113985 0.169827 0.170165 0.160768 
0.154914 0.146794 0.123464 0.144958 0.271234 0.252570 0.161271 0.077894 0.118794 0.081605 0.000000 0.090820 0.125807 0.159625 0.117462 0.100297 0.204833 0.204694 0.150835 0.154520 0.215207 0.320357 0.324636 0.288941 0.309422 0.267849 0.294295 0.257708 0.254721 0.207727 0.269520 0.235909 0.277812 0.267347 0.268332 0.348625 0.324522 0.288665 0.348258 0.149523 0.147224 0.109592 0.147419 0.163118 0.135218 0.124197 0.178006 0.281035 0.175647 0.168015 0.187261 0.187223 0.172229 0.257463 0.355774 0.241833 0.422037 0.338152 0.385799 0.460356 0.171325 0.342098 0.414322 0.320013 0.377335 0.215846 0.172247 0.147065 0.151530 0.108033 0.152516 0.132517 0.336983 0.354658 0.299393 0.328488 0.265763 0.237361 0.262535 0.232491 0.180030 0.207160 0.571902 0.474240 0.205373 0.196249 0.333831 0.207309 0.320437 0.174591 0.390477 0.232466 0.555407 0.218172 0.290080 0.375129 0.147093 0.095073 0.171696 0.146807 0.137311 0.149735 0.148959 0.151910 0.153359 0.149777 0.151192 0.152492 0.148520 0.149438 0.168312 0.159626 0.159759 0.153704 0.100735 0.107314 0.126624 0.118777 0.093848 0.181767 0.150614 0.144106 0.162823 0.160237 0.171233 0.159412 0.172528 0.150496 0.178777 0.166154 0.172156 0.148999 0.165284 0.164539 0.196394 0.176089 0.147816 0.174076 0.177566 0.153129 0.171691 0.091240 0.207801 0.120884 0.217514 0.184499 0.131600 0.339488 0.115696 0.082574 0.088831 0.086631 0.154183 0.136081 0.110815 0.117032 0.081555 0.097358 0.113969 0.092379 0.099795 0.096626 0.084701 0.105906 0.081842 0.106330 0.139219 0.279118 0.315369 0.337442 0.320924 0.325383 0.361957 0.160871 0.223493 0.228367 0.251942 0.191194 0.227821 0.240003 0.209282 0.134703 0.171179 0.191422 0.124020 0.165118 0.132542 0.239776 0.235119 0.139663 0.182943 0.197743 0.173681 0.157733 0.153641 0.181766 0.156813 0.188711 0.143698 0.160739 0.173350 0.124567 0.153705 0.173163 0.154432 0.157767 0.208598 0.221183 0.222396 0.180857 0.199998 0.079554 0.068697 0.083574 0.082658 0.176984 0.152378 0.182589 0.112326 0.127018 0.190510 0.243378 0.174163 0.245460 0.218760 0.164646 0.189584 0.126837 0.137995 0.255303 0.159054 0.175049 0.208224 0.158659 0.158616 0.085046 0.106157 0.117502 0.149834 0.116768 
0.138223 0.129659 0.115309 0.119082 0.276114 0.277426 0.147517 0.139212 0.066700 0.066090 0.090820 0.000000 0.137362 0.128322 0.120594 0.070350 0.170806 0.201666 0.162267 0.215837 0.176867 0.340508 0.363225 0.322895 0.332307 0.298559 0.315262 0.293601 0.282541 0.267058 0.301532 0.303657 0.306094 0.275410 0.275113 0.360080 0.331291 0.296153 0.357231 0.171213 0.154054 0.171245 0.157950 0.190006 0.156256 0.141062 0.163969 0.266248 0.166195 0.172744 0.171896 0.181402 0.175329 0.238473 0.328948 0.216377 0.405957 0.324356 0.351614 0.426036 0.190166 0.322135 0.379251 0.325227 0.356031 0.191642 0.170719 0.128078 0.128971 0.121616 0.119704 0.103086 0.307263 0.330951 0.271557 0.298334 0.246617 0.222769 0.225744 0.209705 0.163149 0.188999 0.534358 0.466701 0.221135 0.224812 0.301242 0.251532 0.334680 0.168651 0.393268 0.228968 0.542537 0.232812 0.303300 0.371043 0.151450 0.156461 0.190481 0.156227 0.179070 0.146668 0.167521 0.160533 0.165239 0.160503 0.160315 0.156567 0.158564 0.155145 0.175480 0.163634 0.161705 0.147974 0.129336 0.124882 0.157167 0.151271 0.129936 0.199452 0.169385 0.167477 0.172166 0.187099 0.194914 0.193278 0.197316 0.169130 0.202496 0.189964 0.201829 0.174435 0.185071 0.193588 0.214296 0.190638 0.180172 0.189148 0.198251 0.180667 0.194389 0.128177 0.217937 0.150007 0.208935 0.165117 0.144948 0.342256 0.144891 0.131526 0.153849 0.118784 0.140421 0.126267 0.131638 0.132700 0.108388 0.106971 0.093128 0.136044 0.080832 0.119306 0.086985 0.124081 0.111685 0.112356 0.128768 0.262360 0.294134 0.311628 0.305934 0.296145 0.340993 0.167159 0.191105 0.206449 0.233780 0.175062 0.199848 0.220003 0.187502 0.143583 0.166841 0.184665 0.133276 0.182923 0.133379 0.228901 0.196128 0.133469 0.153998 0.171209 0.139097 0.141621 0.142259 0.149845 0.131655 0.170727 0.117624 0.145586 0.154079 0.122635 0.151363 0.142551 0.121688 0.176256 0.190127 0.198395 0.202776 0.168140 0.184710 0.084525 0.072108 0.088609 0.077896 0.195035 0.127145 0.143051 0.097530 0.105002 0.161767 0.203172 0.191808 0.219066 0.162490 0.112655 0.143727 0.130189 0.153349 0.223363 0.132038 0.176961 0.181492 0.146623 0.164162 0.118377 0.137393 0.186489 0.187644 0.158035 
0.166211 0.151024 0.125453 0.124268 0.239547 0.292857 0.177218 0.113899 0.128367 0.126635 0.125807 0.137362 0.000000 0.148480 0.059749 0.129043 0.261161 0.284463 0.056368 0.234389 0.270598 0.256657 0.307052 0.253824 0.268779 0.228501 0.230783 0.238886 0.211237 0.245049 0.247699 0.235796 0.245470 0.223243 0.236222 0.316263 0.295465 0.233207 0.310156 0.090581 0.117404 0.124769 0.112832 0.097576 0.090892 0.085514 0.121270 0.242711 0.176979 0.190968 0.136856 0.229435 0.182191 0.175350 0.274318 0.163597 0.332743 0.269758 0.297429 0.376931 0.087826 0.262079 0.336889 0.255879 0.293459 0.185940 0.133525 0.096994 0.136316 0.081426 0.135277 0.119459 0.279569 0.278821 0.226679 0.254298 0.195330 0.167247 0.194861 0.179116 0.148033 0.147462 0.574208 0.497243 0.248023 0.253389 0.336771 0.215011 0.319553 0.235571 0.380269 0.230584 0.545689 0.252257 0.301572 0.394798 0.131132 0.137624 0.109219 0.135134 0.116993 0.119228 0.098300 0.105357 0.107300 0.119454 0.119247 0.111928 0.120368 0.117562 0.127287 0.107051 0.135988 0.095478 0.088664 0.100781 0.107920 0.084902 0.095915 0.123956 0.076958 0.079889 0.113051 0.084053 0.099080 0.079866 0.098810 0.077134 0.098148 0.082583 0.092056 0.068890 0.096521 0.106384 0.130626 0.109451 0.089199 0.089341 0.109095 0.079599 0.103034 0.108901 0.239553 0.114453 0.239365 0.187709 0.126356 0.390810 0.145859 0.096226 0.111521 0.099903 0.166918 0.110495 0.117720 0.124756 0.107382 0.108926 0.135889 0.079530 0.089971 0.143120 0.097956 0.099892 0.096582 0.113702 0.166907 0.220201 0.256442 0.262296 0.260280 0.245191 0.296909 0.163141 0.182682 0.222188 0.237441 0.189083 0.219929 0.216487 0.190353 0.133857 0.148001 0.144400 0.108033 0.189750 0.123526 0.235415 0.210622 0.137984 0.180448 0.165386 0.166077 0.152287 0.123653 0.168087 0.149674 0.172934 0.121989 0.134937 0.147939 0.107588 0.137564 0.154623 0.144371 0.188829 0.159080 0.157438 0.161261 0.134853 0.175326 0.148391 0.117813 0.108720 0.132946 0.152643 0.125163 0.126307 0.135935 0.133479 0.195522 0.237051 0.208531 0.298626 0.239797 0.180462 0.210771 0.124235 0.203151 0.261320 0.179484 0.080357 0.219224 0.080580 0.078199 0.086570 0.091356 0.121625 0.162814 0.164573 
0.154964 0.084384 0.122790 0.114778 0.274604 0.285972 0.106595 0.173775 0.109190 0.119827 0.159625 0.128322 0.148480 0.000000 0.152876 0.112305 0.227950 0.276857 0.175264 0.265846 0.233382 0.353867 0.372255 0.332102 0.344153 0.307567 0.323398 0.310437 0.290341 0.305563 0.314909 0.327965 0.316623 0.279580 0.278938 0.364295 0.335911 0.299919 0.362420 0.183457 0.162195 0.182616 0.165757 0.191019 0.163371 0.154811 0.112097 0.273684 0.246246 0.252971 0.164438 0.154651 0.176535 0.232882 0.275134 0.216768 0.341483 0.299165 0.306848 0.361012 0.200865 0.310808 0.322896 0.272166 0.323943 0.197063 0.117499 0.141815 0.105647 0.154687 0.112285 0.117791 0.227118 0.228676 0.205437 0.216569 0.227280 0.196337 0.149557 0.136559 0.167027 0.185031 0.450006 0.439428 0.274361 0.175619 0.207951 0.321071 0.300841 0.172618 0.353412 0.202040 0.547141 0.240994 0.364496 0.336926 0.160924 0.192095 0.200604 0.165858 0.193660 0.158984 0.182132 0.167284 0.172041 0.167578 0.171288 0.166403 0.169048 0.161900 0.188229 0.136058 0.126575 0.162020 0.144101 0.151968 0.147253 0.168990 0.152881 0.205244 0.177493 0.175494 0.175993 0.185097 0.199789 0.192975 0.200943 0.179399 0.206636 0.193726 0.202785 0.179130 0.187612 0.194287 0.217831 0.195700 0.192503 0.195251 0.195920 0.179137 0.194461 0.165514 0.192365 0.164906 0.191709 0.157649 0.155125 0.353526 0.173431 0.150168 0.186098 0.152490 0.160310 0.128567 0.147236 0.145358 0.143310 0.124590 0.096325 0.153331 0.110489 0.146683 0.132499 0.145913 0.141081 0.141446 0.166929 0.223031 0.266290 0.245476 0.261378 0.226161 0.255268 0.151488 0.162579 0.173147 0.206342 0.159782 0.209178 0.171548 0.128602 0.089375 0.080657 0.141419 0.149636 0.105807 0.157854 0.257686 0.166247 0.122676 0.125945 0.133133 0.099764 0.114552 0.117405 0.141184 0.134718 0.142877 0.106820 0.122924 0.141520 0.124668 0.156295 0.156184 0.095496 0.132791 0.098193 0.123203 0.105036 0.140584 0.155089 0.177011 0.138764 0.130399 0.127225 0.181951 0.064418 0.078152 0.122718 0.094588 0.102953 0.133838 0.251534 0.207864 0.153844 0.125653 0.138925 0.125285 0.208090 0.189381 0.191202 0.194628 0.102541 0.170250 0.168262 0.151056 0.152469 0.214020 0.250284 0.233993 
0.160500 0.156480 0.127886 0.130218 0.238406 0.280350 0.176207 0.108807 0.124717 0.134614 0.117462 0.120594 0.059749 0.152876 0.000000 0.123462 0.273405 0.287441 0.077367 0.227076 0.279181 0.257943 0.291320 0.246585 0.273560 0.220953 0.233801 0.222340 0.209751 0.225555 0.227996 0.225620 0.239876 0.221019 0.236182 0.314797 0.293999 0.238291 0.307797 0.102700 0.118707 0.120594 0.116406 0.119992 0.108912 0.095033 0.141708 0.249015 0.183560 0.183099 0.146603 0.230029 0.166060 0.187418 0.283957 0.173226 0.338737 0.278633 0.308542 0.384682 0.099648 0.268237 0.348096 0.249257 0.289047 0.198864 0.135567 0.117878 0.126725 0.080939 0.141077 0.112725 0.278364 0.292238 0.238051 0.265037 0.194816 0.166965 0.200361 0.180620 0.141220 0.137562 0.583405 0.495778 0.239240 0.248712 0.346909 0.220624 0.327287 0.207146 0.403029 0.225336 0.555962 0.244956 0.304212 0.378915 0.124747 0.134972 0.124286 0.130933 0.108290 0.107464 0.102711 0.110961 0.107547 0.115094 0.119149 0.106251 0.119231 0.108209 0.121536 0.122778 0.142002 0.124175 0.083627 0.094091 0.113919 0.088878 0.091074 0.147623 0.095943 0.104756 0.127412 0.123248 0.129131 0.108139 0.129222 0.099012 0.120608 0.109960 0.124808 0.103971 0.117555 0.126960 0.160897 0.121015 0.105064 0.123171 0.130538 0.112815 0.129658 0.095386 0.223534 0.121431 0.230390 0.182816 0.140852 0.372391 0.149918 0.084898 0.108211 0.095373 0.154983 0.112763 0.131060 0.132023 0.113727 0.117580 0.146827 0.077967 0.093453 0.134868 0.105870 0.109409 0.098665 0.125700 0.174976 0.247578 0.279798 0.289674 0.291813 0.268095 0.322655 0.169842 0.201103 0.229283 0.250998 0.207414 0.241263 0.236211 0.197920 0.140550 0.159159 0.152818 0.107107 0.182658 0.138798 0.234627 0.220577 0.154720 0.196337 0.177475 0.169409 0.155107 0.132808 0.174969 0.150940 0.178741 0.129319 0.135596 0.159422 0.113332 0.145046 0.164747 0.138141 0.182080 0.187450 0.188319 0.191780 0.166954 0.196939 0.143059 0.123134 0.120168 0.139188 0.119885 0.132561 0.125300 0.148173 0.143627 0.210681 0.245218 0.199006 0.294912 0.254777 0.196691 0.224607 0.124881 0.192713 0.259035 0.179978 0.089709 0.224886 0.079308 0.092737 0.084978 0.104006 0.126506 0.149771 0.153195 
0.144309 0.131045 0.107212 0.087600 0.248166 0.238501 0.148792 0.135718 0.067128 0.091234 0.100297 0.070350 0.129043 0.112305 0.123462 0.000000 0.192850 0.224735 0.157180 0.217261 0.205852 0.336637 0.360800 0.326337 0.330500 0.298787 0.319674 0.291360 0.286062 0.267723 0.300742 0.292614 0.306347 0.272830 0.274229 0.355259 0.329497 0.296153 0.354533 0.172619 0.153009 0.165509 0.157348 0.180941 0.152716 0.141878 0.161144 0.278704 0.203675 0.210928 0.173668 0.160417 0.157793 0.242555 0.316789 0.218326 0.384554 0.316455 0.334147 0.420810 0.193197 0.316644 0.360511 0.304182 0.330473 0.206423 0.148074 0.135239 0.102423 0.084860 0.094978 0.081746 0.307649 0.320975 0.267430 0.293981 0.236812 0.215163 0.224496 0.208944 0.141688 0.182254 0.493901 0.486282 0.249905 0.230019 0.258618 0.276174 0.335056 0.198859 0.406317 0.245323 0.504466 0.255760 0.325327 0.377051 0.151617 0.147317 0.193491 0.159433 0.179060 0.145247 0.169063 0.159084 0.164307 0.160186 0.163787 0.157388 0.162595 0.153200 0.178256 0.172527 0.167873 0.152895 0.122729 0.129305 0.152362 0.150720 0.129470 0.198479 0.165427 0.165601 0.162521 0.177547 0.198269 0.187946 0.188238 0.156168 0.199430 0.180812 0.194473 0.163921 0.178327 0.185581 0.212127 0.186687 0.169860 0.188207 0.191369 0.167188 0.191523 0.125557 0.226739 0.137968 0.183403 0.165497 0.141385 0.341559 0.139232 0.117363 0.145016 0.120439 0.115629 0.110853 0.122018 0.122635 0.101109 0.096638 0.102235 0.122660 0.082067 0.114852 0.096659 0.119064 0.107763 0.111488 0.113647 0.255127 0.292162 0.306819 0.300099 0.286960 0.334347 0.153569 0.183007 0.211801 0.238689 0.180211 0.216850 0.220454 0.180064 0.130423 0.152964 0.177047 0.124259 0.171947 0.128230 0.215745 0.214189 0.136415 0.190674 0.159003 0.154101 0.155458 0.151018 0.157334 0.142021 0.182187 0.125196 0.147663 0.146815 0.131833 0.167976 0.167976 0.114909 0.165428 0.172332 0.174062 0.187755 0.162546 0.182894 0.112850 0.086647 0.100788 0.080585 0.180697 0.113536 0.136297 0.098419 0.094828 0.128908 0.163662 0.204796 0.242516 0.191741 0.138296 0.172212 0.134232 0.177978 0.232811 0.161435 0.179578 0.178805 0.148348 0.163393 0.104863 0.131253 0.178223 0.212192 0.193944 
0.260464 0.237128 0.258747 0.237727 0.359099 0.354478 0.195634 0.238245 0.181201 0.171178 0.204833 0.170806 0.261161 0.227950 0.273405 0.192850 0.000000 0.122741 0.271902 0.256621 0.072152 0.418864 0.429706 0.393384 0.401559 0.374988 0.386464 0.362850 0.356372 0.322807 0.382058 0.356244 0.375592 0.347310 0.344187 0.421476 0.393600 0.361457 0.419055 0.273076 0.263808 0.269545 0.264794 0.277956 0.265238 0.256036 0.230128 0.283853 0.206535 0.187333 0.208631 0.193535 0.219331 0.293417 0.388429 0.262581 0.478542 0.374066 0.416589 0.477784 0.292401 0.374899 0.422469 0.395910 0.427910 0.210907 0.242953 0.230235 0.264843 0.255976 0.250194 0.243605 0.344931 0.379706 0.312241 0.341710 0.335821 0.312947 0.286383 0.284409 0.280574 0.301436 0.556549 0.407414 0.180982 0.233955 0.338077 0.286564 0.334550 0.223192 0.377774 0.253155 0.618657 0.193853 0.228142 0.362733 0.259389 0.245598 0.282911 0.262707 0.276859 0.267987 0.267426 0.260688 0.267362 0.264098 0.267514 0.266695 0.266298 0.270008 0.279731 0.266199 0.247636 0.247034 0.241511 0.246958 0.271057 0.274530 0.255843 0.319759 0.289217 0.284819 0.290285 0.301428 0.313206 0.302812 0.315370 0.292076 0.313090 0.312524 0.320953 0.294700 0.303477 0.310300 0.321833 0.305518 0.287326 0.303609 0.309294 0.297754 0.309109 0.247996 0.222788 0.216223 0.277577 0.238618 0.260525 0.321450 0.251451 0.237809 0.240203 0.222755 0.240960 0.238438 0.243341 0.259760 0.219070 0.193988 0.204910 0.247911 0.224436 0.223303 0.209427 0.240519 0.222318 0.228372 0.238653 0.286884 0.322976 0.349831 0.331820 0.339704 0.383288 0.213337 0.229959 0.222804 0.243012 0.190676 0.170196 0.225118 0.231760 0.228959 0.257914 0.295964 0.239717 0.273736 0.264822 0.364808 0.227487 0.220785 0.216826 0.241535 0.236304 0.231584 0.238303 0.235772 0.238142 0.239472 0.223209 0.246688 0.258334 0.226595 0.251058 0.226837 0.223654 0.239557 0.258070 0.267649 0.263920 0.224932 0.212657 0.192840 0.204665 0.199685 0.180118 0.313443 0.236687 0.257805 0.192075 0.217707 0.219851 0.268361 0.213790 0.190813 0.163534 0.158504 0.179945 0.190993 0.190300 0.219741 0.141480 0.307102 0.256820 0.291260 0.281850 0.239622 0.249408 0.259520 0.217331 0.202708 
0.295357 0.283176 0.293850 0.287552 0.380213 0.362380 0.247011 0.225105 0.222818 0.206851 0.204694 0.201666 0.284463 0.276857 0.287441 0.224735 0.122741 0.000000 0.292094 0.181532 0.159410 0.430829 0.438048 0.401299 0.430125 0.381655 0.406503 0.377600 0.370945 0.301144 0.392852 0.312019 0.396625 0.376443 0.370313 0.445994 0.422623 0.390933 0.441389 0.298756 0.290085 0.270559 0.292307 0.309284 0.292592 0.283959 0.280338 0.333413 0.235507 0.172566 0.258940 0.242810 0.241870 0.322365 0.422463 0.304387 0.516106 0.404728 0.454305 0.523951 0.311101 0.404224 0.468310 0.417668 0.450304 0.268265 0.273936 0.272572 0.302047 0.278541 0.285891 0.279059 0.395069 0.424680 0.359383 0.392909 0.372393 0.349687 0.329739 0.340834 0.317376 0.336063 0.616871 0.403606 0.172750 0.239246 0.387052 0.242137 0.288124 0.229862 0.394068 0.281641 0.647181 0.188046 0.198352 0.379479 0.285017 0.235465 0.306440 0.292342 0.282162 0.291344 0.292846 0.291725 0.292501 0.293089 0.293607 0.286337 0.295106 0.290891 0.304390 0.304136 0.288211 0.288593 0.259362 0.271942 0.273207 0.294529 0.269304 0.347672 0.316517 0.311104 0.317409 0.328939 0.337675 0.326441 0.337730 0.318693 0.338266 0.336794 0.341862 0.321375 0.331396 0.339160 0.351071 0.333002 0.301026 0.331849 0.337378 0.324472 0.338168 0.257489 0.227995 0.225194 0.297529 0.281964 0.285380 0.332339 0.281338 0.248076 0.236877 0.239184 0.273992 0.277438 0.272158 0.287893 0.235077 0.226360 0.255768 0.264766 0.254520 0.231795 0.235435 0.261469 0.240372 0.261477 0.266756 0.340443 0.373649 0.401548 0.383711 0.388029 0.426463 0.243895 0.283453 0.290101 0.310159 0.262935 0.254723 0.298054 0.294674 0.270089 0.306471 0.343979 0.259867 0.305540 0.298859 0.404907 0.282020 0.263162 0.275040 0.286662 0.289680 0.275395 0.283445 0.274851 0.271918 0.281616 0.271907 0.294757 0.297014 0.270880 0.289410 0.264771 0.262293 0.271034 0.309616 0.315927 0.319220 0.280911 0.282059 0.214302 0.233748 0.233756 0.199624 0.316942 0.288199 0.310969 0.237789 0.266820 0.279319 0.318639 0.181442 0.207105 0.227258 0.211458 0.223178 0.229310 0.172771 0.259690 0.184593 0.332521 0.308206 0.326020 0.314522 0.261152 0.264050 0.246204 0.217957 0.177286 
