241 241
0.000000 0.155448 0.110748 0.159023 0.159253 0.253910 0.224052 0.249130 0.188467 0.183877 0.183984 0.171241 0.218713 0.201301 0.184142 0.252211 0.186875 0.193388 0.223817 0.311292 0.350407 0.210685 0.313545 0.364699 0.383489 0.432045 0.406963 0.420581 0.374889 0.413040 0.399090 0.373188 0.358913 0.352064 0.359996 0.390735 0.373783 0.381160 0.353306 0.440783 0.416948 0.228613 0.229162 0.220971 0.236335 0.255666 0.252612 0.238388 0.382758 0.283490 0.290547 0.268255 0.415982 0.341947 0.426817 0.377301 0.243344 0.315032 0.375015 0.269388 0.401193 0.315597 0.356017 0.341498 0.242109 0.216283 0.151261 0.207769 0.158750 0.177016 0.369074 0.370320 0.337334 0.377766 0.385855 0.179075 0.163437 0.294928 0.233315 0.242219 0.172576 0.169711 0.582108 0.274019 0.375405 0.305034 0.445175 0.637029 0.461817 0.306507 0.372056 0.470722 0.246624 0.204972 0.202504 0.195401 0.260614 0.227797 0.231756 0.225712 0.238747 0.237885 0.229587 0.233892 0.214686 0.240894 0.208184 0.235463 0.203331 0.244343 0.180320 0.163942 0.166975 0.186235 0.117811 0.216337 0.177745 0.238345 0.228571 0.209680 0.254436 0.287295 0.238793 0.251302 0.261106 0.265785 0.238997 0.271815 0.291081 0.265081 0.275801 0.234518 0.265221 0.249658 0.251975 0.261389 0.270805 0.290796 0.268148 0.246245 0.278193 0.175293 0.283190 0.178767 0.233355 0.220567 0.182237 0.201386 0.236885 0.197680 0.388310 0.215725 0.207062 0.238572 0.184510 0.271584 0.196025 0.207377 0.303453 0.213269 0.203668 0.177035 0.209325 0.144702 0.190429 0.208777 0.149067 0.170638 0.217977 0.296802 0.342598 0.390140 0.385775 0.382727 0.363624 0.207718 0.254874 0.273168 0.307995 0.261324 0.250831 0.260756 0.244374 0.296860 0.242351 0.261549 0.197788 0.201952 0.145957 0.194977 0.191220 0.205618 0.145586 0.219455 0.228864 0.164830 0.163059 0.147406 0.161057 0.139889 0.130569 0.170372 0.238838 0.220362 0.271200 0.247128 0.224761 0.245074 0.195560 0.147689 0.206869 0.168949 0.174041 0.168548 0.133173 0.191152 0.180223 0.177700 0.171152 0.223241 0.197643 0.239573 0.217568 0.307330 0.291676 0.226710 0.276328 0.269294 0.202455 0.263388 0.271596 0.254866 0.227171 0.216495 0.197654 0.226395 0.206428 0.148564 0.143250 0.265902 0.276509 
0.155448 0.000000 0.154129 0.118559 0.163457 0.294759 0.291026 0.295110 0.165703 0.185823 0.166868 0.163377 0.214786 0.182561 0.141694 0.216103 0.115211 0.196576 0.220003 0.286548 0.338493 0.202971 0.310403 0.353163 0.397241 0.441840 0.389267 0.402302 0.365142 0.410032 0.382740 0.356339 0.351292 0.350258 0.374720 0.370705 0.374507 0.374916 0.338003 0.436930 0.402654 0.211860 0.210126 0.211251 0.244554 0.255924 0.247347 0.153930 0.342494 0.287347 0.301497 0.234063 0.390087 0.379058 0.440412 0.439792 0.233691 0.377690 0.294600 0.276276 0.406705 0.352996 0.366187 0.391938 0.213538 0.262557 0.138371 0.156710 0.165831 0.167620 0.284974 0.347781 0.265517 0.281224 0.374794 0.256503 0.237636 0.193335 0.160547 0.146231 0.191062 0.210637 0.575977 0.279931 0.351536 0.299872 0.381889 0.637046 0.454769 0.284170 0.330725 0.454086 0.225839 0.192444 0.204368 0.199742 0.232825 0.201212 0.217571 0.208583 0.209591 0.217148 0.211191 0.214369 0.208974 0.204995 0.207555 0.220404 0.136217 0.225704 0.131078 0.139605 0.148790 0.152292 0.123664 0.187427 0.154098 0.217545 0.215727 0.186324 0.238920 0.266360 0.224943 0.220571 0.236754 0.244420 0.209998 0.233310 0.259109 0.245255 0.255876 0.212380 0.258506 0.239148 0.229175 0.248220 0.245900 0.265185 0.248379 0.226566 0.255772 0.182216 0.272098 0.138063 0.209596 0.240494 0.169550 0.193392 0.217103 0.205653 0.432727 0.210732 0.191052 0.222254 0.169765 0.325713 0.193080 0.209788 0.329205 0.191804 0.211874 0.167127 0.185044 0.155898 0.189819 0.208599 0.142934 0.154371 0.203131 0.277657 0.277506 0.293733 0.313413 0.295091 0.277871 0.195682 0.251073 0.209424 0.242939 0.205585 0.200213 0.212948 0.167415 0.217543 0.173558 0.211373 0.123017 0.114025 0.160365 0.166307 0.109677 0.224533 0.155271 0.175759 0.151386 0.183595 0.134490 0.178884 0.178271 0.182981 0.180351 0.110085 0.153965 0.145110 0.201028 0.148579 0.186259 0.158014 0.201197 0.151790 0.195183 0.145841 0.214824 0.100940 0.156157 0.143266 0.140819 0.144716 0.116131 0.167031 0.193983 0.233821 0.194465 0.317544 0.280498 0.180413 0.213571 0.208035 0.168773 0.249343 0.266440 0.248365 0.220659 0.128303 0.190953 0.206041 0.174083 0.138098 0.122203 0.253634 0.266147 
0.110748 0.154129 0.000000 0.121689 0.139431 0.271342 0.241836 0.263463 0.146991 0.128096 0.148450 0.146511 0.191365 0.154155 0.142182 0.248867 0.148138 0.155718 0.179433 0.313552 0.353631 0.202815 0.305694 0.346852 0.376463 0.428528 0.387574 0.390657 0.349829 0.407069 0.378735 0.344962 0.348870 0.331720 0.364329 0.379776 0.367072 0.352612 0.323283 0.418252 0.390231 0.207163 0.176817 0.191926 0.226075 0.234002 0.245253 0.227864 0.365494 0.279286 0.294117 0.240841 0.413856 0.351283 0.449446 0.390294 0.228048 0.334644 0.356440 0.245637 0.381026 0.317749 0.379360 0.370399 0.247373 0.204587 0.150461 0.188693 0.110514 0.123306 0.356857 0.367263 0.307564 0.350879 0.369198 0.205661 0.174001 0.274879 0.203588 0.224871 0.144116 0.150214 0.594431 0.274868 0.361023 0.312728 0.438379 0.666595 0.478411 0.294926 0.347248 0.445341 0.217889 0.175618 0.214113 0.159156 0.232262 0.191283 0.221188 0.206165 0.217547 0.197527 0.197363 0.206101 0.186777 0.201155 0.174210 0.229401 0.172937 0.230828 0.165774 0.127017 0.143595 0.148092 0.091229 0.188234 0.155187 0.182129 0.171924 0.147929 0.189477 0.233191 0.187716 0.196418 0.185737 0.197474 0.180678 0.229813 0.236710 0.203209 0.227762 0.181549 0.197389 0.173459 0.203595 0.200237 0.210472 0.246091 0.207604 0.199342 0.215684 0.168053 0.273137 0.131008 0.212586 0.212213 0.131092 0.202962 0.174388 0.140322 0.416358 0.183917 0.154636 0.205441 0.173392 0.280050 0.196761 0.174577 0.319000 0.147504 0.144658 0.137282 0.150703 0.087417 0.156267 0.160839 0.117448 0.140485 0.137612 0.264722 0.320841 0.379747 0.375357 0.363158 0.374207 0.191130 0.219941 0.258396 0.294359 0.225426 0.217230 0.241638 0.220370 0.276415 0.210330 0.250308 0.155659 0.167636 0.155066 0.167515 0.186556 0.201854 0.138173 0.226615 0.218746 0.153249 0.143803 0.141579 0.127442 0.118287 0.141231 0.153613 0.222869 0.201906 0.234517 0.227237 0.196400 0.219536 0.140395 0.113827 0.182882 0.124883 0.154189 0.126072 0.096867 0.131050 0.130263 0.116065 0.121435 0.165891 0.198404 0.207414 0.212310 0.285919 0.289672 0.213130 0.266037 0.251237 0.172597 0.252843 0.274009 0.235228 0.195134 0.209937 0.151435 0.196483 0.190836 0.135355 0.121271 0.242854 0.257022 
0.159023 0.118559 0.121689 0.000000 0.100889 0.308277 0.250101 0.269273 0.156894 0.150555 0.145600 0.148877 0.196006 0.135590 0.145562 0.227018 0.145887 0.164951 0.207321 0.283171 0.339519 0.184951 0.300207 0.336668 0.382743 0.424740 0.373211 0.383296 0.348530 0.399674 0.361383 0.346600 0.345050 0.341467 0.371313 0.364001 0.356564 0.362303 0.315063 0.414828 0.380064 0.186395 0.182074 0.179900 0.206990 0.220613 0.237770 0.180319 0.341044 0.278152 0.302513 0.224851 0.375362 0.364321 0.458218 0.414500 0.212366 0.358482 0.308130 0.260384 0.368687 0.355613 0.390907 0.387907 0.203092 0.183539 0.140652 0.177864 0.105201 0.095976 0.348106 0.348626 0.277482 0.324557 0.363540 0.234822 0.206900 0.233330 0.197429 0.187219 0.114913 0.157088 0.593139 0.297938 0.341476 0.313317 0.416773 0.659220 0.498117 0.313112 0.349781 0.438748 0.211912 0.176116 0.188936 0.169056 0.210701 0.165366 0.198911 0.183804 0.185755 0.182011 0.176393 0.177268 0.178570 0.171933 0.188542 0.198578 0.154497 0.208231 0.148948 0.114906 0.114621 0.140893 0.110816 0.177383 0.155277 0.193563 0.186713 0.157762 0.186971 0.246107 0.199135 0.179987 0.208319 0.213500 0.191725 0.223747 0.230647 0.209325 0.235494 0.184388 0.236082 0.212451 0.209110 0.224326 0.222100 0.247365 0.229038 0.220604 0.218839 0.176448 0.284897 0.124774 0.187776 0.206136 0.146025 0.175901 0.177435 0.125505 0.428435 0.179332 0.164800 0.205960 0.151225 0.265353 0.169852 0.165256 0.314143 0.157786 0.179919 0.142366 0.151897 0.113598 0.193762 0.180655 0.118617 0.115122 0.170997 0.230491 0.282450 0.329450 0.332736 0.330059 0.337729 0.182307 0.227424 0.225183 0.264799 0.214740 0.180646 0.200689 0.189147 0.229547 0.190413 0.215602 0.150126 0.151658 0.181142 0.171658 0.196131 0.217219 0.157766 0.179834 0.213382 0.185069 0.136974 0.178067 0.166470 0.181008 0.167412 0.118101 0.188696 0.179668 0.206495 0.191861 0.172924 0.181472 0.198472 0.123390 0.192000 0.131913 0.202206 0.109646 0.129122 0.119489 0.136160 0.109012 0.118573 0.153287 0.183517 0.203839 0.207853 0.280392 0.313609 0.181117 0.231238 0.218288 0.157750 0.238158 0.286766 0.231811 0.201063 0.200298 0.164311 0.200877 0.183631 0.130708 0.141829 0.235167 0.252663 
0.159253 0.163457 0.139431 0.100889 0.000000 0.298699 0.190567 0.226409 0.173224 0.167056 0.172010 0.165182 0.200718 0.166070 0.181045 0.256696 0.189265 0.181525 0.221727 0.299747 0.334450 0.190321 0.298350 0.339992 0.382095 0.429144 0.376762 0.391063 0.349504 0.403197 0.368283 0.350248 0.349755 0.337871 0.374007 0.369004 0.362418 0.363904 0.319636 0.419444 0.385416 0.195149 0.190425 0.184187 0.221676 0.238341 0.237751 0.215309 0.359624 0.281288 0.293616 0.232000 0.371700 0.358817 0.458300 0.394090 0.213803 0.343947 0.290690 0.256372 0.332028 0.376944 0.414595 0.398229 0.218944 0.157795 0.178266 0.218212 0.127352 0.137257 0.375101 0.366013 0.311173 0.353295 0.365091 0.210267 0.210462 0.265036 0.242703 0.220708 0.125430 0.148837 0.560200 0.297305 0.366515 0.334129 0.464452 0.634862 0.529359 0.340571 0.381658 0.454568 0.230085 0.180815 0.196861 0.179148 0.221967 0.184372 0.198444 0.188442 0.194637 0.196756 0.188777 0.193056 0.180159 0.194017 0.190791 0.206814 0.194984 0.228089 0.193928 0.143863 0.142283 0.168401 0.133124 0.207561 0.185204 0.212678 0.201789 0.177822 0.217549 0.261522 0.218486 0.212991 0.226937 0.235233 0.212180 0.245485 0.253137 0.230707 0.248542 0.204889 0.250435 0.230674 0.220628 0.237824 0.247695 0.262272 0.239773 0.229603 0.240457 0.187960 0.309757 0.174895 0.215905 0.191474 0.159101 0.213932 0.200926 0.155602 0.416238 0.207082 0.176392 0.211332 0.154833 0.266733 0.183356 0.189598 0.333052 0.183614 0.203429 0.154778 0.180596 0.137367 0.214037 0.210962 0.130850 0.134200 0.196774 0.229060 0.303281 0.363721 0.359352 0.358190 0.377003 0.215261 0.241023 0.255658 0.293304 0.246650 0.222888 0.239588 0.226860 0.265305 0.224238 0.256573 0.179808 0.195059 0.217562 0.170586 0.236314 0.246112 0.169921 0.238129 0.261721 0.204324 0.172644 0.193264 0.174928 0.191212 0.177768 0.160209 0.219381 0.220211 0.250829 0.229494 0.211748 0.225213 0.204099 0.142640 0.223790 0.169381 0.214240 0.164848 0.160377 0.153695 0.155895 0.140031 0.155193 0.186345 0.202898 0.228263 0.237277 0.288347 0.330422 0.227349 0.272906 0.266172 0.183088 0.257887 0.290666 0.250045 0.212773 0.227962 0.178250 0.229526 0.223874 0.162897 0.175105 0.248513 0.263555 
0.253910 0.294759 0.271342 0.308277 0.298699 0.000000 0.165114 0.253931 0.358715 0.361428 0.360681 0.358230 0.364024 0.327791 0.341259 0.336168 0.328274 0.321850 0.341356 0.441651 0.476932 0.311319 0.450118 0.437227 0.462863 0.519804 0.464602 0.463965 0.440908 0.489847 0.447616 0.438793 0.452047 0.437951 0.473186 0.450881 0.459554 0.462764 0.441667 0.519630 0.500116 0.339782 0.373734 0.375141 0.355373 0.356502 0.393460 0.314889 0.427058 0.397932 0.403572 0.362782 0.350928 0.264798 0.302717 0.300436 0.347058 0.294579 0.343141 0.348194 0.360268 0.293655 0.292275 0.303547 0.247190 0.292916 0.263372 0.285894 0.298100 0.334604 0.386229 0.417420 0.370586 0.381220 0.428253 0.198887 0.213657 0.328876 0.263764 0.308662 0.314434 0.256249 0.421733 0.273163 0.431152 0.263897 0.447993 0.545267 0.424070 0.325501 0.437146 0.500785 0.339909 0.359341 0.372606 0.366329 0.350027 0.374507 0.357686 0.339277 0.361183 0.352107 0.365504 0.376454 0.364001 0.362021 0.366106 0.382270 0.275856 0.358910 0.252612 0.288544 0.301052 0.297788 0.297714 0.305237 0.279750 0.334720 0.343081 0.356108 0.359054 0.394434 0.348248 0.342717 0.387408 0.364840 0.332712 0.366913 0.375071 0.358705 0.359716 0.335216 0.374140 0.355478 0.364035 0.367496 0.370586 0.381810 0.371548 0.344770 0.382641 0.352460 0.337079 0.325371 0.338132 0.320651 0.329357 0.298663 0.405500 0.343995 0.368560 0.387698 0.353631 0.344944 0.328754 0.339981 0.349380 0.335635 0.322210 0.370012 0.386244 0.359963 0.333486 0.318555 0.360528 0.326873 0.323598 0.345483 0.362188 0.384553 0.392107 0.410247 0.414611 0.401245 0.355491 0.298880 0.310803 0.382527 0.393223 0.368132 0.366602 0.379998 0.346180 0.378440 0.359775 0.295416 0.319951 0.304093 0.222489 0.319937 0.294951 0.288498 0.244682 0.306128 0.306475 0.244043 0.261415 0.239553 0.296210 0.240696 0.235154 0.311437 0.353287 0.305035 0.352965 0.300937 0.321706 0.318414 0.381527 0.343661 0.366133 0.332913 0.268349 0.299314 0.237060 0.345208 0.337088 0.338356 0.319749 0.323161 0.283031 0.377666 0.357409 0.376784 0.382185 0.373723 0.412896 0.405153 0.329240 0.380020 0.292874 0.359819 0.316770 0.295012 0.317089 0.380888 0.369412 0.306925 0.300048 0.356667 0.372567 
0.224052 0.291026 0.241836 0.250101 0.190567 0.165114 0.000000 0.147096 0.330138 0.332750 0.334031 0.327809 0.312527 0.287335 0.314941 0.325845 0.325967 0.290429 0.322721 0.404646 0.428191 0.287002 0.395262 0.396854 0.432333 0.478658 0.426834 0.438214 0.404177 0.452633 0.417306 0.403799 0.407612 0.401158 0.434051 0.405243 0.417630 0.432583 0.400555 0.485854 0.462707 0.305769 0.333960 0.336324 0.324263 0.330602 0.345403 0.306232 0.411342 0.356686 0.364160 0.332413 0.301004 0.269174 0.354677 0.288601 0.313867 0.273725 0.275499 0.313421 0.298917 0.329211 0.304906 0.311986 0.203103 0.187755 0.259513 0.284666 0.255918 0.271988 0.411051 0.414015 0.363318 0.396562 0.415488 0.154641 0.179808 0.321765 0.274180 0.297856 0.243938 0.202463 0.451844 0.254464 0.422138 0.278566 0.467433 0.521407 0.460439 0.333166 0.432470 0.495948 0.317160 0.317525 0.315051 0.317907 0.311893 0.322964 0.307000 0.298969 0.322269 0.310269 0.316114 0.327205 0.318314 0.314898 0.327655 0.335739 0.281630 0.323602 0.250750 0.248862 0.267404 0.275451 0.266132 0.296725 0.263125 0.316065 0.317446 0.309825 0.336811 0.379320 0.330267 0.326017 0.365934 0.354183 0.317792 0.352573 0.360413 0.338122 0.348173 0.316686 0.361807 0.343204 0.343724 0.357598 0.361345 0.369235 0.355673 0.326225 0.360424 0.309925 0.313446 0.300199 0.304977 0.216226 0.290726 0.271818 0.360581 0.291999 0.331455 0.342752 0.311526 0.312129 0.280853 0.269570 0.301728 0.288021 0.291697 0.327407 0.357183 0.308369 0.293757 0.290197 0.328600 0.320966 0.281517 0.296224 0.332324 0.293207 0.369847 0.415168 0.408401 0.408755 0.381807 0.277702 0.300119 0.356243 0.373958 0.349894 0.336266 0.347640 0.321621 0.353950 0.328898 0.289520 0.305973 0.304800 0.249585 0.292503 0.302609 0.271300 0.243251 0.285366 0.316607 0.242305 0.259089 0.242045 0.275075 0.242544 0.215460 0.298346 0.328154 0.309771 0.357027 0.314332 0.314913 0.316870 0.348202 0.310959 0.351673 0.307546 0.234967 0.296065 0.233250 0.311556 0.315487 0.302637 0.301587 0.303299 0.247485 0.353617 0.337389 0.332497 0.363942 0.358263 0.395835 0.391993 0.295274 0.342053 0.271936 0.327107 0.299285 0.306790 0.298846 0.361023 0.349625 0.282821 0.275278 0.324468 0.334379 
0.249130 0.295110 0.263463 0.269273 0.226409 0.253931 0.147096 0.000000 0.326370 0.350167 0.344717 0.331825 0.331807 0.334701 0.312140 0.334987 0.341357 0.338912 0.341880 0.404787 0.411739 0.342775 0.384634 0.436926 0.457173 0.501713 0.468079 0.482439 0.439327 0.464141 0.470833 0.425012 0.393229 0.436711 0.465448 0.417965 0.456131 0.487559 0.456190 0.520577 0.501128 0.373400 0.382151 0.384774 0.389982 0.389457 0.359346 0.362380 0.457073 0.391112 0.382563 0.397804 0.319000 0.342368 0.433590 0.379030 0.381722 0.347498 0.273541 0.351098 0.321442 0.390523 0.355486 0.408269 0.235605 0.207738 0.291852 0.296015 0.279899 0.297341 0.447946 0.449451 0.402218 0.441232 0.446519 0.225624 0.257885 0.369398 0.327126 0.340938 0.287261 0.265395 0.451769 0.268250 0.401035 0.335909 0.456936 0.498745 0.487766 0.347377 0.417441 0.488940 0.326051 0.360510 0.322497 0.352365 0.377446 0.375044 0.359140 0.364575 0.388126 0.378926 0.380612 0.388159 0.378588 0.384849 0.378390 0.393534 0.317667 0.345596 0.279470 0.275453 0.289296 0.309160 0.269490 0.314738 0.264707 0.376469 0.362333 0.342989 0.400356 0.440211 0.397879 0.387108 0.414401 0.417003 0.372916 0.417416 0.421066 0.397541 0.409262 0.382824 0.424192 0.406438 0.407342 0.419804 0.416867 0.431133 0.416783 0.374264 0.422522 0.331772 0.316198 0.302043 0.318939 0.207983 0.334186 0.289241 0.399293 0.331035 0.339390 0.368278 0.320253 0.321681 0.314227 0.329268 0.320149 0.300102 0.304714 0.358530 0.385430 0.326791 0.327268 0.317743 0.324373 0.333425 0.320780 0.333440 0.361045 0.286655 0.415440 0.450145 0.446648 0.446064 0.433640 0.281395 0.341137 0.381719 0.402510 0.361405 0.366650 0.363724 0.342524 0.385575 0.352700 0.346117 0.318559 0.323913 0.306511 0.317952 0.289982 0.278003 0.280277 0.302053 0.341640 0.290522 0.293743 0.279227 0.302153 0.286517 0.262992 0.295581 0.317069 0.338593 0.396125 0.357892 0.352015 0.345028 0.347193 0.317573 0.344287 0.316405 0.270046 0.320830 0.280653 0.333837 0.327450 0.330223 0.319606 0.310626 0.281185 0.393257 0.341793 0.341522 0.344855 0.342236 0.386964 0.387395 0.320940 0.333019 0.276340 0.347037 0.352798 0.334188 0.360931 0.350574 0.330011 0.273477 0.254748 0.344601 0.346246 
0.188467 0.165703 0.146991 0.156894 0.173224 0.358715 0.330138 0.326370 0.000000 0.108852 0.051422 0.068648 0.108575 0.124331 0.110796 0.166876 0.156914 0.161161 0.155980 0.205664 0.227894 0.188720 0.235674 0.326866 0.360929 0.411506 0.363838 0.370446 0.343875 0.372118 0.357786 0.327560 0.295217 0.315523 0.350819 0.330384 0.346683 0.356324 0.304763 0.404016 0.371152 0.186441 0.172155 0.175328 0.202686 0.209092 0.139581 0.195043 0.299520 0.183276 0.186308 0.197622 0.497164 0.383123 0.518067 0.456651 0.211378 0.400741 0.395215 0.230485 0.442936 0.347560 0.410429 0.423643 0.308413 0.271196 0.144806 0.202939 0.170563 0.158743 0.365879 0.314551 0.327780 0.358617 0.292609 0.305316 0.267969 0.279542 0.252613 0.232294 0.204363 0.240354 0.628967 0.267891 0.239613 0.353314 0.383923 0.641099 0.452902 0.249622 0.263390 0.342650 0.157234 0.168381 0.169475 0.168114 0.209979 0.171262 0.195887 0.189570 0.189900 0.184390 0.182273 0.181410 0.181268 0.173940 0.180223 0.202886 0.199375 0.155056 0.189269 0.146937 0.150294 0.168733 0.112685 0.194607 0.183624 0.157295 0.153764 0.140340 0.175992 0.209025 0.175379 0.164964 0.179759 0.186795 0.151904 0.200347 0.208226 0.194626 0.203605 0.163333 0.206428 0.187795 0.184908 0.192464 0.193378 0.221745 0.198151 0.171780 0.200479 0.131495 0.245654 0.125800 0.156202 0.263277 0.114221 0.202889 0.173044 0.173933 0.393792 0.153105 0.113805 0.142245 0.119451 0.314499 0.125498 0.175510 0.280934 0.140485 0.152714 0.110928 0.122046 0.112857 0.134798 0.156988 0.103324 0.133134 0.149675 0.255092 0.306067 0.371130 0.362000 0.370130 0.411131 0.194694 0.230219 0.237320 0.265432 0.229724 0.189623 0.203124 0.223671 0.250175 0.216527 0.285426 0.157325 0.199005 0.228996 0.157707 0.206677 0.220777 0.150325 0.231318 0.173869 0.212198 0.170825 0.178109 0.156569 0.195881 0.178667 0.163967 0.197565 0.228838 0.242271 0.234901 0.195799 0.218865 0.107613 0.091951 0.143932 0.167296 0.235730 0.157520 0.189669 0.110767 0.099249 0.130779 0.141613 0.196323 0.255098 0.155428 0.168961 0.206205 0.274989 0.147547 0.201627 0.165066 0.139254 0.174103 0.267283 0.154122 0.214699 0.215879 0.181690 0.107635 0.153737 0.102065 0.138109 0.187431 0.163176 
0.183877 0.185823 0.128096 0.150555 0.167056 0.361428 0.332750 0.350167 0.108852 0.000000 0.096438 0.086711 0.160017 0.163468 0.123106 0.179335 0.132310 0.147866 0.177740 0.224228 0.272316 0.193176 0.293588 0.350277 0.383219 0.433361 0.392904 0.401677 0.353228 0.410030 0.384300 0.354776 0.343034 0.343387 0.366653 0.377261 0.372416 0.357722 0.326743 0.420792 0.392644 0.214689 0.181149 0.192775 0.233956 0.246066 0.195319 0.200319 0.293923 0.242699 0.239471 0.173202 0.480293 0.373893 0.478554 0.409361 0.232055 0.356558 0.389612 0.249163 0.398766 0.324411 0.401386 0.379924 0.293090 0.267468 0.157062 0.195009 0.144071 0.140095 0.331046 0.302326 0.291320 0.323312 0.321830 0.286190 0.254444 0.258312 0.247701 0.212038 0.198334 0.227021 0.586426 0.277540 0.279953 0.319488 0.380950 0.643040 0.463813 0.268522 0.271564 0.363196 0.214838 0.182672 0.227870 0.174715 0.239176 0.202697 0.228738 0.213451 0.222114 0.207383 0.206829 0.215021 0.192414 0.212693 0.180415 0.231739 0.195420 0.175317 0.195315 0.162698 0.170142 0.172597 0.126044 0.215095 0.196734 0.194265 0.184668 0.170359 0.198197 0.237373 0.198343 0.206514 0.188437 0.217481 0.195106 0.236282 0.249999 0.221739 0.234636 0.196835 0.207463 0.187339 0.209147 0.210202 0.228575 0.256043 0.213454 0.208431 0.220507 0.177886 0.264303 0.137019 0.177964 0.260416 0.137297 0.207383 0.189094 0.161069 0.414757 0.209935 0.163481 0.199963 0.170745 0.293600 0.179376 0.164049 0.298904 0.171154 0.160487 0.151902 0.164895 0.090083 0.143637 0.164424 0.122445 0.170256 0.133781 0.253617 0.287759 0.353295 0.344088 0.346639 0.411307 0.173138 0.191433 0.220487 0.252905 0.201461 0.185044 0.202590 0.216253 0.235795 0.201751 0.283486 0.162394 0.201994 0.218233 0.154672 0.228534 0.236626 0.157302 0.239956 0.215861 0.171634 0.170882 0.157429 0.126921 0.159213 0.192424 0.152899 0.206699 0.211558 0.217174 0.229749 0.176081 0.212633 0.142416 0.130364 0.142740 0.131961 0.221367 0.138396 0.157143 0.112824 0.110973 0.120943 0.136688 0.166881 0.224643 0.155247 0.168357 0.239735 0.272550 0.164248 0.203384 0.187233 0.126710 0.201968 0.257156 0.168777 0.204476 0.218866 0.169362 0.153519 0.151771 0.149060 0.157973 0.241277 0.245419 
0.183984 0.166868 0.148450 0.145600 0.172010 0.360681 0.334031 0.344717 0.051422 0.096438 0.000000 0.089122 0.126820 0.116258 0.116036 0.159842 0.143274 0.167630 0.165891 0.205644 0.246529 0.178005 0.252157 0.312845 0.356844 0.401279 0.354461 0.361261 0.334105 0.368579 0.344886 0.321034 0.303881 0.310729 0.343339 0.334022 0.334424 0.338400 0.280624 0.384086 0.344326 0.168802 0.154752 0.155467 0.175557 0.186825 0.154842 0.178277 0.275215 0.190457 0.201828 0.168584 0.479884 0.368048 0.499162 0.432477 0.187844 0.382472 0.385681 0.246729 0.432069 0.334903 0.412374 0.401402 0.293485 0.269669 0.135705 0.197552 0.169168 0.153643 0.343674 0.296388 0.307248 0.336450 0.305008 0.291364 0.259486 0.261179 0.234989 0.215723 0.193682 0.228926 0.620557 0.276642 0.250459 0.344427 0.391413 0.649682 0.467863 0.251499 0.276282 0.362855 0.161645 0.153647 0.179555 0.158472 0.200974 0.156395 0.192000 0.175543 0.172261 0.161145 0.160433 0.159273 0.162195 0.156762 0.168827 0.184141 0.189612 0.158429 0.179515 0.152009 0.148151 0.163358 0.126762 0.198257 0.195229 0.154267 0.147125 0.141633 0.157382 0.194033 0.154225 0.150059 0.157492 0.168987 0.153645 0.190441 0.191364 0.182037 0.196737 0.152202 0.191093 0.169242 0.162920 0.173769 0.177198 0.206050 0.183280 0.173652 0.183522 0.132510 0.258481 0.117539 0.156408 0.261820 0.111022 0.197865 0.167512 0.171674 0.409678 0.140790 0.115935 0.146633 0.124310 0.302447 0.131503 0.177363 0.296734 0.134446 0.140435 0.123371 0.123756 0.109565 0.143888 0.160688 0.104203 0.126873 0.148031 0.257871 0.285129 0.354858 0.343545 0.354906 0.397477 0.194902 0.219710 0.215026 0.250730 0.215400 0.175368 0.189114 0.207621 0.233823 0.196606 0.274867 0.153980 0.191472 0.226359 0.162471 0.213286 0.223312 0.142172 0.226713 0.173837 0.202263 0.159155 0.165188 0.153127 0.192916 0.172837 0.159215 0.200275 0.217459 0.227079 0.219263 0.182844 0.207301 0.137309 0.100956 0.148085 0.159509 0.245894 0.148648 0.188399 0.109544 0.089413 0.114180 0.134045 0.190883 0.250352 0.153673 0.173887 0.233040 0.298473 0.160255 0.206956 0.169886 0.134833 0.194894 0.275421 0.174386 0.216554 0.209244 0.182470 0.129151 0.163799 0.113287 0.149016 0.200586 0.193261 
0.171241 0.163377 0.146511 0.148877 0.165182 0.358230 0.327809 0.331825 0.068648 0.086711 0.089122 0.000000 0.150632 0.157602 0.134719 0.199752 0.154312 0.139583 0.182661 0.212269 0.245520 0.190461 0.263172 0.352308 0.391317 0.438237 0.388875 0.399315 0.360610 0.409882 0.379129 0.352939 0.326020 0.347186 0.363322 0.366624 0.370733 0.365894 0.332798 0.432730 0.397449 0.210002 0.192669 0.198796 0.236490 0.248569 0.170552 0.199595 0.322124 0.205411 0.212969 0.212317 0.487434 0.390561 0.505693 0.448554 0.231544 0.391561 0.392013 0.231130 0.428974 0.350480 0.416297 0.412983 0.301498 0.270505 0.153914 0.207193 0.157136 0.150046 0.366817 0.330063 0.328637 0.357160 0.313464 0.295326 0.269284 0.271383 0.256154 0.227015 0.202033 0.233529 0.622255 0.276013 0.267327 0.355830 0.398188 0.639240 0.467231 0.275788 0.280899 0.366072 0.203541 0.185552 0.199352 0.189392 0.233674 0.196094 0.222417 0.207950 0.214557 0.208472 0.206428 0.206700 0.200281 0.202925 0.191040 0.224156 0.203909 0.178726 0.198954 0.161218 0.157536 0.178872 0.120115 0.213452 0.191355 0.193157 0.187776 0.165366 0.215834 0.236276 0.200908 0.204373 0.211498 0.228686 0.195009 0.232746 0.250538 0.236708 0.238884 0.197173 0.229926 0.214248 0.217874 0.221696 0.235689 0.254769 0.229101 0.217800 0.241209 0.160659 0.269379 0.149704 0.187640 0.256290 0.143908 0.205240 0.202499 0.177789 0.408098 0.195397 0.166264 0.190340 0.153769 0.320426 0.159895 0.169557 0.301418 0.177575 0.174277 0.145302 0.169362 0.105248 0.153882 0.179003 0.113522 0.152216 0.160206 0.270421 0.317425 0.373599 0.367540 0.377500 0.403531 0.204146 0.237748 0.249167 0.283957 0.241623 0.215810 0.227512 0.239272 0.267768 0.233319 0.278099 0.177440 0.208441 0.216106 0.165822 0.222037 0.226915 0.167997 0.231987 0.192282 0.210872 0.179744 0.183972 0.165003 0.193459 0.188561 0.155042 0.214169 0.230713 0.244269 0.243770 0.206985 0.225902 0.112820 0.094380 0.146072 0.170425 0.232520 0.153092 0.167945 0.127517 0.127366 0.139006 0.133722 0.200821 0.242350 0.159722 0.182117 0.238249 0.270956 0.159933 0.204392 0.183170 0.162897 0.193885 0.271405 0.168776 0.206538 0.216750 0.172359 0.133924 0.156728 0.111515 0.155779 0.226956 0.195434 
0.218713 0.214786 0.191365 0.196006 0.200718 0.364024 0.312527 0.331807 0.108575 0.160017 0.126820 0.150632 0.000000 0.122657 0.135720 0.162009 0.217543 0.162510 0.151817 0.233064 0.250050 0.183378 0.208825 0.282118 0.326302 0.383296 0.323271 0.356530 0.294783 0.343280 0.323809 0.300101 0.263364 0.270462 0.325463 0.285473 0.318456 0.352207 0.312456 0.413351 0.387098 0.176637 0.183975 0.185813 0.191339 0.195158 0.161638 0.202927 0.307403 0.203957 0.195308 0.181477 0.476118 0.364458 0.525618 0.451110 0.206133 0.360919 0.372023 0.214920 0.420654 0.341405 0.370173 0.398530 0.332500 0.289252 0.172220 0.209380 0.204444 0.189772 0.367280 0.321879 0.314429 0.355767 0.304513 0.311877 0.267716 0.291027 0.276795 0.254347 0.208458 0.223800 0.678330 0.288138 0.243021 0.393223 0.362019 0.693179 0.440392 0.245656 0.249326 0.337219 0.152277 0.182702 0.143842 0.168594 0.188122 0.183636 0.159008 0.164882 0.202686 0.181563 0.169847 0.185926 0.184560 0.176326 0.190433 0.214613 0.188588 0.172605 0.178677 0.115790 0.132680 0.153922 0.143400 0.191980 0.163685 0.176100 0.157208 0.131386 0.179354 0.258631 0.201978 0.183963 0.223724 0.210981 0.173594 0.227369 0.242348 0.186806 0.232988 0.179569 0.221354 0.201763 0.212254 0.222500 0.231967 0.256237 0.226824 0.186650 0.220055 0.138609 0.201372 0.133995 0.116574 0.246016 0.126003 0.189638 0.163419 0.156925 0.389337 0.166460 0.119280 0.135367 0.107409 0.275221 0.096940 0.180520 0.252066 0.131333 0.201499 0.104641 0.127245 0.150595 0.122857 0.163809 0.113397 0.137042 0.176170 0.232173 0.297335 0.381598 0.351163 0.362532 0.391577 0.175846 0.237384 0.254069 0.290082 0.242680 0.200434 0.210186 0.253209 0.264222 0.229563 0.271646 0.173455 0.203998 0.249622 0.140612 0.233980 0.221800 0.152383 0.220667 0.222011 0.226342 0.167529 0.202783 0.191422 0.208903 0.189569 0.195518 0.210421 0.229253 0.249602 0.254090 0.195696 0.215336 0.156991 0.132917 0.195712 0.182216 0.245754 0.213322 0.217874 0.156383 0.150061 0.154741 0.201637 0.228996 0.297838 0.132017 0.178822 0.179551 0.281100 0.179047 0.231594 0.206718 0.129746 0.148740 0.269656 0.161098 0.230876 0.269073 0.221362 0.159728 0.190216 0.139054 0.166392 0.137890 0.139436 
0.201301 0.182561 0.154155 0.135590 0.166070 0.327791 0.287335 0.334701 0.124331 0.163468 0.116258 0.157602 0.122657 0.000000 0.143575 0.194187 0.164676 0.112916 0.125439 0.284435 0.303918 0.123201 0.233792 0.247196 0.297291 0.347486 0.286796 0.305695 0.268396 0.317264 0.276059 0.269230 0.268138 0.255166 0.291804 0.282588 0.271806 0.308049 0.259716 0.359926 0.328732 0.102085 0.103105 0.110584 0.125573 0.132768 0.198249 0.171882 0.306016 0.213568 0.237497 0.180860 0.435364 0.357576 0.504286 0.445557 0.132289 0.361364 0.353963 0.236483 0.400028 0.363377 0.406424 0.401081 0.284230 0.237914 0.161688 0.197615 0.156216 0.137189 0.368290 0.334819 0.310788 0.342868 0.347384 0.269529 0.229105 0.266185 0.238868 0.231227 0.158833 0.187147 0.670162 0.312223 0.290510 0.385846 0.416069 0.732701 0.493698 0.285593 0.310428 0.392468 0.115476 0.124119 0.120969 0.116481 0.132283 0.108884 0.116786 0.101600 0.115804 0.112240 0.109474 0.113548 0.111175 0.111289 0.119231 0.140361 0.166935 0.212321 0.162588 0.087892 0.104192 0.132319 0.120415 0.171515 0.145698 0.102965 0.090291 0.077693 0.105944 0.173603 0.114915 0.106478 0.140994 0.136218 0.104835 0.147473 0.161870 0.124159 0.153197 0.109037 0.149449 0.126378 0.139439 0.144768 0.146525 0.182303 0.157736 0.137234 0.147147 0.089906 0.270950 0.113156 0.146642 0.269465 0.050317 0.201658 0.103962 0.128045 0.458883 0.109334 0.082567 0.121868 0.078898 0.298527 0.110674 0.171022 0.316375 0.085373 0.123234 0.077911 0.063756 0.106732 0.159974 0.176268 0.084282 0.090803 0.112167 0.288170 0.296108 0.356588 0.348318 0.356207 0.358765 0.201309 0.241234 0.254006 0.296180 0.243300 0.207225 0.231443 0.231791 0.264171 0.223260 0.226811 0.155910 0.168107 0.199392 0.148913 0.218193 0.206187 0.167943 0.190641 0.240177 0.211004 0.159873 0.207747 0.182748 0.197540 0.176880 0.171169 0.217279 0.211207 0.217006 0.227372 0.189103 0.197012 0.184066 0.109743 0.228866 0.177122 0.208568 0.163991 0.164024 0.135749 0.146564 0.123360 0.152486 0.206614 0.268453 0.171154 0.192966 0.242752 0.338405 0.220932 0.271331 0.230679 0.136866 0.212106 0.308268 0.202810 0.163734 0.250801 0.161724 0.193387 0.231300 0.164148 0.177171 0.138213 0.164103 
0.184142 0.141694 0.142182 0.145562 0.181045 0.341259 0.314941 0.312140 0.110796 0.123106 0.116036 0.134719 0.135720 0.143575 0.000000 0.137725 0.106919 0.164176 0.170368 0.217045 0.252024 0.194594 0.244465 0.333845 0.370639 0.420250 0.376694 0.395611 0.342423 0.380863 0.373489 0.337994 0.314442 0.324164 0.345659 0.340550 0.363136 0.350807 0.325276 0.419806 0.391839 0.205571 0.181890 0.187955 0.213437 0.222810 0.211366 0.156520 0.301735 0.256311 0.234809 0.173540 0.459000 0.338612 0.471838 0.420228 0.235161 0.362787 0.355762 0.257807 0.392580 0.337981 0.360987 0.386269 0.273991 0.270431 0.142285 0.140205 0.148186 0.145140 0.307857 0.318500 0.274394 0.301453 0.353090 0.291361 0.249615 0.240475 0.222830 0.194719 0.208269 0.237680 0.581048 0.237879 0.268548 0.299056 0.360771 0.640814 0.433809 0.238142 0.244878 0.383087 0.185747 0.178916 0.177196 0.172780 0.226967 0.195501 0.206834 0.206281 0.215842 0.201921 0.200213 0.210825 0.197251 0.203482 0.179653 0.232921 0.156467 0.192112 0.160971 0.130545 0.153560 0.157128 0.113830 0.184327 0.155159 0.194019 0.186023 0.153913 0.199121 0.241637 0.196389 0.207199 0.206465 0.207359 0.185283 0.235848 0.249126 0.220047 0.240178 0.192064 0.220959 0.200973 0.208022 0.210354 0.230468 0.255455 0.225256 0.198765 0.227793 0.153093 0.210817 0.082962 0.123547 0.210809 0.126117 0.178121 0.184699 0.160300 0.380540 0.186893 0.136148 0.165181 0.148894 0.281553 0.145150 0.140352 0.254351 0.157203 0.173447 0.118417 0.146861 0.118291 0.107557 0.144702 0.111074 0.150787 0.162020 0.207283 0.269500 0.334300 0.320110 0.313614 0.362903 0.151383 0.204583 0.206582 0.249571 0.182266 0.174424 0.191432 0.182576 0.219959 0.165652 0.258511 0.112301 0.149856 0.195062 0.128911 0.170307 0.214120 0.138258 0.201241 0.198587 0.174807 0.157182 0.171878 0.165042 0.173010 0.196054 0.139321 0.155059 0.168523 0.193249 0.188417 0.161800 0.178499 0.157200 0.130551 0.137054 0.110649 0.215296 0.114313 0.163896 0.114945 0.120072 0.116229 0.111373 0.137360 0.197444 0.166038 0.133445 0.234504 0.245783 0.165571 0.209797 0.181097 0.105800 0.176694 0.252136 0.193578 0.232603 0.184252 0.206318 0.148948 0.153439 0.116512 0.106334 0.196592 0.209737 
0.252211 0.216103 0.248867 0.227018 0.256696 0.336168 0.325845 0.334987 0.166876 0.179335 0.159842 0.199752 0.162009 0.194187 0.137725 0.000000 0.197383 0.198145 0.182537 0.211759 0.241142 0.182804 0.257713 0.324638 0.361600 0.418307 0.363632 0.379383 0.330643 0.359880 0.351500 0.335105 0.293527 0.320978 0.353023 0.294697 0.355528 0.360001 0.326878 0.424257 0.397779 0.216286 0.245331 0.243676 0.214769 0.218872 0.186398 0.141186 0.225070 0.215207 0.173505 0.129952 0.427971 0.305350 0.421766 0.352729 0.223599 0.310056 0.318216 0.218758 0.366539 0.290065 0.294981 0.320392 0.296705 0.314680 0.131639 0.126833 0.238548 0.242506 0.270177 0.222399 0.220500 0.269927 0.260311 0.286095 0.253494 0.217368 0.226783 0.194028 0.266256 0.255294 0.590757 0.215162 0.180171 0.341768 0.269939 0.632450 0.338405 0.166778 0.175226 0.278246 0.161431 0.234773 0.204423 0.234728 0.228345 0.246458 0.222370 0.213218 0.236963 0.212282 0.231283 0.241500 0.235707 0.234403 0.241554 0.251231 0.165390 0.158851 0.166681 0.183264 0.197800 0.183127 0.188153 0.189931 0.180267 0.204246 0.226967 0.235528 0.223007 0.270147 0.221216 0.215503 0.260934 0.235836 0.200243 0.239985 0.250552 0.230976 0.238040 0.204244 0.251534 0.232821 0.234223 0.240110 0.243913 0.261945 0.245954 0.193694 0.249682 0.203376 0.170457 0.155533 0.118461 0.232499 0.185266 0.190252 0.280098 0.239080 0.326519 0.256365 0.191196 0.156785 0.164617 0.275130 0.158266 0.214632 0.234998 0.248693 0.267064 0.202421 0.187509 0.198034 0.176882 0.187090 0.177205 0.236373 0.253446 0.226673 0.229835 0.290142 0.261541 0.285120 0.349747 0.147722 0.183461 0.181126 0.205670 0.177759 0.152884 0.160020 0.194498 0.186556 0.187531 0.234398 0.169193 0.213484 0.238979 0.180976 0.223760 0.176286 0.164137 0.177019 0.182882 0.186413 0.161593 0.179975 0.195708 0.205220 0.192689 0.180138 0.162567 0.188889 0.200204 0.179620 0.133646 0.180498 0.239756 0.208582 0.158760 0.194735 0.245523 0.184502 0.207526 0.183306 0.181507 0.208107 0.214862 0.203590 0.253761 0.188877 0.151711 0.180976 0.232843 0.155301 0.191500 0.188097 0.116838 0.154967 0.202637 0.160582 0.225781 0.234380 0.233184 0.182188 0.169360 0.179262 0.170576 0.167817 0.174209 
0.186875 0.115211 0.148138 0.145887 0.189265 0.328274 0.325967 0.341357 0.156914 0.132310 0.143274 0.154312 0.217543 0.164676 0.106919 0.197383 0.000000 0.180111 0.190670 0.267094 0.321042 0.203133 0.307124 0.352940 0.393798 0.440215 0.393908 0.409371 0.362318 0.417320 0.384093 0.365968 0.361303 0.355090 0.370925 0.388305 0.377837 0.363812 0.329978 0.428878 0.395462 0.219035 0.194778 0.201327 0.230701 0.245117 0.254304 0.141932 0.327372 0.288977 0.294051 0.196434 0.417126 0.357153 0.436322 0.422321 0.237793 0.376867 0.333203 0.296075 0.389006 0.341384 0.381767 0.387469 0.216660 0.270539 0.151867 0.143211 0.126505 0.134892 0.272170 0.339996 0.250568 0.261053 0.390324 0.272982 0.234984 0.187748 0.173418 0.159714 0.205565 0.228371 0.526694 0.219818 0.321447 0.245356 0.357655 0.599382 0.419087 0.241215 0.279227 0.427461 0.222348 0.189489 0.236241 0.187532 0.242742 0.204376 0.233254 0.221053 0.225504 0.209337 0.208331 0.217522 0.205107 0.212743 0.191092 0.237654 0.149446 0.225798 0.157857 0.173683 0.186581 0.179369 0.152470 0.211649 0.173785 0.203044 0.201525 0.183659 0.207685 0.239120 0.207026 0.210603 0.207826 0.216596 0.202585 0.234181 0.247153 0.226780 0.238264 0.199700 0.228414 0.211364 0.212208 0.216239 0.231502 0.254503 0.226112 0.221244 0.228219 0.198162 0.232333 0.119525 0.194081 0.234852 0.162811 0.195537 0.205365 0.189140 0.415026 0.223771 0.177087 0.219883 0.189065 0.303593 0.208954 0.188724 0.287953 0.185129 0.183500 0.175049 0.181907 0.132847 0.174874 0.180802 0.158833 0.180575 0.170208 0.252428 0.269202 0.301168 0.315793 0.279001 0.327199 0.183213 0.197392 0.210096 0.251572 0.191592 0.194643 0.213385 0.161321 0.212299 0.159971 0.248119 0.108001 0.106197 0.169214 0.174510 0.134343 0.235797 0.147590 0.201381 0.157061 0.162336 0.148116 0.169650 0.164235 0.172370 0.191532 0.119597 0.163256 0.122782 0.154469 0.132228 0.170891 0.154080 0.214252 0.164744 0.160044 0.140725 0.214989 0.083050 0.136269 0.153672 0.167800 0.140181 0.125698 0.131565 0.163749 0.215994 0.174500 0.298027 0.251429 0.178978 0.188735 0.173002 0.147625 0.247144 0.228173 0.228462 0.225774 0.129391 0.202389 0.205356 0.152352 0.151598 0.114208 0.248139 0.272378 
0.193388 0.196576 0.155718 0.164951 0.181525 0.321850 0.290429 0.338912 0.161161 0.147866 0.167630 0.139583 0.162510 0.112916 0.164176 0.198145 0.180111 0.000000 0.117402 0.326137 0.341283 0.100883 0.274035 0.259631 0.304124 0.357313 0.306286 0.339122 0.271621 0.328753 0.291517 0.274557 0.280843 0.267282 0.281411 0.283136 0.299501 0.292333 0.271507 0.378508 0.355101 0.134191 0.148965 0.148511 0.160836 0.159340 0.224039 0.179078 0.305809 0.229114 0.224707 0.180770 0.417830 0.341433 0.463030 0.425268 0.130491 0.332741 0.312966 0.200741 0.352402 0.347316 0.376805 0.382079 0.303072 0.266924 0.153823 0.170865 0.148369 0.169528 0.331856 0.314407 0.291379 0.318367 0.340660 0.241274 0.208222 0.247662 0.228785 0.215326 0.180708 0.180006 0.679271 0.305325 0.292209 0.406365 0.395005 0.757686 0.482463 0.275672 0.289518 0.373315 0.130654 0.153863 0.178988 0.153096 0.165716 0.171583 0.143290 0.138635 0.165395 0.144971 0.156656 0.165621 0.139614 0.163848 0.134048 0.167812 0.172107 0.209493 0.180873 0.111815 0.126497 0.131398 0.121883 0.154947 0.144206 0.109812 0.115151 0.118869 0.133115 0.184371 0.122970 0.140971 0.159384 0.156711 0.115668 0.165051 0.183851 0.140188 0.151462 0.122438 0.136800 0.132982 0.147520 0.147093 0.166859 0.200698 0.149023 0.134013 0.165408 0.125300 0.273547 0.141106 0.156815 0.280607 0.104289 0.227241 0.193326 0.166494 0.440838 0.205542 0.113814 0.143342 0.131773 0.319309 0.144684 0.187491 0.352491 0.174973 0.169448 0.146076 0.107042 0.115239 0.166261 0.196726 0.133106 0.169048 0.139114 0.317425 0.302085 0.353027 0.354580 0.341139 0.357905 0.212365 0.246692 0.277179 0.305260 0.260490 0.255385 0.267988 0.263033 0.289048 0.241958 0.213210 0.171745 0.200008 0.184208 0.131786 0.224958 0.156967 0.192283 0.162903 0.243354 0.219070 0.170465 0.212879 0.187403 0.196437 0.184972 0.172757 0.222274 0.228206 0.234060 0.235282 0.207119 0.235936 0.170793 0.151048 0.247735 0.210714 0.149690 0.161804 0.136632 0.186767 0.197118 0.175832 0.180469 0.258918 0.292027 0.207141 0.224174 0.249932 0.350622 0.256976 0.308030 0.276840 0.155133 0.237784 0.312273 0.226762 0.116154 0.267978 0.099801 0.234042 0.264470 0.204776 0.199711 0.161610 0.192830 
