246 246
0.000000 0.162243 0.165822 0.165719 0.231662 0.256667 0.204770 0.226674 0.197168 0.192739 0.192241 0.200715 0.179630 0.222024 0.226239 0.209560 0.195724 0.185500 0.231732 0.360441 0.217218 0.323446 0.373077 0.390082 0.432859 0.434749 0.437367 0.417389 0.429522 0.419206 0.383365 0.373699 0.359477 0.370216 0.399246 0.436707 0.361328 0.359399 0.447647 0.388029 0.446626 0.236194 0.284956 0.251836 0.229093 0.259863 0.237105 0.214363 0.237492 0.258531 0.246467 0.391978 0.288996 0.297429 0.276304 0.264610 0.237263 0.367212 0.308111 0.426658 0.323675 0.277952 0.411732 0.363739 0.294660 0.326087 0.352549 0.251232 0.223947 0.158455 0.204290 0.165531 0.191625 0.185261 0.378122 0.379255 0.352758 0.346133 0.302679 0.241117 0.179071 0.176400 0.594142 0.583298 0.282826 0.384983 0.337061 0.394203 0.455975 0.264657 0.651378 0.473443 0.315794 0.381367 0.448044 0.254584 0.211925 0.206889 0.268668 0.235999 0.239159 0.261336 0.247077 0.244480 0.236348 0.241990 0.221882 0.249604 0.215746 0.180390 0.210722 0.187838 0.205409 0.170722 0.173282 0.125015 0.223286 0.185481 0.245533 0.236296 0.252923 0.296518 0.246489 0.259269 0.270560 0.274876 0.246861 0.299331 0.272793 0.277937 0.255893 0.283926 0.287983 0.242216 0.291483 0.257227 0.260013 0.276866 0.299176 0.253789 0.268706 0.267427 0.287252 0.291820 0.185867 0.242359 0.228718 0.206479 0.398812 0.215474 0.246452 0.191433 0.203844 0.189469 0.314257 0.207460 0.185407 0.152625 0.216613 0.153250 0.198168 0.218970 0.217218 0.230507 0.307713 0.213547 0.396231 0.352080 0.393562 0.393434 0.366839 0.421701 0.373577 0.281376 0.270431 0.258765 0.269197 0.251696 0.296077 0.305796 0.250971 0.269534 0.204793 0.209296 0.202013 0.223792 0.210787 0.152121 0.223694 0.236904 0.173363 0.195258 0.183851 0.188770 0.170730 0.167964 0.156143 0.170233 0.222741 0.147703 0.137657 0.228598 0.281102 0.255872 0.232937 0.253497 0.281395 0.203291 0.208268 0.154692 0.214752 0.176762 0.182221 0.176161 0.200921 0.140686 0.188240 0.185122 0.180409 0.232438 0.206686 0.249494 0.227628 0.316716 0.301803 0.235706 0.286106 0.218865 0.279593 0.175418 0.271438 0.281384 0.264301 0.234221 0.223965 0.204260 0.234886 0.214858 0.273760 0.276746 0.210343 0.212571 0.211556 0.225161 0.273448 0.315763 
0.162243 0.000000 0.119968 0.164813 0.294788 0.300259 0.174105 0.220893 0.168634 0.190131 0.170632 0.182833 0.166898 0.189032 0.217915 0.186126 0.118936 0.173650 0.223718 0.344260 0.207321 0.315287 0.358095 0.410081 0.426187 0.417023 0.453131 0.394425 0.409193 0.422015 0.362046 0.349161 0.359972 0.390397 0.377132 0.415442 0.341711 0.338499 0.444466 0.364165 0.444484 0.213917 0.243962 0.204145 0.214642 0.263321 0.212479 0.185915 0.210681 0.253439 0.156457 0.347340 0.295836 0.308815 0.238342 0.230855 0.256682 0.366143 0.284824 0.396587 0.384396 0.280008 0.412396 0.417509 0.230912 0.360094 0.398851 0.218284 0.266816 0.140438 0.165037 0.168707 0.191918 0.170340 0.289673 0.352904 0.307974 0.270031 0.196820 0.163304 0.193721 0.213064 0.586095 0.562341 0.285879 0.357889 0.252213 0.390530 0.389482 0.241244 0.647600 0.462943 0.289334 0.336539 0.443509 0.230148 0.195292 0.214243 0.235470 0.204168 0.220137 0.226715 0.212230 0.220263 0.214320 0.218665 0.212346 0.207904 0.210514 0.132358 0.138746 0.133185 0.165629 0.141635 0.151625 0.125957 0.190306 0.157062 0.220374 0.219287 0.235823 0.269807 0.227399 0.222718 0.240746 0.247863 0.212306 0.261507 0.247913 0.266487 0.247869 0.258382 0.266232 0.214292 0.274813 0.242426 0.231557 0.250348 0.268089 0.228966 0.239716 0.253977 0.257282 0.276527 0.142029 0.213841 0.244689 0.209437 0.438394 0.193874 0.225354 0.172353 0.195997 0.176682 0.336052 0.221033 0.170210 0.117537 0.188059 0.159124 0.192925 0.213640 0.209528 0.210508 0.282809 0.214036 0.295352 0.280679 0.324399 0.319577 0.278774 0.302465 0.282186 0.212240 0.208759 0.202894 0.215765 0.170440 0.266992 0.221133 0.176336 0.214208 0.125127 0.116680 0.167903 0.203232 0.230379 0.158979 0.182886 0.154635 0.187020 0.187609 0.100548 0.110010 0.137092 0.180800 0.137958 0.130543 0.206488 0.123055 0.182083 0.148649 0.205985 0.151728 0.188669 0.161806 0.212692 0.204141 0.203491 0.155728 0.199381 0.148244 0.218057 0.102821 0.150498 0.158594 0.143845 0.147571 0.119237 0.171543 0.197526 0.238290 0.199193 0.322304 0.286028 0.184311 0.218354 0.179554 0.213251 0.162383 0.252819 0.272236 0.253336 0.224722 0.130856 0.193040 0.209699 0.178241 0.280088 0.315707 0.217751 0.214382 0.200864 0.200404 0.257411 0.304829 
0.165822 0.119968 0.000000 0.102039 0.253424 0.274137 0.195415 0.207945 0.158939 0.154887 0.148311 0.181723 0.151661 0.152124 0.198450 0.138103 0.148987 0.119232 0.210460 0.344733 0.189082 0.304591 0.341499 0.394911 0.410067 0.401928 0.436884 0.379269 0.390477 0.411315 0.352404 0.332374 0.350889 0.387575 0.370489 0.398728 0.318364 0.316070 0.422587 0.341632 0.421775 0.188461 0.224826 0.183239 0.183120 0.227476 0.165475 0.153864 0.168795 0.243439 0.183480 0.346537 0.286134 0.309897 0.228761 0.236207 0.237727 0.363315 0.271631 0.382214 0.364280 0.264013 0.374585 0.401706 0.241421 0.361855 0.394910 0.207806 0.187363 0.142791 0.160281 0.107006 0.136071 0.098633 0.352988 0.354742 0.346808 0.281327 0.236894 0.200617 0.117487 0.159590 0.603221 0.618716 0.303580 0.346400 0.313469 0.376025 0.423702 0.267116 0.669781 0.506014 0.318112 0.354906 0.486055 0.215844 0.178248 0.198535 0.213177 0.168369 0.201417 0.209455 0.188529 0.186059 0.180442 0.180730 0.182003 0.174268 0.192120 0.147842 0.157064 0.150637 0.147676 0.116114 0.116530 0.112222 0.179620 0.157734 0.195810 0.189678 0.222145 0.249208 0.200918 0.181390 0.211785 0.216450 0.193430 0.233219 0.211390 0.248021 0.211156 0.237658 0.239358 0.185907 0.246837 0.215021 0.211361 0.226095 0.249932 0.222806 0.218579 0.214249 0.231060 0.289479 0.128086 0.191274 0.210270 0.128560 0.433622 0.167130 0.208268 0.153483 0.172377 0.127973 0.320801 0.188290 0.144884 0.101048 0.154023 0.115925 0.196061 0.185134 0.168245 0.177296 0.235900 0.157000 0.340411 0.286932 0.322336 0.338940 0.310909 0.357698 0.342420 0.228424 0.218478 0.183467 0.203599 0.192026 0.253588 0.232996 0.194021 0.218554 0.152051 0.153663 0.173372 0.224990 0.222970 0.161626 0.186719 0.216663 0.189057 0.218832 0.157153 0.147351 0.139302 0.169230 0.125237 0.138773 0.197421 0.119278 0.169644 0.182298 0.211273 0.194996 0.175682 0.184899 0.227893 0.200794 0.181583 0.126037 0.195894 0.133710 0.204841 0.110727 0.164964 0.131926 0.138729 0.111380 0.121154 0.157358 0.187190 0.207974 0.213004 0.284908 0.318633 0.184445 0.235438 0.173374 0.222618 0.159868 0.241554 0.292158 0.236918 0.204865 0.202797 0.166236 0.203996 0.187104 0.247570 0.284097 0.191172 0.205687 0.180014 0.156297 0.238569 0.280286 
0.165719 0.164813 0.102039 0.000000 0.193370 0.230787 0.228412 0.218156 0.175872 0.171213 0.175266 0.198386 0.168491 0.187499 0.203306 0.169211 0.192732 0.142299 0.224916 0.339353 0.193902 0.302190 0.344070 0.393764 0.411611 0.405056 0.439941 0.382219 0.397401 0.414252 0.355335 0.334522 0.346912 0.389741 0.374795 0.401029 0.322417 0.319610 0.426386 0.345262 0.425511 0.196823 0.236255 0.206551 0.186640 0.245078 0.194318 0.175078 0.192169 0.243309 0.218292 0.364540 0.289180 0.300429 0.235567 0.268176 0.233992 0.336322 0.280270 0.377754 0.348893 0.259603 0.337636 0.380696 0.270790 0.382684 0.403635 0.223300 0.161598 0.179931 0.185951 0.129212 0.163079 0.139817 0.379039 0.371265 0.374856 0.314580 0.268226 0.245438 0.127650 0.150642 0.569986 0.636252 0.302240 0.371588 0.358119 0.373411 0.471228 0.297283 0.645281 0.536958 0.345497 0.386462 0.495126 0.234004 0.182453 0.205762 0.224090 0.187284 0.200053 0.220200 0.196942 0.199892 0.192046 0.196257 0.182174 0.196580 0.193692 0.190520 0.197263 0.195652 0.182247 0.145265 0.144504 0.134502 0.209650 0.187727 0.215089 0.204854 0.232768 0.264904 0.220578 0.215084 0.230737 0.238483 0.214254 0.255951 0.232867 0.259335 0.233105 0.250921 0.255470 0.206764 0.267719 0.233473 0.222937 0.252181 0.265077 0.231414 0.230759 0.238955 0.248451 0.313675 0.178648 0.219557 0.194919 0.159033 0.421960 0.178783 0.213653 0.156666 0.185522 0.173422 0.339582 0.212192 0.157284 0.150851 0.183126 0.140145 0.216397 0.216256 0.193291 0.203675 0.234043 0.198411 0.374024 0.306743 0.350818 0.364899 0.340429 0.392008 0.381088 0.258303 0.250145 0.225417 0.242117 0.229442 0.273416 0.268625 0.227108 0.258865 0.181741 0.197058 0.171852 0.263059 0.251956 0.173188 0.244895 0.265311 0.207945 0.246852 0.199973 0.198807 0.174493 0.176653 0.155399 0.181410 0.204674 0.148672 0.179865 0.223098 0.255586 0.232027 0.214264 0.228737 0.260474 0.206736 0.183136 0.145867 0.227422 0.171637 0.216833 0.166606 0.207370 0.162495 0.159143 0.142659 0.158346 0.190902 0.206393 0.232582 0.241722 0.292386 0.334774 0.230679 0.277091 0.218253 0.270806 0.170900 0.260817 0.295078 0.254720 0.216431 0.230414 0.180380 0.233225 0.227546 0.259752 0.320610 0.198619 0.215948 0.189660 0.182602 0.251515 0.290833 
0.231662 0.294788 0.253424 0.193370 0.000000 0.149026 0.304207 0.328676 0.334400 0.338274 0.338184 0.328679 0.332410 0.285938 0.315320 0.291128 0.330674 0.304790 0.326465 0.431087 0.291040 0.399023 0.399110 0.441544 0.453709 0.448366 0.487728 0.430447 0.442679 0.461456 0.406313 0.400594 0.407785 0.447430 0.408801 0.448606 0.401652 0.406787 0.490745 0.411716 0.487644 0.309189 0.351399 0.316309 0.341055 0.337390 0.321625 0.301042 0.313254 0.349277 0.309045 0.413419 0.362737 0.368795 0.335425 0.332604 0.275099 0.279929 0.344897 0.305233 0.276645 0.315019 0.302525 0.287385 0.338502 0.332723 0.316241 0.206507 0.191310 0.262476 0.296306 0.259610 0.266535 0.276972 0.412938 0.416518 0.342790 0.364945 0.322125 0.275769 0.246933 0.204692 0.459569 0.583758 0.257622 0.424891 0.391442 0.417647 0.471997 0.310695 0.529484 0.466253 0.335486 0.435284 0.386731 0.321424 0.319492 0.324929 0.313992 0.326846 0.310472 0.319806 0.326433 0.314526 0.320685 0.331466 0.322573 0.318836 0.331425 0.250353 0.284222 0.252862 0.292347 0.251222 0.270852 0.270333 0.299337 0.266411 0.319766 0.321533 0.336255 0.384070 0.333364 0.329520 0.371358 0.359261 0.321389 0.364525 0.342202 0.373084 0.353775 0.351806 0.370712 0.320211 0.375404 0.347119 0.347578 0.366524 0.372914 0.329264 0.353941 0.359484 0.370201 0.315544 0.304296 0.309300 0.218306 0.297166 0.335857 0.315804 0.315285 0.283996 0.305734 0.270877 0.296532 0.367077 0.313120 0.286812 0.297105 0.295362 0.332355 0.327672 0.344493 0.341034 0.298021 0.304030 0.420877 0.371644 0.407273 0.411496 0.392698 0.429157 0.384760 0.357630 0.352731 0.338337 0.349929 0.322945 0.375539 0.356135 0.331564 0.291787 0.308943 0.307325 0.295118 0.275347 0.276302 0.245809 0.291774 0.319170 0.245814 0.289559 0.303985 0.298120 0.261157 0.277704 0.278517 0.271664 0.342127 0.246079 0.217541 0.313397 0.362430 0.317571 0.318628 0.319370 0.364461 0.352119 0.343255 0.315691 0.355322 0.311332 0.238187 0.299745 0.319424 0.237325 0.319486 0.306345 0.306140 0.307695 0.251754 0.359414 0.342813 0.334962 0.366954 0.362443 0.400339 0.359080 0.397376 0.300083 0.344017 0.275102 0.330677 0.302902 0.308706 0.301773 0.365223 0.353596 0.299085 0.297432 0.309279 0.315959 0.306009 0.314248 0.327743 0.352642 
0.256667 0.300259 0.274137 0.230787 0.149026 0.000000 0.307454 0.329917 0.331412 0.356154 0.349861 0.307747 0.337121 0.322302 0.336395 0.340281 0.347659 0.294611 0.346529 0.416680 0.346208 0.389945 0.439898 0.465815 0.489098 0.480115 0.509401 0.473943 0.486010 0.471404 0.428572 0.454419 0.443439 0.478336 0.420447 0.486726 0.458634 0.460077 0.523921 0.476564 0.527469 0.378019 0.400019 0.350527 0.391106 0.395305 0.389013 0.373175 0.380789 0.362930 0.366290 0.459887 0.396304 0.386496 0.401779 0.324462 0.298581 0.317953 0.395789 0.323769 0.350825 0.354381 0.326237 0.358517 0.378154 0.394760 0.412998 0.240122 0.211852 0.295773 0.344169 0.285015 0.302910 0.303313 0.450695 0.451431 0.410972 0.404952 0.371721 0.330351 0.291393 0.268909 0.457474 0.597524 0.271191 0.404264 0.371998 0.417621 0.461513 0.294806 0.507303 0.493208 0.350391 0.420552 0.422112 0.330103 0.364563 0.332255 0.382322 0.380908 0.364229 0.355664 0.394006 0.383753 0.386212 0.393905 0.384725 0.390749 0.384358 0.294797 0.321810 0.283014 0.338533 0.279573 0.293414 0.274827 0.318108 0.269088 0.381722 0.367601 0.387422 0.446102 0.402665 0.391866 0.421090 0.423201 0.377941 0.426355 0.402693 0.436554 0.415489 0.413981 0.434089 0.387951 0.438384 0.411282 0.412505 0.421287 0.435833 0.378544 0.424660 0.420533 0.433882 0.319864 0.306365 0.324679 0.211741 0.337587 0.343793 0.326168 0.325414 0.318791 0.326004 0.305838 0.310375 0.394786 0.333640 0.297801 0.332199 0.324024 0.330525 0.341350 0.368388 0.370679 0.292794 0.298403 0.454852 0.418637 0.450687 0.448654 0.430208 0.469260 0.437124 0.384922 0.365697 0.370121 0.367418 0.345414 0.401083 0.388763 0.357157 0.349724 0.322727 0.328212 0.322676 0.327177 0.281944 0.283831 0.307554 0.344843 0.295301 0.330066 0.314772 0.306326 0.297251 0.305760 0.302416 0.300999 0.342830 0.278954 0.266635 0.343011 0.402560 0.361975 0.356357 0.349001 0.403978 0.352309 0.341670 0.322430 0.348692 0.321646 0.274955 0.325429 0.356709 0.286002 0.332237 0.335528 0.325467 0.316160 0.286290 0.400278 0.348532 0.345173 0.349123 0.347106 0.391837 0.356464 0.394202 0.289098 0.336466 0.279682 0.351807 0.356042 0.337443 0.365458 0.355364 0.334958 0.276780 0.310764 0.356913 0.347677 0.346277 0.365356 0.349041 0.371760 
0.204770 0.174105 0.195415 0.228412 0.304207 0.307454 0.000000 0.198555 0.161987 0.161177 0.157443 0.193055 0.183307 0.195356 0.194998 0.199971 0.133347 0.183255 0.221313 0.289089 0.221213 0.305490 0.358442 0.400276 0.417434 0.409859 0.445269 0.401473 0.405633 0.408760 0.361326 0.363319 0.360272 0.393982 0.372841 0.410035 0.346255 0.349875 0.440207 0.373579 0.440318 0.245110 0.268406 0.240265 0.252210 0.247436 0.244473 0.226233 0.232754 0.207464 0.165679 0.267882 0.260788 0.250830 0.171879 0.132585 0.146329 0.314914 0.218791 0.414859 0.315823 0.276698 0.367325 0.340943 0.182728 0.291232 0.323882 0.232763 0.272194 0.129010 0.170911 0.187417 0.201532 0.199142 0.268606 0.272161 0.280751 0.245799 0.211394 0.175539 0.224099 0.233106 0.520002 0.466083 0.189126 0.244893 0.162989 0.319786 0.300758 0.169549 0.566791 0.352083 0.150349 0.225340 0.343024 0.221164 0.233090 0.251374 0.260057 0.243802 0.257182 0.254392 0.263319 0.243238 0.245430 0.253031 0.250663 0.251924 0.242056 0.183429 0.168807 0.151398 0.207581 0.195285 0.207208 0.171558 0.223467 0.209307 0.230555 0.238953 0.252446 0.291579 0.249566 0.245247 0.266057 0.265531 0.225361 0.280650 0.260462 0.284313 0.264513 0.265504 0.277550 0.235127 0.281447 0.261082 0.261594 0.268950 0.285415 0.234877 0.278405 0.261530 0.278224 0.165490 0.140216 0.186574 0.201267 0.216174 0.325477 0.192377 0.200750 0.190049 0.184671 0.162030 0.227237 0.252620 0.210684 0.142181 0.196291 0.175927 0.174983 0.177158 0.220330 0.238402 0.216086 0.205254 0.316083 0.257601 0.301810 0.297254 0.292253 0.334800 0.359990 0.182574 0.171662 0.146442 0.160589 0.156935 0.193219 0.187493 0.163220 0.252678 0.142399 0.164467 0.196151 0.160574 0.213735 0.134546 0.201398 0.162168 0.150031 0.166775 0.159958 0.165529 0.150559 0.154174 0.161306 0.171906 0.219581 0.162671 0.166327 0.155422 0.197046 0.161808 0.145846 0.157542 0.169039 0.240656 0.193816 0.206499 0.121368 0.157559 0.221784 0.142875 0.182068 0.185702 0.157131 0.191440 0.176894 0.128897 0.166549 0.221370 0.144828 0.220166 0.201005 0.136157 0.171562 0.139301 0.156309 0.206090 0.196081 0.165230 0.163050 0.251819 0.176772 0.245923 0.168046 0.137065 0.251792 0.215256 0.191653 0.218449 0.210340 0.228965 0.247784 0.227630 
0.226674 0.220893 0.207945 0.218156 0.328676 0.329917 0.198555 0.000000 0.134922 0.170672 0.156635 0.107759 0.180361 0.121815 0.129286 0.137607 0.204277 0.171070 0.116408 0.274705 0.164012 0.184652 0.284707 0.326696 0.352181 0.326058 0.374758 0.326083 0.369598 0.323339 0.293590 0.284529 0.278378 0.327310 0.269440 0.345819 0.324371 0.326566 0.424220 0.351502 0.429292 0.171584 0.234118 0.125374 0.201223 0.193040 0.179050 0.178902 0.154515 0.220626 0.222750 0.345885 0.238292 0.227589 0.223473 0.251249 0.183947 0.410581 0.274021 0.489149 0.403004 0.230426 0.419916 0.437939 0.279665 0.379820 0.444537 0.333912 0.291535 0.170858 0.172270 0.195331 0.123429 0.198794 0.392888 0.353475 0.405244 0.346944 0.316115 0.286282 0.240042 0.259045 0.696855 0.539535 0.278415 0.227890 0.223221 0.211864 0.347594 0.228039 0.738575 0.457676 0.251751 0.225698 0.433655 0.116709 0.198496 0.166921 0.201865 0.211164 0.150140 0.123790 0.216638 0.197277 0.203333 0.221740 0.195778 0.213954 0.186989 0.203383 0.183798 0.179146 0.191949 0.127961 0.146252 0.135365 0.144050 0.143740 0.151403 0.155126 0.149005 0.241892 0.193616 0.191013 0.203653 0.198303 0.156034 0.228611 0.174561 0.204039 0.185738 0.206356 0.199287 0.166199 0.191200 0.172094 0.203958 0.218046 0.237265 0.160492 0.208671 0.180148 0.218623 0.243709 0.151166 0.121966 0.279478 0.183124 0.377284 0.107886 0.090456 0.130414 0.114050 0.172146 0.302310 0.189932 0.130961 0.186140 0.126031 0.141094 0.126747 0.181593 0.146386 0.159314 0.285356 0.187891 0.405127 0.337227 0.388833 0.382730 0.385807 0.435331 0.406698 0.294752 0.272182 0.244924 0.265619 0.280557 0.282200 0.303808 0.259447 0.279692 0.169493 0.202513 0.118812 0.285593 0.183474 0.179381 0.200406 0.237753 0.232407 0.244849 0.216701 0.198808 0.183640 0.189323 0.186380 0.209610 0.101424 0.159104 0.192075 0.238366 0.252682 0.256679 0.208103 0.234052 0.259393 0.159017 0.153889 0.158801 0.224367 0.203977 0.195906 0.198807 0.237306 0.196820 0.187472 0.181693 0.216921 0.259191 0.307460 0.183673 0.207751 0.188684 0.313932 0.233287 0.285758 0.216160 0.258020 0.131522 0.147160 0.303713 0.211927 0.201696 0.283372 0.211513 0.190360 0.235598 0.321063 0.235641 0.132357 0.170591 0.129692 0.160575 0.119508 0.179600 
0.197168 0.168634 0.158939 0.175872 0.334400 0.331412 0.161987 0.134922 0.000000 0.111956 0.052740 0.073714 0.070475 0.128075 0.111683 0.126561 0.158992 0.110609 0.158271 0.232748 0.192685 0.239978 0.332158 0.373920 0.399159 0.386228 0.422938 0.369520 0.377285 0.383095 0.333251 0.326300 0.325726 0.366670 0.337622 0.380284 0.308063 0.310161 0.411481 0.339561 0.411009 0.188310 0.211666 0.166158 0.177890 0.214667 0.174755 0.150263 0.158690 0.145477 0.198190 0.303764 0.190551 0.192853 0.201488 0.203344 0.207053 0.411476 0.269957 0.504847 0.409105 0.235008 0.449471 0.431377 0.235394 0.353784 0.430429 0.312926 0.274935 0.146994 0.155982 0.172690 0.146320 0.160831 0.371240 0.320109 0.395556 0.333583 0.284258 0.256158 0.207839 0.244570 0.638191 0.556601 0.271969 0.243551 0.236853 0.260155 0.390729 0.207644 0.650974 0.459415 0.253465 0.267756 0.440981 0.159764 0.171784 0.180036 0.212991 0.174880 0.199163 0.195330 0.193148 0.187437 0.185925 0.185831 0.185079 0.177235 0.184170 0.203719 0.201792 0.192192 0.176157 0.149776 0.152777 0.115084 0.197228 0.185994 0.158999 0.155856 0.184472 0.210621 0.176808 0.165857 0.181701 0.188984 0.153036 0.209595 0.196098 0.213515 0.189998 0.204949 0.207725 0.164856 0.216781 0.189944 0.186141 0.197180 0.223177 0.173820 0.202985 0.184160 0.197583 0.249834 0.129599 0.159316 0.268312 0.176990 0.398748 0.116163 0.143926 0.122676 0.129034 0.153762 0.287547 0.160852 0.114461 0.118736 0.124280 0.115277 0.137794 0.160620 0.135687 0.154682 0.259721 0.148350 0.381736 0.310320 0.353956 0.368565 0.367659 0.408032 0.417122 0.241964 0.232914 0.192303 0.206818 0.227672 0.228832 0.254665 0.220373 0.289385 0.159033 0.201852 0.160655 0.239245 0.226175 0.153297 0.238342 0.176840 0.216212 0.196549 0.185145 0.178018 0.173069 0.158869 0.157404 0.183280 0.109194 0.145574 0.181269 0.231193 0.245939 0.238151 0.198256 0.222079 0.214181 0.109840 0.089759 0.094258 0.147142 0.170403 0.238031 0.159118 0.203068 0.191846 0.101902 0.133815 0.145164 0.200474 0.259244 0.159562 0.173084 0.210069 0.280019 0.150948 0.205561 0.147462 0.168626 0.145229 0.177455 0.272593 0.158485 0.218144 0.218985 0.184045 0.109938 0.157548 0.264962 0.257223 0.129737 0.155942 0.137670 0.146498 0.189391 0.189791 
0.192739 0.190131 0.154887 0.171213 0.338274 0.356154 0.161177 0.170672 0.111956 0.000000 0.098701 0.154041 0.088658 0.188090 0.163468 0.166885 0.134374 0.081932 0.179244 0.276263 0.196582 0.296792 0.356192 0.396109 0.401675 0.413612 0.445811 0.400972 0.409834 0.422079 0.360812 0.346676 0.353480 0.383231 0.384737 0.412359 0.331136 0.332655 0.429089 0.359977 0.433927 0.218179 0.245496 0.225356 0.196724 0.253103 0.202491 0.187431 0.161948 0.201813 0.204874 0.299565 0.248925 0.246236 0.177065 0.206976 0.194745 0.375900 0.232415 0.488628 0.364247 0.254399 0.406105 0.399358 0.219287 0.330822 0.387333 0.296800 0.271127 0.160994 0.150983 0.146919 0.133298 0.142701 0.336839 0.308738 0.375858 0.297260 0.264029 0.252812 0.202626 0.231830 0.593302 0.554745 0.282277 0.284170 0.261940 0.329715 0.385965 0.247773 0.650701 0.470135 0.273227 0.275487 0.444322 0.217512 0.186271 0.238679 0.244271 0.207816 0.233776 0.233481 0.227363 0.212353 0.212225 0.220235 0.197232 0.217822 0.185419 0.212348 0.198555 0.199868 0.187140 0.166617 0.173141 0.129281 0.218268 0.198836 0.197580 0.187592 0.197568 0.241060 0.201463 0.209538 0.191793 0.221493 0.198335 0.253728 0.224819 0.225357 0.200576 0.238357 0.231453 0.200185 0.225906 0.190158 0.212108 0.233839 0.259603 0.212388 0.220500 0.204789 0.232358 0.270504 0.141533 0.181586 0.266089 0.165346 0.421282 0.168076 0.202868 0.174722 0.184795 0.161313 0.303703 0.169416 0.156672 0.135387 0.168354 0.092835 0.148133 0.167974 0.153575 0.137724 0.258841 0.176358 0.367447 0.294575 0.334132 0.352076 0.340718 0.401408 0.418344 0.226058 0.205662 0.189946 0.208126 0.220325 0.219290 0.242005 0.206175 0.289249 0.165590 0.205838 0.158998 0.220256 0.242263 0.160292 0.246869 0.219713 0.174564 0.192014 0.169383 0.200740 0.174191 0.130442 0.132045 0.186684 0.147406 0.158740 0.196309 0.214087 0.220555 0.233161 0.180228 0.215944 0.195570 0.145611 0.142384 0.133947 0.146034 0.135945 0.225664 0.141431 0.161026 0.159209 0.114990 0.124954 0.142131 0.169067 0.227906 0.159195 0.171987 0.244542 0.277737 0.167479 0.206528 0.144235 0.190501 0.176442 0.206098 0.261126 0.171153 0.207876 0.222714 0.172887 0.157262 0.153435 0.274742 0.247783 0.129996 0.171627 0.148930 0.187635 0.244383 0.251894 
0.192241 0.170632 0.148311 0.175266 0.338184 0.349861 0.157443 0.156635 0.052740 0.098701 0.000000 0.100579 0.090929 0.123986 0.129737 0.117868 0.145528 0.117601 0.167352 0.251229 0.181223 0.256464 0.318214 0.369038 0.391366 0.376867 0.412660 0.360370 0.368175 0.379536 0.325733 0.316140 0.319519 0.358547 0.340062 0.371652 0.284242 0.287880 0.391001 0.311731 0.384721 0.171672 0.197082 0.169618 0.158325 0.192185 0.157744 0.132374 0.151451 0.160456 0.181898 0.279529 0.196780 0.207658 0.172070 0.212602 0.217539 0.392430 0.253515 0.487306 0.390372 0.251479 0.438620 0.420909 0.216348 0.340942 0.407757 0.297483 0.272784 0.138488 0.146643 0.171636 0.164770 0.156023 0.348939 0.301742 0.374220 0.313338 0.265667 0.238745 0.196776 0.232717 0.628806 0.577407 0.280161 0.253977 0.248670 0.279970 0.396688 0.217868 0.658439 0.474257 0.254749 0.279940 0.453263 0.163816 0.157266 0.189749 0.205329 0.159280 0.196032 0.195486 0.176537 0.164015 0.163948 0.163173 0.166458 0.160215 0.172782 0.194860 0.192057 0.182883 0.165071 0.154673 0.150380 0.129366 0.200376 0.197554 0.156101 0.148869 0.176919 0.195988 0.155871 0.151506 0.159781 0.171431 0.155439 0.193028 0.184232 0.206140 0.176596 0.198821 0.193697 0.154159 0.204428 0.170721 0.164831 0.180467 0.208389 0.176601 0.180831 0.170804 0.174718 0.263386 0.120727 0.159442 0.266673 0.174829 0.414892 0.119435 0.148157 0.127292 0.135553 0.147638 0.302084 0.147887 0.127518 0.109286 0.125926 0.112072 0.147593 0.164913 0.138602 0.153358 0.262664 0.172759 0.368798 0.290245 0.339800 0.349632 0.349990 0.395576 0.403811 0.220032 0.219077 0.178677 0.193765 0.211481 0.213300 0.239026 0.201139 0.279197 0.155810 0.194286 0.165901 0.219705 0.228752 0.144693 0.233146 0.176174 0.206845 0.184454 0.167031 0.177998 0.162029 0.155825 0.138929 0.168239 0.133753 0.135549 0.175616 0.220033 0.230979 0.222747 0.185519 0.210490 0.204249 0.139586 0.123314 0.103318 0.150942 0.163133 0.248986 0.150622 0.190420 0.190613 0.091679 0.116767 0.138046 0.194294 0.254174 0.157634 0.178361 0.236574 0.303526 0.163939 0.211484 0.155311 0.173859 0.167289 0.198246 0.280442 0.178200 0.219597 0.212204 0.184977 0.131159 0.166576 0.283516 0.272929 0.136240 0.177338 0.136899 0.147620 0.203002 0.211270 
0.200715 0.182833 0.181723 0.198386 0.328679 0.307747 0.193055 0.107759 0.073714 0.154041 0.100579 0.000000 0.116021 0.108414 0.120547 0.122078 0.191123 0.127303 0.139429 0.254882 0.184465 0.199830 0.316419 0.356028 0.393546 0.363812 0.403673 0.355564 0.374410 0.353715 0.315755 0.318460 0.305430 0.342457 0.293949 0.372430 0.323234 0.326422 0.421335 0.351037 0.421515 0.187333 0.216239 0.137073 0.188851 0.207117 0.176520 0.155472 0.164184 0.191066 0.213344 0.336168 0.218735 0.213091 0.232634 0.226943 0.219266 0.433095 0.299509 0.512020 0.423825 0.247092 0.465207 0.453230 0.265997 0.402396 0.462786 0.329459 0.274434 0.173130 0.181321 0.186659 0.138861 0.191255 0.406258 0.357708 0.426061 0.366077 0.317042 0.276431 0.225778 0.260064 0.672601 0.566722 0.280222 0.250521 0.238711 0.255016 0.388552 0.220111 0.704708 0.469753 0.280740 0.267862 0.451011 0.124208 0.183432 0.139154 0.215135 0.185798 0.179307 0.168821 0.200529 0.194407 0.194571 0.197761 0.198715 0.191089 0.188660 0.196342 0.211536 0.199993 0.191151 0.134513 0.141846 0.123269 0.180294 0.164325 0.156713 0.148780 0.167641 0.214223 0.177734 0.172951 0.200098 0.194803 0.155952 0.216267 0.195105 0.209567 0.187668 0.210426 0.213867 0.169990 0.211979 0.182722 0.195896 0.194958 0.232198 0.180594 0.211512 0.183375 0.205488 0.260958 0.139319 0.157384 0.274273 0.193881 0.409915 0.109518 0.115190 0.117197 0.122438 0.170781 0.297354 0.160490 0.118214 0.140965 0.117360 0.132820 0.131238 0.183549 0.144407 0.139815 0.287101 0.169931 0.408404 0.340507 0.384982 0.389349 0.398902 0.433864 0.426127 0.278843 0.274017 0.232615 0.254948 0.261987 0.277971 0.291240 0.259123 0.300989 0.167787 0.213311 0.161122 0.287531 0.199343 0.173828 0.223554 0.218314 0.246094 0.245454 0.214588 0.200684 0.194158 0.197037 0.184936 0.199534 0.101838 0.157007 0.188613 0.254291 0.274738 0.267421 0.224941 0.236991 0.235367 0.113588 0.129341 0.092242 0.191893 0.209099 0.219981 0.183923 0.225945 0.201188 0.125043 0.159200 0.158148 0.230870 0.293991 0.203463 0.203244 0.221155 0.310331 0.206318 0.271964 0.213554 0.233606 0.140985 0.181573 0.314804 0.201047 0.209817 0.248113 0.193221 0.140974 0.208156 0.301435 0.264508 0.148050 0.167023 0.113755 0.140402 0.151557 0.190857 
0.179630 0.166898 0.151661 0.168491 0.332410 0.337121 0.183307 0.180361 0.070475 0.088658 0.090929 0.116021 0.000000 0.174644 0.153973 0.160007 0.156517 0.088909 0.184355 0.249557 0.193072 0.267282 0.358121 0.404407 0.415527 0.416782 0.450307 0.396036 0.406744 0.421658 0.358572 0.349832 0.357364 0.379276 0.374415 0.413556 0.336998 0.337717 0.441295 0.361442 0.438386 0.212888 0.243947 0.214656 0.202004 0.255395 0.202648 0.176581 0.188858 0.176652 0.203137 0.326970 0.211823 0.218853 0.216416 0.226171 0.219355 0.400108 0.268652 0.494946 0.398691 0.236084 0.435829 0.426758 0.244096 0.356721 0.419232 0.305005 0.273544 0.156931 0.157531 0.159484 0.155596 0.152427 0.372176 0.335844 0.401585 0.334259 0.276130 0.260451 0.205492 0.237619 0.631023 0.554408 0.280082 0.270856 0.273181 0.306809 0.403584 0.212114 0.647797 0.473856 0.279707 0.285075 0.444526 0.205719 0.188681 0.210633 0.238142 0.200122 0.226646 0.235959 0.218543 0.212743 0.211295 0.210923 0.204430 0.206918 0.195455 0.206847 0.206861 0.202594 0.189196 0.164445 0.159811 0.123447 0.216658 0.193414 0.195397 0.190350 0.210561 0.239224 0.203440 0.206650 0.214630 0.232551 0.197789 0.253393 0.239914 0.242693 0.206353 0.242167 0.252309 0.199660 0.251106 0.217304 0.220322 0.240298 0.257794 0.220957 0.230801 0.220564 0.237736 0.275302 0.154286 0.190638 0.261214 0.181424 0.413846 0.170697 0.192764 0.156854 0.164708 0.162613 0.306523 0.183216 0.150107 0.123176 0.172449 0.107532 0.157774 0.182937 0.157853 0.165488 0.274971 0.159508 0.379363 0.323620 0.363934 0.375000 0.364175 0.412971 0.409692 0.253313 0.245990 0.219860 0.232549 0.243520 0.250132 0.272524 0.238597 0.282781 0.180826 0.212323 0.169609 0.241814 0.232842 0.171235 0.238374 0.195191 0.213938 0.203700 0.172178 0.180385 0.182953 0.168281 0.151733 0.190553 0.143683 0.158264 0.191899 0.233808 0.248238 0.246643 0.209768 0.228089 0.224294 0.116035 0.127586 0.097261 0.148926 0.174859 0.235762 0.155342 0.171116 0.169168 0.130912 0.142784 0.138392 0.203459 0.245348 0.163307 0.185925 0.242356 0.275705 0.163491 0.208476 0.152005 0.186915 0.152443 0.197623 0.275697 0.172340 0.208968 0.219800 0.174947 0.137152 0.159319 0.260223 0.268431 0.160496 0.156087 0.149453 0.180437 0.229309 0.233633 
0.222024 0.189032 0.152124 0.187499 0.285938 0.322302 0.195356 0.121815 0.128075 0.188090 0.123986 0.108414 0.174644 0.000000 0.116126 0.057182 0.195920 0.162175 0.118269 0.312998 0.132776 0.230754 0.244630 0.306550 0.340519 0.299838 0.349823 0.290114 0.308989 0.304033 0.261631 0.250488 0.254073 0.301782 0.254817 0.301330 0.248850 0.256736 0.357717 0.273280 0.350729 0.101243 0.157292 0.086899 0.124467 0.122413 0.082293 0.077357 0.095497 0.195575 0.179315 0.309075 0.208740 0.234490 0.193731 0.263495 0.207322 0.388454 0.261450 0.450996 0.375818 0.235933 0.419324 0.410840 0.252463 0.379911 0.423388 0.295652 0.254920 0.167791 0.170811 0.182771 0.129970 0.175981 0.376160 0.336716 0.372576 0.322588 0.275363 0.238803 0.180556 0.199355 0.695517 0.607070 0.307023 0.279399 0.268798 0.263591 0.395825 0.245046 0.745127 0.481130 0.273917 0.301036 0.473341 0.088493 0.145572 0.117015 0.131645 0.127588 0.111186 0.114430 0.123653 0.111005 0.113749 0.117675 0.126200 0.116009 0.148209 0.169199 0.172016 0.164117 0.154736 0.091667 0.116709 0.133020 0.166759 0.147435 0.098178 0.095183 0.110927 0.172322 0.112237 0.100699 0.142239 0.130887 0.093459 0.151689 0.113568 0.159064 0.129474 0.158936 0.150944 0.109853 0.150415 0.122978 0.133944 0.142999 0.169995 0.125510 0.146622 0.133179 0.149364 0.263824 0.119674 0.131643 0.277871 0.162537 0.444093 0.076513 0.098858 0.081041 0.101791 0.126665 0.324213 0.142799 0.095425 0.151068 0.051899 0.136463 0.162434 0.182220 0.127204 0.135385 0.294770 0.195017 0.372433 0.296799 0.350820 0.347609 0.347954 0.389622 0.369575 0.274341 0.263337 0.208684 0.240283 0.243189 0.269214 0.270398 0.235933 0.237209 0.165265 0.185604 0.151988 0.274950 0.190901 0.169165 0.180239 0.231801 0.222651 0.250069 0.215941 0.186576 0.162030 0.207215 0.175078 0.167250 0.136485 0.129486 0.185034 0.225718 0.235323 0.228088 0.195885 0.204136 0.247640 0.186123 0.184007 0.131757 0.238121 0.208587 0.210541 0.174170 0.213928 0.184279 0.153350 0.152040 0.172387 0.233058 0.302984 0.196178 0.220538 0.230381 0.356746 0.236439 0.293187 0.229532 0.253822 0.155217 0.211234 0.311379 0.203203 0.178750 0.265052 0.169571 0.200021 0.248237 0.340998 0.287364 0.150572 0.184652 0.092050 0.089568 0.119345 0.185197 
0.226239 0.217915 0.198450 0.203306 0.315320 0.336395 0.194998 0.129286 0.111683 0.163468 0.129737 0.120547 0.153973 0.116126 0.000000 0.125075 0.221192 0.174882 0.155105 0.255528 0.187333 0.212249 0.285325 0.336574 0.362913 0.351166 0.392516 0.327591 0.363069 0.353410 0.303543 0.277872 0.277380 0.338909 0.290842 0.355734 0.315238 0.316428 0.419388 0.325249 0.415837 0.178988 0.236726 0.150646 0.188524 0.201486 0.140580 0.168294 0.156786 0.166095 0.205093 0.311306 0.210443 0.201350 0.183762 0.236313 0.192479 0.396016 0.249934 0.482393 0.366118 0.217782 0.427322 0.395360 0.232861 0.346541 0.404271 0.337433 0.292942 0.175007 0.183306 0.206435 0.156480 0.192405 0.371339 0.326849 0.397590 0.317662 0.293889 0.279272 0.210030 0.225619 0.687769 0.559995 0.292494 0.248063 0.246174 0.252688 0.367862 0.208653 0.703148 0.447362 0.249702 0.253286 0.433669 0.155514 0.184768 0.153392 0.191245 0.185371 0.162232 0.147176 0.205950 0.184011 0.172427 0.188365 0.187790 0.178681 0.192892 0.211803 0.190850 0.181258 0.170630 0.117346 0.135829 0.146399 0.194811 0.166499 0.178300 0.159755 0.184513 0.263028 0.203979 0.186758 0.227273 0.214617 0.176194 0.245597 0.189214 0.235969 0.211120 0.236102 0.230374 0.181783 0.214307 0.203981 0.214551 0.236543 0.259155 0.189363 0.218442 0.211903 0.236930 0.204167 0.135532 0.119271 0.248720 0.158906 0.394727 0.122441 0.137575 0.109477 0.098880 0.147015 0.256837 0.209834 0.107071 0.158157 0.129302 0.154006 0.124864 0.167849 0.128932 0.183185 0.236592 0.193024 0.393037 0.300647 0.341850 0.356107 0.359788 0.412282 0.396248 0.256905 0.245753 0.202111 0.212759 0.256103 0.239849 0.267549 0.232428 0.274424 0.176056 0.206357 0.142951 0.257084 0.227536 0.155240 0.228182 0.225875 0.230964 0.228877 0.234618 0.178916 0.170003 0.194113 0.173087 0.192326 0.134141 0.156111 0.192580 0.232860 0.253928 0.257983 0.198852 0.217765 0.248612 0.159534 0.131962 0.136491 0.199300 0.184380 0.249854 0.216554 0.251152 0.221144 0.153235 0.157626 0.205892 0.232409 0.301721 0.136287 0.183979 0.183145 0.285833 0.183482 0.236297 0.163210 0.211168 0.131709 0.151462 0.274574 0.165515 0.235279 0.272132 0.224042 0.163086 0.194176 0.298612 0.252422 0.147977 0.174893 0.147059 0.145155 0.139654 0.149856 
0.209560 0.186126 0.138103 0.169211 0.291128 0.340281 0.199971 0.137607 0.126561 0.166885 0.117868 0.122078 0.160007 0.057182 0.125075 0.000000 0.167628 0.159507 0.128172 0.307967 0.126270 0.237442 0.252477 0.309520 0.339818 0.316188 0.358676 0.292366 0.312659 0.328177 0.273880 0.246213 0.264366 0.306566 0.288295 0.309991 0.263201 0.264413 0.366790 0.281693 0.364640 0.104434 0.164120 0.105081 0.112488 0.138690 0.077714 0.076014 0.090721 0.203702 0.174638 0.310295 0.219915 0.242954 0.183882 0.260427 0.213788 0.377266 0.239763 0.442108 0.367978 0.240743 0.406698 0.410659 0.258716 0.369185 0.407208 0.288551 0.241376 0.164332 0.160324 0.158700 0.144995 0.139536 0.373370 0.340057 0.371934 0.315863 0.270391 0.243295 0.161183 0.190602 0.679482 0.616981 0.316823 0.295145 0.286636 0.280998 0.421923 0.249244 0.741920 0.500918 0.289319 0.314774 0.488318 0.118314 0.127420 0.130397 0.136244 0.111027 0.120232 0.128156 0.119087 0.114725 0.112451 0.115959 0.114596 0.113494 0.122632 0.163544 0.170176 0.166309 0.150086 0.090251 0.106762 0.123312 0.174697 0.148691 0.105744 0.093027 0.130068 0.176833 0.116757 0.108739 0.143964 0.139494 0.107626 0.164422 0.126699 0.165573 0.138332 0.156258 0.157377 0.111594 0.148409 0.128729 0.141957 0.150789 0.185312 0.140463 0.154657 0.136975 0.156018 0.274996 0.116242 0.149942 0.273274 0.129929 0.464476 0.086168 0.123985 0.081003 0.114034 0.112387 0.321579 0.131396 0.081019 0.126684 0.065671 0.109616 0.163581 0.180741 0.098063 0.118419 0.293233 0.187588 0.373376 0.301368 0.351402 0.354672 0.348477 0.393939 0.364098 0.257910 0.247338 0.210275 0.235438 0.235696 0.265817 0.268422 0.227790 0.230744 0.158679 0.171177 0.152589 0.267232 0.211863 0.170828 0.197529 0.243471 0.215658 0.251362 0.212302 0.174663 0.162827 0.185744 0.159136 0.169790 0.148411 0.134969 0.180079 0.214550 0.221440 0.230805 0.192744 0.200236 0.249189 0.187269 0.184406 0.112099 0.232286 0.180516 0.212709 0.166857 0.202938 0.166901 0.149200 0.126496 0.156417 0.209495 0.272008 0.174660 0.197169 0.246251 0.343128 0.225113 0.276308 0.210811 0.234915 0.152586 0.215138 0.313805 0.207265 0.167554 0.254594 0.165005 0.196221 0.234823 0.327629 0.303128 0.145899 0.184023 0.088299 0.054824 0.140237 0.190424 
0.195724 0.118936 0.148987 0.192732 0.330674 0.347659 0.133347 0.204277 0.158992 0.134374 0.145528 0.191123 0.156517 0.195920 0.221192 0.167628 0.000000 0.134835 0.192137 0.324361 0.206253 0.308967 0.358389 0.406931 0.421997 0.419419 0.452189 0.401035 0.417037 0.429043 0.372174 0.350142 0.365593 0.387314 0.395563 0.415700 0.333869 0.334116 0.436845 0.359628 0.437504 0.221881 0.253364 0.222525 0.204502 0.251970 0.204023 0.192163 0.184657 0.261106 0.146346 0.333021 0.295542 0.300191 0.200148 0.190869 0.210535 0.339009 0.263335 0.425776 0.384961 0.300769 0.395537 0.432243 0.250224 0.347481 0.394631 0.220339 0.273669 0.154240 0.171138 0.129542 0.185831 0.136681 0.277155 0.346854 0.283180 0.255942 0.192674 0.177623 0.209742 0.232909 0.534405 0.520911 0.223831 0.325258 0.213417 0.375510 0.362138 0.214780 0.607708 0.425192 0.245533 0.283335 0.402484 0.225062 0.192777 0.247379 0.246434 0.209176 0.236869 0.236344 0.229971 0.213771 0.213480 0.222920 0.209178 0.216958 0.196033 0.176557 0.152060 0.161163 0.201770 0.177053 0.189864 0.155624 0.214982 0.175933 0.206407 0.205018 0.218874 0.241606 0.210055 0.212668 0.210599 0.219606 0.205071 0.249628 0.229284 0.236874 0.215864 0.240852 0.231166 0.202209 0.241747 0.214635 0.214294 0.236428 0.257243 0.223782 0.229879 0.207768 0.229850 0.237284 0.123919 0.196214 0.239937 0.192399 0.420046 0.180403 0.222397 0.193133 0.212885 0.160437 0.292446 0.192860 0.178962 0.124928 0.185553 0.135074 0.178576 0.183254 0.190826 0.174456 0.256039 0.196446 0.310405 0.274172 0.332289 0.323374 0.285502 0.317141 0.334200 0.214883 0.195110 0.198067 0.217491 0.166045 0.252621 0.216842 0.164232 0.252674 0.110369 0.109507 0.177438 0.207002 0.241491 0.150643 0.208237 0.160265 0.164246 0.173905 0.128186 0.149188 0.151384 0.167431 0.134202 0.164860 0.207796 0.159194 0.194989 0.124717 0.156816 0.134755 0.173530 0.156250 0.187373 0.217263 0.197794 0.168281 0.162879 0.144236 0.217982 0.085154 0.105420 0.137906 0.171860 0.144013 0.130424 0.134167 0.166146 0.218630 0.176931 0.301945 0.255229 0.181102 0.191539 0.155841 0.175398 0.196433 0.250534 0.231839 0.231779 0.229208 0.133466 0.206407 0.208619 0.153944 0.279175 0.291912 0.190788 0.239545 0.185312 0.193549 0.250708 0.297510 
0.185500 0.173650 0.119232 0.142299 0.304790 0.294611 0.183255 0.171070 0.110609 0.081932 0.117601 0.127303 0.088909 0.162175 0.174882 0.159507 0.134835 0.000000 0.159973 0.273366 0.188171 0.266364 0.356827 0.394941 0.408322 0.411968 0.444332 0.401900 0.405074 0.409924 0.353866 0.354229 0.348219 0.376587 0.359994 0.410908 0.330375 0.334443 0.430745 0.361552 0.431870 0.215272 0.243319 0.210175 0.201631 0.240482 0.198267 0.181350 0.172364 0.218899 0.205059 0.343381 0.252450 0.259193 0.217128 0.204386 0.197667 0.386564 0.269162 0.475539 0.392126 0.262924 0.406772 0.431096 0.263727 0.372151 0.429679 0.271335 0.236363 0.184408 0.167983 0.129415 0.107549 0.123977 0.372772 0.355875 0.389394 0.328316 0.278114 0.261157 0.185184 0.232229 0.581470 0.574626 0.253163 0.301913 0.276785 0.330645 0.401058 0.248601 0.649183 0.484829 0.296392 0.304383 0.450498 0.189165 0.187914 0.201956 0.244449 0.207466 0.226292 0.227063 0.226491 0.210432 0.209895 0.218907 0.205586 0.215998 0.191618 0.220557 0.198488 0.211661 0.196856 0.154612 0.166950 0.124378 0.211374 0.188062 0.191381 0.187300 0.196440 0.239150 0.199178 0.205802 0.198260 0.217440 0.190936 0.254691 0.230339 0.227592 0.189078 0.237891 0.236328 0.195898 0.237721 0.199533 0.213424 0.229121 0.256456 0.204657 0.228954 0.199546 0.233007 0.282937 0.133603 0.174916 0.235363 0.158981 0.410668 0.149266 0.182327 0.163002 0.181178 0.142442 0.297956 0.165556 0.139649 0.134395 0.153077 0.106669 0.146920 0.171486 0.152322 0.146788 0.247543 0.140804 0.374618 0.313408 0.364149 0.367705 0.353716 0.408822 0.416260 0.262757 0.239693 0.226776 0.244922 0.236823 0.265222 0.275413 0.227108 0.296792 0.162360 0.192499 0.157000 0.265418 0.221468 0.169018 0.243134 0.235419 0.195910 0.222414 0.189859 0.199351 0.190945 0.176390 0.158582 0.192860 0.151146 0.171075 0.214777 0.210800 0.213666 0.229805 0.201205 0.216854 0.222914 0.146656 0.150274 0.112857 0.161473 0.165155 0.218392 0.139762 0.164798 0.159312 0.128813 0.127931 0.127256 0.163963 0.202765 0.191093 0.192494 0.256163 0.298243 0.188971 0.236744 0.177903 0.216511 0.153092 0.224601 0.282343 0.202729 0.213832 0.221146 0.177564 0.161179 0.168201 0.259425 0.254101 0.170703 0.193771 0.131240 0.175149 0.218605 0.263287 
