242 242
0.000000 0.133863 0.087787 0.145656 0.222605 0.217700 0.169932 0.186064 0.183187 0.215399 0.157556 0.154928 0.153239 0.161589 0.144594 0.178560 0.165358 0.158376 0.224506 0.163819 0.169745 0.312673 0.192391 0.277348 0.287034 0.320357 0.336861 0.334449 0.372355 0.380901 0.356625 0.365300 0.328669 0.363406 0.349148 0.329647 0.315019 0.304407 0.317974 0.326782 0.372589 0.340667 0.310181 0.392116 0.371258 0.335089 0.199984 0.194691 0.236050 0.206851 0.189795 0.218938 0.220372 0.206894 0.250291 0.260265 0.289014 0.317154 0.267764 0.321733 0.377503 0.330670 0.216493 0.272863 0.331008 0.238460 0.355389 0.303991 0.271176 0.304129 0.293432 0.131693 0.187668 0.177822 0.136498 0.159686 0.148508 0.334568 0.302780 0.210521 0.155941 0.137404 0.263541 0.199139 0.144295 0.522146 0.208275 0.510890 0.237625 0.288554 0.396889 0.216714 0.567012 0.405172 0.265276 0.419566 0.385402 0.213554 0.171658 0.164085 0.222822 0.190671 0.178469 0.194138 0.196437 0.200472 0.196546 0.182280 0.196698 0.148818 0.212159 0.157337 0.172198 0.140950 0.144257 0.164755 0.101383 0.197126 0.156648 0.193253 0.173047 0.216730 0.217635 0.252546 0.213072 0.228679 0.208105 0.238158 0.253846 0.229704 0.235484 0.210587 0.245696 0.206503 0.241833 0.213609 0.224487 0.236976 0.217975 0.230722 0.242066 0.224859 0.242720 0.149118 0.202463 0.167963 0.176633 0.342886 0.175069 0.206567 0.154827 0.227189 0.166281 0.178228 0.147587 0.254106 0.163746 0.143415 0.148671 0.119044 0.119427 0.170110 0.161636 0.125491 0.149192 0.139683 0.173697 0.346302 0.307180 0.339707 0.350423 0.346178 0.342574 0.320459 0.324624 0.245950 0.275954 0.231089 0.227441 0.215616 0.258399 0.263503 0.232167 0.173667 0.129303 0.174619 0.167519 0.153741 0.244954 0.187278 0.123902 0.193272 0.199380 0.163623 0.155303 0.178730 0.134720 0.177005 0.114955 0.103912 0.132240 0.150865 0.197522 0.234601 0.222422 0.201848 0.245891 0.180915 0.138215 0.140751 0.164759 0.138049 0.153634 0.149931 0.171270 0.158669 0.147909 0.144777 0.188772 0.172450 0.267756 0.252068 0.197306 0.181898 0.228644 0.139032 0.158404 0.182661 0.143902 0.151049 0.179457 0.235603 0.208053 0.192149 0.178803 0.202140 0.234843 0.235031 0.179151 0.184077 0.165856 0.173287 
0.133863 0.000000 0.125860 0.146630 0.267002 0.264295 0.142616 0.183095 0.173867 0.199958 0.140484 0.151558 0.139144 0.154102 0.136150 0.155009 0.149588 0.110558 0.186330 0.086626 0.164196 0.299187 0.182922 0.272466 0.264794 0.306203 0.341587 0.333559 0.365703 0.383337 0.339534 0.351044 0.316633 0.356485 0.334016 0.311463 0.296276 0.297980 0.321057 0.324511 0.356671 0.327826 0.292243 0.383676 0.354669 0.315584 0.183289 0.175375 0.210384 0.175836 0.175895 0.217418 0.217577 0.133924 0.253802 0.265597 0.252548 0.315140 0.243174 0.331634 0.391939 0.390848 0.204037 0.331837 0.358133 0.243833 0.356585 0.360547 0.305061 0.319766 0.343535 0.124292 0.133035 0.144890 0.134324 0.156441 0.138303 0.247865 0.262834 0.167502 0.229934 0.208276 0.166191 0.137898 0.184534 0.514791 0.178937 0.494035 0.237600 0.209516 0.334578 0.198720 0.570850 0.398329 0.243750 0.409948 0.385777 0.197911 0.169472 0.163389 0.201027 0.168615 0.167164 0.177987 0.173267 0.180973 0.169024 0.173344 0.184295 0.114279 0.199127 0.110123 0.144742 0.116925 0.127139 0.129729 0.103514 0.166143 0.131328 0.178709 0.150729 0.200875 0.200513 0.231970 0.189810 0.208412 0.181810 0.213871 0.229557 0.210907 0.223170 0.201196 0.228294 0.186614 0.226238 0.199436 0.202760 0.217394 0.197294 0.208957 0.220600 0.212018 0.220672 0.106089 0.177917 0.161821 0.156214 0.385856 0.158703 0.193149 0.142563 0.274324 0.163683 0.177451 0.140413 0.279492 0.143065 0.129992 0.127601 0.093046 0.126285 0.167978 0.157521 0.117371 0.127786 0.126021 0.155654 0.252191 0.243582 0.282916 0.257080 0.275032 0.252778 0.234919 0.239849 0.185397 0.218989 0.173478 0.184368 0.143557 0.231354 0.190924 0.187179 0.084955 0.136721 0.143551 0.087530 0.132650 0.227331 0.174577 0.130717 0.150613 0.128965 0.158212 0.082579 0.126277 0.108793 0.166500 0.153400 0.163052 0.155275 0.088034 0.119365 0.162115 0.125371 0.161229 0.188120 0.166825 0.111493 0.128863 0.133900 0.118675 0.186303 0.079436 0.116114 0.121729 0.122852 0.111282 0.138122 0.168905 0.278799 0.236088 0.153428 0.145954 0.173261 0.115601 0.139209 0.168216 0.139457 0.138867 0.144042 0.228425 0.200094 0.108031 0.167659 0.183430 0.240348 0.276181 0.185695 0.190387 0.153897 0.156467 
0.087787 0.125860 0.000000 0.116225 0.237074 0.226434 0.150283 0.152375 0.157794 0.178538 0.124112 0.111462 0.123921 0.129844 0.120341 0.139887 0.122549 0.124159 0.216752 0.129827 0.133908 0.308786 0.175193 0.264844 0.276922 0.294790 0.321547 0.319902 0.340460 0.366461 0.328674 0.331659 0.300476 0.349888 0.320092 0.297594 0.282951 0.281282 0.308824 0.308897 0.337443 0.309018 0.278105 0.365247 0.338369 0.305271 0.171443 0.148854 0.192973 0.169854 0.156675 0.194615 0.206013 0.189215 0.238344 0.252779 0.258518 0.308387 0.238760 0.314087 0.389802 0.337803 0.191466 0.282127 0.337629 0.212299 0.331881 0.314853 0.273487 0.322251 0.312673 0.123938 0.166335 0.149619 0.093133 0.110097 0.102198 0.315579 0.290796 0.194782 0.171451 0.145564 0.237779 0.170389 0.116232 0.533647 0.188501 0.520125 0.239850 0.276735 0.388505 0.212016 0.594013 0.422142 0.254545 0.395407 0.412345 0.186500 0.171549 0.130773 0.189586 0.151160 0.137202 0.166679 0.155894 0.158782 0.155120 0.146323 0.176914 0.135259 0.195244 0.140415 0.150955 0.108511 0.118721 0.132510 0.077447 0.171046 0.135207 0.147402 0.124447 0.164610 0.175205 0.204568 0.164317 0.174128 0.159350 0.197363 0.204408 0.181000 0.188426 0.159977 0.201985 0.159184 0.188133 0.156835 0.178950 0.185321 0.178049 0.190345 0.189466 0.167946 0.191339 0.112717 0.180804 0.160311 0.127934 0.366983 0.131718 0.172691 0.135234 0.223994 0.159021 0.146235 0.104597 0.266879 0.112296 0.111957 0.112705 0.084201 0.075526 0.130118 0.128053 0.094800 0.106621 0.113879 0.114569 0.331066 0.282115 0.312484 0.332732 0.329674 0.320906 0.308980 0.324463 0.224909 0.256481 0.200521 0.205049 0.190424 0.234865 0.238496 0.213670 0.146232 0.133365 0.150651 0.163665 0.099804 0.203469 0.191331 0.114965 0.190675 0.190351 0.168890 0.148740 0.179868 0.122067 0.135076 0.101067 0.109621 0.137734 0.129990 0.178483 0.202995 0.201320 0.174163 0.213184 0.161972 0.103286 0.109756 0.130851 0.117184 0.130552 0.114454 0.147847 0.108988 0.106739 0.098872 0.140141 0.168028 0.245657 0.250462 0.184298 0.166640 0.212398 0.108526 0.118745 0.181033 0.131125 0.144118 0.151270 0.236867 0.174334 0.181465 0.133996 0.153463 0.221342 0.227208 0.138337 0.170374 0.117836 0.131676 
0.145656 0.146630 0.116225 0.000000 0.271763 0.201944 0.200223 0.186065 0.178286 0.201700 0.148383 0.139298 0.147666 0.164221 0.140114 0.159425 0.140372 0.155161 0.232786 0.165551 0.155675 0.305521 0.175737 0.270845 0.279417 0.301247 0.335218 0.329287 0.358438 0.378796 0.334047 0.344001 0.309681 0.357662 0.325968 0.313515 0.290337 0.294401 0.324363 0.319138 0.349574 0.321395 0.282306 0.374333 0.345574 0.305403 0.175138 0.164665 0.204169 0.179006 0.161232 0.207480 0.212456 0.188919 0.253499 0.262403 0.264967 0.295176 0.249292 0.285389 0.411822 0.354729 0.194133 0.309953 0.317794 0.233382 0.293813 0.335213 0.339836 0.372377 0.359391 0.163559 0.199519 0.168656 0.104994 0.135117 0.117387 0.342532 0.340348 0.238397 0.188807 0.192287 0.243012 0.217329 0.132850 0.502967 0.222416 0.571944 0.260847 0.317355 0.424443 0.262240 0.568426 0.480376 0.307950 0.411302 0.441473 0.204651 0.171458 0.152175 0.194897 0.158536 0.157071 0.167582 0.162361 0.169173 0.161572 0.163012 0.173986 0.170453 0.205047 0.178464 0.162700 0.129783 0.129826 0.153927 0.121100 0.191829 0.171400 0.172683 0.149990 0.188855 0.201537 0.228177 0.184956 0.202886 0.187335 0.216555 0.225276 0.204137 0.219915 0.192013 0.223432 0.182785 0.223312 0.194750 0.197710 0.212363 0.204784 0.204092 0.212736 0.202984 0.215519 0.147893 0.193205 0.189033 0.150090 0.373795 0.153938 0.188578 0.134672 0.228529 0.163237 0.159779 0.146405 0.291452 0.143333 0.128665 0.140274 0.126076 0.112727 0.174898 0.153051 0.112136 0.125760 0.122028 0.153086 0.331490 0.277373 0.310506 0.330002 0.327803 0.324438 0.306242 0.345228 0.233898 0.264850 0.222507 0.215930 0.207203 0.247528 0.241171 0.236883 0.175252 0.195440 0.153186 0.212084 0.128416 0.218046 0.239622 0.154876 0.216339 0.235832 0.222265 0.181523 0.213688 0.158467 0.169836 0.167508 0.160346 0.178810 0.148793 0.202330 0.220756 0.214008 0.194642 0.230032 0.197377 0.144493 0.140250 0.147983 0.131620 0.192370 0.145901 0.177678 0.131407 0.129674 0.115174 0.159921 0.180292 0.257764 0.299753 0.204826 0.192455 0.234034 0.133769 0.130951 0.191900 0.143370 0.154382 0.166654 0.263622 0.193275 0.208366 0.157935 0.174197 0.230543 0.287037 0.172171 0.190546 0.149549 0.146281 
0.222605 0.267002 0.237074 0.271763 0.000000 0.247328 0.283113 0.316021 0.319990 0.316191 0.327560 0.320779 0.325824 0.320535 0.321426 0.287066 0.285362 0.304466 0.314080 0.292567 0.280280 0.452331 0.285765 0.417491 0.428171 0.403049 0.426722 0.433901 0.438207 0.480209 0.429281 0.430719 0.406274 0.456224 0.412382 0.412399 0.400798 0.397601 0.429862 0.422789 0.438952 0.430267 0.418992 0.487931 0.470073 0.419600 0.299986 0.330045 0.347861 0.324156 0.330162 0.315332 0.368847 0.288857 0.372905 0.379770 0.351223 0.282507 0.338917 0.290242 0.273522 0.271606 0.310690 0.267625 0.285969 0.327175 0.330728 0.281730 0.270270 0.264903 0.274427 0.243248 0.266344 0.281479 0.257975 0.273037 0.294693 0.369779 0.294054 0.225912 0.181339 0.192039 0.315063 0.245175 0.225607 0.386870 0.326902 0.509342 0.254175 0.360910 0.426229 0.301066 0.503492 0.393262 0.309591 0.479425 0.337563 0.309108 0.327578 0.322838 0.313166 0.330512 0.321882 0.298270 0.310483 0.306770 0.314002 0.322726 0.332632 0.217237 0.336537 0.232400 0.285054 0.259805 0.269258 0.269856 0.267297 0.285934 0.252122 0.299957 0.308720 0.313606 0.314968 0.354745 0.304766 0.322531 0.297923 0.331459 0.341130 0.318237 0.333403 0.310996 0.330069 0.300320 0.331316 0.309666 0.329655 0.336479 0.312836 0.330400 0.340973 0.320925 0.336006 0.290528 0.305375 0.269968 0.332811 0.345348 0.315340 0.313928 0.291049 0.296393 0.310989 0.301910 0.268748 0.290020 0.314367 0.311028 0.287835 0.273168 0.278603 0.283098 0.326250 0.287005 0.299286 0.290971 0.308174 0.388585 0.376543 0.404872 0.394259 0.398066 0.381757 0.369944 0.334837 0.367026 0.381485 0.345225 0.357923 0.329942 0.378150 0.362855 0.279036 0.272931 0.195899 0.290922 0.274468 0.308663 0.398142 0.244043 0.219282 0.281363 0.289302 0.249268 0.282723 0.274579 0.242231 0.327412 0.210812 0.211045 0.225312 0.279781 0.280047 0.315283 0.282267 0.297933 0.345774 0.340289 0.290165 0.292477 0.296854 0.316215 0.241004 0.270373 0.285893 0.311713 0.306703 0.297145 0.293855 0.259306 0.356511 0.356440 0.348257 0.347594 0.372334 0.282847 0.300162 0.317868 0.285144 0.302004 0.301122 0.276619 0.294221 0.278264 0.287657 0.299987 0.311308 0.305214 0.289763 0.301999 0.282987 0.298509 
0.217700 0.264295 0.226434 0.201944 0.247328 0.000000 0.279340 0.284253 0.289521 0.307234 0.291395 0.306768 0.306278 0.264562 0.291995 0.281664 0.292596 0.271789 0.310553 0.302092 0.294596 0.389654 0.315916 0.352846 0.393626 0.404868 0.424082 0.423442 0.450495 0.465146 0.434767 0.450780 0.407620 0.432423 0.437607 0.399835 0.409389 0.397413 0.420772 0.422293 0.448022 0.452947 0.425570 0.491906 0.472935 0.443148 0.334015 0.338549 0.361833 0.308180 0.339803 0.349274 0.337247 0.331958 0.367113 0.357478 0.380403 0.292577 0.372141 0.281094 0.403429 0.353536 0.347281 0.324258 0.296350 0.332418 0.295005 0.325750 0.370145 0.330895 0.381154 0.267578 0.274981 0.314875 0.236691 0.259335 0.257509 0.428241 0.392576 0.312227 0.209760 0.240897 0.357809 0.307806 0.238233 0.412768 0.295284 0.552245 0.245132 0.347296 0.434155 0.271037 0.451899 0.456048 0.330160 0.465807 0.385115 0.295182 0.280416 0.312277 0.342946 0.332760 0.331602 0.326099 0.333220 0.336374 0.337976 0.333269 0.346708 0.268914 0.325545 0.262748 0.310297 0.247149 0.258612 0.281553 0.235718 0.291351 0.239066 0.319068 0.296035 0.355707 0.338693 0.395855 0.348815 0.370195 0.333861 0.377703 0.385991 0.356931 0.380681 0.356867 0.375418 0.344237 0.377581 0.356360 0.369004 0.377194 0.338498 0.376307 0.381288 0.366781 0.383678 0.264125 0.286587 0.260813 0.327037 0.310781 0.282355 0.290828 0.276844 0.286821 0.282702 0.263558 0.264074 0.272404 0.303319 0.278290 0.262723 0.260357 0.274046 0.285499 0.303758 0.280497 0.285562 0.269137 0.302939 0.433345 0.401842 0.431494 0.436711 0.432645 0.428064 0.410998 0.414868 0.362424 0.386207 0.339410 0.342472 0.326724 0.379479 0.369735 0.329916 0.293143 0.278075 0.285651 0.265748 0.297772 0.386240 0.310285 0.255798 0.280012 0.319739 0.302502 0.289956 0.288023 0.271146 0.290959 0.256776 0.239148 0.271198 0.266883 0.315768 0.358876 0.339722 0.329537 0.373720 0.314522 0.275932 0.271213 0.260711 0.264525 0.243659 0.290026 0.313713 0.300142 0.292070 0.289440 0.280743 0.255558 0.321437 0.322029 0.318559 0.317725 0.353999 0.262581 0.289816 0.308200 0.270748 0.254491 0.292850 0.261980 0.328504 0.314377 0.328047 0.340674 0.254776 0.290516 0.316404 0.314239 0.289982 0.308125 
0.169932 0.142616 0.150283 0.200223 0.283113 0.279340 0.000000 0.177394 0.181082 0.200687 0.144201 0.127256 0.136931 0.170241 0.154254 0.173594 0.172826 0.113462 0.111354 0.112579 0.185583 0.264235 0.204964 0.280450 0.207644 0.321290 0.353448 0.346591 0.374275 0.394432 0.359586 0.367774 0.331975 0.365196 0.346901 0.329712 0.320998 0.318319 0.340965 0.339812 0.368021 0.352774 0.317774 0.400090 0.376478 0.340784 0.216883 0.213884 0.242213 0.214353 0.217425 0.221951 0.188018 0.145174 0.239661 0.228505 0.216844 0.271906 0.189821 0.311085 0.352905 0.318721 0.234767 0.265541 0.308383 0.247502 0.314317 0.285734 0.248595 0.256115 0.270167 0.111442 0.133077 0.152216 0.159305 0.175678 0.170973 0.234741 0.246401 0.173545 0.245416 0.218100 0.186341 0.155271 0.203439 0.472525 0.107209 0.416058 0.167691 0.145010 0.268182 0.146886 0.511147 0.310276 0.133692 0.322394 0.304115 0.205751 0.212657 0.193839 0.230812 0.211121 0.210522 0.213375 0.211383 0.211327 0.213792 0.210438 0.226410 0.156159 0.145710 0.131248 0.183517 0.171349 0.176536 0.170686 0.140987 0.207524 0.182782 0.209154 0.199428 0.226645 0.225251 0.264252 0.220293 0.238056 0.205722 0.247270 0.258087 0.234061 0.251808 0.229302 0.248933 0.215603 0.246337 0.228636 0.239520 0.244047 0.217698 0.250494 0.250958 0.234011 0.251899 0.119711 0.161935 0.119779 0.211975 0.290506 0.170245 0.184202 0.162075 0.209627 0.159403 0.153399 0.140504 0.193226 0.188093 0.173828 0.116189 0.119814 0.142133 0.142749 0.177329 0.147864 0.179159 0.162421 0.191541 0.276036 0.228067 0.261034 0.273671 0.263351 0.259175 0.251519 0.318758 0.160642 0.183729 0.144704 0.135134 0.138620 0.169787 0.162198 0.226218 0.140332 0.176821 0.173184 0.148930 0.214944 0.308477 0.134876 0.116435 0.173588 0.144897 0.146732 0.137655 0.170225 0.143420 0.187611 0.141828 0.144063 0.141710 0.135447 0.134633 0.167299 0.147240 0.126079 0.148191 0.105134 0.117581 0.144106 0.162921 0.148879 0.194347 0.117554 0.147317 0.129060 0.127875 0.153066 0.104553 0.146065 0.197239 0.163881 0.112702 0.109318 0.130853 0.146856 0.154244 0.111632 0.175223 0.180444 0.093941 0.137537 0.230076 0.158249 0.218148 0.219332 0.221537 0.190952 0.166628 0.189228 0.176424 0.191562 
0.186064 0.183095 0.152375 0.186065 0.316021 0.284253 0.177394 0.000000 0.085039 0.083974 0.114455 0.146952 0.132729 0.079967 0.145161 0.093798 0.107820 0.128473 0.143343 0.186931 0.112945 0.237841 0.138530 0.154354 0.260695 0.239819 0.270669 0.261492 0.303699 0.314271 0.273187 0.314529 0.253926 0.266044 0.281193 0.248717 0.239885 0.226751 0.263020 0.274940 0.293577 0.318352 0.287567 0.375928 0.352672 0.308434 0.142042 0.164029 0.198945 0.095466 0.170151 0.157430 0.184947 0.189139 0.202433 0.191395 0.249520 0.355927 0.234521 0.391075 0.471711 0.421621 0.171252 0.339703 0.426569 0.195436 0.361990 0.366389 0.327391 0.329159 0.377572 0.144456 0.170106 0.148341 0.173158 0.108111 0.177651 0.349727 0.359267 0.264175 0.276974 0.241995 0.275265 0.249765 0.217010 0.631262 0.107779 0.475387 0.243904 0.192814 0.296985 0.188851 0.665107 0.399506 0.217111 0.275030 0.380081 0.093431 0.119859 0.158296 0.165302 0.173836 0.158662 0.142711 0.161111 0.163586 0.170110 0.159839 0.191821 0.163781 0.178361 0.147379 0.159621 0.100128 0.109488 0.110213 0.108560 0.119942 0.116074 0.128561 0.106200 0.156195 0.126974 0.211199 0.162315 0.174303 0.135801 0.187128 0.200937 0.155606 0.183587 0.158322 0.186354 0.146418 0.169403 0.154801 0.184148 0.189662 0.145866 0.186500 0.187514 0.160355 0.191623 0.128824 0.095672 0.185652 0.155547 0.329106 0.087416 0.067491 0.096451 0.288877 0.082390 0.170124 0.143563 0.255124 0.139975 0.105667 0.118789 0.155866 0.117341 0.148306 0.110777 0.110616 0.120860 0.106375 0.127927 0.350664 0.294347 0.332010 0.351617 0.331809 0.341656 0.332264 0.351484 0.257666 0.277049 0.239463 0.226399 0.245155 0.248763 0.263474 0.238458 0.176050 0.200930 0.103072 0.197016 0.164027 0.280054 0.246880 0.156280 0.157388 0.206509 0.217475 0.185196 0.198979 0.171034 0.087092 0.166763 0.158453 0.180421 0.166527 0.211228 0.218169 0.228591 0.179928 0.225629 0.196932 0.178187 0.105094 0.093283 0.105642 0.162617 0.171934 0.200706 0.164377 0.150952 0.155178 0.226267 0.274145 0.150165 0.274386 0.197839 0.188333 0.219461 0.151161 0.155875 0.146925 0.105916 0.103597 0.129474 0.264293 0.168989 0.252811 0.176974 0.159022 0.278940 0.197681 0.114299 0.134744 0.102666 0.125052 
0.183187 0.173867 0.157794 0.178286 0.319990 0.289521 0.181082 0.085039 0.000000 0.066397 0.120857 0.148603 0.127230 0.110830 0.144815 0.088846 0.089323 0.138369 0.160782 0.173280 0.087164 0.265418 0.109441 0.198624 0.265143 0.197356 0.259353 0.229438 0.274357 0.284270 0.251829 0.285044 0.231365 0.249263 0.230328 0.221630 0.207567 0.221322 0.235525 0.237557 0.266993 0.259142 0.225484 0.314251 0.291648 0.247726 0.123180 0.118005 0.142355 0.119922 0.104461 0.135896 0.140894 0.173916 0.162413 0.165199 0.194895 0.321802 0.190442 0.342292 0.421875 0.372116 0.118880 0.300605 0.378625 0.165454 0.326499 0.317745 0.286330 0.311059 0.327315 0.142876 0.146090 0.146863 0.160615 0.120469 0.155802 0.315782 0.329660 0.241348 0.232120 0.202181 0.237378 0.203705 0.172705 0.630300 0.147144 0.517338 0.253140 0.232047 0.336610 0.183899 0.672370 0.410577 0.229646 0.293074 0.385801 0.089343 0.127226 0.120109 0.134290 0.137169 0.135278 0.119323 0.117583 0.125679 0.137140 0.115662 0.144859 0.146991 0.137865 0.145664 0.132294 0.099332 0.106780 0.117771 0.110244 0.148360 0.128281 0.118367 0.106492 0.136234 0.116762 0.173105 0.133912 0.153830 0.117327 0.153816 0.153761 0.110864 0.163924 0.154905 0.144170 0.130934 0.147519 0.144542 0.133010 0.139904 0.107762 0.154998 0.137390 0.148938 0.159005 0.115551 0.099996 0.181858 0.145693 0.382506 0.065597 0.088964 0.083245 0.270100 0.081426 0.165585 0.121652 0.267469 0.132070 0.096012 0.122553 0.158989 0.103729 0.157616 0.108287 0.113495 0.111543 0.096779 0.133572 0.341492 0.267572 0.305083 0.320710 0.329745 0.318480 0.309387 0.342066 0.225553 0.248841 0.194606 0.185533 0.208068 0.228487 0.233827 0.199851 0.175466 0.205951 0.120801 0.201906 0.163207 0.281690 0.235956 0.165890 0.140526 0.196082 0.201610 0.167241 0.166143 0.138805 0.118901 0.172123 0.156537 0.184027 0.130260 0.208907 0.208082 0.223368 0.178289 0.231118 0.207329 0.178797 0.111819 0.113494 0.113726 0.151994 0.164858 0.178786 0.163176 0.160360 0.152480 0.221535 0.262363 0.187953 0.284826 0.191321 0.182766 0.206234 0.147552 0.149884 0.139222 0.111793 0.107372 0.123997 0.262167 0.122992 0.251774 0.131632 0.109999 0.274105 0.226158 0.097770 0.121331 0.113265 0.115020 
0.215399 0.199958 0.178538 0.201700 0.316191 0.307234 0.200687 0.083974 0.066397 0.000000 0.144789 0.173732 0.146324 0.118612 0.175171 0.082690 0.098802 0.162508 0.158346 0.195502 0.096546 0.276870 0.095805 0.195355 0.286608 0.197058 0.239854 0.225241 0.268165 0.282633 0.233923 0.275839 0.218344 0.244210 0.233301 0.209076 0.203114 0.194392 0.228862 0.237111 0.252408 0.281282 0.252560 0.338016 0.315118 0.263773 0.115733 0.147649 0.161623 0.101755 0.139640 0.114542 0.171470 0.175889 0.177362 0.181807 0.209192 0.328951 0.202068 0.348915 0.430903 0.386567 0.117655 0.301831 0.394447 0.176876 0.327303 0.335279 0.301653 0.316596 0.344000 0.155265 0.147954 0.150348 0.197502 0.124741 0.191520 0.329329 0.331212 0.238031 0.248657 0.214270 0.248469 0.215132 0.184316 0.641800 0.143559 0.494544 0.274092 0.237361 0.301696 0.199285 0.690817 0.393215 0.207620 0.256770 0.375876 0.056183 0.142516 0.148027 0.122627 0.158511 0.159912 0.114671 0.129032 0.129006 0.146063 0.146997 0.154534 0.147792 0.173904 0.147413 0.136092 0.109498 0.114856 0.103813 0.138579 0.120114 0.114704 0.104919 0.116371 0.125697 0.097354 0.172170 0.119232 0.138756 0.096879 0.148440 0.149486 0.101735 0.159898 0.139499 0.132527 0.115594 0.134110 0.131082 0.141193 0.149517 0.108414 0.151806 0.143625 0.131650 0.138426 0.135705 0.096510 0.207356 0.169796 0.376730 0.075304 0.065221 0.100813 0.289110 0.100769 0.194363 0.144882 0.283134 0.148340 0.125612 0.141525 0.180096 0.138712 0.157335 0.128963 0.138160 0.137547 0.120078 0.139778 0.343026 0.276983 0.311785 0.327647 0.321116 0.326274 0.309864 0.338764 0.251750 0.271555 0.229362 0.219584 0.235683 0.248237 0.253807 0.196561 0.186605 0.204863 0.116796 0.214104 0.182612 0.288678 0.247428 0.172837 0.130778 0.202909 0.216406 0.187551 0.185154 0.149534 0.134780 0.188796 0.167750 0.193223 0.159463 0.206856 0.199232 0.221685 0.173882 0.223641 0.230513 0.209640 0.133762 0.125032 0.150563 0.152996 0.185230 0.189624 0.184301 0.172779 0.176882 0.232611 0.284862 0.176436 0.323160 0.208331 0.215176 0.220891 0.164562 0.173291 0.158897 0.123565 0.133399 0.145867 0.279330 0.116301 0.272676 0.137910 0.127431 0.301552 0.216875 0.100180 0.130407 0.113687 0.122997 
0.157556 0.140484 0.124112 0.148383 0.327560 0.291395 0.144201 0.114455 0.120857 0.144789 0.000000 0.084614 0.043360 0.064977 0.051387 0.112684 0.108390 0.094084 0.146817 0.142321 0.138009 0.198062 0.170345 0.206646 0.179859 0.286481 0.315972 0.310479 0.344475 0.360863 0.320418 0.328678 0.299864 0.328417 0.315222 0.289787 0.278154 0.273100 0.301905 0.304202 0.331496 0.313686 0.271924 0.360473 0.332248 0.297386 0.164249 0.148356 0.186315 0.148157 0.149515 0.184588 0.116636 0.172398 0.159346 0.158284 0.250998 0.355869 0.228014 0.384597 0.459387 0.400853 0.187275 0.344299 0.407250 0.194201 0.386244 0.362933 0.300178 0.355675 0.365930 0.125685 0.178527 0.135595 0.148804 0.121403 0.138246 0.324964 0.350256 0.252988 0.269550 0.236304 0.248267 0.225885 0.205350 0.576287 0.114857 0.496676 0.238735 0.210685 0.342440 0.174881 0.582326 0.404318 0.223618 0.305131 0.389654 0.144368 0.141214 0.140775 0.184326 0.146991 0.148930 0.163522 0.153532 0.157293 0.146551 0.153954 0.168704 0.172067 0.129317 0.165263 0.150070 0.125147 0.126462 0.148098 0.091407 0.177003 0.160523 0.137803 0.120994 0.158931 0.165462 0.193197 0.152287 0.170920 0.143294 0.187338 0.194176 0.177235 0.189429 0.164788 0.193159 0.154450 0.188205 0.165917 0.172237 0.183430 0.158473 0.183753 0.183863 0.167806 0.181582 0.107423 0.132000 0.170853 0.127213 0.350983 0.100418 0.125837 0.098173 0.263655 0.102156 0.151784 0.131297 0.241074 0.109592 0.085770 0.091590 0.100622 0.089526 0.128159 0.098493 0.083264 0.109317 0.099228 0.121165 0.332878 0.269397 0.303094 0.327662 0.319833 0.325910 0.315663 0.364138 0.207273 0.233159 0.196789 0.172692 0.197649 0.194796 0.219238 0.253141 0.174562 0.206139 0.136323 0.186500 0.128786 0.236396 0.205092 0.129941 0.202558 0.152578 0.169297 0.159440 0.183410 0.151035 0.085363 0.165820 0.154213 0.149512 0.136216 0.203512 0.210487 0.212200 0.170941 0.189369 0.123475 0.130731 0.083413 0.097714 0.070069 0.206767 0.139786 0.171720 0.092933 0.078461 0.103140 0.171884 0.228276 0.174464 0.231950 0.120500 0.112504 0.137963 0.121057 0.126777 0.132698 0.099695 0.116907 0.118685 0.232315 0.193520 0.197082 0.160821 0.161436 0.222681 0.221630 0.109248 0.128285 0.111440 0.120122 
0.154928 0.151558 0.111462 0.139298 0.320779 0.306768 0.127256 0.146952 0.148603 0.173732 0.084614 0.000000 0.070706 0.125111 0.069548 0.151265 0.129868 0.103016 0.148377 0.115305 0.132698 0.232911 0.169794 0.255534 0.199100 0.300430 0.329369 0.325835 0.345567 0.373508 0.335837 0.342596 0.306090 0.353306 0.327490 0.306898 0.290292 0.292291 0.313726 0.316456 0.346344 0.315451 0.281521 0.368853 0.342423 0.306102 0.180074 0.153197 0.200573 0.184736 0.159223 0.204100 0.158351 0.163895 0.205462 0.202158 0.216462 0.317927 0.188319 0.346508 0.413481 0.350811 0.197603 0.299350 0.357232 0.213639 0.345359 0.325602 0.274348 0.337426 0.318068 0.125154 0.166581 0.124138 0.128286 0.118279 0.120135 0.287285 0.321572 0.219066 0.247281 0.219492 0.218558 0.207831 0.186412 0.529103 0.120598 0.492468 0.243399 0.222540 0.331682 0.201597 0.574056 0.406809 0.227544 0.313426 0.386836 0.182879 0.184408 0.143921 0.197693 0.161448 0.139565 0.175256 0.162573 0.167729 0.165245 0.153649 0.180543 0.169420 0.134683 0.161569 0.147330 0.136489 0.137698 0.147095 0.105095 0.189683 0.170949 0.157898 0.144566 0.172842 0.177093 0.208124 0.172966 0.188920 0.170256 0.204386 0.214648 0.194817 0.199175 0.174601 0.208682 0.173056 0.195972 0.168096 0.184775 0.191331 0.184876 0.193222 0.194516 0.181938 0.197934 0.111639 0.145999 0.163403 0.141377 0.363284 0.135917 0.166362 0.131647 0.235946 0.140712 0.137750 0.126261 0.248602 0.131028 0.121772 0.098120 0.101751 0.074734 0.131168 0.116950 0.096361 0.125190 0.123957 0.115638 0.309837 0.243964 0.271833 0.301678 0.294853 0.299528 0.283190 0.357015 0.181579 0.209016 0.167615 0.158561 0.177262 0.177559 0.193632 0.241633 0.169917 0.195398 0.136310 0.197849 0.136372 0.232480 0.176257 0.128708 0.200729 0.180037 0.163285 0.139264 0.193734 0.142178 0.123927 0.138137 0.155302 0.142187 0.124591 0.181740 0.182689 0.196891 0.144835 0.162281 0.116928 0.100112 0.093806 0.127304 0.095445 0.195612 0.119042 0.136952 0.081098 0.075130 0.091320 0.134474 0.191681 0.196087 0.234086 0.127171 0.111383 0.147140 0.117124 0.098354 0.119503 0.130494 0.145072 0.101317 0.218837 0.181799 0.188653 0.149462 0.160367 0.233647 0.208935 0.111485 0.142881 0.125573 0.143952 
0.153239 0.139144 0.123921 0.147666 0.325824 0.306278 0.136931 0.132729 0.127230 0.146324 0.043360 0.070706 0.000000 0.086619 0.067220 0.111066 0.098956 0.097929 0.141014 0.127263 0.141276 0.216678 0.160282 0.223919 0.189321 0.274219 0.310762 0.302793 0.336266 0.351724 0.311670 0.317440 0.290946 0.325140 0.303031 0.283663 0.267422 0.267798 0.295444 0.292656 0.322180 0.297984 0.252298 0.342740 0.310041 0.274231 0.150042 0.131703 0.170138 0.150012 0.131953 0.165732 0.130458 0.153549 0.167614 0.175077 0.230769 0.337386 0.209823 0.365290 0.439112 0.378027 0.167664 0.327048 0.385157 0.210291 0.372954 0.352226 0.285597 0.355412 0.344824 0.114173 0.173086 0.123313 0.145087 0.137765 0.131100 0.303608 0.329429 0.231841 0.256618 0.226469 0.227720 0.205563 0.194634 0.565451 0.123404 0.515231 0.245395 0.219749 0.349215 0.183922 0.587956 0.418067 0.222279 0.322486 0.400964 0.146744 0.152201 0.130129 0.174051 0.132751 0.138465 0.151309 0.137797 0.137830 0.129796 0.141741 0.150779 0.161320 0.129097 0.153499 0.133722 0.128776 0.125508 0.140024 0.103965 0.177593 0.170161 0.129444 0.120416 0.142907 0.157601 0.178317 0.136292 0.155343 0.142663 0.175141 0.177196 0.165201 0.181629 0.153030 0.183146 0.143900 0.176385 0.149816 0.152865 0.168401 0.158187 0.165004 0.167253 0.155836 0.160997 0.098289 0.133185 0.163009 0.120974 0.367260 0.101448 0.131162 0.101831 0.251605 0.108500 0.149956 0.122879 0.256288 0.103426 0.096633 0.094138 0.088412 0.085353 0.131916 0.101803 0.083336 0.113494 0.098573 0.118289 0.318266 0.248351 0.286340 0.309247 0.302323 0.310579 0.298209 0.350365 0.184521 0.215951 0.180263 0.156427 0.179290 0.178352 0.200382 0.240247 0.164831 0.200373 0.138546 0.188304 0.127672 0.233935 0.185111 0.122828 0.196609 0.150628 0.156966 0.139401 0.181626 0.134081 0.107260 0.161058 0.146456 0.139657 0.131846 0.191258 0.194502 0.196577 0.156091 0.174120 0.123133 0.120878 0.073545 0.107270 0.076404 0.213315 0.127742 0.156876 0.086454 0.067472 0.086963 0.161858 0.218935 0.199454 0.253493 0.128249 0.118106 0.138242 0.116754 0.116271 0.122674 0.120908 0.135863 0.111884 0.238640 0.190288 0.186782 0.157428 0.155517 0.240350 0.234051 0.111620 0.141212 0.111078 0.117426 
0.161589 0.154102 0.129844 0.164221 0.320535 0.264562 0.170241 0.079967 0.110830 0.118612 0.064977 0.125111 0.086619 0.000000 0.095574 0.088954 0.098134 0.101693 0.149088 0.170778 0.123538 0.213728 0.158819 0.160451 0.227010 0.265672 0.294541 0.286111 0.332827 0.336847 0.300551 0.321881 0.277715 0.295573 0.306343 0.268276 0.263869 0.249392 0.277981 0.289033 0.316975 0.317686 0.281493 0.366719 0.341620 0.303508 0.156687 0.153975 0.187680 0.115293 0.153955 0.173167 0.157962 0.187024 0.183771 0.173992 0.269626 0.372401 0.251687 0.404135 0.483304 0.429177 0.180118 0.356326 0.434681 0.200037 0.394421 0.379709 0.341736 0.345808 0.392343 0.148137 0.180069 0.154715 0.160649 0.113577 0.161302 0.354507 0.373936 0.276481 0.278824 0.249123 0.276173 0.246248 0.216440 0.606312 0.116955 0.500847 0.245820 0.206461 0.336269 0.181290 0.634409 0.409801 0.244575 0.305730 0.394378 0.106530 0.097142 0.148399 0.179551 0.153408 0.155088 0.155443 0.159536 0.160033 0.154678 0.155704 0.174389 0.167507 0.173267 0.166859 0.160918 0.103308 0.110887 0.131330 0.092115 0.154532 0.131651 0.125516 0.098345 0.160088 0.145341 0.194265 0.153324 0.170563 0.138651 0.183493 0.196396 0.169617 0.183068 0.158969 0.191380 0.151409 0.180722 0.157935 0.175453 0.187675 0.156775 0.185397 0.188987 0.163447 0.183386 0.113596 0.123613 0.190059 0.133474 0.355618 0.086394 0.091878 0.089133 0.292263 0.089529 0.160342 0.141410 0.246774 0.112450 0.082545 0.100599 0.119232 0.103828 0.145199 0.099586 0.086585 0.106198 0.083434 0.104252 0.352689 0.292382 0.329770 0.353564 0.336596 0.349465 0.340042 0.367371 0.238681 0.264362 0.230012 0.214556 0.227671 0.238692 0.251496 0.259022 0.180031 0.203010 0.129129 0.174482 0.133690 0.237638 0.247196 0.146258 0.185737 0.193100 0.212003 0.182242 0.196396 0.167774 0.069981 0.181149 0.161464 0.181150 0.161369 0.220008 0.231056 0.235552 0.189959 0.212546 0.166670 0.162002 0.086376 0.080782 0.083377 0.184883 0.161274 0.192817 0.118261 0.104133 0.123457 0.200301 0.256502 0.179436 0.254760 0.169404 0.170875 0.197308 0.117995 0.143802 0.144670 0.106875 0.104740 0.132067 0.267478 0.184952 0.221126 0.167830 0.168073 0.253595 0.222296 0.124355 0.137973 0.087846 0.108887 
0.144594 0.136150 0.120341 0.140114 0.321426 0.291995 0.154254 0.145161 0.144815 0.175171 0.051387 0.069548 0.067220 0.095574 0.000000 0.143943 0.131021 0.111780 0.171751 0.135457 0.129394 0.210230 0.172223 0.226078 0.184068 0.304048 0.335874 0.329661 0.355026 0.378599 0.337384 0.345983 0.311505 0.355935 0.329124 0.307312 0.294234 0.294657 0.313206 0.319421 0.351161 0.321840 0.288379 0.378441 0.348373 0.311478 0.180265 0.161511 0.205586 0.180294 0.165274 0.210091 0.139096 0.171597 0.172990 0.179239 0.249740 0.344566 0.225352 0.368301 0.447411 0.392320 0.200676 0.336086 0.397684 0.193842 0.373033 0.360247 0.298730 0.359189 0.356400 0.128851 0.177987 0.134601 0.136514 0.128257 0.125715 0.322907 0.347679 0.242511 0.259096 0.233294 0.237029 0.220320 0.197500 0.565689 0.138073 0.493260 0.242334 0.236199 0.351248 0.174516 0.572901 0.412003 0.239572 0.318344 0.390002 0.176575 0.163423 0.154041 0.199751 0.162828 0.152715 0.175658 0.168547 0.172094 0.164606 0.162296 0.181631 0.171744 0.143823 0.168816 0.154265 0.134916 0.130404 0.150809 0.097546 0.188501 0.165521 0.160311 0.137111 0.185071 0.186695 0.212200 0.177156 0.197645 0.172017 0.207719 0.220631 0.204568 0.208955 0.178664 0.216166 0.176046 0.211466 0.184394 0.193575 0.202834 0.190651 0.201504 0.209817 0.191139 0.205806 0.120218 0.154207 0.168889 0.146771 0.358583 0.137703 0.161031 0.123062 0.265597 0.127800 0.145238 0.130116 0.254015 0.133326 0.111093 0.109974 0.095900 0.083544 0.141672 0.114610 0.089565 0.126120 0.115418 0.129820 0.326486 0.274457 0.306677 0.326277 0.320796 0.326830 0.309091 0.355372 0.215343 0.244362 0.202938 0.188029 0.204343 0.207920 0.229578 0.243410 0.174207 0.196146 0.139841 0.193177 0.134426 0.225882 0.204820 0.138297 0.199478 0.159869 0.171922 0.145556 0.177030 0.150298 0.108214 0.160413 0.158283 0.148899 0.126292 0.199320 0.205652 0.213426 0.175661 0.194715 0.121597 0.130370 0.090398 0.121053 0.078056 0.205683 0.133731 0.151056 0.101076 0.095398 0.104059 0.167624 0.213042 0.197684 0.226594 0.126314 0.114282 0.146047 0.119107 0.117679 0.143642 0.105607 0.120740 0.135778 0.232694 0.188279 0.192431 0.156054 0.174078 0.217988 0.228525 0.132365 0.133496 0.123495 0.141193 
0.178560 0.155009 0.139887 0.159425 0.287066 0.281664 0.173594 0.093798 0.088846 0.082690 0.112684 0.151265 0.111066 0.088954 0.143943 0.000000 0.045412 0.132185 0.159090 0.169268 0.082322 0.276151 0.106846 0.199648 0.265248 0.203493 0.251231 0.235709 0.282700 0.292093 0.244666 0.264178 0.226120 0.253879 0.234862 0.222800 0.204823 0.204888 0.237463 0.234683 0.256089 0.265087 0.224354 0.313315 0.287530 0.238731 0.082840 0.105598 0.135297 0.072640 0.102282 0.098425 0.170002 0.151062 0.180817 0.198220 0.234782 0.334981 0.219849 0.358229 0.450369 0.402540 0.111682 0.316403 0.401685 0.196886 0.352676 0.346993 0.325005 0.335023 0.361167 0.139461 0.159218 0.141134 0.151908 0.098305 0.150882 0.328338 0.329154 0.232725 0.238052 0.206159 0.240759 0.208996 0.166762 0.625897 0.152021 0.537428 0.266623 0.236434 0.351380 0.215113 0.672303 0.427225 0.242012 0.328678 0.416804 0.072127 0.085235 0.120018 0.106386 0.107156 0.115865 0.080362 0.096478 0.090403 0.092515 0.116094 0.114818 0.136549 0.177197 0.137643 0.127235 0.070206 0.090852 0.099415 0.101559 0.137852 0.118056 0.074512 0.067278 0.093790 0.085358 0.146724 0.087876 0.109304 0.076495 0.126064 0.135341 0.096785 0.129273 0.100702 0.136586 0.091846 0.118722 0.097356 0.117318 0.132732 0.102105 0.123915 0.125951 0.109087 0.127555 0.099324 0.107251 0.180530 0.098545 0.392623 0.060122 0.083498 0.061792 0.269423 0.079009 0.158146 0.107349 0.281199 0.076446 0.072021 0.101243 0.132709 0.104193 0.146325 0.094175 0.088765 0.082156 0.061617 0.093270 0.320083 0.258151 0.301063 0.317600 0.303246 0.309532 0.298565 0.319316 0.239548 0.259012 0.225170 0.209355 0.216451 0.237286 0.236768 0.202245 0.158805 0.177534 0.120319 0.181366 0.126368 0.235169 0.239610 0.148291 0.144496 0.201637 0.215707 0.184051 0.186981 0.138846 0.104553 0.170793 0.155877 0.181251 0.144766 0.196054 0.196666 0.201156 0.166775 0.212345 0.207630 0.169821 0.099978 0.095516 0.121432 0.166764 0.145120 0.172061 0.139372 0.127819 0.123041 0.206876 0.265749 0.197058 0.306773 0.203558 0.194697 0.219388 0.116600 0.134140 0.145635 0.115961 0.122883 0.124654 0.268212 0.143357 0.234885 0.135786 0.127773 0.297690 0.245340 0.118363 0.143928 0.063222 0.065476 
0.165358 0.149588 0.122549 0.140372 0.285362 0.292596 0.172826 0.107820 0.089323 0.098802 0.108390 0.129868 0.098956 0.098134 0.131021 0.045412 0.000000 0.123551 0.168671 0.143091 0.082370 0.274253 0.099982 0.207526 0.261518 0.207224 0.249233 0.240021 0.278728 0.294688 0.243797 0.260574 0.224209 0.271513 0.234533 0.228409 0.198534 0.209441 0.238589 0.228979 0.257519 0.261859 0.224734 0.314777 0.288826 0.241278 0.083536 0.085740 0.132962 0.085425 0.090220 0.106584 0.172216 0.144350 0.187547 0.205035 0.221557 0.322368 0.201284 0.346507 0.439555 0.389629 0.108497 0.307044 0.390735 0.200264 0.343610 0.345666 0.314915 0.350812 0.345480 0.135577 0.165556 0.133619 0.130686 0.109899 0.121083 0.322345 0.322371 0.226034 0.229463 0.195837 0.231512 0.205516 0.156426 0.607138 0.154614 0.547724 0.274529 0.252613 0.372005 0.217917 0.664584 0.442533 0.254846 0.347917 0.430733 0.096812 0.096931 0.093127 0.107122 0.090912 0.096104 0.081165 0.094098 0.089909 0.088226 0.093357 0.111075 0.128003 0.178843 0.135255 0.121090 0.068229 0.082328 0.105915 0.095257 0.141858 0.120397 0.068799 0.060054 0.090016 0.100501 0.146947 0.090067 0.112807 0.086064 0.125606 0.139951 0.103118 0.132438 0.105715 0.132019 0.092107 0.115020 0.099027 0.119513 0.133556 0.114415 0.126435 0.127319 0.110194 0.128468 0.093088 0.122945 0.172264 0.072161 0.406842 0.065480 0.101769 0.060501 0.254019 0.090623 0.147315 0.092895 0.280224 0.063566 0.063136 0.093862 0.109837 0.082081 0.142953 0.076075 0.069019 0.057406 0.050431 0.078076 0.316524 0.255922 0.295985 0.309438 0.304250 0.308472 0.294298 0.313554 0.219404 0.255180 0.206965 0.199781 0.200668 0.228598 0.229207 0.193541 0.141602 0.168095 0.121280 0.186285 0.101411 0.221089 0.229450 0.143427 0.159221 0.206529 0.214432 0.175214 0.188601 0.135877 0.114791 0.160681 0.147319 0.168697 0.143738 0.182803 0.184717 0.198851 0.160586 0.209637 0.199388 0.145204 0.090816 0.100418 0.112136 0.169595 0.137129 0.161046 0.115921 0.118462 0.099394 0.183581 0.238744 0.210005 0.297614 0.190728 0.179005 0.201056 0.105673 0.109751 0.134993 0.114126 0.124424 0.114808 0.270502 0.132383 0.219798 0.127682 0.114975 0.286127 0.259267 0.112527 0.143261 0.060361 0.042134 
0.158376 0.110558 0.124159 0.155161 0.304466 0.271789 0.113462 0.128473 0.138369 0.162508 0.094084 0.103016 0.097929 0.101693 0.111780 0.132185 0.123551 0.000000 0.118434 0.098594 0.145570 0.223993 0.176453 0.220291 0.210180 0.295623 0.327266 0.321368 0.353195 0.370874 0.331720 0.347006 0.304564 0.334444 0.328729 0.299767 0.287477 0.283545 0.304337 0.318227 0.346178 0.317991 0.289821 0.378096 0.352094 0.311752 0.180401 0.160896 0.209110 0.155857 0.163571 0.195482 0.184339 0.130720 0.228376 0.208201 0.221393 0.305897 0.203170 0.336860 0.410444 0.367900 0.207375 0.310312 0.353153 0.229089 0.342045 0.335207 0.294168 0.304723 0.330012 0.119525 0.118751 0.125005 0.131960 0.130288 0.127908 0.272558 0.299375 0.203820 0.257203 0.221787 0.207314 0.191074 0.203831 0.526190 0.095481 0.482492 0.212543 0.190833 0.318232 0.165638 0.579809 0.384811 0.209776 0.339779 0.375396 0.163575 0.145558 0.151894 0.197920 0.166442 0.156320 0.178169 0.168354 0.173663 0.168201 0.161592 0.191734 0.155714 0.160292 0.133059 0.152515 0.111462 0.124158 0.134722 0.095589 0.162257 0.131561 0.163348 0.133231 0.179111 0.182515 0.217707 0.180848 0.188262 0.167971 0.211894 0.222011 0.198621 0.202600 0.176128 0.219262 0.176265 0.205609 0.181078 0.191521 0.206658 0.181475 0.203739 0.205947 0.182778 0.206348 0.071187 0.105174 0.146849 0.141851 0.339080 0.119543 0.142470 0.121411 0.236716 0.123031 0.122917 0.110510 0.217853 0.126846 0.098057 0.062648 0.077720 0.101051 0.120272 0.115369 0.093881 0.115746 0.105798 0.135643 0.286481 0.233798 0.270959 0.288123 0.278182 0.274469 0.268633 0.316658 0.176860 0.214064 0.154447 0.159123 0.152965 0.196513 0.186491 0.224716 0.124995 0.173340 0.112577 0.142767 0.141994 0.244564 0.188601 0.118883 0.166620 0.170354 0.178733 0.149312 0.174895 0.141316 0.125175 0.148017 0.165878 0.164842 0.112181 0.145482 0.160854 0.163108 0.136148 0.166576 0.117569 0.082533 0.093240 0.085600 0.067624 0.188731 0.095710 0.132049 0.088457 0.092332 0.089598 0.112906 0.170247 0.203189 0.211412 0.133632 0.105633 0.148824 0.091293 0.093547 0.133568 0.129361 0.112876 0.090393 0.219984 0.208344 0.157301 0.180536 0.178179 0.240292 0.219049 0.146096 0.180599 0.116961 0.125635 
