242 242
0.000000 0.110268 0.153115 0.151064 0.243979 0.238883 0.191957 0.211861 0.180135 0.180542 0.188475 0.167706 0.196182 0.181415 0.186344 0.172877 0.215072 0.299785 0.200966 0.301218 0.369895 0.406279 0.393248 0.397103 0.385991 0.359894 0.341569 0.349471 0.360780 0.412198 0.365553 0.339972 0.421587 0.400111 0.364339 0.268118 0.214078 0.227807 0.246707 0.223974 0.202062 0.224426 0.226516 0.243286 0.366927 0.272387 0.279054 0.258804 0.248179 0.221014 0.307887 0.343825 0.288073 0.401323 0.353980 0.409562 0.234180 0.304613 0.361213 0.258743 0.276307 0.306623 0.344729 0.233521 0.208303 0.199344 0.188385 0.153820 0.178652 0.172043 0.168513 0.351883 0.329228 0.321853 0.359958 0.368171 0.282083 0.225168 0.231825 0.163856 0.557787 0.229498 0.545163 0.266415 0.359201 0.314374 0.293626 0.368269 0.425712 0.247946 0.445208 0.296185 0.574161 0.355384 0.418899 0.237565 0.195596 0.188906 0.222670 0.224372 0.205538 0.245676 0.219321 0.232544 0.224429 0.229795 0.209133 0.229449 0.167996 0.189797 0.158729 0.160572 0.178704 0.114495 0.206036 0.171167 0.231505 0.205043 0.236577 0.278341 0.231189 0.243837 0.231534 0.280734 0.255744 0.240359 0.264783 0.226408 0.257171 0.273740 0.252623 0.262105 0.279739 0.258306 0.250772 0.250689 0.269475 0.275058 0.226795 0.215680 0.178447 0.198113 0.205525 0.235750 0.194621 0.215099 0.230653 0.202216 0.179383 0.297579 0.201373 0.174355 0.175293 0.203603 0.142119 0.207933 0.206933 0.145997 0.188151 0.165097 0.168719 0.217684 0.290731 0.199977 0.370001 0.328302 0.367973 0.373026 0.368308 0.366505 0.342293 0.393320 0.348425 0.201483 0.249758 0.261363 0.294423 0.251666 0.250501 0.234175 0.275761 0.284375 0.250852 0.189302 0.194728 0.139225 0.186209 0.195864 0.208765 0.160678 0.169070 0.143122 0.157649 0.157495 0.137112 0.136335 0.127899 0.144725 0.227337 0.210842 0.265729 0.235618 0.214438 0.234786 0.259468 0.192652 0.144809 0.189208 0.199845 0.163590 0.167670 0.185219 0.158789 0.169102 0.162176 0.185807 0.176220 0.173239 0.168246 0.296754 0.282266 0.161597 0.190672 0.205912 0.154993 0.161462 0.194409 0.253063 0.262916 0.246321 0.216835 0.207741 0.220925 0.219767 0.198225 0.144403 0.138624 0.195309 0.195757 0.255607 0.295366 0.266002 
0.110268 0.000000 0.117380 0.134641 0.258800 0.252700 0.173486 0.166036 0.123513 0.143904 0.148221 0.142246 0.143169 0.142867 0.149967 0.127186 0.170511 0.302534 0.195938 0.294984 0.369509 0.378201 0.375680 0.394325 0.367419 0.332472 0.323916 0.357824 0.357461 0.382823 0.339170 0.311378 0.401530 0.375062 0.343286 0.226314 0.186914 0.222479 0.228529 0.176930 0.168180 0.148918 0.226787 0.237775 0.350876 0.270622 0.284583 0.233156 0.233164 0.210725 0.282227 0.344749 0.267868 0.400333 0.354555 0.431145 0.220952 0.324364 0.373311 0.236384 0.270151 0.307056 0.366080 0.239431 0.198056 0.181522 0.160353 0.107931 0.116244 0.119780 0.117405 0.340649 0.320448 0.294418 0.334398 0.352593 0.263381 0.195691 0.216409 0.147462 0.568329 0.205394 0.556596 0.266058 0.345506 0.297466 0.299591 0.344474 0.419025 0.248279 0.459223 0.284300 0.559874 0.330653 0.449298 0.209612 0.211367 0.156741 0.188636 0.215509 0.162018 0.212638 0.202273 0.213712 0.195129 0.205080 0.183971 0.226995 0.160837 0.170605 0.121907 0.138025 0.140313 0.087968 0.177753 0.148325 0.174677 0.143252 0.187876 0.223359 0.179778 0.189030 0.172373 0.226444 0.193418 0.175245 0.216561 0.173679 0.187650 0.201877 0.190905 0.201815 0.235047 0.197756 0.207106 0.176619 0.211008 0.266201 0.206977 0.209778 0.128206 0.201886 0.156604 0.173369 0.140019 0.185486 0.198374 0.171001 0.132263 0.311797 0.143361 0.134862 0.132067 0.144378 0.085062 0.160345 0.163770 0.115283 0.136638 0.142198 0.139290 0.135909 0.260212 0.166512 0.362483 0.307102 0.345679 0.363020 0.359244 0.346984 0.340181 0.381955 0.359095 0.186689 0.215572 0.247776 0.280982 0.215938 0.232678 0.210935 0.251253 0.265039 0.240701 0.146244 0.159439 0.149473 0.159174 0.194793 0.219332 0.147827 0.166976 0.137272 0.124242 0.146495 0.115373 0.121746 0.138091 0.158596 0.211897 0.192757 0.229228 0.216551 0.186732 0.209190 0.225555 0.153102 0.110240 0.161854 0.175133 0.120207 0.119030 0.142909 0.134620 0.149732 0.119313 0.162844 0.125078 0.110738 0.116735 0.276158 0.280093 0.124756 0.140670 0.212873 0.143435 0.157408 0.165103 0.242289 0.264474 0.226088 0.186000 0.200727 0.167126 0.188441 0.181654 0.130867 0.115949 0.141453 0.183969 0.233411 0.280783 0.247698 
0.153115 0.117380 0.000000 0.095753 0.293423 0.257100 0.184988 0.197665 0.147211 0.141569 0.172794 0.144549 0.147751 0.141784 0.158248 0.113258 0.199056 0.272236 0.177160 0.286747 0.361523 0.390343 0.361079 0.388015 0.350041 0.334728 0.334265 0.364476 0.346835 0.379701 0.348649 0.304088 0.399027 0.365680 0.324702 0.215487 0.175001 0.202307 0.214840 0.159699 0.148491 0.163184 0.214562 0.230062 0.327391 0.269240 0.292425 0.218206 0.225006 0.224264 0.263069 0.343185 0.258724 0.361843 0.333076 0.437478 0.204960 0.343916 0.376672 0.249775 0.230076 0.342508 0.374504 0.195261 0.174907 0.170868 0.150916 0.103693 0.129675 0.094933 0.079976 0.332514 0.326762 0.265722 0.310057 0.346415 0.224287 0.189977 0.179804 0.150544 0.567491 0.206306 0.580085 0.288114 0.325848 0.295781 0.300228 0.354603 0.397419 0.252258 0.476146 0.300367 0.545634 0.334548 0.456490 0.204164 0.185831 0.166822 0.162464 0.193052 0.183818 0.200766 0.179610 0.181797 0.173970 0.176125 0.175783 0.196107 0.139411 0.140443 0.111372 0.109557 0.135909 0.105744 0.169555 0.148801 0.187806 0.153215 0.212330 0.238415 0.192575 0.173905 0.185102 0.221979 0.201442 0.201875 0.225575 0.177319 0.228660 0.235788 0.216959 0.215864 0.238039 0.220728 0.207506 0.204414 0.220836 0.274849 0.181945 0.200733 0.142999 0.173117 0.145762 0.177506 0.124487 0.181139 0.197717 0.161755 0.124391 0.305152 0.180947 0.140182 0.130257 0.147195 0.110465 0.179172 0.163209 0.115996 0.139181 0.128383 0.114288 0.171337 0.227067 0.149707 0.322540 0.271700 0.304903 0.315941 0.319481 0.317115 0.294028 0.337470 0.323284 0.175967 0.222470 0.216210 0.253683 0.208147 0.193096 0.181814 0.239576 0.220625 0.206912 0.144224 0.145936 0.173934 0.164443 0.207430 0.173424 0.178416 0.148219 0.170925 0.161600 0.131118 0.175579 0.113221 0.158962 0.168586 0.179260 0.171102 0.204206 0.182811 0.165687 0.173754 0.214491 0.170340 0.119714 0.176940 0.184759 0.127297 0.127694 0.146688 0.116916 0.193285 0.104966 0.155860 0.132393 0.106285 0.116906 0.269651 0.300750 0.112951 0.126543 0.182648 0.134799 0.151641 0.152440 0.228757 0.274999 0.223736 0.192728 0.191611 0.172678 0.193350 0.175190 0.125833 0.136145 0.181170 0.193777 0.226377 0.265251 0.241938 
0.151064 0.134641 0.095753 0.000000 0.282836 0.216252 0.215373 0.206442 0.162422 0.166761 0.188338 0.159977 0.168614 0.181650 0.173679 0.135262 0.211727 0.286518 0.180631 0.283882 0.363204 0.389964 0.362458 0.389315 0.354642 0.336126 0.328640 0.364999 0.350413 0.380855 0.347826 0.306335 0.401313 0.368640 0.326643 0.224779 0.176620 0.215081 0.230882 0.186275 0.167775 0.184438 0.234627 0.228603 0.342994 0.270489 0.282006 0.222928 0.254183 0.219686 0.276296 0.317017 0.264460 0.357349 0.308630 0.436232 0.204011 0.328474 0.338643 0.243810 0.255808 0.360197 0.395205 0.209816 0.152095 0.207511 0.173918 0.122961 0.154057 0.132368 0.117568 0.355202 0.351221 0.294927 0.334471 0.346397 0.251620 0.231041 0.208964 0.141717 0.536590 0.240561 0.595734 0.286263 0.348602 0.336180 0.318702 0.351450 0.440856 0.278942 0.504876 0.324565 0.504102 0.362697 0.464170 0.220240 0.191258 0.174318 0.179072 0.190121 0.185119 0.209699 0.181793 0.188083 0.183775 0.189187 0.174601 0.201684 0.177770 0.171187 0.137421 0.134736 0.160177 0.125888 0.195853 0.175270 0.205514 0.172586 0.221320 0.252400 0.210240 0.205232 0.203993 0.242719 0.220961 0.222424 0.237147 0.196295 0.241654 0.254723 0.228851 0.239817 0.251398 0.229903 0.218166 0.227489 0.236291 0.296590 0.207690 0.185855 0.154819 0.206822 0.169459 0.199193 0.152951 0.207835 0.202574 0.184701 0.166398 0.322372 0.203449 0.151091 0.155343 0.173959 0.133109 0.207898 0.186593 0.126566 0.155214 0.138250 0.131722 0.195987 0.225627 0.188387 0.352575 0.288871 0.330496 0.346210 0.342130 0.341006 0.320153 0.367741 0.357733 0.206034 0.234776 0.242572 0.278296 0.235720 0.227785 0.215216 0.257014 0.252357 0.243003 0.170745 0.185530 0.207333 0.161637 0.233619 0.226585 0.194717 0.186709 0.183134 0.167496 0.169392 0.183311 0.139129 0.168107 0.182194 0.206479 0.208738 0.244676 0.216211 0.200309 0.213835 0.243885 0.171820 0.138664 0.193866 0.213988 0.161733 0.155086 0.162366 0.141790 0.203877 0.156928 0.194960 0.151077 0.135879 0.151011 0.276166 0.314291 0.155170 0.154259 0.209982 0.144642 0.160558 0.174305 0.245132 0.277268 0.239186 0.202459 0.215898 0.184793 0.220669 0.212300 0.155126 0.165772 0.187748 0.202389 0.237207 0.274507 0.250843 
0.243979 0.258800 0.293423 0.282836 0.000000 0.235400 0.287698 0.335429 0.344174 0.343113 0.337865 0.340882 0.292597 0.313316 0.307800 0.332593 0.323701 0.414511 0.295150 0.423641 0.449497 0.443665 0.439383 0.462757 0.423795 0.411918 0.417345 0.452543 0.435825 0.447740 0.434738 0.415488 0.487093 0.468849 0.424243 0.363251 0.357624 0.341688 0.341596 0.342950 0.320622 0.328080 0.346978 0.369923 0.398201 0.374884 0.379170 0.342720 0.342643 0.298939 0.347972 0.287590 0.339075 0.333555 0.295049 0.287951 0.330755 0.279665 0.294983 0.325755 0.344048 0.277612 0.277750 0.233752 0.276617 0.269188 0.285834 0.285635 0.296321 0.318676 0.320474 0.359395 0.290957 0.345439 0.353956 0.397323 0.306532 0.247635 0.289651 0.243844 0.402264 0.332969 0.513699 0.258098 0.402196 0.352529 0.248260 0.398800 0.419144 0.302582 0.401586 0.304545 0.572538 0.407272 0.344159 0.322600 0.357991 0.349850 0.358668 0.342194 0.356093 0.353608 0.325507 0.346927 0.351402 0.363382 0.349628 0.367923 0.232424 0.291504 0.273431 0.285323 0.281853 0.282827 0.285957 0.264987 0.320457 0.341598 0.338496 0.376239 0.332239 0.327042 0.317432 0.356179 0.341629 0.345320 0.340666 0.319721 0.357967 0.364465 0.350196 0.354353 0.361909 0.352621 0.351795 0.349041 0.358090 0.318762 0.321598 0.304469 0.315949 0.285537 0.347106 0.393151 0.330245 0.376776 0.327387 0.319900 0.293509 0.308347 0.374035 0.345929 0.306532 0.317850 0.304124 0.316696 0.371065 0.309036 0.341781 0.319675 0.332443 0.350418 0.366832 0.338366 0.379149 0.365433 0.397136 0.382211 0.386603 0.374235 0.365134 0.382469 0.333613 0.283544 0.298970 0.356475 0.364733 0.344560 0.355511 0.322639 0.368150 0.352731 0.276693 0.301375 0.288563 0.213842 0.302523 0.271418 0.289929 0.231229 0.283845 0.226328 0.280246 0.255631 0.229722 0.246684 0.223479 0.229558 0.331493 0.288154 0.339982 0.282220 0.302163 0.298908 0.342853 0.357925 0.327366 0.356058 0.344674 0.316199 0.311251 0.307697 0.333861 0.255860 0.284221 0.306638 0.318877 0.321982 0.304364 0.353043 0.359398 0.302056 0.332757 0.328618 0.296464 0.311070 0.310480 0.356056 0.274757 0.337311 0.299002 0.277057 0.316455 0.360429 0.348170 0.289145 0.282665 0.303972 0.309928 0.336901 0.367609 0.350438 
0.238883 0.252700 0.257100 0.216252 0.235400 0.000000 0.287843 0.310641 0.335068 0.329564 0.291432 0.317989 0.333537 0.326406 0.324153 0.277954 0.325478 0.381255 0.323636 0.364008 0.436509 0.456439 0.442654 0.439008 0.445174 0.399681 0.416384 0.445360 0.431976 0.455034 0.458072 0.429182 0.487223 0.469959 0.444914 0.375988 0.367688 0.373090 0.371800 0.367853 0.353067 0.359863 0.358912 0.338173 0.426631 0.369034 0.359870 0.375987 0.305389 0.278877 0.371499 0.296046 0.368006 0.304103 0.283421 0.408132 0.362691 0.327422 0.301231 0.328347 0.351669 0.366242 0.335396 0.223649 0.198334 0.278786 0.321193 0.269721 0.285152 0.285659 0.292519 0.416987 0.379790 0.373508 0.410204 0.413975 0.343689 0.306965 0.319356 0.251926 0.430601 0.309052 0.555944 0.254596 0.374821 0.346086 0.315821 0.388272 0.428380 0.274922 0.460953 0.325819 0.430951 0.390736 0.393618 0.310339 0.311344 0.336126 0.359412 0.343440 0.367018 0.334880 0.348489 0.371739 0.364934 0.373998 0.362921 0.377419 0.275879 0.314533 0.262342 0.275233 0.293036 0.258079 0.296182 0.251529 0.360181 0.330485 0.365073 0.420166 0.379193 0.369009 0.355947 0.399878 0.378382 0.392098 0.387635 0.364819 0.405515 0.413120 0.400115 0.397693 0.408973 0.395941 0.398746 0.396192 0.408037 0.299913 0.304654 0.200179 0.321341 0.277239 0.343874 0.388378 0.318848 0.359069 0.306699 0.287894 0.288774 0.293019 0.374103 0.316421 0.283236 0.312942 0.304690 0.324008 0.350496 0.307879 0.329715 0.300170 0.322324 0.351097 0.277811 0.280899 0.421395 0.386977 0.417389 0.418879 0.415398 0.415607 0.397955 0.434119 0.405406 0.267990 0.327377 0.357194 0.374890 0.339342 0.340987 0.320188 0.371820 0.360170 0.324242 0.301574 0.307233 0.290836 0.301642 0.262066 0.285130 0.274230 0.292130 0.261910 0.286133 0.280791 0.271439 0.260205 0.249458 0.270876 0.298120 0.318996 0.380225 0.335097 0.330345 0.324388 0.374130 0.319219 0.304605 0.337777 0.325759 0.301238 0.293700 0.279890 0.286514 0.256606 0.304488 0.334013 0.311852 0.315443 0.305942 0.321348 0.324564 0.285272 0.320098 0.319779 0.280453 0.270697 0.304090 0.313937 0.259368 0.326980 0.332495 0.314089 0.354969 0.333990 0.312001 0.259053 0.241686 0.334209 0.324291 0.326824 0.347378 0.327020 
0.191957 0.173486 0.184988 0.215373 0.287698 0.287843 0.000000 0.185167 0.153756 0.149285 0.182264 0.173780 0.200773 0.124994 0.203507 0.171889 0.206027 0.215198 0.206000 0.283594 0.368629 0.392062 0.377240 0.381730 0.364782 0.339256 0.339008 0.367260 0.357885 0.384717 0.366065 0.324656 0.410985 0.385032 0.350740 0.252953 0.237725 0.236491 0.230455 0.231467 0.214354 0.220371 0.149740 0.194272 0.252221 0.242439 0.234637 0.163179 0.124657 0.135501 0.235581 0.298598 0.208028 0.393232 0.341034 0.386765 0.248622 0.301005 0.338713 0.259697 0.174381 0.276399 0.293321 0.217332 0.254493 0.140828 0.161558 0.177710 0.189838 0.186684 0.189591 0.253588 0.263866 0.232839 0.260815 0.295267 0.199306 0.164637 0.156424 0.220522 0.487920 0.110287 0.436206 0.177589 0.228565 0.152502 0.240527 0.296700 0.282030 0.159136 0.331722 0.140898 0.601558 0.210249 0.321022 0.206156 0.234638 0.211232 0.231205 0.242957 0.236061 0.240187 0.231749 0.249896 0.233395 0.242369 0.237782 0.255242 0.175876 0.194812 0.184050 0.197119 0.182878 0.162708 0.209036 0.197428 0.217260 0.220934 0.236534 0.273802 0.234628 0.230802 0.210954 0.263341 0.244286 0.248484 0.247185 0.220109 0.264228 0.264849 0.254725 0.253234 0.267083 0.248169 0.261111 0.245016 0.261426 0.157588 0.174937 0.191814 0.180930 0.139749 0.212394 0.260509 0.204971 0.234336 0.187525 0.164655 0.153010 0.215783 0.238833 0.199775 0.127594 0.184427 0.166858 0.169580 0.210047 0.164855 0.214880 0.183584 0.213485 0.226152 0.205605 0.191521 0.299270 0.243457 0.286571 0.295962 0.280827 0.280424 0.276999 0.315457 0.339320 0.129597 0.162267 0.173544 0.198818 0.163096 0.152842 0.148154 0.182268 0.177301 0.238033 0.134311 0.155069 0.186792 0.183270 0.198199 0.188964 0.142097 0.151764 0.129415 0.147004 0.162839 0.159080 0.154429 0.157300 0.152852 0.153455 0.145545 0.188780 0.151166 0.137706 0.148900 0.158270 0.181044 0.196926 0.132862 0.114428 0.150509 0.165509 0.172274 0.164030 0.208854 0.136306 0.173634 0.150387 0.182409 0.168261 0.206406 0.191455 0.171327 0.190220 0.132588 0.191408 0.194489 0.108055 0.184857 0.156063 0.152582 0.237045 0.166573 0.227730 0.157884 0.129700 0.131830 0.123303 0.180893 0.206215 0.230619 0.212199 0.225214 
0.211861 0.166036 0.197665 0.206442 0.335429 0.310641 0.185167 0.000000 0.160801 0.147717 0.103173 0.172235 0.129718 0.190302 0.134493 0.161001 0.109747 0.268663 0.154152 0.175260 0.301652 0.334503 0.310194 0.304732 0.317148 0.278904 0.263461 0.307724 0.311797 0.329178 0.339907 0.306671 0.397547 0.373667 0.331673 0.221804 0.190622 0.184273 0.181236 0.171149 0.170700 0.145638 0.236813 0.207159 0.325584 0.223116 0.214533 0.211606 0.237522 0.173285 0.273548 0.388323 0.259622 0.464252 0.431178 0.511986 0.191899 0.382983 0.459008 0.219388 0.265911 0.359790 0.377092 0.313344 0.274421 0.186752 0.162780 0.183567 0.116374 0.186300 0.182822 0.369377 0.381030 0.328254 0.355637 0.333529 0.297936 0.268766 0.260741 0.245883 0.652212 0.122087 0.506455 0.261630 0.215281 0.208983 0.382822 0.199997 0.328049 0.215642 0.431475 0.237086 0.637388 0.212531 0.407280 0.110285 0.156944 0.173916 0.201691 0.145310 0.175238 0.120287 0.170531 0.207291 0.195065 0.213450 0.186939 0.231286 0.193955 0.181819 0.122970 0.141776 0.130711 0.129968 0.136652 0.137964 0.143499 0.124150 0.141148 0.228392 0.182773 0.181040 0.147624 0.215400 0.164588 0.175238 0.193104 0.156787 0.185691 0.179442 0.195090 0.204587 0.223335 0.193929 0.196410 0.168934 0.206869 0.231088 0.117328 0.266720 0.115761 0.216948 0.176197 0.188152 0.175892 0.208886 0.086783 0.187330 0.163820 0.286789 0.178147 0.125360 0.135701 0.118628 0.134266 0.175090 0.141314 0.133398 0.147780 0.132015 0.174678 0.151220 0.272412 0.176483 0.383721 0.318226 0.368373 0.383455 0.360706 0.365810 0.365376 0.409268 0.385115 0.187406 0.246860 0.278640 0.300614 0.257384 0.251439 0.264318 0.265897 0.286507 0.265698 0.159857 0.190061 0.218327 0.111520 0.171817 0.189063 0.219915 0.205469 0.203473 0.179176 0.198995 0.175924 0.152297 0.182325 0.201709 0.201839 0.223769 0.241670 0.240546 0.196397 0.221351 0.242703 0.144298 0.152099 0.189308 0.209918 0.192640 0.124607 0.112435 0.124051 0.185912 0.187284 0.223854 0.178331 0.172979 0.206163 0.181045 0.296391 0.184129 0.181707 0.178135 0.129865 0.126730 0.140947 0.141109 0.286399 0.199593 0.190859 0.265876 0.166489 0.179077 0.221028 0.161127 0.168285 0.124960 0.162773 0.114290 0.170753 0.126546 
0.180135 0.123513 0.147211 0.162422 0.344174 0.335068 0.153756 0.160801 0.000000 0.096161 0.145892 0.084614 0.147399 0.127060 0.141674 0.077814 0.168362 0.217233 0.185298 0.281819 0.372620 0.381020 0.380578 0.397170 0.372532 0.342107 0.335358 0.359385 0.362063 0.391232 0.343930 0.314840 0.403977 0.377184 0.341717 0.234174 0.187342 0.229382 0.240152 0.193439 0.179104 0.153235 0.176085 0.191629 0.284670 0.235427 0.232805 0.170227 0.199323 0.185719 0.248018 0.355932 0.221803 0.463241 0.391345 0.460377 0.224396 0.346752 0.397429 0.241286 0.210501 0.314858 0.388842 0.280763 0.256178 0.188493 0.142831 0.138018 0.123858 0.134215 0.123667 0.318563 0.355565 0.282664 0.310031 0.311248 0.249931 0.238765 0.206694 0.220349 0.558663 0.142573 0.521522 0.267419 0.269473 0.247257 0.304299 0.311936 0.364865 0.235738 0.445006 0.259647 0.601635 0.260354 0.419232 0.206141 0.224231 0.171626 0.199522 0.222700 0.158458 0.222447 0.208914 0.218170 0.204024 0.213538 0.189428 0.229097 0.201561 0.177532 0.157460 0.164765 0.166470 0.122950 0.205279 0.187869 0.186438 0.164571 0.184644 0.227711 0.190585 0.198672 0.186909 0.239697 0.212096 0.189227 0.223403 0.188284 0.198438 0.212331 0.201407 0.220390 0.245343 0.203387 0.207373 0.193296 0.220159 0.258507 0.174778 0.255588 0.134482 0.206513 0.179183 0.187440 0.160081 0.211701 0.194357 0.160716 0.155235 0.291511 0.159221 0.149907 0.124650 0.158895 0.087737 0.163653 0.148882 0.121022 0.159402 0.155355 0.169852 0.130128 0.250098 0.167410 0.348586 0.279263 0.317550 0.340684 0.332402 0.334228 0.322508 0.379009 0.395438 0.169216 0.186623 0.215729 0.245944 0.196764 0.199823 0.210492 0.209149 0.230005 0.273856 0.156726 0.195180 0.209430 0.148994 0.227577 0.232232 0.166229 0.161243 0.153333 0.124201 0.178623 0.153057 0.151790 0.187124 0.167945 0.198789 0.203525 0.212955 0.220833 0.170875 0.204672 0.185408 0.135328 0.128048 0.104166 0.139561 0.130173 0.115809 0.152547 0.121977 0.212334 0.133176 0.151906 0.111925 0.119660 0.135385 0.234518 0.263536 0.147835 0.134143 0.159191 0.153430 0.168134 0.124488 0.196085 0.248376 0.164148 0.194910 0.210151 0.172879 0.151262 0.146108 0.145591 0.152862 0.122279 0.161187 0.231041 0.240035 0.236815 
0.180542 0.143904 0.141569 0.166761 0.343113 0.329564 0.149285 0.147717 0.096161 0.000000 0.094399 0.088731 0.147361 0.136868 0.161245 0.112310 0.157657 0.199156 0.170739 0.241606 0.338025 0.370847 0.342026 0.355931 0.332931 0.308837 0.303075 0.336466 0.324009 0.352602 0.324465 0.268122 0.366924 0.328337 0.293868 0.186055 0.149915 0.170068 0.180065 0.149520 0.125044 0.144564 0.197252 0.151852 0.264293 0.184442 0.196041 0.164400 0.202300 0.206355 0.262433 0.372336 0.243156 0.462814 0.405224 0.479417 0.179775 0.371253 0.422160 0.239549 0.208145 0.325570 0.398874 0.280943 0.258029 0.191151 0.140590 0.162670 0.155961 0.147717 0.128371 0.329600 0.353186 0.297134 0.322073 0.293795 0.252192 0.225773 0.209434 0.222304 0.591352 0.136543 0.542642 0.266091 0.239569 0.234131 0.328015 0.263899 0.374463 0.206919 0.448391 0.241578 0.603279 0.265310 0.426782 0.153169 0.176577 0.156100 0.153242 0.186049 0.169664 0.185379 0.170903 0.168115 0.157381 0.157560 0.158783 0.181016 0.185190 0.157662 0.148479 0.143505 0.158541 0.124067 0.189641 0.187751 0.146625 0.136638 0.165747 0.183488 0.145941 0.142117 0.145895 0.180463 0.172187 0.165328 0.185468 0.143666 0.181581 0.192126 0.164373 0.168888 0.194497 0.173205 0.168084 0.159638 0.163484 0.250875 0.152975 0.256313 0.108046 0.196311 0.129078 0.166760 0.169709 0.141870 0.139920 0.173623 0.142525 0.288451 0.138989 0.122616 0.110109 0.118514 0.107702 0.159368 0.135272 0.103977 0.150435 0.119558 0.126097 0.146077 0.253220 0.165475 0.351404 0.275821 0.324253 0.341885 0.330919 0.341334 0.332850 0.373499 0.382080 0.189797 0.214544 0.209389 0.242561 0.210714 0.185245 0.201161 0.203425 0.226624 0.265258 0.148030 0.184565 0.216969 0.157351 0.214051 0.218755 0.196338 0.159538 0.160822 0.151156 0.161625 0.188248 0.129785 0.167106 0.160028 0.191772 0.208633 0.222958 0.209564 0.176800 0.199092 0.192445 0.117097 0.099945 0.108336 0.144981 0.157530 0.090166 0.118830 0.099381 0.236985 0.143631 0.181159 0.089298 0.112591 0.132267 0.226629 0.289990 0.142597 0.151966 0.152500 0.145007 0.161456 0.132058 0.189718 0.266792 0.170466 0.208217 0.200373 0.169528 0.126101 0.159006 0.110226 0.144041 0.130245 0.169474 0.191010 0.201058 0.185932 
0.188475 0.148221 0.172794 0.188338 0.337865 0.291432 0.182264 0.103173 0.145892 0.094399 0.000000 0.110441 0.151674 0.177824 0.142585 0.121156 0.130784 0.239590 0.174950 0.189922 0.326911 0.373039 0.337834 0.332550 0.342073 0.299925 0.290043 0.321531 0.325362 0.353526 0.347393 0.305044 0.395712 0.367956 0.331213 0.203854 0.178469 0.196049 0.195753 0.167198 0.147112 0.155661 0.246779 0.180485 0.316448 0.206067 0.201728 0.220663 0.215319 0.207253 0.302958 0.409038 0.284584 0.485964 0.442260 0.523442 0.201175 0.403242 0.473526 0.235118 0.252982 0.381183 0.392031 0.310362 0.259994 0.202727 0.171721 0.175890 0.131924 0.179537 0.160192 0.382227 0.400761 0.346440 0.372834 0.322640 0.299254 0.259411 0.251997 0.247559 0.631871 0.128644 0.532455 0.265700 0.236479 0.224068 0.370884 0.241404 0.367075 0.209344 0.444360 0.265137 0.611733 0.253354 0.424393 0.117633 0.131202 0.176760 0.177758 0.170890 0.185462 0.161035 0.180602 0.190628 0.186518 0.190072 0.188951 0.204592 0.187114 0.180774 0.129249 0.135730 0.152345 0.117893 0.170176 0.156542 0.146586 0.119870 0.157160 0.199926 0.166299 0.162339 0.145664 0.202476 0.182450 0.176029 0.195713 0.158536 0.192087 0.199086 0.183838 0.182588 0.217122 0.197191 0.197408 0.171457 0.192055 0.249185 0.151622 0.263008 0.111393 0.221403 0.138691 0.181737 0.187003 0.153357 0.110028 0.180235 0.163602 0.284213 0.150379 0.113438 0.120433 0.110183 0.126128 0.176928 0.140848 0.111567 0.148352 0.109104 0.140831 0.132249 0.275434 0.161951 0.386653 0.321413 0.364887 0.385951 0.367414 0.382207 0.377161 0.408785 0.402872 0.192898 0.265116 0.263821 0.284721 0.259730 0.241832 0.247867 0.262585 0.274924 0.285238 0.157361 0.201903 0.216855 0.152537 0.188720 0.210610 0.232166 0.203274 0.211986 0.188347 0.189661 0.209988 0.149637 0.179041 0.203385 0.186607 0.240126 0.263327 0.251586 0.212020 0.222438 0.219804 0.122557 0.088961 0.146745 0.181945 0.199032 0.107407 0.097091 0.110780 0.209164 0.173175 0.212538 0.119153 0.150381 0.148867 0.212112 0.296080 0.138885 0.183764 0.166697 0.135453 0.136225 0.153955 0.173995 0.298173 0.190251 0.198650 0.232253 0.183469 0.133994 0.196896 0.119581 0.156450 0.139893 0.158787 0.143860 0.182582 0.141818 
0.167706 0.142246 0.144549 0.159977 0.340882 0.317989 0.173780 0.172235 0.084614 0.088731 0.110441 0.000000 0.160316 0.147775 0.131637 0.084463 0.173755 0.207058 0.181443 0.253273 0.373456 0.393790 0.375109 0.396108 0.365724 0.339533 0.338451 0.354994 0.359220 0.392049 0.350318 0.319609 0.414652 0.380872 0.342233 0.232128 0.191667 0.230811 0.241793 0.192721 0.168056 0.179952 0.208345 0.167889 0.309026 0.200037 0.207061 0.205257 0.216420 0.207297 0.279604 0.377608 0.254749 0.468733 0.404161 0.483698 0.222170 0.378169 0.433800 0.223964 0.233042 0.339232 0.400750 0.288182 0.258676 0.200137 0.149017 0.150155 0.146277 0.143372 0.128186 0.350801 0.378634 0.316692 0.341123 0.303216 0.260692 0.245835 0.218546 0.225117 0.592594 0.155016 0.520826 0.266121 0.256974 0.257464 0.338860 0.291216 0.381064 0.202061 0.448444 0.265504 0.601829 0.270218 0.419175 0.195086 0.196199 0.185237 0.191104 0.215052 0.177694 0.224131 0.201856 0.208769 0.201871 0.203401 0.195433 0.219779 0.195568 0.179136 0.155965 0.151654 0.172554 0.117095 0.203557 0.182298 0.183724 0.158952 0.197588 0.225331 0.192004 0.195124 0.186239 0.239011 0.226018 0.195153 0.226670 0.187534 0.220184 0.236941 0.211806 0.226624 0.243017 0.217964 0.216317 0.208744 0.224659 0.262244 0.183880 0.250608 0.140267 0.202866 0.169331 0.200449 0.175379 0.197277 0.184841 0.165859 0.156403 0.293811 0.172672 0.143562 0.134944 0.163506 0.102202 0.177987 0.154619 0.111579 0.166464 0.142047 0.151117 0.157147 0.265680 0.152650 0.359071 0.306068 0.344994 0.358462 0.353382 0.363034 0.344960 0.389468 0.386549 0.198397 0.231342 0.241030 0.273582 0.233919 0.222015 0.230990 0.238295 0.258873 0.267031 0.171224 0.202056 0.207429 0.160489 0.218311 0.223524 0.202780 0.163316 0.177969 0.160716 0.182114 0.187010 0.151263 0.182079 0.167215 0.204885 0.221511 0.239570 0.233418 0.199277 0.216584 0.211951 0.122624 0.092779 0.118250 0.143104 0.166744 0.118807 0.144181 0.105928 0.222795 0.147353 0.161311 0.126598 0.136392 0.131987 0.232807 0.263144 0.145750 0.158093 0.173093 0.128394 0.145330 0.157356 0.188332 0.262288 0.164813 0.195761 0.206667 0.189723 0.133549 0.152411 0.110631 0.151740 0.152472 0.147135 0.217337 0.222564 0.189643 
0.196182 0.143169 0.147751 0.168614 0.292597 0.333537 0.200773 0.129718 0.147399 0.147361 0.151674 0.160316 0.000000 0.164458 0.078424 0.147830 0.105846 0.293060 0.074232 0.265867 0.309128 0.300152 0.305536 0.334843 0.282076 0.283428 0.272102 0.302643 0.298991 0.320478 0.289063 0.264615 0.365081 0.342638 0.277284 0.188087 0.139410 0.132523 0.134885 0.121181 0.114066 0.095401 0.212331 0.217487 0.287486 0.212770 0.223968 0.163161 0.261976 0.210608 0.210404 0.320232 0.197380 0.397688 0.352788 0.437356 0.118199 0.316763 0.387703 0.181227 0.227427 0.322314 0.382460 0.265085 0.234543 0.158131 0.118737 0.154552 0.096952 0.149814 0.140360 0.316577 0.320682 0.267003 0.288709 0.305928 0.229861 0.214364 0.209098 0.185188 0.628570 0.189543 0.547610 0.295124 0.283318 0.286438 0.367072 0.249012 0.362312 0.271053 0.429714 0.263742 0.603791 0.280060 0.439711 0.121489 0.178522 0.145814 0.171573 0.150114 0.146110 0.158386 0.132541 0.152815 0.159026 0.165006 0.142823 0.174139 0.140747 0.125418 0.111588 0.126585 0.117476 0.110962 0.145333 0.128864 0.090455 0.117019 0.111690 0.154275 0.103029 0.108299 0.082964 0.149804 0.101883 0.102328 0.121402 0.088699 0.108712 0.118651 0.120934 0.139861 0.159927 0.130271 0.108207 0.100076 0.130897 0.275504 0.137342 0.276272 0.096032 0.222747 0.152854 0.168930 0.130589 0.198129 0.139334 0.194443 0.132855 0.335503 0.160497 0.130908 0.126382 0.103437 0.103746 0.167256 0.141009 0.117910 0.129190 0.124013 0.150115 0.133027 0.291957 0.185725 0.319263 0.259251 0.308773 0.309435 0.305628 0.297265 0.292050 0.343907 0.322037 0.189868 0.214439 0.254440 0.276042 0.230499 0.241919 0.242171 0.251817 0.252675 0.183507 0.151803 0.175734 0.170925 0.123454 0.146407 0.163732 0.193910 0.192625 0.192314 0.177363 0.170711 0.170358 0.134619 0.167143 0.179949 0.215238 0.181174 0.191589 0.186959 0.160576 0.196678 0.203827 0.170535 0.140592 0.192934 0.227882 0.181132 0.126955 0.136094 0.152518 0.180131 0.146287 0.153996 0.167281 0.137739 0.165027 0.242778 0.335895 0.149424 0.141971 0.180396 0.137400 0.162347 0.143905 0.235701 0.295545 0.213051 0.106054 0.245626 0.099398 0.204107 0.238819 0.187450 0.185818 0.097441 0.128719 0.148191 0.196768 0.194966 
0.181415 0.142867 0.141784 0.181650 0.313316 0.326406 0.124994 0.190302 0.127060 0.136868 0.177824 0.147775 0.164458 0.000000 0.170736 0.126272 0.177747 0.253636 0.191937 0.289545 0.376882 0.398319 0.378570 0.402027 0.369447 0.350724 0.344457 0.360792 0.364899 0.393490 0.347073 0.315707 0.409709 0.377840 0.338750 0.239895 0.193353 0.222691 0.235939 0.193455 0.182179 0.174901 0.175577 0.243880 0.313215 0.275949 0.280319 0.189581 0.181194 0.196992 0.268917 0.320802 0.249142 0.404664 0.361962 0.421192 0.227574 0.365245 0.373464 0.283158 0.238250 0.329947 0.370044 0.207788 0.257248 0.139138 0.160768 0.121741 0.173055 0.128321 0.140723 0.262763 0.268772 0.243997 0.251803 0.372440 0.184311 0.169440 0.157235 0.221345 0.502469 0.153883 0.488181 0.211628 0.304385 0.200453 0.233899 0.350833 0.341492 0.202781 0.401607 0.230941 0.602799 0.264977 0.377980 0.209892 0.229951 0.181837 0.198900 0.224511 0.186771 0.223895 0.214005 0.218978 0.203299 0.213905 0.199563 0.232623 0.168075 0.190564 0.167579 0.179849 0.172199 0.146626 0.201363 0.165931 0.193750 0.175771 0.204818 0.227162 0.196865 0.200786 0.192115 0.234478 0.214988 0.202318 0.224484 0.189007 0.216934 0.226579 0.204881 0.221227 0.241234 0.213950 0.215218 0.194188 0.216365 0.224914 0.185932 0.229679 0.156628 0.192540 0.174015 0.201909 0.183796 0.222132 0.208163 0.181374 0.152808 0.277594 0.180919 0.169436 0.144025 0.173226 0.127551 0.175388 0.182226 0.153737 0.181536 0.167575 0.177018 0.165695 0.245473 0.184001 0.296574 0.260797 0.316856 0.292369 0.305538 0.270949 0.272773 0.301571 0.316724 0.176525 0.191294 0.204046 0.243173 0.187211 0.206966 0.158973 0.238846 0.206476 0.239866 0.104355 0.104305 0.162138 0.165610 0.224515 0.194986 0.157210 0.124124 0.163499 0.159885 0.157477 0.166911 0.151573 0.183347 0.181264 0.157580 0.119378 0.153954 0.128416 0.164327 0.149528 0.175860 0.183439 0.158572 0.138390 0.153194 0.138120 0.151309 0.159479 0.146463 0.205556 0.082091 0.100763 0.162907 0.137130 0.125003 0.284663 0.243016 0.156775 0.163877 0.193690 0.186080 0.185991 0.141537 0.235946 0.219746 0.218149 0.214506 0.127059 0.185282 0.195218 0.145284 0.145747 0.110908 0.178500 0.224396 0.234494 0.278370 0.257016 
0.186344 0.149967 0.158248 0.173679 0.307800 0.324153 0.203507 0.134493 0.141674 0.161245 0.142585 0.131637 0.078424 0.170736 0.000000 0.138350 0.113493 0.311004 0.098765 0.262137 0.300577 0.303626 0.299507 0.322126 0.285598 0.267647 0.265000 0.279713 0.294115 0.318220 0.282099 0.263180 0.364334 0.341891 0.284604 0.196035 0.144983 0.159906 0.158772 0.143092 0.126841 0.125442 0.194913 0.217374 0.294510 0.223616 0.218845 0.176159 0.269736 0.197575 0.223685 0.332072 0.207758 0.404956 0.365893 0.444803 0.129148 0.324134 0.401396 0.195623 0.244539 0.336381 0.365390 0.289640 0.255646 0.166668 0.141413 0.139501 0.099518 0.161024 0.133672 0.318061 0.339474 0.281849 0.305297 0.328052 0.239654 0.221705 0.208511 0.176502 0.644550 0.191985 0.552938 0.291998 0.279748 0.285440 0.384453 0.258962 0.378190 0.244957 0.462607 0.264741 0.620993 0.276104 0.431344 0.129190 0.177677 0.150810 0.169155 0.142237 0.130991 0.155814 0.138595 0.164311 0.156310 0.166391 0.139011 0.168513 0.158333 0.159784 0.110727 0.123764 0.128751 0.117540 0.149397 0.139988 0.108110 0.116236 0.097478 0.179327 0.121086 0.138330 0.114024 0.179023 0.137432 0.116598 0.146218 0.119524 0.134149 0.155829 0.143735 0.164345 0.194443 0.144180 0.147038 0.135190 0.163948 0.263802 0.155023 0.271061 0.102759 0.221349 0.168486 0.191647 0.163193 0.207071 0.140439 0.180544 0.142611 0.340680 0.168213 0.143666 0.145329 0.106092 0.110827 0.193640 0.162612 0.129502 0.146996 0.129963 0.167382 0.139184 0.308695 0.203118 0.346564 0.292244 0.335462 0.340611 0.342004 0.328730 0.316838 0.375129 0.344791 0.205950 0.238369 0.266659 0.293557 0.251702 0.258659 0.253381 0.280038 0.278225 0.208192 0.165252 0.192397 0.177039 0.127466 0.153459 0.160488 0.211922 0.201880 0.204346 0.181759 0.174672 0.190362 0.145656 0.177726 0.194634 0.211816 0.218411 0.229475 0.225332 0.199489 0.227441 0.230910 0.192553 0.145038 0.206199 0.236119 0.202228 0.148430 0.153167 0.164856 0.144936 0.154482 0.143664 0.191538 0.170355 0.175910 0.242954 0.334879 0.155378 0.177549 0.189588 0.148644 0.154394 0.150518 0.228999 0.299168 0.220097 0.114426 0.254301 0.116167 0.224664 0.251379 0.196153 0.191131 0.109871 0.120778 0.157426 0.184879 0.186040 
0.172877 0.127186 0.113258 0.135262 0.332593 0.277954 0.171889 0.161001 0.077814 0.112310 0.121156 0.084463 0.147830 0.126272 0.138350 0.000000 0.149366 0.223704 0.176354 0.251508 0.369899 0.386539 0.381267 0.386583 0.374115 0.335263 0.330501 0.353555 0.360409 0.389318 0.354351 0.313930 0.405889 0.376501 0.342675 0.231629 0.191497 0.217562 0.226558 0.189384 0.173310 0.164164 0.205864 0.207803 0.324583 0.237891 0.245334 0.207325 0.195029 0.185969 0.285173 0.366102 0.256451 0.451171 0.391529 0.484060 0.226449 0.372630 0.414545 0.249927 0.251408 0.352330 0.404498 0.256508 0.223143 0.170705 0.159132 0.121995 0.100782 0.116972 0.103345 0.351742 0.366884 0.311030 0.335956 0.339764 0.263595 0.246436 0.227034 0.221229 0.545950 0.156340 0.538533 0.238941 0.284104 0.259935 0.287347 0.310189 0.377176 0.235077 0.457051 0.279150 0.560422 0.285388 0.423491 0.179048 0.190227 0.178955 0.198794 0.215735 0.174706 0.216572 0.205524 0.216736 0.201768 0.211921 0.196945 0.226976 0.210269 0.186983 0.146655 0.159613 0.161026 0.117717 0.198791 0.178008 0.180510 0.157812 0.183930 0.225949 0.187780 0.194653 0.179833 0.240322 0.217147 0.177093 0.222575 0.183840 0.204990 0.223839 0.200691 0.216284 0.241892 0.210167 0.215425 0.186996 0.220482 0.268458 0.167349 0.225687 0.131078 0.205699 0.161453 0.195067 0.152834 0.190007 0.173184 0.140389 0.135250 0.284469 0.156446 0.134102 0.118535 0.144197 0.101035 0.165619 0.146818 0.120753 0.159779 0.138483 0.153116 0.139760 0.238161 0.133639 0.355540 0.297194 0.345740 0.356601 0.348050 0.347810 0.335279 0.386130 0.393829 0.182910 0.214377 0.249759 0.280803 0.228381 0.233320 0.225193 0.251691 0.261142 0.280816 0.153665 0.181565 0.198671 0.148112 0.207526 0.228507 0.186042 0.180235 0.181377 0.167950 0.183587 0.173450 0.162732 0.203120 0.196412 0.193437 0.198587 0.205694 0.216133 0.189850 0.205533 0.209543 0.141389 0.109344 0.124247 0.151955 0.157558 0.126867 0.122847 0.103861 0.204838 0.131162 0.155415 0.124350 0.123030 0.121657 0.243366 0.282156 0.122010 0.135964 0.195699 0.142774 0.146739 0.160733 0.213889 0.266669 0.193350 0.201428 0.209079 0.187615 0.153177 0.158794 0.134082 0.136725 0.161122 0.182812 0.206788 0.248953 0.226716 
0.215072 0.170511 0.199056 0.211727 0.323701 0.325478 0.206027 0.109747 0.168362 0.157657 0.130784 0.173755 0.105846 0.177747 0.113493 0.149366 0.000000 0.291424 0.090603 0.230884 0.282831 0.270034 0.270418 0.329278 0.256911 0.243636 0.220659 0.261189 0.268561 0.280861 0.328944 0.297636 0.393926 0.370070 0.317704 0.214481 0.188737 0.132322 0.123874 0.169745 0.163736 0.144750 0.243444 0.220697 0.323013 0.221381 0.231687 0.205494 0.256396 0.196521 0.250604 0.372461 0.244541 0.409479 0.411185 0.474778 0.156151 0.351317 0.443054 0.210569 0.268930 0.353264 0.393607 0.305414 0.268642 0.180189 0.143846 0.181784 0.112605 0.185074 0.178970 0.365096 0.354124 0.314535 0.347602 0.327346 0.288581 0.255002 0.264235 0.234635 0.650821 0.154419 0.506800 0.277081 0.241182 0.259207 0.385375 0.194617 0.321797 0.247639 0.435345 0.224325 0.628139 0.255354 0.440286 0.081340 0.171536 0.177547 0.196868 0.144882 0.175344 0.148854 0.135604 0.191190 0.185315 0.203565 0.182152 0.220229 0.183649 0.165491 0.126847 0.135553 0.104902 0.141159 0.112614 0.121250 0.105621 0.130789 0.079674 0.188596 0.145922 0.146149 0.094667 0.178681 0.113512 0.135486 0.144094 0.112423 0.142369 0.129180 0.157933 0.170924 0.191763 0.166927 0.163633 0.113382 0.153222 0.267770 0.133760 0.291556 0.124631 0.239983 0.176223 0.207352 0.195913 0.206523 0.105608 0.200138 0.165394 0.324578 0.176648 0.141500 0.154058 0.112803 0.135251 0.178407 0.158050 0.147017 0.162954 0.138853 0.184058 0.149366 0.299265 0.188351 0.370703 0.307771 0.357013 0.365349 0.333871 0.348093 0.339226 0.401339 0.334142 0.195469 0.235373 0.287026 0.314168 0.261838 0.267611 0.264742 0.279290 0.297702 0.212084 0.161030 0.190906 0.197204 0.106933 0.159496 0.188627 0.217879 0.214842 0.211168 0.200992 0.193447 0.198756 0.159410 0.189490 0.206984 0.218755 0.210189 0.205015 0.221840 0.178220 0.196661 0.227805 0.180980 0.153512 0.191228 0.217544 0.227951 0.143368 0.137033 0.160318 0.193112 0.182939 0.198964 0.187842 0.190941 0.200206 0.229822 0.330804 0.178285 0.203527 0.189959 0.134326 0.131714 0.155947 0.214244 0.301121 0.211187 0.117252 0.271416 0.145835 0.203419 0.238427 0.188453 0.182735 0.116657 0.140715 0.097229 0.179510 0.163485 
0.299785 0.302534 0.272236 0.286518 0.414511 0.381255 0.215198 0.268663 0.217233 0.199156 0.239590 0.207058 0.293060 0.253636 0.311004 0.223704 0.291424 0.000000 0.294303 0.270579 0.415718 0.454743 0.421912 0.430651 0.414946 0.383597 0.393677 0.421563 0.404416 0.434545 0.416426 0.369310 0.448507 0.415780 0.383325 0.322779 0.297181 0.305650 0.312759 0.303543 0.290976 0.290665 0.258941 0.202084 0.303295 0.221662 0.205222 0.227232 0.215602 0.233399 0.320963 0.420102 0.286019 0.526278 0.455396 0.525508 0.319097 0.411648 0.458669 0.285296 0.235461 0.377789 0.423266 0.339395 0.349043 0.263542 0.261313 0.302586 0.294478 0.280773 0.280066 0.371871 0.403656 0.338373 0.363247 0.233270 0.306020 0.306609 0.276715 0.333932 0.599033 0.200593 0.446565 0.311603 0.198607 0.254415 0.358150 0.303924 0.359865 0.242197 0.412990 0.269828 0.657295 0.216952 0.392432 0.286567 0.281723 0.288797 0.295330 0.305388 0.311094 0.305528 0.295465 0.310304 0.299641 0.309795 0.304089 0.320977 0.298454 0.279057 0.271367 0.281289 0.282224 0.262161 0.311316 0.300733 0.319445 0.293320 0.335629 0.358358 0.324081 0.318734 0.315195 0.348492 0.335307 0.335529 0.341162 0.313714 0.357002 0.365174 0.339936 0.352204 0.353512 0.337141 0.335777 0.334991 0.344152 0.242485 0.234279 0.303476 0.265033 0.266067 0.282544 0.320345 0.289535 0.301460 0.260351 0.271301 0.267288 0.266380 0.316925 0.257230 0.220637 0.276630 0.264098 0.270829 0.262465 0.243861 0.286781 0.254784 0.270281 0.293560 0.299281 0.265285 0.391926 0.307875 0.357018 0.377853 0.356730 0.376523 0.367306 0.412504 0.425699 0.232731 0.256838 0.243145 0.267071 0.256400 0.215950 0.262447 0.189077 0.243095 0.328979 0.261125 0.290769 0.330718 0.270334 0.302240 0.307685 0.266850 0.263172 0.262372 0.272276 0.281606 0.293018 0.255260 0.276521 0.253586 0.263486 0.281176 0.301311 0.283667 0.250991 0.268179 0.240894 0.172096 0.245631 0.187140 0.187111 0.244020 0.232186 0.250975 0.208095 0.345669 0.274019 0.296984 0.223685 0.249210 0.265036 0.232252 0.219241 0.278388 0.256144 0.231653 0.247874 0.256137 0.215553 0.211308 0.237991 0.161798 0.339527 0.280838 0.310028 0.164036 0.194525 0.196784 0.239679 0.284922 0.285866 0.278244 0.236361 0.221805 
