236 236
0.000000 0.139493 0.142658 0.138501 0.224676 0.219483 0.180027 0.199901 0.172130 0.178550 0.159031 0.197922 0.199780 0.187353 0.169374 0.224463 0.183864 0.171628 0.173453 0.164088 0.201407 0.311456 0.280175 0.285746 0.338811 0.372226 0.375371 0.380328 0.361380 0.332599 0.355308 0.320244 0.314957 0.320982 0.331410 0.379583 0.335147 0.313989 0.312127 0.386327 0.335654 0.386719 0.221803 0.213291 0.211481 0.212206 0.225577 0.337483 0.240353 0.313654 0.263908 0.367457 0.304361 0.323405 0.372364 0.332711 0.216489 0.278428 0.329399 0.329385 0.237676 0.313198 0.282590 0.316818 0.304698 0.144884 0.167502 0.163775 0.159452 0.320131 0.322662 0.301848 0.210792 0.328775 0.336705 0.158530 0.149524 0.209523 0.213367 0.153335 0.152695 0.509744 0.215758 0.247753 0.331430 0.291793 0.272613 0.338869 0.232466 0.558775 0.409097 0.626461 0.525029 0.326599 0.223883 0.185050 0.183029 0.209564 0.208389 0.193160 0.229960 0.204677 0.218247 0.207709 0.211427 0.217047 0.195963 0.223778 0.188674 0.215720 0.156639 0.217201 0.161222 0.176826 0.148210 0.165659 0.107437 0.189546 0.231887 0.220086 0.260387 0.215283 0.229440 0.242567 0.243496 0.239222 0.244224 0.225957 0.245897 0.252168 0.210936 0.240862 0.227500 0.225487 0.235919 0.240593 0.220688 0.251120 0.235575 0.252525 0.159950 0.255255 0.165073 0.212710 0.199672 0.168529 0.185488 0.184136 0.342807 0.207494 0.190119 0.215856 0.168392 0.248116 0.189311 0.170486 0.278800 0.203905 0.190939 0.165446 0.165318 0.135937 0.191538 0.136038 0.177474 0.199585 0.199250 0.137487 0.179340 0.155221 0.159941 0.211571 0.271644 0.337855 0.300027 0.336533 0.340553 0.335447 0.311705 0.317261 0.239335 0.269652 0.232950 0.223056 0.253116 0.230333 0.172392 0.169332 0.192078 0.180790 0.134036 0.152007 0.161993 0.147329 0.184435 0.149404 0.198355 0.131094 0.154456 0.209646 0.195331 0.199086 0.219177 0.240327 0.180399 0.180418 0.135907 0.177972 0.151038 0.173141 0.175555 0.166722 0.163228 0.225897 0.203290 0.275248 0.261558 0.204355 0.246308 0.190083 0.249436 0.192505 0.143702 0.149689 0.180689 0.234946 0.244589 0.231623 0.199757 0.191624 0.174050 0.205376 0.237520 0.240122 0.238633 0.248150 
0.139493 0.000000 0.105326 0.141370 0.253739 0.255539 0.155400 0.196726 0.172420 0.161935 0.149092 0.169424 0.193601 0.168008 0.133478 0.194006 0.167889 0.112000 0.176885 0.157718 0.197663 0.299673 0.275278 0.265443 0.355370 0.369538 0.361827 0.392611 0.342731 0.323485 0.337548 0.312300 0.315095 0.338750 0.333002 0.362769 0.328329 0.298588 0.295725 0.383723 0.315830 0.384628 0.179768 0.224238 0.191015 0.190074 0.219181 0.298519 0.208984 0.315515 0.246374 0.342127 0.331610 0.321916 0.380314 0.381585 0.206548 0.328707 0.350809 0.257160 0.240218 0.358175 0.311706 0.319261 0.342696 0.152126 0.170765 0.152963 0.157617 0.249463 0.301424 0.266329 0.175405 0.246791 0.322069 0.223386 0.208318 0.141964 0.128307 0.167804 0.183745 0.503924 0.190966 0.252509 0.309089 0.223157 0.267428 0.337062 0.213296 0.555065 0.401057 0.614989 0.551878 0.293017 0.202840 0.172315 0.188700 0.182241 0.194537 0.190231 0.201141 0.187207 0.188379 0.181630 0.193225 0.198103 0.191266 0.186776 0.188079 0.201551 0.113646 0.196907 0.116916 0.142476 0.124539 0.135423 0.111299 0.164056 0.216137 0.208713 0.238484 0.200475 0.197251 0.220409 0.202703 0.218508 0.236933 0.222916 0.224957 0.235046 0.187689 0.233155 0.216294 0.202192 0.222332 0.220464 0.201235 0.228264 0.226976 0.227520 0.169241 0.244798 0.130874 0.190415 0.215045 0.156530 0.176514 0.188653 0.376474 0.204268 0.174006 0.198398 0.153483 0.293450 0.190168 0.160692 0.297546 0.182112 0.201968 0.155711 0.143325 0.104848 0.168179 0.142951 0.175779 0.197011 0.194739 0.130162 0.161366 0.144323 0.143266 0.196202 0.253200 0.255250 0.242132 0.279069 0.257218 0.273746 0.241782 0.243380 0.182764 0.209839 0.184601 0.175749 0.230070 0.183762 0.147053 0.103019 0.174845 0.197408 0.141151 0.164330 0.099779 0.121300 0.138797 0.114880 0.184928 0.166427 0.103163 0.137959 0.132550 0.165498 0.142560 0.184310 0.183895 0.178922 0.138225 0.167758 0.094226 0.136207 0.128171 0.125729 0.133313 0.218744 0.181565 0.280396 0.252143 0.163039 0.192412 0.160345 0.194229 0.166818 0.138326 0.141465 0.150515 0.220537 0.238648 0.221456 0.192105 0.114873 0.166607 0.186448 0.244829 0.273852 0.226401 0.234524 
0.142658 0.105326 0.000000 0.087721 0.266719 0.233587 0.171925 0.185690 0.142182 0.162186 0.136755 0.136015 0.175778 0.125412 0.134462 0.203162 0.139252 0.135310 0.149095 0.110399 0.186478 0.299586 0.264598 0.264997 0.345416 0.358360 0.350756 0.380052 0.331338 0.311537 0.321543 0.308573 0.309709 0.338587 0.319847 0.349278 0.321234 0.281297 0.279410 0.367113 0.298878 0.367337 0.162655 0.191050 0.150811 0.154984 0.212295 0.300203 0.202845 0.313057 0.237801 0.328037 0.318832 0.301175 0.395561 0.360022 0.190424 0.311893 0.341313 0.270929 0.228314 0.344115 0.312168 0.338761 0.339435 0.099490 0.122877 0.091971 0.077430 0.303026 0.303661 0.296443 0.202343 0.282777 0.314498 0.206191 0.180733 0.174380 0.164333 0.103044 0.136677 0.517708 0.193222 0.266384 0.298409 0.271909 0.276505 0.324980 0.231942 0.573064 0.432784 0.664292 0.495575 0.307743 0.190993 0.161740 0.174987 0.152323 0.180194 0.175306 0.187301 0.167829 0.170610 0.160919 0.164497 0.166887 0.167139 0.159809 0.174938 0.186098 0.127436 0.181508 0.129837 0.128418 0.102438 0.125721 0.098907 0.155752 0.168916 0.199003 0.223557 0.180364 0.161948 0.195241 0.198991 0.187375 0.223605 0.191757 0.209200 0.213426 0.164773 0.215845 0.195159 0.187744 0.203960 0.206358 0.197642 0.196545 0.192926 0.206951 0.165024 0.252088 0.117802 0.169268 0.183797 0.136366 0.159620 0.118083 0.373197 0.175329 0.149405 0.183663 0.137431 0.241277 0.150890 0.117297 0.281956 0.151630 0.174989 0.132771 0.121634 0.090749 0.137652 0.105392 0.176778 0.171227 0.156572 0.108888 0.132938 0.120897 0.108151 0.168734 0.211524 0.294353 0.247650 0.276549 0.287696 0.290649 0.267490 0.293005 0.197206 0.231856 0.192356 0.158331 0.219650 0.188089 0.152665 0.175041 0.192138 0.191080 0.141139 0.165614 0.127425 0.122006 0.157646 0.121557 0.178747 0.164636 0.107474 0.163944 0.157050 0.152861 0.159989 0.198811 0.181695 0.158037 0.111467 0.167138 0.098122 0.147630 0.106909 0.124373 0.100357 0.190160 0.190084 0.247115 0.275300 0.160420 0.204119 0.152043 0.200249 0.169364 0.122223 0.139286 0.141496 0.210039 0.252664 0.207370 0.177668 0.175201 0.146158 0.160037 0.213379 0.243887 0.209749 0.222153 
0.138501 0.141370 0.087721 0.000000 0.256500 0.196889 0.198706 0.192636 0.154596 0.176949 0.150255 0.166758 0.179660 0.152087 0.163229 0.224450 0.156882 0.170253 0.161644 0.129155 0.197210 0.292196 0.261199 0.266721 0.340755 0.356091 0.350402 0.380270 0.331094 0.308465 0.324482 0.309035 0.302654 0.337416 0.321738 0.348706 0.318459 0.281653 0.279219 0.367504 0.298930 0.367693 0.182313 0.201801 0.174727 0.173432 0.210517 0.313532 0.205418 0.287895 0.240946 0.324522 0.312096 0.279446 0.394069 0.341288 0.187424 0.296380 0.306064 0.254698 0.221068 0.324857 0.326910 0.357656 0.344395 0.116234 0.144218 0.125299 0.111606 0.321360 0.316020 0.317331 0.222027 0.302761 0.313994 0.183557 0.181610 0.211162 0.189469 0.110512 0.129444 0.489348 0.223611 0.263839 0.318920 0.308811 0.292942 0.320493 0.256519 0.553070 0.458811 0.674451 0.459167 0.331706 0.205515 0.161851 0.178955 0.167054 0.175203 0.174252 0.194478 0.167838 0.174959 0.164262 0.172251 0.177933 0.163418 0.177907 0.172291 0.189773 0.162442 0.197495 0.166807 0.156939 0.125740 0.146632 0.115118 0.178313 0.195489 0.205713 0.235372 0.195424 0.191507 0.212723 0.217400 0.205083 0.231099 0.209183 0.218631 0.225706 0.181381 0.226257 0.209012 0.195106 0.213189 0.213156 0.202664 0.214411 0.213272 0.220248 0.173296 0.271192 0.158876 0.192220 0.169625 0.145436 0.189863 0.143807 0.361179 0.200803 0.158455 0.187243 0.138398 0.239569 0.172362 0.155181 0.297578 0.173447 0.194852 0.142024 0.143819 0.132771 0.161832 0.126313 0.193241 0.197248 0.177667 0.117930 0.146817 0.128332 0.123517 0.190640 0.210337 0.320744 0.261226 0.299908 0.314327 0.309481 0.289329 0.322581 0.219674 0.253060 0.216049 0.193958 0.233364 0.219503 0.148321 0.207340 0.223071 0.213850 0.149232 0.179525 0.169379 0.149787 0.198624 0.156860 0.182646 0.170837 0.140252 0.187843 0.190951 0.183766 0.197024 0.224684 0.185356 0.158963 0.129233 0.180982 0.145015 0.181405 0.138316 0.141691 0.127311 0.210790 0.214247 0.253372 0.286136 0.199597 0.238252 0.189186 0.240587 0.194913 0.131375 0.146931 0.159889 0.224402 0.253680 0.221923 0.185977 0.196301 0.156138 0.170209 0.224249 0.274443 0.219217 0.230997 
0.224676 0.253739 0.266719 0.256500 0.000000 0.210392 0.260257 0.306441 0.316198 0.307340 0.310925 0.283126 0.316367 0.289043 0.296767 0.286114 0.267596 0.287487 0.282191 0.304247 0.295404 0.404860 0.385796 0.380800 0.400575 0.401266 0.416228 0.448179 0.399361 0.379610 0.385366 0.386207 0.381021 0.413747 0.397005 0.406223 0.395357 0.377862 0.388319 0.441582 0.385690 0.441437 0.314061 0.315105 0.317075 0.301477 0.334795 0.358850 0.311905 0.259737 0.306337 0.301846 0.229795 0.266009 0.260605 0.259336 0.303419 0.254355 0.266737 0.290017 0.293761 0.271062 0.251375 0.251806 0.262610 0.262871 0.271904 0.292912 0.294956 0.322910 0.347206 0.261885 0.202340 0.317750 0.355574 0.173172 0.184882 0.224364 0.261342 0.271394 0.223633 0.365497 0.302854 0.234935 0.362262 0.318514 0.226526 0.358980 0.275081 0.468349 0.363237 0.615772 0.515454 0.367163 0.294402 0.311961 0.330583 0.329496 0.314659 0.329054 0.324783 0.299199 0.319164 0.305584 0.324785 0.336059 0.323158 0.321497 0.322087 0.340105 0.211844 0.303962 0.214995 0.264035 0.248576 0.255860 0.256627 0.257082 0.316249 0.310249 0.343841 0.303782 0.298790 0.320247 0.318149 0.313165 0.332156 0.318092 0.309451 0.328508 0.292204 0.329690 0.312901 0.314808 0.320214 0.321259 0.297790 0.333963 0.320629 0.327717 0.312778 0.290095 0.283022 0.293830 0.276315 0.290465 0.260383 0.303062 0.312918 0.350874 0.308872 0.297395 0.288113 0.302521 0.291757 0.268482 0.282933 0.330442 0.346825 0.319409 0.278299 0.263061 0.291073 0.279225 0.316597 0.292953 0.343747 0.283091 0.316639 0.293512 0.306226 0.327202 0.334537 0.340303 0.328117 0.357018 0.342666 0.346927 0.329171 0.301081 0.319779 0.326510 0.311203 0.308924 0.329895 0.249292 0.274899 0.252262 0.221990 0.244603 0.211838 0.211472 0.260807 0.223518 0.254615 0.232435 0.320470 0.211845 0.270842 0.298881 0.261376 0.273571 0.270350 0.309037 0.331991 0.324405 0.297711 0.323571 0.257508 0.280307 0.297159 0.288396 0.294563 0.337512 0.314982 0.318485 0.326103 0.317875 0.350384 0.329362 0.351666 0.298947 0.269447 0.281947 0.281309 0.322784 0.249345 0.306192 0.270157 0.249405 0.272235 0.287817 0.284772 0.270133 0.307626 0.317788 
0.219483 0.255539 0.233587 0.196889 0.210392 0.000000 0.261251 0.285854 0.309026 0.267476 0.291651 0.278857 0.290989 0.295999 0.275441 0.286204 0.305209 0.300439 0.297461 0.256456 0.298539 0.351840 0.333511 0.353568 0.394397 0.413133 0.407246 0.431941 0.402040 0.376821 0.404079 0.337624 0.379649 0.407562 0.392719 0.412665 0.416613 0.389842 0.391606 0.440808 0.403848 0.444883 0.302243 0.342768 0.339109 0.330219 0.305862 0.384304 0.341886 0.267501 0.332235 0.275439 0.292645 0.254850 0.366973 0.322244 0.331498 0.295453 0.271442 0.233916 0.295839 0.302589 0.329631 0.302093 0.347878 0.249714 0.261961 0.264270 0.269037 0.374703 0.374120 0.340661 0.271079 0.368213 0.370145 0.192760 0.218696 0.277245 0.287586 0.249116 0.229671 0.391609 0.283239 0.233020 0.338485 0.314437 0.287926 0.350490 0.251040 0.433235 0.416487 0.612708 0.390744 0.354051 0.284122 0.313969 0.288406 0.329982 0.315511 0.339283 0.307949 0.319186 0.341073 0.321806 0.336320 0.345180 0.334678 0.340392 0.332985 0.347754 0.249458 0.292434 0.235764 0.284202 0.238732 0.265631 0.235967 0.267285 0.350345 0.334570 0.384349 0.346147 0.336612 0.365569 0.361449 0.345885 0.377674 0.360714 0.352130 0.373525 0.332926 0.372782 0.356730 0.352628 0.366027 0.361002 0.323932 0.367147 0.363943 0.373555 0.296627 0.273424 0.264977 0.279397 0.183288 0.295764 0.253067 0.293426 0.292476 0.334848 0.282322 0.279532 0.276955 0.293852 0.264147 0.264363 0.269846 0.321907 0.347202 0.293257 0.257919 0.256220 0.286669 0.281106 0.289052 0.300995 0.326083 0.282854 0.305931 0.276216 0.297248 0.329214 0.256306 0.378216 0.346940 0.373977 0.375076 0.371593 0.357078 0.364318 0.321139 0.336491 0.306872 0.309846 0.333955 0.291403 0.274871 0.249417 0.271944 0.237020 0.241306 0.249473 0.257642 0.249845 0.259627 0.254600 0.297978 0.248485 0.257884 0.269076 0.288649 0.298803 0.293668 0.338448 0.306543 0.290683 0.278521 0.308667 0.276192 0.305133 0.289084 0.283587 0.288751 0.351240 0.304623 0.291138 0.295159 0.292558 0.329608 0.303935 0.338918 0.291211 0.254324 0.247005 0.276251 0.286036 0.235988 0.297815 0.300212 0.282913 0.309727 0.322519 0.235353 0.261872 0.299284 0.297779 
0.180027 0.155400 0.171925 0.198706 0.260257 0.261251 0.000000 0.169222 0.145959 0.166182 0.161054 0.167913 0.170200 0.173582 0.115048 0.105225 0.184521 0.116461 0.187369 0.159407 0.187184 0.245856 0.258623 0.194068 0.340496 0.355341 0.350032 0.379383 0.342765 0.317409 0.331434 0.297879 0.309078 0.335920 0.325776 0.348845 0.333042 0.295179 0.299061 0.372604 0.318730 0.373237 0.206011 0.217347 0.214046 0.202109 0.176644 0.229338 0.150329 0.272947 0.190837 0.358657 0.272101 0.311814 0.352900 0.320162 0.227911 0.277270 0.309490 0.277634 0.236797 0.299575 0.253187 0.269470 0.284751 0.164079 0.174583 0.172553 0.175197 0.231707 0.233097 0.240124 0.174134 0.238061 0.268427 0.235707 0.208255 0.151100 0.145510 0.195619 0.203763 0.441350 0.101745 0.161761 0.207505 0.139352 0.219101 0.267213 0.146384 0.480444 0.301334 0.528969 0.542678 0.191317 0.187172 0.201006 0.217361 0.212744 0.223858 0.219235 0.220713 0.213082 0.230678 0.206966 0.215913 0.224780 0.220804 0.221760 0.210194 0.237284 0.163044 0.149557 0.132757 0.179233 0.169075 0.167888 0.151785 0.189397 0.219825 0.216171 0.249565 0.213358 0.209880 0.227579 0.228874 0.222733 0.245106 0.228456 0.223137 0.236036 0.199340 0.242894 0.225880 0.222416 0.232105 0.224977 0.197970 0.236795 0.223964 0.238200 0.189613 0.145468 0.122274 0.161906 0.176885 0.166653 0.130181 0.190359 0.276962 0.220684 0.163814 0.170187 0.166899 0.225821 0.150716 0.140194 0.199286 0.204221 0.221971 0.185926 0.116433 0.125416 0.168310 0.156427 0.153580 0.160083 0.196978 0.152487 0.201384 0.169589 0.199328 0.214171 0.190766 0.273850 0.222193 0.262646 0.270849 0.255571 0.254619 0.309262 0.159549 0.182864 0.151789 0.128566 0.167086 0.217759 0.168606 0.146003 0.141546 0.180834 0.117596 0.133719 0.145976 0.133437 0.168364 0.151912 0.190645 0.149012 0.152986 0.142057 0.135460 0.128461 0.138473 0.146839 0.212462 0.166577 0.181378 0.125064 0.127177 0.163616 0.144275 0.139866 0.170959 0.199337 0.131734 0.188260 0.178201 0.121601 0.150372 0.125566 0.140182 0.124830 0.177043 0.179291 0.100827 0.170267 0.145734 0.141535 0.216367 0.152516 0.212435 0.206962 0.219358 0.186679 0.209479 0.203759 
0.199901 0.196726 0.185690 0.192636 0.306441 0.285854 0.169222 0.000000 0.150153 0.098052 0.162177 0.110383 0.117163 0.123397 0.126094 0.148425 0.119542 0.174310 0.126413 0.150942 0.102218 0.237646 0.163223 0.248224 0.283178 0.305517 0.284715 0.326236 0.285846 0.263271 0.291882 0.213594 0.244073 0.286031 0.288057 0.302265 0.310524 0.281072 0.283546 0.362410 0.303968 0.368315 0.114119 0.172724 0.160353 0.132570 0.192158 0.298136 0.193697 0.354798 0.238560 0.425454 0.340469 0.395405 0.467491 0.417753 0.178624 0.352989 0.418482 0.321925 0.202288 0.384169 0.328986 0.347418 0.387973 0.168363 0.107445 0.171074 0.170450 0.336242 0.305103 0.346746 0.261674 0.323287 0.306193 0.280239 0.240219 0.247454 0.241348 0.212969 0.229575 0.590790 0.114722 0.238914 0.199065 0.191851 0.347743 0.183654 0.200324 0.626255 0.393473 0.615924 0.578384 0.194035 0.104912 0.173780 0.151296 0.188523 0.138159 0.162461 0.114496 0.160523 0.195088 0.167002 0.183383 0.201616 0.175028 0.193223 0.164553 0.218990 0.182651 0.189397 0.159375 0.170500 0.116628 0.123536 0.122646 0.127837 0.154057 0.131221 0.210980 0.169234 0.167508 0.172467 0.185015 0.151081 0.175859 0.162488 0.176856 0.170426 0.144144 0.171269 0.147946 0.175429 0.179353 0.176705 0.136736 0.177158 0.155077 0.190820 0.138050 0.212243 0.132207 0.111147 0.246515 0.107790 0.202363 0.163279 0.325076 0.201287 0.096052 0.083312 0.120504 0.304895 0.173057 0.152345 0.264844 0.158524 0.165461 0.117789 0.125853 0.163779 0.110802 0.125418 0.114158 0.165516 0.134695 0.126149 0.139134 0.124780 0.165951 0.144199 0.252109 0.351839 0.291367 0.338822 0.351533 0.330340 0.335954 0.353279 0.256216 0.276577 0.236244 0.213539 0.243575 0.245928 0.103915 0.199743 0.249084 0.161200 0.156536 0.204326 0.176977 0.163022 0.207575 0.187470 0.088551 0.162332 0.178795 0.186927 0.206156 0.182457 0.206069 0.224722 0.142520 0.132245 0.143211 0.176728 0.173397 0.209164 0.177635 0.167625 0.160602 0.166645 0.187021 0.169212 0.271082 0.206209 0.248707 0.189091 0.228733 0.168400 0.123913 0.119969 0.130144 0.132589 0.263572 0.186663 0.178358 0.243818 0.187553 0.151838 0.280613 0.208270 0.107462 0.119001 
0.172130 0.172420 0.142182 0.154596 0.316198 0.309026 0.145959 0.150153 0.000000 0.138974 0.080847 0.170780 0.150143 0.152878 0.115082 0.164585 0.136635 0.117888 0.132089 0.072039 0.154868 0.242320 0.259441 0.207339 0.346320 0.349543 0.362354 0.389101 0.352877 0.316471 0.345630 0.308186 0.312125 0.334570 0.336996 0.362121 0.317387 0.293074 0.294780 0.372732 0.317291 0.378655 0.202227 0.217799 0.184968 0.143470 0.181848 0.265717 0.160458 0.327457 0.207255 0.426472 0.335125 0.361300 0.423155 0.363258 0.211392 0.321957 0.365246 0.347352 0.224104 0.352799 0.290526 0.360119 0.341672 0.129280 0.115880 0.126300 0.119146 0.294023 0.272783 0.327572 0.230216 0.285101 0.289587 0.257959 0.228254 0.224443 0.195851 0.184225 0.208789 0.504574 0.133670 0.245268 0.248677 0.228424 0.277240 0.286962 0.219965 0.555304 0.405604 0.634763 0.544719 0.237834 0.192913 0.169157 0.215138 0.191448 0.210927 0.150550 0.209961 0.198492 0.208947 0.181078 0.196182 0.206395 0.181443 0.202511 0.166968 0.221076 0.191579 0.166274 0.179111 0.169998 0.149507 0.157680 0.117506 0.191153 0.178361 0.172061 0.212669 0.179548 0.187913 0.196983 0.211684 0.198500 0.197626 0.177217 0.207854 0.202591 0.176617 0.185339 0.167208 0.186846 0.188287 0.189037 0.185606 0.196713 0.179732 0.206234 0.169026 0.241536 0.129464 0.164585 0.239145 0.128510 0.196345 0.152079 0.365181 0.208666 0.152450 0.183512 0.162983 0.274338 0.151548 0.148120 0.269706 0.164593 0.152901 0.144716 0.119626 0.125517 0.151269 0.083712 0.135175 0.154989 0.141653 0.117919 0.154111 0.149918 0.166087 0.122665 0.233890 0.321925 0.259896 0.296186 0.315004 0.307769 0.299373 0.364868 0.203305 0.231343 0.184259 0.173455 0.196547 0.255593 0.140020 0.206255 0.197352 0.211565 0.145353 0.155344 0.181640 0.158356 0.208468 0.171968 0.129822 0.142329 0.139862 0.185933 0.189431 0.161449 0.191904 0.173241 0.131142 0.128573 0.122932 0.099098 0.126059 0.142260 0.111086 0.112043 0.117386 0.146928 0.157218 0.219112 0.242280 0.153522 0.184180 0.132074 0.175916 0.154583 0.146776 0.159164 0.119266 0.184380 0.228256 0.154084 0.180094 0.196567 0.152904 0.160968 0.241295 0.217119 0.214689 0.221554 
0.178550 0.161935 0.162186 0.176949 0.307340 0.267476 0.166182 0.098052 0.138974 0.000000 0.104144 0.095829 0.111433 0.108271 0.108898 0.154670 0.142082 0.163735 0.133739 0.114518 0.121261 0.223231 0.177149 0.227334 0.308639 0.341821 0.316727 0.350007 0.310151 0.291601 0.313593 0.233664 0.268305 0.297661 0.299211 0.323751 0.318890 0.279945 0.283481 0.361572 0.303731 0.362626 0.120177 0.182594 0.157672 0.144931 0.166989 0.287723 0.203576 0.373713 0.262288 0.443474 0.355513 0.404228 0.477079 0.429019 0.186831 0.371429 0.432494 0.336628 0.218663 0.396219 0.349205 0.359811 0.403127 0.163129 0.124402 0.167465 0.150553 0.349190 0.308074 0.365013 0.277372 0.340226 0.294566 0.283818 0.253622 0.236726 0.232127 0.200902 0.230878 0.571903 0.119088 0.241684 0.215667 0.204737 0.337723 0.220615 0.193468 0.598894 0.404300 0.611150 0.553172 0.232054 0.108780 0.161311 0.127029 0.166027 0.160929 0.175556 0.151674 0.168686 0.178054 0.168095 0.175405 0.179184 0.178509 0.171440 0.167785 0.192162 0.173254 0.180353 0.176378 0.168358 0.123150 0.143126 0.113468 0.157472 0.161633 0.145609 0.182916 0.152833 0.148657 0.168596 0.168594 0.168431 0.181533 0.163915 0.178187 0.183462 0.145349 0.178644 0.159464 0.167103 0.168801 0.180669 0.155504 0.185011 0.157631 0.176173 0.112494 0.229636 0.124401 0.142757 0.243700 0.105861 0.205077 0.176219 0.352881 0.148986 0.098221 0.103005 0.107036 0.315909 0.166572 0.152112 0.262445 0.140259 0.142961 0.110460 0.112524 0.124437 0.103495 0.120343 0.121672 0.167730 0.136775 0.107555 0.144007 0.104466 0.135538 0.129673 0.255481 0.353873 0.294851 0.334606 0.353080 0.336040 0.346941 0.369166 0.243081 0.260621 0.240482 0.202682 0.241538 0.262696 0.144141 0.175489 0.250215 0.174776 0.153469 0.215998 0.179087 0.172469 0.210777 0.176576 0.094814 0.196989 0.179063 0.172955 0.221641 0.197012 0.205720 0.200960 0.106004 0.115696 0.085165 0.137677 0.159969 0.198118 0.122383 0.111723 0.143765 0.188144 0.184018 0.196478 0.274162 0.184480 0.239249 0.192030 0.208048 0.154831 0.129860 0.130294 0.143642 0.163224 0.274959 0.177709 0.183029 0.212354 0.168973 0.169066 0.267122 0.232871 0.134115 0.131285 
0.159031 0.149092 0.136755 0.150255 0.310925 0.291651 0.161054 0.162177 0.080847 0.104144 0.000000 0.156597 0.142024 0.143058 0.124057 0.178188 0.148122 0.136179 0.120633 0.078916 0.159417 0.218370 0.233171 0.195232 0.351648 0.360575 0.362721 0.391091 0.344900 0.320902 0.336079 0.291538 0.313897 0.328389 0.331729 0.360609 0.321951 0.295590 0.296462 0.381482 0.315316 0.379574 0.189815 0.216696 0.182589 0.169072 0.157819 0.284053 0.190552 0.344766 0.234966 0.428331 0.344930 0.369558 0.440450 0.392075 0.206798 0.347957 0.395975 0.345298 0.207846 0.372212 0.311309 0.367310 0.364135 0.139919 0.137910 0.134089 0.121891 0.321187 0.291867 0.346444 0.248370 0.311950 0.280117 0.263023 0.239623 0.228262 0.202870 0.183083 0.210421 0.535272 0.142991 0.242554 0.234609 0.235406 0.308631 0.266677 0.186342 0.552974 0.407275 0.617670 0.544236 0.247470 0.180175 0.167996 0.186546 0.180109 0.201430 0.168145 0.210205 0.189003 0.196503 0.181553 0.191546 0.193365 0.185647 0.188126 0.174032 0.208790 0.182887 0.164927 0.179362 0.168948 0.147003 0.162610 0.111413 0.188202 0.193496 0.183163 0.207554 0.178125 0.181620 0.205271 0.203715 0.210812 0.213134 0.181990 0.208237 0.221004 0.173777 0.205516 0.192431 0.191976 0.196357 0.201642 0.193497 0.214488 0.193763 0.208085 0.150301 0.242791 0.140392 0.171642 0.231970 0.133058 0.189424 0.165222 0.357488 0.192838 0.153528 0.172292 0.143381 0.292960 0.153942 0.147016 0.270702 0.170325 0.165932 0.138846 0.127182 0.111912 0.154190 0.097066 0.145448 0.168322 0.147456 0.107703 0.160958 0.135490 0.146398 0.151253 0.246209 0.328738 0.282156 0.318096 0.328275 0.324440 0.317603 0.353819 0.222840 0.253343 0.217311 0.195609 0.221279 0.246074 0.150975 0.199439 0.211070 0.201002 0.153421 0.188282 0.160781 0.163917 0.189041 0.172673 0.130517 0.174721 0.141699 0.189335 0.204436 0.185320 0.200216 0.194609 0.108568 0.117960 0.088875 0.111643 0.137316 0.148579 0.118994 0.122682 0.132670 0.154521 0.167979 0.215411 0.242266 0.148305 0.186588 0.139147 0.171754 0.163502 0.122609 0.137617 0.147524 0.175856 0.240914 0.155064 0.178298 0.190501 0.151910 0.175721 0.229826 0.234573 0.200764 0.176412 
0.197922 0.169424 0.136015 0.166758 0.283126 0.278857 0.167913 0.110383 0.170780 0.095829 0.156597 0.000000 0.105095 0.052384 0.136175 0.161084 0.109733 0.171370 0.111527 0.146205 0.108158 0.269027 0.199743 0.250514 0.265866 0.297491 0.260041 0.302660 0.252205 0.241082 0.241288 0.223560 0.223554 0.264012 0.243091 0.260429 0.273065 0.213412 0.220876 0.304848 0.234816 0.299476 0.076307 0.108971 0.074668 0.087282 0.167886 0.263850 0.169367 0.336551 0.230445 0.391230 0.312646 0.359757 0.448310 0.400411 0.121864 0.329324 0.395564 0.301555 0.207683 0.359318 0.330469 0.343213 0.368889 0.162805 0.120158 0.154812 0.133859 0.323600 0.290019 0.319004 0.232829 0.303742 0.290861 0.246278 0.211793 0.206318 0.212481 0.160096 0.177446 0.592582 0.154391 0.266010 0.240113 0.230355 0.348303 0.226765 0.210696 0.632684 0.412010 0.651743 0.543988 0.261381 0.079931 0.129078 0.105133 0.113772 0.101770 0.143144 0.104003 0.093395 0.110689 0.101324 0.103251 0.108002 0.114478 0.104908 0.134396 0.133048 0.152644 0.186047 0.145759 0.138438 0.086435 0.116253 0.123242 0.148917 0.098960 0.100668 0.150956 0.098270 0.087416 0.115413 0.128171 0.098875 0.141694 0.116903 0.138358 0.131722 0.096895 0.131800 0.110972 0.115140 0.124116 0.134355 0.111273 0.124382 0.118910 0.130797 0.089424 0.228789 0.106999 0.118313 0.245070 0.070393 0.189771 0.148293 0.380316 0.118528 0.068629 0.086693 0.074596 0.286192 0.165156 0.113077 0.282297 0.095328 0.129877 0.088658 0.104088 0.132369 0.047874 0.125592 0.147686 0.166930 0.120403 0.101210 0.111354 0.076018 0.107214 0.130367 0.259983 0.324019 0.256720 0.304811 0.316312 0.299274 0.302924 0.319807 0.238069 0.258126 0.231403 0.179666 0.232955 0.207824 0.137712 0.189940 0.238873 0.169490 0.148201 0.197493 0.166137 0.144077 0.194168 0.149048 0.124402 0.190674 0.160274 0.186700 0.197639 0.172859 0.178303 0.216464 0.169442 0.160892 0.120630 0.186174 0.156263 0.193702 0.145819 0.137158 0.137502 0.180790 0.198453 0.201878 0.310962 0.208597 0.255275 0.203084 0.224948 0.161918 0.131801 0.141111 0.134457 0.185993 0.272091 0.179013 0.162130 0.228789 0.154407 0.137898 0.298888 0.253048 0.105907 0.139481 
0.199780 0.193601 0.175778 0.179660 0.316367 0.290989 0.170200 0.117163 0.150143 0.111433 0.142024 0.105095 0.000000 0.112103 0.120884 0.145156 0.146489 0.192259 0.148842 0.158836 0.138741 0.222840 0.184661 0.208417 0.288782 0.312793 0.302148 0.337129 0.282747 0.257998 0.283212 0.232097 0.240323 0.293144 0.280213 0.308336 0.304735 0.270654 0.271870 0.357040 0.277860 0.355402 0.132852 0.174014 0.122156 0.137524 0.144460 0.268281 0.158584 0.340394 0.216553 0.415291 0.315940 0.377801 0.458468 0.394348 0.184334 0.317060 0.390093 0.326226 0.189294 0.343508 0.300374 0.325841 0.350272 0.180955 0.140615 0.165853 0.152952 0.317208 0.282751 0.339184 0.251399 0.306180 0.268564 0.273884 0.232375 0.240386 0.224483 0.181653 0.195202 0.587314 0.138071 0.255816 0.217335 0.214240 0.340561 0.220991 0.182755 0.599319 0.385410 0.610922 0.579209 0.221001 0.140069 0.159562 0.135417 0.163013 0.144462 0.171395 0.128724 0.148218 0.184351 0.161863 0.152245 0.169090 0.167009 0.159006 0.169963 0.195414 0.188556 0.156439 0.160160 0.148821 0.105965 0.140374 0.133200 0.172249 0.158803 0.164339 0.232573 0.179920 0.163770 0.189152 0.200999 0.164499 0.209016 0.188795 0.205734 0.201660 0.159050 0.199361 0.181530 0.186600 0.198310 0.199677 0.165822 0.193863 0.187888 0.209035 0.132432 0.176088 0.117389 0.105827 0.216537 0.115119 0.170081 0.139018 0.341106 0.159506 0.110721 0.125640 0.100300 0.243443 0.161116 0.127949 0.222832 0.118449 0.188766 0.096539 0.107323 0.138179 0.114833 0.139150 0.114694 0.154903 0.119239 0.104700 0.102198 0.089396 0.125774 0.170255 0.205241 0.340859 0.258248 0.294977 0.334091 0.305422 0.310731 0.339850 0.221717 0.254365 0.213494 0.174486 0.206909 0.236448 0.127350 0.210413 0.225730 0.200205 0.137694 0.203794 0.157938 0.149934 0.201693 0.170250 0.123106 0.189592 0.177946 0.189388 0.202811 0.175841 0.192365 0.219298 0.147775 0.118349 0.125888 0.158911 0.192565 0.223924 0.143323 0.140647 0.140163 0.127250 0.168639 0.162395 0.250169 0.164499 0.207367 0.144595 0.190936 0.146533 0.108459 0.120233 0.117082 0.134729 0.241240 0.147898 0.208907 0.234885 0.199404 0.173811 0.263473 0.225676 0.120559 0.126003 
0.187353 0.168008 0.125412 0.152087 0.289043 0.295999 0.173582 0.123397 0.152878 0.108271 0.143058 0.052384 0.112103 0.000000 0.127474 0.170815 0.097807 0.146655 0.107810 0.143746 0.115803 0.263946 0.204200 0.252002 0.270581 0.298807 0.276025 0.313153 0.256533 0.243067 0.246919 0.240344 0.234947 0.269813 0.245907 0.272179 0.273678 0.230223 0.231346 0.316304 0.244782 0.314701 0.093667 0.118318 0.071274 0.082352 0.176737 0.267405 0.161558 0.327565 0.209853 0.384491 0.314330 0.353393 0.442915 0.391297 0.121951 0.323202 0.390137 0.315214 0.212139 0.359452 0.320785 0.359195 0.354850 0.141179 0.133408 0.121091 0.102137 0.322812 0.295079 0.321430 0.233844 0.300221 0.306994 0.243545 0.205806 0.213599 0.207872 0.144686 0.170531 0.579705 0.158930 0.273807 0.254388 0.245344 0.335002 0.241011 0.214559 0.631041 0.429151 0.666911 0.541118 0.272493 0.105087 0.114471 0.116113 0.100592 0.109776 0.121474 0.117261 0.095685 0.108485 0.107311 0.103846 0.108438 0.105456 0.104890 0.111908 0.132755 0.148759 0.192284 0.149463 0.135532 0.085314 0.125249 0.113235 0.157114 0.096293 0.117962 0.156580 0.104134 0.096575 0.125015 0.131862 0.113457 0.148676 0.126111 0.136764 0.139246 0.099283 0.139011 0.117713 0.124726 0.131336 0.141641 0.124599 0.132034 0.122641 0.139015 0.087753 0.237758 0.104417 0.134023 0.240720 0.048633 0.182639 0.118452 0.399362 0.110573 0.079019 0.110737 0.075094 0.269507 0.152796 0.101203 0.278379 0.083705 0.121345 0.073857 0.100643 0.111262 0.060184 0.100928 0.148390 0.165780 0.090828 0.079315 0.079885 0.062463 0.087344 0.115421 0.257121 0.326466 0.263497 0.308100 0.314876 0.307532 0.305491 0.316051 0.226037 0.263094 0.218843 0.184191 0.231600 0.203911 0.137456 0.197880 0.233460 0.187342 0.151383 0.193246 0.154901 0.147153 0.197525 0.153790 0.133712 0.182254 0.157682 0.195069 0.189039 0.171173 0.177519 0.218766 0.171261 0.161972 0.101728 0.179182 0.149712 0.183812 0.124227 0.136235 0.116232 0.159729 0.174787 0.215670 0.296859 0.199042 0.240946 0.185378 0.208493 0.153291 0.127510 0.136985 0.124180 0.185919 0.273090 0.182561 0.151891 0.222238 0.152062 0.126738 0.285942 0.265916 0.121805 0.143411 
0.169374 0.133478 0.134462 0.163229 0.296767 0.275441 0.115048 0.126094 0.115082 0.108898 0.124057 0.136175 0.120884 0.127474 0.000000 0.122702 0.136369 0.093846 0.144529 0.100113 0.147340 0.220162 0.212103 0.203758 0.328398 0.343560 0.337807 0.370748 0.330596 0.300388 0.327793 0.276875 0.288808 0.309059 0.321369 0.344288 0.303641 0.283887 0.284381 0.364326 0.303964 0.370594 0.159451 0.189848 0.160587 0.141934 0.187563 0.263973 0.153611 0.307938 0.207866 0.404156 0.297504 0.345551 0.414884 0.368886 0.208711 0.323299 0.353032 0.314989 0.225288 0.353023 0.297666 0.321753 0.343120 0.131408 0.132018 0.128382 0.133819 0.268735 0.278417 0.294790 0.209139 0.261568 0.309675 0.258362 0.218838 0.198502 0.177296 0.186172 0.212733 0.502085 0.100605 0.207377 0.234456 0.193047 0.259252 0.264287 0.175498 0.551629 0.377305 0.590630 0.547115 0.210456 0.164123 0.157749 0.165536 0.176680 0.185007 0.160972 0.165701 0.185040 0.195736 0.169159 0.182317 0.194723 0.178907 0.185771 0.159346 0.214431 0.175155 0.172946 0.146774 0.162879 0.118489 0.142809 0.104625 0.163797 0.173963 0.175604 0.212295 0.171520 0.183043 0.181742 0.205741 0.192208 0.195370 0.173693 0.207835 0.197745 0.166674 0.194304 0.177012 0.179711 0.182620 0.195361 0.172569 0.198878 0.170590 0.201976 0.141595 0.185588 0.076027 0.110964 0.190064 0.112999 0.162481 0.142189 0.328946 0.181071 0.121201 0.146482 0.136633 0.254164 0.124418 0.113580 0.226410 0.145855 0.162302 0.109317 0.068487 0.091287 0.130362 0.107890 0.100182 0.135002 0.130235 0.102227 0.136623 0.116782 0.141480 0.153061 0.188229 0.295186 0.238458 0.285119 0.295440 0.282666 0.279303 0.319173 0.184764 0.221875 0.164797 0.156833 0.197871 0.228947 0.115522 0.156499 0.198504 0.190232 0.124090 0.160227 0.151183 0.142845 0.183264 0.160908 0.132320 0.157267 0.131786 0.141604 0.149842 0.146573 0.162247 0.171148 0.144255 0.123713 0.119220 0.115815 0.104834 0.147595 0.108929 0.113936 0.110808 0.153079 0.126593 0.206067 0.218103 0.152915 0.188028 0.114652 0.167719 0.155372 0.140723 0.119926 0.095140 0.158473 0.223003 0.174793 0.205268 0.165886 0.184726 0.171961 0.244689 0.225364 0.169809 0.181185 
0.224463 0.194006 0.203162 0.224450 0.286114 0.286204 0.105225 0.148425 0.164585 0.154670 0.178188 0.161084 0.145156 0.170815 0.122702 0.000000 0.167818 0.173169 0.176967 0.177828 0.159435 0.207074 0.219403 0.184320 0.314810 0.323298 0.320434 0.362535 0.313971 0.284762 0.304028 0.252177 0.281037 0.310184 0.307473 0.329052 0.307961 0.279506 0.287043 0.361156 0.287055 0.354419 0.191952 0.189139 0.201922 0.187717 0.160179 0.194063 0.114762 0.269955 0.159524 0.372174 0.264065 0.313169 0.367435 0.306810 0.196694 0.273473 0.315584 0.277889 0.189603 0.294997 0.253292 0.261652 0.282532 0.208702 0.164380 0.210924 0.205020 0.233283 0.193133 0.258162 0.180638 0.231258 0.227413 0.246257 0.216755 0.196886 0.171958 0.231791 0.222908 0.504790 0.084337 0.185013 0.157316 0.137507 0.290811 0.213215 0.155212 0.539741 0.295833 0.552459 0.586128 0.153736 0.142011 0.202942 0.185308 0.217188 0.196792 0.222841 0.184377 0.188901 0.211485 0.193793 0.205960 0.217712 0.210529 0.209733 0.213502 0.225838 0.163202 0.143370 0.147918 0.160761 0.163031 0.164295 0.169809 0.165951 0.197406 0.195765 0.237210 0.194900 0.190188 0.208911 0.209073 0.202864 0.226262 0.214171 0.205636 0.216704 0.177730 0.224643 0.207812 0.202753 0.211085 0.213786 0.168510 0.219029 0.206374 0.210348 0.185106 0.151115 0.138953 0.108269 0.203595 0.164927 0.168820 0.211943 0.281330 0.237326 0.170874 0.139495 0.148243 0.245414 0.186889 0.178347 0.208478 0.226039 0.242477 0.184267 0.145822 0.168607 0.166850 0.178005 0.161822 0.173521 0.191679 0.158645 0.211263 0.176291 0.214345 0.234169 0.202285 0.259692 0.200218 0.236146 0.252399 0.226932 0.238174 0.302234 0.158487 0.180556 0.157457 0.135922 0.162982 0.203486 0.160949 0.197823 0.156408 0.154083 0.143540 0.166375 0.153333 0.143861 0.172174 0.175982 0.171624 0.181264 0.163983 0.143885 0.166382 0.121638 0.160133 0.143938 0.217996 0.174908 0.186335 0.142925 0.165958 0.180048 0.168023 0.165526 0.189680 0.175922 0.141460 0.158562 0.204798 0.143366 0.171419 0.145865 0.171713 0.121827 0.155549 0.160858 0.106351 0.136745 0.178387 0.144077 0.197250 0.202101 0.208042 0.188030 0.252607 0.170490 0.143567 0.148576 
0.183864 0.167889 0.139252 0.156882 0.267596 0.305209 0.184521 0.119542 0.136635 0.142082 0.148122 0.109733 0.146489 0.097807 0.136369 0.167818 0.000000 0.150572 0.074980 0.137092 0.099005 0.289041 0.243768 0.275230 0.289410 0.274643 0.296371 0.336986 0.282637 0.250073 0.261770 0.269025 0.253231 0.281655 0.278063 0.296056 0.265621 0.245580 0.258401 0.335409 0.256752 0.335724 0.147219 0.128452 0.117081 0.090688 0.201862 0.265128 0.150717 0.292468 0.182073 0.365659 0.293241 0.324271 0.399687 0.355288 0.113817 0.292630 0.353621 0.282295 0.166945 0.347112 0.294777 0.351317 0.330363 0.142589 0.090930 0.136928 0.131586 0.288267 0.258979 0.293001 0.201474 0.262367 0.281559 0.216186 0.184835 0.199440 0.193897 0.169667 0.174935 0.567642 0.175383 0.268684 0.259191 0.261504 0.332668 0.228269 0.248413 0.633343 0.390564 0.684054 0.547336 0.253529 0.116077 0.144989 0.171061 0.162934 0.142664 0.137779 0.149308 0.127268 0.146946 0.126593 0.152739 0.159805 0.136309 0.155785 0.138201 0.168814 0.134204 0.186896 0.153779 0.120204 0.105954 0.111289 0.102711 0.135043 0.091772 0.106720 0.145215 0.099781 0.104533 0.104558 0.120531 0.097339 0.115199 0.098694 0.114579 0.117853 0.084920 0.104516 0.086798 0.112770 0.114589 0.121684 0.106671 0.128770 0.095277 0.123954 0.131792 0.252494 0.130802 0.128208 0.253961 0.090783 0.206931 0.120764 0.391553 0.193534 0.111527 0.131569 0.128225 0.275670 0.180457 0.124786 0.307595 0.149224 0.152736 0.123647 0.117196 0.146931 0.099870 0.095728 0.159623 0.156758 0.133826 0.111238 0.123279 0.118199 0.144108 0.128803 0.268103 0.293095 0.238472 0.285796 0.284220 0.280777 0.269705 0.295707 0.233451 0.254346 0.211036 0.205324 0.230814 0.171452 0.114177 0.203000 0.223272 0.136270 0.148602 0.179642 0.170406 0.143003 0.187751 0.162210 0.125044 0.157095 0.157915 0.197620 0.166600 0.149253 0.182904 0.187990 0.163901 0.155507 0.131053 0.177959 0.136240 0.144478 0.151446 0.157594 0.128559 0.148082 0.188088 0.223011 0.305049 0.212761 0.248467 0.184798 0.227313 0.169777 0.129512 0.150675 0.132599 0.216404 0.270017 0.198142 0.100363 0.224694 0.102626 0.093760 0.292560 0.242600 0.138043 0.180835 
0.171628 0.112000 0.135310 0.170253 0.287487 0.300439 0.116461 0.174310 0.117888 0.163735 0.136179 0.171370 0.192259 0.146655 0.093846 0.173169 0.150572 0.000000 0.157567 0.115717 0.159983 0.274659 0.261381 0.230706 0.350458 0.363258 0.361622 0.389747 0.346976 0.319376 0.338804 0.317812 0.317358 0.332049 0.336093 0.360515 0.317242 0.290489 0.291250 0.375148 0.310849 0.377028 0.194077 0.207511 0.181120 0.162030 0.224963 0.287580 0.174997 0.294518 0.229110 0.372514 0.314972 0.333939 0.386918 0.370874 0.210554 0.337106 0.342559 0.298044 0.259411 0.378134 0.302001 0.341001 0.345319 0.113683 0.160281 0.118666 0.132666 0.241757 0.298632 0.247714 0.171673 0.231544 0.341378 0.245803 0.209708 0.160130 0.149519 0.186830 0.207688 0.454521 0.139318 0.192665 0.275949 0.183292 0.212472 0.317927 0.187073 0.516544 0.364538 0.582990 0.544479 0.239861 0.192174 0.169266 0.216185 0.186422 0.208705 0.175190 0.207380 0.199524 0.205751 0.179512 0.191146 0.202394 0.187952 0.195665 0.171542 0.220658 0.159090 0.200312 0.144829 0.178589 0.156400 0.160302 0.137061 0.185334 0.181766 0.188096 0.208842 0.181992 0.185708 0.190344 0.203405 0.198106 0.204317 0.187559 0.205430 0.198118 0.172931 0.200921 0.186748 0.183659 0.188119 0.196048 0.190952 0.198859 0.177687 0.198686 0.179869 0.207199 0.110147 0.170553 0.213546 0.146017 0.180580 0.171366 0.359769 0.214056 0.156075 0.192101 0.171563 0.276019 0.167679 0.142850 0.253308 0.171675 0.171461 0.158980 0.133492 0.112550 0.160715 0.118235 0.157111 0.162468 0.169117 0.143735 0.171927 0.156774 0.168243 0.155944 0.226057 0.274549 0.241029 0.293631 0.270654 0.281915 0.254181 0.292543 0.189988 0.226255 0.174106 0.176011 0.220248 0.222877 0.153212 0.126665 0.182326 0.206892 0.131777 0.145359 0.136108 0.136984 0.159689 0.151260 0.180039 0.155326 0.109694 0.147299 0.112291 0.152987 0.140365 0.161979 0.191427 0.168639 0.147132 0.127162 0.079412 0.096897 0.140797 0.154217 0.131456 0.194870 0.157200 0.259948 0.222926 0.160858 0.168487 0.137992 0.158569 0.181502 0.173240 0.172129 0.130584 0.216344 0.201027 0.200120 0.196210 0.120682 0.180969 0.169341 0.242085 0.250903 0.213414 0.234427 
