243 243
0.000000 1.571024 1.956900 2.822521 2.279885 2.860533 2.837518 3.162282 3.284209 2.089354 1.902177 2.069511 2.891414 3.130904 1.527978 3.024353 3.844985 3.911344 3.754286 4.191728 3.890435 4.282158 4.287387 3.585844 3.952545 4.144195 3.602810 3.955055 3.625189 3.104519 3.951349 3.801114 3.524179 3.828275 4.156560 4.018598 4.349920 2.742266 3.192238 3.749923 3.325891 2.887072 3.259009 3.703769 3.175581 3.545936 2.733656 2.617780 3.653549 2.707129 2.642302 2.737756 2.562131 2.824704 3.314197 2.669049 3.575202 2.541112 3.381632 3.999028 3.807040 3.543095 4.011782 2.552287 2.292344 1.673387 1.641408 1.976360 2.248438 2.361721 2.906249 3.407813 2.093929 2.620365 3.631255 2.159519 2.667573 1.590096 2.039769 4.239395 2.657419 4.637213 3.414929 3.457067 2.774058 3.577654 4.851174 4.015476 5.812733 3.320498 2.972051 3.906166 3.893935 2.956289 2.378658 2.810615 3.482027 2.774112 3.424975 2.951275 3.297336 3.076905 3.513831 3.883039 2.992491 2.668231 1.835681 1.960747 2.078268 1.936088 1.892123 1.390985 1.814763 1.742745 3.060539 3.108734 3.426775 3.457079 2.855693 3.486733 3.099986 3.522852 3.289025 3.379559 2.852789 3.388565 3.513971 3.892893 2.790379 3.095607 3.670267 3.236894 3.051514 2.782101 2.906276 3.494407 3.194739 3.393755 2.537782 3.321739 2.907202 4.516126 2.611092 3.584659 4.567014 3.123377 3.021839 2.772182 2.434763 2.855880 3.584517 4.601821 3.834055 3.063634 2.348830 3.129627 2.069525 2.957220 3.596870 2.045022 3.574861 2.767339 3.214737 3.106068 2.359237 2.899745 2.848649 3.364898 2.955935 3.121090 3.144931 2.847722 3.436822 2.975221 2.607046 2.260929 2.518399 2.693320 2.430858 2.475560 2.683272 1.914276 2.514106 1.403199 2.095009 2.113919 2.198317 1.851612 2.080322 2.226212 1.796471 2.001031 1.556204 1.892735 1.701923 2.112812 2.216009 3.068567 1.929175 1.751973 2.342354 1.439420 1.865406 1.781407 2.017642 1.878273 2.301702 2.217346 3.181140 2.513265 1.956700 2.764402 2.739014 2.481964 1.877995 1.622924 1.757023 2.752953 1.630899 2.902004 1.894625 2.213376 2.232327 2.042175 2.566640 2.295293 2.857317 2.638044 1.540991 1.391926 2.189603 2.883222 1.499101 2.346419 2.482213 3.148604 1.933089 2.516668 1.967011 3.551258 3.638008 3.087608 2.985060 
1.571024 0.000000 2.031499 2.158032 2.441522 2.324729 2.236033 2.862439 2.824174 1.731586 2.263194 2.269632 2.541469 2.864484 1.354494 2.722007 3.744574 4.202270 3.706601 4.091317 4.385879 3.964474 3.823367 3.530370 4.205781 3.794822 3.422150 3.569198 3.840522 3.870688 3.675776 3.945632 3.652594 3.645227 4.035424 3.697353 4.514506 2.492812 2.949979 2.856496 2.340692 2.984135 3.183435 3.369623 2.656321 3.239981 2.416882 1.609712 3.011315 2.659130 2.923966 1.902740 2.423531 2.833593 3.437541 2.758320 3.025414 2.552332 3.257033 3.078606 3.768892 3.543761 3.492310 1.865157 1.625277 0.994431 1.311926 2.340229 2.518105 2.114059 2.764687 2.962941 1.944061 2.501832 2.890993 2.129097 2.115505 1.664677 1.936094 4.048363 2.393772 4.292067 2.998225 3.054301 2.630999 3.289377 4.317823 3.659290 5.425644 2.939590 3.054724 3.191861 3.517124 2.343982 2.292801 3.058722 2.767551 2.773912 2.967506 2.661828 2.734794 2.619436 3.185895 3.708147 3.309610 3.002546 1.621722 1.484131 1.395585 1.650059 1.755385 1.319338 1.620953 1.588063 2.757903 2.756147 3.069007 3.166294 2.749973 3.128964 2.038396 2.803314 2.941882 3.453609 2.387264 3.104114 3.588021 3.833882 2.432611 3.013745 3.129631 2.726813 2.783412 2.533426 2.462926 3.135507 3.092152 2.973671 2.969790 3.138869 2.715237 4.079803 2.389691 3.275357 4.405194 2.765608 3.234278 2.393159 2.359888 2.394033 3.254839 4.280322 4.425768 3.138298 1.819852 2.758898 1.999269 2.671064 3.347210 1.997494 3.541417 2.782673 3.008237 2.738045 1.871650 2.649318 2.409536 2.813006 2.579058 2.819540 2.940893 2.796105 2.664769 2.661057 1.822629 2.128558 1.826252 2.013449 1.817929 2.218630 1.898398 1.654027 2.196205 1.749876 1.823295 1.947742 1.637145 1.721345 1.801741 1.985356 1.770812 1.725429 1.116077 1.633542 1.697235 1.840163 1.398776 2.710799 2.152221 0.946004 1.391085 1.093027 1.654549 1.640372 1.518580 1.675875 1.541528 1.583959 3.301245 2.227109 2.004374 2.369601 2.188702 2.115714 2.207137 1.507220 2.125062 2.075592 1.432401 2.588218 1.516370 1.791588 1.895315 1.768910 1.832904 2.089135 2.718937 1.954794 1.432714 1.462410 1.937855 2.437586 1.539877 1.860944 2.262427 2.358729 1.808759 1.764535 1.768939 3.521210 3.262059 2.564736 2.296994 
1.956900 2.031499 0.000000 1.949135 1.282743 2.126021 2.052626 2.593848 2.723645 1.217902 1.754383 1.314932 3.143867 3.461035 2.100274 3.227681 4.314974 4.736685 3.772402 4.574912 4.813781 4.762361 4.393922 3.850262 4.561670 4.678452 3.692031 4.133772 3.800594 4.259912 4.274100 4.644712 3.739692 4.146316 4.461709 4.363615 4.997326 3.283076 2.707342 3.582900 2.992073 3.316012 3.315405 3.159833 3.202483 2.037562 3.211847 3.034636 4.077458 3.291888 3.485199 2.784339 2.712128 2.939326 3.908437 3.091722 4.075821 3.303398 3.753969 4.323320 4.693414 3.296304 4.284259 2.790265 2.373712 2.006170 1.409394 1.594326 1.077672 1.748515 3.348429 3.362217 2.277809 2.727273 3.747453 2.138068 2.948173 2.285563 2.620502 4.007603 1.947045 4.627705 3.259618 2.802171 2.405702 3.290821 4.790160 3.647706 5.710843 2.932170 2.250774 3.507261 4.094379 2.490450 2.691446 2.682904 3.649392 3.506557 3.136056 3.485732 3.926598 3.111550 3.623988 4.402384 3.567269 2.719611 1.423413 1.958656 1.975039 1.257029 1.226113 1.159877 1.419289 1.544320 2.092806 2.005171 2.251380 2.718467 2.286870 2.011770 2.831459 2.871255 2.186993 2.093066 2.252952 2.011558 2.074117 2.388071 2.375738 2.130643 2.620934 2.790930 2.218104 1.963990 2.631597 2.452565 1.614846 2.579242 2.998143 3.358988 1.605706 3.731907 1.858556 3.579096 4.259278 2.103922 3.753725 3.143746 2.003482 2.023420 3.517325 3.204868 2.545548 2.404741 1.860720 1.952358 1.021856 1.951617 2.659526 1.910748 2.845846 2.804114 3.190856 2.824273 1.678478 3.410769 2.876764 3.522648 3.434701 3.464566 3.179526 3.417981 3.627099 3.671640 2.871033 1.774226 2.156543 2.701779 2.269733 2.155352 2.819494 0.961766 1.506155 1.607914 1.629682 1.780258 2.509467 2.297108 1.854148 2.910418 1.570306 2.003366 1.885410 2.259803 1.632885 2.422362 2.119180 1.579142 1.403100 1.835672 2.513607 2.005568 1.889774 1.563773 1.809884 1.580529 1.899895 1.701398 1.748490 1.515800 1.424054 1.452714 1.703317 1.863160 1.977066 0.850701 1.665420 1.555396 1.873447 1.853711 1.922312 1.905093 2.094414 1.546034 2.051120 1.648202 1.964965 3.148518 1.560151 1.568881 1.854837 2.521122 1.522548 2.514362 1.940181 2.122205 1.415811 2.199366 1.325017 2.252282 3.163030 3.141156 2.836028 
2.822521 2.158032 1.949135 0.000000 2.032362 0.709669 0.571371 1.842882 1.417941 1.435632 1.911818 1.600103 1.885660 2.129291 1.732481 2.010073 2.993297 3.334350 3.504986 3.231932 3.472440 3.213197 2.801820 3.193615 3.270035 3.097600 2.794182 2.936393 2.731798 3.453269 2.866264 3.086247 3.220705 2.731789 3.067931 2.946076 3.547014 1.870141 1.898067 1.984373 1.289912 2.171000 1.959177 2.119418 1.671285 1.681831 1.909831 1.857231 2.583420 1.807427 2.274299 1.475228 1.928710 3.243894 3.866357 2.930150 4.374359 1.936658 4.377021 3.778809 5.076344 3.939717 4.552182 2.223442 2.335090 1.654073 1.791480 1.886615 1.879620 1.676311 3.061515 3.100348 2.872947 3.387957 3.033537 2.763521 2.500492 2.660097 3.068979 3.732613 0.874166 3.980044 1.929506 1.634569 2.337011 1.953876 4.010319 3.428501 4.619582 1.874125 2.354382 2.622469 3.186874 0.931100 1.561718 2.044867 2.065633 2.234278 2.115985 2.096066 2.224437 1.780549 2.316990 2.793051 2.557690 2.041098 1.976394 2.156144 1.938057 1.835306 1.707566 1.929745 1.550057 2.020335 0.773009 1.290159 1.274044 1.438612 1.103676 1.465642 1.046461 1.248880 1.291616 1.694655 0.797022 1.294697 1.856972 2.099278 1.091977 1.322838 1.394744 1.305874 1.215519 1.019795 1.436620 1.316158 1.079074 1.256820 1.701871 2.253498 1.393230 2.467903 2.511238 2.988646 2.917805 0.986254 3.429301 1.733960 1.872186 1.526646 2.300502 2.398152 2.405667 1.836285 1.371714 0.915802 2.016173 2.062931 2.545635 1.770033 2.757087 1.682179 2.177582 2.432089 1.269129 3.729525 2.844525 3.821186 3.659265 3.302281 3.355485 3.930366 3.391936 3.761579 2.454680 2.657878 1.762103 2.328808 2.138703 2.176805 2.420639 1.378313 1.988231 1.982170 1.554779 1.790879 2.751749 1.803562 1.482758 2.498838 2.385537 1.649381 2.206647 2.610801 2.217371 2.855848 2.579880 1.655655 2.722195 1.970911 1.976475 2.355724 2.195020 2.157850 1.909448 2.219773 2.052080 1.740087 1.944824 1.106832 1.883700 1.448911 0.981632 1.590885 2.801538 1.749821 2.431020 1.850193 2.326700 2.670533 1.740287 2.334778 2.359862 2.411125 1.754166 2.388671 3.191055 2.101146 2.234421 2.317589 1.425295 1.641725 1.988248 1.545568 1.313472 1.275469 2.127763 1.048661 1.605083 1.933245 2.004879 1.918304 1.494364 
2.279885 2.441522 1.282743 2.032362 0.000000 2.228640 2.167763 2.523123 2.893331 1.210765 1.156739 0.724330 2.815123 3.163379 1.771530 3.127387 3.986230 4.407941 3.490290 4.246167 4.485037 4.480249 4.281394 3.521518 4.449142 4.396340 3.638738 3.851660 3.742120 3.931168 3.945355 4.315968 3.486256 3.864203 4.187019 4.034871 4.722636 3.078754 2.567794 3.530153 3.022902 3.111690 3.485317 3.253941 3.168106 1.892929 2.883103 2.742161 3.748713 3.017198 3.156455 2.684045 2.611834 2.909031 3.646158 2.803259 4.210762 2.985016 3.929175 4.093448 4.817187 3.701045 4.690259 2.785937 2.322223 2.336893 1.784787 1.319309 0.739987 1.675574 3.209997 3.432718 2.669031 3.229487 3.805970 2.470371 2.746609 2.791527 2.906173 3.949129 2.164452 4.229995 3.151834 2.871461 2.678340 3.150145 4.697287 3.871678 5.672025 3.001460 2.211956 3.683938 3.793832 2.613795 2.461217 2.666206 3.420480 3.302235 3.113552 3.234777 3.722276 2.907228 3.554852 4.333248 3.363235 2.489382 2.104339 2.542350 2.558733 1.805202 1.881985 1.616160 1.904477 1.996082 2.114110 2.054339 2.159911 2.824326 2.288912 2.141777 2.641474 3.105599 2.482789 2.084140 2.172144 2.322670 2.111502 2.541628 2.315084 2.327615 2.987351 2.885755 2.121752 2.055973 2.310905 2.324701 1.907024 2.866919 3.002315 3.227606 2.037892 3.917897 2.286586 3.567254 4.715539 2.405021 3.697157 3.090454 1.735567 2.145390 3.370398 3.487719 2.664878 2.630284 2.351806 2.193123 1.240937 2.422158 2.481839 2.052961 2.883954 2.808619 3.423478 3.048651 1.638939 3.774269 3.266707 3.983354 3.836576 3.623636 3.513478 3.624186 3.865832 4.023969 3.152542 2.574136 2.736255 3.147305 2.885170 2.656571 3.028017 1.839577 2.341086 1.763510 1.248498 2.299908 3.087979 2.146812 2.075229 2.905604 2.373658 1.952528 2.141290 2.792607 2.069077 2.826412 2.913061 1.648298 1.659423 2.448413 2.645420 2.289110 2.402104 2.227467 2.496929 2.434493 2.669891 2.335599 1.601136 1.640013 2.125570 1.995010 2.189254 1.939805 2.028653 1.417447 1.728364 2.281319 2.451960 1.978131 2.187778 2.759057 2.732162 2.156394 2.548436 2.465530 2.796155 2.938668 2.049018 2.152575 1.812312 2.568584 1.725174 2.255625 1.561693 2.442578 2.048417 2.176092 1.860060 1.893082 3.132583 3.025318 2.735734 
2.860533 2.324729 2.126021 0.709669 2.228640 0.000000 0.958261 1.844525 1.608055 1.669166 2.266752 1.825182 1.817855 2.290297 1.755738 2.062007 2.852139 3.324108 3.606861 3.118166 3.394122 3.190666 2.918967 3.141408 3.313848 3.019890 2.785611 2.947587 2.823768 3.385464 2.856023 3.063989 2.943560 2.461175 2.672997 2.578936 3.252784 1.666395 1.832003 2.016979 1.386273 1.950377 1.817592 1.736073 1.319211 1.840416 1.996061 1.992839 2.620322 1.785505 2.147098 1.797000 2.221685 3.267396 3.888771 3.155768 4.504786 1.656416 4.309215 3.898873 5.096472 4.180879 4.682610 2.335428 2.434429 1.833349 2.078814 2.172584 2.139732 1.939947 3.014435 3.094719 2.805141 3.384490 3.186930 2.937963 2.632498 2.623805 3.018379 4.031129 1.296887 4.318052 2.132461 2.010103 2.616682 2.157543 4.259742 3.608314 4.784124 2.213347 2.634053 2.836571 3.385314 1.164294 1.524900 2.175988 2.186468 2.216576 2.106025 1.991327 2.199115 1.574386 2.006410 2.531190 2.341092 2.126640 2.218803 2.335556 2.285192 2.011885 1.987238 2.132725 1.876472 2.266678 1.097525 1.516861 1.116053 1.447657 0.984907 1.361705 1.156128 1.195515 1.284225 1.590718 1.287787 1.230947 1.773847 2.082909 0.858534 1.279499 1.398696 1.213245 1.225736 1.282463 1.119361 1.336059 1.033230 1.081660 1.696623 2.414980 1.507593 2.364919 2.631157 3.026708 2.652860 1.102258 3.488582 1.777712 2.196996 1.792395 2.439273 2.390766 2.291170 2.062987 1.586254 1.102534 2.185311 2.143898 2.661439 1.882176 2.926225 1.772506 1.977527 2.640326 1.644685 3.855278 2.898131 3.956795 3.804682 3.238572 3.409091 3.904011 3.558633 3.785735 2.621377 2.937454 1.929090 2.490323 2.279806 2.305984 2.587335 1.646768 2.240476 2.265513 1.847754 2.131029 2.826992 1.957515 1.470271 2.598177 2.590070 1.715353 2.329919 2.860720 2.454317 2.887107 2.738454 1.928381 2.947813 2.101650 2.106902 2.429351 2.335875 2.338140 1.997569 2.495133 2.231380 2.139589 2.167057 1.373248 1.990078 1.388268 1.159172 1.794710 3.232444 2.074088 2.794569 2.246184 2.747803 2.934168 2.093893 2.787822 2.652837 2.704100 2.268340 2.623683 3.193090 2.371227 2.527396 2.595020 1.682001 2.054949 2.433589 1.843347 1.649506 1.589535 2.368924 1.305710 1.830701 2.013310 2.318726 2.342154 1.944121 
2.837518 2.236033 2.052626 0.571371 2.167763 0.958261 0.000000 2.157322 1.693793 1.889849 2.067944 1.690330 2.192108 2.534334 1.997478 2.296798 3.282091 3.529295 3.889154 3.503485 3.825252 3.567651 3.042285 3.460626 3.424699 3.446872 3.121355 3.305659 3.084610 3.501700 3.018914 3.326712 3.447869 3.081061 3.360209 3.243535 3.787478 2.236417 2.305277 2.148478 1.498875 2.537276 2.200704 2.430447 1.982314 1.972268 2.226389 1.953691 2.784030 2.155405 2.627110 1.539878 2.460354 3.576249 4.167623 3.324165 4.650421 2.244480 4.699012 3.847048 5.403517 4.370001 4.858560 2.394434 2.374481 1.893241 2.211402 2.042741 1.972987 2.129069 3.404232 3.484516 3.189757 3.756581 3.157585 3.132145 2.832846 2.967607 3.365063 4.090358 1.080358 4.379240 2.230772 2.038947 2.725844 2.482338 4.210830 3.709042 4.936392 2.311469 2.519122 2.699019 3.504528 1.113246 1.905893 2.407697 2.359810 2.512738 2.411409 2.306987 2.466174 2.146825 2.564094 3.086787 2.892877 2.293590 2.353871 2.545493 2.202867 2.258039 2.065312 2.383961 1.942575 2.455800 1.175038 1.668736 1.703728 1.507364 1.225605 1.895326 1.151228 1.509193 1.646070 1.874339 1.218334 1.640415 1.985600 2.270574 1.404523 1.462589 1.444929 1.655146 1.636815 1.589708 1.802500 1.773724 1.243921 1.488304 1.927203 2.604102 1.642698 2.660627 2.880716 3.362451 2.966284 1.445278 3.777199 2.012025 1.975333 1.975285 2.597308 2.668597 2.327666 2.220702 1.632445 1.219165 2.220389 2.369607 2.946518 2.167255 3.211303 1.887674 2.360110 2.829449 1.663144 4.103330 3.233874 4.069656 4.033070 3.567278 3.744834 4.293808 3.701809 4.135384 2.570371 3.072522 2.125546 2.700685 2.460695 2.535066 2.728054 1.781837 2.375544 2.063249 2.036877 1.957566 3.115192 2.068559 1.758117 2.666333 2.774886 2.012823 2.595996 2.994969 2.643439 3.245198 2.595705 2.139211 3.079941 2.224251 2.034594 2.703622 2.584369 2.542018 2.298797 2.630202 2.344263 1.611513 1.983160 1.562370 1.830231 1.692953 1.273243 2.045101 3.033636 1.952579 2.564672 2.067447 2.782891 3.123291 2.222385 2.745914 2.841960 2.893223 2.107629 2.312917 3.499190 2.054795 2.716519 2.784143 1.871124 2.051284 2.095994 1.867560 1.769663 1.303465 2.558047 1.192834 2.009461 1.824424 2.187273 2.356758 1.834745 
3.162282 2.862439 2.593848 1.842882 2.523123 1.844525 2.157322 0.000000 1.536256 1.815127 2.409277 2.350556 1.944873 2.355612 2.059670 1.681574 2.536064 3.065883 3.197601 3.100055 3.392979 3.009357 3.189336 2.556761 3.107085 2.925448 2.597595 2.380769 2.400062 3.328888 2.603297 2.919856 3.035250 2.751420 3.232892 2.584705 3.518509 2.152796 1.749385 2.563815 1.650215 1.797801 2.198390 1.134817 2.275471 1.446025 1.979588 2.095519 2.924348 2.132036 2.454620 1.956793 2.264507 2.950743 3.672882 2.575650 4.446739 2.326212 3.993997 4.047723 4.597073 3.742485 4.305597 2.448468 2.560116 2.336824 2.639642 2.131350 2.404018 1.328964 3.076396 3.207332 2.731561 3.044769 3.587632 2.575807 2.687331 2.016733 2.230273 4.690336 2.042745 4.884062 2.638879 2.643961 2.876806 2.778131 4.643087 3.628806 5.030240 2.520793 2.691443 3.229898 3.675462 1.852363 1.509397 1.531685 2.040459 2.057312 1.493207 1.872648 2.658387 1.912305 2.079870 2.401370 2.398486 2.250710 2.051707 2.446603 1.868052 1.844187 2.187514 2.288933 2.470827 2.158104 2.148225 1.455792 1.508635 3.059714 2.261277 2.353447 2.347897 2.500653 1.747959 2.678092 2.238898 2.371777 2.892187 2.478411 1.992517 2.419908 2.951782 2.643661 2.191036 2.068576 2.065464 2.112136 2.181042 2.516289 2.572794 1.551542 1.273255 1.709874 1.318579 3.515618 2.724465 1.749440 2.131005 1.657992 2.001824 0.989696 1.476400 1.568175 3.411438 1.482602 1.691968 1.515663 2.226392 2.000825 1.542345 1.736132 1.228809 1.214064 1.586092 1.228314 1.924624 4.086373 2.767633 3.549959 3.854743 3.309359 3.049998 3.715385 3.623605 3.658722 2.975492 2.379291 1.793455 1.847615 2.473612 2.059888 2.430499 2.080504 2.150384 2.949945 1.791222 3.072534 3.113773 2.600610 1.602770 2.861795 2.701475 2.112241 2.974807 2.266506 2.841245 2.833902 2.382408 2.203663 2.951149 2.235588 2.531613 2.966132 2.852191 2.312517 2.359417 2.434410 2.360573 2.884737 2.812809 1.465719 2.575376 1.329524 1.861074 1.332172 3.704808 2.717700 3.329050 2.065299 2.904373 1.615505 1.999679 2.424736 2.267629 1.785520 1.905254 2.846719 2.346448 2.255419 2.443940 2.303809 1.416295 1.825441 2.999599 2.510207 1.716196 2.326316 2.357711 1.420938 1.708104 2.785239 1.954016 1.786105 1.658213 
3.284209 2.824174 2.723645 1.417941 2.893331 1.608055 1.693793 1.536256 0.000000 2.149029 2.567416 2.379607 2.145811 2.270570 2.164346 1.765232 3.024773 3.399111 4.052039 3.254442 3.761184 3.169225 3.053588 3.276692 3.472938 2.994393 3.147529 2.903964 3.128650 3.786346 2.996376 3.103751 3.546174 2.844798 3.193543 2.855472 3.672626 1.612607 1.351524 2.470188 1.405734 1.704306 2.167426 1.113220 1.201802 1.328953 2.242616 2.206748 2.980480 2.145392 2.650881 2.032023 1.977009 3.317652 3.964346 2.709321 4.463458 1.984120 4.406044 4.172550 4.952217 4.120576 4.641281 2.508879 2.728635 2.245435 2.411518 2.237375 2.789511 1.444769 3.488832 3.535332 3.172240 3.561358 3.756151 2.990976 2.855849 2.334867 2.754021 4.716870 1.786183 4.859456 2.807398 2.404324 3.057836 2.554445 4.790948 3.806927 5.179826 2.434369 3.076936 3.345083 3.780902 1.563737 1.684683 1.758501 1.978498 1.958117 2.122501 1.556440 1.842524 1.722684 1.923284 2.218415 2.040657 1.962368 2.529020 2.625484 2.245921 1.774660 2.387017 2.271759 2.705128 2.402489 1.698730 1.200206 1.290371 2.423664 1.430109 1.939725 1.792083 2.035038 1.749889 2.252271 1.810310 2.048947 2.593378 2.512137 1.730498 2.056472 2.165080 2.204712 2.070255 1.980780 2.125851 1.766070 1.899509 2.172907 1.525193 2.105884 1.501409 1.309683 1.786062 3.840341 2.351383 1.368309 2.948069 1.449925 1.799045 1.354560 2.073997 1.541290 2.614112 0.955676 1.259748 0.817928 2.149643 2.523992 1.428264 1.267864 1.686219 0.995361 1.213836 2.370687 1.788122 4.334220 3.254867 4.185737 4.033624 3.547521 3.765827 4.152640 3.802486 3.669891 3.154373 3.068220 2.030268 2.483393 2.642131 2.556059 2.816277 2.314606 2.310143 2.762955 2.133024 2.829366 3.184546 2.769129 1.974036 2.868152 3.140707 2.520536 3.153688 2.506244 3.047708 3.020999 2.800926 2.423491 3.336641 2.414469 2.548332 3.036905 3.171998 2.617913 2.595652 2.724159 2.539454 2.907626 2.935879 1.876914 1.835703 1.751534 1.686972 1.072232 3.778664 2.582210 3.405205 1.780338 2.561298 2.276390 1.669713 2.750751 2.616993 2.242547 2.156648 2.862069 2.714655 2.470460 2.341705 2.275358 1.671913 2.061413 2.916432 2.678726 1.945726 1.984428 2.340650 1.594638 1.995470 1.975324 0.784890 1.718411 1.457666 
2.089354 1.731586 1.217902 1.435632 1.210765 1.669166 1.889849 1.815127 2.149029 0.000000 1.338898 1.305022 2.227110 2.436170 1.208056 2.369090 3.290108 3.873982 2.894155 3.658154 3.951078 3.727133 3.747435 2.825397 3.915183 3.648405 3.099598 3.057093 3.208161 3.485047 3.411396 3.727954 2.944101 3.278431 3.653060 3.338750 4.188677 2.231917 1.720648 2.936413 2.257507 2.249309 2.915063 2.392548 2.306713 1.774244 2.349144 2.009770 3.160700 2.483239 2.460333 1.941292 1.918869 2.431997 3.125816 2.162134 3.958275 2.278532 3.584862 3.362725 4.575868 3.541470 4.317917 2.034226 2.154879 1.538550 1.513884 1.369312 1.154694 1.025661 2.437561 2.785722 2.376480 2.845599 3.216422 2.310448 2.125353 2.290200 2.684775 3.559270 1.836828 3.714651 2.686841 2.529323 2.132637 2.682607 4.163328 3.324399 5.138066 2.467501 2.032550 3.123312 3.123568 2.079835 1.676557 1.994436 2.608893 2.465761 2.305225 2.470842 2.859895 2.114445 2.790916 3.569313 2.552379 2.183220 1.540461 1.974007 1.901827 1.373181 1.380548 0.858717 1.428212 1.464164 1.777427 1.371338 1.735356 2.484220 1.910209 1.721977 1.992206 2.536219 1.791961 1.994862 1.693267 2.007204 2.118635 2.410604 1.620017 1.923107 2.600186 2.273315 1.702399 1.763366 1.554918 2.148293 1.733069 2.276813 2.183216 2.515941 1.513169 3.211362 1.373172 2.981482 4.057759 1.718608 2.919540 2.279883 1.970537 1.515241 2.728331 3.102991 2.714908 1.817252 1.476275 1.793775 0.993553 1.688520 2.208899 1.253599 2.209978 2.010162 2.505091 2.360658 1.329348 3.450204 2.599439 3.749083 3.399608 3.034088 2.841028 3.408544 3.154873 3.220445 2.495636 2.111335 2.078590 2.441527 2.295622 2.004087 2.345204 1.171549 1.929150 1.669756 0.814808 1.876605 2.451937 1.557264 1.459014 2.333538 2.035923 1.321529 1.898938 2.308531 1.913373 2.434821 2.615885 1.119083 1.812682 1.829521 1.931587 1.888022 2.133993 1.782669 1.814116 1.943634 2.088085 1.870938 1.827861 0.890488 1.603996 1.251578 1.430228 1.293721 2.389109 1.569441 2.048861 1.927800 2.077638 1.683541 1.465675 2.344876 2.119772 1.537776 1.903335 2.362561 2.072981 2.305470 1.741244 1.673608 1.091909 2.019263 1.746077 1.680988 1.412992 1.991742 1.872976 1.626589 1.245110 2.380749 2.739069 2.349542 2.058925 
1.902177 2.263194 1.754383 1.911818 1.156739 2.266752 2.067944 2.409277 2.567416 1.338898 0.000000 1.057636 2.617434 2.728749 1.551784 2.638703 3.498615 4.264306 3.234919 3.866660 4.159584 3.971908 4.137760 3.234566 4.305508 3.833945 3.316161 3.417030 3.615489 3.443553 3.801721 3.936461 2.950103 3.518025 3.861566 3.729074 4.397183 2.456665 2.238716 3.410267 2.986235 2.489601 3.416762 2.971718 2.831828 2.518146 2.739468 2.316387 3.369207 2.873563 2.668840 2.357523 2.137062 2.666011 3.326443 2.383024 4.256707 2.352506 3.926984 3.988880 4.809883 3.869771 4.616348 2.648040 2.657722 2.070162 1.739846 1.079591 1.419168 1.512076 2.869556 3.490312 2.772656 3.267683 3.884290 2.732532 2.706457 2.583371 2.918789 3.960580 2.133426 4.108280 3.015853 2.831958 2.756659 2.990423 4.742173 4.083331 5.528390 2.857825 2.345143 3.831139 3.764044 2.617308 1.947237 2.437923 3.142371 2.680146 2.889498 2.815232 3.282005 2.683173 3.189360 3.913703 2.821442 2.008102 2.161933 2.599944 2.633330 1.902436 1.990481 1.448503 1.908649 1.891514 2.078302 1.924080 2.291126 2.739212 2.095141 2.440010 2.448285 3.074573 2.573997 1.763871 2.072152 2.518374 2.219187 2.933684 2.332471 2.345002 3.163744 2.854728 2.095331 2.156827 2.164863 2.648862 2.051650 2.873337 2.504945 2.852211 2.151156 3.790224 2.252558 3.274410 4.724311 2.422408 3.430427 2.756850 1.802712 2.177946 3.225322 3.702579 3.041888 2.449344 2.420370 2.372638 1.329584 2.583745 2.703319 1.842334 3.033732 2.487886 3.189920 3.239579 1.964271 3.695651 3.324301 4.160804 3.712352 3.701956 3.389253 3.643628 3.869372 3.575420 3.028318 2.633368 2.927182 3.150845 2.963489 2.847498 3.085610 2.030504 2.674509 1.921108 1.413136 2.547817 2.929357 2.225132 2.286881 2.713653 2.489094 2.143455 2.352109 2.638050 2.309550 2.908718 3.024459 2.337664 2.375983 2.487022 2.432743 2.235326 2.385449 2.418394 2.554522 2.518754 2.834151 2.526526 1.667713 1.911235 1.825075 2.243520 2.385910 1.956067 2.121057 1.781989 1.407276 2.667978 2.272497 2.596624 1.983656 2.843318 2.789756 2.185924 2.712697 2.784966 3.140189 2.746717 2.033867 1.926309 1.787744 2.646903 1.666632 2.141959 1.684624 2.675525 2.341463 2.250468 2.071713 2.209612 3.233490 2.536634 2.409212 
2.069511 2.269632 1.314932 1.600103 0.724330 1.825182 1.690330 2.350556 2.379607 1.305022 1.057636 0.000000 2.417508 2.781308 1.533361 2.854288 3.640521 3.979238 3.438743 3.879156 4.098939 4.098178 3.744583 3.355003 3.912331 4.014269 3.152990 3.676881 3.340499 3.502465 3.516652 3.887264 3.427823 3.482132 3.745713 3.652800 4.239879 2.633717 2.446396 3.011281 2.604533 2.886236 2.915753 2.945870 2.654382 2.174473 2.454400 2.360090 3.361461 2.534440 2.727752 2.301974 2.229763 2.985354 3.461690 2.654842 4.017821 2.620151 3.803941 3.929705 4.653445 3.537302 4.526517 2.601469 2.082649 2.173150 1.753247 1.468168 0.841723 1.651227 3.143755 3.268976 2.446053 3.090325 3.492669 2.277429 2.582866 2.588152 2.687325 3.563778 1.700940 4.096713 2.713923 2.386096 2.380582 2.659966 4.409787 3.585043 5.176664 2.506099 2.221452 3.327671 3.624908 2.103650 2.087464 2.498175 2.999024 2.861296 2.843854 2.769016 3.277240 2.495785 3.100054 3.883030 3.241837 2.281371 1.966859 2.378608 2.394990 1.504176 1.602011 1.489919 1.701591 1.952923 1.721634 1.933218 2.059059 2.429779 1.787149 2.021194 2.355035 2.711052 2.336893 1.759675 1.777597 2.166825 2.034397 2.610318 1.947733 1.904618 2.477565 2.422242 1.936955 1.755985 2.236156 2.235767 1.740168 2.472372 2.441959 2.881586 1.624668 3.367904 2.319006 3.077075 4.047074 1.921149 3.533414 2.675196 1.646346 1.596535 2.957239 3.099608 2.588005 2.440198 2.009778 1.665012 1.451866 2.247944 2.635197 1.739092 3.033715 2.294895 3.008848 2.911575 1.451808 3.610526 2.994857 3.819612 3.672833 3.413262 3.396481 3.460444 3.702090 3.860226 2.934745 2.547266 2.491071 2.983563 2.613319 2.411387 2.864274 1.719751 2.149443 1.579802 1.481683 2.077057 2.924237 1.936438 1.783413 2.764195 2.139497 1.815452 1.977547 2.628864 1.851281 2.662669 2.641211 1.944562 1.953857 2.255624 2.550642 2.125367 2.253273 2.109236 2.225078 2.162643 2.398040 2.090415 1.898933 1.772521 1.852508 1.941895 1.853509 1.689386 2.019769 1.365364 1.631274 2.078468 2.288217 2.561848 2.024035 2.487206 2.514366 2.288060 2.276585 2.041301 2.824397 2.797259 1.885275 2.059295 1.763277 2.291552 1.583765 2.160848 1.678545 2.196589 1.916821 1.809176 1.806867 1.799045 2.967089 2.643247 2.353663 
2.891414 2.541469 3.143867 1.885660 2.815123 1.817855 2.192108 1.944873 2.145811 2.227110 2.617434 2.417508 0.000000 0.850557 1.698107 1.029201 1.503999 1.803203 2.328672 1.624995 1.858934 1.755059 1.649975 1.676672 1.734478 1.709761 1.173591 1.657927 1.811932 2.153781 1.274817 1.640230 2.030965 1.480355 1.504318 1.442681 1.973038 1.470243 2.057140 1.844967 1.507943 2.153471 1.784842 2.501969 2.300013 2.263025 1.031495 1.358437 1.068051 0.671120 1.150279 1.291642 1.215593 2.004902 2.290983 1.640516 2.937978 1.439723 2.684392 2.327078 3.408669 2.834507 3.154702 1.375926 1.851051 1.904540 2.302107 2.706409 2.717226 2.204725 1.721646 1.655767 1.311344 1.984065 1.776665 1.929198 1.211805 2.334092 2.451980 3.228862 1.403797 3.476642 1.330978 1.417400 1.834683 1.219021 3.363432 2.664302 3.717141 1.189063 1.729667 2.014858 2.278405 1.567264 1.510360 2.063625 1.498349 1.550057 1.618126 1.531821 2.103323 1.301906 1.898143 2.797134 2.430161 2.347773 2.008939 1.995739 2.237489 2.159839 2.175421 2.641222 1.995843 2.225106 2.132132 2.219210 2.297269 2.721319 2.212720 2.607226 2.221487 2.146859 2.110618 2.931871 1.639718 2.505516 3.066282 3.263386 1.910872 2.466100 2.925116 2.095155 2.048626 1.804795 2.049295 2.316000 2.565233 2.456895 2.542022 1.037358 2.174861 3.182237 2.831634 1.957406 3.405349 1.924904 2.413190 1.611847 2.471749 2.072791 1.212724 3.196452 3.810765 2.404875 2.340556 1.804836 2.925100 2.860092 3.004103 2.208173 3.055555 2.007728 2.554456 1.871436 2.076730 2.510736 1.362444 2.577376 2.149010 1.615839 1.857384 2.147583 1.991824 2.162855 1.446403 2.074202 1.607911 1.628597 1.254907 1.195412 1.076550 2.241337 2.471669 2.496609 1.778360 2.351885 1.731355 1.385681 1.320808 1.883208 2.070729 1.140501 2.088583 2.503637 2.205438 2.062700 2.624366 2.512472 2.777554 1.987916 1.569840 2.094882 1.935848 2.022370 1.516253 2.152575 1.849343 2.027116 3.067389 1.726513 3.060990 2.145873 2.025955 1.916019 2.704312 2.885732 3.084414 2.403691 2.358078 2.925463 2.137511 2.560298 1.997659 2.476897 2.115474 3.623071 3.515459 1.981489 2.567568 2.575485 1.397138 1.360700 2.308624 1.260676 1.626385 2.338331 2.380133 1.579412 2.000668 2.871719 2.833199 1.255008 1.184431 
3.130904 2.864484 3.461035 2.129291 3.163379 2.290297 2.534334 2.355612 2.270570 2.436170 2.728749 2.781308 0.850557 0.000000 1.675035 1.232094 1.552428 1.963607 2.017737 1.584946 1.881279 1.640760 2.022967 1.474150 2.070728 1.652473 1.566101 1.631616 2.054425 2.195146 1.555234 1.812782 1.601775 1.616927 1.858341 1.768899 1.925599 1.899433 2.126381 2.213055 2.238330 2.296331 2.561860 2.713553 2.583576 2.649056 1.433813 1.789982 1.355275 1.198321 1.004166 1.433489 1.048025 1.407996 1.791120 1.302825 2.494147 1.411336 2.301784 2.075670 3.111740 2.358214 2.853788 1.531817 2.359908 2.105925 2.284981 2.684390 3.081026 2.305677 1.502946 1.594122 1.726795 1.661507 1.722967 2.024106 0.951427 2.879788 2.777390 3.157374 1.705030 2.924433 1.276033 1.439293 1.853846 1.176529 3.472916 2.757344 3.408461 1.091180 1.759953 2.213718 2.222500 1.857526 1.518118 1.892293 1.569812 1.647246 1.936046 1.670710 2.297494 1.615556 1.936264 2.894240 2.064353 1.931833 2.219441 2.024623 2.534624 2.471272 2.539222 2.742174 2.205585 2.177862 2.407139 2.314878 2.551550 2.964949 2.456350 2.861507 2.362190 2.508533 2.414225 3.186152 1.883751 2.759797 3.320564 3.517668 2.214901 2.720382 3.215379 2.427740 2.302907 1.899076 2.372956 2.570282 2.819514 2.778939 2.616068 0.912186 2.607627 3.433356 3.001552 2.227257 4.182368 2.179186 2.439679 2.183620 2.677647 2.448273 1.322994 3.519699 4.111679 2.569509 2.585597 2.087958 3.026052 3.264950 3.174020 2.398816 3.225472 2.198269 2.852796 2.218428 2.429879 2.364909 1.512355 2.411704 2.277646 1.662625 1.854175 2.149971 1.764209 1.908428 1.782380 2.327003 2.241825 2.163647 1.881011 1.672608 1.755665 2.558505 2.783367 2.849758 1.987421 2.705034 1.531830 1.845070 1.881067 2.117932 2.248027 1.563066 2.496061 2.421919 2.164817 1.905263 3.112878 2.829640 2.954688 2.409520 2.024599 2.150073 2.356715 2.351343 1.975699 2.469743 2.478916 2.352604 3.379273 2.043682 3.208575 2.612704 2.327188 2.085937 2.530108 3.192249 3.448214 2.805080 2.448379 3.149435 2.227812 2.866814 2.299571 2.646814 2.421991 3.985073 3.885903 2.065403 2.524536 2.612070 1.606198 1.623486 2.447719 1.526707 1.862833 2.660289 2.702194 2.011086 2.359288 3.214691 2.987182 1.200135 1.350859 
1.527978 1.354494 2.100274 1.732481 1.771530 1.755738 1.997478 2.059670 2.164346 1.208056 1.551784 1.533361 1.698107 1.675035 0.000000 1.836508 2.624183 2.988615 2.548240 2.970926 3.172224 2.935998 2.806801 2.266126 2.992127 2.798035 2.332848 2.552435 2.620667 2.657033 2.462121 2.760654 2.553377 2.602557 2.935759 2.629536 3.300852 1.857855 2.090346 2.238084 2.080719 2.169179 2.371350 2.588509 2.149071 2.443324 1.408510 1.340429 2.387389 1.729271 1.588895 1.506832 1.388101 1.822765 2.286376 1.639188 2.983862 1.690597 2.817765 2.576992 3.575548 2.996400 3.343504 1.572632 1.722117 1.063593 1.057841 1.502827 1.712288 1.559202 1.882829 2.129223 1.738780 2.165260 2.479191 1.699431 1.284207 1.628534 1.760033 3.023343 1.729828 3.266755 2.088333 2.321775 2.021015 2.430378 3.604618 2.951397 4.298245 1.967276 2.083451 2.713820 2.650037 1.722586 1.180742 1.806766 1.970189 1.893775 2.038495 1.688426 2.166322 1.690426 2.127351 2.860132 2.274316 1.944541 1.446654 1.336948 1.621554 1.360511 1.487764 1.381413 1.238391 1.195899 2.093412 2.144052 2.462094 2.614594 2.059541 2.522051 1.996874 2.403213 2.321898 2.846696 1.744164 2.420341 2.981108 3.178211 1.825697 2.380925 2.668310 2.128269 2.078365 1.654974 1.926839 2.527280 2.480058 2.358610 2.082109 2.040542 1.804589 3.288155 1.959756 2.552687 3.847603 2.089730 2.265947 1.905389 1.580357 1.633645 2.337961 3.499208 3.621964 2.447508 1.533749 1.931152 1.665291 2.076297 2.656420 1.373002 2.850627 2.019344 2.424107 2.267694 1.265947 2.604624 1.984515 2.887959 2.554028 2.150171 2.459880 2.574723 2.457484 2.399404 1.958248 1.940363 1.781961 1.952290 1.664209 1.852247 1.940389 1.509083 1.934234 1.603427 1.042776 1.830298 1.679872 1.147332 1.205396 1.437731 1.677577 1.268523 1.323863 1.483885 1.392858 1.635873 1.924509 2.085675 1.724164 1.272642 1.510051 1.100412 1.755670 1.771593 1.451600 1.727008 1.688930 1.925891 2.684530 1.589241 1.923904 1.908630 1.575091 1.477401 2.033902 1.774135 2.153238 1.967654 1.653267 2.302799 1.206230 2.044277 1.927244 1.772969 1.852292 2.506292 2.805743 1.737141 1.399327 1.338014 1.169513 1.616686 1.262667 1.203139 1.476021 2.069413 1.883568 1.326767 1.466267 2.767611 2.842469 1.681773 1.658504 
3.024353 2.722007 3.227681 2.010073 3.127387 2.062007 2.296798 1.681574 1.765232 2.369090 2.638703 2.854288 1.029201 1.232094 1.836508 0.000000 1.490899 1.992548 2.665390 1.937099 2.393538 1.777686 2.103249 1.922569 1.970088 1.683516 1.892127 1.378637 1.753285 2.581674 1.547021 1.841207 2.118526 1.756398 1.932005 1.420622 2.217622 1.431460 1.667110 1.807759 1.417829 1.359421 1.772448 1.761602 2.070164 1.842814 1.443223 1.624177 1.899601 1.274834 1.501035 1.507753 1.078545 1.956257 2.734306 1.750771 3.332448 1.145349 3.013088 3.051902 3.591932 3.158121 3.260271 1.747472 2.207127 1.797505 2.264631 2.358472 2.863216 1.948670 2.026522 2.224115 1.912093 2.184847 2.645866 1.925674 1.802057 2.144596 2.042197 3.925742 1.666809 4.092801 1.819373 2.011383 2.374030 1.891578 4.011826 3.312697 4.195173 1.699885 2.149043 2.663253 2.990868 1.704880 1.387741 1.494323 1.252979 1.090810 1.146858 1.147955 1.891737 1.318126 1.325860 2.221087 1.858685 1.933109 1.986086 2.090818 2.215901 2.440824 2.391874 2.566986 2.138532 2.124072 2.056355 1.635501 2.071357 2.864034 2.381342 2.563133 2.110545 2.107757 1.889888 2.887778 1.815804 2.279605 3.022189 3.068563 1.939700 2.454492 2.963734 2.248234 2.035621 1.672118 1.897094 2.125320 2.339321 2.417792 2.492188 0.876846 2.251885 2.793781 2.256614 2.756097 3.410752 1.765359 1.943013 1.422624 2.465312 2.008904 1.488099 2.685410 3.662574 1.899933 2.565247 1.896217 2.723100 2.928362 2.429083 2.104710 2.480535 1.405155 2.079482 1.864985 2.409529 3.182484 1.922347 2.799545 2.881889 2.367592 2.250595 2.890824 2.640388 2.484563 2.045608 1.949953 1.854378 1.521156 1.621793 1.687087 1.857041 2.319969 2.513017 3.011226 1.920340 2.866502 2.043173 1.950967 1.590517 2.038779 2.050281 1.585828 2.407638 2.132499 2.320929 2.079010 2.623725 2.762560 2.763544 2.154822 1.785446 2.245886 2.143161 2.180767 1.744665 2.370783 2.239763 2.482279 3.331982 1.794783 3.050620 2.219324 2.261011 1.793353 2.960098 3.140811 3.579367 2.715764 2.388874 2.581571 2.068265 2.565376 2.105253 2.078950 2.120553 3.955870 3.529675 1.768071 2.473097 2.234969 1.388388 1.354462 2.609186 1.713273 1.685459 2.617970 2.681844 1.881123 2.141477 2.963384 2.171350 0.907386 1.167074 
3.844985 3.744574 4.314974 2.993297 3.986230 2.852139 3.282091 2.536064 3.024773 3.290108 3.498615 3.640521 1.503999 1.552428 2.624183 1.490899 0.000000 1.133856 1.926405 0.818709 1.115711 0.599264 1.240887 1.263380 1.236943 0.555432 0.992477 0.833843 1.657053 1.890784 0.644617 0.706456 1.697615 0.959964 1.356436 0.920147 1.381327 1.894892 2.430310 2.072372 2.128824 2.179421 2.295217 2.816404 2.935589 2.909938 1.759283 2.134861 1.617356 1.754737 1.332808 2.630912 2.283503 2.297034 2.471495 1.579045 3.301251 1.643035 2.862354 2.648441 3.315046 3.034265 3.134929 2.739968 3.257747 3.054312 3.371879 3.636074 3.877970 3.267723 2.045294 2.276115 2.397775 2.230010 2.219381 2.767820 2.011056 3.080301 3.096792 4.158847 2.781566 3.962936 2.195924 2.676569 3.023672 1.972670 4.426750 3.727620 4.337489 2.328537 2.763714 3.078176 3.244698 2.469105 1.803925 2.334886 1.442333 1.458727 1.535511 1.618284 2.376987 1.535513 1.583404 2.342637 2.279444 2.200949 3.073379 2.933619 3.272036 3.471052 3.359926 3.704221 3.150779 3.032089 2.932107 2.846446 3.038777 3.602933 2.912517 3.348734 2.994993 3.028474 2.852126 3.491561 2.688503 3.247024 3.625972 4.004894 2.678599 3.207608 3.796368 2.976770 2.790134 2.524426 2.682695 3.057508 3.306741 3.338509 3.169672 1.620981 3.059743 3.074691 3.299805 2.849269 3.796147 2.686077 2.577279 2.085054 3.250698 2.927108 1.900493 3.138250 4.541911 3.081055 3.533299 2.856441 3.988099 4.031199 3.748136 3.325247 3.454760 2.446150 3.351833 2.651422 3.405787 2.731334 1.905132 2.591861 2.537023 2.156858 2.028910 2.298480 2.532171 2.355345 2.407133 2.910747 2.712228 2.222684 2.487694 2.347050 2.097918 3.412444 3.532882 3.815171 2.841359 3.705871 2.610799 2.828579 2.558569 2.807781 3.121903 2.529610 3.245110 3.243408 3.156419 2.801193 3.605580 3.683578 3.751631 3.192462 2.724602 3.047516 3.302732 3.313416 2.892192 3.446401 3.180039 3.459477 4.045276 2.897620 4.234888 3.316980 3.317146 3.011650 3.489366 4.196946 4.183782 3.714904 3.723068 3.738462 3.340616 3.657288 3.243956 3.289895 3.226635 4.929103 4.632512 2.875049 3.637340 3.505151 2.460137 2.435785 3.422696 2.514163 2.720868 3.633627 3.783093 2.890626 3.171775 3.840875 3.512111 2.025045 2.223292 
3.911344 4.202270 4.736685 3.334350 4.407941 3.324108 3.529295 3.065883 3.399111 3.873982 4.264306 3.979238 1.803203 1.963607 2.988615 1.992548 1.133856 0.000000 2.561769 1.481530 1.030204 1.248116 1.245802 1.506313 0.871750 1.121908 1.605373 1.255247 1.384520 1.272002 0.941683 0.732849 2.671576 1.670597 2.114471 1.677135 1.774405 2.744746 3.105246 2.562678 2.573041 3.036175 2.334746 3.491340 3.484347 3.331093 1.794652 2.599808 2.288553 1.647089 1.858715 3.041511 2.734634 2.912743 3.193643 2.267471 3.790782 2.454726 3.454302 3.241681 3.804577 3.412433 3.681374 3.141479 3.623166 3.512007 3.829575 4.219948 4.273774 3.851597 2.842821 2.603483 2.660066 2.753975 2.611307 3.156850 2.358514 3.537997 3.554488 4.367045 3.063285 4.398413 2.513513 2.915918 3.304807 2.476473 4.743756 4.039445 4.664857 2.567886 3.129241 3.374456 3.680175 2.904805 2.569616 2.457620 1.918366 2.163925 2.168762 2.022226 3.029456 2.229742 2.310744 2.995105 3.136198 3.143076 3.495090 3.229153 3.567569 3.820640 3.726789 4.288094 3.455328 3.605311 3.386414 3.430320 3.551551 3.989529 3.480931 3.861508 3.543751 3.415070 3.364900 4.186153 2.958262 3.759798 4.320564 4.517668 3.165154 3.720382 4.001617 3.363366 3.302908 3.087341 3.357631 3.570282 3.819515 3.725105 2.910919 2.122451 3.419278 3.613087 3.883679 3.358456 3.428820 3.179186 2.655265 2.601688 3.682487 3.222641 2.242769 3.649010 4.458830 3.664929 3.934000 3.153136 4.571973 4.452910 4.332009 3.855045 4.038634 2.890974 3.809529 2.890771 3.687506 3.240521 2.232500 2.919230 3.100594 2.349512 2.664275 2.881956 2.913594 3.026694 2.828300 3.326790 3.007762 2.572271 2.769412 2.645450 2.366174 3.834155 3.828416 3.627628 3.425233 3.557537 3.012310 2.804598 2.882538 2.827744 3.505219 2.860489 3.535330 3.701104 3.450427 3.245074 3.901113 4.105290 4.028265 3.542050 3.207690 3.491397 3.584451 3.677888 3.173911 3.751061 3.461758 3.741196 4.648805 3.319331 4.661231 3.738691 3.612679 3.493926 4.061011 4.492479 4.715742 4.010438 4.150654 4.322335 3.798312 3.939007 3.496808 3.873769 3.508353 5.224636 5.162331 2.971780 4.095036 4.089024 3.044010 2.717503 3.734803 2.849936 3.246591 3.917825 4.064811 3.186159 3.593487 4.193958 3.895279 2.451780 2.675320 
