241 241
0.000000 0.769946 1.863730 1.739952 1.955019 2.010570 1.481740 2.073700 1.445248 2.651980 2.320925 1.940512 1.786280 1.389248 1.695675 1.311995 1.502133 1.641662 2.211479 2.512938 1.124769 2.318079 3.083353 3.410974 3.361247 3.339675 2.873288 3.042891 3.252333 3.037767 2.805657 2.643369 3.046600 3.429190 2.949387 3.364871 3.282524 3.129922 3.418032 2.046400 2.343865 2.501108 2.300609 2.198077 2.199864 2.264648 2.847691 2.445334 1.703901 2.024045 1.887818 2.778974 2.190274 1.994358 2.025998 2.023973 2.259361 2.790147 2.105450 3.536537 3.371090 2.820278 3.025245 2.122454 3.186711 3.079437 2.378834 3.147639 2.910991 1.126327 1.094909 1.535884 1.695106 2.384284 2.496637 2.723838 1.532514 2.055496 2.698201 1.991911 1.919052 1.079753 1.351317 3.579544 2.004916 4.022818 2.685625 2.694691 2.449935 4.201165 5.079769 2.562292 3.385011 2.355310 3.014222 3.317403 2.064934 1.863916 1.984266 2.005772 2.496759 2.471652 2.064240 2.172849 2.206970 2.386885 2.725243 2.367672 2.814715 1.288868 1.192993 1.325379 1.242308 1.150330 0.968662 1.180768 1.967470 2.430133 2.647618 2.261421 2.202460 2.560180 2.376951 2.220435 2.005660 2.382255 2.154105 2.549174 2.364869 2.013067 2.210848 2.482013 1.986839 2.635109 2.051538 1.797366 1.939810 3.461584 3.513648 1.861401 2.964182 3.373007 2.277189 1.948939 2.110116 1.890866 2.083860 2.856707 3.516797 2.803543 2.372123 1.825718 1.745761 1.505004 2.355624 2.236296 2.683164 1.658296 2.621939 2.194594 2.610727 2.292133 1.674221 2.164965 2.476866 2.423977 2.403987 2.163560 2.645981 2.361079 1.330836 1.785383 1.605738 1.537707 1.752090 1.888972 1.646173 1.819639 1.877806 1.664287 1.242805 1.551682 1.404638 1.361454 2.506916 1.810982 4.852468 1.563079 1.464661 1.572431 1.856844 1.175251 0.969554 1.255543 1.149423 1.181424 1.757226 1.509932 0.878743 1.240579 1.887369 1.152744 1.037032 1.529502 0.934815 1.028832 1.281817 1.423039 1.460153 1.483680 2.075221 1.682256 1.647334 1.662279 1.290180 1.355679 1.073338 1.070417 1.051068 1.770142 1.848336 1.734682 1.814778 1.137147 1.354715 1.500256 1.275435 1.542270 2.135147 2.196476 2.015754 1.013182 1.754547 1.735208 1.703554 1.291908 2.492495 2.735265 2.075946 2.313459 2.186021 
0.769946 0.000000 1.496776 1.362193 1.591377 1.561969 1.283027 1.638194 1.196831 2.124635 1.879841 1.535420 1.504078 0.907233 1.365660 1.318388 1.328042 1.350499 1.822286 2.153956 0.866584 1.916269 2.897894 3.222277 3.087649 2.990346 2.649782 3.088973 2.975040 2.594524 2.757299 2.964322 2.734741 3.152613 2.724325 3.357992 3.079281 2.738618 3.438393 1.732092 1.949931 1.923192 1.647150 2.039433 2.181512 2.087833 2.385287 1.999683 2.069966 1.782177 1.341701 2.472115 2.255444 1.616569 1.546137 1.706997 2.064310 2.736891 2.002269 3.254827 2.987378 2.475127 2.504374 1.751282 3.029537 2.929140 1.845256 2.808515 2.683451 0.671761 0.765339 1.396627 1.263279 2.165392 2.272729 2.276679 1.277949 1.802146 2.244426 1.568026 1.345428 0.951234 1.163583 3.324160 1.634647 3.671637 2.321601 2.329447 2.130571 3.822985 4.714703 2.198788 3.005207 2.108592 2.564774 2.954713 1.647707 1.632406 2.067335 1.952509 1.933578 1.985608 1.855493 2.091764 1.815256 1.941023 2.341165 2.311596 2.242522 0.854557 0.836625 0.935713 0.860725 0.840217 0.619542 0.868714 1.749482 1.886365 2.165603 1.767780 1.645772 2.046846 1.899539 2.040533 1.510774 2.031709 1.672090 2.174132 1.913173 1.631265 1.689293 1.994092 2.169776 2.300559 1.574048 1.627966 1.641678 3.021283 3.103923 1.467943 2.661017 3.255144 1.795174 1.605925 1.657280 1.667634 1.588968 2.482580 3.060236 2.889360 2.082879 1.317147 1.310491 1.130627 2.012846 1.825722 2.249342 1.342162 2.284502 1.903342 2.220181 1.855654 1.273109 1.711132 2.156941 2.117378 2.142562 2.086171 2.131157 2.104135 0.960993 1.451051 1.145427 1.254221 1.232346 1.400299 1.196869 1.426099 1.355221 1.178998 0.850413 1.158930 1.004229 1.233537 2.136501 1.691244 4.532429 1.128694 1.080998 1.439478 1.321225 0.976173 0.651005 1.017847 0.880516 1.009853 1.532634 1.239219 0.671490 0.874158 1.405355 1.128211 0.505456 0.997286 0.669841 0.772004 1.018953 1.069281 0.934701 1.021648 1.885619 1.271682 1.394654 1.344659 1.035074 1.400029 0.801536 1.113209 0.881970 1.182575 1.402685 1.210008 1.362901 0.922669 1.035092 1.132035 0.877582 1.152366 1.803950 1.924020 1.639379 0.900916 1.361542 1.371468 1.226937 0.943152 2.141949 2.343072 1.730487 1.903483 1.730168 
1.863730 1.496776 0.000000 0.546238 2.327562 2.070241 2.067141 2.463866 2.101765 2.899945 2.698342 2.394851 1.528314 1.857427 2.182018 2.182298 2.072068 1.938103 1.472722 1.477544 1.527561 1.947976 1.774240 2.243895 2.315633 2.074603 1.977213 2.083734 2.292956 2.520417 2.432882 2.643613 1.878447 2.221857 2.234445 2.139810 2.116845 2.067328 2.351299 2.613309 2.773223 2.345699 2.552294 2.887044 2.842719 2.684216 3.299149 2.774558 2.024972 1.825907 1.850922 1.310640 1.756454 1.899241 1.531100 1.575968 1.074758 1.417750 1.356515 2.149206 1.781324 1.457259 1.307846 1.252381 1.948011 1.894991 1.366247 1.710809 1.578377 1.325642 1.306364 2.205089 2.283767 0.947254 1.007071 0.993779 0.804581 0.899029 0.889411 0.974654 1.144656 1.893197 1.828895 1.925192 1.785869 2.393151 0.979558 1.252334 1.404707 2.499972 3.275502 0.964618 1.724510 0.878386 1.281134 1.654005 2.181676 2.335985 2.902082 2.679474 2.460027 2.842173 2.541030 2.888793 2.594550 2.843675 3.175913 3.109639 3.131815 1.519588 1.295456 1.666372 1.840885 1.513931 1.686858 1.514652 2.573909 2.729264 2.971219 2.566123 2.547037 2.650206 2.652331 2.802778 2.412776 2.782780 2.549995 2.943775 2.438966 2.151336 2.680781 2.791603 3.071048 1.610826 2.309491 1.425592 1.976918 3.850265 4.059740 2.392618 1.431889 4.008149 2.534124 2.430367 2.643742 2.354376 2.341105 1.751281 3.797828 3.640431 3.038696 2.080193 2.139473 2.122396 2.688777 2.509624 3.205159 2.228484 3.240319 2.808249 3.035348 1.912071 1.777315 0.763058 1.251324 0.828192 0.892035 1.180984 0.880389 1.071974 1.199868 1.430539 1.061508 1.365382 1.603372 1.509941 1.054498 1.159729 1.072437 1.048280 1.525426 1.689521 1.733049 1.439060 3.254384 3.016136 5.781196 1.008176 1.607989 1.582880 1.230299 1.228837 1.274830 1.698327 1.523518 1.288463 1.954360 1.460565 1.718354 1.717433 2.144304 1.635790 1.496684 1.407419 1.237491 1.698412 1.346270 1.458562 1.323409 1.150902 2.657563 1.989992 2.006162 1.735635 2.182481 1.646941 1.876548 1.985597 1.597603 1.958012 2.244227 1.994086 1.848408 1.351043 1.570307 1.343451 1.870745 1.740518 1.674678 0.813291 1.428832 1.234649 1.176835 2.008567 1.881008 1.527443 2.826353 3.303288 2.155976 1.758259 1.875826 
1.739952 1.362193 0.546238 0.000000 2.164788 2.003853 1.975572 2.485652 1.975192 2.610488 2.402234 2.175667 1.246555 1.771577 2.096167 2.055724 2.028693 1.959547 1.095588 1.072088 1.266271 1.547043 1.830785 2.054922 2.115454 1.990516 1.759288 1.990850 2.092777 2.021263 2.159093 2.232291 1.713273 2.118064 1.961889 2.067663 1.975768 1.878058 2.210222 2.225266 2.477115 2.034034 2.188689 2.565810 2.443362 2.403467 2.995446 2.502547 1.703843 1.376665 1.564240 1.279831 1.445644 1.522106 1.469687 1.257638 0.982850 1.472114 1.155505 2.135035 1.793435 1.441464 1.400153 0.879240 2.127398 1.856382 1.000031 1.687247 1.532496 1.228974 1.191581 2.097016 2.120993 1.053038 1.101341 1.019077 0.455631 0.723767 1.131582 0.547217 0.945661 1.468979 1.363739 2.424770 1.796404 2.707454 1.281391 1.518946 1.099993 2.864684 3.516168 1.111364 1.951400 1.164758 1.727854 2.012753 2.083968 2.000236 2.413837 2.283165 1.962990 2.343019 2.041876 2.558498 2.106305 2.368959 2.687667 2.690539 2.674433 1.182753 1.198610 1.436713 1.614664 1.458452 1.594647 1.234406 2.560347 2.637329 2.981754 2.576658 2.485624 2.594426 2.585942 2.813312 2.326925 2.804224 2.488241 2.989657 2.449112 2.117426 2.553637 2.802138 2.929439 1.311852 1.965468 0.977651 1.692767 3.565067 3.763632 2.063192 1.799175 3.751838 2.467735 2.071590 2.255698 2.107715 2.117287 1.565632 3.574010 3.661874 2.742588 1.856374 2.013831 2.036545 2.632645 2.520159 2.909051 2.012936 2.944212 2.519415 3.021786 1.640060 1.760179 0.641663 1.120545 0.827049 0.901324 1.012204 0.911678 1.052369 1.048280 1.315958 0.744027 1.116171 1.308357 1.165295 0.755757 0.958644 0.732928 0.674085 1.529600 1.623133 1.647199 1.484942 3.068623 2.918549 5.677149 0.647875 1.345022 1.252406 1.184245 1.048698 1.046087 1.332914 1.199991 1.092611 1.740772 1.031636 1.430197 1.433971 2.154839 1.404528 1.156909 1.177147 0.944988 1.382198 1.135521 1.385813 1.116169 1.180707 2.668098 1.875410 2.027606 1.697092 1.905957 1.402896 1.767710 1.863572 1.467167 2.002141 2.105549 1.962392 1.680397 1.228536 1.471823 1.222510 1.568277 1.511077 1.334127 0.668166 1.313040 1.077955 1.031395 1.845793 1.805027 1.423771 2.847797 3.031618 1.859869 1.387763 1.604156 
1.955019 1.591377 2.327562 2.164788 0.000000 0.511556 1.528222 1.046195 1.482138 1.102173 1.097645 0.911273 1.134549 1.241590 0.749108 1.336308 1.442143 0.756085 1.218066 1.383351 1.174979 0.916274 2.788837 2.296780 2.201090 2.135882 2.163690 2.328179 2.095813 1.656861 1.918382 2.516912 1.997050 2.269033 1.805672 2.403496 2.163885 1.827947 2.534239 0.934444 0.942046 1.201419 0.865043 1.211926 1.191084 1.139504 1.209282 1.059970 1.700550 1.374161 1.206950 1.908099 1.611018 1.094383 0.845501 1.030348 2.108583 2.962255 1.947063 3.997522 2.596404 3.493309 2.850919 1.760196 3.725947 3.896941 2.214915 3.562922 3.547697 1.142275 1.302324 0.995957 0.787956 2.324896 2.439346 2.404709 2.205581 2.537571 2.475811 1.898300 1.528515 1.582049 1.765392 3.475938 0.842712 3.766593 1.764023 1.283270 1.462011 3.734468 4.167116 1.487184 3.480337 1.691141 2.290101 2.819324 0.606094 1.090785 1.518415 1.011532 1.301329 1.193165 1.182521 1.425601 1.143646 1.290747 1.405246 1.446460 1.392181 1.724896 1.235922 1.257221 1.500892 1.280974 1.569279 1.286486 0.913076 0.824663 1.226694 0.869504 0.806977 1.110949 0.721029 1.168419 0.632401 1.152645 1.026259 1.263826 1.168756 0.522059 1.063380 1.196836 1.407927 1.238103 0.933551 1.976475 1.355327 1.782834 1.831562 1.615044 2.617558 2.266968 0.735955 0.954187 1.009341 1.236914 1.239248 1.566973 1.701154 1.828478 0.947646 1.244619 1.395202 1.232451 1.430604 1.743167 1.538140 1.181714 1.496695 1.118455 1.555168 1.673175 1.101441 2.274969 3.077341 2.632045 2.633562 3.124036 2.794895 2.885656 1.209554 1.278841 1.825836 1.926102 1.380658 1.567364 1.682803 1.772944 1.892375 1.807447 1.295496 1.251018 0.768967 1.799153 2.762038 2.735071 6.123807 2.080896 1.078669 1.639056 1.538118 1.795439 1.880892 1.636282 1.491816 1.778701 1.609431 1.914044 1.595071 1.736928 1.150098 1.726190 1.527847 1.341133 1.867971 1.375873 1.934414 1.353973 1.447719 1.714874 1.620256 0.866179 1.410455 1.187765 1.549139 2.326694 1.735155 2.156073 1.389750 1.734481 1.665727 2.027312 1.464187 1.480390 1.667075 1.620359 1.341640 0.720377 0.953106 1.953023 1.045956 1.713219 1.563193 0.706074 0.739899 1.084546 1.393349 1.253573 0.596641 1.001781 0.736161 
2.010570 1.561969 2.070241 2.003853 0.511556 0.000000 1.546131 0.956055 1.447769 0.949080 1.019020 0.838582 1.002451 1.201594 0.674166 1.538812 1.357817 0.624967 1.170454 1.445245 1.181507 1.183671 2.701936 2.376049 2.327041 2.068909 2.145442 2.309106 2.201102 1.932396 1.858467 2.451091 2.069148 2.228182 1.805809 2.439475 2.184861 1.940583 2.543973 1.162281 1.340265 1.146044 0.838362 1.502682 1.315316 1.052962 1.313980 1.267755 1.882083 1.190892 1.160019 1.737226 1.486075 1.101641 0.733733 1.129642 2.162624 2.919227 2.062119 3.957070 2.562809 3.428759 2.738177 1.790140 3.855965 3.856488 2.053980 3.498373 3.523211 1.111466 1.415028 1.269556 0.966385 2.303862 2.302508 2.252640 2.036532 2.453845 2.242588 1.761462 1.134113 1.599477 1.753473 3.251525 0.563726 3.718238 1.537768 1.242612 1.345473 3.525340 3.933892 1.257451 3.200794 1.656813 1.829033 2.696807 0.423652 1.243568 1.697053 1.305303 1.468753 1.442795 1.471272 1.725986 1.415108 1.489617 1.646097 1.736187 1.591051 1.684443 1.094198 1.310833 1.528258 1.180001 1.682333 1.302843 1.081309 0.802393 1.159719 0.754623 0.876659 0.879558 0.617872 1.184005 0.738358 1.189461 0.980388 1.198942 0.901262 0.593924 1.195565 1.005230 1.544606 1.321786 0.878339 1.957039 1.314874 1.864580 2.187562 1.585184 2.296274 2.034181 0.645701 1.199908 1.175674 1.235873 1.039914 1.378175 1.783052 1.865294 1.254373 1.015407 1.208948 1.487464 1.384649 1.392715 1.652977 1.304501 1.782612 1.313527 1.575757 1.427139 0.902421 2.078943 2.892310 2.460536 2.482990 2.986725 2.637596 2.851557 1.048619 1.294244 1.714724 1.766967 0.991879 1.410065 1.425483 1.357819 1.710980 1.742897 0.979875 0.990062 0.921982 1.451446 2.739139 2.644480 5.718227 1.992250 0.767048 1.574507 1.099272 1.549281 1.699498 1.575369 1.311256 1.660903 1.640418 1.816994 1.628675 1.468854 1.052885 1.803358 1.418765 1.276584 1.779326 1.457217 1.756619 1.235488 1.053317 1.259779 1.562742 0.700682 1.090484 0.935440 1.667235 2.390034 1.664488 2.046790 1.585745 1.325265 1.506352 1.673154 1.180468 1.576867 1.370050 1.494180 1.386709 0.705030 1.167944 1.894779 0.852523 1.686432 1.402258 0.824494 0.459343 0.863901 1.446114 1.515080 0.622794 1.041188 0.718407 
1.481740 1.283027 2.067141 1.975572 1.528222 1.546131 0.000000 1.290750 0.653936 2.020735 1.678991 1.198481 1.550226 0.648057 1.079425 0.750683 0.422958 0.943387 1.924517 2.268990 1.006919 2.139044 2.883122 3.300884 3.293387 3.115889 2.709220 3.171832 3.208569 2.790989 2.744574 3.023648 2.822814 3.289040 2.803861 3.383503 3.143892 2.880243 3.514246 1.997235 1.803352 2.105389 1.813935 2.110763 2.299308 2.177313 2.277416 1.354608 1.974140 1.909350 1.686332 2.666557 2.344231 1.715820 1.743986 1.784475 2.165172 2.825056 2.045556 3.859868 3.187786 3.167921 2.852688 1.868834 3.428292 3.589009 2.126679 3.513211 3.422866 1.398396 1.140218 0.883554 1.069456 2.484422 2.547023 2.570425 1.920602 2.465680 2.680816 1.833422 1.658067 1.673350 1.802396 3.190858 1.473084 3.512477 2.244869 2.137248 2.174035 3.884200 4.761438 2.161569 3.327404 1.833879 2.621143 3.030876 1.615834 1.724214 2.252355 1.845722 2.169390 2.163513 2.106572 1.640156 2.038724 2.276383 2.542344 2.418755 2.482480 1.741401 1.456599 1.172723 1.477300 1.139168 0.998194 1.329535 1.231177 1.768558 1.879137 1.419959 1.608694 1.993668 1.717890 1.533990 1.339855 1.336913 1.593327 1.877112 1.863759 1.433586 1.603746 1.813713 2.030508 2.348422 1.614745 1.984529 1.869131 2.773685 2.630635 1.503276 2.779588 3.178125 1.580209 1.886630 1.910726 1.209401 1.338573 2.469309 2.615109 2.054428 1.832614 1.136822 1.548935 0.876827 1.513508 1.700261 1.800981 1.352330 1.984993 1.785564 1.300589 2.131941 1.012855 2.399546 2.925594 2.696152 2.730264 2.757227 2.862122 3.015722 1.473211 1.300812 1.934871 1.941072 1.809569 2.129761 1.916533 1.848302 2.040036 1.917184 1.219889 1.443580 0.821690 1.424703 2.283998 2.146446 4.973601 2.146083 1.293342 1.784102 1.594427 1.640133 1.392150 1.849724 1.661086 1.490188 1.113022 1.978466 1.293153 1.750480 0.938010 1.278114 1.516484 1.507146 1.491688 1.546740 1.641201 1.467238 1.661898 1.482537 1.089453 1.020079 0.888239 1.032434 1.396881 1.570174 0.960956 1.214728 0.920957 1.578793 1.484631 1.428094 1.447265 1.697388 1.785723 1.919984 1.501540 1.155110 1.795551 1.939919 1.633978 1.133694 1.460492 0.998763 1.205898 1.258910 1.368314 2.072770 1.712206 2.024850 1.813631 
2.073700 1.638194 2.463866 2.485652 1.046195 0.956055 1.290750 0.000000 1.059997 1.053256 1.304307 0.755987 1.362283 1.089980 0.689341 1.212872 1.100189 0.825336 1.555724 1.899285 1.406714 1.456707 3.138131 2.768660 2.740407 2.442622 2.584184 2.541250 2.648259 2.313505 2.262991 2.766995 2.251112 2.699435 2.234784 2.810268 2.592017 2.351376 2.914766 1.429249 1.405358 1.422291 0.930896 1.596051 1.505919 1.338485 1.533672 1.039824 2.293850 1.660477 1.519215 2.299159 2.034736 1.631670 1.267794 1.679192 2.646651 3.381436 2.511863 4.400315 3.021382 3.893119 3.156001 2.299622 4.345708 4.334761 2.464472 3.968760 4.018147 1.423074 1.598799 1.190811 1.224611 2.718239 2.638553 2.765759 2.509650 2.963327 2.640235 2.229197 1.616894 2.033028 2.372723 3.537847 0.810550 3.828028 1.784374 1.618621 2.160807 3.863875 4.406685 1.802869 3.660198 1.967255 2.281707 3.080537 0.780073 1.312000 1.655270 1.406047 1.570807 1.379007 1.549411 1.706810 1.443322 1.626123 1.774091 1.924735 1.668649 1.840390 1.706365 1.586502 1.619787 1.341960 1.570719 1.724917 0.930475 0.951492 0.984833 0.646709 0.821040 1.047759 0.935166 1.028638 0.682425 0.904222 0.916174 0.906075 1.153171 0.981464 1.115659 0.843430 1.294206 1.880370 1.340829 2.448339 1.924903 1.861706 2.096635 1.865645 2.804759 2.097296 0.818181 1.178882 1.237429 1.416673 1.344886 1.997019 1.834723 1.384499 1.268918 1.069605 1.269846 1.414079 1.678098 1.689602 1.844549 1.478948 1.987724 1.124652 1.006651 2.109610 1.232662 2.592061 3.353790 2.897291 2.996108 3.492570 3.116013 3.364675 1.619190 1.751260 2.143646 2.315812 1.643961 2.083659 1.909879 1.932317 2.188908 2.232666 1.202435 1.553364 1.265701 1.502088 2.530711 2.125034 5.444748 2.425564 1.191787 1.954794 1.379734 2.068022 2.058762 2.264929 1.981452 2.059178 1.993687 2.511931 1.837597 2.016799 1.119494 2.150723 1.702686 1.497607 2.122038 1.913202 1.936404 1.919944 1.772384 1.439052 1.085005 0.862392 0.878927 1.171713 2.033940 2.403507 1.494592 1.811606 1.457131 1.155376 1.479743 1.459253 1.565952 2.158850 2.103956 2.176651 1.934159 1.183032 1.768056 2.384522 1.506871 1.674567 1.454256 1.006656 0.862442 1.371492 1.016489 1.394937 1.190151 1.688748 1.367923 
1.445248 1.196831 2.101765 1.975192 1.482138 1.447769 0.653936 1.059997 0.000000 1.896795 1.626227 1.155196 1.423069 0.741547 1.026787 0.332179 0.560143 1.022261 1.801270 2.036330 0.918070 1.945648 2.852117 3.201260 3.095723 2.978779 2.605392 3.067957 2.979478 2.617144 2.687782 2.866382 2.713725 3.175233 2.710582 3.336975 3.058264 2.717601 3.417376 1.767805 1.711386 1.967940 1.681510 1.934607 2.149492 2.070267 2.116415 1.637705 1.898753 1.772239 1.417830 2.505350 2.178331 1.595553 1.523677 1.612304 2.173215 2.814126 2.075428 3.907569 3.024402 3.208350 2.804114 1.848919 3.599411 3.628265 2.126298 3.459781 3.347279 1.301630 1.180965 0.811412 1.026544 2.484577 2.533454 2.628680 2.000519 2.503665 2.715440 1.812581 1.704004 1.609305 1.869863 3.200811 1.391908 3.458286 2.107759 2.100354 1.940539 3.885829 4.629215 2.036362 3.351337 2.022691 2.636606 3.023988 1.523167 1.542667 1.999133 1.779079 1.952148 1.899382 1.887569 1.707910 1.807333 2.003128 2.330829 2.263291 2.209225 1.655544 1.560471 1.263980 1.407869 1.291985 0.995057 1.360635 1.310211 1.638007 1.885798 1.383941 1.445685 1.890093 1.742677 1.656733 1.231813 1.585535 1.545605 1.895197 1.762302 1.512475 1.516453 1.756062 1.824622 2.164623 1.687078 1.916388 1.629030 2.652032 2.802405 1.537471 2.665456 3.054185 1.563591 1.620648 1.684789 1.233494 1.268779 2.327733 2.709168 2.232930 1.781361 1.238004 1.524441 1.024155 1.632625 1.828411 1.947824 1.321754 2.114568 1.582145 1.526175 2.235618 1.188240 2.462037 2.977837 2.749512 2.838209 2.875187 2.861741 2.930523 1.483740 1.509277 1.893140 2.066938 1.877729 2.129380 1.951157 1.967619 2.063751 1.820418 1.372256 1.662428 1.005097 1.572139 2.437987 1.815663 5.070759 2.073413 1.422916 1.698245 1.673496 1.724780 1.470526 1.752958 1.723577 1.639277 1.549690 2.028173 1.375657 1.781469 1.341646 1.757635 1.526674 1.410379 1.435786 1.521496 1.564493 1.674837 1.707836 1.550697 1.293353 1.206029 1.046564 1.142054 1.628909 1.729499 1.149747 1.195004 1.000231 1.626588 1.639307 1.471408 1.644599 1.692557 1.809438 1.983231 1.646277 1.222713 1.875180 2.002448 1.687496 1.118515 1.337687 1.064989 1.158017 1.432592 1.541929 2.071042 1.598253 1.791214 1.639680 
2.651980 2.124635 2.899945 2.610488 1.102173 0.949080 2.020735 1.053256 1.896795 0.000000 1.203916 0.977128 1.591909 1.616002 1.341847 2.047257 1.677924 1.488654 1.613242 2.089445 1.767921 1.475613 3.348146 2.562806 2.559263 2.251389 2.698281 2.592400 2.298754 2.239041 2.313565 2.970818 2.331907 2.386966 1.658744 2.484529 2.015978 1.775337 2.404332 0.951528 0.828640 1.210592 0.699385 1.007197 0.983630 0.960996 0.564830 0.920564 2.507965 1.703643 1.680353 2.262648 2.029897 1.623594 1.601674 1.939767 2.900806 3.506542 2.688001 4.489765 3.082536 3.979637 3.415115 2.417132 4.721847 4.392279 2.597585 4.049250 4.075665 1.904901 2.251860 1.776711 1.466310 2.931618 2.817021 2.889943 2.578854 3.054931 2.957101 2.406728 1.883339 1.897452 2.252059 4.149696 1.341187 4.547757 2.317966 2.023198 1.798558 4.201768 4.671747 2.075768 3.857886 2.430573 2.669790 3.466932 0.865438 1.350291 1.561292 1.429627 1.467430 1.096560 1.464634 1.803874 1.194244 1.065011 1.073007 1.351882 1.012636 2.398957 1.967352 1.538693 1.912858 1.876887 2.018083 2.119238 1.141856 0.548491 0.889980 0.843262 0.916139 0.963601 0.672294 1.154323 0.894402 0.868396 0.767803 0.990492 1.063547 1.282150 1.040875 0.965911 1.236009 1.874691 1.245161 2.588054 1.908404 1.196007 1.737909 1.692020 3.072533 1.516297 0.733973 1.106303 1.204677 1.588776 1.214483 1.998612 1.182179 1.517561 0.967839 1.090351 1.310871 1.742631 1.911376 1.930702 1.565693 1.254792 1.686646 0.993414 1.596792 2.103930 1.580836 2.649579 3.446824 2.980263 3.053626 3.550088 3.203019 3.422193 1.839033 2.145580 2.278087 2.491951 1.527807 1.994382 1.978638 2.065020 2.276403 2.304684 1.744385 1.769907 1.718763 2.277737 2.851855 2.701074 5.791864 2.750400 1.360643 2.289020 1.900620 2.487843 2.464920 2.372294 2.058853 2.512240 2.446749 2.556219 2.228448 2.042941 1.490754 2.562573 1.862285 2.027461 2.551888 2.169567 2.554719 2.180931 1.806180 2.159202 1.951257 1.371864 1.687752 1.645999 2.058012 3.266825 2.147422 2.682197 2.253783 1.516406 1.605115 1.834470 1.525965 2.441172 2.313917 2.370971 1.928479 1.492504 1.829043 2.693994 1.641531 2.507100 2.195399 1.649461 1.056891 1.565812 1.302290 1.122931 1.161812 1.698220 1.389985 
2.320925 1.879841 2.698342 2.402234 1.097645 1.019020 1.678991 1.304307 1.626227 1.203916 0.000000 0.852734 1.305329 1.285421 1.184631 1.648719 1.542153 1.215094 1.506431 1.910484 1.468610 1.356909 2.720034 2.616132 2.493070 2.455234 2.162701 2.434253 2.408253 1.990673 2.006995 2.545301 2.085235 2.613839 2.195326 2.922847 2.616570 2.094472 2.910001 1.557625 1.249369 1.736069 1.073014 1.460896 1.548835 1.485956 0.995528 1.006019 2.146332 1.396342 1.293781 2.284404 1.944754 1.181095 1.283165 1.695872 2.510712 3.181228 2.068130 4.054431 2.572806 3.676984 3.179129 2.023076 4.314462 3.820516 2.252362 3.603007 3.474909 1.627622 1.932771 1.376233 0.874369 2.610536 2.610126 2.667611 2.243028 2.593200 2.846591 2.135747 1.743739 1.398756 1.741855 3.937680 1.324424 4.240606 2.134803 1.955053 1.852633 3.981459 4.489914 1.966538 3.699197 2.121738 2.549770 3.156745 1.218938 1.094860 1.503990 1.124988 1.455676 1.131829 1.523373 1.539693 1.336737 1.703440 1.448282 1.865525 1.373873 2.192062 1.661892 1.350618 1.431498 1.619579 1.727441 1.733847 1.604814 1.260123 1.683294 1.387938 1.525373 1.803316 1.310352 1.799275 1.187769 1.644174 1.507136 1.868685 1.865482 1.420365 1.624416 1.704600 1.816327 1.293728 0.774829 1.900051 1.355826 1.253468 1.361398 0.936228 2.899045 1.787413 1.235554 1.107198 0.975841 1.121978 0.586645 1.192891 1.221450 2.320007 0.924503 1.063512 1.107960 1.519471 1.274992 1.442833 1.027416 1.157700 0.805861 0.808956 1.723986 1.010768 1.223153 2.271204 2.915441 2.736158 2.629796 3.109362 2.991129 3.041306 1.580334 1.638819 1.835258 1.968570 1.254873 1.420009 1.853583 1.643522 1.821943 1.868698 1.551828 1.545556 1.298997 2.192635 2.500147 2.610159 6.035765 2.514414 1.195360 2.082125 1.797787 2.201608 2.277127 1.791863 1.735186 2.223302 2.143112 2.267708 1.919839 1.647327 1.324037 2.220090 1.635592 1.791475 2.290580 1.814728 2.330649 1.650129 1.666580 2.022787 1.833662 1.105862 1.563224 1.449786 1.750200 2.911086 1.933942 2.394047 1.876375 1.620985 1.430996 1.944478 1.308374 2.119483 1.829872 1.838881 1.454012 1.094569 1.434105 2.362514 1.357486 2.214502 1.933973 1.262767 0.854312 1.344193 1.720657 1.186854 0.751846 1.295355 1.083919 
1.940512 1.535420 2.394851 2.175667 0.911273 0.838582 1.198481 0.755987 1.155196 0.977128 0.852734 0.000000 1.001839 0.822204 0.434265 1.155276 0.966992 0.719497 1.292070 1.620722 1.165119 1.236773 2.664384 2.631864 2.560271 2.470966 2.143893 2.555929 2.479090 2.046534 2.099650 2.333363 2.224800 2.585935 2.140756 2.741349 2.498969 2.187127 2.869323 1.284004 1.127584 1.546489 0.831872 1.340152 1.395774 1.321972 1.210420 0.734113 1.775919 1.338250 1.147857 1.997538 1.651115 1.133268 1.131336 1.225412 2.294408 2.954660 2.006165 4.038121 2.612906 3.509811 2.952562 1.788591 3.974921 3.937539 2.159128 3.579424 3.588296 1.305950 1.527216 1.066548 0.866357 2.307045 2.306636 2.411953 2.149794 2.481784 2.620024 1.909180 1.517172 1.630930 1.984285 3.543228 0.772887 3.835051 1.964421 1.740739 1.743570 3.668424 4.244662 1.570295 3.468994 1.649524 2.278759 2.828876 0.922425 1.023334 1.515786 1.040889 1.411872 1.238161 1.365353 1.191993 1.327742 1.496486 1.638811 1.701562 1.520765 1.965494 1.561953 1.136690 1.638604 1.290947 1.213653 1.607680 1.052702 1.202914 1.098947 0.872901 1.115578 1.401270 1.120095 1.158451 0.735570 0.996632 0.994956 1.300657 1.426917 0.946806 1.254891 1.195456 1.212349 1.559975 1.034207 2.017073 1.577743 1.667254 1.741811 1.236602 2.573737 2.093007 0.822242 1.118995 1.070714 0.995518 0.811518 1.658775 1.620690 1.624243 0.845117 0.540142 0.962725 1.119589 1.270300 1.421028 1.150060 0.868114 1.417799 0.892465 1.100959 1.669913 1.136790 2.204636 3.021554 2.576258 2.559593 3.068249 2.731835 2.926254 1.535585 1.673824 1.717222 1.874935 1.328911 1.689758 1.627016 1.561601 1.818406 1.823949 1.021897 1.338695 0.860069 1.653747 2.484414 2.320184 5.412533 2.273301 0.946571 2.037376 1.472075 1.925106 1.933637 1.964299 1.745542 1.845990 1.726648 2.179323 1.703536 1.861319 0.913218 1.824799 1.390843 1.557635 1.983454 1.744524 2.060445 1.743874 1.618194 1.487059 1.273089 0.789581 0.947413 0.967308 1.442294 2.384971 1.336721 1.889347 1.379352 1.118312 1.320193 1.249372 1.164757 1.881201 1.952702 1.928208 1.328526 0.758664 1.438038 2.030570 1.305320 1.732024 1.630482 0.919590 0.832211 1.133422 1.069887 1.143979 0.847899 1.224198 0.924337 
1.786280 1.504078 1.528314 1.246555 1.134549 1.002451 1.550226 1.362283 1.423069 1.591909 1.305329 1.001839 0.000000 1.240179 0.989006 1.422245 1.355155 0.841476 0.766483 1.078385 0.739543 0.713914 1.827606 2.003645 1.986797 1.820908 1.457436 1.827520 1.934749 1.708313 1.624826 1.847146 1.478502 2.006709 1.687517 2.095724 1.875195 1.607150 2.176125 1.461964 1.562028 1.388457 1.211605 1.669032 1.358849 1.332639 1.899320 1.437445 1.222291 0.799390 0.813462 1.356331 0.985272 0.824630 0.604087 0.615563 1.439520 2.040971 1.222754 3.125833 1.801780 2.615704 2.051183 0.959157 3.254133 3.025251 1.248804 2.685317 2.690553 0.856413 1.114186 1.223696 1.197045 1.515434 1.421684 1.516057 1.284045 1.622862 1.801392 1.000528 0.836141 1.502582 1.381676 2.692767 0.727116 3.026254 1.189606 1.313476 1.097537 2.884020 3.431303 0.981077 2.724933 1.146873 1.752053 2.246535 1.033886 1.052671 1.440038 1.157977 1.298968 1.400604 1.256352 1.610932 1.298422 1.618137 1.683962 1.824961 1.719571 1.225980 1.097570 1.397250 1.495768 1.230390 1.654251 1.247279 1.635004 1.641793 1.874592 1.473081 1.413165 1.605901 1.555704 1.887969 1.219764 1.867971 1.562898 1.844470 1.555701 1.010264 1.662769 1.694977 1.938374 0.963720 1.105248 1.138731 0.889842 2.454770 2.666727 1.704733 1.870079 2.702027 1.437497 1.101147 1.266884 1.199191 1.195779 1.255143 2.477104 2.481986 1.645683 1.077608 1.484485 1.596756 1.594075 1.750507 1.812146 1.198421 2.039316 1.415237 1.934899 1.220514 1.013863 1.353938 2.106988 1.584001 1.730111 2.157319 1.839087 2.046693 0.812462 1.041211 0.972586 1.217446 1.040747 1.093181 0.752581 1.087196 1.160762 1.019751 1.188092 1.402580 0.901939 1.249057 3.082783 2.817760 5.916025 1.386468 0.776722 1.078304 0.962276 1.188235 1.272887 1.403509 1.259959 1.103225 1.364209 1.334385 1.504931 1.537111 1.484316 1.269038 1.167494 0.872205 1.187599 1.429230 1.283631 1.355548 1.104680 1.147889 1.983263 1.105955 1.318954 0.848331 1.920117 1.732385 1.731503 1.949900 1.401905 1.598101 1.831815 1.840710 1.358166 1.325826 1.520685 1.298925 1.412112 0.785351 0.853747 1.226444 0.720724 1.158985 0.808059 0.913746 0.950950 1.177453 1.911544 1.969415 0.762964 0.652725 0.648041 
1.389248 0.907233 1.857427 1.771577 1.241590 1.201594 0.648057 1.089980 0.741547 1.616002 1.285421 0.822204 1.240179 0.000000 0.768023 0.822752 0.696023 0.841098 1.614469 1.888931 0.752555 1.737167 2.553534 2.990836 2.895146 2.829938 2.350980 2.885881 2.813965 2.363658 2.458622 2.742330 2.536863 2.933998 2.499728 3.097552 2.857941 2.522003 3.228295 1.513186 1.382966 1.769079 1.355857 1.615804 1.897537 1.855254 1.771302 1.208690 1.852557 1.623398 1.302637 2.356510 1.985991 1.357580 1.353019 1.404085 1.968013 2.593140 1.691582 3.858418 2.829546 3.148290 2.457708 1.492892 3.438917 3.576019 1.830847 3.399722 3.226775 0.952569 1.039697 0.880019 0.694555 2.056776 2.158019 2.189680 1.812370 2.326178 2.340004 1.505089 1.302710 1.451228 1.804583 3.007735 1.224040 3.271685 2.025585 1.939922 1.976509 3.598249 4.475487 1.875618 3.246721 1.673156 2.312970 2.668905 1.329882 1.283801 1.826488 1.476237 1.717501 1.715828 1.629796 1.509289 1.612857 1.781425 2.116477 1.965315 1.991158 1.452459 1.139681 0.907114 1.097985 0.839066 0.553238 1.099514 1.180780 1.371343 1.457814 1.111362 1.300692 1.697616 1.350367 1.333287 0.925230 1.207155 1.175620 1.621018 1.519222 1.235537 1.212821 1.503115 1.553875 1.979272 1.253789 1.837371 1.607145 2.349058 2.335646 1.049225 2.457273 2.773392 1.154017 1.457127 1.461397 1.302950 0.959826 2.135165 2.326591 1.996672 1.358095 0.653068 1.017052 0.681764 1.428443 1.246477 1.553075 0.863056 1.605805 1.327127 1.351768 1.722040 0.831825 2.004190 2.865949 2.355341 2.331271 2.730825 2.449942 2.566258 1.113313 1.210401 1.492680 1.704992 1.417445 1.721217 1.575722 1.459814 1.633770 1.471357 0.820492 1.168715 0.561091 1.185601 2.072616 2.023665 5.014051 1.826932 0.930309 1.524341 1.231393 1.502834 1.329546 1.651263 1.456603 1.490385 1.396559 1.855378 1.175349 1.639047 0.634711 1.496697 1.168571 1.138894 1.355267 1.231489 1.571506 1.347118 1.329255 1.127336 1.091624 0.601973 0.720580 0.921964 1.167799 1.816653 1.005675 1.321029 0.968756 1.119200 0.959772 1.053256 1.188982 1.527015 1.589823 1.566173 1.144370 0.749019 1.521612 1.759550 1.324015 1.163706 1.162251 0.917427 0.909038 0.896461 1.415635 1.769158 1.380341 1.668554 1.450646 
1.695675 1.365660 2.182018 2.096167 0.749108 0.674166 1.079425 0.689341 1.026787 1.341847 1.184631 0.434265 0.989006 0.768023 0.000000 1.002349 0.954944 0.375186 1.342390 1.560005 1.037541 1.269024 2.670286 2.657934 2.562244 2.497036 2.125699 2.606249 2.481064 2.096715 2.188759 2.354768 2.275120 2.619278 2.166826 2.786155 2.525040 2.189101 2.895393 1.391634 1.334390 1.597228 1.030264 1.581405 1.586894 1.513092 1.589067 1.133931 1.697210 1.316816 1.136731 2.023608 1.653089 1.101747 0.957559 1.027003 2.142881 2.917731 1.951705 4.001191 2.583162 3.472881 2.782298 1.770397 3.746233 3.900609 2.146294 3.542494 3.551366 1.002353 1.139423 0.912379 0.815176 2.207196 2.293803 2.332452 2.136960 2.468951 2.443994 1.829680 1.371005 1.696103 1.978011 3.197061 0.623207 3.487716 1.681407 1.440196 1.682390 3.588924 4.098496 1.418563 3.389494 1.504562 2.094453 2.745862 0.873806 1.214607 1.716704 1.233367 1.603145 1.462446 1.556626 1.432693 1.519015 1.670782 1.805834 1.887321 1.733638 1.595231 1.293532 1.321286 1.471968 1.026877 1.227335 1.237417 0.896961 1.060700 1.096847 0.776496 0.842841 1.140293 0.967019 0.994833 0.610273 1.044734 0.926682 1.128335 1.127758 0.758326 1.102609 0.998725 1.416704 1.586198 1.142314 1.980144 1.540813 1.987412 2.104277 1.583618 2.427570 2.454792 0.849568 1.310268 1.265624 1.048516 1.156621 1.709095 1.968366 1.653900 1.237755 0.884013 1.202011 1.115741 1.346304 1.378853 1.479545 1.186979 1.810438 1.276625 1.154866 1.664353 0.856636 2.195439 3.008721 2.563424 2.569183 3.055415 2.719001 2.889324 1.256085 1.320228 1.680293 1.880837 1.316078 1.676925 1.614182 1.548768 1.812845 1.787019 0.763311 1.108332 0.649236 1.267828 2.482440 2.285635 5.476020 1.969705 0.867071 1.667113 1.153565 1.649243 1.657773 1.794036 1.632145 1.633157 1.519541 2.016332 1.410180 1.829036 0.992519 1.679838 1.455304 1.187372 1.679857 1.416903 1.721551 1.446844 1.472028 1.148165 1.217776 0.545039 0.677189 0.803611 1.582692 2.028547 1.244820 1.590748 1.059069 1.241193 1.328477 1.446192 1.307992 1.626741 1.747141 1.722647 1.309719 0.667150 1.380065 1.884403 1.215338 1.368327 1.284316 0.644720 0.761408 0.943951 1.238391 1.495660 0.940150 1.190099 0.940822 
1.311995 1.318388 2.182298 2.055724 1.336308 1.538812 0.750683 1.212872 0.332179 2.047257 1.648719 1.155276 1.422245 0.822752 1.002349 0.000000 0.674459 0.994616 1.796536 2.030078 0.974165 1.876036 2.645371 2.991085 2.920849 3.012005 2.536793 3.067947 2.811936 2.552077 2.657602 2.665656 2.718929 2.988792 2.503612 3.097800 2.858190 2.704070 3.228543 1.600636 1.620056 2.031247 1.830748 1.714164 2.195459 2.143879 2.168910 1.649773 1.607162 1.805465 1.456229 2.356758 1.986239 1.526954 1.553267 1.527894 2.138931 2.662009 1.837823 4.029336 3.068767 3.350577 2.881011 1.824317 3.586852 3.746937 2.203195 3.602009 3.401330 1.354430 1.201572 0.698356 1.016883 2.306830 2.432169 2.671037 2.055577 2.587567 2.795973 1.893113 1.847567 1.680990 1.975501 3.240024 1.465765 3.490116 2.148538 2.081474 1.973765 3.966362 4.657553 2.057685 3.515787 1.949783 2.783806 3.097841 1.636802 1.375808 2.080345 1.711845 2.026899 1.948733 1.709974 1.431125 1.838490 2.061603 2.342110 2.038123 2.267700 1.711980 1.557211 1.303009 1.496108 1.284119 1.040189 1.357858 1.134364 1.787245 1.920046 1.460868 1.529086 1.986349 1.768291 1.442042 1.312224 1.582556 1.634237 1.996455 1.856441 1.444672 1.555195 1.843654 1.730633 2.137243 1.788702 2.008289 1.685466 2.739799 2.771693 1.605682 2.523784 3.204647 1.621118 1.683554 1.784834 1.257674 1.394461 2.406120 2.731877 2.229950 1.750649 1.367840 1.722209 0.996304 1.581642 1.883051 1.926072 1.357154 2.131163 1.663871 1.526715 2.343665 1.283823 2.500158 3.120065 2.811309 2.649058 2.806759 2.938638 2.789938 1.564272 1.459014 1.963193 2.042010 2.021293 2.206276 2.031690 2.060025 2.140648 1.897314 1.431612 1.721139 0.950774 1.667722 2.478678 2.047431 5.148404 2.150310 1.519611 1.778777 1.820695 1.786041 1.612753 1.875368 1.761698 1.733592 1.610161 2.153131 1.421106 1.894587 1.384749 1.750058 1.627884 1.487276 1.578014 1.502774 1.658349 1.675581 1.851399 1.694260 1.144164 1.247768 1.104863 1.237637 1.616835 1.604241 1.244119 1.066898 0.945696 1.824356 1.731615 1.659112 1.737769 1.693741 1.908557 2.020596 1.636398 1.250100 1.844105 2.016435 1.749135 1.156142 1.418220 1.025264 1.305217 1.485179 1.575607 2.142155 1.576727 1.761841 1.622912 
1.502133 1.328042 2.072068 2.028693 1.442143 1.357817 0.422958 1.100189 0.560143 1.677924 1.542153 0.966992 1.355155 0.696023 0.954944 0.674459 0.000000 0.780460 1.751264 2.106646 0.999882 1.998369 2.828085 3.128504 3.131043 2.872625 2.566283 2.928568 3.046225 2.669864 2.528191 2.828577 2.627742 3.078503 2.594627 3.177384 2.953816 2.717899 3.295078 1.772094 1.642564 1.866311 1.611017 1.929284 2.041440 1.901465 2.021359 1.351790 1.815122 1.714278 1.523988 2.500577 2.149160 1.602359 1.581642 1.622131 2.266028 2.863630 2.091299 3.890122 3.109030 3.198176 2.905808 1.945368 3.490805 3.642130 2.179800 3.566332 3.475986 1.451516 1.289222 0.929370 1.014098 2.556930 2.567416 2.623546 1.945990 2.523687 2.656652 1.886542 1.662994 1.691600 1.814468 3.097067 1.284770 3.598696 2.090429 1.926451 2.008055 3.854774 4.547265 1.947396 3.332332 1.880148 2.551960 3.080360 1.394792 1.513247 2.019134 1.652207 1.967830 1.938373 1.882246 1.609872 1.799038 2.051242 2.291749 2.257968 2.257340 1.828461 1.488245 1.089948 1.518973 1.119026 0.933424 1.459586 1.088152 1.519321 1.654907 1.256501 1.535239 1.872021 1.587939 1.418794 1.114715 1.263990 1.412545 1.630061 1.675445 1.303806 1.531246 1.692065 1.700831 2.193246 1.664919 2.037649 1.757098 2.451281 2.614634 1.490321 2.569051 2.800256 1.337570 1.661490 1.715362 1.181078 1.065858 2.285147 2.352722 1.899514 1.600018 1.007144 1.434722 0.969001 1.403844 1.666452 1.760053 1.250252 1.992749 1.488614 1.306640 2.207284 1.053156 2.404474 2.978714 2.716545 2.765984 2.810348 2.915243 3.068842 1.515423 1.435099 1.987991 1.994713 1.836719 2.182881 1.921460 1.875452 2.093156 1.970304 1.271965 1.495467 0.960638 1.485792 2.373463 2.098900 4.821057 2.199204 1.287765 1.871161 1.621576 1.652555 1.445270 1.902845 1.666014 1.519212 1.296178 2.031587 1.384892 1.755408 1.096439 1.437190 1.540711 1.626933 1.544808 1.617945 1.736892 1.516576 1.666826 1.509687 1.302351 1.135678 0.939684 0.979238 1.500627 1.720270 1.065520 1.335893 1.137298 1.445478 1.467499 1.298416 1.452967 1.750508 1.790650 1.949008 1.630320 1.231039 1.900093 1.993040 1.635269 1.220753 1.580279 1.129767 1.117007 1.332372 1.251497 1.936709 1.554587 1.862506 1.651287 
1.641662 1.350499 1.938103 1.959547 0.756085 0.624967 0.943387 0.825336 1.022261 1.488654 1.215094 0.719497 0.841476 0.841098 0.375186 0.994616 0.780460 0.000000 1.283430 1.627903 0.981115 1.316139 2.535454 2.659797 2.652300 2.378417 2.097785 2.434360 2.567483 2.181323 2.029687 2.382561 2.181727 2.575664 2.114581 2.708886 2.478710 2.239157 2.849063 1.480055 1.463064 1.487884 1.166093 1.759428 1.600310 1.357833 1.811938 1.167255 1.646424 1.270025 1.156297 2.025471 1.703145 1.113451 0.931020 1.077641 2.043975 2.818394 1.851395 3.905491 2.523896 3.395363 2.697508 1.696945 3.665509 3.804909 2.013311 3.464976 3.470211 0.935744 0.980030 0.840953 0.807383 2.118658 2.178645 2.204463 1.941238 2.378245 2.264245 1.713520 1.093443 1.671023 1.869161 2.904954 0.576016 3.364283 1.501659 1.217958 1.692376 3.393202 3.890340 1.242279 3.163761 1.272642 1.909082 2.662499 0.740770 1.216679 1.741338 1.217528 1.652211 1.599537 1.589393 1.491812 1.521545 1.817070 1.891568 1.982023 1.918504 1.495895 1.099598 1.251168 1.456532 0.789737 1.255966 1.162271 0.897651 1.141907 1.259877 0.831621 0.940046 1.169277 0.989770 1.062854 0.746946 1.093161 1.175525 1.185943 1.124413 0.590284 1.242054 1.158953 1.728438 1.537841 1.127405 1.895353 1.441477 2.289797 2.380086 1.678915 2.171826 2.573755 0.908328 1.251739 1.254368 1.083528 1.086562 1.646404 2.121595 1.702327 1.390596 0.910115 1.337756 1.080679 1.111198 1.373298 1.600039 1.178816 1.815445 1.327118 1.206260 1.603968 0.767149 2.026530 2.862550 2.391799 2.393432 2.936977 2.618745 2.826352 1.108556 1.077150 1.610047 1.653256 1.233403 1.579565 1.370268 1.381665 1.692129 1.720410 0.723922 0.982112 0.559336 1.139279 2.552867 2.447977 5.496500 1.899459 0.717176 1.567777 0.945971 1.408044 1.537057 1.738336 1.439177 1.448344 1.317039 1.967905 1.320391 1.559984 0.893644 1.437676 1.347248 1.109854 1.598703 1.371513 1.576738 1.123771 1.198102 1.018078 1.182336 0.615967 0.681156 0.565013 1.614297 1.892330 1.166533 1.544567 1.021574 1.247132 1.429869 1.466673 1.185605 1.518708 1.505943 1.577835 1.359303 0.613345 1.271651 1.762328 1.011493 1.233986 1.158781 0.514212 0.679499 0.900850 1.214154 1.724644 0.921719 1.201945 0.990726 
