241 241
0.000000 1.530108 1.973916 1.233133 2.608312 2.718487 2.671244 2.773197 2.795821 2.839637 2.767253 3.228640 3.340607 2.479488 2.316868 2.121870 2.237036 3.266504 1.518542 3.112775 4.063188 3.898860 4.136461 4.186051 4.525950 4.528902 3.783935 4.231599 3.858725 4.127761 3.941704 4.199017 3.998152 3.714937 3.938861 3.945549 4.386935 4.217849 4.631158 3.183696 3.754126 2.902416 2.987486 3.775047 3.187802 3.600974 2.670933 3.917512 2.826812 2.771489 3.729949 4.823594 4.399178 3.942691 4.145280 2.569441 3.869962 4.331849 2.907735 4.296202 4.224232 3.472763 3.910821 4.032572 1.988747 2.383148 2.658472 3.193591 3.742048 2.317310 2.889700 3.914796 1.945415 2.956004 2.141198 4.814359 2.637400 5.254853 3.061479 3.645770 3.000697 3.835182 4.533491 4.774514 4.233061 4.394297 2.921671 2.373727 2.806404 2.823130 3.505640 3.425372 2.803201 2.954610 3.467514 2.964633 3.266400 3.698729 3.926823 2.947187 4.021416 2.100354 1.885459 3.123301 2.018332 2.109565 2.025747 1.866756 1.447243 1.864180 1.778143 3.031679 3.178630 3.420062 2.671588 3.348407 2.803965 3.549116 3.011035 2.997822 3.457917 3.216073 3.142971 3.373986 2.838924 3.296604 2.585419 3.430865 3.790886 3.291328 2.707383 3.011390 3.575692 3.164729 2.990113 2.749911 2.823895 3.447918 3.134345 3.312084 2.539124 3.513176 2.939599 2.736524 2.535450 2.925499 2.584904 5.151393 2.724055 3.998663 4.658384 3.105210 3.251117 2.788629 2.478006 2.955651 3.808905 3.116428 2.622590 3.152023 2.966305 3.730407 2.853885 3.332647 3.707208 2.363808 3.191410 3.100019 3.682426 3.299725 3.461806 3.167936 3.777858 3.346594 1.992776 2.585273 2.307986 2.541164 2.617483 2.856231 2.478796 2.486891 1.890717 2.542581 1.403267 2.080482 2.139776 2.341782 1.935005 2.104413 2.734343 1.593346 1.967028 1.875649 1.762355 2.213620 1.509397 2.248624 3.020564 1.953040 1.773955 1.488562 1.982850 2.095625 1.955073 2.355215 2.223680 2.484729 2.035888 2.331006 2.412356 2.331840 2.764986 2.799094 2.799278 2.759606 2.802351 1.706088 3.227291 3.228459 2.290581 2.355834 2.101699 2.608207 2.334696 2.919836 2.686599 1.573718 1.421000 2.211255 2.993495 3.043883 2.976814 2.430263 2.512507 3.101694 1.988593 2.289070 1.738276 2.853037 3.211964 
1.530108 0.000000 2.005036 1.162657 2.077329 2.471936 2.387881 2.248570 2.102924 2.254873 2.205626 2.867457 2.842398 2.345876 2.098336 2.274752 2.248762 2.948152 1.301530 2.747698 3.899642 4.496797 4.368792 4.618359 4.159179 4.032670 3.666797 4.430181 3.620070 3.678769 3.748845 3.871531 4.095638 3.818027 3.723501 3.699881 4.202663 3.834839 4.737407 2.874164 2.835511 2.930735 3.133496 3.378974 2.631882 3.233461 1.669115 3.266623 2.736151 2.996632 3.781707 4.351288 3.994386 3.349576 3.996691 2.510960 3.660833 3.410138 2.601762 4.303814 4.125882 2.493826 3.831050 3.823191 2.325424 2.074349 2.727011 2.989052 3.241836 2.086830 2.688169 3.160911 2.036932 1.949257 1.970468 4.581930 2.382438 4.870880 3.092713 3.197643 2.798767 3.497800 4.142480 4.069142 3.516969 3.980887 2.302823 2.216087 3.099053 2.999687 2.742933 2.828229 2.727358 3.248866 2.934402 2.609223 2.678663 3.391015 3.706178 3.192119 3.191526 1.290103 1.612458 2.381149 1.506376 1.413359 1.674373 1.492172 1.312190 1.613555 1.560529 2.663208 3.018841 3.000735 2.725650 3.054547 2.695529 3.129789 2.516964 1.964571 2.725557 2.803312 3.248789 3.422192 2.337546 2.959849 2.108132 3.479071 3.706248 3.235435 2.288056 2.903684 3.022411 2.626161 2.664839 2.441670 2.316498 3.024615 3.005914 2.838642 2.921308 3.271263 2.686075 2.273510 2.454425 2.738632 2.221990 4.894228 2.431500 3.640078 4.471001 2.685883 3.406692 2.359808 2.406294 2.444751 3.440546 3.129533 2.083673 2.729758 2.631098 3.419188 2.810144 3.072108 3.594320 1.858522 2.886477 2.603339 3.090163 2.882847 3.194632 3.042111 2.984130 2.989169 1.530530 2.343606 1.703775 1.896965 2.307226 2.049940 2.029805 1.781387 1.581418 2.183254 1.757686 1.752583 1.962245 1.740198 1.774575 1.769465 1.853971 1.096829 1.652969 1.652895 1.680147 1.874450 1.340605 1.421808 2.601237 2.095178 0.939158 1.402990 1.696760 1.552361 1.691873 1.576596 1.633842 2.149522 2.061743 2.366294 2.211171 2.221874 1.822548 1.725324 2.431765 2.087475 2.124423 1.466308 2.781922 3.220527 1.829881 1.972672 1.779213 1.867742 2.124344 2.698032 2.037249 1.397920 1.422033 1.906179 2.723419 2.815464 2.501775 1.915909 2.231091 2.322473 1.806311 2.260303 1.709102 2.595580 2.663972 
1.973916 2.005036 0.000000 1.922240 2.852561 3.021730 2.302768 2.243702 1.897908 2.079170 1.959040 2.654851 2.727237 1.477305 2.482926 1.283926 1.266399 3.616848 2.113723 3.352522 4.564714 4.662916 4.984688 5.138877 5.029038 4.658321 4.100791 4.863610 3.970831 4.353177 4.382845 4.544653 4.864635 3.992311 4.168192 4.286475 4.716082 4.585751 5.301450 2.704247 3.592931 3.321279 3.579125 3.198521 3.164186 2.074144 3.110673 4.364305 3.434456 3.637271 4.347846 5.303264 4.719277 4.461827 4.526944 3.351214 4.267591 4.679025 3.102337 4.517755 5.129366 3.711832 3.676451 4.717808 1.572548 1.758847 2.252292 3.670990 3.719337 2.521551 3.019693 4.053878 2.853691 2.593692 2.740596 4.591085 1.969413 5.253092 2.649038 3.505385 2.648450 3.563048 4.201127 4.615055 3.877040 4.614845 2.489123 2.691726 3.818523 2.722791 3.674402 3.508095 3.533833 2.627322 3.194686 3.494707 3.891278 4.001872 4.410993 3.554673 4.034541 2.514596 1.509251 3.131775 2.038555 2.026093 1.263694 2.017106 1.156282 1.478976 1.596374 2.063911 2.213347 2.212879 2.029614 2.646410 2.193765 2.242440 1.962158 2.750443 2.849795 2.182304 1.938015 2.050871 2.260641 1.969668 1.977444 2.017891 2.334091 1.649188 2.321422 2.046666 2.523308 2.759320 2.198410 1.946017 2.586770 2.429524 1.548567 2.523658 2.952011 3.576083 1.610268 2.565454 2.983091 2.298522 3.163608 4.011157 1.959516 4.021699 4.308702 2.077340 4.005888 3.174476 2.041155 2.062703 3.773097 2.440386 1.554907 1.914080 1.962575 2.758019 2.825418 3.266819 1.895454 1.694473 3.719450 3.151019 3.857193 3.799268 3.537617 3.755211 3.991019 4.065898 2.086296 1.923205 2.634437 2.402923 2.341078 3.015339 2.147188 2.916269 0.995754 1.576750 1.644337 1.657681 1.846223 2.674040 2.395428 1.918866 2.268214 1.939568 2.349641 1.903447 1.705134 2.540186 1.569249 2.170218 1.549143 1.476868 1.865437 1.842411 2.016277 1.910752 1.677593 1.987722 1.746254 1.545662 1.446818 1.477372 1.618946 1.527806 1.631287 1.812107 1.433061 1.718242 1.571290 1.958825 2.993370 3.037393 2.002255 2.232913 1.646431 2.121155 1.615133 2.021256 3.210113 1.586262 1.608253 1.914763 2.910862 2.850882 2.631607 2.613133 1.977926 2.082414 1.492774 1.108837 1.886432 2.733191 3.281400 
1.233133 1.162657 1.922240 0.000000 1.697437 2.122105 1.937072 1.978176 2.259980 2.285278 2.636298 2.446985 2.493943 2.218470 1.864748 1.864050 2.208210 2.425914 1.093606 2.221298 3.441613 3.974560 3.910763 4.160330 3.755443 3.773467 3.156708 3.978755 3.162041 3.236284 3.290816 3.443583 3.709510 3.586686 3.265472 3.241852 3.744634 3.376810 4.279378 2.350262 2.734614 2.128298 2.666494 2.950310 2.515070 2.804797 2.072666 3.209181 2.411249 2.760109 3.167835 3.806540 3.536357 2.996331 3.425967 1.940360 3.021651 3.415792 2.079525 3.470714 3.341511 2.556707 3.156331 3.170169 1.879053 1.639017 1.922487 2.811098 2.784541 1.623130 2.143610 3.060916 1.782018 2.111376 1.240702 4.507437 2.424170 4.818397 2.875266 2.924009 2.662977 3.066067 3.831733 3.885644 3.500427 3.894365 2.237124 1.970592 2.460467 2.468477 2.455039 2.405859 2.000449 2.824706 2.482945 1.996934 2.269853 2.812605 3.105742 2.390639 2.970815 1.487686 1.273286 2.287402 1.374347 1.413275 1.162714 1.060297 1.003671 1.453955 1.166036 2.613683 2.667100 2.664538 2.678785 3.150595 2.684640 3.079306 2.475194 2.578458 2.702435 2.468854 3.191735 3.371709 2.396177 2.902795 2.057649 3.428588 3.642788 3.169409 2.237574 2.837657 3.309282 2.732344 2.624287 2.297614 2.273391 2.713892 2.950250 2.792950 2.812841 2.749026 2.543125 1.902809 1.658570 2.487574 1.785811 4.318946 1.891608 3.590479 4.383875 2.272763 2.614184 1.863511 2.358039 2.057173 3.096785 2.446143 1.724112 2.320903 2.589589 2.897960 2.111210 2.461583 3.528294 2.003963 2.981885 2.160854 2.955319 2.809891 2.752147 2.548678 2.820351 2.649246 1.288776 1.945665 1.677591 1.680021 1.904036 1.970153 1.690991 1.544928 1.524364 1.773466 1.892617 1.626842 2.215163 1.732370 1.871290 1.393173 2.273078 1.173489 1.349247 1.288716 1.399495 1.401399 1.026863 1.621651 2.473831 1.754092 1.031263 0.828310 1.356385 1.244572 1.472869 1.559868 2.066647 1.822298 1.960346 2.309240 2.266483 1.831273 1.943432 2.253688 2.080024 2.432557 2.053962 1.482636 2.371204 2.245507 1.760688 1.825941 1.615177 1.802823 2.399479 2.254786 2.321942 0.989749 1.156796 1.502989 2.158133 2.192976 2.167359 1.954402 1.833396 2.710760 1.582256 2.203249 1.967124 2.144771 2.366239 
2.608312 2.077329 2.852561 1.697437 0.000000 0.886214 2.844657 2.414418 2.969417 3.010859 3.299103 3.165045 3.352171 2.987323 1.630296 2.949667 2.805402 1.339983 1.751151 2.056544 2.485297 2.810249 2.778781 2.760329 2.586560 2.393589 2.208056 2.651456 1.946733 2.635783 2.104411 2.183232 2.509771 2.646836 2.345462 2.354423 2.423184 2.391223 2.812731 3.288699 2.729775 3.359827 3.098810 3.860600 3.465014 3.483326 2.077598 1.559363 1.645237 1.835194 1.922505 2.775733 2.214344 1.831487 2.355725 2.333174 1.884461 1.908568 1.228645 2.893859 2.487775 1.284471 1.902710 2.109977 3.144548 2.874647 3.386482 1.501818 1.292210 0.629879 0.966320 1.517325 1.242121 1.262237 1.923576 3.253359 2.401561 3.501125 1.687219 1.524402 1.541625 1.936002 2.541015 2.538349 2.219867 2.623952 2.584153 2.597238 3.290956 3.170399 2.446467 3.035676 2.702329 3.808355 2.711539 2.725218 3.102954 3.582918 3.898080 3.450812 3.557456 1.643108 1.655088 1.515822 1.296542 1.915339 1.928529 2.159468 2.437504 1.694656 1.698437 3.369689 3.489113 3.533183 3.537955 3.779862 3.318394 3.947951 3.324764 3.215007 3.102920 3.263187 4.009338 4.240354 2.733150 3.691534 2.926294 4.297233 4.475435 3.991421 3.106218 3.695939 3.972087 3.085908 3.223895 2.873876 3.242769 3.495033 3.818895 3.647823 3.793719 1.739601 3.211292 2.392235 1.410207 3.534119 2.150550 5.466177 2.930731 2.338037 4.772660 3.141408 2.581159 2.826287 2.907833 2.730886 1.919630 3.701482 2.385352 3.046183 3.306314 3.991137 3.319917 3.644057 4.391757 2.312607 1.431841 0.882554 1.468211 1.173371 1.272698 1.261305 1.182128 1.392076 1.292052 1.801765 1.018293 0.968983 1.323334 0.931819 1.495108 0.886273 2.233694 2.385540 2.234851 2.421169 2.168325 0.767380 1.420487 1.725429 1.619645 1.365975 1.743041 1.651604 1.565748 1.254820 1.874565 2.000925 3.342476 2.216189 1.449541 1.906530 1.426301 1.222319 1.794165 1.459128 1.858138 2.524144 3.131330 2.959167 2.498068 2.994670 2.652869 2.916493 2.912399 3.065071 2.293230 1.778755 1.219967 1.505703 2.001760 1.661590 2.312962 1.974416 3.211486 3.237452 2.366650 2.068668 2.185148 2.014356 1.897518 0.891749 1.745595 1.343275 2.461143 3.050164 1.983014 2.812453 2.340169 2.372506 1.829495 
2.718487 2.471936 3.021730 2.122105 0.886214 0.000000 3.370084 2.777683 3.273988 3.527602 3.508391 3.844319 4.026263 3.666596 2.223295 3.087876 3.153123 1.922065 2.216234 2.872477 2.851984 2.669783 3.111780 2.866126 2.955094 2.515684 2.447480 2.741741 2.166551 3.426760 2.333049 2.357816 2.949630 2.885218 2.858293 3.012137 2.710504 2.839451 2.933261 3.967972 3.247847 4.097235 3.845128 4.558962 4.236670 4.108545 2.882374 1.815970 2.240497 2.278960 1.912163 2.651721 2.394200 1.608656 2.128731 2.929445 1.788550 1.971514 1.782419 2.424932 2.366888 1.845494 1.630211 2.176312 3.669975 3.400074 3.609134 1.685329 1.459463 1.085486 0.890091 1.284191 1.450571 1.824457 2.421543 2.907058 2.764826 3.330556 1.804315 1.332906 1.650205 1.729597 2.354538 2.414372 1.911980 2.635907 2.865183 3.219399 3.989655 3.614537 3.227905 3.898081 3.493305 4.392390 3.502515 3.479925 3.836302 4.322081 4.668331 4.063480 4.362232 1.952869 1.887564 1.906656 1.498199 2.140694 2.530879 2.643782 2.912046 2.047558 2.095105 3.727773 3.836833 4.004555 3.901220 4.143127 3.812636 4.311216 3.688028 3.658996 3.417718 3.626452 4.372603 4.603619 3.096415 4.054799 3.451721 4.660498 4.838700 4.339142 3.577591 4.059204 4.114017 3.452209 3.587159 3.237140 3.862339 3.858297 4.182159 4.011088 4.256172 2.367522 3.624775 3.180401 1.871652 4.151216 2.722069 6.145450 3.610004 2.382091 5.275378 3.504672 3.271278 3.712502 3.513146 3.247997 2.481186 4.380755 2.902463 3.465646 3.671314 4.670410 3.988828 4.454350 4.755022 2.650369 1.304033 1.061045 1.277740 1.096079 1.359523 1.195517 1.309415 1.520757 1.777562 2.219084 1.859189 1.570967 1.845651 1.682542 2.138461 1.710125 2.589803 2.748805 2.560751 2.946596 2.310255 1.177688 1.747109 2.294030 2.092869 1.634345 2.047502 1.910842 1.524592 1.492838 2.230119 2.311291 3.705741 2.261352 1.986715 2.249721 1.652314 1.598414 1.957072 1.945710 2.139965 2.941463 3.535706 3.255074 2.866725 3.360058 3.096858 3.183668 3.383772 3.423821 2.718541 2.035250 1.737078 1.685810 2.053686 1.878551 2.791877 2.256243 3.132131 3.553488 2.670742 2.257390 2.654973 2.616706 2.576791 1.149578 2.136444 1.844208 2.986570 3.326810 2.205632 3.175718 2.517960 3.051779 2.443471 
2.671244 2.387881 2.302768 1.937072 2.844657 3.370084 0.000000 0.971717 1.406956 1.699999 1.884042 1.595252 1.384510 1.367059 1.680626 2.138999 1.226039 1.816151 1.649212 1.355205 2.616288 3.141547 3.295026 3.428772 3.070250 3.088274 2.726385 3.429918 2.951586 2.292641 2.868906 2.912634 3.060096 2.930455 2.490037 2.495031 2.983873 2.637326 3.569240 1.182481 2.169959 1.635074 1.895077 1.719998 2.146760 1.540450 1.970684 2.801104 1.932877 2.247745 3.720444 5.168301 3.397164 4.431803 4.496919 1.393154 4.240736 3.949659 2.151265 4.433677 5.045288 3.106337 3.868197 4.575689 1.465709 0.962426 1.916255 3.025962 3.200530 2.815851 3.151831 3.465920 3.217489 2.343876 2.478604 4.653490 1.499081 4.875795 2.324671 2.491183 2.496475 2.027880 3.863391 4.687466 3.288149 3.808921 1.138240 1.488473 2.444263 1.369606 2.018007 1.920821 1.761945 2.061612 1.718919 1.725711 2.086261 2.194016 2.735151 1.824592 2.335135 2.402813 1.559443 2.333081 2.013684 1.823392 1.590151 2.035239 1.955711 1.969986 1.545352 1.228244 1.550443 1.008081 1.477608 2.238870 1.811435 1.838785 1.435764 1.442049 1.724987 1.088366 1.866602 2.106393 1.380351 1.348856 1.035907 2.086483 1.926956 1.822122 1.471550 1.862613 2.088966 1.891992 1.282031 0.917756 1.455364 1.062979 1.471445 1.974557 2.006014 1.749814 1.691509 1.302376 2.584562 1.375076 1.930632 2.874750 2.102958 3.630332 3.498119 1.125993 2.864978 1.586068 1.857598 1.796868 2.222080 1.293533 1.686849 0.992957 2.355974 2.040223 1.644888 2.226240 2.413333 1.612355 4.240228 2.969611 4.097438 3.968492 3.332397 3.941403 3.696794 3.679614 1.681159 1.563588 2.501098 2.358560 2.320006 2.627430 2.085338 2.409133 1.753053 1.811749 2.575697 1.010975 2.540537 2.667390 2.290613 1.499625 2.396990 2.532088 2.127436 2.019458 2.285148 2.426088 1.909739 2.587179 1.831761 2.190930 2.072637 1.701729 2.454060 1.958306 1.933753 2.132563 2.595642 1.169107 2.408045 2.179010 1.956514 2.063775 2.089550 2.771908 2.179031 3.168306 2.026279 1.947688 2.280467 2.630258 2.335310 2.146849 1.601470 1.846673 3.320825 2.983557 1.953891 1.620695 1.766614 0.901730 1.334629 2.479023 1.650331 2.226140 0.942745 1.910669 2.010160 1.786557 2.685935 1.005035 1.520020 
2.773197 2.248570 2.243702 1.978176 2.414418 2.777683 0.971717 0.000000 1.027559 1.209487 1.480176 1.609071 1.598761 1.446236 1.380247 2.038348 1.095364 1.860353 1.584859 1.779505 2.780939 3.086081 3.235015 3.372477 3.079448 2.632229 2.829786 3.119942 2.373447 2.764986 2.680253 2.795396 2.955093 3.096659 2.334527 2.419016 2.867744 2.716136 3.402488 1.966643 1.733199 2.171030 1.940380 2.017579 2.097074 2.015995 1.776184 2.360926 1.508168 2.047541 3.657796 5.008332 3.322540 4.217780 4.486858 1.729509 4.224310 3.627528 2.362774 4.836578 4.885319 2.676098 3.784127 4.487620 2.167904 1.526790 2.204163 3.062361 2.853480 2.457988 3.014824 2.873519 2.967258 1.494074 2.387315 4.103666 0.884212 4.709670 2.161390 1.906644 2.217443 1.840022 3.084186 4.017201 2.366919 3.467973 0.565180 1.707961 2.549251 2.018443 2.015293 2.105897 2.142230 2.794024 2.036325 2.009100 2.208424 2.516426 2.852132 2.367105 2.457297 2.242844 1.341409 1.962078 1.534572 1.381114 1.657315 2.010266 2.357775 1.598292 1.635604 1.335521 1.474600 1.436654 1.744574 1.729081 1.576296 1.715351 1.092164 1.406670 1.072686 0.928853 1.974101 2.189572 1.028236 1.458935 1.113257 2.246451 2.105552 1.976909 1.352171 1.645158 1.802169 1.196647 1.281062 0.964001 1.745658 1.242777 1.586295 1.471189 2.199138 1.883445 1.418454 1.202010 2.519237 1.997777 1.770663 3.679800 2.306140 2.957277 2.845486 0.908808 2.884026 1.689892 1.937224 1.399418 1.864006 2.002961 1.267920 1.047848 1.837743 2.550117 1.917713 2.300537 2.625037 1.268048 3.755935 2.533528 3.613145 3.484199 3.101010 3.617547 3.271736 3.548259 1.250919 1.693687 2.186304 1.712105 1.605672 2.148319 1.789626 2.195110 1.302001 1.391734 2.175073 1.496894 1.871801 2.399313 1.806320 0.981530 1.499570 2.052976 1.918594 1.599551 2.036620 2.163431 2.076236 1.877910 1.829958 2.505705 1.705493 1.908643 2.045619 1.366922 1.390504 1.282762 1.684799 1.059405 2.469803 1.638889 1.440572 2.600059 1.833373 1.913773 2.094356 2.429887 1.491786 2.092708 1.655288 3.207728 1.622422 1.832980 1.989589 1.260456 2.586417 2.934514 1.739869 1.882847 2.153174 1.026188 1.738283 2.342770 1.146175 1.795901 1.243240 1.366204 1.809490 1.746131 2.742521 0.992475 1.537925 
2.795821 2.102924 1.897908 2.259980 2.969417 3.273988 1.406956 1.027559 0.000000 0.712656 0.565267 1.913956 1.522533 1.114730 1.675944 1.578011 1.211743 2.321470 1.705993 2.162371 3.276334 3.479309 3.628243 3.832889 3.535871 3.139091 3.411197 3.621278 3.095402 3.173932 3.215970 3.188625 3.364222 3.478979 2.829922 2.914411 3.363139 3.211531 3.897883 1.899454 2.071025 2.198306 2.220824 2.215814 1.742007 1.759416 1.948899 2.918850 1.999419 2.445405 4.239208 5.504638 3.903951 4.714085 5.068270 2.022482 4.805722 4.123833 2.944185 5.294779 5.457193 3.172403 4.242328 5.069032 1.834678 1.651276 2.134436 3.358058 3.424529 3.039399 3.596236 3.369824 3.262956 2.152542 3.127116 4.284469 0.988577 4.574465 2.333877 2.210540 2.548879 2.279036 3.955524 4.567561 3.025386 3.735037 1.004871 1.592430 2.546640 2.082006 2.162323 2.059752 2.304963 2.483719 2.199058 2.160975 2.269405 2.691260 2.874409 2.555140 2.412668 2.508380 1.990840 2.135147 2.200199 1.979527 1.826402 2.106996 1.881895 1.545340 1.992049 0.769620 1.097735 1.265366 1.279574 1.441575 1.136169 1.344920 0.662252 1.032746 1.291705 1.285873 1.668050 1.742218 0.849950 1.273199 0.630567 1.834966 2.084620 1.622022 1.071210 1.301935 1.372872 1.341054 1.208025 1.045554 1.396561 1.324917 1.064292 1.234023 1.740328 2.494417 1.415856 1.674504 3.100649 1.605270 2.448786 3.589496 2.538840 3.415136 3.073159 1.001438 3.647256 1.827721 1.923830 1.580860 2.587254 1.912657 1.183981 0.973087 2.054796 2.647996 1.785109 2.333443 1.854626 1.281011 3.989270 3.099396 4.109450 3.985640 3.666878 4.198958 3.752497 4.129671 1.890271 2.102937 2.482001 2.273470 2.349246 2.629080 2.409548 2.691415 1.362547 2.030785 2.029479 1.547019 1.842956 2.877389 1.896080 1.536539 1.718477 2.209985 2.647250 2.335176 2.213445 2.911116 2.346819 2.584638 1.610695 2.678192 1.976765 2.377120 2.226871 1.986844 2.250894 2.123048 1.835337 1.111401 1.912896 1.427700 1.560313 2.852564 1.461530 1.759930 2.099486 2.145966 1.897215 2.373646 2.472572 3.665929 2.386860 2.457455 2.429246 1.827476 2.384439 3.155604 2.187223 2.195560 2.276565 1.475408 2.310006 2.800971 1.785223 1.641686 1.339128 1.294023 2.139841 1.435376 2.429742 1.560070 2.092838 
2.839637 2.254873 2.079170 2.285278 3.010859 3.527602 1.699999 1.209487 0.712656 0.000000 0.956469 1.906570 1.690151 1.307530 1.708481 1.800545 1.502671 2.490952 1.734625 2.210323 3.132911 3.638445 3.614019 3.751482 3.510266 3.237959 3.362172 3.661108 3.089560 3.181747 3.150892 3.174401 3.337765 3.209756 2.556562 2.643910 2.969269 2.845091 3.603396 1.826700 2.083204 1.963651 1.858098 1.811184 1.354264 1.900357 2.069761 2.941824 1.975427 2.325357 4.266972 5.594411 3.838874 4.829766 5.003193 1.741936 4.740644 4.229151 3.001662 5.567923 5.471398 3.277721 4.494747 5.029861 2.129597 1.915904 2.222426 3.313706 3.421627 2.974322 3.596012 3.508471 3.197878 2.311913 3.077446 4.592272 1.411932 4.927147 2.624806 2.407086 2.839808 2.490837 4.140079 4.732114 3.226505 3.935295 1.225938 1.545590 2.466161 2.209600 2.262476 2.014290 2.273122 2.652764 2.176779 2.037470 2.209877 2.329632 2.587154 2.325258 2.303846 2.592972 2.242066 2.436904 2.377168 2.317160 1.998247 2.026994 2.077441 1.890174 2.249649 1.110126 1.356120 1.091921 1.367108 1.476129 0.997093 1.164051 0.888574 1.134294 1.227102 1.282180 1.731736 1.622827 1.351420 1.230100 0.689999 1.767650 2.077844 1.404436 0.845215 1.271458 1.380053 1.243485 1.227487 1.315436 1.079939 1.354410 1.022664 1.076205 1.724261 2.664840 1.534058 1.688017 3.181676 1.591858 2.643574 3.676650 2.650855 3.455926 2.778865 1.112267 3.712207 1.857311 2.245082 1.842818 2.734758 2.118858 1.424903 1.142176 2.137139 2.755725 1.852779 2.118644 2.011541 1.652149 4.102932 3.155730 4.230312 4.116910 3.723212 4.175331 3.904447 4.152357 2.039966 2.355356 2.515601 2.401111 2.484253 2.781030 2.465881 2.822639 1.647692 2.300002 2.318113 1.851251 2.188316 2.944738 2.041800 1.526817 1.857123 2.323050 2.894078 2.470543 2.461525 2.944492 2.281741 2.728466 1.884643 2.915067 2.091199 2.416760 2.386468 2.076506 2.535428 2.287601 2.225289 1.388302 2.035685 1.583787 1.972298 3.089078 1.863017 1.739538 2.048782 2.377313 2.279582 2.789902 2.709409 3.954617 2.831909 2.761687 2.733478 2.335432 2.588903 3.150436 2.447520 2.499792 2.565253 1.743371 2.567606 3.074115 2.195741 1.945347 1.694376 1.612735 2.392260 1.860222 3.037490 1.762089 2.510471 
2.767253 2.205626 1.959040 2.636298 3.299103 3.508391 1.884042 1.480176 0.565267 0.956469 0.000000 2.210390 1.801397 1.250915 1.933091 1.617308 1.335614 2.717982 1.963140 2.454147 3.567212 3.789257 3.827880 4.176698 3.894420 3.383650 3.670332 3.781162 3.414724 3.546774 3.503727 3.346521 3.608781 3.661426 3.157383 3.267778 3.659511 3.513084 4.142441 2.313657 2.256636 2.568877 2.467043 2.520875 2.047068 2.048646 2.069410 3.131787 2.338458 2.789215 4.532624 5.741789 4.192186 4.990349 5.340961 2.334398 5.119863 4.212919 3.304959 5.740634 5.776515 3.228473 4.667458 5.409080 1.939671 2.088616 2.449084 3.692925 3.800846 3.348359 3.957010 3.502383 3.520102 2.208612 3.415351 4.637060 1.153899 4.968507 2.400754 2.503956 2.932559 2.801191 4.228215 4.724190 3.113787 4.044865 1.200296 1.928958 2.805448 2.439836 2.461644 2.343964 2.588872 2.672566 2.497953 2.377075 2.528458 2.958204 3.172441 2.894623 2.753893 2.486730 2.360724 2.398524 2.581698 2.249507 2.233825 2.386040 2.320895 1.931908 2.422361 1.178641 1.472584 1.691778 1.458215 1.495528 1.221970 1.678687 1.127779 1.176854 1.567107 1.644422 1.767984 1.882916 1.278527 1.637135 1.135890 1.943350 2.226992 1.600124 1.393674 1.418584 1.460003 1.694421 1.636111 1.609160 1.766643 1.789272 1.197193 1.483886 1.970959 2.837551 1.658587 2.056003 3.435516 1.917693 2.663011 3.849156 2.890638 3.781091 3.132744 1.467454 3.987304 2.111141 1.982687 2.014190 2.876381 2.289994 1.622981 1.275154 2.349071 3.039377 1.986327 2.517661 1.878502 1.669872 4.355225 3.480895 4.361549 4.351595 4.048377 4.554550 4.062829 4.495625 2.188868 2.528068 2.837593 2.587611 2.699657 2.937211 2.791046 3.048520 1.766349 2.418659 2.072546 2.023962 2.024740 3.232981 2.153227 1.804048 1.855069 2.591484 3.023568 2.701131 2.634237 3.292615 2.645416 2.625164 2.089299 3.030783 2.234528 2.748256 2.608370 2.368342 2.654085 2.413206 1.691210 1.561013 1.822782 1.364916 1.658278 3.291075 1.566114 1.633102 2.332434 1.916942 2.117241 2.824683 2.828164 4.127329 2.792092 2.934399 2.906189 2.189233 2.265422 3.451540 2.165573 2.672504 2.737965 1.916082 2.740318 3.246827 2.189628 1.955827 1.790165 1.354283 2.564971 1.616242 2.529996 1.957460 2.526909 
3.228640 2.867457 2.654851 2.446985 3.165045 3.844319 1.595252 1.609071 1.913956 1.906570 2.210390 0.000000 1.595985 1.408766 1.924091 2.430065 1.999994 2.565616 2.097219 1.806991 2.762507 3.362640 3.290589 3.730493 3.252738 3.466154 2.792720 3.385728 2.887359 2.576877 2.634692 2.850555 3.116482 3.354446 2.950021 2.903998 3.515599 2.783545 3.815251 1.763535 2.600962 1.812789 2.121652 1.162327 2.319466 1.493505 2.181891 3.250095 2.310895 2.673868 4.072018 5.188422 3.495100 4.770870 4.979470 2.450106 4.438464 4.401025 2.590136 5.385659 4.911563 3.195956 4.044317 4.447145 2.213037 1.377966 1.828309 3.454459 3.557188 2.905470 3.267357 3.940155 3.438086 2.645949 2.209106 5.330328 2.198760 5.579964 3.159860 2.965418 3.186328 3.125979 4.179833 4.989227 3.643336 4.280420 1.914066 1.574912 2.352900 1.566507 2.061742 1.753292 2.102266 2.508398 1.545468 1.883387 2.668503 1.950991 2.360113 2.419847 2.009568 3.093264 2.142014 2.557871 2.524188 1.891526 1.863621 1.904501 2.360511 2.584785 2.215382 2.256036 2.120158 1.573988 2.465399 3.127729 2.308181 2.458423 2.134273 2.391558 2.548944 1.801111 2.768454 2.812679 2.373311 2.442062 1.778058 2.970103 2.570515 2.568928 2.040773 2.478298 2.972901 2.720373 2.298139 2.174822 2.140919 2.176986 2.271514 2.561470 2.637054 1.755749 1.323730 1.170122 2.450837 1.903725 2.082621 2.301131 1.316623 4.011113 2.776181 1.800401 2.268902 1.702783 2.045666 0.986983 1.708266 1.548425 1.608802 1.565263 2.080163 1.633029 1.244191 1.650620 2.829969 1.997264 4.360936 3.018576 3.763041 4.166123 3.381363 3.974824 3.976528 4.016538 2.155393 2.236915 2.588574 2.602026 2.229198 2.599473 2.134304 2.609898 2.166100 2.191468 3.067108 1.898942 3.193772 3.270458 2.764848 1.687764 2.752177 3.042592 2.283412 2.155896 2.923808 2.913723 2.351478 2.351772 2.266359 3.014668 2.240204 2.355820 2.964564 2.468810 2.515459 2.439818 3.037858 1.554420 2.709043 2.486532 2.479585 2.626731 2.155509 2.650182 2.011215 3.166014 2.084337 3.009407 2.211955 3.540116 2.460329 2.370298 1.820962 1.963852 2.896635 2.341835 2.347090 2.457681 2.338288 1.526737 2.045144 3.102291 1.949781 2.700375 1.836058 2.383186 2.422634 2.385881 3.669582 1.070249 1.913267 
3.340607 2.842398 2.727237 2.493943 3.352171 4.026263 1.384510 1.598761 1.522533 1.690151 1.801397 1.595985 0.000000 1.377075 2.237363 2.398861 2.229700 2.486160 2.205042 1.944187 3.325921 3.849324 3.721639 4.128658 3.524242 3.415664 3.501870 3.849314 3.456345 3.161106 3.414751 3.339753 3.414069 3.847186 3.057475 3.059762 3.521094 3.153270 4.055837 1.351806 2.601768 1.730940 2.157162 1.132081 1.222999 1.339954 2.331892 3.321127 2.344472 2.864726 4.352750 5.462734 3.886516 4.801015 5.204681 2.140972 4.842341 4.539277 3.039943 5.425611 5.339720 3.465186 4.428761 4.959033 2.269332 1.447461 1.699986 3.844600 3.883023 3.346289 3.777233 4.122099 3.639343 2.838256 2.819755 5.358825 1.972062 5.559119 3.197989 3.147362 3.351480 2.915911 4.365419 5.181533 3.777661 4.396248 1.666161 1.735387 2.219774 1.776563 2.099111 1.461875 2.054507 2.333529 2.213379 1.627022 1.876956 2.120990 2.285016 2.034509 1.998888 3.004938 2.590850 3.035892 2.716495 2.317052 1.743616 2.130507 2.257241 2.807383 2.437147 1.826368 1.761452 1.339600 2.247601 2.564058 1.516580 2.091089 1.672264 1.892204 2.159000 1.824235 2.515360 2.351680 1.983078 2.146416 1.492938 2.687984 2.610732 2.128279 1.820065 2.146781 2.249801 2.354239 2.184241 2.086517 2.208537 1.860325 2.000042 2.279583 1.575711 2.354399 1.531094 1.748462 2.985468 1.020690 2.225064 2.123958 1.743246 4.334014 2.377987 1.433028 3.173620 1.560630 1.884345 1.362817 2.368345 0.938774 1.271861 0.856884 2.560191 1.405132 1.027994 1.263568 2.321816 1.872587 4.630165 3.517334 4.471831 4.358430 4.084816 4.428828 4.168835 4.045578 2.337337 2.499595 2.889477 2.783970 2.736096 3.022549 2.827486 2.793889 2.387652 2.395289 2.901371 2.197855 2.973856 3.354656 2.946792 2.051328 2.910312 3.234899 2.571506 2.786521 3.118922 3.107735 2.899030 2.819430 2.440435 3.357272 2.432511 2.577929 3.283063 2.712474 2.794706 2.632125 3.084167 1.936824 1.848842 2.425193 2.402527 2.529795 1.735522 2.332747 1.794852 2.565690 1.795822 2.672441 2.682785 3.568521 2.832493 2.753682 2.273672 2.259226 2.859673 2.609376 2.610070 2.347679 2.283054 1.751632 2.076615 3.214780 2.229587 2.882319 2.040089 2.076058 2.405521 2.653811 3.548832 1.597759 1.889232 
2.479488 2.345876 1.477305 2.218470 2.987323 3.666596 1.367059 1.446236 1.114730 1.307530 1.250915 1.408766 1.377075 0.000000 1.460654 1.327824 1.010392 2.292340 1.633782 1.951845 3.163282 3.477701 3.691364 3.845554 3.617244 3.581214 2.899740 3.815523 3.094469 2.946290 3.035864 3.298239 3.517257 2.737462 2.982977 2.987970 3.476813 3.184319 4.062180 1.642725 2.673436 1.984602 2.236897 1.846037 1.782354 1.372915 1.912411 3.016928 2.195187 2.235840 3.894295 5.450260 3.625069 4.659708 4.801747 2.257475 4.414587 4.223302 2.432728 4.965060 5.327246 3.172080 3.946955 4.857648 1.438191 1.307392 1.918192 2.991022 3.338014 2.881593 3.217574 3.762432 3.051572 2.468226 2.938476 4.664288 1.167598 4.889195 2.183376 2.851078 2.689091 2.700834 4.145751 4.806322 3.417994 3.752868 1.619916 1.384879 2.643260 1.681918 2.291003 2.165867 2.197104 1.727655 1.929699 2.163212 2.512781 2.659644 3.068765 2.356979 2.656044 2.915541 2.037773 2.603686 2.466108 2.264027 1.541393 2.367445 1.532371 1.980784 2.038133 1.492493 1.679601 1.523136 1.410507 1.995512 1.177957 1.573823 1.324488 1.733627 2.180269 1.675243 1.664882 1.629947 1.605456 1.555745 1.037616 1.810824 2.129071 1.450258 1.338601 1.352606 2.118024 2.115701 1.615113 1.406968 1.636372 1.805236 1.145236 1.872760 1.747835 2.272047 0.935771 1.513378 2.866521 1.176924 2.394409 3.050283 1.854159 3.516588 3.329058 1.307990 3.328755 1.881203 1.459877 1.346638 2.436066 1.413112 0.954866 1.137824 1.838336 1.857128 1.554101 2.189562 1.707214 1.622513 4.020257 3.014628 4.163181 4.034235 3.372233 4.007145 3.752174 3.961573 2.159489 2.195497 2.335180 2.424303 2.219082 2.667266 2.125174 2.637037 1.369932 2.105907 1.971577 1.192218 2.360146 3.072010 2.301411 1.486232 2.264931 2.522160 2.685824 2.414617 2.295946 2.855643 2.219976 2.823400 1.593652 2.370120 2.036575 2.323646 2.724665 2.228911 2.362367 2.438732 2.080533 1.231165 1.695697 1.367192 1.503101 2.225013 1.797180 1.947239 1.875453 1.955094 1.831462 2.479730 2.528027 3.103974 2.763923 2.599272 1.843676 2.206201 2.487499 2.423303 2.594384 2.172268 1.798249 1.111319 2.190904 2.698612 2.051738 2.236938 1.410278 1.814660 2.309787 1.334313 2.630922 1.394162 1.983797 
2.316868 2.098336 2.482926 1.864748 1.630296 2.223295 1.680626 1.380247 1.675944 1.708481 1.933091 1.924091 2.237363 1.460654 0.000000 1.950717 1.340112 1.443944 0.916946 1.213006 2.370982 2.580279 2.654619 2.835464 2.680827 2.500332 1.989929 2.650954 1.953851 2.460719 1.980397 2.115781 2.444574 2.332602 2.223203 2.232163 2.502669 2.271172 2.954511 2.229563 2.193846 2.341472 1.943816 2.621381 2.363205 2.274174 1.244009 1.964281 1.276748 1.196898 2.630621 4.136924 2.426530 3.372279 3.515881 1.846224 3.217860 2.925510 1.402956 4.178294 4.013911 1.837024 2.928403 3.565037 1.953001 1.819166 2.433282 1.947933 2.029820 1.625893 2.055007 2.518168 1.644972 1.378286 1.983764 3.489431 1.111602 3.818041 1.355616 1.663773 1.728352 2.108848 3.091196 3.650134 2.482184 2.857463 1.498675 1.300006 2.337178 1.873436 1.899622 2.144181 1.880399 2.511124 1.707791 1.880959 2.437298 2.527357 3.024011 2.450574 2.686171 1.791251 1.441208 1.559690 1.403562 1.762166 1.785795 2.000915 2.182619 1.157796 1.610544 1.914762 2.491355 2.369151 2.270028 2.630057 2.179593 2.498205 1.891159 1.921535 2.110779 2.099156 2.741411 2.972426 1.545927 2.241789 1.476548 3.029305 3.025690 2.707950 1.838291 2.428012 2.574987 1.961781 1.955967 1.424130 2.051631 2.331001 2.369149 2.198077 2.453712 1.462525 1.666863 1.438408 1.608209 2.127092 1.341908 4.225222 2.462985 2.410116 3.773940 1.977376 2.157018 1.878369 1.783555 1.708957 1.724038 2.460528 1.501918 1.878301 2.198458 2.750182 2.068600 2.733861 2.962286 1.351649 2.699499 1.774956 2.826879 2.713477 2.310992 2.676025 2.446960 2.694870 1.049960 1.447462 1.213026 1.122779 1.425430 1.621388 1.394213 1.450248 1.549601 2.041469 1.908127 1.333325 1.685773 1.794943 1.007423 1.057867 1.361323 1.497120 1.837002 1.618339 1.283336 1.634903 1.943070 2.200007 2.329369 1.742927 1.539090 1.881796 1.550163 1.082099 1.676833 1.556960 1.624444 1.620896 2.457713 1.887846 1.428713 2.910749 2.350847 2.285260 2.510117 2.727231 1.956926 1.711445 1.387217 2.334219 2.074113 1.692321 2.035179 1.647716 2.961855 3.076609 1.651804 1.997219 1.738590 1.154836 1.379313 1.608297 1.184274 0.999383 1.395302 1.982876 1.921410 1.912101 2.308625 1.131551 1.176647 
2.121870 2.274752 1.283926 1.864050 2.949667 3.087876 2.138999 2.038348 1.578011 1.800545 1.617308 2.430065 2.398861 1.327824 1.950717 0.000000 1.100197 2.980542 1.587730 3.011156 3.927171 4.078016 4.270661 4.463001 4.408275 4.052403 3.621541 4.257691 3.475153 3.918034 3.668818 3.830626 4.150608 3.687028 3.532574 3.665712 4.043506 3.918356 4.587423 2.444514 3.064732 2.913617 3.063392 2.990149 2.637462 2.194240 2.479548 3.691729 2.720429 2.923244 3.940783 5.414582 4.309562 4.468119 4.790899 2.709589 4.360774 4.324942 2.888825 4.674496 5.148567 3.326343 3.961185 4.889842 1.463744 1.671387 1.628789 3.494455 3.664412 2.723485 3.421257 3.835989 2.782262 2.656338 2.871710 4.188693 1.752442 4.762957 2.125506 3.003059 2.660509 2.975614 4.174134 4.678553 3.730281 4.185560 2.142886 2.125362 3.327437 2.543815 3.068868 3.070082 2.933214 2.195416 2.929223 2.823062 3.286991 3.496501 3.936711 3.239363 3.612072 2.872866 2.070375 3.066911 2.490090 2.477628 1.539051 2.343494 1.490880 1.794833 2.031650 1.728438 2.067740 2.040110 1.268733 2.378285 1.721972 2.293666 1.761490 2.314583 2.715870 2.320478 2.030883 1.676497 1.825850 2.129471 1.554975 1.923259 2.552661 1.814185 1.914446 1.835235 2.402697 2.419767 1.935896 1.781081 2.206653 2.239484 1.673938 2.437351 2.408633 3.138332 1.636154 2.380567 3.024252 1.986059 2.723708 4.206138 2.396975 3.563099 4.109304 1.926613 3.825288 2.750760 1.715630 1.667837 3.256432 2.455760 1.505382 1.653618 2.251715 2.731098 2.349004 3.096317 1.808299 1.501136 3.955263 3.302270 4.198868 4.068984 3.772275 3.851462 4.099734 4.286717 2.229977 1.995659 2.802769 2.779192 2.622931 3.094238 2.720347 2.965353 1.754003 2.235255 1.596040 1.525652 2.154682 3.120394 2.072973 1.879913 2.445211 2.080307 2.756218 2.354981 1.974985 2.833017 2.094923 2.726004 1.903657 2.050535 2.316972 2.375383 2.417940 2.358301 2.291290 2.518280 2.154465 1.790870 1.877546 1.363250 1.467532 2.485943 2.018129 2.320428 2.218548 1.858946 2.111175 2.405178 3.052116 3.136717 2.615952 2.684448 2.386231 2.381464 2.032983 2.858679 2.899332 1.954023 2.122883 1.850805 2.783298 2.763729 2.442171 2.298352 1.755021 2.174507 2.014099 1.579318 1.930486 2.299979 2.826911 
2.237036 2.248762 1.266399 2.208210 2.805402 3.153123 1.226039 1.095364 1.211743 1.502671 1.335614 1.999994 2.229700 1.010392 1.340112 1.100197 0.000000 2.381538 1.523587 2.132755 3.298315 3.424397 3.718289 3.872478 3.809271 3.391922 2.967921 3.597211 2.771232 3.231840 3.116446 3.278254 3.598236 2.986777 2.927700 3.066708 3.449683 3.319352 4.035051 2.148003 2.529770 2.630307 2.548123 2.719740 2.650119 1.915210 2.005141 3.097906 2.168057 2.370872 3.827807 5.388954 3.611892 4.624308 4.658337 2.195857 4.348099 4.023693 2.466431 4.729438 5.265940 3.072263 3.774888 4.817067 1.275084 1.374147 2.114489 2.868336 3.148672 2.652944 3.197718 3.335681 2.985084 1.890240 2.895417 3.834807 0.863512 4.435489 1.536281 2.300207 2.044640 2.322556 3.624902 4.418548 2.891174 3.648982 1.298508 1.694651 3.014628 1.966903 2.659662 2.693000 2.549463 2.141856 2.292313 2.463705 2.986117 3.036877 3.578011 2.810839 3.234990 2.464438 1.513085 2.343334 2.066721 1.972876 1.752111 2.277354 1.789961 1.264592 1.620956 1.114236 1.648671 1.615392 1.159174 1.723618 1.645520 1.705980 1.206226 1.613855 1.807566 1.487532 1.437741 1.698258 1.064684 1.187391 1.138289 1.689193 1.685577 1.444760 1.589206 1.419103 1.802433 1.658601 1.139562 0.814591 1.765375 1.473982 1.063310 1.745019 2.467922 2.337552 1.241547 1.698731 2.820759 1.944101 2.327921 3.879764 2.567793 2.969689 3.824612 1.336016 3.288174 2.198278 1.592188 1.722153 2.506698 2.185351 1.430317 1.410570 1.790398 2.485089 2.205285 2.984400 1.824884 1.146988 3.897474 2.809645 4.024855 3.911453 3.209848 3.928055 3.698990 3.946899 1.731255 1.458870 2.310144 2.087545 1.919010 2.575572 1.898464 2.617182 0.954813 1.518710 1.673983 0.912296 1.626615 2.739280 1.742200 1.202968 1.559472 2.117592 2.527666 2.055652 1.852071 2.718210 1.914991 2.388177 1.469366 1.914326 2.063142 2.000839 2.194301 1.744286 1.769634 1.865927 1.453001 1.111260 1.983493 0.983189 0.884321 2.535030 2.023152 2.051531 2.134607 2.178183 1.723360 2.100714 2.274484 2.953876 2.171190 2.222755 1.987176 1.706032 2.409787 3.232176 2.222387 1.937123 1.923124 1.034961 2.003756 2.460493 1.669721 1.756593 0.953189 1.526392 1.823182 0.829292 2.081810 1.533803 2.046089 
3.266504 2.948152 3.616848 2.425914 1.339983 1.922065 1.816151 1.860353 2.321470 2.490952 2.717982 2.565616 2.486160 2.292340 1.443944 2.980542 2.381538 0.000000 1.814504 1.289774 1.679989 1.854151 2.091122 2.049867 1.777517 2.122637 1.538874 2.205765 1.680921 1.725447 1.430135 1.683671 1.913417 1.721635 1.899805 1.665489 1.940271 1.847820 2.075982 2.275737 2.329653 2.477959 2.543454 2.939686 2.793476 2.853915 1.865521 1.429156 1.220843 1.048623 1.971792 3.588023 1.764299 2.615652 2.928618 1.484740 2.538305 2.210431 0.925726 3.230817 3.283191 1.677801 2.471428 2.813592 2.881070 2.451157 3.155424 1.614451 1.711152 1.674554 1.676452 1.851235 2.053070 1.831729 2.863601 3.528269 1.818412 3.396953 1.539619 1.344030 1.878761 1.251516 3.011610 3.576943 2.331472 2.549789 1.951751 1.720195 2.833381 2.086093 1.711713 2.413837 1.806661 2.779376 2.105557 1.870243 2.462807 2.746353 3.148560 2.229918 2.988737 2.370867 2.289416 1.474099 2.086044 2.636232 2.634003 2.814191 2.918507 2.317625 2.289578 2.572943 2.692366 2.720892 2.725665 3.093764 2.643301 3.135661 2.536685 2.464134 2.576448 2.501656 3.197048 3.428064 2.010033 2.879244 2.114004 3.484943 3.663145 3.194675 2.345121 2.883649 3.339684 2.517028 2.411604 2.061585 2.505017 2.682742 3.006604 2.918428 2.820375 0.932720 2.804029 2.118824 1.821852 2.521157 2.198800 4.449994 3.171900 2.435640 4.435702 2.329117 2.552843 2.343087 2.838148 2.642159 1.341849 2.773155 2.388934 2.277562 3.422618 3.415877 2.437744 3.129209 3.745637 2.545455 2.444803 1.559870 2.483125 2.363543 1.950531 2.214853 1.906550 2.057291 2.044106 2.149747 1.752151 1.897093 1.677172 1.732199 2.214341 1.611116 2.680329 2.902929 2.987473 2.118115 2.765118 1.509704 1.883464 1.977872 2.089203 2.563152 2.495771 2.524785 2.226532 1.915380 2.835659 3.188049 2.974385 2.996020 2.501225 2.405359 2.403794 2.025585 2.525041 2.524277 2.410061 2.169632 3.468683 2.809597 2.627700 3.542741 3.207126 3.434036 3.363506 3.687405 2.916034 2.491169 1.412129 1.645484 2.930391 2.343826 2.744094 2.503994 4.164772 3.987165 2.118245 2.637282 2.733219 1.702085 1.335029 1.162163 1.682000 1.587239 2.002747 2.795023 2.776051 2.932524 3.160691 1.588838 1.240522 
