242 242
0.000000 1.489812 1.912811 2.447356 2.374963 2.552043 2.672523 2.228726 2.725752 2.672203 2.012201 2.085558 2.029269 2.801981 3.001030 2.896479 2.824809 3.746763 3.575175 3.705833 3.820485 4.163946 4.213416 3.523632 3.860830 3.548499 3.619720 3.088631 3.856692 3.690818 3.421070 3.642073 3.667469 4.035576 3.980863 3.862872 4.160970 3.034747 3.163133 2.737356 2.820827 2.103738 3.541227 2.613764 2.548448 2.642255 2.618558 2.501245 2.770889 3.271255 4.272231 3.937433 3.482874 3.907742 3.590426 2.375678 3.349233 3.361859 3.885288 2.678786 3.732014 3.507517 3.566448 2.479416 2.219667 1.593241 1.481044 1.935691 2.503826 2.828163 3.077601 3.350305 2.115718 2.985582 3.498217 1.775756 2.123765 2.603146 2.440717 1.611334 2.014231 2.526614 4.562567 2.718597 3.456637 3.461060 3.123166 4.790906 3.970450 5.709329 3.239961 4.161050 3.792392 3.801948 2.806942 2.653589 2.691380 3.311906 2.842433 3.294404 3.112935 3.331877 3.509931 3.719025 2.808340 3.811587 2.533471 3.287315 1.988269 1.791471 2.891202 1.902268 2.017164 1.852636 1.357556 1.788439 1.714060 3.030340 2.959718 3.265455 2.559234 3.242378 3.183491 2.889678 3.307557 3.078930 3.040302 3.199362 2.716676 3.179091 3.694709 3.150102 2.583843 2.890379 3.440422 2.861776 2.709977 3.301824 3.025918 3.199073 2.837755 2.368621 2.758582 4.385268 4.839795 2.606089 4.419561 2.967195 2.891696 2.560751 3.075928 2.673273 2.439922 2.836044 4.460097 3.619394 2.986040 2.029404 3.028659 3.525469 3.491790 2.667945 3.483354 3.076156 2.291805 2.875515 3.054984 3.095352 2.828718 2.931057 1.888679 2.451163 2.529082 2.261929 2.431536 2.338318 2.308831 1.833480 1.343316 2.014467 2.032484 2.135314 1.795794 2.015226 2.166406 1.779213 1.922683 1.517115 1.793678 1.666135 2.376867 1.460666 2.909761 1.868370 1.713763 1.436724 1.873609 1.756225 2.196147 1.968724 1.864304 3.044438 2.386567 1.912973 2.362872 2.236386 2.647392 2.614554 2.422456 1.833809 1.604288 1.440749 2.643925 2.672131 2.843127 1.842028 2.986271 2.946977 2.193326 2.200368 2.011010 2.488449 2.260819 2.804733 2.517834 1.518169 1.389492 2.104289 2.773812 2.782564 2.789898 2.987713 1.913955 2.312794 2.620463 2.219410 1.679861 3.382870 3.482485 2.712693 3.006286 2.890981 
1.489812 0.000000 1.920660 1.937395 1.860267 2.289912 2.169689 2.316025 2.175561 2.105058 1.623070 2.023049 2.155095 2.421952 2.703911 2.557882 2.426233 3.610272 4.194344 3.620339 4.279849 3.824230 3.744240 3.431457 4.086467 3.336900 3.453916 3.818720 3.556261 3.815360 3.512520 3.453768 3.448856 4.158153 3.823647 3.506917 4.294274 2.754851 2.197899 2.797403 3.006572 2.809130 2.917393 2.550158 2.795625 2.313583 1.810663 2.330661 2.705456 3.332718 3.805443 3.559696 2.895276 3.628384 3.446588 2.350582 3.302655 3.158248 2.990633 2.395371 3.739322 3.427442 3.363858 1.802392 1.537470 0.924051 1.363751 2.261751 2.581024 2.650453 2.681799 2.877149 1.892246 2.610278 2.771388 1.871850 2.012601 2.045914 1.606774 1.635706 1.849019 2.257730 4.199827 2.537900 3.140488 3.058790 2.711922 4.261804 3.601232 5.307831 2.844114 3.460639 3.099958 3.409770 2.210230 2.981696 2.901849 2.588934 3.130611 2.801027 2.560656 2.968034 3.241097 3.533838 3.088091 3.017156 2.830149 3.168043 1.205074 1.539703 2.171729 1.411702 1.342877 1.678190 1.250838 1.559046 1.513763 2.900747 2.575769 2.876324 2.607207 2.941924 2.482684 1.880673 2.598094 2.700413 3.138721 3.242049 2.237091 2.863105 3.604324 3.088691 2.194712 2.777154 2.917336 2.562139 2.236315 2.911514 2.891968 2.754950 2.614427 2.287291 2.601912 3.937713 4.612826 2.334071 4.268197 2.578064 2.294030 2.248061 3.252928 2.284748 2.339374 2.355340 4.107235 4.179744 2.593971 1.922111 2.956476 3.244446 3.426984 2.654401 3.364948 2.683878 1.804035 2.576101 2.733459 2.855234 2.708412 2.600688 1.447892 2.230696 1.770346 2.075732 2.143072 1.916381 1.630382 1.541696 1.682958 1.708081 1.876746 1.557327 1.657189 1.706394 1.932815 1.672342 1.615712 1.026117 1.581833 1.583623 2.189493 1.299407 2.520630 2.010204 0.916595 1.369165 1.591450 1.558402 1.935953 1.450319 1.616286 3.133157 2.068877 1.933309 2.143490 2.131813 2.221938 2.053009 2.026813 2.089791 1.449656 1.579466 1.731683 1.628557 2.497953 1.454254 2.562135 2.938741 1.737595 1.838438 1.706041 1.769777 2.023412 2.591588 1.889717 1.338209 1.397944 1.821006 2.524968 2.561574 2.336092 2.226008 1.731991 2.212063 2.390394 2.172445 1.616692 3.321459 3.116633 2.476469 2.479526 2.213590 
1.912811 1.920660 0.000000 2.429866 2.561893 2.144064 2.090475 1.235903 1.983788 1.880851 1.162744 1.398450 1.241158 3.019999 3.297856 3.078906 2.804014 4.190969 4.282329 3.720715 4.715991 4.609714 4.285516 3.783168 4.435520 3.603286 4.003541 4.211046 4.145008 4.499981 3.641123 3.814084 3.951075 4.357060 4.252691 4.173454 4.773941 2.565505 2.817211 3.157330 3.382785 2.965226 3.930700 3.164088 3.356910 2.734834 2.631566 2.620380 2.876884 3.831831 4.690796 4.200211 3.940904 4.581836 3.910984 3.107559 4.011793 3.698383 4.175144 2.816068 3.903323 3.222676 4.191851 2.682959 2.271603 1.891589 1.383539 1.544053 2.142546 3.248242 3.588486 3.270275 2.260518 3.054015 3.579980 2.622927 2.061973 2.849311 2.817956 2.272623 2.552524 1.812666 4.510625 2.318670 3.138828 3.267876 3.195820 4.696000 3.584677 5.573004 2.819387 3.940765 3.381012 3.969133 2.323873 3.653133 2.575166 3.445206 2.534909 2.991894 3.708132 3.413966 3.783392 4.204305 3.386145 3.822402 2.577420 4.367089 2.342114 1.362232 2.839279 1.865171 1.880144 1.150832 1.116270 1.349463 1.480158 2.081608 1.875248 2.090975 1.916000 2.498203 2.536020 2.593740 2.641863 2.003349 1.827839 1.932589 2.090292 1.820447 2.214943 1.565302 2.176074 1.939430 2.388705 2.025921 2.432870 2.255128 1.466381 2.377032 1.559898 2.755819 2.188461 3.608351 3.763741 1.888713 4.115408 1.945055 2.569694 3.123689 3.773380 3.023322 2.007982 1.987878 3.084431 2.374977 1.811579 0.989087 1.814812 2.616983 2.789663 2.687736 1.732705 2.776875 1.603554 3.342449 3.364026 3.113843 3.354888 3.593042 1.924878 1.744980 2.758633 1.767912 2.099807 1.949390 2.680888 0.898478 1.536954 1.553279 1.694849 2.410253 2.195819 1.774039 2.805143 1.515594 1.906869 1.802232 1.764155 1.555393 1.886357 1.458350 1.462911 1.349746 1.761201 1.730176 1.842853 1.532242 1.376761 1.726531 1.534578 1.652314 1.413111 1.375629 1.540455 1.474356 1.359777 1.583674 1.787471 1.883297 0.805724 1.082531 1.566433 1.730673 1.823747 1.845071 2.697209 2.713460 1.853191 2.028356 1.532115 1.953513 1.581956 1.949831 2.983636 1.497658 1.543022 1.761726 2.652511 2.541674 2.395896 1.968326 1.378760 2.388748 2.034186 1.026765 1.783936 2.101327 3.016631 2.540635 3.028355 2.710776 
2.447356 1.937395 2.429866 0.000000 0.808380 2.889930 2.273110 2.784773 2.737090 2.731706 2.370270 2.634867 2.523840 1.838406 1.840016 2.514241 1.729181 2.802359 2.766763 2.164910 2.948330 2.883677 2.463219 2.547846 2.715950 2.060550 2.413126 3.317090 2.424561 2.973178 2.565350 2.638326 2.871863 2.604650 2.555848 2.650095 2.901817 3.427919 2.972211 3.539305 3.465408 2.600321 1.612636 2.023131 2.051207 2.452515 1.733375 2.059264 1.563065 1.792856 2.630357 2.228025 1.775438 2.468200 2.236673 2.677637 2.121415 1.839058 1.766004 1.731071 2.497611 1.798145 2.171527 1.288065 1.616988 1.539736 1.461217 2.932253 3.382202 1.280041 1.200652 1.337384 1.116554 1.147534 1.150114 1.612011 1.784103 1.207740 1.466689 2.502119 2.431145 2.000198 2.643167 1.012307 1.374074 1.287762 1.760652 2.582045 1.835478 3.459952 1.171903 1.921699 1.499896 1.820169 2.376706 3.734989 3.441145 2.961650 3.782527 3.222669 3.451831 3.542578 3.994389 4.287130 3.752891 3.848169 3.444225 4.044595 1.985698 1.626365 1.752901 1.530374 1.835195 1.943375 2.205302 1.354659 1.931927 3.245902 3.425895 3.461361 3.078850 3.290135 2.998124 2.862766 2.846852 3.063774 3.505864 3.664924 2.324850 3.209311 3.978453 3.433846 2.779749 3.174123 3.346130 2.772171 3.071793 3.340722 3.309662 3.169721 2.879583 1.927690 3.353553 4.527193 5.442188 3.132968 4.684250 2.920939 2.423335 2.993389 3.002754 3.220262 2.877162 2.736725 4.467895 4.524899 2.913180 2.799635 3.231698 4.073808 4.256345 3.411224 3.821152 2.431279 1.962241 1.324768 1.168868 1.292562 1.570814 1.488318 1.398870 1.861545 0.983720 1.775307 1.463208 1.801016 1.395138 1.826244 2.021261 2.219163 1.692373 1.313530 1.259079 1.900271 2.001664 1.530521 1.314928 1.423622 1.851676 1.497146 2.285085 2.192636 2.863505 2.178968 1.725443 2.202109 1.642678 1.748850 1.931189 1.253301 1.731074 3.510001 2.464362 2.814643 2.115217 3.153441 2.684884 2.395884 2.845812 2.092279 2.232477 2.165303 2.558596 2.299514 3.166281 1.990151 1.439916 1.810478 1.874917 1.707996 2.542791 1.738175 2.646639 3.445388 2.368910 2.213195 2.230506 2.177331 2.238742 1.144262 1.695318 2.488652 2.086496 1.648578 1.095611 2.364480 2.100965 3.586614 3.965804 2.606652 2.179894 2.188110 
2.374963 1.860267 2.561893 0.808380 0.000000 2.601940 2.201335 2.776543 2.714485 2.981473 2.332279 2.596876 2.623717 1.209415 1.276140 1.890106 1.140861 2.339340 2.682010 2.269165 2.614619 2.424674 2.275595 2.129832 2.488707 1.828126 1.969667 2.820452 2.035156 2.383020 2.481269 2.194786 2.222415 2.368188 2.220498 2.206636 2.566466 2.979928 2.437728 3.037598 2.812889 2.298523 1.415866 1.543473 1.747771 1.823524 1.805436 1.597156 1.317633 1.688329 2.446950 1.985947 1.593744 2.611887 2.020435 2.160586 1.827148 1.597002 1.698433 1.181383 2.550334 1.713914 1.867706 1.072885 1.289000 1.536427 1.388488 2.870733 3.069917 1.331548 1.276593 1.133816 0.607353 0.923018 1.340249 1.145377 1.172267 0.620951 0.974559 1.826930 1.716393 2.178423 3.007633 1.456357 1.786367 1.601619 1.344720 3.122317 2.203807 3.651583 1.305513 2.141857 2.009973 2.222281 2.350527 2.988351 2.891052 2.209006 3.466889 2.460488 2.799700 2.795940 3.247752 3.540492 3.161853 3.197558 3.128587 3.408009 1.502751 1.494176 1.419005 1.164935 1.704949 1.887144 2.160951 1.519717 1.519928 3.189671 3.137904 3.227425 3.203022 3.468360 2.920222 2.934827 2.855564 2.992000 3.684090 3.843150 2.503076 3.387537 4.156679 3.627616 2.795813 3.352349 3.649951 2.950396 2.945524 3.214894 3.487887 3.347947 2.913352 1.322214 3.171106 4.094746 4.994197 2.652383 4.381527 2.849164 2.155017 2.458264 2.475847 2.575728 2.662333 2.450897 4.182066 4.718669 2.722895 2.761644 3.329924 3.625817 3.808355 2.973596 3.945323 2.037342 2.091190 1.302811 0.943494 1.139105 1.144095 1.209888 1.137805 1.681662 0.891853 1.493191 1.228519 1.366337 0.812966 1.998109 1.992454 2.181172 1.996194 0.730389 1.298460 1.522970 1.525077 1.341960 1.313919 1.195510 1.464513 1.403418 2.143663 1.683276 3.041731 2.013789 1.249143 1.721046 1.311663 1.468714 1.853054 1.084806 1.642074 3.688226 2.284479 2.785835 2.259067 2.739251 2.552314 2.494110 2.397821 1.890442 2.202342 2.083584 2.380656 2.599588 2.718290 1.872160 1.137553 1.438730 1.824442 1.521753 2.088440 1.776452 2.904261 2.951199 2.206515 1.855476 1.962787 1.809340 1.743692 0.855748 1.587701 2.782110 1.806360 1.481637 1.396869 2.542706 2.126827 3.780384 3.627865 2.158661 1.703083 1.850170 
2.552043 2.289912 2.144064 2.889930 2.601940 0.000000 0.940122 2.038127 1.607279 1.795235 1.569679 1.080320 1.942328 1.632698 1.633444 1.240294 1.461078 2.401248 2.909875 3.201292 3.154474 2.809630 2.874174 2.512840 3.160532 2.710504 2.619264 3.306816 2.671693 2.854146 2.623176 2.294634 2.318335 2.837610 2.679186 2.383733 3.200437 1.116722 1.534086 1.540687 1.826461 2.022201 2.489394 1.798078 2.054087 1.385377 1.377392 1.239485 2.276274 3.250977 4.596801 2.985930 3.951847 4.783557 3.921928 1.300512 3.941649 3.712495 3.514581 1.936442 3.860212 3.455390 4.090700 1.863661 2.104271 1.624181 2.093449 1.335738 1.722030 2.667858 3.029628 2.824610 2.595786 2.431797 3.104290 2.991979 2.289132 2.315478 2.060919 2.164850 2.331118 1.405552 4.178118 2.216762 1.750552 2.879369 1.882413 4.296734 3.314279 4.612785 1.887104 4.053864 2.901189 3.245050 1.124837 2.351482 1.310834 1.922317 1.935397 1.643852 2.003469 1.695480 2.079312 2.598025 1.763260 2.195979 1.402778 2.653228 2.301568 1.480715 2.161814 1.904251 1.752683 1.638528 1.811959 1.878801 1.479830 1.484776 1.028494 0.943384 1.385392 2.159800 1.321155 1.394753 1.677501 1.043841 1.782170 1.948821 1.337746 1.287576 1.850916 1.701034 1.387788 1.752029 2.008902 1.230747 1.379481 1.025558 1.381342 1.900140 1.593982 2.398257 1.255845 2.382126 2.651641 1.950274 3.328859 1.068152 1.386650 1.627358 2.708452 1.558492 1.728950 1.671629 2.148465 2.610269 0.915463 1.505714 1.890699 1.858999 1.946898 1.534311 2.188242 2.201386 1.509413 3.868482 3.123987 2.998670 3.582047 3.280684 1.595765 1.450204 2.763237 2.201007 2.182451 1.980719 2.248788 1.675988 2.447636 0.946799 2.439826 2.461939 2.140363 1.454264 2.198673 2.136715 1.789722 2.403083 1.927377 2.140660 1.970555 1.824490 1.745538 2.068225 2.000016 1.630503 2.327758 1.854785 1.707748 1.853102 1.842847 2.356053 1.125490 2.216026 1.842334 1.942555 1.526304 1.780804 1.023833 2.726027 2.189410 1.715643 1.982505 2.627398 1.836908 1.424927 2.090603 2.346455 2.228140 2.008255 1.504479 1.761664 3.131181 2.819818 1.844826 1.533533 1.671213 0.863188 1.208106 2.214731 1.529793 1.831020 1.910788 2.351927 2.455307 1.686467 2.558871 2.171933 1.790921 0.948078 1.374154 1.101791 
2.672523 2.169689 2.090475 2.273110 2.201335 0.940122 0.000000 2.301868 1.119014 1.375630 1.738632 1.154697 1.848999 1.458387 1.693594 1.659117 1.289483 2.560421 2.858720 3.177346 3.102818 2.813351 2.412651 2.645875 2.845079 2.159128 2.454176 3.225619 2.548978 2.743665 2.819014 2.133646 2.236842 2.838031 2.557579 2.457066 3.028206 1.874588 1.255174 2.060057 1.858601 2.513267 2.078851 1.391028 1.883518 1.573876 1.086977 1.483547 2.571471 3.217964 4.466467 2.940940 3.767459 4.653222 3.941501 1.623703 4.002071 3.725704 3.222085 2.177586 4.284694 3.393127 4.032266 1.625219 1.663603 1.503627 1.650116 2.041450 2.024479 2.733891 2.683078 2.507194 2.267557 2.441080 2.541524 2.771382 2.117811 1.968927 1.876531 2.113650 2.267558 0.802671 4.034218 1.960531 1.560191 2.247089 1.641787 3.788021 2.566109 4.050018 1.328262 3.413514 2.011554 2.932586 0.540311 2.450523 1.953851 1.906439 2.667313 1.948094 2.109046 1.982225 2.385137 2.698420 2.289188 2.301556 2.182771 2.753624 2.171233 1.290833 1.820445 1.454773 1.335881 1.424192 2.226452 1.532924 1.590838 1.388242 1.660561 1.343419 1.621603 1.630662 1.032104 1.339012 1.013997 0.869703 1.861935 2.005451 0.973176 1.368020 1.999598 1.826187 1.253785 1.514650 1.693116 1.209821 1.654310 1.175721 1.468371 1.382146 1.331495 2.362567 1.854001 2.414005 3.427057 2.172497 2.662711 0.829647 0.840773 1.778241 2.757134 1.646850 1.819833 1.287918 2.313256 2.735422 0.940719 2.193078 1.898310 2.374372 2.660914 1.790068 2.391686 1.805287 1.179316 3.413823 2.730223 2.796917 3.287826 3.178963 1.195161 1.596462 2.259706 2.012480 1.499713 1.714641 2.064399 1.246051 2.067829 1.442292 1.792539 2.223497 1.685704 0.964063 2.014285 1.667885 1.421378 1.953605 1.534850 1.916989 2.010197 2.009514 1.742295 2.397624 1.651399 1.855944 1.948951 1.486720 1.504902 1.291352 1.327525 2.390023 1.032099 2.291804 1.340164 2.485158 1.119371 1.105974 1.397028 2.873045 2.043071 2.189647 1.735868 1.789751 2.318858 1.488465 1.495059 2.938550 1.542744 1.718599 1.908393 1.197271 2.416633 2.791263 1.660437 1.803736 2.071046 1.009643 1.617313 2.101488 1.049554 1.289468 1.725741 2.463881 2.248270 1.659205 2.630081 2.192034 2.140805 0.947338 1.414546 1.009771 
2.228726 2.316025 1.235903 2.784773 2.776543 2.038127 2.301868 0.000000 2.047528 1.957283 1.135889 1.457219 0.703550 2.685612 2.994557 2.972970 2.692896 3.856582 4.056050 3.432960 4.381604 4.321959 4.167345 3.448782 4.317350 3.544351 3.669154 3.876659 3.810621 4.165594 3.379047 3.613712 3.663320 4.130782 3.972358 3.839067 4.493608 2.410051 2.835882 2.947124 3.307765 2.630839 3.596313 2.883756 3.022523 2.400448 2.525629 2.514444 2.840904 3.563038 4.974953 4.047643 4.120034 4.847062 4.347150 2.783535 4.150911 3.889703 3.938605 2.528313 4.087635 3.636539 4.483942 2.671118 2.268726 2.211015 2.004507 1.253700 1.863399 3.101943 3.345532 3.332893 2.641353 2.871567 3.629193 2.770969 2.438465 2.640573 2.635932 2.764567 2.882384 2.011882 4.096238 2.582289 2.992511 3.358567 3.043252 4.597486 3.800978 5.528543 2.883035 4.238889 3.545773 3.662573 2.441574 3.578113 2.547101 3.210410 1.960484 2.963506 3.497926 3.338946 3.708372 4.129285 3.175114 3.794014 2.341307 4.110250 2.784560 2.028685 2.811959 2.434250 2.449223 1.794076 1.558901 1.810972 1.906757 2.132687 1.899253 1.982587 1.450447 2.565425 2.561686 2.387078 2.843844 2.273898 2.027009 1.905230 1.992808 2.104515 2.351256 1.615843 2.090714 2.111754 2.727311 1.912893 2.095376 2.102978 1.726007 2.626072 1.964239 2.923824 2.107302 3.766496 3.675429 2.291439 4.543824 2.233996 2.588082 3.053850 3.710324 2.964146 1.724671 2.103964 3.340085 2.446803 2.030774 1.181211 1.866479 2.419301 2.813139 2.686357 1.422501 2.991352 1.552099 3.700311 3.511054 3.435489 3.591036 3.931405 2.201648 1.764478 3.027815 2.553206 2.582942 2.619807 2.847517 1.744636 1.663337 1.167669 2.169821 2.974150 2.037541 1.983281 2.780883 2.316170 1.847286 2.077647 2.441342 2.016845 1.506044 1.905594 1.508850 1.641774 2.359173 2.299254 2.342739 2.171909 2.132137 2.399732 2.373927 1.460656 1.515465 2.030599 1.658157 2.176056 1.873055 2.041351 1.857772 1.968406 1.347022 1.306286 2.130884 2.609893 1.934936 2.100097 2.981607 2.659642 2.692539 2.651488 2.124723 2.439474 2.397212 2.773485 2.757031 1.994091 2.112101 1.712596 2.529039 2.572065 2.437293 2.261097 1.987338 2.718608 2.275772 1.117439 1.829692 1.718995 2.961571 2.419154 2.906875 2.604840 
2.725752 2.175561 1.983788 2.737090 2.714485 1.607279 1.119014 2.047528 0.000000 0.919927 1.548479 1.139260 1.665917 1.812605 2.246412 2.024885 1.718386 2.847343 3.341241 3.518386 3.416773 3.179119 2.953331 3.094325 3.321195 2.794821 2.847593 3.408661 2.862932 3.061288 2.883000 2.290630 2.396687 3.064119 2.594054 2.520971 3.164065 1.768964 1.353833 1.895317 1.758125 2.867869 2.576457 1.786971 2.110183 2.005509 1.734593 2.139963 3.094827 3.740118 4.969254 3.373983 4.296153 4.906010 4.374544 1.586458 4.435114 4.158746 3.740416 2.730132 4.925565 4.013273 4.491215 2.237135 2.263027 1.740981 1.989232 2.036592 2.070117 2.937659 2.930684 2.992050 2.700600 2.905210 3.093184 2.954425 2.769045 2.511874 2.415588 2.538913 2.876685 1.289767 4.187705 2.525060 2.138773 3.086098 2.314277 4.183868 3.531824 4.704947 2.156655 4.045135 2.785339 3.345148 1.139433 2.398670 2.136797 2.123248 2.585279 2.065440 2.124630 1.919362 2.209051 2.478365 2.251159 2.189606 2.084503 2.706742 2.428840 2.097940 2.199821 2.206781 2.188000 1.882369 2.005864 1.760815 2.118864 1.305954 1.457106 1.044302 1.282927 1.365961 1.000792 1.050331 1.100975 1.185266 1.653731 1.523674 1.250899 1.146308 1.988130 1.342879 0.781924 1.204202 1.312640 1.124721 1.010303 1.242085 0.969485 1.010306 1.510329 2.936677 1.538643 2.386816 3.480715 2.545468 2.660080 1.061621 1.210554 1.846977 3.497840 1.796925 2.147590 1.752020 2.385560 2.191820 1.090735 2.040529 2.392177 2.617706 2.924654 1.779981 1.856978 2.643521 1.556045 3.713243 3.166934 3.335828 3.762319 3.699769 1.893690 2.158426 2.559126 2.831058 2.290592 2.307605 2.608638 1.575170 2.178167 1.767748 2.046745 2.682554 1.863671 1.432849 2.453709 2.438031 1.657064 2.173025 2.321615 2.287135 2.340872 2.158153 1.857210 2.752227 1.995224 2.301992 2.197139 2.221424 2.474171 1.916896 2.381975 2.127530 1.320557 1.922736 1.858187 2.978081 1.338888 1.165171 1.769167 3.039460 1.943958 2.141508 1.789244 1.692603 2.847325 2.023411 2.459334 3.594965 2.661757 2.556833 2.609708 2.188617 2.481522 3.040733 2.268506 2.379323 2.476984 1.637229 2.365234 2.742360 2.008646 1.567244 2.246376 3.170302 2.741107 1.767469 2.861060 1.978275 2.306084 1.643593 2.296618 1.912568 
2.672203 2.105058 1.880851 2.731706 2.981473 1.795235 1.375630 1.957283 0.919927 0.000000 1.739674 1.104271 1.501596 2.155025 2.460363 2.267391 2.076350 3.278304 3.482672 3.770166 3.827489 3.561955 3.097704 3.381875 3.439932 3.098730 3.179172 3.492626 3.033735 3.330987 3.350663 2.890134 3.019237 3.511617 3.282979 3.187647 3.701792 2.247615 1.506339 2.486224 2.351999 3.035030 2.745165 2.128747 2.556359 2.413522 1.497052 2.348614 3.372841 3.988245 5.095376 3.706040 4.435482 5.145852 4.691057 2.177603 4.736083 4.516710 3.702929 3.015224 5.085319 4.173028 4.849179 2.295557 2.213390 1.800458 2.170397 1.866347 2.268531 3.295623 3.059973 3.350014 3.053382 3.263174 3.065841 3.255394 2.933796 2.696929 2.459538 2.855191 3.193334 1.054492 4.213031 2.604853 2.441228 3.248062 2.699709 4.131350 3.605591 4.834376 2.232119 4.015956 2.653876 3.441761 1.115159 2.707648 2.338789 2.315764 2.612552 2.374466 2.426608 2.480804 2.821020 3.047049 2.807390 2.623049 2.237583 2.911504 2.301342 2.203640 2.140037 2.394276 2.106553 1.931074 2.227494 1.786516 2.278618 1.407959 1.610470 1.635854 1.416730 1.424979 1.373945 1.099872 1.442958 1.552327 1.732674 1.811171 1.181911 1.560323 2.179973 1.565976 1.331679 1.391699 1.396713 1.540327 1.695345 1.683928 1.184232 1.421604 1.615764 3.174299 1.856173 2.693651 3.644916 2.765357 2.993179 1.410886 1.495102 1.980407 3.755866 2.043302 1.907952 1.905289 2.670623 2.234686 1.214005 2.045938 2.247878 2.873115 3.180063 1.905223 1.728333 2.803275 1.560811 3.944280 3.464235 3.639737 4.120283 4.021783 2.025486 2.318180 2.522372 2.936758 2.489151 2.611515 2.813263 1.680871 1.955358 1.927502 1.870212 2.949542 1.957625 1.688877 2.517701 2.592867 1.923835 2.420204 2.534748 2.446890 2.500626 2.500573 2.038371 2.854986 2.115545 2.614151 2.391771 2.395753 2.579871 2.188226 2.487675 1.903231 1.480312 1.711150 1.566924 3.164262 1.612241 1.254214 1.989889 2.789215 1.799421 1.971262 1.463267 1.554002 3.007080 2.128874 2.563388 3.754720 2.608984 2.716587 2.769462 2.029460 2.168787 3.316656 1.972364 2.539077 2.636739 1.796984 2.524988 2.902114 1.989576 1.295835 2.406131 3.293786 2.753357 1.543170 2.370169 1.799464 2.210491 1.826007 2.300099 1.806431 
2.012201 1.623070 1.162744 2.370270 2.332279 1.569679 1.738632 1.135889 1.548479 1.739674 0.000000 1.053122 1.204258 2.143665 2.313414 2.260739 2.109498 3.206527 3.568158 2.882892 3.893712 3.614909 3.679453 2.798727 3.829457 3.051276 3.127207 3.476604 3.322729 3.623647 2.885956 3.099913 3.123614 3.642889 3.484465 3.189012 4.005716 1.626696 2.119877 2.130997 2.644137 2.332682 3.054367 2.395863 2.372468 1.750393 1.828942 1.866298 2.343990 3.035370 4.671121 3.397588 3.790295 4.426058 3.942193 2.123118 3.834151 3.496889 3.244920 1.846326 3.825168 3.434589 3.983201 1.966203 2.024129 1.459468 1.685018 1.331398 1.611385 2.376303 2.694671 2.731586 2.326125 2.189619 3.086441 2.472318 2.201289 2.045817 1.899367 2.245961 2.583732 1.733161 3.637285 2.082843 2.569904 2.949816 2.550419 4.109593 3.290607 5.040650 2.395142 3.942492 3.034350 3.038745 1.953682 2.860431 1.925292 2.445077 1.966263 2.201432 2.681799 2.621264 2.990690 3.411604 2.411624 2.983068 2.078592 3.392569 2.215887 1.494690 2.142653 1.887138 1.839113 1.338352 0.814306 1.380959 1.394876 1.658623 1.276690 1.612845 1.679329 2.285557 1.943990 1.794864 2.334702 1.639330 1.767724 1.863293 1.570119 1.834477 2.282908 1.572950 1.445038 1.756549 2.386760 1.549698 1.396615 1.981790 1.610048 2.096204 1.487452 2.472577 1.393600 3.107958 3.231918 1.396850 3.935435 1.596476 2.050753 2.330987 2.979502 2.199829 1.951770 1.519136 3.000884 2.577400 1.677642 0.963350 1.957225 2.187823 2.197460 1.934154 1.871921 2.350154 1.280923 3.348821 2.968302 2.809835 3.312387 3.174677 1.609741 1.586136 2.417705 2.091797 1.980391 1.978609 2.095970 1.126541 1.614138 0.775613 1.805962 2.348151 1.494788 1.416999 2.240757 1.948147 1.263083 1.782697 2.015715 1.802818 1.834639 1.489559 1.048465 1.731273 1.763748 1.672197 2.054009 1.722403 1.936795 1.763715 1.887387 1.750070 0.821949 1.569749 1.630966 1.654369 1.179713 1.332186 1.255392 2.259061 1.494624 1.432744 1.536714 1.946645 1.685225 1.423598 2.397403 2.659375 2.262317 2.070357 1.533575 1.841023 2.260060 2.023776 2.181013 1.643616 1.625033 1.038222 2.108476 2.165198 1.934254 1.857988 1.795455 2.559452 2.372886 1.332594 2.076360 2.248124 2.611001 1.846119 2.276534 1.973160 
2.085558 2.023049 1.398450 2.634867 2.596876 1.080320 1.154697 1.457219 1.139260 1.104271 1.053122 0.000000 1.182892 1.816387 1.929288 1.758514 1.611533 2.818426 3.238750 3.078978 3.505611 3.226808 3.291351 2.645708 3.494626 2.834115 2.763753 2.860765 3.005786 3.235546 2.492903 2.711812 2.735513 3.351633 3.096364 2.800911 3.617614 1.771277 1.740868 2.147971 2.278294 2.068362 2.666265 2.007762 1.984367 1.593558 1.378284 1.389368 2.571304 3.299968 4.753900 3.096005 4.054892 4.690656 4.024972 1.834507 4.098748 3.761486 3.509518 2.177418 4.092146 3.450327 4.247799 2.014470 2.106908 1.451280 1.767797 1.216457 1.782768 2.483723 2.774565 2.814365 2.590722 2.494966 3.135231 2.736915 2.284069 2.310415 2.163964 2.430843 2.697167 0.887275 3.763054 2.063517 2.090610 3.032595 2.196307 4.041671 3.373387 4.607722 1.882041 4.025271 2.759327 3.060503 1.442406 2.695583 1.785427 2.275521 1.930429 2.083630 2.523681 2.255421 2.624848 3.094661 2.456507 2.677071 1.647919 3.208544 2.298667 1.627359 2.035531 1.985461 1.946207 1.420100 1.495137 1.463738 1.467245 1.553816 1.242952 1.403362 1.120309 1.624397 1.578148 1.279820 1.718496 1.414319 1.436938 1.606788 1.128648 1.188471 1.879877 1.457661 1.137455 1.255017 1.782191 1.272322 1.371344 1.412665 1.046178 1.536496 1.287317 2.555356 1.500690 2.636053 3.233620 2.164168 3.555555 1.222376 1.533455 2.128929 3.047369 1.950401 1.412449 1.642851 2.544386 2.286896 1.259951 1.347360 1.655387 2.094536 2.585123 1.830215 1.642244 2.244950 1.195693 3.613418 3.118924 3.046295 3.576984 3.437783 1.692520 1.622378 2.497811 2.323512 2.012682 2.018072 2.351833 1.037749 1.478819 0.896106 1.772807 2.430930 1.725300 1.298244 2.323536 2.036108 1.337011 2.052475 2.131264 1.885597 1.848648 1.783114 1.643589 2.097668 1.990488 1.806181 2.147151 1.758123 1.927548 1.832494 1.980529 1.807925 0.928525 1.529886 1.230720 2.299440 1.391774 1.349230 1.336628 2.191995 1.455027 1.241957 1.668212 2.007278 2.133140 1.362370 2.267358 2.726431 2.365822 2.169466 1.730228 1.824158 2.400526 2.777433 1.999088 1.710676 1.683793 0.893465 1.862751 2.209668 1.761512 1.514342 1.739150 2.550206 2.363640 0.979090 2.024838 1.787544 2.234968 1.350729 1.715840 1.368022 
2.029269 2.155095 1.241158 2.523840 2.623717 1.942328 1.848999 0.703550 1.665917 1.501596 1.204258 1.182892 0.000000 2.301778 2.626267 2.702259 2.324606 3.518145 3.662148 3.365464 4.004834 3.953669 3.644316 3.268636 3.794320 3.072326 3.254232 3.461737 3.395700 3.750672 3.300560 3.143184 3.295031 3.775030 3.544833 3.470778 4.024633 2.268766 2.428325 2.712663 2.830047 2.325750 3.222843 2.414780 2.607602 2.285873 2.157340 2.146155 2.903046 3.389487 4.799759 3.755216 3.944840 4.694236 4.152874 2.430653 3.951453 3.771360 3.785779 2.567275 4.057708 3.483713 4.331116 2.497567 2.046900 2.058190 1.722848 1.396446 1.524091 3.036426 3.146075 3.180068 2.429292 2.857407 3.326809 2.549143 2.263270 2.487747 2.483107 2.572237 2.681283 1.559014 3.985209 2.295449 2.516113 3.071727 2.669781 4.321341 3.522123 5.046964 2.401456 3.977955 3.198131 3.504567 1.942074 3.125042 2.359185 2.802904 2.098192 2.689426 3.066840 2.894243 3.241017 3.693018 3.033829 3.362928 2.127249 3.632532 2.665103 1.888074 2.739134 2.281424 2.296397 1.520993 1.423273 1.630038 1.880153 1.897316 1.766143 1.879891 1.152031 2.192556 2.076546 2.122318 2.470976 2.104842 1.882681 1.561511 1.619939 1.939206 2.394150 1.687531 1.730407 1.690490 2.227731 1.727845 2.017472 2.025165 1.553499 2.253204 1.546775 2.770999 1.847561 3.227316 3.925364 2.297972 3.886172 1.756482 2.135214 2.622764 3.557498 2.562838 1.642253 1.565372 2.951071 2.355497 1.512471 1.378700 1.735187 2.556983 2.938364 2.183445 1.647906 2.862056 1.372457 3.547485 3.311597 3.313220 3.438211 3.778580 2.033278 1.781003 2.820935 2.511642 2.345538 2.487267 2.694691 1.619484 1.487409 1.382447 1.965785 2.821324 1.838083 1.699245 2.661425 2.088986 1.717990 1.924822 2.180408 1.809965 1.657729 1.960262 1.775778 1.917536 2.177455 2.227867 2.215860 2.059488 1.966144 2.138798 2.112994 1.741260 1.621917 1.776519 1.351964 2.401458 1.798410 1.713554 1.617600 1.986891 1.312505 1.445273 1.923437 2.209157 2.486855 1.947272 2.720673 2.806907 2.431606 2.444609 2.236073 2.178540 1.980931 2.775840 2.637573 1.841265 2.022372 1.662486 2.486145 2.419240 2.171178 2.022898 1.863456 2.507144 2.020511 1.457602 1.827240 1.623844 2.802612 2.072141 2.538585 2.236551 
2.801981 2.421952 3.019999 1.838406 1.209415 1.632698 1.458387 2.685612 1.812605 2.155025 2.143665 1.816387 2.301778 0.000000 0.817148 0.982041 0.368444 1.488389 2.024610 2.242743 1.872344 1.725887 1.664752 1.631373 1.731951 1.187615 1.163835 2.179416 1.269033 1.618642 1.967544 1.374922 1.402552 1.736201 1.412058 1.371229 1.872322 1.977746 1.433282 2.082474 1.721120 1.964470 1.017629 0.664172 1.112399 0.965544 1.255204 1.157650 1.856948 2.144876 3.550595 1.843292 2.723159 3.681854 3.024881 1.397928 2.622508 2.536992 2.186260 1.206426 3.585868 2.669448 2.799287 1.314637 1.704322 1.848289 1.735505 2.637855 2.702261 1.658814 1.518442 1.567076 1.209640 1.326812 1.711592 1.779728 1.762137 1.095083 1.108357 2.242219 2.302899 1.391014 3.405370 1.789745 1.216539 2.047218 1.367010 3.291459 2.587061 3.652900 1.146747 2.927224 1.967635 2.253175 1.524079 2.250953 2.022487 1.416324 2.682033 1.568662 2.007019 1.798289 2.250101 2.721216 2.324376 2.381347 2.291110 2.584239 2.074484 1.933702 1.479001 1.903046 2.164897 2.126833 2.560897 1.948183 2.145061 2.204886 2.192117 2.258183 2.233781 2.634849 2.124862 2.139467 2.060203 2.022758 2.714848 2.873908 1.632147 2.418296 3.187437 2.642831 1.826571 2.383107 2.823503 1.981155 1.976283 2.245653 2.518646 2.390444 2.140661 1.791981 2.090777 3.135473 3.944956 2.724696 3.345993 1.879923 1.185816 1.617005 2.424257 1.599952 2.385718 2.010979 3.132825 3.718340 1.767411 2.844100 2.817186 2.926571 3.045284 1.987933 3.085404 1.859887 2.002430 2.363520 1.539175 1.787620 2.006344 2.071393 1.518421 1.742184 1.377552 1.969557 1.160192 1.401496 1.125688 2.180756 2.425197 1.729678 2.285346 1.624703 1.339801 1.277048 1.800173 1.964771 1.113130 1.968673 2.134383 2.073288 2.486595 2.133823 2.450018 2.605512 1.884067 2.357682 1.863100 1.926820 2.267700 1.461208 2.071206 3.048542 1.705333 3.016645 2.072246 3.197357 2.111804 2.002912 1.878639 2.577921 2.797644 2.609807 2.675535 2.747889 2.823998 2.074865 1.262248 2.197086 2.456429 1.929938 2.365139 2.048610 3.505160 3.329304 1.937179 2.461309 2.458539 1.366381 1.316302 1.522823 1.329003 2.301982 2.287210 2.231171 2.227377 2.413440 2.829402 2.814283 2.761648 1.109420 1.201940 1.144674 
3.001030 2.703911 3.297856 1.840016 1.276140 1.633444 1.693594 2.994557 2.246412 2.460363 2.313414 1.929288 2.626267 0.817148 0.000000 1.174298 0.721200 1.568145 1.769075 1.971560 1.932292 1.650305 2.035675 1.467456 2.074889 1.584364 1.323440 2.242580 1.568587 1.820499 1.574741 1.780160 1.567314 1.848804 1.769176 1.694265 1.862855 2.026977 2.133365 2.209847 2.305672 1.860602 1.295952 1.168226 0.987593 1.422515 1.364992 0.976593 1.288706 1.685031 3.199229 1.535771 2.318403 3.364167 2.536333 1.364199 2.415084 2.192771 1.961137 0.855044 2.839153 2.234494 2.511310 1.433790 2.172365 2.015732 2.233269 2.592211 2.810534 1.436253 1.466773 1.516538 1.606557 1.345667 1.677905 1.921001 1.863253 0.860444 1.290766 2.756578 2.616535 1.655285 2.881441 1.776467 1.138435 2.207209 1.224895 3.362755 2.642118 3.358806 1.024371 3.119885 2.127210 2.165942 1.778135 2.579476 1.868157 1.526033 2.490361 1.904605 2.208533 1.867738 2.460726 2.841352 1.999905 2.676978 1.911630 2.667679 2.209407 2.117442 1.412794 1.936478 2.426759 2.451322 2.622538 2.134300 2.089878 2.452936 2.249711 2.475145 2.450742 2.842273 2.332286 2.243964 2.384221 2.288440 2.931810 3.090870 1.839968 2.635257 3.404399 2.890880 2.092669 2.600069 3.077559 2.198117 2.260444 2.462614 2.735608 2.675320 2.545150 1.703517 2.218155 3.361421 4.038025 2.866337 4.092708 2.096885 1.811081 2.113037 2.443245 2.140666 2.564453 2.359299 3.429787 3.981934 2.014285 2.905741 3.095043 3.068212 3.186925 2.151433 3.359214 2.179716 2.317381 2.255763 1.608190 1.797270 2.036602 1.839667 1.882504 2.012056 1.696055 2.209767 1.607993 2.090602 1.524697 2.458613 2.740149 1.899426 2.600297 1.443690 1.759687 1.795582 2.029214 2.124143 1.495088 2.353572 2.304993 2.037277 2.496091 2.604418 2.727875 2.765295 2.277298 2.192342 2.252795 2.216336 2.545557 1.883387 2.349064 3.322351 1.983190 3.124918 2.387198 3.258998 2.537486 2.267183 2.020280 2.415715 3.065964 2.600860 2.943854 3.143254 3.019693 2.126968 1.356161 1.530371 2.724748 2.193677 2.506780 2.316929 3.828856 3.671000 1.991976 2.395765 2.482533 1.536130 1.237591 1.076904 1.563004 2.586979 2.571073 2.143992 2.255302 2.691297 2.919025 3.119180 2.889704 1.435004 1.145013 1.293625 
2.896479 2.557882 3.078906 2.514241 1.890106 1.240294 1.659117 2.972970 2.024885 2.267391 2.260739 1.758514 2.702259 0.982041 1.174298 0.000000 0.866892 1.499120 2.262383 2.562066 2.406274 1.773699 2.143211 1.860252 1.989487 1.867916 1.553500 2.577300 1.554835 1.844805 2.038043 1.678926 1.709262 2.099884 1.871761 1.378981 2.143012 1.622327 1.360564 1.329310 1.544150 1.873733 1.821194 1.218632 1.429689 1.061386 1.432875 0.995262 1.801941 2.569074 3.420913 2.114096 3.080014 4.231723 3.214674 1.152155 2.765761 2.840661 2.882747 1.349085 3.686773 2.962902 2.914812 1.644605 2.015682 1.703091 1.981314 2.280698 2.499021 1.956024 2.237794 2.107595 1.771010 1.761049 2.552457 2.136994 1.728990 1.659442 1.524924 1.995765 1.855723 1.612581 3.995636 2.296475 1.867026 2.650896 1.457302 3.895137 3.190740 4.105040 1.625672 3.489452 2.571314 2.927197 1.658378 1.859403 1.438726 1.196140 2.362165 1.125903 1.820618 1.263184 1.651642 2.170355 1.800060 1.817182 1.890561 2.225558 2.093889 1.898492 1.465295 1.972511 2.102009 2.311013 2.461754 2.065891 2.031948 2.262340 1.626955 2.071643 2.268677 2.797405 1.855600 2.048366 2.040941 1.841400 2.736033 2.869186 1.820268 2.231755 3.031985 2.700285 1.887146 2.408557 2.881961 2.007521 1.863453 2.090661 2.332106 2.371182 2.181745 1.401234 1.785015 2.755823 3.104091 2.113735 3.337462 1.752811 1.581186 1.179877 1.921116 1.411292 2.323810 1.891621 2.648749 3.609520 1.863866 2.617193 2.860550 2.315610 2.434323 1.389017 3.123084 1.797965 2.290792 2.996648 2.252153 2.162741 2.710214 2.354796 1.759724 1.857578 1.933281 1.825053 1.603335 1.479993 1.463477 2.234482 2.895377 1.846751 2.755526 1.910105 1.860446 1.508916 1.927686 1.930788 1.520417 2.261597 1.960542 2.165908 2.581967 2.184897 2.675199 2.585419 2.019049 1.956867 2.035219 2.050888 2.204267 1.648320 2.248833 3.290896 1.748697 2.963808 2.360608 2.916396 2.160349 2.198214 1.704527 2.807920 3.008286 2.366291 2.886177 3.025888 2.455199 1.961182 1.327976 2.100629 2.417070 1.992816 1.942286 2.009252 3.793521 3.318614 1.688736 2.338088 2.104777 1.332725 0.924942 1.933512 1.287740 2.543559 2.544483 2.527830 2.678259 2.461985 3.043165 2.939109 2.108336 0.899886 0.817681 1.081526 
2.824809 2.426233 2.804014 1.729181 1.140861 1.461078 1.289483 2.692896 1.718386 2.076350 2.109498 1.611533 2.324606 0.368444 0.721200 0.866892 0.000000 1.777793 2.085235 2.180163 2.118270 1.950769 1.946628 1.685057 2.013828 1.421021 1.414085 2.326071 1.554314 1.943997 1.937940 1.622876 1.634961 1.916236 1.658951 1.645089 2.078036 2.070321 1.562913 2.149143 1.873945 2.054900 1.183355 0.818578 1.194273 1.147167 1.026622 0.963749 1.519592 2.095245 3.405993 1.741068 2.706985 3.752749 2.713432 1.415685 2.758178 2.481811 2.241611 1.209170 3.404424 2.406911 2.899892 1.058698 1.575644 1.644725 1.656515 2.419066 2.543271 1.492913 1.622604 1.379076 1.230966 1.197187 1.803212 1.894977 1.602623 1.046837 1.271912 2.307445 2.285049 1.247393 3.311689 1.478296 1.149301 1.795248 1.179327 3.039489 2.335092 3.367039 0.872017 2.633804 1.715665 2.149132 1.445404 2.402918 1.964332 1.704244 2.715467 1.627682 2.294939 1.925436 2.377247 2.873950 2.396226 2.487448 2.378504 2.929154 2.113215 1.694188 1.255877 1.699482 1.961332 1.967843 2.526730 1.748607 1.926272 2.256535 2.009367 2.086563 2.243979 2.680997 1.989192 2.019341 1.924534 1.851138 2.730228 2.884107 1.678295 2.246676 3.026180 2.694479 1.836769 2.393305 2.744828 2.001716 1.986481 2.074033 2.347026 2.254774 2.061671 1.689142 2.237970 3.136798 3.853336 2.588711 3.532618 1.708303 1.432810 1.748245 2.241211 1.718452 2.342678 1.910945 3.041205 3.603714 1.678374 2.628115 2.601201 2.790586 2.937420 1.927321 2.902653 1.731362 1.879390 2.417766 1.662909 1.725550 2.120969 2.100239 1.371852 1.528577 1.364215 1.810043 1.211206 1.369402 1.317608 1.964771 2.483976 1.695511 2.344124 1.353670 1.398579 1.118057 1.838904 1.725257 1.078963 1.977325 1.927150 1.872153 2.288212 2.001689 2.415851 2.422993 1.680502 2.118168 1.659536 1.710835 2.051715 1.257643 1.858156 3.052790 1.489348 2.876730 1.949206 2.981372 1.895820 1.856111 1.744121 2.556175 2.617610 2.370293 2.495500 2.614486 2.688013 1.894830 1.047637 1.908642 2.276394 1.745322 2.229154 1.868575 3.382120 3.193319 1.790609 2.257745 2.299025 1.160759 1.147097 1.195510 1.172071 2.186269 2.133082 1.975232 1.971438 2.197455 2.807656 2.854801 2.696835 1.028162 1.099870 1.032241 
3.746763 3.610272 4.190969 2.802359 2.339340 2.401248 2.560421 3.856582 2.847343 3.278304 3.206527 2.818426 3.518145 1.488389 1.568145 1.499120 1.777793 0.000000 1.357721 1.802949 1.118280 0.569595 1.221210 1.181317 1.206857 0.942916 0.666606 1.863623 0.623900 0.681086 1.665882 1.170857 0.929606 1.654632 1.320428 0.874653 1.359188 2.374900 2.090381 2.160751 2.087050 2.369892 1.575329 1.729286 1.324708 1.510189 2.585139 2.236055 2.210864 2.379291 3.619970 1.992303 3.122534 3.884886 3.437400 1.681852 2.526170 2.752185 2.556120 1.736624 3.939784 2.878970 2.708662 2.666207 3.095408 2.989551 3.000760 3.583070 3.754761 2.019147 1.883219 2.225147 2.274883 2.017135 2.202516 2.648773 2.605304 1.941470 2.114140 2.940540 2.929681 2.756572 3.938798 2.975223 1.979897 3.094926 2.058576 4.339167 3.634769 4.310971 2.283721 3.985295 3.015343 3.210133 2.454930 2.649618 2.318123 1.435853 3.069764 1.552371 2.344823 1.584781 1.902523 2.291373 2.276183 2.323268 2.218733 2.075156 2.858066 3.010555 2.183959 2.870064 3.187796 3.308717 3.623759 3.107721 2.982167 2.840434 2.862671 3.050505 2.844284 3.552629 2.792642 2.949139 2.977983 2.815080 3.325352 3.484412 2.714904 3.210617 3.979759 3.435152 2.642370 3.175429 3.730920 2.773476 2.660496 3.037974 3.310967 3.308224 2.981269 2.033820 2.684628 2.964782 3.996072 3.137558 3.747955 2.689853 2.052917 2.238771 2.499806 2.041536 3.083676 2.817408 3.037134 4.500298 2.852951 3.906963 3.988157 3.659433 3.378146 2.418952 4.245510 2.558375 3.316581 2.609184 2.106883 1.969002 2.168471 2.279538 2.851653 3.035503 2.324186 2.788518 2.270469 2.308937 2.060739 3.351727 3.728882 2.792540 3.624266 2.548144 2.767164 2.506621 2.747609 3.034977 2.493305 3.129211 2.965379 3.055940 3.524200 3.173156 3.620988 3.601414 3.086378 3.044074 3.223895 3.212785 3.310099 2.825016 3.354000 4.028959 2.876304 4.177729 3.364303 4.260219 3.282775 3.284002 2.952477 3.397666 4.094073 3.647569 3.971964 4.044318 3.636860 3.263186 2.255931 2.746601 3.538446 3.160625 3.178001 3.144722 4.796407 4.446221 2.825204 3.531983 3.403755 2.429243 2.228397 2.382303 2.398220 3.588809 3.674900 3.554030 3.611285 3.584411 3.831913 3.830966 3.462747 1.866635 1.970829 2.167373 
