242 242
0.000000 0.136537 0.102194 0.221198 0.196469 0.188078 0.218716 0.165548 0.166289 0.173088 0.179067 0.165734 0.158539 0.272468 0.304961 0.274085 0.279569 0.319653 0.335217 0.367966 0.376815 0.357188 0.371024 0.328772 0.360144 0.326725 0.315908 0.317149 0.342143 0.327735 0.330316 0.308820 0.307574 0.381031 0.362265 0.330827 0.381510 0.204182 0.216783 0.196209 0.208312 0.204963 0.332322 0.247330 0.252385 0.235870 0.226718 0.202031 0.277892 0.310185 0.363018 0.300274 0.319874 0.368292 0.328222 0.212614 0.275890 0.326226 0.325177 0.234546 0.346901 0.278431 0.300679 0.212643 0.189953 0.133014 0.181146 0.140700 0.155046 0.316837 0.318805 0.298043 0.208113 0.324844 0.332578 0.156856 0.147046 0.255260 0.210356 0.151034 0.150640 0.209253 0.490401 0.266221 0.333296 0.384563 0.227027 0.549781 0.402235 0.618410 0.269563 0.517344 0.406390 0.378100 0.217623 0.179017 0.173254 0.231937 0.188122 0.225120 0.212762 0.212925 0.206614 0.211817 0.191280 0.218165 0.184041 0.210308 0.153495 0.177560 0.213854 0.158361 0.173841 0.163290 0.104882 0.186873 0.156315 0.205262 0.188613 0.225865 0.215545 0.253998 0.223782 0.237808 0.256481 0.233838 0.238237 0.220475 0.241119 0.246358 0.250638 0.221559 0.220661 0.230261 0.239743 0.235373 0.228469 0.245364 0.229059 0.246384 0.161095 0.197115 0.163914 0.191743 0.219587 0.179309 0.200653 0.185732 0.210925 0.164545 0.245127 0.175772 0.184794 0.166063 0.198236 0.185287 0.186992 0.130859 0.171351 0.191551 0.174629 0.152117 0.200930 0.266386 0.182816 0.333785 0.332263 0.331325 0.309203 0.314416 0.183902 0.229268 0.266384 0.229109 0.250267 0.213069 0.227739 0.172339 0.126409 0.169465 0.166520 0.188099 0.177433 0.130505 0.189479 0.147441 0.164146 0.154042 0.144628 0.131033 0.144768 0.132296 0.192164 0.126306 0.125575 0.149905 0.206489 0.191552 0.242269 0.214112 0.195333 0.176432 0.176465 0.132383 0.182589 0.150667 0.154913 0.169940 0.146028 0.153736 0.147707 0.118939 0.171383 0.162360 0.218442 0.195793 0.270243 0.256513 0.199360 0.240719 0.185618 0.242104 0.148368 0.176031 0.188165 0.141454 0.146841 0.177197 0.230459 0.239072 0.225295 0.201502 0.181054 0.231993 0.234608 0.177976 0.177875 0.185064 0.196404 0.233673 0.268998 0.242866 
0.136537 0.000000 0.135536 0.250599 0.247303 0.179548 0.200792 0.165405 0.148302 0.157834 0.162729 0.105850 0.151546 0.249836 0.292860 0.268907 0.259084 0.307392 0.349792 0.364364 0.387390 0.338392 0.352302 0.319083 0.359537 0.309483 0.307520 0.333351 0.323005 0.328387 0.323058 0.292852 0.290641 0.377313 0.347411 0.310905 0.378339 0.184820 0.176026 0.185990 0.217997 0.198316 0.294146 0.250025 0.261374 0.204340 0.199185 0.219959 0.247792 0.310849 0.338241 0.327408 0.318908 0.375980 0.376455 0.201875 0.325391 0.347190 0.254158 0.236687 0.349412 0.306822 0.338545 0.185758 0.223913 0.118339 0.138281 0.147292 0.152162 0.245517 0.297597 0.262404 0.172292 0.242721 0.318912 0.220722 0.205194 0.167956 0.126358 0.165233 0.181466 0.184866 0.473957 0.260437 0.331235 0.330472 0.208021 0.546545 0.394074 0.606982 0.248679 0.545105 0.388322 0.375082 0.197163 0.183685 0.178283 0.203372 0.184469 0.196344 0.183811 0.191909 0.188138 0.193012 0.185454 0.182126 0.182696 0.196278 0.111753 0.119300 0.194219 0.114227 0.140418 0.132507 0.107941 0.160790 0.133812 0.191195 0.164723 0.209751 0.203637 0.232630 0.192381 0.198866 0.223910 0.212914 0.230376 0.216769 0.220295 0.228907 0.237867 0.210213 0.197183 0.216586 0.215181 0.214938 0.203917 0.222308 0.220265 0.221380 0.126301 0.211967 0.151314 0.172274 0.199554 0.183341 0.197126 0.169233 0.193765 0.150006 0.289603 0.170909 0.185796 0.156229 0.176176 0.195060 0.163448 0.137609 0.169380 0.186578 0.156180 0.140682 0.185520 0.247739 0.183279 0.251198 0.270551 0.256671 0.238673 0.240481 0.171216 0.224204 0.207505 0.180320 0.226757 0.152549 0.181787 0.108214 0.141629 0.143453 0.100052 0.171264 0.193410 0.136901 0.154755 0.159272 0.159164 0.086469 0.118220 0.155040 0.155599 0.117143 0.178506 0.160660 0.104309 0.098082 0.134510 0.128191 0.182877 0.130394 0.161322 0.179077 0.174255 0.134415 0.171755 0.129830 0.139882 0.139199 0.128696 0.186352 0.090844 0.136039 0.125255 0.123143 0.210919 0.174123 0.275446 0.246316 0.158266 0.186715 0.155467 0.187700 0.127177 0.159734 0.163840 0.135585 0.137934 0.146496 0.215854 0.232710 0.215515 0.180142 0.152659 0.238467 0.267817 0.186186 0.181475 0.178158 0.177657 0.221010 0.260423 0.230044 
0.102194 0.135536 0.000000 0.233156 0.210450 0.162159 0.182367 0.112630 0.131765 0.135330 0.129607 0.129642 0.115935 0.274380 0.308165 0.268029 0.272892 0.305815 0.333893 0.341880 0.379061 0.341739 0.345646 0.308961 0.358719 0.301354 0.308479 0.326996 0.333578 0.326290 0.306481 0.282747 0.286428 0.363227 0.339656 0.312043 0.371663 0.157829 0.181165 0.172414 0.204959 0.207496 0.317968 0.246578 0.258575 0.212356 0.212490 0.192587 0.254637 0.311378 0.362275 0.308229 0.320457 0.388015 0.339046 0.201743 0.294272 0.336730 0.310134 0.214012 0.329889 0.277314 0.325664 0.217440 0.180234 0.133253 0.164092 0.098773 0.108925 0.306827 0.317587 0.288985 0.198269 0.301284 0.317974 0.182968 0.153891 0.238286 0.196786 0.130750 0.136673 0.185629 0.499611 0.269696 0.310549 0.377151 0.226665 0.572596 0.412928 0.639313 0.257082 0.503047 0.382203 0.404474 0.190959 0.195852 0.144799 0.208143 0.148711 0.194459 0.196866 0.178787 0.180795 0.190752 0.169630 0.184315 0.155637 0.210470 0.147100 0.148697 0.201610 0.144370 0.155607 0.126852 0.080608 0.159750 0.134587 0.151085 0.131391 0.165579 0.170276 0.202823 0.172961 0.199901 0.205905 0.175169 0.179376 0.159497 0.195964 0.181500 0.182872 0.149151 0.176630 0.172981 0.184036 0.178797 0.188132 0.186922 0.159463 0.191980 0.115772 0.191959 0.118091 0.147032 0.162258 0.129239 0.174419 0.136568 0.180894 0.158018 0.255923 0.178514 0.156337 0.122187 0.136033 0.131944 0.132061 0.077610 0.137066 0.151517 0.127482 0.132051 0.124422 0.237871 0.151285 0.326860 0.324176 0.312836 0.307346 0.324546 0.169892 0.196563 0.253863 0.194986 0.226872 0.183011 0.218691 0.131359 0.136236 0.143835 0.161220 0.196295 0.176844 0.122761 0.200114 0.134057 0.169572 0.151500 0.126372 0.124471 0.113374 0.108382 0.133582 0.105120 0.111618 0.135666 0.191286 0.174132 0.207242 0.195485 0.168766 0.121482 0.138415 0.100799 0.158285 0.110458 0.108319 0.129981 0.123360 0.135627 0.107388 0.085586 0.114777 0.114658 0.187200 0.191240 0.250207 0.253472 0.184976 0.230152 0.166776 0.223665 0.113656 0.129329 0.195074 0.130409 0.142892 0.149830 0.220184 0.239032 0.205566 0.171164 0.164542 0.224179 0.223085 0.126952 0.166596 0.127718 0.157083 0.212679 0.255424 0.225451 
0.221198 0.250599 0.233156 0.000000 0.138731 0.307429 0.296485 0.310385 0.308168 0.303813 0.263319 0.282353 0.299389 0.371000 0.400074 0.380611 0.376213 0.371519 0.395995 0.397926 0.444069 0.395396 0.395611 0.375987 0.416485 0.369286 0.383245 0.409485 0.382206 0.392877 0.390513 0.373003 0.383329 0.436668 0.420111 0.381290 0.436865 0.321731 0.309954 0.323587 0.309807 0.312770 0.356033 0.336341 0.339829 0.308248 0.307294 0.269525 0.311447 0.257746 0.299830 0.227478 0.264336 0.257875 0.256481 0.298364 0.251994 0.264773 0.287511 0.291602 0.305062 0.249209 0.260594 0.209777 0.247823 0.222666 0.240578 0.258677 0.289994 0.320778 0.345778 0.260214 0.201061 0.316027 0.353755 0.170659 0.182556 0.273427 0.259183 0.268683 0.220894 0.298421 0.458795 0.222248 0.355984 0.374099 0.271932 0.462519 0.359089 0.610628 0.272289 0.510916 0.416987 0.307914 0.289954 0.324830 0.316687 0.301563 0.322655 0.319378 0.313501 0.305952 0.318915 0.330192 0.316715 0.315934 0.316126 0.333645 0.209520 0.233061 0.302034 0.213178 0.261498 0.253093 0.254139 0.255372 0.238279 0.297218 0.309052 0.310598 0.305487 0.339145 0.294895 0.313495 0.320304 0.308014 0.326778 0.312826 0.305831 0.323361 0.329957 0.307279 0.310575 0.315644 0.319455 0.316858 0.316964 0.328550 0.315105 0.322677 0.278788 0.273869 0.285451 0.315781 0.358895 0.298438 0.343373 0.303877 0.293773 0.283946 0.298705 0.302129 0.288096 0.264744 0.324211 0.339739 0.286208 0.274647 0.310044 0.336328 0.310987 0.289307 0.317598 0.330578 0.302740 0.338309 0.345126 0.334600 0.326793 0.298885 0.253990 0.270431 0.324778 0.308398 0.328533 0.301858 0.247727 0.269608 0.193412 0.271417 0.249995 0.219902 0.242626 0.209001 0.260903 0.207891 0.225567 0.253630 0.221623 0.202643 0.251203 0.247372 0.315195 0.207325 0.221227 0.266488 0.296792 0.258343 0.305711 0.252231 0.270706 0.327949 0.321115 0.294724 0.308609 0.285591 0.280051 0.275810 0.300193 0.230427 0.255149 0.205436 0.294293 0.285672 0.330521 0.308490 0.315770 0.322485 0.314452 0.346122 0.325080 0.346454 0.271657 0.300877 0.295996 0.266406 0.279074 0.278522 0.319610 0.245907 0.302122 0.322930 0.312174 0.280489 0.266833 0.273082 0.278556 0.287233 0.306147 0.303471 0.330030 0.314426 
0.196469 0.247303 0.210450 0.138731 0.000000 0.275859 0.274848 0.288100 0.287515 0.280694 0.249610 0.281121 0.260740 0.338411 0.358156 0.333443 0.337896 0.335925 0.370314 0.382469 0.408537 0.361834 0.373494 0.343695 0.385644 0.339870 0.345195 0.376035 0.342735 0.355614 0.365090 0.337334 0.341544 0.407855 0.387683 0.344667 0.406690 0.287627 0.267828 0.290081 0.281947 0.294635 0.342218 0.301243 0.307012 0.281136 0.281671 0.231809 0.293586 0.233709 0.258249 0.229563 0.217158 0.300798 0.245842 0.268787 0.232809 0.214474 0.231367 0.260712 0.255471 0.277669 0.265990 0.173601 0.161546 0.220387 0.240199 0.224701 0.248740 0.340997 0.343602 0.283332 0.213031 0.327351 0.343987 0.132419 0.152018 0.264622 0.247836 0.208251 0.173557 0.293090 0.486884 0.237389 0.348405 0.391719 0.259178 0.446015 0.390692 0.626193 0.279821 0.421901 0.415942 0.324631 0.272218 0.274235 0.274357 0.266641 0.288004 0.271292 0.278437 0.268292 0.274950 0.286342 0.276350 0.274206 0.283185 0.292543 0.210390 0.237979 0.271582 0.210226 0.244399 0.234833 0.229012 0.250171 0.223407 0.276552 0.269852 0.291851 0.288444 0.328889 0.281707 0.302587 0.309391 0.291349 0.320526 0.305571 0.298131 0.316428 0.323235 0.298907 0.294964 0.309625 0.314074 0.305845 0.300850 0.310339 0.309013 0.316657 0.258813 0.185989 0.253380 0.276790 0.319820 0.254303 0.305423 0.269379 0.266636 0.242150 0.238653 0.259951 0.248906 0.232040 0.288023 0.317456 0.252960 0.252255 0.284759 0.297841 0.268310 0.245438 0.295024 0.255072 0.257596 0.348677 0.338388 0.339880 0.324331 0.318055 0.236201 0.261628 0.308940 0.292923 0.310389 0.274824 0.239919 0.259986 0.215908 0.248698 0.258156 0.227846 0.229463 0.206386 0.242158 0.206559 0.240477 0.252686 0.218687 0.205256 0.234299 0.233553 0.291535 0.208992 0.204951 0.254224 0.275632 0.261561 0.309539 0.263251 0.265677 0.302114 0.287929 0.268934 0.298652 0.263266 0.254317 0.254216 0.264721 0.203231 0.253235 0.202857 0.266419 0.270609 0.309208 0.292379 0.279161 0.306146 0.302605 0.332122 0.300644 0.336850 0.250820 0.269191 0.274591 0.237316 0.252180 0.249550 0.286804 0.227892 0.275929 0.309368 0.295474 0.249715 0.248452 0.262350 0.266577 0.266362 0.272266 0.275539 0.295611 0.282115 
0.188078 0.179548 0.162159 0.307429 0.275859 0.000000 0.070459 0.152679 0.129441 0.121460 0.107466 0.158663 0.143332 0.238640 0.244380 0.183555 0.241837 0.203511 0.265481 0.279036 0.292677 0.255991 0.290238 0.234747 0.259527 0.227078 0.196630 0.257320 0.226164 0.247057 0.255638 0.221828 0.222847 0.302654 0.281755 0.242139 0.308368 0.114729 0.124949 0.108507 0.143256 0.183390 0.248757 0.163860 0.168388 0.154329 0.203063 0.158318 0.194671 0.315479 0.377032 0.286358 0.342422 0.416798 0.363156 0.120398 0.307329 0.368001 0.285650 0.167375 0.322453 0.286956 0.332408 0.244720 0.232701 0.142616 0.151310 0.151486 0.138472 0.302750 0.276922 0.315267 0.236765 0.283442 0.292969 0.237401 0.200062 0.233375 0.197824 0.162027 0.178126 0.144869 0.486555 0.336693 0.203605 0.321848 0.179567 0.624364 0.391631 0.637420 0.218114 0.558999 0.289473 0.368597 0.092517 0.141938 0.122057 0.142895 0.144109 0.124493 0.138803 0.131036 0.136487 0.145843 0.131783 0.149716 0.119234 0.162822 0.155628 0.147184 0.147488 0.148196 0.137810 0.122712 0.117194 0.149880 0.126238 0.122603 0.107404 0.127435 0.120630 0.176061 0.134097 0.151200 0.152853 0.108862 0.163454 0.158844 0.141224 0.148639 0.149884 0.147853 0.130962 0.142203 0.149560 0.134408 0.148992 0.129632 0.143952 0.160337 0.120102 0.232144 0.098735 0.143343 0.164691 0.143656 0.174196 0.071455 0.094373 0.095432 0.274853 0.093572 0.165108 0.126307 0.144969 0.172975 0.077083 0.107574 0.131257 0.118241 0.124485 0.106174 0.151489 0.240348 0.159747 0.339695 0.320604 0.308280 0.307776 0.332176 0.173895 0.213493 0.250841 0.192440 0.223531 0.183197 0.202662 0.151794 0.205624 0.116627 0.203596 0.227366 0.149401 0.158496 0.148880 0.188747 0.195675 0.171673 0.147805 0.182757 0.153085 0.140531 0.124910 0.170064 0.129901 0.130820 0.188071 0.194768 0.202657 0.208757 0.170852 0.168861 0.147803 0.138130 0.200478 0.175930 0.115730 0.123023 0.109805 0.160650 0.166459 0.157771 0.166860 0.173971 0.162577 0.174461 0.189434 0.267804 0.188953 0.232080 0.171515 0.204506 0.167256 0.161221 0.147928 0.113831 0.113459 0.118248 0.155259 0.250743 0.159862 0.171743 0.199504 0.259627 0.223925 0.106611 0.137923 0.127047 0.123482 0.110010 0.121566 0.132429 
0.218716 0.200792 0.182367 0.296485 0.274848 0.070459 0.000000 0.177931 0.138701 0.122490 0.108871 0.178839 0.159135 0.250919 0.251597 0.186327 0.255823 0.207048 0.251237 0.277586 0.292747 0.242100 0.275879 0.229891 0.251103 0.210856 0.205808 0.253307 0.217385 0.245485 0.280028 0.234532 0.244036 0.323607 0.299505 0.256623 0.321893 0.151815 0.105738 0.147587 0.133774 0.213221 0.254908 0.169255 0.181729 0.162847 0.211093 0.155093 0.214595 0.323365 0.376214 0.296843 0.346363 0.423495 0.377743 0.125282 0.311699 0.383903 0.275349 0.184161 0.332616 0.300725 0.346836 0.250631 0.233902 0.152157 0.146755 0.195644 0.173472 0.317915 0.278204 0.313937 0.231612 0.296898 0.283395 0.249302 0.209883 0.238537 0.209688 0.180666 0.188191 0.131493 0.463693 0.343595 0.175287 0.282481 0.189855 0.629729 0.366164 0.631128 0.192796 0.550231 0.245406 0.353854 0.055420 0.156680 0.157567 0.133128 0.178415 0.121459 0.147337 0.139185 0.153181 0.156153 0.154168 0.158151 0.159047 0.171626 0.156145 0.142622 0.173000 0.144250 0.135963 0.111098 0.150402 0.124358 0.119798 0.112624 0.127740 0.126776 0.109262 0.167377 0.117614 0.145715 0.139614 0.101545 0.163505 0.149364 0.125981 0.144181 0.143197 0.140838 0.137213 0.139164 0.144819 0.144025 0.152976 0.138112 0.133344 0.136823 0.135895 0.253338 0.123617 0.157337 0.198678 0.169347 0.171191 0.078200 0.066355 0.112417 0.293161 0.110799 0.190632 0.141051 0.163240 0.187808 0.086347 0.149597 0.146973 0.143492 0.159749 0.130777 0.160155 0.252002 0.173655 0.335490 0.309424 0.315120 0.305752 0.329459 0.150593 0.214529 0.263120 0.221719 0.232447 0.209557 0.198551 0.161609 0.200500 0.124430 0.205211 0.234247 0.142018 0.159761 0.139523 0.185633 0.201990 0.180985 0.148713 0.195014 0.179007 0.158823 0.141693 0.190643 0.133944 0.158341 0.191900 0.190429 0.189687 0.200346 0.161902 0.192828 0.170941 0.161398 0.212196 0.212701 0.132290 0.124038 0.147317 0.165035 0.182304 0.176826 0.182054 0.173762 0.178462 0.176935 0.172218 0.310110 0.191489 0.242578 0.206143 0.204854 0.172319 0.183418 0.162470 0.129361 0.143129 0.141325 0.173453 0.261463 0.163618 0.183632 0.213351 0.281633 0.211749 0.112112 0.147544 0.129726 0.134646 0.085185 0.117635 0.116578 
0.165548 0.165405 0.112630 0.310385 0.288100 0.152679 0.177931 0.000000 0.089488 0.133520 0.133465 0.115268 0.070290 0.197564 0.238751 0.255923 0.204266 0.308207 0.339663 0.344379 0.382597 0.346121 0.355551 0.311332 0.361570 0.310486 0.302841 0.328152 0.331145 0.330241 0.310810 0.286085 0.287766 0.365572 0.341563 0.310529 0.371295 0.161292 0.195848 0.172663 0.211178 0.162437 0.259124 0.214864 0.212097 0.156291 0.181798 0.169718 0.225298 0.321842 0.419367 0.328698 0.354415 0.415293 0.357328 0.204706 0.315357 0.359257 0.339649 0.219189 0.347226 0.285560 0.335913 0.254315 0.232407 0.141643 0.171574 0.125332 0.114322 0.288105 0.266385 0.321445 0.225419 0.280267 0.282532 0.251671 0.223123 0.227247 0.189215 0.178510 0.202818 0.130184 0.467130 0.273911 0.281849 0.329185 0.215328 0.550149 0.400674 0.628989 0.235653 0.540080 0.314142 0.376964 0.188269 0.207564 0.158543 0.214004 0.144607 0.203637 0.200919 0.187320 0.188994 0.198581 0.174571 0.194713 0.160770 0.212266 0.184811 0.171032 0.159706 0.173212 0.163656 0.152436 0.113102 0.186040 0.170835 0.163172 0.150691 0.172893 0.166720 0.206995 0.182004 0.205034 0.218520 0.192946 0.192607 0.171742 0.202553 0.197416 0.193118 0.162297 0.181638 0.182996 0.201628 0.184206 0.188203 0.191232 0.174987 0.200754 0.124579 0.233646 0.123795 0.167479 0.175035 0.147848 0.198844 0.146663 0.177726 0.156455 0.268204 0.165256 0.147093 0.143248 0.158098 0.146090 0.145650 0.080502 0.128640 0.137673 0.148649 0.144358 0.117896 0.229499 0.152039 0.315686 0.301419 0.302952 0.292920 0.358022 0.154644 0.170254 0.224472 0.180154 0.191567 0.181194 0.249489 0.143147 0.189493 0.135605 0.200227 0.192177 0.206435 0.140931 0.212252 0.152074 0.164606 0.147124 0.153240 0.140035 0.113973 0.116603 0.126148 0.139329 0.140274 0.136535 0.181058 0.185043 0.193655 0.200961 0.156904 0.126090 0.124123 0.117816 0.128058 0.121376 0.107328 0.140601 0.113379 0.191761 0.121303 0.135433 0.104979 0.105427 0.143235 0.153331 0.214320 0.238946 0.149062 0.180601 0.128723 0.171398 0.136510 0.125241 0.148142 0.141223 0.154223 0.114945 0.179900 0.225062 0.151003 0.139644 0.133799 0.237332 0.212896 0.111240 0.146683 0.128832 0.166640 0.210539 0.219542 0.216046 
0.166289 0.148302 0.131765 0.308168 0.287515 0.129441 0.138701 0.089488 0.000000 0.085841 0.133561 0.123956 0.102984 0.180197 0.214407 0.218446 0.185081 0.272613 0.314233 0.334770 0.351962 0.309182 0.316530 0.293326 0.322341 0.278812 0.266368 0.306863 0.290615 0.293774 0.292815 0.241473 0.245338 0.330267 0.294980 0.264961 0.325600 0.136490 0.144027 0.137315 0.155038 0.180599 0.238296 0.166917 0.177315 0.149759 0.182499 0.187018 0.237601 0.335648 0.417690 0.320084 0.365786 0.431079 0.375486 0.162199 0.336445 0.380620 0.334522 0.217275 0.376797 0.294487 0.352255 0.253253 0.232951 0.120688 0.173129 0.148180 0.117913 0.296833 0.258166 0.317705 0.230847 0.290214 0.265151 0.255243 0.227060 0.227931 0.190198 0.172559 0.203243 0.123746 0.485643 0.294286 0.236827 0.336514 0.187593 0.554522 0.402369 0.615437 0.217318 0.540421 0.312104 0.382710 0.138110 0.162475 0.143729 0.177331 0.156277 0.168614 0.153369 0.142869 0.144495 0.145279 0.145509 0.141247 0.150559 0.166410 0.168547 0.165759 0.141862 0.158354 0.144436 0.144444 0.114058 0.170938 0.170144 0.127659 0.124558 0.133769 0.149718 0.165416 0.128132 0.161083 0.162024 0.155126 0.175634 0.150434 0.166319 0.162463 0.174260 0.145589 0.137403 0.148441 0.152657 0.155359 0.150906 0.156274 0.143706 0.146932 0.105671 0.233085 0.099007 0.120123 0.155873 0.156144 0.133119 0.102029 0.126325 0.112448 0.272920 0.120346 0.158637 0.130232 0.124170 0.128289 0.107577 0.099522 0.130136 0.125293 0.140256 0.110433 0.134227 0.230930 0.149340 0.317048 0.298500 0.308274 0.301217 0.344737 0.171975 0.195030 0.219625 0.192097 0.185125 0.174914 0.240408 0.134360 0.197175 0.143268 0.185865 0.189769 0.193121 0.125007 0.198698 0.178338 0.157767 0.144974 0.142175 0.145924 0.137792 0.122585 0.116471 0.171605 0.119034 0.142973 0.173379 0.188777 0.201872 0.189139 0.161100 0.124600 0.107050 0.092514 0.132696 0.146097 0.083266 0.108405 0.092247 0.214686 0.130781 0.164870 0.099716 0.083057 0.144496 0.157514 0.205433 0.262986 0.145301 0.183758 0.139099 0.154993 0.131389 0.141134 0.140290 0.133095 0.147823 0.120629 0.172918 0.241076 0.155450 0.115334 0.145122 0.245381 0.234400 0.118993 0.155619 0.120604 0.130764 0.172754 0.182654 0.168452 
0.173088 0.157834 0.135330 0.303813 0.280694 0.121460 0.122490 0.133520 0.085841 0.000000 0.138376 0.160266 0.110485 0.217198 0.219181 0.173800 0.223631 0.272949 0.304478 0.337680 0.346081 0.306636 0.322336 0.288085 0.302329 0.271903 0.230978 0.293612 0.254462 0.295851 0.313782 0.275856 0.279356 0.356921 0.331930 0.299880 0.358415 0.162321 0.118521 0.164027 0.179627 0.225171 0.285029 0.187277 0.183581 0.200848 0.194148 0.188841 0.274504 0.369097 0.438705 0.351640 0.399132 0.470881 0.423595 0.182919 0.365697 0.427237 0.331832 0.214381 0.398022 0.344716 0.398084 0.279754 0.234814 0.149355 0.184262 0.159540 0.146752 0.344566 0.304382 0.360953 0.273725 0.336297 0.290750 0.278751 0.249703 0.270319 0.228183 0.197278 0.226603 0.116340 0.477239 0.332971 0.218016 0.330745 0.190770 0.592906 0.399453 0.605561 0.238858 0.548122 0.296520 0.381393 0.107094 0.123117 0.162744 0.185767 0.170226 0.148103 0.174133 0.170118 0.171646 0.175428 0.173605 0.167977 0.163123 0.187773 0.170034 0.181182 0.177299 0.172809 0.165085 0.139449 0.109482 0.154207 0.143495 0.128025 0.110491 0.158412 0.142512 0.180220 0.147076 0.166842 0.182554 0.165458 0.178139 0.160433 0.176069 0.180632 0.180871 0.155666 0.164728 0.166128 0.165149 0.177891 0.178738 0.181906 0.154744 0.173748 0.121487 0.239962 0.102896 0.129453 0.169918 0.172409 0.143919 0.095545 0.100887 0.104701 0.311728 0.110719 0.163891 0.149618 0.136040 0.138275 0.100849 0.115893 0.116077 0.131473 0.139330 0.101928 0.121654 0.251573 0.146758 0.349117 0.331732 0.345448 0.341587 0.364186 0.175480 0.240864 0.257039 0.236333 0.238342 0.223216 0.258825 0.143320 0.196514 0.139849 0.171968 0.246221 0.171298 0.150403 0.191901 0.210967 0.208505 0.184673 0.169160 0.192201 0.171574 0.161551 0.090924 0.191633 0.137082 0.173584 0.169587 0.217656 0.238833 0.227387 0.193107 0.101634 0.112722 0.082075 0.164840 0.183717 0.099570 0.089764 0.103226 0.189546 0.156658 0.172079 0.119531 0.109238 0.182330 0.178499 0.193343 0.269351 0.179929 0.233814 0.187295 0.203826 0.127165 0.170378 0.152405 0.125487 0.126333 0.140881 0.159980 0.269834 0.173465 0.122138 0.179645 0.260889 0.227572 0.127135 0.144986 0.100526 0.124781 0.132177 0.166885 0.129727 
0.179067 0.162729 0.129607 0.263319 0.249610 0.107466 0.108871 0.133465 0.133561 0.138376 0.000000 0.147878 0.134156 0.263963 0.285066 0.240235 0.271288 0.239258 0.284244 0.271183 0.331973 0.277620 0.296603 0.246572 0.304989 0.257117 0.265219 0.277052 0.259798 0.272848 0.261055 0.240127 0.252970 0.329740 0.309582 0.251628 0.329855 0.125737 0.142621 0.127956 0.123737 0.193174 0.260075 0.193548 0.202492 0.148189 0.236088 0.190483 0.190215 0.288438 0.359821 0.288670 0.318671 0.393246 0.350710 0.108788 0.287289 0.349039 0.276441 0.163895 0.310340 0.291022 0.326153 0.239078 0.212147 0.124177 0.143819 0.139868 0.127934 0.284245 0.254473 0.288791 0.198102 0.259399 0.276264 0.211147 0.180989 0.207651 0.189179 0.165541 0.170195 0.171729 0.489586 0.328707 0.224868 0.326129 0.245053 0.626805 0.386101 0.678136 0.238014 0.541514 0.314970 0.393854 0.112151 0.165194 0.133752 0.134264 0.133747 0.144808 0.140791 0.131160 0.147252 0.153689 0.131229 0.149849 0.133524 0.161703 0.129205 0.123825 0.182458 0.149633 0.115693 0.107606 0.100247 0.131622 0.116935 0.100349 0.106741 0.087800 0.102848 0.141392 0.100282 0.115555 0.137430 0.093580 0.112061 0.095205 0.110832 0.113768 0.109769 0.083370 0.109264 0.111109 0.129197 0.118262 0.098360 0.124252 0.092232 0.120148 0.127542 0.250332 0.087822 0.142397 0.156676 0.119247 0.185352 0.107637 0.127574 0.123462 0.271840 0.127287 0.177100 0.121924 0.144017 0.147859 0.095426 0.093908 0.154355 0.129710 0.119663 0.114536 0.122168 0.264970 0.167397 0.288283 0.276140 0.268350 0.264560 0.290813 0.172044 0.194804 0.249307 0.208428 0.227637 0.199858 0.167290 0.137029 0.155786 0.111196 0.198511 0.219620 0.133042 0.145895 0.149934 0.175563 0.190227 0.173816 0.139429 0.173434 0.160595 0.129770 0.122992 0.153967 0.123265 0.153742 0.194316 0.163821 0.174368 0.169190 0.146177 0.160525 0.153293 0.128031 0.206245 0.164351 0.115361 0.124091 0.138523 0.163272 0.132908 0.120346 0.147117 0.152790 0.144425 0.182972 0.220091 0.302010 0.208373 0.243991 0.182383 0.222552 0.137685 0.130024 0.165143 0.125262 0.147249 0.130086 0.213306 0.265925 0.193494 0.185135 0.215413 0.287338 0.237749 0.089378 0.118381 0.107810 0.115048 0.135534 0.179415 0.177085 
0.165734 0.105850 0.129642 0.282353 0.281121 0.158663 0.178839 0.115268 0.123956 0.160266 0.147878 0.000000 0.114112 0.228412 0.272634 0.260240 0.229312 0.306034 0.345215 0.358850 0.384835 0.342060 0.358472 0.315397 0.364310 0.316671 0.314083 0.327348 0.336984 0.330980 0.311856 0.285138 0.285920 0.369286 0.340523 0.305827 0.371261 0.169858 0.189874 0.176183 0.203109 0.160554 0.282629 0.249125 0.252094 0.171920 0.163566 0.177512 0.242712 0.289630 0.366297 0.310526 0.327481 0.379620 0.365962 0.205540 0.330906 0.337119 0.291331 0.255138 0.338443 0.297984 0.340251 0.188091 0.232364 0.132309 0.126942 0.110328 0.128655 0.237096 0.293554 0.243127 0.167444 0.227553 0.335560 0.239907 0.205484 0.168005 0.143943 0.182212 0.202533 0.138112 0.436901 0.210356 0.314624 0.307473 0.184213 0.511818 0.361063 0.579231 0.208346 0.540290 0.363699 0.339090 0.189661 0.210518 0.165960 0.212493 0.169751 0.202833 0.199471 0.184782 0.186058 0.196644 0.182099 0.190065 0.166475 0.213468 0.153716 0.131681 0.195786 0.140278 0.173681 0.156315 0.133199 0.181535 0.149978 0.175414 0.159117 0.177874 0.184159 0.204920 0.181881 0.198963 0.211835 0.194008 0.200074 0.183329 0.201891 0.194531 0.204734 0.181938 0.180136 0.184405 0.200633 0.192448 0.193667 0.194965 0.174536 0.195392 0.106865 0.209312 0.142227 0.160631 0.186710 0.167832 0.206282 0.152559 0.188213 0.167036 0.271607 0.183192 0.164187 0.139590 0.166804 0.165672 0.156805 0.115309 0.151564 0.166010 0.167123 0.153092 0.150411 0.223631 0.165683 0.268879 0.276597 0.245814 0.248178 0.286793 0.160017 0.173965 0.220645 0.170771 0.216552 0.144352 0.217871 0.095236 0.147578 0.149306 0.121666 0.178614 0.202841 0.129142 0.177879 0.142935 0.147792 0.113538 0.132994 0.148195 0.145304 0.117418 0.176305 0.151860 0.138687 0.107113 0.143599 0.109285 0.140566 0.117592 0.149778 0.186612 0.165527 0.143493 0.138976 0.127758 0.137686 0.145001 0.133218 0.185387 0.075526 0.118001 0.136156 0.149178 0.191276 0.153952 0.257066 0.220013 0.157713 0.165509 0.135675 0.155594 0.143835 0.150926 0.176873 0.168668 0.168406 0.128015 0.213382 0.198579 0.197523 0.177015 0.132287 0.238477 0.247310 0.160368 0.202812 0.158304 0.168091 0.211406 0.251026 0.231350 
0.158539 0.151546 0.115935 0.299389 0.260740 0.143332 0.159135 0.070290 0.102984 0.110485 0.134156 0.114112 0.000000 0.202775 0.234014 0.228611 0.213515 0.308327 0.337951 0.349223 0.380653 0.345938 0.350170 0.315874 0.350928 0.303334 0.286355 0.322027 0.310454 0.327813 0.320017 0.284198 0.288508 0.366445 0.339994 0.310584 0.368779 0.168324 0.182296 0.176017 0.199762 0.188076 0.293654 0.215931 0.222228 0.189009 0.177457 0.169400 0.258326 0.330327 0.408213 0.334696 0.354104 0.435820 0.381949 0.205773 0.337658 0.374069 0.325397 0.226946 0.348129 0.318307 0.370131 0.232420 0.202573 0.158976 0.155062 0.111583 0.095851 0.317273 0.304219 0.331052 0.230474 0.303149 0.306898 0.249582 0.225150 0.238902 0.206781 0.164000 0.203029 0.141329 0.482115 0.258127 0.279266 0.339305 0.213968 0.546318 0.410513 0.625248 0.251868 0.502874 0.334175 0.380335 0.163058 0.176473 0.164900 0.213278 0.159374 0.198013 0.198807 0.184824 0.186023 0.196263 0.181138 0.191915 0.165455 0.209377 0.192103 0.170531 0.188945 0.182513 0.171580 0.146790 0.108393 0.179751 0.161978 0.162214 0.144739 0.172963 0.165319 0.204546 0.177402 0.207198 0.218182 0.197101 0.194135 0.160525 0.200940 0.201018 0.203293 0.170704 0.181579 0.181448 0.196770 0.189820 0.195353 0.197986 0.169166 0.200150 0.116937 0.206786 0.120490 0.150760 0.182286 0.141739 0.178271 0.128410 0.157953 0.144999 0.271044 0.159802 0.128711 0.124528 0.148917 0.143473 0.131609 0.092875 0.126493 0.136135 0.149409 0.128620 0.127117 0.218557 0.121576 0.321400 0.314661 0.314602 0.303793 0.356154 0.166523 0.194927 0.254743 0.207987 0.228505 0.197352 0.255208 0.140013 0.179408 0.135235 0.183661 0.228074 0.188118 0.146608 0.208562 0.168961 0.189823 0.163497 0.165574 0.164303 0.152704 0.138865 0.130755 0.157812 0.149505 0.131722 0.175949 0.180344 0.186641 0.196097 0.172983 0.128000 0.129732 0.100702 0.138219 0.146178 0.117000 0.113532 0.096957 0.185068 0.119412 0.136258 0.118278 0.115573 0.170902 0.168385 0.221469 0.255646 0.164113 0.203283 0.155185 0.189358 0.112773 0.127158 0.180050 0.131345 0.135002 0.146869 0.195378 0.240927 0.176278 0.140664 0.144707 0.222480 0.215979 0.146018 0.165695 0.113537 0.154894 0.188340 0.226706 0.206352 
0.272468 0.249836 0.274380 0.371000 0.338411 0.238640 0.250919 0.197564 0.180197 0.217198 0.263963 0.228412 0.202775 0.000000 0.120669 0.241989 0.070287 0.344081 0.386299 0.407778 0.416011 0.377742 0.388759 0.362594 0.386310 0.342627 0.309540 0.380735 0.340560 0.362757 0.373451 0.330054 0.327116 0.400693 0.370997 0.342565 0.399653 0.265936 0.266238 0.267711 0.275191 0.234247 0.270690 0.198403 0.184343 0.203601 0.194030 0.209013 0.287786 0.375322 0.471782 0.360341 0.407760 0.470812 0.404328 0.286254 0.369283 0.410323 0.383724 0.255397 0.423594 0.338694 0.373781 0.303563 0.312845 0.224878 0.236621 0.273891 0.253285 0.332840 0.264198 0.360356 0.274032 0.324191 0.209735 0.324689 0.300551 0.273484 0.248340 0.280556 0.300919 0.180926 0.399494 0.320400 0.271540 0.321796 0.217476 0.509739 0.369423 0.466312 0.241299 0.586316 0.227819 0.350771 0.257054 0.255065 0.260507 0.277933 0.281664 0.274220 0.279160 0.268098 0.270356 0.280501 0.274150 0.275935 0.276636 0.290106 0.269038 0.252053 0.196540 0.247508 0.251935 0.254619 0.237712 0.280249 0.270528 0.279264 0.264663 0.290630 0.302725 0.323404 0.286910 0.313013 0.313147 0.301355 0.322313 0.304123 0.306466 0.318463 0.330476 0.304119 0.290738 0.306462 0.318181 0.303080 0.301977 0.307932 0.302455 0.310059 0.223645 0.272992 0.239052 0.256638 0.292177 0.261550 0.275282 0.240214 0.233294 0.226595 0.318373 0.209712 0.245039 0.240657 0.262284 0.289042 0.248377 0.239847 0.238562 0.237873 0.260772 0.229970 0.266312 0.269784 0.238887 0.351503 0.318864 0.337062 0.328961 0.380829 0.208837 0.231897 0.240216 0.230876 0.170350 0.227205 0.294372 0.236021 0.298812 0.243785 0.278602 0.223708 0.271621 0.216791 0.277113 0.240100 0.223854 0.237017 0.241395 0.236400 0.245861 0.227676 0.222092 0.264518 0.229870 0.229592 0.237327 0.252730 0.271278 0.254381 0.226439 0.221455 0.156543 0.223605 0.170609 0.222342 0.210138 0.226961 0.188118 0.311679 0.248471 0.277334 0.210631 0.204015 0.218465 0.199660 0.208692 0.197998 0.165002 0.167548 0.170785 0.192404 0.253971 0.232975 0.210511 0.224397 0.231715 0.194038 0.190413 0.213246 0.146314 0.150612 0.176180 0.225513 0.248359 0.257879 0.259864 0.255114 0.261819 0.249040 0.212504 0.199151 
0.304961 0.292860 0.308165 0.400074 0.358156 0.244380 0.251597 0.238751 0.214407 0.219181 0.285066 0.272634 0.234014 0.120669 0.000000 0.176362 0.151783 0.353889 0.388144 0.415528 0.424846 0.383646 0.417842 0.366373 0.370714 0.360192 0.291915 0.391283 0.303888 0.383739 0.383584 0.358591 0.351247 0.422867 0.399565 0.370827 0.418637 0.287086 0.272461 0.291275 0.307299 0.277233 0.316677 0.227691 0.169428 0.251336 0.237665 0.227984 0.307191 0.401178 0.501715 0.384759 0.437112 0.508911 0.438785 0.300147 0.393714 0.447872 0.401396 0.263963 0.435765 0.363236 0.410100 0.341262 0.345742 0.263046 0.269276 0.305680 0.284973 0.375303 0.319290 0.400550 0.327279 0.370347 0.270376 0.359038 0.334751 0.310026 0.292967 0.318053 0.334429 0.193223 0.392428 0.363373 0.228896 0.282256 0.220450 0.567796 0.384235 0.456505 0.263936 0.612967 0.206159 0.365098 0.253185 0.248638 0.279969 0.298769 0.299593 0.262522 0.302702 0.289109 0.296845 0.302780 0.286240 0.302057 0.290353 0.310737 0.303970 0.296726 0.224027 0.283778 0.291211 0.287489 0.255766 0.293287 0.271550 0.297577 0.275084 0.314604 0.311607 0.348053 0.310117 0.333264 0.340291 0.322947 0.342231 0.327810 0.328694 0.342558 0.349109 0.328344 0.316805 0.331302 0.344398 0.327535 0.327650 0.332918 0.326231 0.336597 0.260548 0.288793 0.254801 0.282403 0.313263 0.286986 0.308165 0.250709 0.235159 0.245240 0.345452 0.229019 0.274986 0.277356 0.290846 0.314801 0.265962 0.266327 0.248666 0.248431 0.279899 0.246904 0.293723 0.298377 0.266215 0.390298 0.366568 0.382163 0.372933 0.416247 0.240762 0.282087 0.303551 0.285676 0.250194 0.290877 0.341185 0.275142 0.344574 0.262899 0.310009 0.269836 0.277731 0.259937 0.301007 0.281661 0.275207 0.288317 0.283165 0.270707 0.275738 0.275701 0.221452 0.300578 0.273145 0.261824 0.269188 0.300975 0.314099 0.307634 0.278709 0.243126 0.178374 0.249929 0.233151 0.269640 0.244677 0.225944 0.205966 0.312873 0.296600 0.312053 0.253626 0.243112 0.246969 0.227331 0.180483 0.205501 0.218308 0.226956 0.217681 0.230207 0.284075 0.271341 0.247884 0.241255 0.245256 0.229238 0.173320 0.244794 0.187965 0.191312 0.233749 0.242454 0.246905 0.281995 0.281936 0.276815 0.272741 0.238504 0.210135 0.176009 
0.274085 0.268907 0.268029 0.380611 0.333443 0.183555 0.186327 0.255923 0.218446 0.173800 0.240235 0.260240 0.228611 0.241989 0.176362 0.000000 0.256019 0.280569 0.321889 0.361989 0.338915 0.297091 0.364614 0.306092 0.246123 0.284210 0.179253 0.320550 0.197236 0.315961 0.358332 0.323013 0.321366 0.396450 0.370367 0.329226 0.393837 0.241489 0.162525 0.229784 0.238220 0.285006 0.350430 0.240858 0.214361 0.254089 0.269214 0.203859 0.313285 0.411219 0.465482 0.392012 0.445424 0.530013 0.467405 0.247021 0.393314 0.469394 0.381584 0.251659 0.430197 0.395539 0.426916 0.331489 0.308968 0.242783 0.249449 0.269995 0.253671 0.395726 0.370836 0.408382 0.323137 0.381641 0.362642 0.334438 0.300139 0.328393 0.298203 0.266111 0.282261 0.201109 0.471932 0.391050 0.182809 0.259263 0.225946 0.653962 0.441517 0.586551 0.275666 0.596822 0.279548 0.415298 0.193688 0.179452 0.231429 0.233412 0.258833 0.162646 0.256989 0.237594 0.238840 0.251882 0.246605 0.245966 0.249572 0.267013 0.263587 0.255853 0.256313 0.244303 0.259265 0.231662 0.216149 0.209951 0.217559 0.235322 0.192547 0.259910 0.242714 0.310847 0.257194 0.285808 0.292790 0.256717 0.297447 0.278206 0.282553 0.287735 0.293298 0.279989 0.274738 0.287767 0.301229 0.285878 0.277540 0.285906 0.270632 0.290533 0.230269 0.270332 0.203095 0.228703 0.250573 0.236220 0.252926 0.185372 0.172671 0.182902 0.343782 0.177348 0.247144 0.233701 0.231666 0.270871 0.216361 0.230161 0.222452 0.202420 0.220142 0.183450 0.245089 0.296064 0.245945 0.407937 0.385067 0.391006 0.389743 0.396206 0.239367 0.305549 0.329060 0.285105 0.299932 0.275995 0.301834 0.249855 0.311604 0.214211 0.283429 0.306502 0.237884 0.239795 0.248939 0.275963 0.280378 0.269058 0.250840 0.276926 0.272199 0.249970 0.192276 0.274710 0.236588 0.243396 0.251180 0.285354 0.303921 0.296091 0.272016 0.230024 0.201148 0.215866 0.270452 0.270092 0.209536 0.200582 0.188564 0.265252 0.286262 0.275936 0.262376 0.253431 0.248346 0.249528 0.172546 0.292262 0.251162 0.282988 0.239268 0.276852 0.265128 0.254204 0.240370 0.213861 0.187850 0.224616 0.143252 0.311548 0.235332 0.239032 0.262636 0.299482 0.272399 0.249751 0.259386 0.224273 0.214127 0.151994 0.192389 0.146942 
0.279569 0.259084 0.272892 0.376213 0.337896 0.241837 0.255823 0.204266 0.185081 0.223631 0.271288 0.229312 0.213515 0.070287 0.151783 0.256019 0.000000 0.356135 0.391532 0.409838 0.426235 0.386827 0.402545 0.368403 0.399283 0.352690 0.324575 0.388847 0.358887 0.376003 0.379339 0.343048 0.340556 0.412967 0.384881 0.357755 0.412606 0.275916 0.272553 0.276868 0.290732 0.229829 0.275953 0.212000 0.198407 0.194257 0.191505 0.211977 0.273154 0.372127 0.479803 0.358239 0.407397 0.466147 0.384028 0.292334 0.351330 0.403339 0.393961 0.260225 0.411844 0.342892 0.369465 0.312718 0.317999 0.230816 0.248052 0.278868 0.254686 0.317458 0.237062 0.348723 0.281799 0.313927 0.178698 0.336134 0.304219 0.271963 0.255777 0.284811 0.304139 0.183984 0.403139 0.320405 0.288085 0.329258 0.219335 0.509284 0.358287 0.446242 0.226243 0.588723 0.225678 0.352056 0.262114 0.268805 0.263685 0.291416 0.288211 0.280074 0.293911 0.278369 0.280607 0.291385 0.282916 0.284927 0.285812 0.305793 0.279678 0.257127 0.190021 0.251531 0.255123 0.256037 0.241504 0.284945 0.273858 0.285164 0.263368 0.294197 0.306693 0.332643 0.289886 0.316288 0.316875 0.301902 0.326990 0.313144 0.314230 0.320979 0.330131 0.312621 0.298597 0.314416 0.324350 0.311122 0.309750 0.310955 0.307335 0.313976 0.230193 0.271714 0.246798 0.262534 0.294384 0.266784 0.283491 0.244408 0.249423 0.233366 0.325974 0.223440 0.254836 0.249878 0.263302 0.293393 0.251034 0.236741 0.240074 0.244665 0.260599 0.231944 0.270669 0.280914 0.246201 0.345015 0.311455 0.328212 0.324167 0.393540 0.223212 0.249896 0.224796 0.211664 0.148324 0.216855 0.311812 0.224497 0.315849 0.245173 0.284012 0.229993 0.284666 0.222281 0.287797 0.238074 0.238461 0.249318 0.248900 0.242450 0.247918 0.235991 0.230791 0.268657 0.235033 0.236401 0.220174 0.245712 0.270007 0.246419 0.211782 0.232188 0.166069 0.226725 0.158694 0.226502 0.208957 0.226365 0.194062 0.320404 0.251439 0.282367 0.203104 0.205983 0.227950 0.209458 0.217713 0.187471 0.163253 0.159361 0.167090 0.187743 0.258236 0.239359 0.195165 0.225031 0.233847 0.186952 0.196566 0.203885 0.146468 0.159761 0.162974 0.244499 0.253679 0.252423 0.260577 0.262463 0.269471 0.257180 0.222054 0.211029 
0.319653 0.307392 0.305815 0.371519 0.335925 0.203511 0.207048 0.308207 0.272613 0.272949 0.239258 0.306034 0.308327 0.344081 0.353889 0.280569 0.356135 0.000000 0.164662 0.172491 0.139349 0.114705 0.199679 0.131354 0.183522 0.084850 0.151336 0.134639 0.202362 0.097198 0.149918 0.142809 0.104256 0.185395 0.160324 0.139879 0.176282 0.177747 0.194082 0.174198 0.208146 0.265102 0.227820 0.243711 0.240810 0.228621 0.359927 0.289167 0.234077 0.347625 0.389893 0.304153 0.341805 0.424055 0.397939 0.172097 0.304128 0.378373 0.304443 0.237198 0.356862 0.308847 0.333083 0.366130 0.343773 0.286584 0.279384 0.305506 0.283043 0.323843 0.287378 0.334861 0.289020 0.329362 0.310597 0.288809 0.272658 0.293478 0.270706 0.243624 0.264316 0.291175 0.552508 0.442680 0.272138 0.399119 0.290146 0.717793 0.492113 0.728845 0.303319 0.622570 0.364853 0.461930 0.214658 0.235344 0.202546 0.166046 0.216691 0.181982 0.188151 0.177173 0.183138 0.201127 0.196916 0.202744 0.177702 0.199622 0.256892 0.265367 0.250535 0.259512 0.263806 0.230740 0.278037 0.238361 0.255167 0.201446 0.206057 0.245069 0.200963 0.266124 0.232604 0.242569 0.235288 0.200321 0.259509 0.261477 0.226665 0.250302 0.259062 0.247978 0.205797 0.226588 0.244833 0.223808 0.236202 0.222363 0.258853 0.254498 0.255734 0.311236 0.218575 0.234200 0.263448 0.276286 0.269263 0.213091 0.207476 0.209530 0.344679 0.217677 0.295775 0.260461 0.242127 0.281949 0.211096 0.282406 0.296953 0.282103 0.247977 0.218148 0.285649 0.353983 0.330844 0.368450 0.348571 0.333509 0.324850 0.345152 0.301715 0.354018 0.316400 0.285488 0.307153 0.262060 0.245835 0.285083 0.318619 0.229287 0.325903 0.330072 0.272429 0.291627 0.258967 0.304519 0.325358 0.302607 0.271365 0.310775 0.284233 0.274240 0.287330 0.307274 0.261012 0.283939 0.318486 0.320792 0.336343 0.325560 0.306009 0.321479 0.316575 0.296368 0.355730 0.327006 0.271031 0.274507 0.290449 0.266671 0.319486 0.302610 0.311105 0.310053 0.317970 0.328238 0.294885 0.382617 0.343602 0.374020 0.330836 0.353558 0.307410 0.313483 0.270829 0.266360 0.250846 0.258125 0.282800 0.359553 0.293582 0.343094 0.367717 0.406188 0.352673 0.255004 0.273704 0.258444 0.243174 0.200984 0.208366 0.243190 
