239 239
0.000000 0.137238 0.136825 0.175973 0.194550 0.188815 0.219624 0.169981 0.166309 0.173164 0.154679 0.192443 0.181815 0.274288 0.279494 0.318101 0.333447 0.333953 0.365521 0.369262 0.374122 0.355434 0.368344 0.327156 0.349053 0.325342 0.314938 0.314773 0.325824 0.372289 0.330191 0.308784 0.306826 0.380943 0.330183 0.381092 0.202055 0.204436 0.245766 0.196254 0.208599 0.226154 0.184868 0.206895 0.204897 0.210110 0.248050 0.236033 0.361810 0.298900 0.318985 0.367723 0.213462 0.274644 0.324796 0.324671 0.308477 0.277251 0.311923 0.299913 0.140989 0.163487 0.159382 0.155399 0.317716 0.289571 0.324381 0.331964 0.146094 0.255028 0.205783 0.150963 0.150520 0.503933 0.490991 0.243278 0.325830 0.285508 0.267073 0.333617 0.385107 0.226897 0.404046 0.617587 0.517438 0.321251 0.406510 0.377966 0.179052 0.173105 0.232390 0.205010 0.204929 0.225354 0.201057 0.213438 0.203496 0.206449 0.211953 0.192013 0.218419 0.184391 0.153965 0.213436 0.158692 0.146094 0.147649 0.163406 0.104916 0.186712 0.211576 0.204989 0.215584 0.254222 0.210721 0.224619 0.233364 0.237075 0.238476 0.257015 0.238758 0.220054 0.240853 0.235183 0.222360 0.221121 0.240011 0.255197 0.235741 0.216262 0.228821 0.245801 0.229263 0.246923 0.250514 0.160436 0.207871 0.197382 0.163724 0.182296 0.190769 0.220045 0.337994 0.200418 0.185540 0.211089 0.244189 0.175665 0.185111 0.272685 0.198289 0.185571 0.162543 0.132952 0.186931 0.131439 0.172510 0.194690 0.134570 0.175110 0.152005 0.156686 0.202501 0.184633 0.296361 0.332200 0.331424 0.329893 0.307639 0.354092 0.186280 0.232431 0.235634 0.265764 0.229136 0.219277 0.212743 0.257238 0.227017 0.172344 0.178635 0.166331 0.188194 0.177549 0.130201 0.189800 0.148443 0.154925 0.158948 0.144898 0.145182 0.180641 0.133291 0.145800 0.192531 0.127035 0.125568 0.118576 0.132055 0.151167 0.206060 0.247842 0.235165 0.176292 0.176491 0.132436 0.172766 0.153676 0.147730 0.169368 0.119539 0.171815 0.162451 0.159915 0.154830 0.270889 0.255931 0.149855 0.178080 0.189157 0.141851 0.147545 0.177800 0.230640 0.239304 0.226260 0.196782 0.188635 0.171824 0.202065 0.202200 0.181676 0.233168 0.235309 0.133749 0.127690 0.233533 0.269015 0.242655 
0.137238 0.000000 0.140016 0.152208 0.192103 0.181485 0.202750 0.146849 0.149327 0.158070 0.144755 0.165100 0.163268 0.270196 0.259980 0.305990 0.347814 0.339094 0.363234 0.355072 0.384516 0.336601 0.349125 0.317118 0.331177 0.308094 0.306209 0.330609 0.326261 0.355211 0.322805 0.292846 0.289936 0.377149 0.309977 0.377799 0.184021 0.184883 0.209630 0.186363 0.219224 0.228339 0.161033 0.184390 0.198377 0.134731 0.250198 0.204221 0.337101 0.326594 0.317657 0.375614 0.202766 0.324137 0.346171 0.253600 0.352973 0.306104 0.314639 0.337278 0.148402 0.166844 0.148731 0.153512 0.297413 0.229432 0.242456 0.318582 0.204964 0.167331 0.139424 0.165102 0.181022 0.498712 0.475528 0.248669 0.304564 0.217698 0.262379 0.332610 0.331980 0.208797 0.396876 0.607127 0.545976 0.288221 0.388642 0.375921 0.183527 0.178278 0.203462 0.177826 0.190354 0.196380 0.183179 0.183884 0.177355 0.187738 0.192542 0.186024 0.182098 0.182836 0.111865 0.194770 0.114805 0.122012 0.129609 0.132488 0.108774 0.161206 0.190185 0.191110 0.204062 0.232456 0.195863 0.192914 0.208516 0.214653 0.199084 0.224090 0.230923 0.217781 0.220606 0.227183 0.210736 0.197583 0.214994 0.228707 0.215174 0.196789 0.204249 0.222783 0.221603 0.221791 0.240633 0.126491 0.186507 0.213146 0.151696 0.174334 0.172028 0.199799 0.372585 0.197238 0.170350 0.194973 0.289410 0.171607 0.186869 0.292245 0.176140 0.194858 0.141697 0.101971 0.163960 0.138930 0.171589 0.190930 0.126430 0.156309 0.140179 0.139495 0.186833 0.186054 0.238333 0.275155 0.269402 0.255813 0.237770 0.255589 0.174529 0.228473 0.179806 0.206776 0.180089 0.172558 0.145211 0.187734 0.180848 0.108916 0.105548 0.099930 0.172166 0.194424 0.137772 0.155740 0.159977 0.086977 0.097503 0.118540 0.155696 0.135915 0.117998 0.113194 0.179183 0.161387 0.104614 0.154607 0.147064 0.099113 0.135191 0.189571 0.181023 0.179049 0.175614 0.134808 0.163006 0.187548 0.091887 0.132681 0.136783 0.125301 0.123064 0.129534 0.104571 0.277090 0.246725 0.129531 0.163096 0.163904 0.136279 0.138260 0.146894 0.215986 0.233984 0.216027 0.188765 0.112166 0.163858 0.182679 0.181684 0.154355 0.240697 0.269517 0.121538 0.109440 0.221442 0.261361 0.230682 
0.136825 0.140016 0.000000 0.195259 0.188068 0.173440 0.195976 0.153187 0.152410 0.172462 0.146984 0.162532 0.147723 0.256262 0.261483 0.294424 0.334614 0.327668 0.350131 0.344984 0.373502 0.326127 0.340421 0.303525 0.319239 0.302468 0.304280 0.330620 0.316162 0.342446 0.314320 0.277249 0.274706 0.362267 0.294414 0.362201 0.169685 0.167913 0.204704 0.161245 0.196822 0.211027 0.152694 0.169175 0.213461 0.187290 0.245312 0.201974 0.320193 0.307648 0.276247 0.390331 0.185140 0.293571 0.302457 0.250994 0.321279 0.322417 0.353963 0.340690 0.113094 0.141176 0.121855 0.108392 0.311834 0.263380 0.299359 0.310250 0.179201 0.225460 0.208418 0.108847 0.128437 0.483911 0.534090 0.260100 0.313954 0.303253 0.287853 0.316078 0.395981 0.251777 0.454456 0.666406 0.452615 0.327020 0.389145 0.416314 0.174788 0.159578 0.195053 0.163765 0.172770 0.190970 0.165353 0.171444 0.161258 0.168255 0.173808 0.160094 0.173926 0.168734 0.160513 0.194613 0.165032 0.124676 0.122487 0.145000 0.113512 0.176239 0.187156 0.179399 0.202007 0.230289 0.191936 0.187818 0.201565 0.208213 0.213323 0.220721 0.226343 0.203984 0.214607 0.221370 0.204733 0.191698 0.219364 0.228350 0.209133 0.199052 0.198267 0.210007 0.207846 0.215755 0.267164 0.154903 0.188298 0.168283 0.141553 0.187475 0.156524 0.185294 0.357226 0.193609 0.154835 0.183479 0.236075 0.159788 0.168854 0.292180 0.168853 0.188961 0.142089 0.130790 0.158307 0.122706 0.189049 0.174129 0.115979 0.143621 0.126028 0.121437 0.182550 0.172734 0.258732 0.296573 0.306204 0.305444 0.286199 0.328666 0.187808 0.216795 0.217133 0.250216 0.212878 0.191297 0.193461 0.226134 0.217358 0.154383 0.167850 0.204120 0.219940 0.210467 0.146032 0.204752 0.176460 0.168846 0.167161 0.148116 0.151999 0.195869 0.132199 0.153986 0.177974 0.167229 0.125619 0.151451 0.163689 0.137815 0.185159 0.226749 0.220392 0.181904 0.155669 0.126556 0.176366 0.184207 0.142364 0.177932 0.138999 0.135708 0.138583 0.124727 0.138685 0.249938 0.281587 0.143636 0.143517 0.191558 0.130319 0.145454 0.157744 0.221085 0.249309 0.217494 0.183668 0.194233 0.154602 0.167752 0.201265 0.191874 0.220393 0.270439 0.140850 0.149641 0.214916 0.247859 0.226460 
0.175973 0.152208 0.195259 0.000000 0.166773 0.171242 0.180246 0.136852 0.134675 0.164263 0.158584 0.166196 0.171178 0.254956 0.191444 0.303912 0.336705 0.332108 0.351300 0.346684 0.374930 0.339446 0.343913 0.314290 0.328173 0.304760 0.295838 0.331408 0.322297 0.345248 0.330253 0.293026 0.296204 0.369996 0.315911 0.370551 0.209308 0.208857 0.228457 0.216284 0.213651 0.207661 0.193862 0.199942 0.137566 0.141590 0.219151 0.148939 0.353919 0.268857 0.307743 0.348379 0.225605 0.272788 0.305240 0.274020 0.294902 0.249353 0.265517 0.280441 0.161254 0.171879 0.170037 0.172254 0.230559 0.210702 0.235591 0.265772 0.205621 0.180671 0.149701 0.192839 0.201008 0.437935 0.390715 0.160371 0.204901 0.137509 0.215807 0.265364 0.253302 0.144336 0.298930 0.523197 0.537284 0.188928 0.300431 0.287566 0.213533 0.192014 0.222749 0.210019 0.221092 0.217963 0.210696 0.227241 0.204611 0.212381 0.221053 0.217378 0.218518 0.207245 0.160384 0.146996 0.131076 0.167565 0.179797 0.166095 0.148615 0.187860 0.195594 0.204919 0.214172 0.247080 0.211873 0.208691 0.226474 0.225452 0.226859 0.237072 0.242677 0.225248 0.221556 0.239895 0.223524 0.220735 0.228200 0.240134 0.223380 0.196610 0.235778 0.234515 0.220637 0.235844 0.142790 0.120289 0.158615 0.174411 0.163998 0.127688 0.193466 0.239982 0.274293 0.215422 0.161162 0.168208 0.221509 0.157432 0.148504 0.195863 0.201147 0.217962 0.115846 0.124092 0.166496 0.152784 0.150439 0.193874 0.150259 0.197895 0.167216 0.196071 0.207759 0.172627 0.220216 0.259138 0.253119 0.253244 0.250644 0.284158 0.119560 0.150950 0.157224 0.180662 0.149498 0.126991 0.134857 0.160963 0.215377 0.122010 0.141162 0.143969 0.138684 0.178485 0.115531 0.172155 0.130946 0.139060 0.143551 0.131782 0.134176 0.165282 0.142788 0.149142 0.187674 0.145762 0.140722 0.142938 0.139151 0.148990 0.139378 0.176038 0.144246 0.209571 0.163856 0.178539 0.121929 0.189003 0.124226 0.160030 0.160921 0.141840 0.137420 0.167599 0.154605 0.186513 0.173892 0.157423 0.176484 0.122960 0.174331 0.177104 0.099763 0.168395 0.141728 0.139876 0.214461 0.150893 0.210201 0.205713 0.143184 0.119672 0.214742 0.182730 0.120185 0.113006 0.207882 0.190548 0.202190 
0.194550 0.192103 0.188068 0.166773 0.000000 0.085239 0.092650 0.115749 0.134087 0.095350 0.158415 0.107419 0.120459 0.159320 0.244318 0.245659 0.278066 0.273749 0.300215 0.280019 0.320253 0.280943 0.317322 0.258709 0.286985 0.252403 0.209819 0.279727 0.282798 0.297000 0.306743 0.277673 0.279538 0.358539 0.299723 0.363920 0.150470 0.158726 0.202281 0.174032 0.168712 0.165959 0.156220 0.131975 0.215282 0.191137 0.203408 0.191583 0.418308 0.335219 0.388980 0.460730 0.175818 0.346435 0.412425 0.315935 0.377088 0.323678 0.341111 0.381752 0.165747 0.105466 0.168864 0.166693 0.300160 0.295743 0.319594 0.301282 0.235846 0.269491 0.243547 0.208269 0.224812 0.585668 0.454661 0.236408 0.195112 0.188604 0.343291 0.181091 0.296224 0.195940 0.389345 0.608475 0.571154 0.191253 0.277158 0.365688 0.146065 0.158275 0.177562 0.184784 0.134886 0.111528 0.157228 0.190541 0.164138 0.179058 0.196659 0.171703 0.188870 0.161685 0.178129 0.185132 0.155902 0.113992 0.131854 0.120665 0.119279 0.124780 0.130378 0.135470 0.129446 0.207793 0.166866 0.165533 0.173153 0.170250 0.182104 0.195731 0.174606 0.159721 0.174526 0.169171 0.147078 0.173531 0.186429 0.202604 0.175136 0.135372 0.177921 0.175386 0.152459 0.188051 0.208790 0.129325 0.107947 0.242432 0.105522 0.198141 0.162413 0.173405 0.321037 0.194542 0.093388 0.080657 0.299266 0.102400 0.170078 0.260289 0.155722 0.162709 0.124476 0.160866 0.108637 0.122560 0.110920 0.132658 0.122889 0.136737 0.121883 0.162118 0.139469 0.160815 0.287359 0.332971 0.325440 0.329108 0.329913 0.368574 0.172615 0.226387 0.251619 0.272118 0.232887 0.209929 0.239446 0.259006 0.241237 0.144864 0.172956 0.195697 0.244329 0.156793 0.153315 0.173864 0.200360 0.187720 0.172929 0.160132 0.162635 0.202604 0.162976 0.182727 0.087406 0.159488 0.140057 0.166494 0.183628 0.174344 0.182955 0.223810 0.220312 0.140549 0.130262 0.139550 0.172709 0.169548 0.169893 0.204934 0.169110 0.174135 0.163636 0.157778 0.189540 0.165903 0.266264 0.170918 0.167818 0.164794 0.120364 0.117045 0.128693 0.129865 0.258409 0.182917 0.174971 0.240292 0.183855 0.150954 0.163407 0.200989 0.274959 0.203158 0.147350 0.152977 0.105066 0.155687 0.115819 
0.188815 0.181485 0.173440 0.171242 0.085239 0.000000 0.070664 0.121869 0.129545 0.121631 0.152967 0.097144 0.093458 0.183239 0.242036 0.203477 0.264936 0.243060 0.277524 0.247326 0.291214 0.255821 0.288713 0.233988 0.237220 0.227005 0.196469 0.255613 0.246528 0.270665 0.256541 0.223211 0.223693 0.303782 0.242721 0.309171 0.124245 0.115808 0.151028 0.109418 0.143218 0.143003 0.136904 0.124999 0.184058 0.174669 0.164912 0.155082 0.376553 0.285949 0.342861 0.417619 0.122574 0.307425 0.367746 0.286690 0.330324 0.286294 0.319915 0.332316 0.151239 0.126115 0.139770 0.138780 0.277112 0.259286 0.283885 0.293762 0.200043 0.234496 0.205320 0.162199 0.178668 0.584342 0.486658 0.242115 0.211694 0.218084 0.336454 0.204012 0.321601 0.179046 0.392663 0.636255 0.558489 0.222458 0.289857 0.368255 0.142544 0.122695 0.144632 0.144670 0.131918 0.125605 0.128232 0.140607 0.121050 0.137274 0.146698 0.133689 0.151068 0.120646 0.156950 0.147936 0.149054 0.106530 0.118760 0.123880 0.117807 0.150409 0.112638 0.123539 0.121671 0.176556 0.139361 0.135212 0.130549 0.154507 0.152417 0.153914 0.164590 0.158898 0.141752 0.155593 0.149235 0.132123 0.150360 0.183368 0.135357 0.105189 0.150039 0.130427 0.143557 0.160981 0.206330 0.119847 0.103715 0.232570 0.099320 0.184656 0.143139 0.165691 0.366381 0.174519 0.071703 0.094899 0.273612 0.093627 0.164711 0.262085 0.145914 0.173502 0.126154 0.161386 0.077898 0.107623 0.132106 0.120478 0.119236 0.125479 0.107041 0.145126 0.152953 0.160583 0.263581 0.308393 0.321058 0.308253 0.307867 0.346560 0.175553 0.215538 0.225176 0.251796 0.192784 0.198254 0.207374 0.232138 0.203384 0.152440 0.169227 0.204324 0.227725 0.149458 0.158707 0.149085 0.189950 0.172973 0.149154 0.148546 0.154109 0.166211 0.141729 0.151431 0.125776 0.170792 0.130963 0.158361 0.183762 0.131916 0.188094 0.207221 0.227351 0.169960 0.147996 0.138116 0.183795 0.160735 0.166523 0.187469 0.158341 0.167956 0.174958 0.159430 0.192634 0.189505 0.266955 0.168517 0.162722 0.149133 0.115000 0.114325 0.119641 0.155735 0.250741 0.161030 0.135725 0.240481 0.149289 0.109255 0.171895 0.199936 0.260151 0.223817 0.150160 0.144158 0.109822 0.121164 0.132204 
0.219624 0.202750 0.195976 0.180246 0.092650 0.070664 0.000000 0.136624 0.139099 0.122995 0.176385 0.086458 0.103490 0.185604 0.255836 0.207301 0.251296 0.240200 0.276697 0.244351 0.291753 0.242121 0.274799 0.229612 0.240205 0.211449 0.206034 0.251951 0.245231 0.255975 0.281287 0.236364 0.245223 0.325293 0.257407 0.323058 0.122914 0.153063 0.159854 0.148682 0.133779 0.118609 0.136090 0.139489 0.214128 0.174561 0.170512 0.164003 0.375813 0.296648 0.346924 0.424393 0.127487 0.311998 0.383979 0.276600 0.344008 0.300531 0.323096 0.346869 0.195667 0.137706 0.181393 0.174047 0.278650 0.268460 0.297831 0.284623 0.210299 0.239915 0.204574 0.180916 0.188835 0.583695 0.463326 0.257837 0.186668 0.218506 0.343224 0.176008 0.282056 0.189472 0.367275 0.629756 0.549472 0.225948 0.245792 0.353046 0.157288 0.158522 0.134984 0.164789 0.125345 0.122957 0.129571 0.149021 0.135004 0.154043 0.156891 0.156266 0.159382 0.160671 0.157498 0.173703 0.145452 0.117845 0.127435 0.112924 0.151286 0.125449 0.104081 0.114224 0.110708 0.168271 0.125762 0.118933 0.150818 0.142567 0.146959 0.141070 0.165301 0.150077 0.126937 0.152147 0.142876 0.138712 0.145997 0.164519 0.145615 0.107562 0.154331 0.139334 0.133605 0.137955 0.229151 0.136426 0.101364 0.253768 0.124417 0.204411 0.157243 0.199905 0.354631 0.171937 0.078937 0.067131 0.291978 0.110747 0.190175 0.268280 0.164696 0.188991 0.137754 0.175672 0.087550 0.149842 0.148565 0.145490 0.146751 0.161001 0.131728 0.164648 0.161652 0.174547 0.267963 0.308733 0.310264 0.315760 0.306214 0.350560 0.151821 0.216402 0.243782 0.264464 0.222860 0.200144 0.222426 0.243343 0.199395 0.163012 0.174787 0.206520 0.234735 0.142422 0.160568 0.139851 0.187015 0.182282 0.163499 0.149980 0.180425 0.179611 0.160215 0.151728 0.143333 0.191750 0.135264 0.166247 0.189157 0.159049 0.192374 0.194121 0.208760 0.194692 0.171765 0.161522 0.191302 0.165280 0.182651 0.197139 0.177316 0.183396 0.175282 0.183476 0.198420 0.172610 0.309448 0.173885 0.185103 0.163798 0.130649 0.144234 0.143135 0.174049 0.261105 0.164663 0.129663 0.253249 0.150122 0.131156 0.184198 0.213628 0.281635 0.211534 0.162317 0.170847 0.085360 0.117102 0.116480 
0.169981 0.146849 0.153187 0.136852 0.115749 0.121869 0.136624 0.000000 0.045760 0.061873 0.064083 0.108519 0.107862 0.204675 0.178305 0.283183 0.315151 0.311463 0.338517 0.327714 0.357833 0.314842 0.320372 0.299411 0.309547 0.282687 0.258168 0.310245 0.301876 0.323528 0.307570 0.262670 0.264754 0.347270 0.288511 0.347605 0.161931 0.150466 0.180714 0.153390 0.179174 0.183087 0.128775 0.136756 0.192357 0.168648 0.161674 0.173198 0.428982 0.330629 0.377647 0.445333 0.183990 0.350078 0.397964 0.341027 0.369848 0.302105 0.356578 0.369034 0.148179 0.125873 0.137735 0.126631 0.271610 0.283895 0.307352 0.253678 0.231803 0.241746 0.217322 0.180133 0.211897 0.537251 0.467907 0.232165 0.206152 0.198133 0.301298 0.220309 0.330483 0.177747 0.391292 0.597650 0.538193 0.227882 0.294184 0.371527 0.153504 0.150255 0.183982 0.151878 0.172703 0.168554 0.167718 0.167848 0.153756 0.162723 0.163646 0.162194 0.155104 0.159337 0.175372 0.137761 0.165023 0.130668 0.133679 0.147880 0.101500 0.166398 0.133389 0.132672 0.156317 0.177886 0.149800 0.140563 0.154638 0.160079 0.169047 0.176196 0.182036 0.162773 0.170157 0.178096 0.162549 0.156450 0.165882 0.187906 0.167908 0.145715 0.171420 0.170488 0.155711 0.167201 0.215786 0.111200 0.139494 0.234011 0.100947 0.182791 0.125984 0.159646 0.338769 0.143446 0.099736 0.123528 0.281177 0.114769 0.155399 0.248389 0.128910 0.139074 0.096824 0.102658 0.105345 0.101549 0.122455 0.125653 0.094742 0.134705 0.109709 0.123072 0.136145 0.129017 0.265141 0.303413 0.312807 0.318804 0.314510 0.344838 0.173649 0.206082 0.206620 0.230152 0.201865 0.165254 0.194270 0.216759 0.247092 0.135407 0.173522 0.178912 0.205020 0.191182 0.131908 0.202416 0.185787 0.159908 0.155237 0.150506 0.139069 0.188779 0.138445 0.159932 0.095814 0.173297 0.126738 0.156361 0.152682 0.147197 0.170198 0.219141 0.181896 0.100055 0.079634 0.084101 0.104103 0.204934 0.136740 0.175261 0.164506 0.099006 0.090753 0.118618 0.127268 0.183265 0.241713 0.133517 0.152651 0.144456 0.112098 0.128673 0.122991 0.154454 0.233678 0.137712 0.185814 0.184759 0.158091 0.154546 0.097479 0.136963 0.230177 0.221250 0.090564 0.121470 0.160616 0.163417 0.141691 
0.166309 0.149327 0.152410 0.134675 0.134087 0.129545 0.139099 0.045760 0.000000 0.085962 0.082825 0.105135 0.102103 0.217893 0.184429 0.271477 0.312851 0.304898 0.332689 0.320808 0.349579 0.307796 0.313969 0.291625 0.299504 0.277809 0.265184 0.304253 0.292134 0.316513 0.292802 0.241788 0.245073 0.330520 0.264284 0.325301 0.146915 0.136492 0.168688 0.137238 0.154751 0.163346 0.113588 0.132212 0.180242 0.156167 0.167034 0.149495 0.415908 0.318468 0.364958 0.430765 0.163339 0.335323 0.379275 0.334387 0.362097 0.292863 0.359357 0.350870 0.148214 0.142238 0.134999 0.118310 0.257401 0.267802 0.289715 0.264956 0.226028 0.227924 0.204402 0.171717 0.202784 0.531143 0.486214 0.239903 0.215357 0.209871 0.294709 0.237025 0.336531 0.186581 0.403675 0.614232 0.539871 0.238982 0.311638 0.382355 0.161878 0.143438 0.177930 0.140285 0.170164 0.168860 0.156262 0.153959 0.139243 0.144187 0.144955 0.146525 0.141360 0.151107 0.169145 0.142097 0.158616 0.136156 0.131994 0.145121 0.114308 0.171229 0.132229 0.128560 0.150314 0.165635 0.132177 0.129076 0.135950 0.145130 0.161748 0.162550 0.176492 0.150814 0.166481 0.165472 0.146664 0.138011 0.153000 0.174901 0.156221 0.148838 0.151723 0.156940 0.143911 0.147338 0.226769 0.105102 0.139423 0.233054 0.098933 0.179516 0.119251 0.156386 0.351847 0.133007 0.102462 0.126644 0.271574 0.119980 0.158168 0.261196 0.124857 0.128945 0.101730 0.096760 0.107980 0.099843 0.131350 0.127820 0.096466 0.140663 0.110199 0.118024 0.136029 0.150712 0.249125 0.292880 0.297921 0.307430 0.300244 0.335929 0.173965 0.197941 0.189293 0.219741 0.191751 0.155122 0.182378 0.205008 0.239857 0.134515 0.168474 0.186288 0.189202 0.193379 0.124688 0.198613 0.178924 0.145668 0.156095 0.142263 0.137922 0.186662 0.123394 0.148716 0.116949 0.171785 0.119040 0.152267 0.145254 0.143718 0.173155 0.206752 0.174668 0.125849 0.107629 0.092570 0.099979 0.215218 0.131103 0.166419 0.165079 0.100826 0.083469 0.105657 0.123195 0.205744 0.261599 0.133577 0.143148 0.141018 0.133435 0.147931 0.121000 0.172429 0.240958 0.156024 0.189294 0.181177 0.161185 0.154259 0.115938 0.145616 0.246099 0.235018 0.101126 0.131607 0.171867 0.181996 0.167670 
0.173164 0.158070 0.172462 0.164263 0.095350 0.121631 0.122995 0.061873 0.085962 0.000000 0.101532 0.093563 0.105662 0.173311 0.223002 0.271389 0.302687 0.295404 0.335467 0.311314 0.343221 0.304787 0.319300 0.285908 0.308314 0.270436 0.229338 0.290681 0.293760 0.317994 0.313475 0.275889 0.278735 0.356833 0.298874 0.357810 0.162263 0.161882 0.184506 0.163470 0.179359 0.178603 0.134022 0.142295 0.224338 0.180981 0.187103 0.200125 0.436263 0.349583 0.397652 0.469981 0.183732 0.364086 0.425384 0.330930 0.388696 0.342757 0.353287 0.396352 0.159780 0.120467 0.163826 0.147042 0.303295 0.312117 0.335291 0.289942 0.248379 0.269716 0.233284 0.195903 0.225635 0.567678 0.477990 0.239472 0.213308 0.201478 0.333483 0.218270 0.330805 0.189712 0.400834 0.604387 0.547421 0.228474 0.295566 0.381037 0.121964 0.161929 0.185812 0.162439 0.157251 0.147844 0.165319 0.174111 0.164705 0.170859 0.174598 0.174145 0.167542 0.163315 0.169863 0.177390 0.172523 0.119500 0.125608 0.139695 0.109431 0.154211 0.132950 0.128936 0.143006 0.180612 0.150457 0.147514 0.170920 0.165924 0.166876 0.182659 0.178843 0.161033 0.176093 0.175144 0.156565 0.164965 0.165007 0.195981 0.178435 0.152808 0.179224 0.182302 0.155331 0.174019 0.225985 0.120748 0.139489 0.239800 0.102364 0.201744 0.128209 0.169970 0.349096 0.143322 0.095888 0.101183 0.310251 0.110197 0.163418 0.258347 0.136268 0.138800 0.111496 0.121888 0.100788 0.116179 0.117378 0.134061 0.103567 0.139199 0.101187 0.131646 0.123510 0.148084 0.290014 0.328662 0.330661 0.344140 0.340106 0.367066 0.177431 0.243842 0.237926 0.256387 0.235696 0.198787 0.223794 0.247705 0.257666 0.143060 0.184431 0.171813 0.245617 0.171528 0.150168 0.191703 0.211260 0.184948 0.175095 0.168789 0.171208 0.206135 0.162018 0.172993 0.091055 0.191498 0.136406 0.162443 0.184533 0.173984 0.169618 0.243941 0.197708 0.102784 0.113175 0.082163 0.133897 0.190490 0.157001 0.194226 0.172285 0.120247 0.108867 0.139505 0.136004 0.193702 0.267999 0.129252 0.172388 0.152375 0.125331 0.125945 0.140769 0.159156 0.269752 0.173672 0.179985 0.209428 0.165746 0.166929 0.122575 0.180174 0.261655 0.228240 0.108960 0.143030 0.131037 0.166061 0.128722 
0.154679 0.144755 0.146984 0.158584 0.158415 0.152967 0.176385 0.064083 0.082825 0.101532 0.000000 0.152692 0.139886 0.230005 0.191695 0.306614 0.343919 0.337613 0.354396 0.355726 0.382787 0.338229 0.348259 0.314434 0.329585 0.306044 0.285947 0.320573 0.324630 0.353075 0.315968 0.289757 0.290126 0.374814 0.309119 0.372922 0.183830 0.169510 0.211215 0.175539 0.212236 0.221893 0.153115 0.164886 0.190042 0.174253 0.181964 0.186515 0.421714 0.339077 0.363359 0.434085 0.202562 0.341312 0.389900 0.339208 0.365493 0.305999 0.361048 0.358457 0.137408 0.134370 0.131714 0.119262 0.286871 0.286413 0.307126 0.274530 0.235072 0.235300 0.223247 0.178827 0.205617 0.532687 0.467011 0.240956 0.232635 0.232295 0.305651 0.263630 0.343608 0.183786 0.405040 0.611753 0.539671 0.244376 0.316568 0.376091 0.180680 0.170513 0.206317 0.175172 0.196584 0.204847 0.184434 0.190980 0.176714 0.185542 0.187386 0.180115 0.182661 0.168755 0.178693 0.161333 0.175569 0.143319 0.139928 0.158478 0.108414 0.184952 0.167396 0.164807 0.179015 0.203802 0.174025 0.178389 0.185065 0.200518 0.199785 0.217156 0.208634 0.177850 0.204990 0.200153 0.187626 0.188063 0.206544 0.219927 0.197720 0.189399 0.196418 0.209839 0.190362 0.204285 0.238783 0.135936 0.168834 0.229136 0.128861 0.186420 0.157224 0.187418 0.353841 0.185168 0.149830 0.169087 0.287846 0.146977 0.151423 0.267477 0.164399 0.159593 0.125783 0.108291 0.150048 0.094732 0.141060 0.146244 0.103590 0.155528 0.131037 0.141352 0.144995 0.140388 0.276613 0.311810 0.318426 0.327650 0.311553 0.350346 0.182575 0.214199 0.217920 0.247673 0.212911 0.190634 0.210005 0.234557 0.241068 0.156765 0.185934 0.195115 0.208034 0.198235 0.150221 0.203901 0.184774 0.148256 0.157855 0.160045 0.146879 0.186255 0.132900 0.168586 0.126181 0.170804 0.139235 0.166914 0.151882 0.138291 0.186656 0.223247 0.191719 0.104023 0.114810 0.086248 0.108808 0.202339 0.134940 0.146622 0.144461 0.115566 0.117891 0.127704 0.121460 0.213030 0.238358 0.137029 0.149515 0.159647 0.118999 0.133712 0.144143 0.171910 0.237785 0.151310 0.176444 0.186956 0.148689 0.172955 0.124605 0.140712 0.226761 0.231793 0.103488 0.140192 0.197476 0.202744 0.173074 
0.192443 0.165100 0.162532 0.166196 0.107419 0.097144 0.086458 0.108519 0.105135 0.093563 0.152692 0.000000 0.050514 0.196418 0.246464 0.210088 0.260638 0.244955 0.291783 0.255998 0.297007 0.248198 0.262316 0.236239 0.237611 0.224227 0.220133 0.258063 0.238952 0.256218 0.268950 0.211218 0.217981 0.301555 0.231822 0.296406 0.088164 0.109794 0.135152 0.107905 0.107050 0.105602 0.067861 0.085184 0.209496 0.154159 0.176497 0.166699 0.384732 0.307710 0.353926 0.441700 0.119535 0.322961 0.389486 0.295844 0.352852 0.324185 0.337500 0.362734 0.158892 0.115778 0.150842 0.129984 0.285748 0.274898 0.299259 0.286240 0.207031 0.234765 0.202782 0.156354 0.173430 0.587481 0.512670 0.263265 0.236914 0.226479 0.343603 0.224176 0.334917 0.207403 0.408441 0.644850 0.537904 0.257517 0.315453 0.400106 0.101313 0.131213 0.115732 0.111744 0.099377 0.101373 0.091560 0.108304 0.099610 0.100772 0.105509 0.111836 0.102844 0.130974 0.148403 0.182177 0.142186 0.083417 0.104287 0.112501 0.118702 0.145084 0.086764 0.084885 0.098311 0.148348 0.097123 0.086701 0.122754 0.113472 0.126043 0.128682 0.139103 0.114446 0.135740 0.128883 0.108751 0.113822 0.123279 0.144657 0.132472 0.108725 0.125509 0.122248 0.116196 0.128623 0.225791 0.104055 0.115608 0.241782 0.067977 0.186909 0.085084 0.130298 0.376694 0.114190 0.066799 0.085593 0.281363 0.090860 0.162565 0.278394 0.092926 0.125904 0.103682 0.130218 0.045865 0.120788 0.143742 0.118224 0.098292 0.107646 0.073702 0.104459 0.123345 0.169498 0.252940 0.299542 0.294876 0.302434 0.297146 0.329501 0.174866 0.229884 0.233980 0.254204 0.226780 0.176922 0.206508 0.229267 0.203694 0.142649 0.160890 0.185402 0.234085 0.165493 0.145067 0.155553 0.192332 0.186526 0.162102 0.140780 0.181072 0.189727 0.153545 0.145563 0.120411 0.184943 0.113203 0.160206 0.184843 0.154971 0.182400 0.211248 0.211742 0.165507 0.157619 0.116785 0.181319 0.186305 0.152301 0.188439 0.162075 0.142329 0.133913 0.133326 0.151281 0.199393 0.304835 0.134091 0.153996 0.157977 0.127377 0.137281 0.131411 0.182102 0.266582 0.174908 0.157889 0.225232 0.150366 0.134944 0.172710 0.212149 0.292929 0.247777 0.136029 0.151250 0.103174 0.159856 0.136846 
0.181815 0.163268 0.147723 0.171178 0.120459 0.093458 0.103490 0.107862 0.102103 0.105662 0.139886 0.050514 0.000000 0.201535 0.247836 0.217840 0.264648 0.255038 0.292621 0.271132 0.306530 0.251931 0.268832 0.237809 0.242492 0.236470 0.236356 0.263286 0.240879 0.266717 0.269182 0.226594 0.227215 0.311843 0.240800 0.310264 0.091879 0.091432 0.143448 0.098552 0.115656 0.121628 0.067451 0.080736 0.190837 0.150835 0.186782 0.158857 0.377790 0.309002 0.347183 0.435841 0.119243 0.316636 0.383641 0.308768 0.352816 0.315138 0.353102 0.349243 0.137757 0.128609 0.118454 0.098797 0.290093 0.270421 0.295401 0.301104 0.200816 0.231948 0.208860 0.140750 0.166310 0.574781 0.520115 0.271359 0.250965 0.241716 0.330500 0.238689 0.357639 0.211504 0.425474 0.659831 0.534615 0.268946 0.337435 0.412291 0.112089 0.106522 0.120557 0.098525 0.107079 0.114041 0.093621 0.105685 0.104617 0.100774 0.105465 0.102659 0.102321 0.108954 0.144087 0.187837 0.145199 0.082208 0.095391 0.121059 0.109336 0.152692 0.093754 0.084086 0.115031 0.153680 0.102274 0.095015 0.125626 0.122215 0.129175 0.142135 0.145733 0.123064 0.133907 0.135287 0.114832 0.122422 0.131234 0.159923 0.138946 0.121670 0.134189 0.129074 0.120066 0.136300 0.234845 0.101247 0.131439 0.237635 0.046818 0.179848 0.062047 0.098049 0.395277 0.105395 0.076512 0.108547 0.265026 0.101164 0.150678 0.275163 0.081041 0.116957 0.099880 0.109062 0.057769 0.097244 0.144279 0.090492 0.076926 0.077164 0.060603 0.084724 0.108902 0.162365 0.258734 0.301984 0.302273 0.309178 0.299012 0.334733 0.180102 0.215775 0.221434 0.258253 0.214425 0.180412 0.202757 0.229692 0.199402 0.138489 0.149505 0.192869 0.228744 0.183238 0.147847 0.170157 0.187988 0.185203 0.151375 0.143222 0.163360 0.193249 0.141415 0.149328 0.130029 0.176957 0.119339 0.156941 0.176849 0.152935 0.190459 0.199047 0.213970 0.166971 0.158612 0.098662 0.174613 0.187261 0.146064 0.179099 0.146058 0.120812 0.132084 0.111911 0.138967 0.213297 0.291914 0.127858 0.131003 0.149560 0.123370 0.133896 0.121660 0.183185 0.268117 0.178562 0.148216 0.217983 0.147519 0.123958 0.169946 0.200175 0.280820 0.260918 0.143023 0.154416 0.119732 0.162348 0.141439 
0.274288 0.270196 0.256262 0.254956 0.159320 0.183239 0.185604 0.204675 0.217893 0.173311 0.230005 0.196418 0.201535 0.000000 0.256266 0.281557 0.322249 0.297961 0.361450 0.295543 0.338359 0.297996 0.363969 0.306270 0.325432 0.285030 0.180143 0.319691 0.316478 0.335203 0.360207 0.325091 0.323031 0.398540 0.330868 0.395726 0.225514 0.242706 0.272951 0.231001 0.237982 0.240405 0.236755 0.235971 0.286376 0.263426 0.242424 0.255527 0.466123 0.392510 0.446770 0.531084 0.248501 0.394530 0.470045 0.383038 0.425709 0.395759 0.390406 0.427944 0.269498 0.245761 0.253617 0.253688 0.371768 0.357592 0.382690 0.363685 0.300965 0.330075 0.315360 0.267133 0.283759 0.629322 0.471444 0.312412 0.225574 0.260222 0.390383 0.182932 0.258884 0.226518 0.442540 0.584976 0.596049 0.231110 0.279670 0.414524 0.180418 0.232524 0.235566 0.235417 0.179554 0.164063 0.219844 0.258879 0.242611 0.239896 0.252989 0.248661 0.247527 0.251154 0.264301 0.256456 0.245037 0.213083 0.206696 0.232154 0.216186 0.209911 0.246824 0.235663 0.243081 0.310684 0.277244 0.258121 0.280431 0.280625 0.286365 0.293179 0.297983 0.277664 0.282399 0.293179 0.280768 0.275250 0.301355 0.305770 0.286206 0.246836 0.278019 0.286326 0.269639 0.290530 0.230507 0.230560 0.183985 0.271518 0.203779 0.256965 0.228955 0.252140 0.359989 0.253716 0.184791 0.172318 0.343577 0.177575 0.247509 0.285201 0.233063 0.270796 0.210253 0.250174 0.216956 0.229822 0.223128 0.204548 0.210532 0.221692 0.184529 0.226081 0.245455 0.246081 0.341259 0.382806 0.386428 0.391914 0.390742 0.424719 0.240297 0.306806 0.298865 0.330916 0.286350 0.277113 0.292311 0.310614 0.303436 0.249857 0.272957 0.283683 0.306728 0.237673 0.239909 0.249044 0.276222 0.269525 0.247156 0.251727 0.272851 0.254419 0.250362 0.269857 0.192530 0.275012 0.237373 0.253652 0.268412 0.243719 0.250707 0.307689 0.305791 0.230510 0.200766 0.215522 0.256231 0.264449 0.285642 0.315027 0.275664 0.263093 0.253760 0.259959 0.283310 0.173610 0.292092 0.265691 0.255401 0.241582 0.214672 0.189211 0.225676 0.144648 0.311121 0.236548 0.277197 0.303556 0.303077 0.267700 0.238625 0.262476 0.299510 0.271917 0.222008 0.241521 0.152788 0.192990 0.147810 
0.279494 0.259980 0.261483 0.191444 0.244318 0.242036 0.255836 0.178305 0.184429 0.223002 0.191695 0.246464 0.247836 0.256266 0.000000 0.356387 0.391502 0.384610 0.408980 0.397152 0.425238 0.386960 0.401391 0.368119 0.383022 0.353021 0.324842 0.387412 0.375819 0.397881 0.380690 0.344570 0.341651 0.414691 0.358580 0.413875 0.278058 0.276520 0.303641 0.277244 0.291081 0.297699 0.272585 0.266796 0.230483 0.236442 0.213057 0.195238 0.479536 0.358087 0.408093 0.466853 0.293378 0.351643 0.403430 0.395183 0.382192 0.342655 0.370132 0.369585 0.278203 0.264791 0.252992 0.254419 0.237643 0.286002 0.314874 0.179599 0.304549 0.273437 0.282677 0.284907 0.304691 0.535265 0.403436 0.277277 0.167980 0.209243 0.320661 0.289290 0.329832 0.219697 0.360308 0.445625 0.588856 0.194048 0.225524 0.352129 0.268843 0.263997 0.292814 0.275752 0.284864 0.280879 0.281564 0.295034 0.269802 0.280750 0.291565 0.284298 0.285598 0.286704 0.279943 0.190073 0.252077 0.247006 0.257313 0.256412 0.241190 0.284728 0.287658 0.285447 0.306969 0.332329 0.301612 0.290493 0.303655 0.310395 0.316612 0.317112 0.327469 0.312974 0.313932 0.329393 0.313342 0.299001 0.324331 0.327171 0.311391 0.283398 0.310074 0.311289 0.306895 0.313822 0.228911 0.230079 0.220010 0.273077 0.246834 0.257898 0.262055 0.295122 0.307846 0.283659 0.244669 0.249993 0.326011 0.223963 0.255615 0.256213 0.264052 0.293260 0.208871 0.228338 0.251423 0.236095 0.241427 0.247153 0.221359 0.261292 0.232038 0.245170 0.270790 0.247298 0.269200 0.300269 0.312345 0.328729 0.324695 0.365283 0.224948 0.252156 0.211005 0.226159 0.212497 0.172162 0.227496 0.209941 0.312716 0.224418 0.264769 0.284102 0.229916 0.285000 0.222441 0.287567 0.238120 0.249597 0.244871 0.249433 0.248388 0.249416 0.236217 0.264711 0.230985 0.268862 0.235642 0.256400 0.238659 0.236192 0.219663 0.274502 0.204806 0.232586 0.166325 0.225950 0.158920 0.320506 0.251102 0.274309 0.281686 0.203651 0.206149 0.228359 0.242261 0.219264 0.187263 0.259760 0.241386 0.195861 0.225478 0.234658 0.187846 0.197347 0.204287 0.147195 0.309121 0.255216 0.305150 0.277639 0.160300 0.162806 0.245312 0.254243 0.187898 0.214652 0.257424 0.222969 0.211754 
0.318101 0.305990 0.294424 0.303912 0.245659 0.203477 0.207301 0.283183 0.271477 0.271389 0.306614 0.210088 0.217840 0.281557 0.356387 0.000000 0.164059 0.099715 0.172317 0.106402 0.137906 0.114599 0.198390 0.131011 0.086513 0.084728 0.151713 0.133238 0.096849 0.131601 0.149515 0.142290 0.103788 0.185066 0.139460 0.175828 0.182173 0.176947 0.142217 0.173030 0.208308 0.209480 0.221688 0.231545 0.264069 0.255399 0.243469 0.228567 0.389678 0.304365 0.341193 0.422913 0.170472 0.303661 0.377923 0.303738 0.327340 0.309088 0.360556 0.333042 0.304203 0.277417 0.296713 0.282087 0.287136 0.272079 0.328751 0.309945 0.272638 0.292706 0.282498 0.243326 0.263687 0.664186 0.553019 0.373940 0.302828 0.355859 0.443231 0.272275 0.400202 0.290522 0.494687 0.728998 0.623472 0.339118 0.364739 0.462459 0.234345 0.201921 0.165842 0.184398 0.162771 0.181533 0.166253 0.187277 0.167270 0.182436 0.200631 0.195960 0.202360 0.176490 0.255545 0.249919 0.258716 0.229101 0.229613 0.229057 0.276668 0.236971 0.204591 0.199096 0.198800 0.263964 0.216893 0.231581 0.220658 0.253134 0.241057 0.233745 0.257618 0.259898 0.224838 0.248116 0.246366 0.204028 0.242843 0.263832 0.221888 0.217990 0.234315 0.220705 0.257900 0.252842 0.307820 0.255429 0.236586 0.313689 0.217402 0.283168 0.234365 0.263570 0.445016 0.268706 0.212294 0.207033 0.346330 0.218512 0.297149 0.364205 0.242406 0.279602 0.271423 0.293525 0.210037 0.281383 0.297238 0.285067 0.254094 0.248012 0.217309 0.265207 0.285011 0.331924 0.297548 0.327269 0.347919 0.333056 0.324468 0.378366 0.303835 0.356451 0.280622 0.315625 0.285690 0.300148 0.287411 0.295346 0.245537 0.283874 0.297563 0.324306 0.329793 0.272082 0.291552 0.258616 0.303729 0.301606 0.292046 0.270626 0.283101 0.299303 0.273405 0.283532 0.285923 0.306593 0.260321 0.279781 0.299078 0.283107 0.317472 0.341265 0.351505 0.319367 0.316239 0.294624 0.336288 0.265745 0.318653 0.318665 0.301269 0.309821 0.308714 0.292012 0.313404 0.296863 0.382945 0.308021 0.315600 0.270169 0.265272 0.250185 0.257443 0.282585 0.360454 0.293744 0.221328 0.335004 0.236608 0.213735 0.343327 0.367915 0.407403 0.353324 0.304529 0.307067 0.201042 0.209288 0.243673 
0.333447 0.347814 0.334614 0.336705 0.278066 0.264936 0.251296 0.315151 0.312851 0.302687 0.343919 0.260638 0.264648 0.322249 0.391502 0.164059 0.000000 0.113247 0.110174 0.156309 0.120091 0.090815 0.120916 0.075080 0.139082 0.123163 0.204634 0.115538 0.101882 0.093910 0.265273 0.269236 0.237594 0.297157 0.289989 0.302825 0.235101 0.232343 0.255843 0.254960 0.236579 0.245342 0.286335 0.289604 0.277075 0.308828 0.297454 0.283742 0.414277 0.337633 0.373347 0.471340 0.242900 0.340493 0.413795 0.340440 0.386274 0.350548 0.414283 0.392214 0.338031 0.304680 0.330294 0.313517 0.325473 0.308941 0.364537 0.332587 0.316131 0.336723 0.329987 0.297450 0.321112 0.674182 0.553034 0.402676 0.326810 0.386104 0.468036 0.266862 0.392846 0.329829 0.514921 0.734092 0.635028 0.365766 0.383388 0.486724 0.268042 0.220596 0.214410 0.239832 0.219812 0.240805 0.233097 0.261757 0.227467 0.246454 0.277297 0.232373 0.270066 0.219351 0.310940 0.320386 0.296509 0.262421 0.277366 0.255359 0.315948 0.247973 0.262154 0.233702 0.236898 0.343788 0.274431 0.289282 0.302697 0.302013 0.313483 0.310096 0.318872 0.304778 0.279542 0.301600 0.291681 0.287654 0.305479 0.330745 0.297913 0.283446 0.304298 0.299099 0.298383 0.293918 0.342788 0.283753 0.279192 0.352603 0.263007 0.320141 0.287651 0.316526 0.456701 0.296832 0.255105 0.251872 0.375734 0.278798 0.329768 0.389833 0.288231 0.299967 0.303093 0.328076 0.260374 0.320743 0.326254 0.334901 0.292224 0.291297 0.265405 0.314293 0.318498 0.359824 0.349542 0.383746 0.364252 0.370756 0.363440 0.424796 0.329410 0.385649 0.334477 0.373161 0.341489 0.348334 0.337633 0.359758 0.277469 0.314510 0.336323 0.336806 0.371785 0.292996 0.321488 0.295898 0.341733 0.346213 0.342961 0.317292 0.331202 0.348527 0.316612 0.335835 0.321684 0.341406 0.303422 0.329795 0.341498 0.327893 0.349432 0.375240 0.385426 0.343271 0.347086 0.334858 0.367483 0.300327 0.358789 0.359875 0.342551 0.345235 0.341439 0.325472 0.345559 0.327059 0.408125 0.339977 0.350026 0.307308 0.302454 0.286847 0.298215 0.324713 0.395017 0.335700 0.257516 0.369590 0.280241 0.274217 0.374890 0.399795 0.437159 0.375749 0.336471 0.337370 0.238011 0.271919 0.282774 
0.333953 0.339094 0.327668 0.332108 0.273749 0.243060 0.240200 0.311463 0.304898 0.295404 0.337613 0.244955 0.255038 0.297961 0.384610 0.099715 0.113247 0.000000 0.170099 0.098088 0.086155 0.093030 0.180133 0.116717 0.104478 0.083351 0.144294 0.078552 0.084640 0.118904 0.231103 0.216293 0.181976 0.257944 0.218666 0.245329 0.234989 0.217797 0.189431 0.225208 0.222579 0.234045 0.270009 0.272866 0.279781 0.296721 0.267269 0.275796 0.417153 0.335169 0.372921 0.467736 0.229315 0.334180 0.410928 0.337655 0.356505 0.341361 0.393680 0.366784 0.340822 0.310892 0.331530 0.312530 0.324339 0.306380 0.364998 0.337187 0.306617 0.328002 0.317143 0.273577 0.300847 0.682186 0.568922 0.401434 0.331257 0.378704 0.470037 0.277158 0.405524 0.320175 0.519634 0.738371 0.641025 0.364246 0.383221 0.485545 0.237692 0.213856 0.203954 0.215405 0.198654 0.220223 0.207770 0.237699 0.206337 0.224276 0.246785 0.242154 0.247995 0.220792 0.293086 0.286370 0.291240 0.260084 0.262077 0.263918 0.310479 0.249360 0.250763 0.247596 0.245633 0.315467 0.266838 0.276148 0.268833 0.300262 0.293690 0.283281 0.315085 0.312195 0.267022 0.301544 0.292956 0.255937 0.282033 0.312495 0.274592 0.266024 0.290172 0.272794 0.304302 0.296141 0.336601 0.282943 0.270866 0.341014 0.258775 0.313608 0.271576 0.305413 0.466046 0.270441 0.247024 0.240631 0.356100 0.255914 0.326978 0.375668 0.278900 0.299405 0.298390 0.323432 0.243972 0.317187 0.327623 0.323895 0.291418 0.284105 0.251601 0.300627 0.319250 0.358681 0.338197 0.365189 0.373731 0.376637 0.364745 0.415276 0.332518 0.393898 0.312468 0.353926 0.320012 0.331011 0.315843 0.329066 0.278213 0.315199 0.326455 0.332599 0.364114 0.289571 0.323069 0.272873 0.337411 0.331669 0.326997 0.303038 0.311650 0.334133 0.312214 0.315480 0.318709 0.336366 0.293696 0.316150 0.334483 0.320046 0.342006 0.376363 0.384090 0.356054 0.346555 0.326046 0.363025 0.296673 0.349243 0.358488 0.339671 0.339975 0.336835 0.325896 0.341415 0.318043 0.413060 0.335870 0.348823 0.290314 0.301717 0.284962 0.295433 0.303554 0.389984 0.323964 0.253820 0.364356 0.278446 0.256941 0.370079 0.394351 0.436293 0.381020 0.331396 0.336599 0.235445 0.246170 0.278174 
