239 239
0.000000 1.496585 1.177987 2.453640 2.918738 2.560335 2.673197 2.692196 2.725409 2.670300 2.018962 3.307737 3.134968 2.891882 2.823115 3.736095 3.554445 3.813889 3.686954 4.057325 3.802624 4.150022 4.192929 3.503450 4.013839 3.539448 3.608156 3.065435 3.677856 4.271932 3.413079 3.641199 3.665557 4.035595 3.862737 4.163150 2.594338 3.032150 3.573746 2.731584 2.824359 3.113979 2.990082 3.412652 2.103395 2.563638 2.609958 2.634347 4.268848 3.930178 3.480400 3.915947 2.378178 3.345906 3.355911 3.898016 3.721041 3.500553 3.949541 3.560775 1.943717 2.190674 2.289780 2.505541 3.078017 2.603028 2.985441 3.506946 2.116426 2.601094 2.766107 1.606388 2.009488 4.197795 4.563764 2.818110 3.301933 3.343553 2.723423 3.461268 3.459700 3.120528 3.969273 5.707093 4.160828 2.899491 3.793628 3.801631 2.663980 2.690497 3.314996 3.257482 2.626152 3.298381 2.802432 3.124790 2.929142 3.511706 3.717677 2.802393 3.820367 2.533627 1.994648 2.888945 1.903176 1.926863 1.770751 1.857048 1.361678 1.787214 2.911027 3.027973 2.568143 3.242289 2.677054 3.186317 3.286168 3.405187 2.893524 3.306459 3.048605 3.206311 2.718117 3.297308 3.167009 2.584920 3.449173 3.028052 2.865038 2.658765 2.709723 3.311450 3.031866 3.196532 3.230075 2.832378 2.633911 2.353992 2.758751 2.486139 4.372228 4.844705 3.531689 4.423241 2.970636 2.901247 3.045336 2.668448 2.439514 3.517350 4.452475 3.630378 2.489326 2.248096 2.992569 2.038321 3.038962 3.538944 2.001993 3.489706 2.658069 3.071690 3.500283 2.301283 2.798135 3.328751 3.053588 3.089013 2.825629 3.353409 1.889792 2.456773 2.136786 2.526627 2.254611 2.453400 2.373922 2.637015 2.304888 1.837690 2.457032 2.037346 2.139734 1.795572 2.012793 2.172387 1.780357 1.521608 1.873392 1.791082 2.390089 2.065008 1.464023 2.188811 2.925017 1.879098 1.713411 2.268486 1.402572 1.436821 1.869875 2.205748 2.114206 3.052562 2.389836 1.910058 2.264481 1.837882 1.611645 1.758110 1.448035 2.646776 2.673592 2.640448 2.629281 2.980391 2.952739 2.262514 2.802599 2.519338 1.525901 1.389544 2.106909 2.779377 2.784486 2.792117 1.486228 2.265478 1.564866 2.414676 2.996191 1.920397 2.320067 2.628528 2.401445 1.905146 2.706177 3.004752 2.890469 
1.496585 0.000000 1.121846 2.114210 2.621503 2.304978 2.175518 2.033959 2.176523 2.105349 1.883949 2.654810 2.672099 2.554811 2.425470 3.600555 4.180388 4.073910 3.608233 3.921785 4.262938 3.810279 3.722548 3.414318 3.645993 3.328441 3.443280 3.796475 3.802226 3.963978 3.508461 3.453845 3.447858 4.159122 3.507637 4.297071 2.312637 2.759027 2.692301 2.796313 3.010720 3.020771 2.469203 3.082107 2.815560 1.584991 2.545876 2.306626 3.800032 3.552909 2.890882 3.635486 2.355131 3.300213 3.153251 3.000002 3.627464 3.427252 3.387390 3.358103 2.276550 2.389563 2.017526 2.589513 2.680677 2.407966 2.611088 2.777617 2.012037 2.045509 1.783312 1.630315 1.844009 3.992143 4.206389 2.840943 2.879879 2.933659 2.549488 3.151199 3.060769 2.713855 3.605539 5.310687 3.458403 2.951128 3.102419 3.414663 2.991564 2.907740 2.591065 2.695274 2.590996 2.805955 2.487034 2.570245 2.436716 3.243822 3.531656 3.088011 3.024337 2.837079 1.207717 2.171528 1.417567 1.606740 1.431544 1.689375 1.261734 1.564439 2.583802 2.905154 2.622889 2.947086 2.568261 2.489621 2.903810 3.022830 1.885431 2.599812 3.153797 3.255772 2.244088 3.346769 3.112372 2.202563 2.929453 2.516320 2.572174 2.379067 2.239296 2.927914 2.904690 2.758669 3.016168 2.615823 2.200798 2.278587 2.608854 2.148235 3.930044 4.624510 3.201103 4.270035 2.588279 2.303064 3.228756 2.279471 2.343853 3.176537 4.106387 4.197503 1.986406 1.726804 2.606575 1.937801 2.973553 3.264695 1.926738 3.431673 2.651125 2.847351 3.388651 1.818101 2.329072 2.739847 2.731892 2.849846 2.705522 2.584799 1.453552 2.243080 1.559023 1.764538 2.075187 1.760531 1.755509 1.855823 1.625050 1.552679 2.122259 1.885457 1.560865 1.661106 1.706411 1.936727 1.680260 1.029567 1.563987 1.585048 2.208784 1.731131 1.303715 1.365096 2.542660 2.027705 0.914490 1.341618 1.004448 1.373577 1.589650 1.952232 1.512958 3.148054 2.078919 1.936887 2.287980 2.100076 1.462252 2.077587 1.593525 1.737052 1.630793 2.309904 1.954024 2.561583 2.951276 2.028848 2.596228 1.891517 1.352052 1.404770 1.830399 2.536680 2.569702 2.343018 1.488917 1.776982 1.689696 2.163854 2.237099 1.744604 2.225231 2.403633 1.673684 1.682312 2.476726 2.482402 2.216473 
1.177987 1.121846 0.000000 2.064260 2.456030 1.842445 1.893920 2.150702 2.165397 2.497976 1.759820 2.441527 2.318364 2.017528 2.001013 3.131643 3.647267 3.604997 3.325113 3.452872 3.794026 3.396100 3.454080 2.893345 3.265098 2.859528 2.974367 3.577562 3.405799 3.512828 3.230522 2.984933 2.978946 3.690210 3.038725 3.828158 1.844936 2.229873 2.585134 1.988903 2.534470 2.703727 2.311696 2.647071 2.446217 1.945682 2.210700 1.861243 3.292625 3.083996 2.574871 3.524843 1.773647 2.522665 2.536013 2.998545 2.878890 2.770986 3.050315 2.714958 1.787857 1.966366 1.574186 1.824400 2.703629 1.879836 2.142175 2.669651 1.333870 1.720229 1.937224 1.005228 1.149823 3.871744 4.108179 2.577053 2.596758 2.929846 2.366819 2.707897 2.711289 2.327657 3.283261 4.912921 3.292891 2.715067 3.076738 3.282291 2.348943 2.367282 2.295296 2.268870 1.854838 2.345249 1.865634 2.159144 1.976010 2.657019 2.927497 2.277283 2.800667 2.384459 1.398565 2.069632 1.275776 1.093968 0.995193 1.291541 0.912989 1.358241 2.487914 2.547041 2.533322 2.996121 2.516362 2.394822 2.811241 2.930261 2.456643 2.566746 3.053022 3.163203 2.255401 3.254200 3.004259 2.109994 3.177109 2.575699 2.483624 2.188414 2.154102 2.604908 2.806940 2.670052 2.483047 2.430787 1.817812 1.499211 2.315710 1.703632 3.602256 4.042856 3.103536 4.178793 2.168787 2.067183 2.425365 1.773391 2.263864 2.820974 3.671351 4.089390 1.620908 1.774756 2.191509 1.813394 2.795854 2.737095 1.501957 2.741911 1.945819 2.230686 3.280538 1.921468 1.875704 2.627660 2.335464 2.396478 2.241524 2.412488 1.202097 1.833728 1.487261 2.017523 1.736443 1.603792 1.529364 1.766681 1.379511 1.451904 1.703662 2.092764 1.546908 1.711888 1.317836 1.852430 1.325052 1.095968 1.274383 1.220884 1.647481 1.286668 1.007800 1.578614 2.373168 1.685804 0.998408 1.459105 1.050271 0.793691 1.262833 1.607038 1.901490 3.040646 1.743688 1.793404 2.187204 1.853600 1.645851 2.128512 1.252024 1.855282 2.122532 1.951791 2.260864 2.140888 2.011155 2.291705 2.182505 2.171266 0.966279 1.109188 1.414925 1.960600 1.950165 1.999246 1.406890 1.770488 1.580043 1.754715 2.585288 1.529805 1.775942 2.030200 1.640216 1.254613 2.014194 2.175613 2.035423 
2.453640 2.114210 2.064260 0.000000 1.324339 1.358493 0.784807 1.059717 1.311319 1.460384 1.845311 1.615480 1.881761 1.552846 1.175628 2.454257 2.596003 2.823898 2.636081 2.596202 2.843387 2.696775 2.242603 2.297249 2.588482 2.109521 2.209475 2.752255 2.540161 2.525806 2.418173 2.123333 2.257995 2.609201 2.332278 2.801204 1.868188 1.999780 1.827404 2.334817 1.999989 1.683534 2.074239 2.153135 1.841419 1.369269 1.192499 1.460062 4.137340 2.650911 3.465148 4.162606 1.821770 3.617553 3.395626 2.924613 4.065881 2.961105 3.676542 3.727337 2.004746 1.719363 1.741135 2.216774 2.059643 2.460151 2.147896 2.351519 1.853063 1.646312 1.230966 2.318935 2.332098 2.892074 3.401706 1.235335 1.554630 1.246179 1.504501 1.409720 2.075959 1.444449 2.525541 3.742856 3.108274 1.463651 2.039701 2.451185 2.587353 1.964410 2.053185 2.237705 2.200512 2.102523 2.119533 2.394638 1.766271 2.579360 2.913815 2.548229 2.584072 2.065899 2.032183 1.727964 1.579784 1.692262 2.181755 1.482444 2.082174 1.108107 1.345824 1.821252 1.665476 1.866241 1.474891 1.550984 1.897628 1.834830 1.392179 1.551087 2.091884 2.249590 1.028014 2.340587 2.028470 1.498674 1.792366 1.409689 1.353149 1.014138 1.829022 1.746247 1.711509 1.732196 1.698911 1.464764 1.678219 2.049013 1.810960 1.678262 2.798533 3.906300 2.120650 3.231335 1.323356 1.211059 2.664239 1.979022 1.696268 1.702449 2.782326 2.843700 1.286672 1.571942 1.363888 2.188354 1.952764 2.691536 1.651232 3.039045 2.045653 2.685663 2.524976 1.079691 2.025477 2.974311 2.315493 2.518262 3.001306 2.622509 1.193489 1.432678 1.530365 1.757539 1.795836 1.378017 1.292142 1.732402 1.783916 1.304520 1.762353 1.374123 2.012289 1.090321 1.086080 1.856923 1.632578 1.656025 1.971319 1.781513 1.771785 1.935460 2.116527 2.136051 1.985097 1.854667 1.736238 1.543883 1.652352 2.208872 1.746144 1.646326 1.389872 2.607072 1.412821 2.302154 1.547388 2.311613 1.947552 2.517777 1.975959 2.109459 1.957892 2.345087 2.220622 1.442427 2.555523 2.564577 3.207077 1.654703 2.047164 1.983612 1.077236 1.554835 1.698510 0.896691 1.536640 1.210794 1.902018 1.356902 1.524784 1.821672 2.249068 1.788709 1.164300 1.411216 1.155566 1.242007 1.011798 
2.918738 2.621503 2.456030 1.324339 0.000000 0.884331 1.216330 1.172367 1.494550 1.637946 2.365345 1.935465 1.911353 1.829980 1.754234 2.881863 3.074268 3.339559 3.135795 3.114215 3.440952 3.292774 3.129356 2.867144 3.210645 2.888193 2.902549 3.436476 3.189183 3.198467 2.835603 2.569233 2.646146 3.111788 2.875484 3.478287 2.022283 1.562901 2.398385 2.247048 2.310252 2.241042 2.277993 1.176448 2.319202 2.137182 1.988566 1.773359 5.158537 3.489741 4.460439 5.106881 1.988800 4.503442 4.163129 3.930267 5.087079 3.678534 4.671833 4.650147 1.706143 1.242241 1.530695 2.395027 3.128948 3.193596 2.779282 3.299761 2.572858 2.662329 2.274140 2.961494 3.091636 3.941083 4.264925 1.974282 2.401405 1.840836 2.327430 1.994281 3.223040 2.577779 3.561504 4.797290 4.216854 1.926768 2.924460 3.339680 2.981645 1.730580 2.393564 2.468300 2.313080 2.060505 2.302830 2.729206 1.846401 2.789733 3.305378 2.372453 2.918640 1.817935 2.869989 2.510566 2.329877 1.988575 2.722998 1.869355 2.106048 1.804615 1.075046 1.634297 1.326531 2.069901 1.599385 1.738041 1.265461 1.649479 1.566429 1.824564 1.447086 1.807359 1.174415 1.673053 1.058277 1.358486 1.913021 1.683871 1.161370 0.817497 1.549363 1.194419 1.262016 1.814761 2.186153 1.583250 1.667391 2.948085 1.392686 2.580760 2.920220 2.658884 3.044440 3.672731 1.232431 1.510336 3.424797 2.109428 1.825742 2.434217 2.394559 2.014484 1.643277 2.062021 1.170253 1.798070 1.824023 2.231789 1.996035 2.308935 2.046795 2.673257 1.565311 1.472456 2.896552 3.964421 3.363387 3.182976 3.873808 3.597075 2.070469 1.803922 2.484044 2.702705 2.367704 2.088311 2.410068 2.694553 2.755911 1.464997 1.946818 2.200693 2.920294 2.127860 1.516914 2.894462 2.324416 2.400475 2.711728 2.311664 1.727422 2.847296 2.265743 2.898537 0.969220 1.660768 2.349165 2.404727 2.523562 2.433482 2.512869 2.009381 2.235060 1.911631 1.027509 2.587644 1.852724 2.761664 2.071111 2.731438 1.894087 2.340321 2.455547 1.944812 2.794432 2.451103 2.781908 3.134871 2.857819 2.533451 2.269650 2.194742 1.195593 1.895070 2.502072 1.892046 2.304617 2.117216 2.448567 1.038929 1.797039 2.176262 2.981284 2.561247 1.570205 1.510843 1.431122 2.109604 1.680254 
2.560335 2.304978 1.842445 1.358493 0.884331 0.000000 0.949358 1.339543 1.615228 1.797702 2.131584 1.599400 1.260913 1.246123 1.470754 2.401346 2.898896 3.085207 3.191868 2.741807 3.147522 2.807076 2.865055 2.502183 2.676074 2.712821 2.619069 3.294888 2.852553 2.928985 2.624710 2.304932 2.327791 2.847487 2.394967 3.213986 1.329550 1.111132 2.098992 1.544535 1.841362 1.965179 1.995368 1.432325 2.015452 1.869163 1.805641 1.386993 4.604787 2.990044 3.960743 4.803130 1.311029 3.949691 3.717487 3.538678 4.533328 3.449107 4.172136 4.096396 1.332395 1.757330 0.877627 1.722453 3.041414 2.856062 2.441748 3.124388 2.289378 2.324794 2.192885 2.171273 2.337744 4.015710 4.177391 2.048910 2.226033 1.733645 2.220240 1.754906 2.889379 1.886315 3.321960 4.621918 4.065012 2.062047 2.913793 3.252146 2.373242 1.305669 1.936776 1.834972 1.694130 1.657772 1.669502 2.026694 1.379665 2.092402 2.608046 1.766838 2.216128 1.395529 2.316239 2.167850 1.913451 1.468625 1.932777 1.639331 1.813052 1.879243 1.170799 1.480050 1.384156 2.160473 1.695138 1.326206 1.518735 1.740050 1.398907 1.684695 1.781005 1.947486 1.336583 1.961694 1.706572 1.395003 2.008774 1.832355 1.229624 0.888933 1.385675 1.024973 1.377735 1.905332 1.558692 1.586113 1.276676 2.394334 1.252812 1.845191 2.367938 2.648259 3.166126 3.343909 1.073002 1.407570 2.689228 1.565036 1.722094 2.008982 2.133548 2.609884 1.572777 1.848668 0.915545 1.503262 1.893212 1.864433 1.479343 1.936522 1.531114 2.042560 2.193803 1.510412 2.715999 3.734994 3.133960 3.002423 3.590328 3.308413 1.605171 1.446731 2.342456 2.772152 2.198245 1.895826 2.234696 2.459946 2.256215 1.680071 1.734774 2.440027 2.474652 2.148434 1.463159 2.212947 2.143863 2.415867 2.025032 1.936151 1.977330 2.268708 1.834295 2.501108 1.752502 2.070661 2.011033 1.905031 2.327920 1.638080 2.332316 1.707824 2.469212 2.352808 1.128547 2.212128 2.072498 2.720575 2.187242 2.819574 1.713171 1.979894 2.640228 2.025278 2.973932 2.093912 2.344426 3.137734 2.824995 1.851937 1.534756 1.670221 0.865784 1.207224 2.218591 1.534856 2.217083 2.083736 2.515601 0.911552 1.834995 1.910164 2.353824 2.454057 1.262775 1.298093 0.947501 1.374035 1.101666 
2.673197 2.175518 1.893920 0.784807 1.216330 0.949358 0.000000 0.946401 1.118252 1.369976 2.019577 1.093421 1.451302 1.658270 1.291414 2.553503 2.841323 3.011784 3.162149 2.766625 3.088707 2.802199 2.394297 2.629444 2.652995 2.153469 2.446339 3.206173 2.733331 2.618508 2.814774 2.136523 2.238644 2.841800 2.460586 3.033803 1.591407 1.872934 1.639831 2.058036 1.865549 1.497221 1.921821 1.887471 2.513868 1.693157 1.389545 1.569718 4.465216 2.936953 3.767118 4.663560 1.626876 4.002428 3.723507 3.236946 4.393758 3.387107 3.978512 4.029311 2.047343 2.016316 1.455584 2.024061 2.685627 2.741399 2.444689 2.552386 2.111416 1.969008 1.364603 2.111058 2.265348 3.486672 4.031874 1.906954 1.660847 1.469827 1.963213 1.565073 2.247929 1.638475 2.564883 4.049915 3.415425 2.151576 2.014922 2.931649 2.463190 1.953912 1.911662 1.994370 2.053811 1.955822 1.928012 2.123034 1.499270 2.390662 2.699206 2.286992 2.312468 2.183871 2.176668 1.817245 1.454737 1.546237 1.917680 1.426471 2.228441 1.529410 1.256060 1.383743 1.628379 1.626918 1.436144 1.031179 1.658306 1.595507 1.339108 1.011956 1.868105 2.010267 0.971267 2.101264 1.840961 1.253793 1.698117 1.121967 1.210950 0.925771 1.654730 1.183214 1.472186 1.379207 1.700001 1.327062 1.176039 2.350178 1.855114 1.705620 2.400506 3.432911 2.515080 2.668525 0.834033 0.852606 2.730131 1.644373 1.818752 1.672207 2.306579 2.744273 1.165744 1.501463 0.947494 2.199862 1.909557 2.388791 1.781114 2.659774 1.780962 2.098608 2.406482 1.185043 2.301544 3.271100 2.731456 2.794329 3.287736 2.903754 1.195330 1.599939 2.048120 2.259384 2.006106 1.159117 1.608639 2.001232 2.062590 1.248128 1.334724 1.793651 2.226973 1.684539 0.965381 2.019323 1.667838 1.957154 1.836589 1.535618 2.023659 2.026891 2.013545 1.804517 1.758495 2.409296 1.653180 1.711406 2.080241 1.856714 1.945288 1.512275 1.580729 2.396014 1.033235 2.286475 1.551917 2.874423 2.046761 2.753651 2.194799 1.734968 1.793346 1.955317 2.246765 1.489305 2.945256 2.414578 2.790666 1.658312 1.808672 2.072043 1.013207 1.623195 2.103787 1.051098 2.106416 1.673895 2.054030 1.228512 1.294195 1.729447 2.468143 2.252602 0.638348 1.104277 0.941767 1.412339 1.008585 
2.692196 2.033959 2.150702 1.059717 1.172367 1.339543 0.946401 0.000000 0.696516 0.536016 1.416975 1.266504 1.421198 1.984975 1.746079 2.992737 3.178390 3.348851 3.402040 3.205859 3.492958 3.202461 2.844460 3.129699 3.092229 2.797138 2.906968 3.456427 3.086300 3.096252 3.151651 2.575757 2.677878 3.281034 2.899820 3.473037 1.833455 1.841057 1.947569 2.124044 2.123141 1.940001 1.648294 1.677028 2.640912 1.823433 1.811615 2.068563 4.879672 3.437207 4.181574 4.859820 1.882143 4.502683 4.223761 3.651401 4.884397 3.764151 4.392968 4.529566 1.755849 1.693740 1.590623 1.974913 2.850083 3.241654 2.944943 2.966841 2.589111 2.395298 1.941220 2.576334 2.926279 3.622032 3.851225 2.033997 1.884314 1.617552 2.249206 1.946228 2.984055 2.299903 3.355063 4.548690 3.883935 2.278620 2.591540 3.153270 2.485104 2.003502 2.031694 1.983536 2.193693 2.095704 2.063878 2.191264 1.741318 2.570014 2.760048 2.476124 2.302458 2.009573 2.360355 1.908464 2.039165 1.734372 2.024032 1.609189 1.808854 1.431015 0.716707 1.053013 1.224395 1.351565 1.077867 1.012314 1.393254 1.306926 0.973488 1.183978 1.617879 1.644763 0.772822 1.763665 1.567924 1.022060 1.327848 1.248664 1.131691 0.997528 1.345234 1.245387 1.031600 1.186838 2.244565 1.379884 1.612053 2.850433 1.543897 2.301894 2.474047 3.388742 2.927496 2.941640 0.958554 1.260270 3.412204 1.767725 1.830883 2.315115 2.380120 2.317390 1.102944 1.356192 0.918869 1.885170 2.088976 2.507809 1.712735 2.752140 1.693934 2.177650 1.706664 1.202461 2.786254 3.685555 3.231710 3.279040 3.787990 3.302665 1.753142 1.928032 2.298374 2.408296 2.545128 1.757010 2.088244 2.400144 2.477046 1.303935 1.923115 1.719230 2.623677 1.728432 1.446075 2.384827 2.237787 2.068343 2.483890 2.192950 2.090506 2.693419 2.235550 2.456394 1.598447 2.536340 1.882374 1.895092 2.214371 2.273328 2.045383 2.156376 1.685691 1.894934 1.060263 1.786422 1.364924 2.601307 1.637011 2.302925 1.809959 1.383572 1.695663 1.981586 2.019005 2.225432 3.322300 2.268200 3.032895 2.023817 2.092420 2.198609 1.382146 2.122833 2.480831 1.608541 1.854761 1.473705 1.697539 1.253313 1.260138 2.013134 2.950082 2.407618 1.023146 1.528060 1.445318 1.885402 1.476467 
2.725409 2.176523 2.165397 1.311319 1.494550 1.615228 1.118252 0.696516 0.000000 0.922742 1.849061 0.910250 1.597899 2.015569 1.711849 2.831956 3.320168 3.317269 3.499165 3.072110 3.394193 3.159498 2.927033 3.070070 2.992952 2.780692 2.831287 3.380747 3.042515 3.060858 2.871825 2.285039 2.390020 3.059419 2.516021 3.161192 1.610846 1.766023 1.945208 1.887110 1.756604 1.779191 1.269371 1.826234 2.867184 1.934909 1.777354 1.992882 4.960060 3.361526 4.287869 4.908404 1.584239 4.427002 4.148080 3.747333 4.888601 4.005967 4.499262 4.479792 2.050429 1.954506 1.854912 2.077643 2.925289 3.230826 2.900350 3.096102 2.761364 2.505475 2.091207 2.528156 2.866131 3.919369 4.193621 2.314323 2.071098 1.984416 2.529531 2.142368 3.081420 2.310204 3.529211 4.701224 4.039102 2.558946 2.783274 3.343397 2.403249 2.135571 2.120528 1.936178 2.154947 2.064699 1.938094 2.130674 1.516324 2.206107 2.471206 2.243963 2.192574 2.084317 2.435561 2.200836 2.206097 1.911900 1.935942 1.889515 2.012720 1.765246 1.046056 1.309399 1.294571 1.370591 0.947500 1.005260 1.281848 1.123175 1.058896 1.103515 1.664768 1.533357 1.257059 1.682309 1.359443 0.782659 1.323033 1.134376 1.133794 1.250965 1.012321 1.257523 0.981245 1.013063 2.404385 1.504608 1.614277 2.920857 1.538470 2.487296 2.372341 3.485282 2.957683 2.657950 1.064720 1.214294 3.466551 1.786289 2.145747 2.452015 2.377596 2.208616 1.352607 1.553844 1.096223 2.055257 2.402138 2.630838 1.825827 2.922227 1.769588 1.972237 1.879719 1.564088 2.831985 3.797031 3.159728 3.324770 3.753760 3.445230 1.893141 2.169848 2.321836 2.550860 2.823397 1.902573 2.206410 2.542708 2.598885 1.579037 2.182288 2.056325 2.681163 1.864498 1.425750 2.460034 2.438832 2.171706 2.720837 2.317713 2.353047 2.716275 2.159869 2.590836 1.872124 2.762612 1.989061 2.001387 2.268887 2.302364 2.194376 2.483334 2.066258 2.141465 1.326560 1.925351 1.521792 3.048782 1.956034 2.683043 2.154604 1.796814 1.692629 1.947023 2.267710 2.452018 3.600384 2.484859 3.038256 2.274728 2.386049 2.476694 1.639506 2.369829 2.743372 2.009429 2.294051 1.767820 2.147255 1.597958 1.574287 2.254950 3.176354 2.750814 1.258623 1.754332 1.636734 2.293649 1.910621 
2.670300 2.105349 2.497976 1.460384 1.637946 1.797702 1.369976 0.536016 0.922742 0.000000 1.510728 1.480056 1.694820 2.260891 2.072628 3.265732 3.459621 3.532628 3.749315 3.465646 3.807724 3.545149 3.073159 3.359789 3.429736 3.087417 3.165682 3.467526 3.314999 3.449303 3.340769 2.887358 3.015385 3.509733 3.185513 3.701736 2.187959 2.239192 2.115999 2.478549 2.353293 2.169757 1.947551 1.958776 3.028861 1.912632 2.121610 2.403710 5.087111 3.696398 4.428233 5.150100 2.178199 4.730786 4.508859 3.709444 5.174676 4.160238 4.666994 4.840571 1.877777 1.752910 2.009183 2.270574 3.055997 3.573384 3.261129 3.069216 2.920841 2.690759 1.965979 2.846945 3.185470 3.945580 4.216224 2.107545 2.148687 1.987732 2.603842 2.439340 3.243247 2.689042 3.598711 4.828607 4.010028 2.409163 2.649525 3.434055 2.714661 2.332080 2.315041 2.251681 2.461534 2.376540 2.263910 2.433342 2.095822 2.820891 3.042014 2.799540 2.627376 2.231914 2.307393 2.141837 2.391621 2.122902 2.273918 1.932737 2.228867 1.788540 1.109661 1.412075 1.422891 1.426773 1.193858 1.371360 1.813862 1.629448 1.099468 1.443233 1.738228 1.815372 1.185539 1.892630 1.577057 1.329110 1.399307 1.586171 1.543917 1.532091 1.699342 1.693883 1.190508 1.422241 2.558657 1.604561 1.964508 3.156256 1.850516 2.486389 2.673382 3.644000 3.264408 2.992163 1.408502 1.501282 3.723208 2.035171 1.899832 2.575198 2.657175 2.245999 1.522958 1.582574 1.214010 2.055183 2.252355 2.880764 2.075753 3.172153 1.889348 2.349633 1.748668 1.562279 3.138710 3.907810 3.459814 3.631495 4.114539 3.583375 2.022696 2.324119 2.624923 2.513710 2.923614 2.083559 2.373342 2.678635 2.805078 1.679254 2.282505 1.872477 2.950226 1.956536 1.684541 2.524913 2.590243 2.420799 2.831164 2.529861 2.507318 3.045875 2.505104 2.465609 2.047801 2.859888 2.110132 1.945006 2.525376 2.615421 2.397839 2.583551 1.546283 1.914760 1.480831 1.714436 1.320196 2.799208 1.805571 2.402380 1.981953 1.468344 1.548981 2.196949 1.806038 2.551980 3.754656 2.165189 3.310405 1.970855 2.540320 2.630965 1.793777 2.524101 2.897643 1.983902 1.928309 1.758804 1.843626 1.675306 1.294327 2.409221 3.294356 2.757073 1.149232 1.898241 1.813665 2.290376 1.796715 
2.018962 1.883949 1.759820 1.845311 2.365345 2.131584 2.019577 1.416975 1.849061 1.510728 0.000000 2.490307 2.246682 2.687250 2.494843 3.646624 4.071142 4.119979 3.562645 3.967854 4.309007 3.897799 3.811517 3.408327 3.728332 3.374510 3.489349 3.592544 3.848295 4.072223 3.282157 3.510277 3.530197 4.205191 3.553707 4.343140 2.463933 2.442715 2.973713 2.754523 3.045786 3.070290 2.352600 2.613000 2.568547 2.026786 2.591945 2.352695 4.666726 3.657018 3.802354 4.433252 2.431093 4.045789 3.820921 3.610021 4.427503 3.782339 4.195566 4.125003 1.410079 1.550476 1.719172 1.835986 3.074234 3.159828 2.965287 3.474316 2.561339 2.356443 2.480272 2.387352 2.651203 3.752066 3.855797 2.322045 2.647504 2.587838 2.706350 2.892664 3.225406 2.484227 3.745092 5.213155 4.059730 2.585679 3.366855 3.416911 3.019559 2.627838 2.703520 2.709474 2.737111 2.903197 2.576154 2.883872 2.533958 3.330497 3.520531 3.075514 3.176885 2.366413 2.363216 2.451675 2.274499 1.832956 2.028147 2.024111 1.565540 1.768447 1.818833 2.097303 1.736749 2.236066 1.859517 2.229413 2.486516 2.651991 1.951738 2.545074 2.483979 2.011555 1.783067 2.428119 2.382902 2.056204 2.686199 2.350267 2.141444 2.172345 2.098776 2.553683 2.117488 2.496374 2.806272 2.161795 2.373412 2.580538 2.183438 2.266835 3.450574 4.261270 3.283442 4.227573 2.266339 2.335966 3.434453 2.421255 1.666060 2.950486 3.652824 3.064186 1.815584 1.907529 2.127105 1.577508 2.325248 2.901455 1.827376 3.200017 2.279071 2.833187 2.219863 1.660838 3.165602 3.763605 3.431111 3.631119 3.573219 3.502305 1.985101 2.174326 2.381545 2.846210 2.823593 2.508253 2.616676 2.756096 2.394154 1.977120 2.520933 2.203614 2.583204 1.876790 2.093549 2.359142 2.412503 1.956462 2.275572 2.435632 2.129419 2.578265 2.068582 2.665926 2.388220 2.554528 2.136188 2.061986 1.837427 2.176899 2.161571 2.461183 2.058823 1.901852 1.915316 1.625415 1.636320 2.131382 1.527300 1.491683 1.439024 1.926729 2.463159 2.441571 2.026159 2.839515 3.106487 2.254401 3.089622 2.328127 1.892151 2.087685 1.797602 2.532941 2.549840 2.309462 1.435750 1.745362 1.220628 1.727859 2.277447 2.210963 2.752054 2.533914 1.783902 2.063805 2.266322 2.351889 2.183552 
3.307737 2.654810 2.441527 1.615480 1.935465 1.599400 1.093421 1.266504 0.910250 1.480056 2.490307 0.000000 1.007092 1.869872 1.800727 2.681933 3.244520 3.101843 3.794525 2.832398 3.317028 2.935185 2.498280 3.094705 2.653541 2.714298 2.798222 3.597681 2.747975 2.709632 3.167186 1.885603 2.025954 2.765866 2.183758 2.776401 1.294301 1.381636 1.662480 1.525614 1.414451 1.376563 0.982653 1.553382 3.141819 2.083812 1.711545 1.964998 4.858963 3.328461 4.186771 5.288076 1.725377 4.393937 4.149623 3.800082 4.801557 4.051327 4.398165 4.467452 2.596170 2.559702 2.006587 2.283506 3.053467 3.276187 2.964933 3.150994 2.806724 2.539002 2.089901 2.280732 2.635714 4.507554 4.895775 2.765673 2.414461 2.331618 2.875987 2.331423 2.967077 2.079807 3.447412 4.774627 4.003390 2.954098 2.895867 3.728990 2.200862 2.081427 1.792971 1.540447 1.947332 1.910170 1.586287 1.582178 1.239378 1.698727 1.893571 1.878921 1.617162 2.266738 2.775277 2.618978 2.307066 1.809471 2.240297 2.244711 2.614457 2.468091 1.398880 1.450667 1.747633 1.821806 0.983905 0.821781 1.392815 1.473798 1.416655 1.175110 1.982094 1.851845 1.800571 2.062797 1.649482 1.086138 1.598561 1.388663 1.517909 1.761830 1.476727 1.236057 1.536250 1.458300 2.267928 1.503562 1.473345 2.966217 1.468475 2.246537 1.735942 3.006706 3.295135 2.090646 1.071750 1.148410 3.330093 1.572251 2.149807 2.294832 1.728647 2.519645 1.257569 1.600695 0.791449 2.505294 2.566573 2.317081 1.738541 2.584941 1.472237 1.710902 2.475853 1.875840 2.765591 3.695934 3.122964 3.258376 3.741420 3.344132 1.960075 2.494929 2.501804 2.712778 2.814703 1.565604 2.051258 2.441610 2.497787 2.151565 2.246075 2.720276 2.887758 2.434991 1.473254 2.617931 2.737831 2.628301 2.649468 2.281048 2.879176 2.723309 2.516600 2.349011 2.337857 3.191093 1.997859 2.361828 2.781881 2.550522 2.701276 2.600515 2.603422 2.918868 1.756536 2.383214 2.264720 3.805682 2.579960 3.419216 2.911504 2.025487 2.046764 2.092698 2.515584 2.217868 3.645745 2.741240 2.823833 2.490327 2.557284 2.590236 1.838713 2.310295 2.942579 1.878824 2.941467 2.435962 2.850100 2.104857 1.946828 2.503108 3.326863 3.111322 1.210123 1.838281 1.500277 2.068435 1.685406 
3.134968 2.672099 2.318364 1.881761 1.911353 1.260913 1.451302 1.421198 1.597899 1.694820 2.246682 1.007092 0.000000 1.719678 2.063493 2.987184 3.482431 3.397124 3.890388 3.218725 3.722426 3.150016 3.080743 3.154070 2.980549 3.091780 3.039448 3.730799 3.095331 3.324440 3.417843 2.762495 2.782414 3.456275 2.800743 3.590176 1.583881 1.284239 2.439778 1.649593 2.035641 2.147949 1.167273 1.289314 2.629501 2.105091 2.090366 2.060745 4.772147 3.353471 4.202883 5.332237 1.958709 4.310839 4.194079 4.001225 4.700689 3.884283 4.414276 4.353265 2.109015 2.590123 1.337614 1.580760 3.339751 3.356349 3.197941 3.653495 2.757861 2.700055 2.561314 2.192453 2.552616 4.594373 4.733864 2.796093 2.755140 2.371646 2.949791 2.516802 3.327649 2.279266 3.698657 5.074102 4.432287 2.963793 3.278194 3.712466 2.117764 1.656545 1.933168 1.385153 1.910069 2.066255 1.517037 1.792585 1.681886 1.998464 2.175787 1.951397 1.894335 1.874794 2.791291 2.743589 2.489190 1.636860 1.983757 2.275132 2.138743 2.591042 1.703127 1.703157 2.110313 2.398079 1.421372 1.417000 1.896739 1.990201 1.757096 2.011418 2.389221 2.239571 1.819206 2.543191 2.043038 1.698337 2.132232 2.185421 2.031377 1.936475 2.081747 1.739980 1.898929 2.156429 2.038247 1.433529 1.619709 2.668951 0.983142 2.012551 1.311999 2.024539 3.744359 2.332005 1.362421 1.707641 2.872267 1.458065 1.693061 2.029904 1.519431 2.577710 1.199486 1.200721 0.810698 2.013514 2.384086 1.336307 1.158862 1.620938 0.979187 1.188976 2.213988 1.692577 3.137891 3.982316 3.418245 3.630677 3.951558 3.653383 2.134278 2.258388 2.603834 3.040198 2.896765 1.960093 2.533034 2.727992 2.513899 2.227585 2.221878 2.749356 3.034847 2.677540 1.894563 2.742054 2.974040 2.991606 2.342029 2.577994 2.770400 2.823737 2.721460 2.625566 2.337189 3.113405 2.274138 2.454863 2.872571 2.407836 3.035274 2.418028 2.833186 2.894671 1.819384 1.757205 2.274647 3.588797 2.463848 3.287474 2.424349 1.650158 2.255578 1.741929 2.456012 2.369344 3.158591 2.721843 2.512441 2.381044 2.178237 2.103082 1.592069 1.823140 2.828339 1.987040 2.777860 2.612842 2.921016 1.887973 1.944820 2.212513 3.032959 3.141742 1.533163 1.891486 1.416706 1.616175 1.369712 
2.891882 2.554811 2.017528 1.552846 1.829980 1.246123 1.658270 1.984975 2.015569 2.260891 2.687250 1.869872 1.719678 0.000000 0.864584 1.493389 2.251498 2.014499 2.553031 1.928553 2.393493 1.765316 2.128264 1.846184 1.672722 1.864404 1.547477 2.559543 1.837383 2.126759 2.037055 1.683396 1.712889 2.104500 1.384386 2.150732 1.402583 1.629574 1.774277 1.331291 1.550145 1.735374 1.985583 1.808060 1.883521 1.516607 1.220366 1.058075 3.423070 2.112382 3.083080 4.233160 1.145059 2.767974 2.839824 2.891785 3.351611 2.966672 3.044474 2.914680 2.283183 2.698001 1.869297 2.495196 2.240674 2.018312 1.759351 2.554418 1.732367 1.659112 1.687168 1.996360 1.856520 3.826753 3.992236 2.018304 1.781876 1.985917 2.296704 1.870136 2.649211 1.462374 3.191120 4.104309 3.488879 2.077459 2.569164 2.928437 1.875334 1.447688 1.204770 1.299704 1.071820 1.134478 1.117935 1.838013 1.302402 1.658903 2.174547 1.803051 1.831501 1.900562 2.090423 1.456995 1.968666 2.320943 1.980447 2.310398 2.460336 2.060068 2.053347 2.254434 2.272369 2.792719 2.330263 1.853829 2.518634 2.455836 2.047615 2.034166 2.738796 2.870595 1.817112 2.961593 2.711652 1.883215 2.886116 2.183065 2.005243 1.675633 1.854120 2.095003 2.332514 2.364044 0.854496 2.186211 1.365995 1.397392 1.795029 1.652472 2.753571 3.118846 2.660409 3.346683 1.754273 1.583969 1.901119 1.412007 2.334189 1.438587 2.651068 3.614964 1.984900 2.476257 1.871952 2.620570 2.871467 2.338929 2.018338 2.442083 1.389928 2.021952 3.134474 2.295672 1.833154 2.607332 2.256298 2.160999 2.712665 2.502492 1.756014 1.857648 1.585769 1.936366 1.827580 1.750743 1.520509 1.760914 1.465075 2.233152 2.407414 2.755790 1.904681 1.855035 1.506752 1.923823 1.926912 2.256245 1.983915 1.958928 2.593669 1.900030 2.177467 2.449093 2.687992 2.596761 2.018084 1.690359 2.093016 1.949096 2.022651 2.209271 2.377796 3.293479 1.746425 2.956296 2.694342 2.807395 3.011046 3.464415 2.368747 2.884431 3.025829 2.851889 3.461810 1.332883 2.113158 3.790619 3.323247 1.685643 2.341222 2.111877 1.335957 0.935141 1.936991 1.291515 2.493111 1.661612 3.112915 1.663440 2.547440 2.546329 2.530505 2.681727 1.801678 2.044350 0.903836 0.826936 1.091802 
2.823115 2.425470 2.001013 1.175628 1.754234 1.470754 1.291414 1.746079 1.711849 2.072628 2.494843 1.800727 2.063493 0.864584 0.000000 1.768944 2.072043 2.101747 2.168821 1.759313 2.102228 1.938539 1.927835 1.668682 1.917249 1.413663 1.404317 2.304694 1.932728 1.947055 1.934646 1.623822 1.634832 1.918074 1.646678 2.081910 1.601564 2.075261 1.995855 2.148816 1.879171 1.916228 2.329398 2.126561 2.062094 1.497737 0.816465 1.141077 3.404303 1.735507 2.706205 3.756493 1.411767 2.756604 2.477682 2.252956 3.332845 2.407484 2.917599 2.895913 2.425398 2.421774 1.938120 2.543293 1.624714 1.552383 1.198865 1.807481 1.602822 1.049285 1.086761 2.304193 2.282000 3.068000 3.311067 1.259551 1.046652 1.195320 1.481416 1.155190 1.796340 1.184100 2.338249 3.369085 2.636009 1.356985 1.716294 2.153150 2.415003 1.970987 1.709028 1.999453 1.737987 1.633479 1.817684 2.308487 1.490032 2.380841 2.874296 2.396910 2.497921 2.386198 2.112057 1.250355 1.698414 1.912319 2.240266 1.970561 2.529159 1.745562 1.962630 2.252475 2.251194 2.679090 2.195908 1.990199 2.537400 2.474602 2.021368 1.920536 2.736837 2.889362 1.677917 2.980359 2.709693 1.836153 2.751760 2.059073 2.003284 1.606851 1.980995 2.081965 2.351281 2.250414 0.808895 2.063830 1.295713 1.681924 2.245676 1.816136 3.131170 3.865783 1.806188 3.537993 1.713128 1.437901 2.217838 1.715320 2.349682 1.043617 3.041121 3.613006 1.673925 2.175742 1.689238 2.635338 2.615965 2.811598 2.052382 2.942873 1.924856 2.360913 2.917889 1.887049 1.318224 2.264241 1.663207 1.721030 2.119574 1.853203 1.370919 1.532493 1.313172 1.363454 1.810262 1.484252 1.222313 1.255878 1.315359 1.967287 2.248790 2.347167 1.350553 1.395946 1.118838 1.837349 1.724708 1.974280 2.179880 1.928314 2.302692 1.708547 1.997634 2.325814 2.432490 2.438181 1.682193 1.509768 1.964201 2.114112 1.649747 2.059527 1.971725 3.059221 1.490923 2.871996 2.285718 2.558428 2.623147 3.055792 2.375885 2.496533 2.617205 2.575662 3.073912 1.049169 1.921941 3.381996 3.198723 1.790294 2.263658 2.306614 1.167838 1.160074 1.201767 1.178624 2.256188 1.257246 2.704291 1.395409 2.192928 2.137705 1.980685 1.977684 1.393054 1.768122 1.029184 1.105748 1.039141 
3.736095 3.600555 3.131643 2.454257 2.881863 2.401346 2.553503 2.992737 2.831956 3.265732 3.646624 2.681933 2.987184 1.493389 1.768944 0.000000 1.365721 1.137942 1.812799 0.795801 1.113165 0.567676 1.211994 1.186133 0.525476 0.942058 0.667525 1.860766 0.679395 0.982163 1.665317 1.162597 0.926656 1.644853 0.870404 1.351102 1.867262 2.382570 2.055822 2.157001 2.074161 2.259389 2.853303 2.894093 2.376739 2.015564 1.723850 1.509166 3.615663 1.989373 3.117210 3.868066 1.668684 2.518895 2.747464 2.546273 3.112662 2.885900 2.970484 2.704699 3.579824 3.731794 3.207389 3.745205 1.874623 2.122474 2.007283 2.186569 2.605687 1.935068 2.585670 2.936214 2.924973 4.082893 3.929327 2.720321 2.187736 2.674138 2.969381 1.976936 3.087169 2.057577 3.629078 4.304168 3.978651 2.710622 3.007122 3.205302 2.646665 2.324431 1.428676 1.951333 1.476557 1.548555 1.615557 2.343334 1.546182 1.903208 2.292066 2.273443 2.327934 2.226080 2.839551 2.169587 2.860147 3.374752 3.188297 3.302031 3.616610 3.095827 2.939262 2.826797 2.841922 3.541872 2.871691 2.784799 3.309946 3.428966 2.942317 2.965136 3.322383 3.480090 2.705677 3.571087 3.440788 2.632368 3.729003 2.921855 2.765467 2.554196 2.645432 3.036329 3.305645 3.295014 1.605751 2.989235 1.984173 2.039292 2.688910 2.255300 2.981074 4.023557 2.775575 3.741369 2.685244 2.036816 2.498353 2.038751 3.103370 1.834228 3.055165 4.500012 3.064617 3.467891 2.854966 3.904608 3.993343 3.677022 3.262457 3.395560 2.423022 3.317884 4.251169 3.315391 1.840706 2.439693 2.098733 1.965347 2.161644 2.459602 2.841872 3.029842 2.107299 2.320276 2.791467 2.615107 2.405805 1.996155 2.056353 3.344665 3.450860 3.618460 2.534888 2.755682 2.498385 2.727826 3.025029 3.116044 3.124681 2.957694 3.529831 2.689352 3.157415 3.454027 3.628050 3.607025 3.079219 2.645693 2.933687 3.030441 3.205257 3.309032 3.378029 4.025812 2.868301 4.164145 3.504157 3.391070 4.090762 4.092412 3.643954 3.964147 4.038188 3.937495 4.359708 2.254767 2.753400 4.787434 4.445123 2.816040 3.529047 3.404844 2.426745 2.232525 2.379711 2.395923 3.330058 2.488674 3.782363 2.722431 3.586619 3.670674 3.550634 3.608682 2.834762 3.093687 1.867591 1.974012 2.171578 
3.554445 4.180388 3.647267 2.596003 3.074268 2.898896 2.841323 3.178390 3.320168 3.459621 4.071142 3.244520 3.482431 2.251498 2.072043 1.365721 0.000000 1.148392 1.433532 1.126633 0.818529 1.399847 1.652089 1.231854 1.579107 1.328643 1.184939 1.437650 1.294524 1.422786 1.748462 1.826229 1.880215 1.548271 2.151817 1.795208 2.982982 2.964457 3.151273 2.869542 2.603444 2.904063 3.617614 3.403213 1.875812 2.720342 1.674162 2.117778 4.122996 2.269266 3.345910 4.342319 2.452518 3.146983 2.964118 3.036144 3.715873 2.753739 3.662199 3.299667 3.930378 3.786171 3.557943 3.981769 2.150015 2.383484 2.181155 2.436919 2.896375 2.213455 2.861751 3.876242 3.802962 3.794041 3.952333 2.656471 2.170159 2.641376 2.936620 1.967860 2.974755 2.705690 3.443853 4.146201 3.943460 2.603896 2.863186 3.251838 2.988307 2.463845 2.563205 3.156449 2.660416 2.625653 2.746488 3.459055 2.606114 3.258566 3.657787 2.659425 3.693655 2.570332 3.571500 2.750496 3.136820 3.691162 3.960912 3.425191 3.967164 3.237038 3.318085 3.113368 3.225284 3.927453 3.311326 3.474434 3.621563 3.748719 3.598168 3.388027 3.634000 3.791706 2.930654 3.882703 3.752404 3.126057 3.933237 3.314811 3.077083 2.869049 3.325800 3.411555 3.617261 3.680595 2.093260 3.015479 2.413815 2.624409 3.250071 2.612005 3.876562 4.694840 2.783768 4.030013 3.070824 2.823431 2.999165 2.993868 3.501981 2.262501 3.658432 4.215773 3.218865 3.835414 3.079943 4.255162 4.073626 4.277575 3.686975 3.996114 3.168269 4.160568 4.331452 3.500789 1.961251 2.806122 2.198324 1.920834 2.528095 2.603723 3.090472 3.091517 2.713339 2.513321 2.866113 2.951134 2.784396 2.503667 2.691997 3.441960 3.855108 3.289802 2.992019 2.651525 2.749912 2.996527 3.137347 3.557497 3.799199 3.386671 3.792187 3.143994 3.713175 4.017060 3.708333 3.650338 3.539664 3.412612 3.436177 3.500655 3.443418 3.677691 3.446301 3.924278 3.002639 4.552394 3.632499 3.675558 4.353118 4.221823 4.068472 4.280558 4.202848 4.125887 4.513956 2.472006 2.846356 4.941682 4.741623 3.112752 3.953565 3.821965 2.803926 2.810415 2.509111 2.714195 3.595670 2.753382 3.754793 3.092895 3.729591 3.847054 3.777780 3.570739 3.017643 3.228024 2.434001 2.548932 2.590458 
3.813889 4.073910 3.604997 2.823898 3.339559 3.085207 3.011784 3.348851 3.317269 3.532628 4.119979 3.101843 3.397124 2.014499 2.101747 1.137942 1.148392 0.000000 2.451623 1.474210 1.001364 1.237308 1.214289 1.416609 1.101785 1.573701 0.945482 1.212276 0.727780 1.487779 2.640423 1.934659 1.669872 2.136797 1.660846 1.780582 2.751930 3.078548 2.582457 3.034797 1.926520 2.335247 3.435376 3.318764 2.422363 2.496074 1.631400 2.120278 4.120926 2.494635 3.622473 4.646253 2.505800 3.050164 3.345182 3.158260 3.617924 3.274858 3.534315 3.209961 4.167084 4.130985 3.794649 4.218475 2.461018 2.653564 2.572397 2.596555 3.005268 2.298257 2.883120 3.409569 3.398328 4.306822 4.380535 2.944314 2.521057 2.929218 3.262184 2.494157 3.430269 2.648941 3.956634 4.647269 4.321751 3.079609 3.319134 3.656511 2.335552 2.450551 1.943353 2.466009 2.213184 2.188272 2.056047 3.032130 2.267207 2.627500 2.980863 3.151239 3.016731 3.169278 3.267191 2.575146 3.171339 3.739998 3.651289 3.674591 4.203870 3.413952 3.419722 3.517386 3.565864 3.961782 3.473419 3.204710 3.843762 3.962782 3.524389 3.385046 4.038017 4.195723 2.999170 4.286720 3.974604 3.142515 3.967566 3.341765 3.299282 3.121610 3.341410 3.570145 3.839460 3.714925 2.113231 3.352157 2.458886 2.474690 3.402722 2.651731 3.552783 4.545415 3.300493 3.390401 3.201307 2.504615 2.550212 2.584531 3.550817 2.192235 3.586992 4.437973 3.375809 3.884250 3.168471 4.491868 4.418440 4.264281 3.800900 3.982820 2.889203 3.791239 4.676266 3.612841 2.183806 2.782793 2.307118 2.604171 2.761441 2.856757 3.193376 3.441198 2.553646 2.757175 3.210927 2.926300 2.703255 2.280143 2.498542 3.769763 3.762053 3.485858 2.952131 2.747433 2.833231 2.764451 3.414196 3.421951 3.598036 3.268886 3.841024 3.148965 3.744674 3.765219 4.053148 3.887044 3.444466 3.145653 3.393299 3.617701 3.502707 3.633849 3.675479 4.632728 3.293399 4.605668 3.789443 3.978447 4.401954 4.639473 4.185356 4.329394 4.349380 4.362593 4.670901 2.509848 3.284548 5.098626 4.978329 2.928502 4.002401 3.992103 3.014005 2.681485 2.688845 2.693374 3.657896 2.840178 4.275374 3.251939 3.886536 3.968124 3.957515 3.858582 3.145954 3.518785 2.311979 2.416479 2.639294 
