240 240
0.000000 1.535575 1.836853 2.576165 3.028097 2.648714 2.776014 2.796530 2.308580 2.094198 2.158170 1.930209 2.129158 3.220190 1.513631 3.045815 3.032632 4.003328 4.341879 4.062517 4.232271 3.774323 3.987250 3.824246 3.699827 3.186674 4.081906 3.877142 4.532135 3.660531 3.871200 4.404938 4.311273 4.115307 4.528353 3.726157 3.280168 2.839050 2.946801 3.257262 2.773172 3.854354 2.783720 2.730268 2.716924 2.771181 2.636760 2.803184 4.686114 4.288460 3.847370 4.461654 4.041793 2.523317 3.651477 4.259932 4.195902 3.408965 3.814842 4.345477 1.666356 1.540096 1.667876 1.974402 2.261991 2.356598 3.384026 2.822591 3.285644 3.866750 2.233322 2.780257 2.942122 2.049529 4.799302 3.080535 3.615121 3.635843 3.010235 3.800818 3.856598 3.298433 4.480998 3.513044 4.714375 4.211687 4.339632 2.919456 2.354368 2.743250 2.771649 3.441409 3.360315 2.732625 3.408432 3.222753 3.469471 3.611213 2.896022 3.942598 2.608810 2.064254 3.065956 2.004408 2.083047 2.008396 1.932353 1.424856 1.871817 1.759936 3.027099 3.174805 3.407879 2.685328 3.404530 2.828566 3.327359 3.596904 3.035439 2.999088 3.458327 3.206228 2.855226 2.595404 3.464123 3.833941 3.332768 2.723343 3.069542 3.627702 3.199277 3.004585 2.772327 3.360276 2.526057 3.437104 2.932370 2.686601 2.438590 2.897200 2.496878 5.020852 3.976457 4.614669 3.115550 2.640053 3.089405 2.719997 2.451966 2.904279 3.725875 4.647099 3.890500 3.048973 2.598871 2.377333 3.140848 2.997471 3.658023 2.099710 3.601914 2.770165 3.236969 3.697256 2.383868 3.035070 3.227903 3.389208 3.088282 3.704750 1.990350 2.575520 2.271072 2.737220 2.357471 2.541678 2.750472 2.516488 2.798453 2.427592 1.919985 2.085957 2.312855 2.092673 2.277664 2.750790 1.898417 1.604795 1.922202 1.846287 1.768454 2.181457 1.495791 2.229260 1.955330 1.758636 2.368496 1.484471 1.455909 1.964617 1.860164 2.300254 1.963096 2.359638 2.263042 3.167783 2.480623 2.017941 2.383069 2.769005 2.754259 2.511925 1.672577 1.805433 2.736310 2.836088 2.781184 2.786853 2.788579 1.699361 2.284734 2.333611 2.594697 2.639029 1.557547 1.398420 2.189082 2.932517 3.009721 2.948459 1.549111 2.414906 1.604373 2.489575 3.151917 1.988307 2.316968 1.730210 3.607537 3.648154 
1.535575 0.000000 1.235861 2.212871 2.706999 2.369493 2.254472 2.102463 2.389902 1.676010 2.081730 2.213741 2.247466 2.905485 1.298955 2.689651 2.611123 4.239486 4.182476 4.498968 3.840562 3.539453 3.542401 3.635506 3.858045 3.893850 3.757780 3.977649 4.200318 3.732050 3.629638 4.504601 4.131144 3.736344 4.638410 2.805723 2.273440 2.891797 3.094173 3.125065 2.426972 3.203811 2.695775 2.959339 2.365340 1.941672 2.462988 2.842325 4.224511 3.887327 3.255527 4.178867 3.897346 2.482030 3.612996 3.338055 4.217196 2.429395 3.739214 3.781000 0.978595 1.424757 1.297807 2.307204 2.454330 2.058498 2.962823 2.625202 2.887428 3.113557 2.126606 2.200809 1.935463 1.896032 4.569787 3.079505 3.169203 3.202086 2.812436 3.466886 3.439351 2.877001 4.093401 3.098514 4.009623 3.496615 3.928800 2.301768 2.198425 3.058852 2.949902 2.678488 2.767047 2.682327 2.877017 2.660995 3.067589 3.314512 3.180806 3.110739 2.887581 1.258229 2.324676 1.494936 1.387244 1.657142 1.735879 1.314789 1.625179 1.546465 2.660884 3.016156 2.989692 2.705251 3.077954 2.683944 2.594834 3.178717 2.541816 1.964737 2.727793 3.278414 2.357333 2.118785 3.477754 3.714902 3.242301 2.305156 2.927262 3.072152 2.663681 2.684107 2.468032 2.888127 2.908563 3.199334 2.679986 2.227276 2.370399 2.721012 2.154189 4.779135 3.622008 4.425633 2.697363 2.324841 3.287117 2.320648 2.346239 2.393648 3.361199 4.265181 4.421795 3.101374 2.060122 1.820211 2.719024 2.665851 3.357482 2.007704 3.536668 2.756008 3.010187 3.549794 1.879983 2.542144 2.812899 3.126177 2.965849 2.912275 1.530247 2.337996 1.669445 1.951268 2.161984 1.824945 2.044221 1.874212 1.993397 1.723890 1.614271 1.762482 1.713582 1.762428 2.018140 1.871366 1.795993 1.110428 1.610470 1.627288 1.690162 1.845254 1.331189 1.401284 2.101611 0.922338 1.417765 1.084021 1.393557 1.682066 1.657683 2.026987 1.704169 1.583006 1.637930 3.228318 2.149002 2.013710 2.385864 2.312107 2.162255 2.087089 1.510517 2.117749 1.790756 1.757459 2.414810 2.075767 2.110858 1.475817 1.826076 1.953661 1.855687 1.987345 1.383793 1.414932 1.888709 2.670726 2.784878 2.475497 1.546146 1.902547 1.717368 2.212364 2.372122 1.809007 2.256073 1.666414 3.517070 3.283743 
1.836853 1.235861 0.000000 2.476852 2.900391 2.201655 2.016046 2.039394 2.135077 1.678235 2.146723 2.237460 1.804055 3.101283 1.728024 2.644807 2.625103 4.400577 4.343567 4.660059 4.001653 3.700544 3.713855 3.796597 4.053843 4.304941 3.918871 4.138740 4.371772 4.177848 3.790729 4.665693 4.292235 3.897435 4.799502 3.096102 2.229994 2.791464 2.951929 3.031089 2.593240 3.566086 2.878558 3.405137 2.526431 2.315254 2.428508 2.979300 3.842159 3.866600 3.114814 4.369346 3.678186 2.619005 3.380415 3.763939 3.951518 2.912972 3.532336 3.569598 1.317627 1.573381 1.449092 2.036961 2.071307 1.606362 3.413115 2.458601 3.048519 3.432932 1.743498 2.401785 2.170192 1.235190 4.946620 3.343485 3.114217 3.215283 2.894598 3.662684 3.229749 2.644319 3.854975 3.112494 4.024322 3.627137 4.374598 2.382734 2.522707 2.780862 2.842366 2.763358 2.452134 2.668259 2.751440 2.766162 2.925346 3.110368 3.196265 2.911609 3.153039 1.421104 2.416148 1.348989 1.348844 1.061917 1.653202 1.173343 1.820194 1.280181 2.688543 2.800115 2.383454 2.952817 3.394562 2.713022 2.185491 3.097878 2.479967 2.546264 2.699860 3.486197 2.673940 2.102193 3.597252 3.623441 3.246764 2.569224 3.085246 3.197195 2.969926 2.990351 2.742375 2.966446 2.851488 3.031496 2.335961 1.994031 2.121895 2.605113 2.029598 4.059962 4.045247 3.797136 2.428062 2.181466 3.060456 2.130617 2.114648 1.773516 3.146302 3.594469 4.113936 2.382201 1.585558 1.429825 2.072927 2.377018 2.638310 1.598757 2.864554 2.208291 2.291014 3.241935 1.806883 2.720973 3.009850 3.297631 2.916842 3.162124 1.362409 2.100947 2.080536 2.652443 2.209079 1.560055 1.904489 1.859402 2.255827 1.905691 1.767663 2.218643 1.763851 1.705820 1.851659 2.157092 1.733810 1.366731 1.355861 1.469227 1.761733 1.487262 1.112961 1.541524 2.070246 1.125441 1.611357 1.401775 1.055183 1.545759 1.417488 1.828194 1.590865 1.400709 2.213413 3.298644 1.956868 1.465209 2.492109 1.698571 2.072189 1.455144 1.332429 2.266179 1.322932 1.992678 1.675132 2.302722 1.735687 1.493474 1.661764 1.888016 1.773927 2.283826 1.039192 1.390709 1.879160 2.444064 2.694940 2.307659 1.788114 2.279380 1.919280 2.157379 2.466920 1.436286 2.266653 2.107258 3.459994 2.653328 
2.576165 2.212871 2.476852 0.000000 1.394938 1.453890 0.840192 1.149993 2.284318 1.776362 1.222309 2.197725 1.771786 1.677954 1.313013 1.631949 1.281697 2.916059 2.777309 2.995064 2.723143 2.221871 2.691842 2.323729 2.339647 2.797167 2.423623 2.645930 2.663484 2.581255 2.377448 2.860788 2.629056 2.494027 3.053421 1.923820 1.782984 2.506144 2.119984 1.785989 1.328514 2.111990 1.262468 1.484698 1.493282 0.992060 1.178673 2.122400 4.544817 2.924823 3.808021 4.681028 4.003190 1.952233 3.913334 3.221272 4.403425 2.281005 3.227448 4.048380 1.363688 1.301900 1.515266 2.123629 1.836893 1.851967 2.266974 2.641307 2.368969 2.585609 1.935439 1.760735 1.297052 2.421356 3.392146 1.384513 1.734147 1.400029 1.667622 1.618788 2.394614 1.581054 2.943458 1.108079 3.599567 2.327278 2.890508 0.904995 1.728639 2.730484 2.073221 2.152220 2.385320 2.317763 2.180426 2.561230 2.247679 2.725892 2.714970 2.746316 2.187819 2.084353 1.790382 1.623827 1.736322 1.833393 1.560948 2.233891 1.122156 1.817295 1.435199 1.949256 1.995165 1.768603 1.997015 1.633029 1.682738 2.007719 1.360456 1.495408 1.643124 2.230680 1.079811 1.183081 2.488575 2.494756 2.175402 1.632577 1.912176 1.952067 1.512324 1.442396 1.083594 1.877113 2.151025 1.816802 1.561843 1.723849 2.124963 1.998961 1.694558 4.136768 2.455914 3.419850 1.457399 2.137456 2.698670 2.086562 1.773013 1.637819 1.812297 2.978807 3.084994 2.546862 1.399673 1.726884 1.514023 2.197493 2.863691 1.813718 3.219882 2.226379 2.924341 2.707891 1.134165 2.147887 3.094817 2.708109 3.220783 2.885837 1.221941 1.461291 1.577530 1.855146 1.835186 1.378644 1.768506 1.323463 1.787703 1.846145 1.364114 1.323683 2.122549 1.127881 1.898659 1.236281 1.684125 1.708709 2.047221 1.848833 1.417285 2.018809 2.209027 2.220044 1.930851 1.823054 1.565650 1.700647 2.304352 1.772257 1.626830 1.683884 1.552140 1.431672 1.400268 2.703465 1.481285 2.458353 1.633100 1.960830 1.467041 1.834677 2.057221 2.588322 2.211480 2.109517 2.495173 2.388694 1.762753 1.713926 1.782454 1.631410 1.295396 1.688286 2.155602 2.092591 1.135470 1.633145 1.872836 0.930508 1.572409 1.240860 1.973869 1.400247 1.620559 1.874683 1.630515 2.253954 2.581562 2.847410 
3.028097 2.706999 2.900391 1.394938 0.000000 0.909129 1.243744 1.203111 1.720188 1.435062 1.136983 2.201165 1.958953 2.297727 1.947076 1.912710 1.888241 3.424408 3.298950 3.602554 3.343566 3.042132 2.785867 3.044044 2.778098 3.506527 3.058038 3.288649 3.349312 3.041863 2.747200 3.371772 3.175829 3.037773 3.734131 2.453589 1.844152 2.339819 2.351692 2.287119 2.215296 3.094545 2.072287 2.395056 1.822256 1.808392 1.943137 2.864580 5.627074 3.814335 4.864372 5.694319 4.921280 2.076470 4.860282 4.287986 4.928298 3.335135 4.005936 5.104731 2.022049 2.024682 1.917091 1.811860 1.351375 1.628362 3.392803 3.435812 3.061414 3.592822 2.707637 2.837811 2.410824 3.191876 4.519710 2.197246 2.627526 2.032713 2.569108 2.232467 3.612293 2.775443 4.050019 2.284169 4.778746 3.277017 3.819961 1.310834 1.717635 3.053040 1.778783 2.441848 2.537360 2.379580 2.087658 2.817243 2.399152 2.857709 2.460639 3.002328 1.864987 2.950238 2.624380 2.412575 2.253979 2.108583 1.944233 2.244599 1.858900 2.132659 1.098592 1.701241 1.443403 1.363829 2.139616 1.678967 1.799196 1.761308 1.336038 1.599060 1.868180 1.524823 1.194207 1.117312 1.759981 1.614829 1.144149 1.421790 1.754957 2.011663 1.738219 1.194612 0.833106 1.898619 2.283356 2.324215 1.650863 1.657302 3.083954 1.502130 2.630216 2.810796 3.450302 3.792229 1.305414 2.338331 3.509953 2.138412 1.898397 2.051167 2.578170 2.517254 2.194719 1.799086 1.739925 2.178805 1.246602 2.319819 2.382820 2.137398 2.431220 2.148965 2.834325 1.699953 1.548271 3.084791 4.130442 3.438652 4.154345 3.921462 2.145189 1.901551 2.588712 2.856869 2.465172 2.118494 2.661630 2.508833 2.808605 2.877723 1.520963 0.998164 3.099572 1.545337 3.005215 2.153538 2.442863 2.488819 2.797499 2.369139 2.180482 2.991168 2.345077 2.970945 1.750114 2.414857 2.483096 2.629696 2.515796 2.607999 2.211189 2.086849 2.280195 2.399636 2.321042 1.964847 1.051903 2.730677 1.929396 1.818933 1.692961 1.812039 2.167614 2.805970 2.429175 2.594800 2.081732 2.950919 2.164767 2.438086 2.667882 2.486574 2.124715 2.608072 2.364923 2.282598 1.228713 1.999229 2.737457 1.978743 2.378868 2.209707 2.516790 1.057097 1.876749 2.270266 1.253138 2.769707 1.894547 2.337266 
2.648714 2.369493 2.201655 1.453890 0.909129 0.000000 0.998908 1.382694 2.156835 1.664003 1.124657 1.831397 2.085452 1.794211 1.626517 1.316446 1.620020 3.186267 2.937982 3.329153 2.806127 2.891558 2.174845 2.775823 2.589413 3.370659 2.819897 2.963460 3.100810 2.827151 2.445056 3.128451 2.932508 2.559158 3.490810 2.167839 1.591566 1.612508 1.880241 2.024898 2.002962 2.762321 1.914160 2.195185 1.436438 1.490705 1.375617 2.302241 5.064735 3.310820 4.360856 5.381981 4.417765 1.378955 4.297944 3.902117 4.365959 3.066913 3.796539 4.601216 1.685095 2.194696 1.642037 1.417132 1.878870 0.954313 3.315759 3.108768 2.734369 3.442248 2.439416 2.510767 2.354368 2.425907 4.619136 2.296672 2.476952 1.950321 2.486716 2.017890 3.303430 2.084930 3.835273 2.133595 4.651701 3.291149 3.742916 1.161893 1.455899 2.423657 1.337661 1.979626 1.879233 1.740887 1.684259 2.089932 1.760462 2.135579 1.830225 2.275017 1.421601 2.387899 2.292154 2.016178 1.822757 1.591500 1.726614 1.930623 1.958326 1.540357 1.202933 1.555582 1.004862 1.430042 2.238776 1.783308 1.395949 1.860468 1.435197 1.421048 1.741955 1.867329 1.377356 1.020921 2.057210 1.907480 1.801032 1.462126 1.859298 2.116004 1.907243 1.276510 0.922003 1.997778 1.975932 1.697705 1.666132 1.273301 2.521615 1.337458 1.886059 2.775373 3.596787 3.473105 1.154574 1.680204 2.765796 1.569222 1.777616 1.764197 2.163424 2.264831 2.798707 1.281089 1.681831 1.958780 1.000482 2.359332 1.994484 1.599726 2.037826 1.608485 2.182649 2.340851 1.605969 2.929036 3.921044 3.282897 3.886124 3.648060 1.695150 1.569159 2.452844 2.951113 2.320511 1.950808 2.206409 2.358259 2.594026 2.374208 1.754811 0.997905 2.654880 1.511324 2.319882 2.394140 2.287108 2.524240 2.106984 2.014935 2.279908 2.418300 1.906958 2.589229 2.180036 2.079592 1.979581 2.435004 1.699413 2.452244 1.979498 1.810091 1.966151 2.161361 2.579992 2.418431 1.172425 2.334181 2.168912 1.623399 1.884867 1.093245 2.291382 2.904310 2.071616 2.791888 2.169834 3.142825 2.029732 1.943929 2.353838 2.149001 1.856644 1.922739 1.615299 1.740699 0.902947 1.302795 2.469236 1.646350 2.301824 2.191486 2.596231 0.935624 1.934447 2.019141 1.750814 2.622857 2.326231 1.920187 
2.776014 2.254472 2.016046 0.840192 1.243744 0.998908 0.000000 0.990831 2.415632 1.832333 1.196060 2.402431 1.973261 1.858079 1.581827 1.766620 1.426731 3.122253 2.976979 3.269631 2.811536 2.285527 2.670053 2.588229 2.340108 3.270550 2.698191 2.858417 2.785434 3.015360 2.365318 3.122634 2.808000 2.648495 3.315267 1.708006 1.329121 2.175559 1.932373 1.551499 1.515462 2.321608 1.479568 2.005388 1.612806 1.179748 1.623791 2.640058 4.928079 3.255873 4.165376 5.245324 4.427906 1.741825 4.353595 3.588990 4.795121 2.636139 3.708836 4.405736 1.560746 1.708431 1.841641 2.146518 2.114138 1.546708 2.943808 2.977941 2.721146 2.835004 2.240521 2.138816 1.476535 2.359780 4.040548 2.119474 1.877568 1.656112 2.189677 1.811345 2.621968 1.830465 3.033415 1.525328 3.962103 2.342728 3.406256 0.562393 1.691863 2.552517 2.008920 1.987226 2.088182 2.147591 2.010255 2.235823 2.082259 2.483390 2.399929 2.420908 2.251988 2.251243 1.925384 1.531761 1.376575 1.659703 1.475728 2.360450 1.568481 1.640862 1.299589 1.456362 1.433344 1.685660 1.702307 1.540478 1.117086 1.713011 1.065748 1.396490 1.063774 1.951516 0.997883 1.100138 2.193867 2.062484 1.932507 1.341850 1.617468 1.802433 1.184652 1.252395 0.942370 1.468739 2.195546 1.847139 1.369054 1.176541 2.480373 1.989311 1.749403 3.609575 2.896190 2.793697 0.912691 1.871401 2.809613 1.698110 1.883070 1.354467 1.811302 2.449256 2.930183 2.019669 1.251080 1.611705 1.043826 1.816804 2.533280 1.915935 2.786807 1.907884 2.283483 2.543551 1.252655 2.479339 3.431447 3.039561 3.562598 3.222467 1.264376 1.691895 2.147113 2.407874 2.083591 1.178857 1.780816 1.692191 2.109610 2.178728 1.278475 1.496319 2.400577 0.980832 2.124402 1.469249 1.761532 2.039823 1.916685 1.582856 2.022696 2.165088 2.086337 1.851306 2.492969 1.712330 1.784101 2.180700 1.932486 2.034744 1.578904 1.564991 1.395498 1.283528 1.641959 2.437022 1.057128 2.422966 1.601944 1.172666 1.178965 1.488133 2.136722 2.819981 1.817281 1.906979 2.085695 2.377631 1.467154 2.112262 1.612078 1.825744 1.251040 1.727259 1.897402 2.153357 1.040518 1.730751 2.333498 1.122581 2.174992 1.760712 2.101404 1.242666 1.361897 1.815249 1.694940 2.688447 2.351389 2.325395 
2.796530 2.102463 2.039394 1.149993 1.203111 1.382694 0.990831 0.000000 1.945056 1.369440 0.971709 1.851857 1.525912 2.268160 1.693668 2.098449 1.904533 3.464445 3.421338 3.679006 3.255894 2.970754 3.026920 3.072909 2.828133 3.550925 3.040383 3.216510 3.273072 3.382357 2.809677 3.566993 3.252359 3.092853 3.759625 1.998007 1.311473 2.162406 2.156302 1.980208 1.969775 2.827803 1.919783 2.387929 2.141503 1.553973 2.015412 3.047222 5.372655 3.786248 4.609953 5.471705 4.958282 1.987677 4.883970 4.033567 5.202286 3.080716 4.116001 4.850312 1.674049 1.988806 1.782679 1.845402 1.765848 1.640777 3.138384 3.508316 3.251522 3.279580 2.748337 2.595227 2.097582 3.046806 4.236252 2.276639 2.153984 1.845021 2.518518 2.204091 3.392985 2.522014 3.863256 2.059684 4.465503 2.963775 3.657998 0.961599 1.559107 2.505903 2.021330 2.077356 2.000714 2.253810 2.116473 2.247640 2.306189 2.608858 2.537705 2.334264 2.028861 2.488923 2.078555 2.154268 1.919828 1.790111 1.671604 1.897557 1.536807 1.973718 0.756249 1.095511 1.247287 1.231449 1.446785 1.097984 1.047613 1.362479 0.669001 1.033037 1.268354 1.670712 0.850420 0.625074 1.809031 2.060362 1.597518 1.058392 1.294090 1.394899 1.344462 1.200018 1.027886 1.261171 1.734369 2.407075 1.378363 1.599389 3.010748 1.593876 2.375797 3.481189 3.353036 2.996904 0.977414 1.858135 3.521807 1.782871 1.870808 1.497125 2.483514 2.438580 2.457263 1.891283 1.129059 1.407213 0.930984 2.058425 2.593077 1.788335 2.808661 1.736638 2.278307 1.802603 1.270868 2.994170 3.881201 3.554392 4.092974 3.651500 1.860266 2.073981 2.427489 2.586906 2.662273 1.806870 2.396848 2.206686 2.538642 2.623304 1.356236 1.536734 2.835359 1.486592 2.543900 1.702365 2.383869 2.189092 2.594108 2.265539 2.184199 2.861737 2.325178 2.522931 2.650133 1.930607 2.021781 2.352909 2.369770 2.204747 2.175658 2.261479 2.219160 2.086393 1.807266 1.915764 1.086844 1.903480 1.432063 1.420276 1.005212 1.594989 1.710113 2.389241 1.446452 1.764384 2.068658 2.104959 1.853596 2.377281 2.339096 2.399183 1.772888 2.146757 2.175257 2.267165 1.438036 2.251438 2.740663 1.714915 1.985289 1.630432 1.774120 1.319321 1.314400 2.119695 1.420654 2.399442 1.983199 2.111210 
2.308580 2.389902 2.135077 2.284318 1.720188 2.156835 2.415632 1.945056 0.000000 1.193710 1.545741 1.159427 0.734295 3.246844 1.754033 3.167829 2.918569 4.472929 4.380068 4.636257 4.476497 3.783255 3.902859 3.891530 3.803728 4.001989 4.048916 4.369767 4.541067 3.652930 3.880131 4.511713 4.315770 4.118891 4.874073 3.463548 2.953892 3.072989 3.439483 3.442964 2.895622 3.927291 3.066792 3.231733 2.504935 2.702748 2.693936 2.940482 5.414359 4.435597 4.495745 5.434904 4.825973 2.978220 4.481449 4.340638 4.564853 3.340619 3.938457 5.023806 2.330597 2.076639 1.787941 1.316180 0.731225 1.664409 3.674577 3.414652 3.192971 4.010806 2.536373 2.840303 2.824988 2.947973 4.475630 2.579394 3.325028 3.012163 2.877367 3.338126 3.767186 3.245848 4.322096 3.161825 4.800106 3.978148 4.218919 2.561510 2.421187 3.703805 2.631108 3.350427 3.406165 3.271860 3.081851 3.661183 3.496174 3.843961 3.323266 3.929625 2.437001 2.929081 3.031402 2.549471 2.523892 1.786010 1.875382 1.639195 1.922875 1.993302 2.043423 2.256969 2.089957 1.545593 2.747686 2.190938 2.696616 2.676291 2.153089 2.535568 3.029740 2.169262 2.155612 1.943600 2.028796 2.470790 1.727183 2.219208 2.250429 2.892020 2.836741 2.074422 2.007724 2.799924 2.950234 3.337414 2.005810 2.369944 3.038853 2.229659 2.926470 3.823203 3.938330 4.699748 2.350901 3.196129 3.803653 3.064309 1.720013 2.124252 3.503918 3.466224 2.674928 2.642188 1.853727 2.322248 2.127884 2.432811 2.514716 2.073158 2.915864 2.801937 3.444268 1.582265 1.625937 3.418733 4.070466 3.741148 3.849883 4.104700 2.321169 1.906610 2.853467 3.249034 2.654927 2.741703 3.175070 2.935929 3.109764 3.003206 1.830747 1.241715 3.183850 2.073767 2.951138 2.628620 2.444012 2.165061 2.808544 2.507032 2.108443 2.888467 1.967478 2.887907 1.689762 2.409926 2.664259 2.322778 2.389436 2.466058 2.285329 2.230219 2.481005 2.705236 2.360788 1.541874 1.611830 2.142564 1.585653 1.964316 2.140575 1.918719 1.389254 1.721280 2.197169 2.734667 2.180057 2.293971 2.250450 2.514681 2.791798 2.789584 2.550487 2.934538 2.038036 2.153377 1.813386 2.714477 2.807642 2.600409 1.740903 2.300062 1.469171 1.537678 2.395253 2.067919 1.199331 1.911421 1.869381 3.120528 
2.094198 1.676010 1.678235 1.776362 1.435062 1.664003 1.832333 1.369440 1.193710 0.000000 1.111124 1.316575 1.263720 2.531329 1.186791 2.421226 2.310338 3.964973 3.813288 4.128301 3.740257 3.270117 3.119987 3.324751 3.295772 3.567562 3.540959 3.802988 3.934665 3.125258 3.320362 4.003757 3.807814 3.434464 4.366116 2.890527 2.198913 2.208349 2.732111 2.891990 2.387666 3.360511 2.558836 2.547306 1.820508 1.971689 2.015619 2.314350 5.138383 3.751171 4.193863 5.023811 4.432590 2.283431 4.189774 3.617477 4.333278 2.791416 3.763565 4.616040 1.544679 1.771285 1.515785 1.368695 1.144924 1.024699 2.994114 3.005945 2.481420 3.447990 2.336594 2.226126 2.241447 2.677179 4.099520 2.511893 2.886038 2.701604 2.359670 2.899274 3.358896 2.742726 3.796622 2.653869 4.525349 3.446662 3.565489 2.053554 1.634267 2.937610 1.966383 2.542290 2.608882 2.433126 2.276034 2.796542 2.729979 3.077767 2.511186 3.070165 2.135222 2.323617 2.321459 1.995120 1.893719 1.343028 1.403238 0.857259 1.467572 1.455345 1.729033 1.738711 1.683309 1.766323 2.436720 1.821736 2.044716 2.017086 1.625685 1.898104 2.489500 1.896743 1.704894 1.259439 2.073073 2.396144 1.662639 1.543061 1.865615 2.530120 2.253442 1.683302 1.750997 2.238959 2.124454 2.637443 1.495481 1.730625 2.595263 1.464270 2.350629 3.348561 3.378560 4.049572 1.680850 2.424753 3.038460 2.258609 1.958595 1.506528 2.878315 3.098241 2.766510 1.834272 1.138649 1.440741 1.743651 1.721460 2.253831 1.266423 2.258051 1.993638 2.519175 2.004716 1.347720 2.778196 3.636404 3.095430 3.601483 3.415702 1.705180 1.720636 2.072730 2.618860 2.196231 2.113907 2.491254 2.373113 2.453684 2.217287 1.192588 0.830210 2.541916 1.487421 2.378593 2.042274 2.094594 1.899908 2.298445 2.087219 1.927085 2.455845 1.561320 2.582777 1.836159 1.795945 1.962850 1.890221 1.748664 2.185584 1.843170 2.045181 1.995710 2.146239 1.925997 1.807563 0.897803 1.616031 1.414489 1.235139 1.397255 1.271439 1.539179 2.043741 1.551334 2.029630 1.235357 1.990488 1.927857 2.129439 2.373035 2.196524 1.932461 2.313114 1.704020 1.662814 1.107219 2.271449 2.406327 2.078003 1.749425 1.747388 1.699764 1.418982 1.977049 1.895679 1.404674 2.157425 2.383413 2.735565 
2.158170 2.081730 2.146723 1.222309 1.136983 1.124657 1.196060 0.971709 1.545741 1.111124 0.000000 1.361709 1.292023 2.093053 1.399191 1.865073 1.758223 3.536238 3.371037 3.686050 3.298006 2.998806 2.846193 2.907147 2.966217 2.897573 3.169867 3.360736 3.518321 2.680048 2.878111 3.659139 3.365563 2.992213 3.923865 2.642443 1.808480 2.227564 2.354844 2.475972 1.975248 2.918260 2.116585 2.105055 1.616517 1.466880 1.504084 2.439744 5.200069 3.395438 4.437367 5.267315 4.494276 1.961064 4.433278 3.860981 4.576737 3.025777 3.755402 4.677726 1.501463 1.832971 1.481592 1.281974 1.361894 1.230405 3.024622 3.067631 2.762020 3.442630 2.398280 2.469630 2.219113 2.775358 4.190069 1.850113 2.432511 2.039696 2.308432 2.362012 3.420582 2.367520 3.858308 2.092459 4.587035 3.117490 3.533097 1.499687 1.498448 2.763865 1.813408 2.355600 2.299530 2.293332 2.147512 2.627000 2.352712 2.700500 2.546506 2.762855 1.690049 2.385302 2.160188 2.072350 1.985374 1.697187 1.478326 1.591519 1.529258 1.506184 1.229842 1.640185 1.484883 1.185602 1.740628 1.374925 1.667449 1.621552 1.199109 1.340842 1.827789 1.541962 1.206204 0.857554 1.740058 1.965789 1.568389 1.220320 1.365816 1.909290 1.750250 1.363878 1.131772 1.651169 1.946961 2.135019 1.309994 1.520806 2.656949 1.591218 2.203211 3.371355 3.258591 3.691128 1.301235 2.211270 3.082949 1.990626 1.420322 1.675906 2.342896 2.659451 2.497099 1.852038 1.307241 1.589777 1.343543 1.861621 2.191824 1.537204 2.666235 1.911135 2.450999 1.795244 1.241968 2.872355 3.879908 3.295003 3.844988 3.596561 1.766866 1.732301 2.161707 2.649614 2.408065 1.903254 2.341909 2.317123 2.537346 2.450718 1.068811 0.906587 2.603602 1.316703 2.440279 1.855096 2.161462 2.148594 2.360131 2.187915 1.988771 2.543437 1.846953 2.700671 2.180664 2.030773 1.918161 2.133725 1.869739 2.257632 1.857797 2.010989 2.067759 2.207925 1.673616 1.870367 0.955526 1.624906 1.065672 1.464165 1.425042 1.369190 1.525691 2.024443 1.721953 2.112254 1.923141 2.197648 1.940138 2.095247 2.455446 2.274138 1.880537 2.077039 1.755773 1.709578 0.909351 1.967720 2.428099 1.850415 1.647051 1.762419 1.763960 0.992088 1.595623 1.814427 1.005994 2.080957 1.940416 2.377116 
1.930209 2.213741 2.237460 2.197725 2.201165 1.831397 2.402431 1.851857 1.159427 1.316575 1.361709 0.000000 1.062891 2.821878 1.541405 2.684040 2.728897 4.362806 4.029304 4.344317 3.928537 3.494083 3.477894 3.722584 3.713740 3.533577 3.938793 4.019003 4.228401 3.118631 3.567465 4.219772 4.023830 3.832298 4.582132 3.385789 2.939800 2.465315 3.269646 3.414303 2.785499 3.576526 2.956670 2.763321 2.211293 2.395429 2.224463 2.522451 5.393628 4.136704 4.518294 5.097238 4.746658 2.355694 4.445019 4.252362 4.528579 3.369989 4.125432 4.940472 2.065850 2.273589 1.754178 1.080291 1.414270 1.492549 3.484031 3.463568 3.163518 4.119725 2.794216 2.821213 3.007300 2.932424 4.518558 2.569488 3.222459 3.009199 2.986286 3.212051 3.899635 2.900431 4.548663 3.051702 4.985776 4.141109 4.210192 2.585394 1.931160 3.326899 2.415854 3.101041 2.980309 2.664185 2.891289 3.235326 3.149866 3.438830 2.788076 3.503768 1.974229 2.685059 2.932984 2.637664 2.632220 1.913180 2.019970 1.466045 1.957647 1.905026 2.039127 1.933711 2.251825 1.568654 2.683137 2.016928 2.717818 2.721023 2.197821 2.345896 3.016539 2.195123 2.073445 1.882450 2.161591 2.889101 2.280697 2.263940 2.295161 3.099777 2.823540 2.066674 2.151832 2.831171 2.444008 2.976453 2.138763 2.507653 2.850509 2.009407 2.528204 4.124525 3.672723 4.728282 2.395633 2.786612 3.538906 2.732570 1.788045 2.175741 3.370266 3.707438 3.072259 2.446764 2.080578 2.393354 2.332123 2.601729 2.743553 1.863313 3.060949 2.472348 3.200507 2.174718 1.970116 3.506926 3.976841 3.647523 3.872106 4.134070 2.371265 2.120159 2.765191 3.155410 2.744600 2.947544 3.204440 3.044848 3.197958 2.797282 2.036588 1.425989 3.036749 2.300333 2.765940 2.855186 2.583305 2.388619 2.653965 2.595226 2.358801 2.965281 1.999891 3.029174 2.407666 2.480823 2.458336 2.268295 2.124689 2.472579 2.491170 2.532397 2.592729 2.887547 2.566629 1.627787 1.890156 1.830303 1.799912 2.225930 2.351020 1.930921 1.768948 1.412983 2.284532 2.982243 2.479393 2.520821 2.650530 2.339738 2.903521 2.877778 2.732798 2.749340 2.022768 1.935435 1.795698 2.655803 2.837012 2.709328 1.702972 2.212227 1.289856 1.694444 2.644068 2.378333 1.775686 1.618942 2.221885 3.225287 
2.129158 2.247466 1.804055 1.771786 1.958953 2.085452 1.973261 1.525912 0.734295 1.263720 1.292023 1.062891 0.000000 2.898590 1.547181 2.917949 2.570315 4.078043 4.042890 4.279833 4.128244 3.321727 3.741736 3.496645 3.413237 3.607103 3.654030 3.974882 4.075167 3.596836 3.531878 4.167820 3.903512 3.770638 4.420363 2.963671 2.553201 2.846994 2.968630 2.891609 2.500736 3.573856 2.613083 2.836847 2.412587 2.354494 2.345683 2.819512 5.255774 4.163206 4.337160 5.302115 4.651733 2.645499 4.302028 4.207849 4.552718 3.207829 3.805667 4.891017 2.197808 1.805477 1.789193 1.470344 0.834290 1.636071 3.495156 3.304052 3.199975 3.718919 2.377788 2.707514 2.574552 2.763482 4.112570 2.075538 2.911344 2.551518 2.601024 2.872226 3.490843 2.892413 4.053739 2.690743 4.549669 3.641003 4.080949 2.072507 2.061316 3.257600 2.452416 2.955196 2.981945 2.851338 2.815915 3.236962 3.058606 3.383472 3.191205 3.505404 2.233303 2.818625 2.967579 2.416681 2.391103 1.483329 1.613077 1.487214 1.741404 1.976076 1.659632 2.009520 1.985751 1.262752 2.374280 1.694500 2.213572 2.279994 1.729518 2.279809 2.656335 2.038573 1.782206 1.519380 1.936588 2.534272 1.800421 1.869463 1.830940 2.395019 2.394370 1.890366 1.734128 2.426519 2.382911 3.021705 1.574539 2.275886 2.906063 1.954496 2.623893 4.077101 3.472429 4.014778 1.871024 2.771909 3.670864 2.676698 1.670566 1.565473 3.124577 3.056290 2.555855 2.413657 1.430853 1.970389 1.590068 2.236052 2.655449 1.751798 3.033477 2.281246 3.021370 1.791059 1.463201 3.168296 3.937676 3.630504 3.717094 3.971910 2.172836 1.929460 2.720678 3.057421 2.625645 2.514796 3.042280 2.685493 2.976975 2.870416 1.717006 1.486082 3.051060 1.800228 2.840682 2.401713 2.227599 2.032271 2.675754 2.256596 1.916830 2.755678 2.043997 2.637471 1.993191 2.242741 2.600436 2.189988 2.338747 2.343410 2.193081 2.078698 2.230569 2.454800 2.133881 1.824832 1.735907 1.859671 1.368772 1.881394 1.802070 1.664358 1.345822 1.652067 1.960908 2.306612 2.166990 1.871097 2.049159 2.381891 2.541362 2.597971 2.300050 2.824082 1.905247 2.084197 1.784147 2.696221 2.674852 2.344791 1.630447 2.236238 1.287700 1.690014 2.167551 1.964299 1.554270 1.920916 1.766727 2.958188 
3.220190 2.905485 3.101283 1.677954 2.297727 1.794211 1.858079 2.268160 3.246844 2.531329 2.093053 2.821878 2.898590 0.000000 1.773519 1.259733 0.757332 2.024370 1.664960 1.983550 1.699797 1.655766 1.657375 1.375882 2.097942 2.221767 1.626674 1.857847 1.974779 1.652357 1.659796 2.003302 1.917249 1.805021 2.023160 2.325609 2.352555 2.450393 2.518164 2.689729 1.489870 1.408111 1.231254 1.030898 1.517444 1.445096 1.068466 1.321902 3.511166 1.699906 2.566645 3.784524 2.871940 1.486082 2.615810 2.176872 3.175720 1.676608 2.422258 2.988822 2.167532 2.415833 2.344135 2.811954 3.150698 2.421105 1.592136 1.657234 1.489244 1.833027 2.008469 0.926487 1.849991 2.814377 3.495177 1.512883 1.331901 1.462183 1.869908 1.241387 2.459467 1.277897 2.991311 1.102634 3.556955 2.334334 2.492163 1.956994 1.679013 2.807492 2.047276 1.686914 2.366686 1.795466 2.075785 2.461475 2.080177 2.684023 2.235690 2.922496 2.104897 2.348928 1.442627 2.078665 2.607813 2.614296 2.665228 2.871211 2.277957 2.255620 2.519306 2.670731 2.690899 2.650166 3.064621 2.594083 2.548988 3.129924 2.507069 2.414084 2.570623 3.171067 1.984869 2.069992 3.428961 3.616961 3.146877 2.307556 2.852563 3.337674 2.508005 2.382782 2.041093 2.912600 2.773972 0.899721 2.767148 2.078031 1.781333 2.477514 2.155480 4.344593 2.409913 4.397554 2.329604 2.332364 2.471073 2.317876 2.750318 2.596354 1.300019 3.723223 4.326370 2.754687 2.370782 2.747229 2.263996 3.398283 3.363863 2.584616 3.438271 2.393299 3.077253 3.646446 2.502288 1.546998 2.335794 1.922502 2.181253 1.879755 2.020801 2.126980 1.721523 1.746353 2.335273 2.299444 2.192953 1.907378 1.730135 1.594116 2.653406 2.077667 1.498423 1.975046 2.132668 2.067758 2.274371 2.530734 2.459888 2.505504 2.202736 1.911448 2.806449 3.177887 2.975042 2.496167 2.045647 2.174912 2.384553 2.372608 2.355691 2.723610 2.527658 2.531874 2.365368 3.519026 2.144329 3.370756 2.768879 2.754144 2.501791 2.248128 3.299175 3.523112 3.160143 3.424967 3.327601 3.640832 2.903652 2.453301 2.913049 2.313073 2.475264 2.073852 2.604274 2.701587 1.687627 1.314111 1.165238 1.668053 2.484895 1.545182 3.164629 1.970312 2.782894 2.742886 2.864966 3.059035 3.428211 3.199466 
1.513631 1.298955 1.728024 1.313013 1.947076 1.626517 1.581827 1.693668 1.754033 1.186791 1.399191 1.541405 1.547181 1.773519 0.000000 1.857115 1.828399 3.086978 3.123233 3.346461 2.900459 2.511298 2.586785 2.482999 2.690331 2.741343 2.605273 2.851029 3.244702 2.691885 2.648115 3.352094 3.092626 2.726537 3.485903 2.231808 2.021114 2.136880 2.165161 2.355720 1.459236 2.593130 1.795112 1.681886 1.504695 1.529936 1.483536 1.784552 4.158235 2.828083 3.239621 4.112628 3.524152 1.697177 3.252479 2.850854 3.941267 1.968481 3.241227 3.661799 1.049332 1.305631 1.070159 1.524209 1.680015 1.543372 2.171077 2.338741 2.080519 2.725006 1.745177 1.409342 1.841086 1.760060 3.582341 2.046068 2.296892 2.487093 2.231097 2.633998 2.724130 2.028812 3.397930 2.155774 3.942397 3.002316 3.084678 1.671545 1.161944 2.128235 1.773525 1.947060 1.986690 1.886201 2.027249 2.143246 2.088287 2.406501 2.226068 2.557208 1.909923 1.514610 1.876303 1.385367 1.605514 1.402573 1.495628 1.409488 1.277048 1.203517 2.034325 2.366926 2.418182 2.127449 2.548590 2.019590 2.224496 2.607207 1.959944 1.880565 2.322522 2.648350 1.730005 1.547275 2.906244 3.094244 2.593071 1.733646 2.329846 2.612923 2.074055 2.004681 1.638376 2.306970 2.061055 2.145941 1.804742 1.536112 1.670465 1.946042 1.410197 4.128518 2.922838 3.882007 2.056887 1.839821 2.370417 1.872707 1.576380 1.668663 2.462723 3.519471 3.653394 2.450757 1.460244 1.544013 1.926682 2.087081 2.706865 1.424419 2.886051 2.032852 2.469331 2.957559 1.274445 2.170507 2.820534 2.699283 2.795222 2.732562 1.269198 1.749834 1.528388 2.076896 2.005192 1.781330 1.991167 1.740262 2.031744 1.536950 1.479084 1.004936 1.794791 1.185105 1.500397 1.875143 1.740437 1.341994 1.489596 1.360836 1.432876 1.686608 1.472179 1.901760 1.711233 1.266524 1.520925 1.127553 1.243125 1.810866 1.798348 1.932195 1.767883 1.721333 1.947550 2.645683 1.527697 1.965381 1.638205 1.886167 1.576673 1.488124 1.785677 2.152842 2.100551 2.142495 2.302320 2.322396 1.981297 1.699798 2.071742 2.000486 1.857676 1.730499 1.382283 1.330639 1.138877 1.742956 1.827791 1.673951 1.289108 1.274375 1.635587 1.458590 2.056408 1.890732 1.902653 1.969769 2.798874 2.877948 
3.045815 2.689651 2.644807 1.631949 1.912710 1.316446 1.766620 2.098449 3.167829 2.421226 1.865073 2.684040 2.917949 1.259733 1.857115 0.000000 0.941453 2.066983 2.059174 2.518641 1.748628 1.992229 1.423176 1.655398 1.827366 2.602451 1.642501 1.898706 2.236116 2.183014 1.805187 2.319909 2.053700 1.493239 2.362002 1.866835 1.494263 1.487576 1.670988 1.862524 1.443550 2.020775 1.299358 1.516276 1.111909 1.483269 1.048487 1.767935 3.821766 2.376675 3.426711 4.723698 3.626323 1.191108 3.054975 3.174869 4.097797 2.183104 3.257622 3.417070 1.782565 2.114595 2.261556 2.433474 2.889865 2.011537 2.450579 2.214536 1.979575 2.783965 1.845320 1.772687 1.768296 2.001058 4.341866 2.177754 1.944482 2.114280 2.474868 2.044807 2.982907 1.596550 3.624078 1.789370 4.003171 2.858207 3.338853 1.761376 1.486542 2.023133 1.581834 1.282564 1.432278 1.163544 1.229182 1.989564 1.400253 1.790393 1.954751 1.983473 2.024018 2.158835 1.497510 2.054753 2.226359 2.522099 2.468005 2.643461 2.153219 2.140680 2.146732 2.391218 2.198480 2.379506 2.932275 2.487643 1.984824 2.637505 2.192904 2.131008 2.134983 2.886372 1.881605 1.837379 3.118361 3.155630 2.867364 2.011590 2.572295 3.054597 2.294481 2.103270 1.773971 2.517741 2.613890 0.937027 2.368384 1.450457 1.470601 1.971904 1.724048 3.334272 3.010714 3.578033 1.897096 1.320297 1.932808 1.507279 2.470985 2.094757 1.536547 2.875432 3.865039 2.052907 2.188150 2.664650 2.033506 3.016123 2.566365 2.228147 2.640772 1.559822 2.243510 3.351845 2.419710 1.989709 2.986899 2.384990 2.951979 2.777699 1.838005 1.924624 1.649270 2.058846 1.917729 1.843409 1.484575 1.592210 1.846631 1.534101 2.371848 1.967565 1.996597 1.623730 1.966103 1.877034 2.022173 2.373724 2.100765 2.100582 2.275109 1.981470 2.320453 2.620146 2.737739 2.172882 1.737906 2.187027 2.075984 2.097112 2.132984 2.325931 2.371093 2.224133 2.435652 3.429425 1.852408 3.143903 2.851847 2.313392 2.375104 1.893328 3.185509 3.594985 3.046477 3.247812 3.066769 3.708984 2.752108 2.338317 2.549382 2.078504 2.111597 1.713508 2.490608 2.268180 1.426795 0.953545 2.107280 1.337105 2.584135 1.690484 3.263869 1.744974 2.680908 2.660308 2.578226 3.127186 3.159946 2.343150 
3.032632 2.611123 2.625103 1.281697 1.888241 1.620020 1.426731 1.904533 2.918569 2.310338 1.758223 2.728897 2.570315 0.757332 1.828399 0.941453 0.000000 2.129837 1.849314 2.167904 1.979573 1.476746 1.903057 1.450617 1.951899 2.298886 1.602570 1.971516 2.023375 2.021795 1.717244 2.077900 1.796823 1.755184 2.237596 2.152580 1.752052 2.381970 2.060993 2.099588 1.226393 1.297339 0.853364 1.236212 1.220271 1.089115 1.048366 1.703853 3.738833 1.926094 2.976130 4.194009 3.070235 1.527218 2.979438 2.468710 3.771043 1.749893 2.605649 3.216489 1.782560 1.808560 2.209311 2.631272 2.640604 2.135943 1.754562 1.660592 1.346989 1.960159 1.721138 1.104915 1.148879 2.466207 3.506245 1.342132 1.132390 1.254221 1.582711 1.269308 2.053167 1.249100 2.694338 0.961624 3.073431 1.928468 2.491466 1.603729 1.738528 2.619961 2.141626 1.844613 2.208896 1.914537 1.773209 2.536907 2.126531 2.589200 2.625479 2.721992 2.569946 2.236052 1.261515 1.811468 2.115428 2.140442 2.155135 2.767867 1.865680 2.074938 2.120183 2.453427 2.281414 2.422499 2.882812 2.417455 2.185361 2.720439 2.143442 2.178467 2.085520 2.948581 1.802663 1.703406 3.201294 3.217838 2.929572 2.028696 2.624896 2.984409 2.234655 2.165478 1.749255 2.468279 2.837820 0.821924 2.257054 1.403171 1.756654 2.495504 1.927381 4.158078 2.079624 3.807413 1.920119 1.956597 2.260989 1.884688 2.521377 2.121756 1.053562 3.313738 3.927248 2.512517 1.896184 2.400640 1.907551 2.787588 3.078702 2.309817 3.185538 2.167410 2.661419 3.168982 2.038053 1.392932 2.311387 1.852237 2.266104 2.043584 1.479878 1.616887 1.356573 1.402006 1.908935 1.587969 1.522796 1.300384 1.286633 1.370342 2.132950 1.856677 1.386948 1.262783 1.925674 1.366646 1.846935 2.118725 2.342774 2.096934 2.011099 1.818910 2.177126 2.523834 2.606126 1.863957 1.603359 2.099488 2.296584 1.745068 1.823088 2.203154 2.010161 1.830762 2.053066 3.228562 1.623873 3.115187 2.470190 2.079675 2.070186 1.964445 2.824577 3.213328 2.685545 2.866155 2.817508 3.348053 2.439416 2.213997 2.438451 1.838475 2.000666 1.864204 2.459088 2.510543 1.295181 1.218540 1.295188 1.250876 2.378949 1.285503 2.882212 1.508679 2.361651 2.278651 2.344510 2.930961 3.142928 3.005142 
4.003328 4.239486 4.400577 2.916059 3.424408 3.186267 3.122253 3.464445 4.472929 3.964973 3.536238 4.362806 4.078043 2.024370 3.086978 2.066983 2.129837 0.000000 1.542264 1.085038 1.133941 1.614695 1.296168 0.969262 1.415866 1.280477 0.959323 0.730492 1.542628 2.689181 1.687965 2.213252 2.144740 1.674307 1.860854 2.675144 2.691949 3.224598 2.057032 2.462527 1.821657 2.314207 1.653591 1.873465 2.227140 3.076776 2.781463 2.239749 4.424002 2.669685 3.852987 5.028444 4.263958 2.561983 3.249502 3.318688 4.860668 2.263072 3.452716 3.801752 3.571814 3.458403 3.891708 4.352882 4.324969 3.972396 2.543497 2.730320 2.665196 2.689138 3.129662 2.342545 2.938175 3.586330 4.684971 3.012298 2.546699 2.958533 3.341299 2.531864 3.627001 2.715785 4.252628 2.592325 4.699079 3.471214 3.939501 3.003020 2.734530 2.518858 2.618622 2.043542 2.655971 2.338424 2.310550 3.217197 2.480808 2.824336 3.336455 3.221322 3.336198 3.371109 2.583631 3.259546 3.619388 3.948044 3.834318 4.422501 3.509224 3.678901 3.513237 3.654299 3.705555 3.674404 4.101467 3.630928 3.335834 4.144581 3.543915 3.622219 3.485993 4.185723 3.065784 3.262199 4.443618 4.631617 4.130445 3.271019 3.867219 4.136178 3.453310 3.397439 3.222068 3.868752 3.104935 2.167095 3.560322 2.597984 2.594843 3.615103 2.830431 4.842102 3.513834 3.631828 3.344261 2.855948 2.701897 2.755097 3.758138 3.349854 2.268280 3.867190 4.688177 3.875835 3.581179 4.089072 3.332145 4.565217 4.527223 4.046216 4.256803 3.118475 4.048303 4.895758 3.740743 2.219312 3.126512 2.707113 2.884475 2.999769 3.295611 3.525908 2.616181 2.783134 3.316584 3.037000 2.579291 2.772220 2.317002 2.574740 3.910579 3.511311 3.012104 2.952329 2.847327 3.179537 3.516945 3.541550 3.740852 3.412659 3.474566 3.249651 3.904089 3.938393 4.030143 3.606153 3.226280 3.514011 3.780095 3.596265 3.674962 3.756790 3.791543 3.485651 3.752305 4.770794 3.401502 4.828782 3.949068 3.857305 3.768133 3.661487 4.578538 4.776932 4.498329 4.573483 4.579593 4.920195 4.088142 4.182822 3.968418 3.516513 3.547411 2.985556 4.177754 4.183912 3.121271 2.735030 2.762329 2.755944 3.763129 2.870167 4.428447 3.345132 4.022123 4.098987 4.122139 4.577787 4.419927 4.142538 
