240 240
0.000000 0.775297 1.281952 1.261674 1.909604 1.991682 1.962502 2.099543 1.527469 2.278249 2.124079 1.516236 1.433733 1.719180 1.376495 1.558428 2.355212 2.679099 1.143519 2.430067 2.443001 3.393947 3.497922 3.636046 3.621836 3.116397 3.512774 3.017803 3.251465 3.156209 2.864749 3.296981 3.150343 3.122713 3.134675 3.658333 3.533103 3.342189 3.705205 2.102921 2.424113 2.350155 2.269838 2.259335 2.955490 2.696589 1.993875 3.039570 2.180278 2.353824 2.108650 2.111683 2.140799 2.481412 3.143672 2.309965 3.931915 3.724404 3.161539 3.825664 2.058443 3.049885 3.215053 3.342034 3.559419 2.555444 1.082125 1.130202 1.591125 1.516531 1.730534 2.117176 2.652688 3.008003 2.277296 2.648803 1.493450 1.683557 2.147012 2.034562 1.126729 1.412064 4.068365 4.571956 2.910414 2.883243 2.416174 3.050914 3.162294 2.634668 3.755728 2.760355 3.867574 2.566472 3.316632 3.756180 1.932917 2.049898 2.582952 2.561884 2.135655 2.253624 2.277138 2.367924 2.711862 2.813904 2.993885 2.432853 2.912133 2.198900 2.621299 1.342384 1.368062 1.277946 1.380808 1.273337 1.205079 2.325620 2.315097 2.569651 2.252465 2.466696 2.576413 2.679952 2.226718 2.397279 2.241826 2.473380 2.096300 2.491533 2.999641 2.434318 2.339495 2.573636 2.393890 2.266927 2.033765 2.237654 2.614084 2.440230 2.500307 2.061733 2.820064 2.120583 1.951050 2.064459 3.701116 3.322015 3.509488 2.312698 2.195599 2.008586 1.984599 2.168241 3.691166 2.946358 2.487349 1.901507 1.819990 2.380158 1.579419 2.399901 1.751900 2.766719 2.305994 2.624310 1.706777 2.379645 2.745102 2.459965 2.696426 2.428260 2.950362 1.373308 1.869925 1.738172 2.000027 1.825643 1.950219 2.037251 1.720303 1.244975 1.561845 0.914100 1.424558 1.419290 2.646405 4.970213 1.685085 1.496866 1.949972 1.235315 1.005413 1.296445 1.174036 1.235874 1.777898 1.597464 0.889370 1.258533 1.194598 1.059740 1.596829 0.980142 1.038781 1.362779 1.280471 1.457174 1.403573 1.262505 1.548890 2.119961 1.713233 1.976364 1.949302 1.448180 1.115361 1.114633 1.906847 1.809407 1.876276 1.203866 2.402403 2.533333 1.573018 1.313404 1.691387 1.578444 2.245699 2.389092 2.102634 1.068804 1.865166 1.008519 1.776514 2.582389 2.867391 2.145252 2.443129 2.282482 
0.775297 0.000000 1.014341 0.824419 1.537263 1.836856 1.642203 1.704132 1.326279 1.770299 1.688344 1.266487 0.951489 1.401267 1.383714 1.380984 1.972998 2.329156 0.896521 2.034873 2.029976 3.217526 3.734385 3.369427 3.279485 2.900611 3.242460 2.804491 2.815201 2.901112 3.192681 2.992102 3.217996 2.904631 2.897434 3.658433 3.336839 2.957864 3.732545 1.782695 2.029950 1.691345 2.107390 2.235631 2.492672 2.212352 1.454737 2.739690 2.079622 2.427749 1.737841 1.640860 1.831160 2.291790 3.097462 2.215255 3.652927 3.347671 2.820243 3.706688 1.886572 2.894038 2.973940 2.828143 3.407026 2.028844 0.859942 0.808828 1.452738 1.408362 1.297754 1.975323 2.440855 2.567823 2.028573 2.245267 1.518639 1.476832 1.731136 1.467917 0.997712 1.226485 3.822019 4.229814 2.555360 2.527037 2.119428 2.699231 2.815806 2.323022 3.390581 2.405889 3.491922 2.328792 2.875562 3.402529 1.697998 2.127844 2.014420 2.072984 1.918723 2.170609 1.878373 1.847890 2.282737 2.423954 2.686674 2.368630 2.337651 2.115310 2.540698 0.914485 0.951814 0.821229 0.990232 0.888998 0.901495 2.079740 1.836489 2.150920 2.014065 1.922699 2.094169 2.197708 1.676709 1.916804 2.063552 2.249877 1.649472 2.268030 2.629391 2.083543 1.952356 2.198365 1.951233 1.866010 1.660476 1.714618 2.129225 2.038545 2.013033 2.244441 2.494553 1.649336 1.786431 1.773097 3.289460 3.025830 3.389337 1.830454 1.711177 1.655685 1.771925 1.673119 3.234377 3.031946 2.193340 1.392707 1.384491 1.937034 1.204628 2.064693 1.433268 2.425652 2.011110 2.227883 1.317766 1.932791 2.429943 2.256880 2.396806 2.355636 2.442518 1.012424 1.544626 1.284840 1.635390 1.312879 1.565718 1.521646 1.284040 0.864684 1.180580 0.973861 1.033188 1.300412 2.275014 4.645672 1.257443 1.120711 1.421333 1.043061 0.691629 1.065572 0.913292 1.070872 1.559222 1.332323 0.684944 0.896919 1.176890 0.525471 1.071592 0.720426 0.787031 1.105241 0.995244 1.111857 0.959556 0.944681 1.095895 1.930625 1.421966 1.481136 1.470584 1.499353 0.848210 1.168471 1.308441 1.284503 1.436500 0.995657 2.019283 2.370030 1.214743 0.927978 1.196438 1.197579 1.922974 2.123672 1.735297 0.962935 1.480860 0.948826 1.419323 2.231613 2.471000 1.808831 2.042192 1.835666 
1.281952 1.014341 0.000000 0.777054 2.054634 2.246550 1.797101 1.535823 0.951417 1.510297 1.374235 1.255703 0.839654 1.161321 1.301271 0.937299 2.522060 2.863531 1.477211 2.486895 2.388031 3.615340 4.235968 3.988134 3.758309 3.405006 3.888391 3.210746 3.423502 3.439421 3.697704 3.527572 3.786281 3.366323 3.416175 4.084283 3.825319 3.545186 4.232266 2.367015 2.176162 1.953881 2.471471 2.525782 2.358035 2.375592 2.218476 3.380963 2.609158 2.960458 2.282222 2.066778 2.131776 2.542314 3.565097 2.656564 4.091817 3.810824 3.461380 4.302143 2.521722 3.435242 3.454562 3.530486 3.743490 2.696837 1.029565 0.913319 1.211865 0.881922 1.256747 1.622378 3.023027 2.925867 2.315870 2.771588 2.115295 1.642827 2.319207 1.764071 1.327865 1.652788 4.002928 4.567657 2.751568 2.488412 2.203237 2.960322 3.038256 2.627351 3.501245 2.535465 3.731885 2.266244 3.034020 3.893670 2.126358 2.467641 2.601261 2.376501 2.488980 2.157072 2.453746 2.321801 2.622948 2.794606 2.986569 2.798382 2.692311 2.288206 3.201115 1.445056 1.329963 1.176864 0.743843 1.104872 1.025205 1.757081 1.443694 2.080771 1.786410 1.894803 1.676994 1.740773 1.936856 1.750931 1.671371 1.693174 1.764710 1.750431 2.198130 1.468023 1.681286 1.793363 2.097595 1.879209 1.605381 2.057893 1.925176 1.387889 1.835282 2.174673 2.791181 1.921721 2.092407 2.260650 2.825499 3.441424 3.090594 1.568532 1.972572 2.102841 1.552594 1.428756 2.624716 2.133497 1.847829 1.014661 1.199773 1.415621 0.804971 1.649658 1.347750 2.161691 1.934056 2.145309 1.229983 2.432268 2.857642 2.904156 2.941562 2.924329 3.073573 1.358338 1.491658 1.912078 2.257998 1.522306 1.781777 2.136933 1.534995 0.662761 0.932223 1.039197 1.300736 1.261161 1.644792 4.618723 1.837706 1.298651 1.572659 1.189866 1.292498 1.495245 1.207532 1.241825 1.512737 1.773319 0.967826 1.262852 1.150094 1.065633 1.566326 1.375890 1.105906 1.367594 1.137248 1.020157 1.250849 1.147931 1.219238 1.355610 0.985594 1.004260 1.281741 1.672208 0.504081 1.121213 0.910025 1.003293 1.014382 1.326206 2.228197 2.412476 1.535197 1.065244 1.353923 1.364293 2.131440 2.229046 1.888011 1.101173 1.944182 0.919013 1.424001 1.663590 2.173380 2.029880 2.398339 2.144338 
1.261674 0.824419 0.777054 0.000000 1.945404 2.156760 2.031826 2.027089 1.243620 1.714333 1.764112 1.310442 1.078520 1.587442 1.545928 1.115993 2.451441 2.823674 1.452034 2.324044 2.342677 3.788967 4.212828 3.847870 3.757928 3.395129 3.720903 3.282934 3.300916 3.379555 3.748047 3.470545 3.696439 3.383074 3.375877 4.136876 3.815282 3.436307 4.210988 2.127313 2.295031 1.846036 2.344121 2.414688 2.133950 2.270660 2.082765 3.262446 2.568112 2.999190 2.216284 1.912855 2.127604 2.460381 3.512517 2.686244 3.598847 3.644296 2.983257 4.070746 2.357561 3.058581 3.250525 3.364911 3.528845 2.578320 1.156094 1.083608 1.339378 1.199555 1.181538 1.166979 3.012297 2.864448 2.188649 2.723710 1.819199 1.446071 2.226795 1.786731 0.907533 0.971855 4.316538 4.724332 2.791137 2.657919 2.327233 3.193749 2.910471 2.395281 3.454796 2.718589 3.674622 2.718415 3.162814 3.973970 2.151872 2.207783 2.418937 2.116642 2.259704 2.476989 2.215718 2.216037 2.461793 2.576455 2.718238 2.722050 2.422375 2.545654 2.922194 1.179247 1.101793 0.980622 0.707486 0.732256 0.929890 2.164950 1.586299 2.586045 2.180559 1.764510 2.231655 2.250125 2.023427 1.894435 2.394654 2.277184 2.084596 2.510821 2.660033 2.225849 2.244764 2.329623 2.379085 2.293862 2.057372 2.113908 2.123790 2.043803 2.210788 2.326279 2.625435 1.717188 1.898993 1.902933 2.914482 3.586822 3.031483 1.866417 2.122953 1.823920 1.683369 1.364843 2.875655 2.855042 1.818361 1.227033 1.109372 1.602499 0.911538 2.027598 1.194607 2.095118 1.810677 1.852905 1.374574 2.421923 2.644163 2.773321 2.875249 2.666444 2.940511 1.143306 1.598372 1.840206 2.260974 1.364837 1.993569 2.027400 1.587937 1.148333 1.232702 1.398687 1.611902 1.748792 1.866268 4.615242 1.628087 1.366745 1.694465 1.302558 1.123332 1.135766 1.067209 1.308200 1.599676 1.311152 0.807740 1.071677 1.324955 0.936205 1.353691 1.195388 0.780392 1.283341 1.072482 1.215897 1.279529 1.135696 1.588042 2.126310 1.039715 1.168467 1.149281 1.746164 0.810654 1.456977 0.940052 1.433893 1.252443 1.186213 2.150165 2.326862 1.447088 1.018068 1.312201 1.488057 2.030327 2.346257 1.866179 1.339067 1.975379 1.284196 1.655100 2.313451 2.115572 1.939714 2.178287 1.999458 
1.909604 1.537263 2.054634 1.945404 0.000000 0.702950 1.716436 2.338435 2.190614 2.713918 2.706906 2.213226 1.985803 2.281489 2.286232 2.254301 1.142911 1.087720 1.430107 1.630320 1.071255 1.984146 2.405652 2.252189 2.138500 1.879254 2.225765 1.659651 2.154652 1.785054 2.347807 1.832393 2.160431 2.050615 2.068321 2.191472 2.085968 1.980964 2.336975 2.393592 2.694634 2.368139 2.771267 2.616860 3.240898 3.063637 1.707723 1.370774 1.468599 1.494381 1.655257 1.564959 1.332939 1.054592 1.656708 1.234499 2.357558 1.974828 1.614231 2.663726 2.022240 1.591853 1.622536 1.556412 2.352569 1.064459 1.223475 1.352010 2.316477 2.216040 2.323328 2.889363 1.150964 1.133589 0.782038 0.839588 0.948328 1.073258 0.570255 1.000905 1.646021 1.497816 2.777562 3.119996 1.370082 1.571468 1.141637 1.619311 1.637696 1.128170 2.270909 1.152884 2.263839 1.219377 1.883319 2.294421 2.195279 2.611051 2.109370 2.567100 2.190987 2.774842 2.292043 2.174798 2.588222 2.907161 3.169881 2.883236 2.906267 2.683837 3.068275 1.319094 1.175091 1.589890 1.642505 1.813606 1.402189 2.946435 2.837302 3.049572 2.818383 2.844767 3.081424 3.184963 2.668683 2.764898 3.005578 3.237132 2.234716 3.255285 3.581576 3.027161 2.921429 3.184994 2.603563 2.620175 2.284506 2.748932 2.981703 3.022164 2.991307 3.151861 1.355840 2.150391 1.069292 1.866634 4.086670 1.998087 4.025571 2.663863 2.114802 2.248871 2.315193 2.341773 3.888485 3.975565 2.990550 2.072270 2.237288 2.649883 2.279000 2.827208 2.241543 3.222862 2.764684 3.025093 1.927095 0.707631 1.226535 1.040028 0.929845 1.113971 1.046585 1.174511 1.433665 0.816073 0.646644 1.436812 1.028769 0.789434 1.204236 1.694496 1.776966 1.641471 1.812820 1.614180 3.386603 5.969063 0.694462 1.480351 1.266295 1.156959 1.180320 1.466081 1.345158 1.207010 1.891098 1.111668 1.605606 1.584389 1.536945 1.315737 1.302470 1.069080 1.551421 1.266633 1.358023 1.523720 1.039325 1.456267 1.285492 2.883713 2.527676 2.376923 2.260521 1.526075 1.987773 2.064513 2.284919 2.187478 1.855077 1.338470 0.927785 1.001790 1.319361 1.725482 1.556922 1.650310 1.400747 0.703799 1.399699 1.227231 1.133501 1.806950 2.024470 3.098309 3.297046 2.002529 1.465165 1.713717 
1.991682 1.836856 2.246550 2.156760 0.702950 0.000000 2.103296 2.744629 2.468185 3.162454 3.020578 2.562516 2.439056 2.734742 2.699434 2.452085 1.824042 1.603977 1.853362 2.300717 1.747077 2.023267 2.442714 2.479250 2.276882 2.066942 2.452826 1.831074 2.768712 1.913934 2.863686 1.937743 2.482810 2.489477 2.586290 2.196330 2.295870 2.286005 2.418796 3.096541 3.301734 3.053004 3.405292 3.221628 3.856839 3.716356 2.392589 1.549498 2.006415 1.902278 2.336389 2.000128 1.863115 1.069635 1.616841 1.482354 2.178340 2.026087 1.337376 2.316066 2.484682 1.362619 1.435461 1.541754 1.871132 1.524379 1.477869 1.751914 2.769730 2.410188 2.776581 3.103190 1.225002 1.190410 0.632002 1.004205 1.080685 1.311590 1.110773 1.536652 2.195675 1.846181 2.528334 2.928831 1.244210 1.728771 1.288030 1.468265 1.558997 1.710622 2.156786 1.366559 2.204663 1.327844 1.687594 2.276340 2.742343 3.171374 2.721313 3.247828 2.805048 3.293053 2.880650 2.788859 3.155010 3.484858 3.769397 3.414709 3.591133 3.202047 3.566069 1.540859 1.331353 1.832723 2.172681 2.182901 1.725575 3.318191 3.290555 3.432237 3.301500 3.232878 3.464089 3.567628 3.103852 3.147563 3.388243 3.619797 2.617381 3.637950 3.964240 3.398917 3.304094 3.451393 2.987635 3.002840 2.667170 3.245790 3.364368 3.404828 3.373972 3.583855 1.911960 2.807927 1.481196 2.436042 4.693769 2.004341 4.541667 3.046528 2.593317 2.926464 2.873553 2.878284 4.424996 4.260048 3.597649 2.608781 2.682407 3.094926 2.732253 3.286796 2.845006 3.829961 3.364510 3.692878 2.298222 0.849414 1.004039 0.888822 0.893170 0.923714 1.103023 1.606810 1.839859 1.472540 1.214173 2.048014 1.567691 1.450770 1.753825 2.069822 2.159630 1.935380 2.266073 1.880579 3.606561 6.082746 0.936915 2.025873 1.715817 1.249756 1.342288 1.706176 1.607833 1.177566 2.135133 1.249811 1.803782 1.901711 1.598661 1.763952 1.833490 1.203101 1.788725 1.430128 1.571377 1.836252 1.380972 1.633427 1.650073 3.266378 2.881940 2.789930 2.867620 1.543691 2.187493 2.261426 2.720088 2.628982 2.366231 1.557044 1.464296 1.148191 1.520051 2.127077 1.921502 2.180486 2.007846 0.906000 1.838387 1.474075 1.581076 2.113702 2.477723 3.470064 3.886061 2.609629 2.057764 2.302732 
1.962502 1.642203 1.797101 2.031826 1.716436 2.103296 0.000000 0.846168 1.627382 1.241796 1.260961 1.518587 1.345191 0.855853 1.554991 1.390283 0.996096 1.309869 1.048238 1.020918 0.921467 2.492140 2.519537 2.325762 2.052676 1.932902 2.228315 1.860962 2.016493 1.845567 2.274680 1.951362 2.137067 1.819421 1.884186 2.373693 2.133810 1.870551 2.471334 1.402146 1.547374 1.210201 1.777564 1.459758 1.936181 1.907924 0.988488 1.670586 0.968542 1.202783 0.983163 0.687425 0.739597 1.909735 2.777444 1.719396 3.884903 2.488639 3.324839 4.219043 1.418988 3.252655 3.301033 2.591699 3.809320 1.778455 1.137996 1.282273 1.459219 1.283592 1.287010 1.915057 2.058504 2.101176 2.244491 1.905645 1.912225 1.614813 1.446804 0.908813 1.814893 1.789131 3.205180 3.735220 1.531388 1.280296 1.547351 1.395769 2.175797 1.200746 2.719239 0.964987 3.228813 1.268980 1.966613 2.701700 1.400586 1.862919 1.585687 1.714734 1.570453 1.864421 1.612758 1.361130 1.545463 1.875311 2.163271 1.986980 1.893284 1.615209 2.186604 1.529212 1.398580 1.382901 1.525154 1.809204 1.493181 1.550559 1.575032 1.587681 1.403551 1.344836 1.619534 1.541255 1.123817 1.262817 1.543688 1.775242 0.901266 1.793395 1.937867 1.554362 1.459539 1.473283 1.227221 1.158285 0.796352 1.506950 1.438447 1.378455 1.426168 1.717477 1.372066 1.365557 1.654861 1.278375 2.831598 2.205127 2.645743 1.097078 0.927443 1.409451 1.368175 1.369656 2.422152 2.259129 1.825590 1.208833 1.550439 1.223376 1.731878 1.579634 1.452256 2.301734 1.654793 2.167327 0.992150 1.872151 2.724738 2.721430 2.209823 2.819825 2.514802 0.990995 1.131888 1.359922 1.587043 1.158536 1.291066 1.458919 1.209166 1.161706 1.365248 1.435702 0.907433 1.168777 3.276581 6.076110 1.768973 0.857101 0.985541 1.386937 1.501052 1.644710 1.501930 1.267133 1.554918 1.664008 1.716964 1.720765 1.455050 1.477714 1.050928 1.450469 1.767249 1.501568 1.339405 1.299650 0.906426 1.276423 1.110985 1.946185 2.113508 1.535510 1.416050 2.014257 1.800828 2.050189 1.863633 1.845394 1.453018 1.396103 1.283018 2.151404 1.353024 1.614507 1.022621 0.767652 1.119766 1.581994 0.710774 1.333186 1.096141 1.731235 0.974636 1.831014 2.101745 0.812520 0.900139 0.721848 
2.099543 1.704132 1.535823 2.027089 2.338435 2.744629 0.846168 0.000000 1.302951 1.028152 0.936726 1.583749 1.152205 0.641079 1.516188 1.361603 1.356558 1.635674 1.287129 1.171483 1.267180 2.984090 2.904146 2.611560 2.455959 2.437978 2.511817 2.312385 2.061765 2.276013 2.699314 2.247192 2.413343 2.016915 2.039601 2.734874 2.452381 2.172248 2.859328 1.252905 1.254338 0.912333 1.575048 1.412282 1.610374 1.672375 1.338923 2.223406 1.362338 1.799492 1.256344 1.075829 1.248276 2.438270 3.378139 2.259678 4.514174 3.039888 3.935929 4.771392 1.341912 3.882064 3.876919 3.210062 4.218039 2.385104 1.527644 1.385822 1.280168 1.103237 1.128070 1.915805 2.589154 2.667254 2.790419 2.436578 2.589844 2.117375 2.072439 1.507568 2.016071 2.151546 3.838217 4.262518 1.947987 1.529365 2.097488 1.686637 2.871013 1.941673 3.329307 1.624215 3.890598 1.757744 2.387700 3.204406 1.224883 1.786703 1.504845 1.510356 1.439432 1.456280 1.422913 1.195597 1.500380 1.780883 2.093782 1.772564 1.783795 1.351291 2.175297 1.916016 1.747845 1.467053 1.581803 1.938067 1.586228 1.203113 0.952257 1.309439 1.133964 1.091757 1.071298 1.162783 0.859664 0.863053 1.035353 1.311207 0.660156 1.251596 1.361827 0.916365 1.111778 1.185847 1.015784 0.835907 0.482154 1.151069 0.878264 0.905128 1.122201 1.538122 1.670595 1.138724 2.244428 1.765124 2.062353 2.796693 2.548161 0.742039 0.761318 1.228305 1.321156 1.425178 1.986577 1.725057 1.267377 1.204795 1.561519 0.785066 1.531151 1.475619 1.557669 1.849405 1.344192 1.802024 1.077440 2.457523 3.332191 3.317974 2.889886 3.398878 3.111346 1.449045 1.499175 1.940274 2.154188 1.444379 1.711476 2.041867 1.649720 1.085292 1.285834 1.637691 0.715548 1.590257 2.917085 6.073987 2.295867 0.961531 1.389702 1.831820 1.840334 1.966158 1.683788 1.716374 1.443888 2.244231 1.749496 1.961625 1.549322 1.642424 1.516933 1.927362 1.783952 1.992353 1.672581 1.496447 1.460887 1.638398 1.524945 1.395924 2.084788 1.291421 1.271738 2.359623 1.654821 2.049992 1.740906 1.919792 1.521170 1.773912 1.870295 2.491781 1.842923 1.570566 1.354933 0.744945 1.337605 2.135922 1.265435 1.725757 1.609092 1.835672 0.690629 1.186874 1.512200 0.862120 1.418004 1.053273 
1.527469 1.326279 0.951417 1.243620 2.190614 2.468185 1.627382 1.302951 0.000000 1.461874 1.302491 0.684313 0.662488 1.109297 0.776126 0.450635 2.099934 2.463224 1.055086 2.279315 2.176814 3.225942 3.813843 3.598736 3.430301 2.982880 3.498993 2.909904 3.034104 3.017295 3.275579 3.105447 3.364156 3.009439 3.026777 3.709217 3.426723 3.123061 3.833670 2.067339 1.873729 1.880467 2.171794 2.375197 2.365642 2.245825 1.821805 2.958838 2.210562 2.538332 1.860096 1.859198 1.924196 2.418355 3.210250 2.275214 4.302723 3.570517 3.560841 4.495293 2.106869 3.503266 3.574176 3.202009 3.846588 2.336148 1.519085 1.192998 0.893417 0.446828 1.081945 1.286939 2.787109 2.891172 2.738225 2.495236 2.192938 1.935015 2.022601 1.809677 1.750603 1.912249 3.698450 4.068608 2.481397 2.342222 2.294068 2.626967 2.951717 2.387044 3.511630 2.389275 3.851222 2.072996 2.955804 3.500087 1.808500 2.317056 2.271434 2.247734 2.189304 1.701856 2.121342 2.022124 2.472362 2.644021 2.835983 2.493551 2.574453 1.970348 2.868711 1.820181 1.814737 1.661639 1.219073 1.497342 1.377362 1.576513 1.381761 1.887653 1.650383 1.800474 1.598627 1.896117 1.637807 1.746356 1.544742 1.607767 1.416036 1.616500 2.083520 1.361757 1.598465 1.890551 1.914733 1.519626 1.478273 1.625890 1.684470 1.398625 1.823981 2.082481 2.561783 1.714141 2.175756 2.020343 2.784055 3.169673 3.297868 1.612765 1.794772 1.955892 1.292666 1.403262 2.765374 2.151731 1.918016 1.194063 1.612539 1.507861 0.908832 1.542228 1.423242 2.098118 1.871763 2.267663 1.057649 2.660774 3.248864 3.207113 3.013219 3.077719 3.211392 1.558398 1.396023 2.112723 2.407929 1.927976 2.023039 2.244171 2.027973 1.260698 1.493188 1.259619 0.864117 1.501370 2.401036 5.099751 2.318844 1.363711 1.715647 1.753516 1.483610 1.941034 1.739365 1.597719 1.163886 2.120471 1.344672 1.821910 1.368936 1.582427 1.591403 1.589525 1.590681 1.755729 1.688690 1.542329 1.746681 1.750353 1.582349 1.089197 1.589939 1.273838 1.278673 1.691389 0.988752 1.259819 1.406424 1.496275 1.510536 1.807345 2.326916 2.313057 2.043502 1.572241 1.657706 1.220014 1.928286 2.164653 1.750912 1.210763 1.585806 1.045826 1.038605 1.429263 2.170344 1.811391 2.179850 1.936759 
2.278249 1.770299 1.510297 1.714333 2.713918 3.162454 1.241796 1.028152 1.461874 0.000000 0.602069 1.399697 1.155622 0.831008 1.533391 1.306922 1.739542 2.132602 1.532079 1.713191 1.687238 3.525386 3.273629 3.018036 2.819714 2.896009 2.843026 2.700635 2.549063 2.669750 3.096472 2.705454 2.834183 2.159628 2.225946 2.992700 2.532064 2.275341 3.029706 1.256087 1.225959 0.953875 1.367154 1.301309 1.202857 1.105433 1.690295 2.512140 1.719165 2.068965 1.712255 1.556925 1.857039 2.930321 3.816997 2.851383 4.882385 3.421080 4.322322 5.139602 1.346723 4.274660 4.283038 3.589182 4.849839 2.764224 1.969309 1.757100 1.436827 1.407917 1.330817 1.657903 3.021549 3.083181 3.234935 2.887650 2.956048 2.639685 2.461165 1.886688 2.107718 2.491911 4.204476 4.564513 2.130019 1.972184 2.576187 2.138569 3.264323 2.111837 3.773255 2.124226 4.273354 2.406330 2.781210 3.665032 1.329427 1.696449 1.752426 1.450164 1.670304 1.805651 1.533713 1.224718 1.456276 1.582115 1.731788 1.729789 1.517964 1.576548 2.013612 2.049821 2.120489 1.893560 1.657990 1.633506 1.863946 0.898997 0.921884 0.975230 0.734024 0.685062 0.847413 0.690968 0.713745 0.841056 1.009681 0.903976 1.091568 1.009643 1.448552 0.737185 0.781403 0.809846 0.951097 0.872773 0.965368 0.785480 0.893320 0.510146 0.702004 1.322728 2.189013 1.453309 2.688300 2.180739 2.330587 3.211969 2.003986 0.703858 1.029853 1.307150 1.725363 1.469837 1.905934 1.454103 1.435689 1.163484 1.391222 0.838419 1.501794 1.904147 1.529865 2.090544 1.322836 1.530879 1.418363 2.877686 3.722220 3.718913 3.254460 3.801830 3.512284 1.784521 1.941637 2.333940 2.555126 1.815823 2.183950 2.442805 2.113057 1.363913 1.725852 1.840497 1.409317 1.790468 2.757609 5.638083 2.612609 1.321382 1.600430 2.269154 2.164349 2.441647 2.121204 2.253329 2.136736 2.654815 1.890365 2.199730 2.371967 1.800714 1.672556 2.233195 1.973008 2.177489 2.100625 2.114706 1.870465 2.170774 1.812793 1.359682 1.638172 1.020678 1.394321 2.824006 1.704944 2.181036 1.420095 1.696650 1.814791 2.391631 2.339516 3.268845 2.393542 2.099668 1.865878 1.348673 2.007339 2.699436 1.778709 2.055885 1.782283 1.874762 1.216242 1.300138 1.660655 1.359734 1.969573 1.631243 
2.124079 1.688344 1.374235 1.764112 2.706906 3.020578 1.260961 0.936726 1.302491 0.602069 0.000000 1.066917 1.109052 0.728303 1.220162 1.121665 1.741823 2.104148 1.461865 1.611302 1.700428 3.487335 3.360518 3.060081 2.772492 2.863802 2.953007 2.690295 2.570868 2.674336 3.026582 2.548478 2.781591 2.455820 2.513863 3.151440 2.889739 2.608518 3.249081 1.506991 1.486412 1.005065 1.664721 1.589446 1.629536 1.549504 1.658493 2.599980 1.767228 2.237454 1.781814 1.392642 1.824732 2.904930 3.772639 2.754378 4.844092 3.416088 4.286962 5.126562 1.602427 4.247850 4.296228 3.514558 4.767379 2.682268 1.895192 1.663399 1.200521 1.188641 1.248357 1.646035 3.034739 3.096371 3.239686 2.900840 2.929238 2.559637 2.426847 1.781203 2.114185 2.483498 4.054740 4.385587 2.033936 1.839861 2.452016 2.235237 3.194521 2.372196 3.649075 2.038429 4.189049 2.223417 2.631228 3.566066 1.401264 1.729114 1.684106 1.470866 1.639790 1.779287 1.533578 1.478068 1.710776 1.883406 2.047007 2.007169 1.768260 1.679380 2.170449 1.927866 2.069573 1.762746 1.638397 1.643160 1.781486 0.815306 0.847971 1.051786 0.993104 0.992372 1.200137 1.012712 0.865914 0.978441 1.059090 1.179777 0.827260 1.201404 1.613761 0.946931 0.943928 0.934421 1.219602 1.087994 1.045914 1.149251 1.135452 0.700736 0.869157 1.355210 2.106554 1.459212 2.643417 2.080008 2.268512 3.201629 2.225204 0.861482 1.040143 1.258569 1.507948 1.416562 1.999739 1.497448 1.366250 1.136796 1.343187 0.767718 1.453004 1.721235 1.557997 2.118677 1.220803 1.575624 1.291544 2.867346 3.680343 3.700007 3.226836 3.815020 3.476436 1.714213 1.859177 2.334422 2.480665 1.777787 2.122772 2.406468 2.102717 1.257923 1.619863 1.624334 1.326858 1.594463 2.631895 5.566268 2.605597 1.277712 1.517429 2.186877 2.152938 2.360573 2.067059 2.170869 2.054277 2.656079 1.892645 2.094245 2.249507 1.775495 1.593859 2.223414 1.964094 2.035225 2.025198 2.008716 1.848227 2.064785 1.553820 1.099847 1.395535 1.006173 1.379923 2.510778 1.533506 1.845989 1.170300 1.534561 1.646404 2.278542 2.244009 3.186386 2.311083 2.017208 1.701075 1.266213 1.924880 2.616976 1.642527 1.749602 1.573405 1.538004 1.056859 1.097652 1.509583 1.300516 1.852411 1.501880 
1.516236 1.266487 1.255703 1.310442 2.213226 2.562516 1.518587 1.583749 0.684313 1.399697 1.066917 0.000000 0.771399 1.078088 0.342601 0.596731 1.995268 2.251413 0.990793 2.106768 2.069222 3.213167 3.756655 3.420788 3.311204 2.898767 3.290184 2.826761 2.881107 2.923382 3.138028 3.014372 3.240266 2.934174 2.945158 3.680703 3.359109 2.980134 3.754815 1.856436 1.802300 1.764301 2.014166 2.242207 2.216433 2.002285 1.574152 2.816212 2.101892 2.392147 1.760111 1.658604 1.774711 2.451658 3.224013 2.332090 4.372704 3.429472 3.623549 4.448103 1.923226 3.606347 3.638254 3.177562 4.041409 2.358759 1.623545 1.262865 0.830908 0.856468 1.059718 1.291522 2.811958 2.971852 2.799680 2.578548 2.334794 2.143160 2.025320 1.878041 1.712962 2.001995 3.729941 4.028334 2.362300 2.326498 2.432509 2.582888 3.015773 2.173830 3.627299 2.282273 3.897576 2.285644 2.992059 3.516758 1.644913 2.082361 2.073354 2.002129 1.988828 1.795201 1.908478 1.898102 2.289312 2.451033 2.592816 2.356614 2.319725 1.926243 2.624892 1.759584 1.864951 1.707780 1.326991 1.450850 1.433094 1.385441 1.343423 1.741026 1.572468 1.685615 1.758586 1.919568 1.494920 1.790299 1.689473 1.606602 1.316501 1.795049 2.325394 1.627400 1.592273 1.927984 1.831290 1.577235 1.580496 1.557951 1.884111 1.516931 1.785488 1.888751 2.398265 1.808526 2.132824 1.801540 2.977407 3.073554 3.182885 1.612783 1.718497 1.708436 1.345117 1.346655 2.873339 2.345034 1.881286 1.309928 1.603114 1.557814 1.077350 1.679195 1.410096 2.248562 1.680137 2.107926 1.258596 2.745690 3.322913 3.253254 3.089005 3.216725 3.234004 1.591918 1.630254 2.095119 2.454070 2.018561 2.164781 2.290312 2.156062 1.435676 1.738178 1.378734 1.075940 1.673396 2.552079 5.207296 2.270868 1.515710 1.817141 1.860588 1.583223 1.869528 1.824281 1.767894 1.627772 2.192544 1.450929 1.875324 1.873912 1.616753 1.519897 1.557953 1.590697 1.680933 1.836460 1.776693 1.809114 1.841785 1.672935 1.305956 1.372526 1.438721 1.362878 1.855396 1.197653 1.245539 1.359078 1.553161 1.728258 1.830684 2.382995 2.642234 2.129667 1.745092 1.743149 1.313007 2.037737 2.251092 1.827453 1.210946 1.465480 0.978428 1.121856 1.621624 2.188435 1.716018 1.968166 1.783989 
1.433733 0.951489 0.839654 1.078520 1.985803 2.439056 1.345191 1.152205 0.662488 1.155622 1.109052 0.771399 0.000000 0.804719 0.853225 0.703213 1.794214 2.088627 0.803927 1.882900 1.842004 2.900116 3.531652 3.205958 3.148111 2.630102 3.109851 2.624078 2.612234 2.711576 2.999723 2.823256 3.058436 2.709067 2.708223 3.427026 3.144533 2.770282 3.551480 1.577616 1.449328 1.415581 1.671163 1.967185 1.846506 1.726689 1.443572 2.653118 1.928371 2.185554 1.507318 1.473692 1.550754 2.220398 2.978449 1.927074 4.296302 3.217738 3.536239 4.371701 1.746818 3.482374 3.477229 2.810372 3.853313 2.041850 1.403889 1.107279 0.901869 0.793848 0.709283 1.306523 2.363516 2.512698 2.596077 2.087900 2.190154 1.946562 1.696278 1.456672 1.525272 1.909465 3.517623 3.843812 2.276129 2.151462 1.976507 2.370602 2.747259 2.191488 3.205553 2.107085 3.766843 1.917563 2.651392 3.142295 1.362414 1.885515 1.819499 1.794375 1.706854 1.572028 1.689801 1.555931 2.040822 2.212480 2.404443 2.034438 2.077458 1.710096 2.437170 1.544298 1.498184 1.275906 0.940812 1.123282 1.159065 1.282318 0.989940 1.667995 1.313542 1.395885 1.270434 1.468166 1.345579 1.381945 1.350660 1.352640 1.184317 1.474912 1.979349 1.224988 1.282230 1.633848 1.573957 1.329112 1.288953 1.246626 1.586241 1.225302 1.527401 1.592839 2.198095 1.357512 2.026556 1.761727 2.485482 2.851119 2.878412 1.179790 1.472178 1.520714 1.395120 1.017487 2.466731 2.095002 1.432855 0.695140 1.066225 1.211584 0.711874 1.459796 0.920412 1.711253 1.400305 1.708528 0.882951 2.267770 3.184907 2.988873 2.674759 3.046247 2.802131 1.201309 1.319033 1.674585 2.022197 1.538203 1.636903 1.840257 1.620422 0.863653 1.224040 1.071519 0.614255 1.276689 2.183796 5.115044 2.001072 1.003029 1.354965 1.612960 1.416127 1.741013 1.533481 1.592620 1.448173 1.993632 1.224503 1.707765 1.586505 1.232599 1.237460 1.450749 1.276486 1.692934 1.463324 1.425781 1.342767 1.492825 1.229500 1.103985 1.214150 0.790433 0.850558 1.946852 1.038521 1.377772 0.983323 1.105306 1.251603 1.639432 1.959366 2.442903 1.691063 1.220144 1.277600 0.818888 1.663141 1.983596 1.444139 1.251412 1.300740 1.128502 0.979232 1.471299 1.861385 1.483853 1.829768 1.580351 
1.719180 1.401267 1.161321 1.587442 2.281489 2.734742 0.855853 0.641079 1.109297 0.831008 0.728303 1.078088 0.804719 0.000000 1.043274 0.989847 1.488364 1.724469 1.063638 1.380464 1.365752 2.982991 3.163416 2.837722 2.779875 2.370467 2.741615 2.431173 2.312358 2.368620 2.577398 2.528007 2.690201 2.340831 2.339987 3.080296 2.776297 2.402047 3.183244 1.454489 1.407613 1.088414 1.647436 1.654967 1.694538 1.686842 1.244680 2.284882 1.560136 1.817318 1.216855 1.045962 1.133745 2.366361 3.274135 2.156679 4.410170 2.942914 3.831925 4.667387 1.493213 3.778059 3.772915 3.106057 4.130652 2.328158 1.517757 1.176738 0.944890 0.937819 0.845718 1.505314 2.488897 2.626565 2.709944 2.371255 2.485840 2.060430 1.991964 1.497681 1.753274 2.057304 3.674484 4.028197 1.900999 1.616530 2.010678 1.958359 2.861126 1.857241 3.319420 1.614329 3.880711 1.720348 2.405721 3.194447 1.293176 1.781518 1.698952 1.549696 1.633539 1.505599 1.595284 1.432804 1.728604 1.900263 2.152694 1.954869 1.828161 1.479545 2.306771 1.658166 1.622960 1.419692 1.386925 1.509329 1.267909 1.164466 0.907213 1.214886 1.143403 1.083667 1.271547 1.124474 0.861479 0.985071 1.000643 1.251187 0.796109 1.202673 1.545851 1.091472 1.023701 1.137216 1.148035 1.030469 0.783498 1.127761 1.099829 0.832178 1.007821 1.485922 1.772812 1.225828 2.140423 1.661120 2.283437 2.786807 2.590079 0.880523 0.983885 1.376489 1.125121 1.237131 2.137412 1.781134 1.344095 0.965032 1.292674 0.930627 1.181185 1.385937 1.282777 1.953573 1.383532 1.709529 0.879994 2.433091 3.298775 3.284558 2.856470 3.341933 3.043492 1.315176 1.398592 1.836270 2.133392 1.412271 1.701589 1.993905 1.638159 0.781210 1.134454 1.174467 0.674756 1.330082 2.628955 5.613710 2.114940 0.915363 1.253025 1.730464 1.715449 1.854881 1.683663 1.706487 1.543403 2.125682 1.439302 1.873956 1.739379 1.511342 1.259082 1.746435 1.438678 1.814074 1.532747 1.495240 1.436455 1.613966 1.225300 1.256963 1.468016 0.958299 1.072764 2.128478 1.293418 1.633757 1.257483 1.536438 1.372561 1.708891 1.860409 2.529305 1.818491 1.357676 1.297856 0.713900 1.495589 2.078976 1.310512 1.425766 1.398301 1.424129 0.683071 1.325002 1.618589 1.013701 1.316769 1.035108 
1.376495 1.383714 1.301271 1.545928 2.286232 2.699434 1.554991 1.516188 0.776126 1.533391 1.220162 0.342601 0.853225 1.043274 0.000000 0.707843 1.981792 2.236419 1.039360 2.028980 2.044127 2.998893 3.537412 3.237171 3.335688 2.821427 3.113899 2.637992 2.807298 2.899153 2.928560 3.010834 3.064196 2.718462 2.735801 3.432786 3.150292 2.957860 3.557239 1.690204 1.710273 1.913909 1.794660 2.288543 2.268685 2.125338 1.604762 2.658877 2.115949 2.191313 1.682770 1.679451 1.680492 2.410187 3.064370 2.085892 4.486091 3.466310 3.756830 4.379672 1.712446 3.672163 3.714077 3.246931 4.019047 2.428129 1.730933 1.274311 0.708941 0.883180 1.044092 1.379124 2.626684 3.006682 2.874636 2.563688 2.450531 2.225122 2.098326 2.014077 1.780270 2.099254 3.760820 4.051441 2.394531 2.297243 2.424124 2.520019 3.103995 2.198314 3.752797 2.294662 4.053079 2.203574 3.131732 3.583084 1.478425 2.165235 2.146706 2.052417 1.812169 1.517719 1.940571 1.920926 2.315121 2.463250 2.655213 2.132383 2.379137 1.660329 2.506122 1.809060 1.930248 1.795892 1.365358 1.541240 1.422284 1.235443 1.334931 1.829082 1.489255 1.835223 1.750093 1.953089 1.569172 1.811355 1.467037 1.416291 1.341066 1.599049 2.289898 1.622544 1.655437 2.027978 1.916686 1.526655 1.503727 1.595102 1.877217 1.511464 1.867504 1.794722 2.362143 1.905101 2.216345 1.851017 2.945385 2.923141 3.333103 1.669737 1.796725 1.772300 1.359488 1.468790 2.894172 2.340178 1.849264 1.439422 1.801855 1.624480 1.049406 1.618423 1.445808 2.265062 1.762186 2.251152 1.345018 2.776285 3.456194 3.140805 3.143275 3.139351 3.303373 1.664924 1.570831 2.157646 2.341622 2.154597 2.249661 2.359682 2.143483 1.487320 1.787729 1.477257 1.012457 1.759818 2.592108 5.284494 2.340237 1.604878 1.956814 1.913338 1.716504 1.983423 1.854876 1.852997 1.677663 2.308555 1.487583 1.981809 1.855754 1.713065 1.589266 1.691233 1.565015 1.766179 1.915311 1.768277 1.862191 1.888086 1.808971 1.154351 1.477897 1.526854 1.435585 1.719558 1.283586 1.108273 1.500932 1.741634 1.811655 1.823274 2.442427 2.612714 2.159012 1.726053 1.862105 1.331603 1.998069 2.256634 1.880968 1.239223 1.538486 0.873753 1.072970 1.653425 2.258237 1.686513 1.929515 1.757012 
1.558428 1.380984 0.937299 1.115993 2.254301 2.452085 1.390283 1.361603 0.450635 1.306922 1.121665 0.596731 0.703213 0.989847 0.707843 0.000000 1.931712 2.305911 1.057910 2.143671 2.019502 3.177274 3.632274 3.441423 3.193202 2.844975 3.341681 2.710018 2.918010 2.827255 3.085539 2.915407 3.174116 2.806371 2.869464 3.509263 3.242245 2.965748 3.620101 1.836771 1.707514 1.672121 1.984889 2.111901 2.080277 1.919567 1.664493 2.797889 1.996992 2.348292 1.751666 1.701885 1.766883 2.529776 3.259390 2.331523 4.344040 3.499405 3.602159 4.558979 1.952978 3.534225 3.645519 3.265695 3.920163 2.399834 1.521167 1.363749 0.950709 0.477648 1.027729 1.016396 2.870183 2.954858 2.806799 2.589714 2.201528 1.976332 2.086288 1.826305 1.776828 1.935385 3.614664 4.175067 2.343480 2.137812 2.292514 2.422596 2.950163 2.226095 3.521389 2.181267 3.867850 2.130495 2.896687 3.560137 1.592106 2.079041 2.069778 2.017165 1.959550 1.670273 1.876229 1.798236 2.216398 2.387998 2.601779 2.327336 2.343885 1.801316 2.605416 1.928063 1.878424 1.725325 1.117459 1.551671 1.528235 1.442508 1.196780 1.782427 1.382227 1.546377 1.407424 1.667594 1.579640 1.621921 1.435989 1.303729 1.310810 1.502517 2.061367 1.277423 1.380722 1.643093 1.732584 1.456107 1.357043 1.564620 1.704425 1.293069 1.718755 1.723496 2.411638 1.773941 2.239442 1.914914 2.745601 2.965301 2.891824 1.365832 1.612623 1.725323 1.273949 1.110464 2.476828 1.981810 1.656112 1.041745 1.474553 1.191054 0.989542 1.430159 1.297390 2.083831 1.545506 2.041711 1.109285 2.677402 3.312550 3.270799 3.044178 3.141405 3.275078 1.611175 1.552106 2.176410 2.448086 1.966825 2.061889 2.307857 2.073111 1.324474 1.557557 1.312800 1.014986 1.584415 2.478247 4.925064 2.382530 1.369833 1.754496 1.777637 1.547296 2.004721 1.755993 1.637876 1.362945 2.184157 1.446976 1.838537 1.542151 1.614095 1.732012 1.653211 1.672451 1.872808 1.778345 1.604772 1.763308 1.766980 1.621199 1.320283 1.528876 1.261821 1.187848 1.864487 1.094193 1.401837 1.378089 1.343958 1.510106 1.871031 2.343544 2.471756 2.083658 1.711587 1.674333 1.306509 2.045022 2.228339 1.763903 1.318645 1.726415 1.139376 1.191219 1.291127 2.010067 1.658803 2.022537 1.779446 
2.355212 1.972998 2.522060 2.451441 1.142911 1.824042 0.996096 1.356558 2.099934 1.739542 1.741823 1.995268 1.794214 1.488364 1.981792 1.931712 0.000000 0.650258 1.447438 0.704854 0.306766 2.002098 1.777396 1.591710 1.496809 1.407334 1.534529 1.109650 1.366590 1.070007 1.732610 1.127890 1.418151 1.310929 1.328635 1.685435 1.371113 1.230368 1.759546 1.371645 1.680279 1.285658 1.801356 1.585060 2.182098 2.043449 0.980961 0.959293 0.496879 0.881662 0.812473 0.868415 0.870340 1.642245 2.182347 1.307714 3.408838 1.909557 2.680218 3.737071 1.236727 2.535118 2.639002 2.032805 3.456868 1.217153 1.592160 1.920543 2.067838 2.010476 1.840928 2.519884 1.537589 1.659932 1.793013 1.302855 1.533793 1.663761 0.932758 0.872521 2.016306 2.021665 3.096834 3.486736 1.204195 1.067976 1.555030 1.081802 2.053029 1.067155 2.650849 0.941204 2.989013 1.242236 1.780173 2.286835 1.336479 1.830718 1.226890 1.674845 1.269895 1.968663 1.356138 1.253705 1.645311 1.964250 2.271552 2.024436 2.001564 1.825037 2.163976 1.829176 1.792041 1.922582 2.057991 2.241813 2.024877 1.953649 1.879483 2.097835 1.869090 1.901503 2.099548 2.203087 1.725418 1.783022 2.023701 2.255256 1.274671 2.273408 2.599699 2.034376 1.939553 2.219911 1.657529 1.638299 1.435962 1.767055 1.999826 2.040287 2.012037 2.159082 0.764560 1.383538 1.494155 1.605715 3.027870 1.887446 2.921272 1.681986 1.099306 1.331391 1.904512 1.852698 2.829685 2.971870 1.976194 1.694644 2.129733 1.661118 2.362719 2.304593 1.929251 2.457452 1.774452 2.261595 1.707574 1.271666 2.262356 2.032219 1.579966 2.082320 1.870181 1.433158 1.493183 0.985594 1.053080 1.458447 0.971051 0.902327 1.287329 1.886464 2.018009 1.969521 1.355604 1.784620 3.854029 6.412808 1.466447 1.245227 1.043987 1.779940 1.819691 2.149407 2.012583 1.874435 2.194886 1.799784 2.073436 2.149820 2.138108 1.819483 1.303620 1.775117 2.185613 1.805775 1.825449 1.947686 1.347829 1.894719 1.447742 2.239859 2.777076 1.934460 1.740920 2.197411 2.485665 2.510121 2.451439 2.422422 1.981095 1.844507 0.975156 1.826923 1.688277 2.014579 1.700466 1.204826 0.942031 1.415433 1.004423 1.844783 1.011449 2.291319 1.394913 2.124687 2.286237 0.943730 0.808737 0.859472 
2.679099 2.329156 2.863531 2.823674 1.087720 1.603977 1.309869 1.635674 2.463224 2.132602 2.104148 2.251413 2.088627 1.724469 2.236419 2.305911 0.650258 0.000000 1.554018 0.975245 0.585216 1.730318 1.656331 1.423989 1.680454 1.259560 1.448033 1.333823 1.328933 1.066075 1.744694 1.259027 1.460776 1.548803 1.340650 1.595754 1.546984 1.439365 1.561557 1.733557 1.908665 1.838715 2.042308 2.038322 2.493854 2.392472 1.393829 1.038833 0.923799 0.803974 1.243977 1.098991 0.884055 1.174087 1.780984 1.162192 3.060319 1.586358 2.300255 3.366487 1.290088 2.258120 2.290027 1.698370 2.871083 1.230012 2.088293 2.072850 2.211354 2.384675 2.088282 2.799965 1.313138 1.456702 1.481118 1.230991 1.702475 1.838716 0.707341 1.354383 2.533154 2.376444 3.013554 3.024371 1.100265 1.063047 1.540535 1.018187 2.146368 1.028521 2.693551 0.829653 3.089030 1.239054 1.873311 2.239420 1.467245 2.136248 1.280288 1.926648 1.383959 1.975917 1.501831 1.474240 1.694651 2.146924 2.378168 1.851724 2.282726 1.649787 2.233420 1.950719 1.865898 2.247952 2.398322 2.497885 2.104340 2.254584 2.122789 2.374833 2.146088 2.178501 2.378664 2.482203 1.958994 2.085648 2.302817 2.534372 1.552077 2.552524 2.878815 2.335310 2.218669 2.529637 1.976926 1.917415 1.581745 2.083710 2.278943 2.319403 2.326411 2.374689 0.748201 1.889315 1.570868 1.892693 3.302432 2.003921 3.507057 1.961102 1.579077 1.800153 2.259398 2.268975 3.185725 3.283713 2.296424 2.110921 2.454755 1.966833 2.610073 2.646064 2.268074 2.781729 2.112864 2.604462 2.079655 1.331823 2.014457 1.992271 1.482970 1.939071 1.584335 1.807213 1.823341 1.441667 1.283470 1.997902 1.432850 1.396438 1.854706 2.227936 2.360999 2.341602 1.650017 2.156701 4.195500 6.951298 1.323908 1.713065 1.544717 1.988161 2.150096 2.236558 2.204492 1.915705 2.289796 1.732232 2.512384 2.553218 2.356751 2.175645 1.703547 1.897920 2.149550 2.171098 2.172547 2.289158 1.750562 2.236191 1.796138 2.577282 3.057157 2.347267 2.065197 2.157680 2.825018 2.884320 2.790792 2.761776 2.415553 2.089743 1.102710 1.318062 2.022555 2.338856 2.039819 1.499238 1.061207 1.010537 1.302564 2.060002 1.271924 2.641582 1.690633 2.483929 2.604348 1.329126 0.952303 1.140820 
