242 242
0.000000 0.973924 0.780095 0.588680 1.365760 1.625655 1.580340 1.677819 1.292711 1.736795 1.649199 1.210826 2.139865 1.892243 2.133089 0.918356 1.381562 1.333870 1.341017 1.365041 1.835093 0.880103 1.927080 1.887565 2.814926 3.289818 3.235534 3.100292 3.002586 2.665003 2.987774 2.607734 2.663835 2.770900 2.979202 2.992740 2.846347 2.738963 2.732373 3.373582 3.094800 2.753466 1.744995 1.964635 2.054005 2.401645 2.008754 2.089144 1.798123 1.358769 1.632880 2.748042 2.013572 3.252368 2.998795 2.472422 2.889010 1.832439 2.571839 2.515487 1.763875 3.023748 2.927413 1.857338 2.674534 2.808629 1.450699 1.195855 0.799768 0.768528 1.412650 1.382976 1.276691 1.906747 2.172734 2.281201 2.285975 1.278016 1.990907 2.249129 1.381277 1.578895 0.952903 1.160678 3.338228 1.647214 2.130908 2.333405 2.342131 1.921625 2.489845 2.154421 2.968366 4.729270 2.214807 3.011104 2.575136 1.663879 1.644726 1.965373 1.943775 1.996288 1.941904 1.825549 1.953726 1.804956 2.224174 2.354786 2.326035 2.255661 2.478838 0.838354 0.896699 0.798787 0.939936 0.862707 0.622920 1.898355 1.762069 1.766705 2.138071 1.972292 1.902252 2.054335 1.780760 2.064339 1.912816 2.206002 1.604642 1.527211 2.251448 2.624654 2.047877 1.940930 2.188349 1.646890 2.011177 2.007725 2.182923 2.312173 1.581683 1.633193 3.034228 3.114399 1.476494 3.271420 1.810045 1.615082 2.308587 1.666621 2.495746 3.071993 2.903451 2.093443 1.326337 1.313316 1.883786 1.140035 2.027767 1.835787 2.263901 1.350727 2.292750 2.118672 2.231071 1.860040 1.285670 1.712527 1.972709 2.145168 2.085823 2.134136 2.105859 0.966021 1.461162 1.401444 1.198032 1.428185 1.357554 1.182066 1.183463 0.852365 1.161901 0.943696 1.015377 2.138043 1.692494 4.529689 1.128613 1.087003 1.449022 0.976140 0.650937 0.881476 1.007534 1.532579 1.237252 1.412887 1.125762 0.668866 0.773408 1.019647 0.935179 1.072208 0.894286 0.898607 0.936950 1.022992 1.892916 1.317326 1.403903 1.452478 1.404583 1.400920 1.398415 0.803414 0.885571 1.245622 1.406053 1.213088 1.367752 0.923332 1.863906 2.162595 1.132600 0.877445 1.494526 1.710387 1.514923 0.761526 0.806967 1.811137 1.933720 1.647873 1.623158 1.803695 1.237173 0.946169 2.152147 2.353348 1.918368 1.744416 
0.973924 0.000000 0.770954 1.064142 1.838996 1.992081 1.693502 1.472897 0.932658 1.494189 1.349366 1.223707 1.952480 1.842628 1.919117 0.836743 1.127922 1.271424 0.936490 1.058325 2.340019 1.423219 2.338006 2.201522 3.340186 3.608573 3.716837 3.675998 3.434441 3.127137 3.591272 3.174169 3.158009 3.040389 3.441225 3.516892 3.266442 3.154820 3.206413 3.753596 3.538012 3.297788 2.302559 2.113233 2.417754 2.296058 1.466244 2.396728 2.327992 2.080641 2.134827 3.175074 2.419802 3.649958 3.420081 3.072020 3.194901 2.426678 3.010028 3.174830 2.251395 3.324992 3.500125 2.481196 2.660911 3.173162 1.901636 1.473304 0.926181 0.849744 1.194091 0.864516 1.243978 1.596757 2.712553 2.866757 2.599318 1.642016 2.473661 2.764530 1.936037 2.124429 1.253883 1.545929 3.487141 1.492164 2.074278 2.496026 2.274425 1.964500 2.667286 2.420083 3.035008 4.948690 2.302080 3.204961 2.687457 1.732401 2.047136 1.991489 2.496598 2.295705 2.176787 2.374165 2.581507 2.249842 2.537062 2.699295 2.730769 2.606222 3.112498 0.934005 1.232457 1.113036 0.722329 1.081968 0.642374 1.623084 1.413863 1.662395 2.035364 1.764396 1.870950 1.664872 1.476792 2.034386 1.714694 1.688329 1.688512 1.466895 1.740357 2.171454 1.457618 1.666589 1.779972 1.552914 1.376456 1.806127 2.145736 2.570004 1.810531 1.900163 2.706894 2.686835 1.263058 2.994183 1.540756 2.035480 2.682258 2.061456 2.703353 2.494193 2.045420 1.782881 0.977285 1.158646 1.394185 0.787031 1.623451 1.505993 1.902548 1.298653 2.065186 2.064124 1.452601 2.004065 1.177754 2.166169 2.576167 2.553354 2.611264 2.721057 2.761298 1.269779 1.380998 1.780396 1.473957 1.598780 1.928140 1.386619 1.837235 0.615529 0.876649 0.981420 1.248580 1.551955 1.542509 4.525128 1.667324 1.219638 1.872883 1.079010 1.207988 1.132617 1.138842 1.450048 1.636937 1.099471 1.063803 1.283272 1.062521 1.248431 1.036594 0.941627 1.139953 1.058957 1.133760 1.112180 1.335871 0.924291 1.049367 0.997224 1.063811 1.247243 1.547497 0.488877 0.707173 0.889292 0.887616 0.958063 0.961253 1.220849 2.029247 2.172397 1.413636 0.996366 1.147484 1.403729 1.938062 0.942263 1.038889 1.986959 2.000354 1.759258 1.824728 1.642429 1.377910 0.855410 1.614284 2.092125 2.238795 2.016031 
0.780095 0.770954 0.000000 0.695834 1.729413 1.900774 1.924982 1.955795 1.215927 1.700733 1.736651 1.270856 1.824834 1.708948 1.784411 1.068868 1.545873 1.506290 1.115363 1.598572 2.269048 1.393084 2.170703 2.155284 3.248881 3.739356 3.669488 3.534247 3.436541 3.114540 3.421729 3.048962 3.097790 3.220437 3.490080 3.426695 3.372808 3.172918 3.166328 3.807537 3.528755 3.187421 2.061833 2.224667 2.287569 2.077064 1.875636 2.559339 2.233218 1.942309 2.066835 3.118116 2.439013 3.153233 3.250932 2.591051 2.954557 2.257879 2.803554 3.007767 2.213412 3.100020 3.040084 2.362326 2.750732 2.857140 1.566251 0.938811 1.051317 1.008583 1.308700 1.174349 1.157179 1.142234 2.699194 2.800713 2.538112 1.597814 2.424862 2.717949 1.637402 2.029573 0.829795 0.861016 3.798022 1.925189 2.475550 2.534458 2.438288 2.084449 2.539530 2.181699 2.987601 4.996989 2.482526 3.148823 2.817407 1.895235 2.070893 2.132799 2.313701 2.034823 2.106149 2.135114 2.287018 2.145891 2.376018 2.480120 2.651182 2.335830 2.832554 0.924255 1.001780 0.913199 0.683738 0.704438 0.687710 2.030160 1.556276 2.120414 2.538471 2.155781 1.739473 2.216164 1.843337 2.225222 1.857504 2.274644 2.005041 1.629665 2.494647 2.627256 2.212077 2.227697 2.310655 1.998805 2.027207 2.181931 2.298902 2.398074 1.604553 1.700207 2.709648 2.772994 1.085256 2.948201 1.838509 1.755537 2.370392 1.796022 2.537203 2.747412 2.770945 1.752038 1.194074 1.072338 1.578494 0.891341 1.995291 1.695695 1.922497 1.145640 1.995790 1.777268 2.098565 1.886547 1.314643 2.157066 2.445320 2.586395 2.352801 2.587642 2.515718 1.051922 1.480183 1.493536 1.451472 1.811056 1.818821 1.441476 1.621979 1.098995 1.171491 1.334410 1.549110 1.774352 1.494342 4.534551 1.455352 1.288056 1.475809 1.191313 1.038729 0.991069 1.200538 1.528052 1.171757 1.673573 1.229504 1.099504 0.731477 1.163680 0.968093 1.131266 1.169278 1.045298 0.977650 1.480413 2.100471 0.978905 1.640308 1.162771 1.457803 1.110955 1.611159 0.790576 0.952281 0.921325 1.014806 1.396620 1.195663 1.068997 1.949807 2.073878 1.320621 0.938520 1.120197 1.253585 1.651623 0.712786 0.923780 1.872942 2.111324 1.733774 1.454736 1.550683 1.221969 0.953347 2.268125 2.031494 2.009483 1.863227 
0.588680 1.064142 0.695834 0.000000 1.209727 1.499117 1.626869 1.715942 1.079919 1.850003 1.844891 1.157363 2.145200 1.840682 2.080612 1.014661 1.481567 1.270795 1.127520 1.469830 1.780675 0.803899 1.775472 1.809757 2.693842 3.139907 3.114450 2.991264 2.925654 2.520545 2.886078 2.497560 2.542751 2.620989 2.935042 2.887623 2.776995 2.617879 2.611289 3.252498 2.973716 2.632382 1.647831 1.817551 1.775126 2.343450 1.950559 1.959891 1.722819 1.476354 1.534018 2.518667 1.839564 2.918992 2.877711 2.284081 2.701301 1.693461 2.304598 2.497368 1.613963 2.673334 2.569311 1.851927 2.403724 2.618068 1.493007 1.040979 0.920172 0.771619 1.273790 1.154594 1.255217 1.568134 2.126041 2.290315 2.165054 1.178396 1.869823 2.207550 1.273214 1.474764 0.740682 0.843422 3.350805 1.720690 2.062156 2.288284 2.414467 1.937526 2.420303 1.990527 2.950094 4.609173 2.093732 2.884199 2.622194 1.700022 1.564400 1.808124 1.860098 1.857292 1.824392 1.628585 1.776826 1.687444 2.095753 2.175759 2.048304 2.180996 2.318726 0.864738 1.020051 0.914637 0.806620 0.804221 0.613699 1.995808 1.777814 1.866011 2.280651 2.020346 1.968723 2.150640 1.874028 2.166979 1.934050 2.302307 1.738913 1.623516 2.347752 2.712200 2.133272 2.026326 2.352109 1.651478 2.103845 2.107982 2.209309 2.162261 1.560089 1.266952 2.999657 2.994824 1.342053 3.303637 1.762759 1.423526 2.038194 1.563362 2.470142 3.013799 2.988847 1.925676 1.290945 1.383365 1.829990 1.205809 2.053833 1.939429 2.168423 1.250848 2.124982 1.977127 2.316466 1.832149 1.423369 1.602353 2.088072 2.034993 1.956779 2.080879 2.054025 0.944914 1.422148 1.344259 1.158203 1.389385 1.378725 1.174229 1.111580 0.945098 1.114923 1.114137 1.042186 2.330860 1.995467 4.800082 1.334965 1.060280 1.462380 0.997137 0.744365 0.908408 0.936059 1.165260 1.113476 1.442525 1.001880 0.771242 0.690563 1.049065 1.129876 1.096175 0.883191 1.055162 1.042694 1.240352 1.979016 1.397922 1.496636 1.460950 1.463467 1.346362 1.352760 1.087460 0.774072 1.366502 1.414526 1.347646 1.394445 1.049450 1.738759 1.665599 1.319015 1.085496 1.717708 1.676759 1.593784 0.740015 0.819446 1.639574 1.694508 1.539670 1.520528 1.527481 1.273152 0.895312 2.170875 2.249771 1.818310 1.672055 
1.365760 1.838996 1.729413 1.209727 0.000000 0.643378 1.611817 2.188968 1.981689 2.504180 2.491528 1.985619 2.620589 2.409508 2.744033 1.777571 2.106940 2.067639 2.038100 1.968960 1.103265 1.274746 1.552725 1.048165 1.978586 2.243402 2.063050 2.122968 1.997628 1.769380 2.100382 2.029344 1.674093 2.167565 2.242042 2.054908 1.972656 1.971398 1.989624 2.078124 1.986158 1.887777 2.233040 2.486690 2.575252 3.006674 2.506489 1.718606 1.387482 1.576179 1.533288 1.479697 1.161679 2.131985 1.799723 1.441343 1.814337 1.914944 1.393604 1.406136 0.886704 2.123514 1.856637 1.006984 1.429979 1.687450 0.907113 1.112148 1.101569 1.191959 2.107909 2.020258 2.129275 2.647389 1.055251 1.104684 1.023244 0.457811 0.757157 1.131156 0.893341 0.552957 1.469940 1.363052 2.433709 1.803842 1.159722 1.288066 1.526501 1.083773 1.472186 1.120034 2.009146 3.525606 1.122253 1.953729 1.733087 2.095010 2.007427 2.290900 1.968058 2.348570 2.040053 2.111468 2.376533 2.009194 2.418487 2.696159 2.699848 2.682443 2.866417 1.199507 1.057267 1.438246 1.436489 1.614585 1.594836 2.629576 2.588917 2.572441 2.874938 2.620889 2.648087 2.865357 2.584509 2.606790 2.594090 3.017024 2.082988 2.338233 3.062469 3.400834 2.815262 2.733770 2.998745 2.127921 2.818562 2.810643 2.937457 1.318337 1.967973 0.979311 3.572883 3.768979 2.068015 3.762986 2.477476 2.075617 1.837321 2.259910 1.573668 3.580637 3.670837 2.748023 1.860436 2.011527 2.440915 2.041008 2.642437 2.525095 2.918482 2.016372 2.947330 2.773253 3.027547 1.639317 1.767611 0.638687 0.929256 0.898800 1.016985 0.909528 1.052006 1.048178 1.320945 1.161481 0.753723 0.955601 0.730132 1.094895 0.673420 1.526658 1.620975 1.483611 1.653217 3.075294 2.924928 5.679538 0.651864 1.345898 1.256822 1.053794 1.051148 1.206080 1.095420 1.737149 1.034798 2.157242 1.407208 0.949142 1.384362 1.141344 1.244771 1.386453 0.934583 1.332595 1.115888 1.176922 2.670266 2.249947 2.031727 2.172031 2.082271 2.048227 1.406411 1.774717 1.467173 2.045866 2.103788 1.960343 1.680120 1.234328 0.892733 0.967898 1.226642 1.571708 2.497811 2.471735 1.680358 1.559807 1.497515 1.336185 0.674299 1.316405 1.224933 1.053627 1.810134 1.421659 2.852865 3.036765 1.397519 1.613276 
1.625655 1.992081 1.900774 1.499117 0.643378 0.000000 1.950602 2.557910 2.222574 2.913830 2.767380 2.298791 3.150835 2.959976 3.290864 2.194705 2.524074 2.444722 2.198065 2.302896 1.724825 1.651323 2.164549 1.665248 2.224297 2.225890 2.279531 2.368837 2.153117 1.955366 2.346251 2.583833 1.821780 2.566845 2.698349 2.356905 2.160091 2.388177 2.462151 2.108688 2.213733 2.211626 2.876418 3.037158 3.151820 3.565712 3.032860 2.148670 1.893675 2.201473 2.154847 1.481709 1.402503 1.991373 1.890235 1.202580 1.558799 2.339510 1.245819 1.440989 1.315178 1.703591 1.653222 1.434889 1.215279 1.532759 1.283495 1.386116 1.296073 1.555424 2.525044 2.176587 2.546410 2.825097 1.169419 1.144548 1.118752 0.773330 0.961170 0.987053 0.965820 1.035728 1.959399 1.650696 2.245487 2.148687 1.308104 1.213249 1.678677 1.225040 1.443485 1.645855 1.945773 3.402109 1.325444 1.933197 1.597623 2.433893 2.497656 2.654297 2.520429 2.969726 2.594542 2.640502 2.935160 2.563683 2.925703 3.214284 3.174282 3.307737 3.304640 1.409267 1.175381 1.643214 1.920290 1.945613 1.959415 2.970785 3.006051 2.917287 3.219784 3.056497 2.998944 3.210202 2.929355 2.948354 2.938936 3.361869 2.427834 2.755368 3.407315 3.745680 3.149198 3.078615 3.227325 2.472767 3.163407 3.155488 3.323076 1.827227 2.567331 1.334584 4.086988 4.319447 2.618483 4.217809 2.822322 2.693638 2.392658 2.903288 2.033854 4.058816 3.917500 3.298491 2.338614 2.410271 2.837881 2.458142 3.053949 2.870720 3.468950 2.563204 3.497798 3.382544 3.372393 2.165689 2.101486 0.797819 0.814388 0.976602 0.857116 1.005398 1.075942 1.444192 1.689886 1.749762 1.242545 1.436117 1.331329 1.582633 1.302950 1.864113 1.965821 1.740975 2.070352 3.257133 3.002454 5.751026 0.854199 1.831473 1.583934 1.107338 1.172438 1.418955 1.027290 1.944498 1.123795 2.502088 1.420548 1.043958 1.583489 1.264568 1.420005 1.660677 1.236445 1.470502 1.520518 1.503683 3.015111 2.567782 2.329299 2.546288 2.493783 2.598695 1.386473 1.936317 1.884307 2.444916 2.496826 2.353771 2.132941 1.415349 1.370912 1.097719 1.388645 1.915237 2.484169 2.674019 1.981227 1.651766 1.833161 1.886653 0.865267 1.707018 1.131255 1.098235 2.147803 1.772419 3.186802 3.569149 1.933487 2.145660 
1.580340 1.693502 1.924982 1.626869 1.611817 1.950602 0.000000 0.803183 1.528376 1.133656 1.150809 1.400047 1.384991 1.433160 1.578009 1.247838 0.789056 1.445317 1.281325 0.656694 0.918955 1.000344 0.976784 0.839937 1.823245 2.117931 2.124482 2.117376 1.828262 1.755496 2.031746 1.855487 1.667881 1.733318 2.112840 1.966162 1.863829 1.697406 1.763824 2.146605 1.950102 1.724998 1.332763 1.436060 1.674832 1.795795 1.495739 1.382923 0.958138 0.916568 0.911514 2.495091 1.588564 3.554712 2.204282 3.047512 3.165915 1.347554 2.968167 2.343794 1.413600 3.491365 3.457434 1.669198 2.658582 3.117449 1.174070 1.250583 1.113794 1.236529 1.359790 1.195869 1.202416 1.781699 1.856427 1.798001 1.883033 1.633271 1.715783 1.974364 1.844999 1.360050 1.737400 1.753066 2.765867 0.505116 1.018396 1.350761 1.138021 1.396318 1.912607 1.097077 2.361862 3.546170 0.836767 2.811388 1.717672 0.608928 1.307932 1.319478 1.512196 1.588371 1.400569 1.524467 1.658759 1.286694 1.466897 1.755478 1.897294 1.760628 2.075915 1.187922 1.369788 1.343479 1.433350 1.720488 1.669386 1.110946 1.435002 1.239266 1.517667 1.311810 1.253446 1.508085 1.045419 1.243815 1.194643 1.659752 0.855053 0.895529 1.705197 1.861744 1.447081 1.376498 1.391652 0.744387 1.279472 1.347712 1.610002 1.256225 1.279039 1.571750 2.237405 2.611519 1.881762 2.472058 1.015310 1.329403 1.889187 1.405183 1.350333 2.209233 2.059019 1.681304 1.096063 1.437225 1.120510 1.605946 1.501550 1.743283 1.910082 1.328252 2.126146 2.010492 1.813108 1.375780 0.941914 1.717236 2.505473 2.120073 2.618792 2.273166 2.489521 0.970152 1.095814 1.349866 1.043065 1.219724 1.359610 1.159404 1.381096 1.105900 1.321191 1.392148 0.857943 3.079012 2.807816 5.893161 1.690111 0.818689 1.353813 1.359572 1.480540 1.472646 1.258918 1.512115 1.639353 1.342775 1.439053 1.440664 1.711020 1.463668 1.330270 1.274422 0.896890 1.263878 1.082307 1.085302 1.841017 1.950085 1.179430 1.436063 1.133232 1.304235 1.966820 1.701512 1.504442 1.738215 1.839300 1.730049 1.379068 1.377557 1.192939 2.016943 1.332937 1.564782 2.375607 2.623870 1.038795 1.720954 1.648405 1.078740 1.460824 0.689042 1.977937 1.687416 0.889862 1.145026 1.691623 1.939460 0.844577 0.689797 
1.677819 1.472897 1.955795 1.715942 2.188968 2.557910 0.803183 0.000000 1.246931 0.956291 0.862690 1.500759 1.243196 1.263737 1.239574 1.090563 0.610402 1.443507 1.291506 0.589117 1.234570 1.264529 1.082501 1.140803 2.026728 2.377906 2.403379 2.358904 2.193272 2.220107 2.274178 1.870464 2.054394 1.921055 2.502611 2.203434 2.284472 1.865458 1.889318 2.464235 2.224554 1.984330 1.209544 1.170865 1.498338 1.496010 0.831331 1.753526 1.365895 1.256977 1.168264 3.050939 2.085552 4.139136 2.710683 3.613754 3.736634 1.279814 3.499205 2.917309 1.871507 3.866725 4.041858 2.232142 3.152552 3.683691 1.710009 1.738037 1.492011 1.363941 1.221874 1.057716 1.081702 1.818287 2.342230 2.407358 2.404263 2.183749 2.201869 2.452226 2.477771 1.940838 1.963873 2.109509 3.366063 0.578783 1.486920 1.733336 1.356598 1.913799 2.564110 1.793886 2.928216 4.133667 1.452282 3.429459 2.105301 0.574410 1.157522 1.150234 1.429706 1.409288 1.233849 1.359916 1.575292 1.147183 1.438039 1.687071 1.708901 1.677162 2.090630 1.397128 1.707268 1.463181 1.517826 1.884902 1.629851 0.717380 0.850267 0.862412 1.276893 1.069361 1.036646 1.002342 0.753172 1.056764 0.832292 1.235732 0.625362 0.642235 1.205059 1.328999 0.853931 1.066410 1.145094 0.472730 0.846609 1.081157 1.456800 1.509907 1.067181 2.117117 2.017958 1.875003 1.787192 2.401633 0.698436 1.173552 2.363910 1.142933 1.700143 1.805006 1.568013 1.150926 1.119008 1.473600 0.712000 1.445566 1.430344 1.697406 1.639421 1.459995 1.704616 1.670483 1.191809 1.748346 1.038625 2.258327 3.057169 2.615709 3.152998 2.824862 3.033723 1.415655 1.431660 1.780983 1.662757 1.596419 1.898892 1.569227 1.928678 1.066170 1.274715 1.603955 0.706272 2.759073 2.889834 5.927722 2.182414 0.939736 1.937025 1.780159 1.812751 1.674033 1.680575 1.432578 2.175034 0.765428 1.532046 1.891672 1.763274 1.919862 1.628855 1.476749 1.417894 1.618877 1.519516 1.465805 1.332791 1.957588 1.169133 1.228658 0.962648 1.188958 2.282021 1.595284 1.413268 1.653294 1.664150 1.830888 1.460293 1.735740 1.736503 2.317817 1.788546 1.532132 2.461077 2.497205 1.463216 1.730472 1.722508 1.256103 1.970632 1.200396 2.433128 2.138759 0.847795 1.108902 1.091602 1.382644 1.318506 0.984869 
1.292711 0.932658 1.215927 1.079919 1.981689 2.222574 1.528376 1.246931 0.000000 1.447308 1.285219 0.655266 2.019429 1.674858 1.967368 0.644446 1.078790 0.752080 0.426248 0.941392 1.920787 1.003986 2.133319 1.993198 2.920954 3.237534 3.297604 3.289493 3.111594 2.707905 3.204767 2.787664 2.738776 2.741638 3.021992 3.097659 2.885639 2.801962 2.819907 3.382557 3.142876 2.878556 1.993602 1.801519 2.108797 2.277238 1.347142 1.977495 1.908759 1.686863 1.715594 2.823589 2.041628 3.868225 3.182667 3.179207 3.568393 2.014718 3.137003 2.849798 1.864890 3.435815 3.600421 2.123727 3.005872 3.522782 1.809572 1.396824 1.424560 1.146712 0.883040 0.435545 1.066331 1.245149 2.480726 2.541961 2.568722 1.930219 2.201067 2.678031 2.021406 1.831541 1.681365 1.813116 3.188390 1.469115 1.885056 2.240137 2.133396 2.061744 2.585922 2.182669 3.051647 4.759468 2.161051 3.331191 2.614969 1.615469 1.719997 1.842050 2.163051 2.157658 2.049648 2.032480 2.272551 1.940886 2.377196 2.539429 2.416657 2.479084 2.770814 1.463612 1.724957 1.605537 1.178184 1.483338 1.004500 1.484129 1.335760 1.231863 1.858230 1.612307 1.767908 1.566454 1.416403 1.994625 1.714631 1.579330 1.355822 1.339756 1.606591 2.063816 1.336544 1.582531 1.874793 1.432675 1.394339 1.810810 2.027118 2.343499 1.605844 1.988986 2.770094 2.624575 1.504409 3.177865 1.578543 1.879250 2.528721 1.903530 2.465938 2.610330 2.051983 1.826642 1.131930 1.547707 1.461134 0.877104 1.511893 1.696127 1.799004 1.348655 1.976704 2.160052 1.294944 2.130316 1.008880 2.402687 2.886849 2.732800 2.772379 2.865449 3.021477 1.475805 1.300385 2.132063 1.920616 1.849091 2.041737 1.888588 1.920038 1.223064 1.447056 1.208981 0.816302 2.296881 2.159307 4.987397 2.156188 1.290372 1.783953 1.653220 1.406825 1.673311 1.503028 1.108910 1.991815 0.929751 1.292201 1.504632 1.555021 1.655115 1.595761 1.473995 1.644796 1.671939 1.667733 1.484830 1.080488 1.516595 0.881997 1.255243 1.264160 1.218981 1.585096 0.974625 0.927040 1.372669 1.487341 1.431026 1.449552 1.709713 2.134231 2.079634 1.930233 1.511088 1.806629 2.075234 1.640139 1.362117 1.531389 1.787325 1.939903 1.626981 2.091914 1.754975 1.199598 1.262288 1.361975 2.066510 2.023199 1.811343 
1.736795 1.494189 1.700733 1.850003 2.504180 2.913830 1.133656 0.956291 1.447308 0.000000 0.584830 1.368109 0.722188 1.303008 1.223364 1.143587 0.791276 1.501366 1.283173 1.007985 1.557282 1.478639 1.563938 1.500590 2.316344 2.844564 2.716679 2.704530 2.496154 2.617638 2.544034 2.298526 2.387860 2.289102 2.839497 2.563799 2.413641 1.945384 2.013098 2.659953 2.241159 2.024541 1.199025 1.163716 1.319515 1.128229 1.148654 2.345728 1.667731 1.551851 1.564131 3.428205 2.611276 4.447075 3.031603 3.939874 4.071891 1.248817 3.845052 3.236157 2.324572 4.432865 4.349797 2.550990 3.666749 4.009812 1.953489 1.975673 1.871894 1.702179 1.414549 1.384289 1.307371 1.630608 2.714353 2.711661 2.759918 2.513793 2.592669 2.756528 2.783703 2.268775 2.040259 2.391965 3.687792 1.015376 2.023993 1.884386 1.752538 2.337527 2.896266 1.898425 3.309456 4.486275 1.887867 3.751943 2.437652 0.787681 1.257997 1.430121 1.649181 1.378297 1.487176 1.463177 1.465195 1.160137 1.377506 1.493669 1.667880 1.438997 1.932253 1.824903 2.028404 1.834006 1.621039 1.627272 1.601367 0.794480 0.887916 0.831365 0.934539 0.705350 0.663551 0.820571 0.611931 0.804860 0.801657 0.883349 1.021870 0.483821 0.990096 1.412402 0.714971 0.761147 0.787809 0.905198 0.500433 0.680824 1.280291 1.964927 1.343851 2.498936 1.752828 2.175545 1.891729 1.899722 0.678277 1.249757 2.758557 1.312983 2.101843 1.758349 1.360456 1.356441 1.110548 1.343706 0.801157 1.481926 1.860367 1.757927 1.830506 1.470899 1.979993 1.443236 1.163963 2.201394 1.360631 2.618218 3.397836 3.021055 3.495677 3.165528 3.374390 1.699649 1.837315 2.121650 1.967060 2.007062 2.239558 1.972292 2.265707 1.320750 1.670660 1.783905 1.350725 2.666103 2.472203 5.545974 2.449140 1.246645 2.041328 2.165272 2.086751 2.052426 2.153029 2.069210 2.525050 1.156769 2.284445 2.147490 1.935857 2.075446 2.004164 2.036688 1.766936 2.087738 1.842001 1.711280 1.341565 1.580812 1.103231 1.005717 0.900602 1.339700 2.708320 1.681621 1.691758 1.395543 1.476891 1.647477 1.743766 2.286313 2.143133 3.025110 2.274437 2.030884 2.235694 2.506933 1.646405 2.047014 2.108014 1.857040 2.468991 1.648836 2.878226 2.555346 0.992152 1.471918 1.237175 1.563408 1.804736 1.497137 
1.649199 1.349366 1.736651 1.844891 2.491528 2.767380 1.150809 0.862690 1.285219 0.584830 0.000000 1.053136 1.057481 1.302909 1.134190 1.089862 0.686260 1.205943 1.090871 0.821799 1.553923 1.404116 1.456513 1.508139 2.411706 2.745295 2.770912 2.742045 2.443858 2.580034 2.649987 2.315635 2.387025 2.263373 2.764203 2.506301 2.736489 2.238416 2.298201 2.814853 2.596531 2.355220 1.431147 1.409056 1.599617 1.539025 1.041759 2.287078 1.657208 1.514758 1.628519 3.379526 2.511565 4.403141 3.020971 3.898874 4.050350 1.501483 3.852602 3.155893 2.298035 4.347699 4.340892 2.463395 3.581583 3.974839 1.881510 1.870339 1.793080 1.605772 1.185793 1.161740 1.222205 1.601097 2.721902 2.641087 2.767467 2.517706 2.600218 2.646537 2.751252 2.229333 2.039866 2.377911 3.534783 0.808988 1.797807 1.783575 1.616942 2.210082 2.821139 2.158708 3.181504 4.403123 1.799057 3.661431 2.282350 0.784426 1.310686 1.404305 1.569998 1.378683 1.445788 1.442609 1.627821 1.394723 1.613503 1.776707 1.928168 1.670783 2.070444 1.715641 1.973339 1.700191 1.592603 1.628811 1.578077 0.675985 0.796360 0.936693 1.021416 0.950017 0.956374 1.158423 0.648684 1.054246 0.937438 1.144278 0.764910 0.687100 1.179331 1.577676 0.909384 0.921227 0.909287 0.984039 0.688611 0.846059 1.296347 1.879762 1.344199 2.450194 1.863646 2.096106 1.866699 2.101961 0.822047 1.180598 2.719359 1.238625 1.994858 1.835474 1.387585 1.269359 1.071420 1.278026 0.712590 1.415492 1.674182 1.690542 1.840995 1.481387 1.990482 1.467403 1.006765 2.116228 1.231106 2.601671 3.373290 3.004508 3.503227 3.124039 3.373956 1.625167 1.752149 2.093520 1.919721 1.941236 2.197580 1.955745 2.239207 1.211487 1.561398 1.565035 1.265559 2.543258 2.137290 5.453013 2.436488 1.196786 1.956254 2.078994 2.069699 1.993417 2.067863 1.984045 2.520969 1.122967 2.159279 2.132068 1.921981 1.948103 1.925816 1.927426 1.738755 1.978476 1.781139 1.448713 1.088713 1.341044 0.880682 0.983878 0.804362 1.315501 2.412898 1.507476 1.463002 1.153813 1.487380 1.467178 1.572106 2.170518 2.043737 2.939944 2.189271 1.945718 2.066544 2.516217 1.439923 1.961848 2.022848 1.771874 2.383825 1.509382 2.767605 2.410417 0.863211 1.379479 1.016478 1.394691 1.684868 1.365175 
1.210826 1.223707 1.270856 1.157363 1.985619 2.298791 1.400047 1.500759 0.655266 1.368109 1.053136 0.000000 1.894159 1.620764 1.770068 0.742247 1.024823 0.332246 0.559122 1.018936 1.796210 0.918547 1.938593 1.865696 2.776044 3.181204 3.196651 3.090500 2.973153 2.602747 2.974346 2.612488 2.624952 2.683517 2.863397 2.953858 2.733598 2.707353 2.718945 3.334699 3.055918 2.714584 1.762842 1.708223 1.931312 2.114907 1.628910 1.900779 1.770319 1.417032 1.593997 2.816971 2.075811 3.917257 3.019859 3.220966 3.565260 1.808553 3.180699 2.805535 1.848477 3.608263 3.641257 2.127658 3.144447 3.472721 1.752122 1.544003 1.510905 1.191771 0.809568 0.820070 1.023016 1.236128 2.485192 2.532704 2.631287 2.014447 2.265131 2.716967 2.143446 1.815011 1.621631 1.881912 3.200487 1.386609 1.873692 2.101697 2.095172 2.181078 2.631863 1.947843 3.149201 4.625915 2.034514 3.359431 2.632654 1.521473 1.537120 1.774077 1.944479 1.892196 1.935655 1.799759 1.997965 1.798707 2.174289 2.326584 2.259863 2.204499 2.507138 1.571795 1.757057 1.633563 1.273753 1.418218 1.005675 1.284837 1.281619 1.309568 1.702269 1.522797 1.636027 1.710855 1.379056 1.889720 1.738088 1.565086 1.245763 1.230384 1.762073 2.279131 1.583837 1.558670 1.891548 1.510234 1.492381 1.751829 1.819902 2.158370 1.681286 1.925105 2.647112 2.795015 1.542915 3.052595 1.560595 1.611938 2.481231 1.676264 2.323032 2.703058 2.229155 1.774059 1.237424 1.527524 1.496669 1.028742 1.629680 1.828588 1.944517 1.322390 2.109272 1.987579 1.519199 2.238304 1.188093 2.469488 2.914875 2.845056 2.892705 2.869379 2.940589 1.490644 1.513161 2.135993 1.959551 1.972718 2.069764 1.998563 1.827583 1.379743 1.670215 1.308237 1.002309 2.455180 1.832835 5.085885 2.087829 1.424257 1.702406 1.742178 1.488324 1.740112 1.654824 1.546909 2.044072 1.337698 1.773052 1.452677 1.534088 1.582718 1.725417 1.685905 1.689115 1.745258 1.717982 1.557301 1.288699 1.317196 1.044633 1.410119 1.331760 1.287361 1.745751 1.167727 1.010625 1.333764 1.646329 1.478651 1.651197 1.709194 2.172196 2.382326 1.997791 1.660135 1.862783 2.246106 1.558593 1.404230 1.570120 1.871265 2.006743 1.684810 2.270448 2.054201 1.152947 1.440281 1.534260 2.063452 1.788233 1.636062 
2.139865 1.952480 1.824834 2.145200 2.620589 3.150835 1.384991 1.243196 2.019429 0.722188 1.057481 1.894159 0.000000 1.206743 0.734078 1.620109 1.341175 2.044553 1.672830 1.489343 1.615665 1.769548 1.480032 1.647456 2.254133 2.854890 2.564779 2.561850 2.254378 2.698290 2.301250 2.241060 2.442606 2.315194 2.971167 2.359955 2.585762 1.658152 1.730665 2.484169 2.016267 1.774955 0.953855 0.829167 1.007856 0.565622 0.926724 2.503303 1.702927 1.678516 1.622514 3.508857 2.691929 4.496816 3.086350 3.989616 4.211614 1.403548 3.920577 3.419232 2.419770 4.728063 4.402635 2.600732 3.761947 4.059553 2.099439 2.113443 2.005373 2.263059 1.775918 1.851102 1.468129 1.832035 2.939505 2.823780 2.895877 2.591135 2.728627 2.967628 2.935629 2.411089 1.908515 2.261472 4.150858 1.343850 2.357472 2.321392 2.025744 2.555854 2.891792 1.788618 3.312151 4.672410 2.074980 3.863344 2.674658 0.864496 1.353201 1.431993 1.472463 1.101109 1.414280 1.199182 1.067538 0.964822 0.980396 1.074101 1.352674 1.014423 1.582610 1.980853 2.192973 1.927836 1.549018 1.926107 2.029666 0.992483 1.081325 1.139902 1.269175 0.649706 0.548944 0.799990 0.845512 0.965864 0.672548 1.060303 1.422673 0.893195 1.225351 1.459741 0.867458 0.880825 0.989479 1.281756 0.902563 0.966012 1.238093 1.878307 1.252757 2.594134 1.198291 1.742663 1.697298 1.515251 0.734333 1.112377 2.671936 1.210567 2.000677 1.185051 1.518700 0.972505 1.096390 1.323276 0.558295 1.748269 1.911685 1.935867 1.566364 1.261457 1.693629 1.226183 1.601132 2.114774 1.583505 2.663414 3.447577 3.066250 3.564970 3.215270 3.435699 1.849235 2.150694 2.008467 1.992705 2.078164 2.289300 2.017488 2.315449 1.757663 1.782165 2.258033 1.722846 2.868627 2.717554 5.804353 2.765549 1.369867 2.294706 2.503040 2.480082 2.075042 2.525150 2.441331 2.569482 1.498451 2.575354 2.566143 2.182570 2.570643 2.184211 2.192638 2.034779 2.177022 1.819161 2.173088 1.959190 1.855932 1.693733 1.246778 1.160066 1.155487 3.280441 2.164530 2.263879 1.678884 1.616977 1.846620 1.536344 2.457065 2.022804 3.120308 2.387817 1.944264 2.423983 2.342124 1.925688 2.227060 2.098317 1.837086 2.697522 1.648266 3.043727 2.826492 1.061885 1.578025 1.307323 1.127885 1.698565 1.390966 
1.892243 1.842628 1.708948 1.840682 2.409508 2.959976 1.433160 1.263737 1.674858 1.303008 1.302909 1.620764 1.206743 0.000000 0.967016 1.286701 1.185154 1.643188 1.534232 1.213386 1.506835 1.467409 1.355318 1.449550 2.139316 2.581012 2.616986 2.493310 2.455072 2.162154 2.408584 1.991481 1.981235 2.008193 2.546113 2.340118 2.484577 2.197562 2.148840 2.926035 2.619687 2.096918 1.558125 1.251670 1.463065 0.999483 1.004633 2.143165 1.396677 1.292929 1.181549 3.180715 2.069230 4.058655 2.573792 3.684136 3.933077 1.836064 3.495648 3.180419 2.022886 4.317851 3.828045 2.252682 3.171762 3.610483 1.857968 1.885995 1.770999 1.941142 1.372613 1.553984 0.873361 1.257345 2.615596 2.614058 2.670717 2.252481 2.405584 2.854291 2.617804 2.137281 1.406991 1.748441 3.936014 1.324588 2.127965 2.135402 1.955335 2.307775 2.717690 1.854138 3.098937 4.488363 1.966330 3.701827 2.551811 1.222707 1.094778 1.125449 1.453470 1.130107 1.102314 1.334626 1.703741 1.438743 1.564190 1.449500 1.867561 1.374610 1.939626 1.672565 1.925237 1.392771 1.358116 1.441920 1.736196 1.547556 1.135120 1.609634 2.080913 1.542631 1.263608 1.694398 1.388516 1.808406 1.311226 1.846065 1.539174 1.191803 1.970333 1.696468 1.647939 1.659414 1.870499 1.423587 1.516732 1.705831 1.817070 1.292939 0.777387 1.903304 1.254011 1.359471 0.938679 1.791287 1.238022 1.105310 1.713173 0.973432 1.193238 1.220804 2.321696 0.922665 1.066725 1.117538 0.977730 1.522281 1.272473 1.445171 1.025259 1.161537 0.808914 1.162212 1.724041 1.018784 1.222994 2.282211 3.190290 2.639593 3.121416 3.000553 3.051984 1.587709 1.641106 1.431266 1.864823 1.653838 1.832013 1.593111 1.876636 1.562279 1.554987 2.095045 1.300252 2.514091 2.623812 6.045428 2.526735 1.201757 2.084983 2.213977 2.289462 1.748549 2.233385 2.134867 2.278144 1.328439 2.230043 2.302008 1.824903 2.343745 1.917369 1.659008 1.841778 1.903599 1.676733 2.033846 1.837357 1.892083 1.566377 0.952444 1.152219 0.854238 2.921874 1.948223 1.883643 1.438763 1.440031 1.953800 1.315926 2.132548 1.641145 2.709770 1.852899 1.466969 2.038974 1.819769 1.553340 1.871263 1.706352 1.438539 2.363215 1.361394 2.722885 2.621749 0.856479 1.353579 1.718452 1.184728 1.294922 1.084776 
2.133089 1.919117 1.784411 2.080612 2.744033 3.290864 1.578009 1.239574 1.967368 1.223364 1.134190 1.770068 0.734078 0.967016 0.000000 1.528221 1.199237 1.840641 1.666631 1.485474 1.752404 1.745559 1.371176 1.755105 2.457435 2.933324 2.788354 2.682004 2.565909 2.690693 2.565850 2.287716 2.516314 2.451402 2.996682 2.541726 2.862417 2.298858 2.310449 2.926615 2.643785 2.302452 1.261480 0.981386 1.225585 0.623194 0.722490 2.251797 1.813010 1.644245 1.642879 3.509354 2.419072 4.412652 3.063672 3.950008 4.237294 1.685633 3.901218 3.494484 2.381948 4.505898 4.315375 2.657510 3.644322 4.019945 2.140663 2.216884 2.144410 2.086879 1.547910 1.861779 1.058302 1.337418 2.973502 2.944946 3.038530 2.690440 2.823087 3.185180 2.940888 2.468169 1.834008 2.190602 4.186856 1.366034 2.368149 2.466290 2.033547 2.586009 3.050697 2.056155 3.421971 4.799954 2.119547 4.039989 2.838255 1.204923 1.261707 1.207329 1.497026 0.967312 1.442073 1.142159 1.288579 1.275665 1.353120 1.395298 1.534948 1.273891 1.770924 2.048987 2.263398 1.784287 1.455944 1.709310 1.791034 1.291688 0.786108 1.504044 1.795384 1.106879 1.085368 1.305375 1.160312 1.615404 1.216061 1.449594 1.424376 1.100902 1.708514 1.744961 1.260524 1.400607 1.499348 1.451686 1.266704 1.516756 1.165114 1.733249 1.276014 2.419249 0.925236 1.033510 1.213671 1.494029 0.996743 1.028212 2.324777 1.117878 1.747122 0.984819 1.568352 0.538912 1.017444 0.957516 0.562580 1.486491 1.718726 1.826640 0.858604 0.927052 1.001062 0.742059 1.332406 1.886620 1.393155 2.787593 3.528451 3.190429 3.616859 3.338714 3.343010 1.918598 1.933639 2.046351 2.195711 2.127158 2.370174 2.141667 2.275841 1.769294 1.748802 2.212173 1.591223 2.369890 2.119116 5.742502 2.816704 1.556041 2.343583 2.598249 2.627623 2.197520 2.532375 2.381997 2.604591 1.487310 2.537838 2.591976 2.109217 2.709929 2.215060 1.999679 2.191343 2.239507 2.014894 2.260329 1.925826 1.454486 1.683551 1.185473 1.205199 0.846331 3.172915 2.097965 2.035870 1.367368 1.244437 1.708244 1.351909 2.233944 2.047840 2.892299 2.206016 1.764448 2.259750 2.017279 1.869774 2.047245 1.870309 1.609077 2.635908 1.684865 2.909825 2.837169 1.191003 1.596484 1.073074 0.398695 1.448846 1.202044 
0.918356 0.836743 1.068868 1.014661 1.777571 2.194705 1.247838 1.090563 0.644446 1.143587 1.089862 0.742247 1.620109 1.286701 1.528221 0.000000 0.772801 0.824939 0.695702 0.844516 1.616152 0.752778 1.736856 1.659473 2.568127 2.956996 2.992970 2.896666 2.831056 2.355077 2.815576 2.365745 2.434142 2.461100 2.746088 2.793025 2.556760 2.503242 2.503006 3.102019 2.862337 2.525728 1.514966 1.386546 1.619252 1.776537 1.206637 1.858439 1.628221 1.308582 1.362767 2.591348 1.691762 3.861363 2.829839 3.154163 3.458861 1.654618 3.039615 2.457719 1.494035 3.441026 3.582268 1.830188 2.978428 3.405918 1.400083 1.417694 1.310624 1.046789 0.883111 0.778293 0.696843 1.272782 2.056691 2.156568 2.191507 1.820544 1.793856 2.340831 2.018180 1.505343 1.458184 1.809890 3.008759 1.225484 1.766949 2.026266 1.941483 1.744801 2.382723 1.987064 2.746829 4.478930 1.880513 3.248072 2.312209 1.334931 1.284998 1.477979 1.716574 1.715385 1.584200 1.612026 1.783005 1.486346 1.956741 2.118975 1.968630 1.993175 2.350359 1.149075 1.409663 1.221064 0.913332 1.107127 0.560713 1.281989 0.949788 1.186880 1.629968 1.294646 1.376107 1.253477 1.113219 1.703986 1.352521 1.341898 1.114414 0.930544 1.468238 1.956225 1.212199 1.274815 1.624112 1.240038 1.218320 1.505626 1.555898 1.979763 1.250300 1.839345 2.350880 2.334998 1.050396 2.778545 1.157764 1.455160 2.101050 1.459615 2.137207 2.327224 1.999641 1.357535 0.651788 1.019435 1.181213 0.683295 1.432242 1.245954 1.556511 0.862992 1.602929 1.619351 1.351535 1.724025 0.832672 2.010941 2.669868 2.337418 2.741600 2.456880 2.575624 1.119409 1.211408 1.727130 1.583416 1.464214 1.639083 1.482297 1.477821 0.827278 1.175802 1.020747 0.561115 2.085281 2.036039 5.022434 1.837974 0.930950 1.525919 1.513924 1.340601 1.468686 1.499188 1.387034 1.864534 0.631121 1.505371 1.365415 1.240385 1.583323 1.371654 1.354718 1.242142 1.415671 1.338129 1.133240 1.087797 1.148080 0.718706 0.786162 0.792243 0.804419 1.826163 1.018677 0.974744 0.956391 0.966093 1.059799 1.194880 1.538801 1.767941 2.203854 1.578912 1.156047 1.703667 1.787011 1.347820 1.247772 1.305331 1.517676 1.758972 1.321386 2.153940 1.933310 0.908151 0.903451 1.414709 1.768311 1.672316 1.453771 
1.381562 1.127922 1.545873 1.481567 2.106940 2.524074 0.789056 0.610402 1.078790 0.791276 0.686260 1.024823 1.341175 1.185154 1.199237 0.772801 0.000000 1.000317 0.950522 0.376546 1.341293 1.039839 1.265266 1.214292 2.230446 2.632349 2.655290 2.558985 2.493375 2.126380 2.477896 2.094024 2.121918 2.186458 2.354478 2.455344 2.196571 2.165562 2.165325 2.785844 2.524657 2.188048 1.388635 1.333192 1.580075 1.589523 1.133067 1.693520 1.316772 1.135565 1.101678 2.920717 1.956304 4.008914 2.587491 3.483532 3.606412 1.416428 3.368984 2.787088 1.773706 3.753121 3.911637 2.150114 3.094619 3.553469 1.513121 1.565245 1.458175 1.151293 0.912258 0.919729 0.817666 1.437521 2.215755 2.301233 2.339058 2.149913 2.110895 2.454393 2.347549 1.834713 1.707837 1.988096 3.198894 0.622131 1.418623 1.682912 1.438885 1.813296 2.530274 1.683373 2.894380 4.099831 1.418446 3.395623 2.099373 0.874076 1.212983 1.232028 1.598733 1.457839 1.446197 1.514555 1.667584 1.360015 1.641320 1.803553 1.885858 1.730876 2.216756 1.307704 1.568123 1.392930 1.332283 1.485889 1.239590 0.899184 0.833980 0.898282 1.192424 1.090416 1.060685 1.220907 0.773575 1.141885 0.964394 1.206762 0.757878 0.610808 1.185540 1.533445 1.045000 1.000205 1.126651 0.758049 0.804260 0.996457 1.413948 1.585906 1.145395 1.986896 1.984456 2.099387 1.589567 2.455167 0.848536 1.308903 2.233688 1.263738 1.709271 1.964221 1.652090 1.235839 0.890724 1.213966 0.866624 1.122051 1.347284 1.384690 1.480888 1.194315 1.814013 1.587200 1.155443 1.675868 0.859977 2.209946 2.999237 2.582480 3.070969 2.731924 2.903502 1.266960 1.326014 1.691682 1.628921 1.562583 1.826414 1.533717 1.798456 0.777261 1.121262 1.158204 0.653990 2.499884 2.302787 5.489182 1.985525 0.876967 1.673470 1.665111 1.673607 1.649006 1.646739 1.514795 2.030267 0.997443 1.693290 1.694784 1.430578 1.738147 1.474761 1.459222 1.369513 1.570495 1.485680 1.162723 1.221994 1.370541 0.683842 0.927528 0.871788 0.996977 2.042835 1.262600 1.069836 1.199996 1.341011 1.459014 1.319043 1.643305 1.702667 2.325302 1.740165 1.326175 2.081526 2.266883 1.229060 1.420858 1.477842 1.385022 1.888603 1.221524 2.258444 2.037815 0.765209 0.956835 1.235298 1.492332 1.191054 0.940488 
1.333870 1.271424 1.506290 1.270795 2.067639 2.444722 1.445317 1.443507 0.752080 1.501366 1.205943 0.332246 2.044553 1.643188 1.840641 0.824939 1.000317 0.000000 0.672069 0.991225 1.791409 0.976129 1.868914 1.849275 2.561565 2.950434 2.986408 2.915559 3.006312 2.534081 2.806736 2.547355 2.609398 2.653270 2.662603 2.786463 2.479478 2.500317 2.518262 3.095457 2.855776 2.700985 1.595606 1.616826 1.710802 2.167335 1.641525 1.609121 1.803478 1.455363 1.525331 2.666341 1.839693 4.039091 3.065710 3.363260 3.660686 1.603251 3.265536 2.883918 1.825361 3.595772 3.759996 2.206041 3.197086 3.615015 1.834141 1.756600 1.627308 1.213865 0.697451 0.855218 1.014841 1.323820 2.308932 2.432905 2.675132 2.070561 2.259284 2.798987 2.268197 1.897031 1.694756 1.987618 3.241187 1.460399 1.824768 2.142657 2.076225 2.182699 2.729099 1.981002 3.283713 4.654187 2.055770 3.523948 2.781340 1.635040 1.370195 1.706776 2.019163 1.941480 1.929857 1.830849 2.056373 1.821094 2.199660 2.337797 2.034628 2.262906 2.387364 1.570022 1.831367 1.728860 1.314268 1.507943 1.052293 1.397139 1.274936 1.133653 1.797646 1.441067 1.785198 1.704172 1.455915 1.985909 1.763635 1.376585 1.280440 1.310728 1.568876 2.250369 1.580790 1.622043 1.992738 1.442363 1.488111 1.839354 1.725846 2.130923 1.784397 2.017073 2.734811 2.764235 1.612613 3.202990 1.618055 1.674803 2.490552 1.776242 2.401353 2.725700 2.226108 1.743279 1.368746 1.726779 1.565144 1.002379 1.578800 1.884715 1.922698 1.359277 2.127353 2.130754 1.519907 2.347837 1.285163 2.509096 2.811440 2.657392 2.824344 2.947762 2.801490 1.572664 1.464385 2.214377 2.041571 2.066611 2.148147 1.994998 1.905966 1.440585 1.730413 1.416951 0.949473 2.497358 2.066090 5.163597 2.166212 1.522439 1.784426 1.803941 1.630619 1.779720 1.749205 1.607446 2.169097 1.382288 1.765542 1.594972 1.516853 1.676977 1.813282 1.688136 1.751206 1.800572 1.863032 1.702351 1.140997 1.423378 1.104419 1.499716 1.487631 1.361649 1.620561 1.263586 0.957577 1.477766 1.740123 1.667842 1.745854 1.711864 2.240641 2.362886 2.036643 1.651744 2.125950 2.403812 1.640613 1.478075 1.529654 1.841677 2.022217 1.747936 2.339346 2.142813 1.301633 1.494355 1.567871 2.134498 1.758793 1.619227 
