235 235
0.000000 1.928928 1.166570 1.120569 2.014666 2.327039 2.186221 2.114769 1.867222 2.660848 2.730295 2.659917 2.235817 2.030424 1.628792 2.024460 2.180289 2.424964 2.706071 2.423259 4.315399 4.222769 3.565245 3.892478 4.343328 3.755995 3.686188 4.199819 3.588743 3.451586 3.779055 4.003498 3.538436 3.846134 3.487015 3.412885 4.216779 3.816223 4.358397 2.736028 2.679877 2.179991 2.782388 3.110586 3.162295 2.453922 3.055186 2.961096 2.388963 1.556467 2.918846 2.639435 2.858520 2.289883 2.675471 3.803881 3.653726 3.470089 2.371126 3.306203 3.153619 3.001958 3.759080 3.619651 2.274939 3.410216 3.378322 3.344548 1.827476 1.566744 1.366976 1.264930 2.397884 2.015097 2.621284 2.655431 2.699892 2.873586 1.882986 2.395319 2.799375 1.952504 1.992878 1.787937 1.614182 1.842523 4.034851 2.264566 4.216107 2.858060 2.893955 2.940218 3.076980 3.624278 5.329143 2.856868 2.953605 3.129397 3.425350 2.231395 3.167878 2.994923 2.564026 2.662888 3.113553 2.776401 2.543068 2.418398 2.975220 3.502305 3.078094 2.980853 2.816910 3.187823 1.232317 1.552002 2.171107 1.419885 1.342479 1.597953 1.447729 1.705346 1.256019 1.563034 1.520765 2.874141 2.606123 2.936883 2.562381 2.483554 2.910965 3.029040 2.419794 1.881966 2.590884 3.148999 3.249567 2.226803 2.867069 2.032248 3.614933 3.112944 2.201256 2.788330 2.975545 2.566194 2.371984 2.250099 2.908834 2.755918 3.057732 2.611215 2.158032 2.607297 4.572644 2.292448 3.202683 2.304306 3.160033 2.315809 3.157231 4.056342 2.949966 1.963813 2.605512 2.850448 3.362100 2.638310 1.828647 2.305006 2.721582 2.515765 2.765034 2.827574 2.686822 2.577220 1.471606 2.238562 1.539063 1.749482 2.046209 1.755574 2.119214 1.825887 1.603271 2.119081 1.813379 1.982242 1.572518 1.720706 1.727813 1.678568 1.628800 1.557252 1.581767 1.597930 2.198363 1.731686 1.318810 1.369189 2.538740 2.058833 0.909736 1.339971 1.017179 1.374923 1.575639 1.947019 1.616432 3.132725 2.083910 1.941699 2.300559 2.075932 1.442461 1.719904 1.643853 2.313625 1.961715 2.026958 1.383291 2.488553 1.448985 1.845348 1.702940 1.769594 1.824645 2.526352 2.347085 2.165942 1.602468 3.339409 3.100522 2.467183 2.194164 
1.928928 0.000000 1.560774 1.816518 1.796316 1.241667 1.990646 1.890297 1.874450 2.582496 2.485090 2.557004 1.413907 2.324083 1.175005 1.405618 1.263387 3.010943 3.288026 2.788679 4.389699 4.742120 3.657478 4.371208 4.766525 4.534315 4.217133 4.536977 4.447048 3.988749 3.744717 4.383236 4.115479 4.519391 3.609103 3.904825 4.401690 4.232703 4.825913 2.530492 3.348548 2.801626 3.140588 3.217638 2.978907 2.983451 1.910810 3.104050 3.143521 2.906000 3.923464 3.242306 3.407534 2.696309 3.008755 4.679728 4.596746 3.921959 3.115343 4.002920 3.680838 4.178294 3.909265 4.545721 3.400858 3.192910 4.159433 4.161088 2.698816 2.291859 1.374069 1.350055 1.031719 1.692707 2.178313 3.239875 3.596581 3.261284 2.238921 2.649584 3.598931 2.692128 2.029692 2.340125 2.816525 2.534759 3.971272 1.806887 4.526861 2.375234 3.120358 2.659750 3.275132 3.595686 5.583459 2.821249 2.175313 3.400247 3.973791 2.334995 3.827877 2.652588 3.420451 3.293475 2.501637 2.966108 3.693998 2.917882 3.407971 4.161550 3.360801 3.788694 2.549920 4.377897 2.372591 1.360917 2.853506 1.875557 1.879164 1.202837 1.929314 1.176053 1.130363 1.352155 1.485183 2.097109 1.925352 2.503461 2.094119 2.543653 1.851423 2.132183 1.843984 2.598603 2.646868 1.830748 1.946670 2.091959 1.825181 1.877624 2.219690 1.570300 2.179969 1.936523 2.445733 2.026007 1.816629 2.455409 2.261659 2.387168 3.096351 1.539564 2.365096 2.176154 3.717286 1.842248 3.490182 2.566151 3.668160 1.971539 3.403930 3.016593 2.284602 1.458832 1.808282 3.053174 1.725932 2.731518 1.616296 2.769242 3.412612 3.348770 3.384237 3.085449 3.321564 3.498823 1.938107 1.750303 2.374422 2.738274 1.732656 2.166891 2.061997 2.710361 2.643632 1.442873 1.665384 1.799017 2.414791 1.774703 2.056907 1.521940 1.906589 2.191060 1.754163 1.557441 1.883446 2.334802 1.474338 2.043647 1.476138 1.382684 1.745014 2.392122 1.927221 1.738014 1.839223 1.375438 1.535417 1.644129 1.434937 1.379238 1.431104 1.881578 0.810267 1.566877 1.735870 1.324836 1.652252 1.480410 1.815686 1.810592 1.837459 2.036740 1.526181 1.952218 1.751613 2.642036 2.396469 1.020051 1.784341 2.102600 3.000342 3.005890 2.686587 
1.166570 1.560774 0.000000 0.870154 1.917414 2.086380 1.986045 2.270625 1.766019 1.998567 2.212273 1.944794 2.086998 2.220769 1.622191 2.030293 1.790605 2.513815 2.828235 2.363604 4.437563 4.311620 3.937409 3.981329 4.432178 3.844846 3.775039 4.288670 3.677594 3.540437 3.901218 4.342349 3.627287 3.934985 3.859178 3.501735 4.305630 3.905074 4.447248 2.666888 2.904235 2.088707 2.664095 2.956496 2.501226 2.352436 2.585740 3.247037 2.482991 2.225200 3.208880 2.749106 3.230683 2.378734 2.743580 3.407543 3.801269 3.208261 2.439235 3.050629 3.053971 3.355602 3.478020 3.357260 2.686275 3.159040 3.127866 3.247048 1.720618 1.158512 1.460905 1.348389 2.030388 1.541348 1.488027 3.027594 3.077944 2.780619 1.875409 2.182396 3.046510 2.051825 1.589620 1.949865 1.885725 1.167694 4.338049 2.383482 4.519305 3.048405 2.765334 2.879780 2.799290 3.311377 5.269488 2.797213 3.143950 3.185444 3.797513 2.237886 2.858965 2.834650 2.592435 2.324563 3.230554 2.602680 2.609135 2.421336 2.781634 3.154176 3.045586 2.757885 3.034402 3.322446 1.327720 1.310529 2.193287 1.204646 1.230444 1.010324 0.928145 1.554666 1.135749 1.684414 1.184762 2.256852 2.807620 3.183358 2.583576 2.034059 2.917454 2.932143 2.319272 2.389017 2.492819 3.302337 3.160130 2.473278 2.894961 1.982632 3.455789 3.114532 2.417184 2.913913 3.054692 2.797963 2.577035 2.471493 2.541673 2.775502 3.010300 2.261829 1.852483 2.505811 3.872227 1.542276 3.553193 2.321728 2.864506 2.053555 2.868139 3.395273 2.249550 1.502516 1.964052 2.150032 3.063884 2.340115 1.698597 2.415641 2.634397 2.649482 2.853885 2.931131 2.605680 2.754828 1.230133 1.927911 1.877913 2.377371 2.027469 1.668523 2.169949 2.020420 1.712832 1.796375 2.042698 2.307206 1.553796 1.589623 1.940457 1.570784 1.929535 1.252731 1.360970 1.633621 2.039539 1.343234 1.057612 1.455871 2.645720 2.005261 1.043164 1.461322 1.290504 0.973362 1.394416 1.678704 1.440166 3.176057 1.837292 1.407611 2.373014 2.136498 1.268852 1.265531 1.888715 1.583591 2.202658 1.635524 1.345722 1.972220 1.371595 1.710411 1.435301 1.613638 1.741180 2.230825 2.105612 2.125207 1.993534 3.291976 2.488863 2.249378 2.102100 
1.120569 1.816518 0.870154 0.000000 2.128300 1.915458 2.168681 2.502115 1.737812 2.447662 2.304609 2.308859 2.075517 1.751607 1.537458 1.933149 1.768003 2.026246 2.174297 1.998233 3.783625 3.752623 3.283471 3.422331 3.873181 3.340582 3.416485 3.736329 3.206614 2.981440 3.247280 3.783351 3.098614 3.448473 3.212593 2.942738 3.746632 3.346076 3.888250 2.208431 2.571436 2.205260 1.982770 2.793389 2.729936 2.298395 2.622827 2.593099 2.126656 1.916484 2.852545 2.303305 2.576745 1.843546 2.089642 3.295240 3.541849 2.918983 1.781549 2.527420 2.535147 2.999267 2.962225 2.869842 2.329940 2.755296 3.040012 2.700168 1.764138 1.401337 1.279923 1.154297 1.969165 1.573031 1.850890 2.429871 2.721609 2.404179 1.427216 1.868134 2.690175 1.696977 1.316057 1.942015 1.529391 1.147102 3.907841 2.262341 4.111286 2.595516 2.604222 2.930353 2.729966 3.304746 4.932723 2.456011 2.719450 3.106462 3.294603 2.158905 2.523954 2.455771 2.271327 2.235180 2.649984 2.320936 2.137178 1.962933 2.497696 2.896843 2.268672 2.762394 2.365597 2.843136 1.413973 1.195335 2.069114 1.277997 1.337709 1.087298 1.004000 1.301710 0.908508 1.350225 1.112693 2.532807 2.517803 2.987221 2.513158 2.383474 2.819630 2.937705 2.332984 2.447967 2.559122 3.042983 3.158232 2.239419 2.761053 1.940913 3.503698 2.999551 2.109921 2.674936 3.217921 2.472432 2.181233 2.165843 2.587132 2.668554 2.910136 2.428856 1.781247 2.316830 4.000181 1.765034 3.105282 2.068591 2.357988 2.238536 2.804415 3.623983 2.269396 1.607507 2.193124 2.241197 3.248706 2.247642 1.926772 1.856918 2.608161 2.441428 2.367372 2.379486 2.221590 2.405846 1.213820 1.823159 1.466067 2.003404 1.710983 1.528195 1.706487 1.742866 1.356497 1.703206 1.897120 2.184338 1.549369 1.333796 2.094348 1.323263 1.535038 1.268994 1.218949 1.309781 1.638406 1.294787 1.014264 1.581472 2.378440 1.718277 0.992873 1.448546 1.055204 0.788425 1.247732 1.596334 1.400736 3.020036 1.749952 1.792936 2.194542 1.829360 1.627333 1.839369 2.138269 1.950232 2.277746 1.954047 1.369684 2.085630 1.296769 1.695988 1.540128 1.700019 1.411917 1.951618 2.004659 2.059925 1.835823 3.157050 2.711372 2.161739 2.014461 
2.014666 1.796316 1.917414 2.128300 0.000000 1.865288 0.697458 0.560895 1.420348 1.246424 1.796367 1.396478 1.025994 1.546387 1.316464 0.911578 1.458064 1.861993 2.068566 1.720337 3.296007 3.474075 3.341309 3.152916 3.549712 3.124542 2.784464 3.382770 3.011344 2.891639 2.787280 3.639814 2.847384 3.106572 3.109550 2.619269 3.315055 2.968553 3.510727 1.807553 1.911447 1.252164 2.094085 2.006090 2.047281 1.608777 1.637569 2.776393 1.914679 1.771274 2.537720 1.881537 2.277998 2.028185 2.817733 4.859886 4.854425 4.444421 1.875601 4.485037 4.200493 3.629722 4.665611 4.852947 2.861785 3.737060 4.360263 4.492375 2.147382 2.190165 1.882479 1.676012 1.699669 1.581908 2.011182 2.968287 2.845661 2.972688 2.737715 3.207550 2.964963 3.081454 2.555853 1.921649 2.279588 2.901157 3.662643 0.864718 3.874760 2.041059 1.896300 1.622013 2.980570 3.357659 4.549280 1.819444 2.271042 2.597439 3.150101 0.937149 2.637406 2.080401 1.983061 1.927065 2.377055 2.046629 2.144536 1.703479 2.225939 2.706589 2.447259 2.239232 1.979121 2.857847 2.377233 1.848974 1.916998 2.027856 1.839636 1.715047 2.033947 1.623008 1.804582 1.442295 1.883766 1.215458 1.209352 1.357334 1.059449 1.001544 1.392494 1.304942 0.626618 0.975043 1.174454 1.608831 1.638321 0.772857 1.201456 0.603027 2.015530 1.555958 1.006807 1.240844 1.369545 1.130730 0.984732 1.354227 1.234830 1.185006 1.933178 1.362775 1.548673 1.530363 3.328682 2.367185 2.905441 1.235915 3.325476 1.790529 2.281602 2.317537 1.793860 1.072158 0.905269 2.159774 1.691447 2.374353 1.201382 2.742895 3.643655 3.520543 3.241217 3.237475 3.745654 3.271451 1.753157 1.929374 2.254778 2.369604 2.503306 2.064673 2.116035 2.350915 2.431631 1.907896 2.022174 1.819914 2.611694 1.437113 1.555885 2.224491 1.583044 2.461434 2.171281 2.046619 2.070030 2.676965 2.234966 2.436851 1.586644 2.557413 1.854437 1.885724 2.204861 2.262361 2.045496 2.141108 2.092398 1.891053 1.064570 1.810527 1.381108 2.603282 1.626289 1.390061 1.688428 1.978897 2.018152 1.775559 2.206195 2.559674 1.652972 2.257284 2.298880 1.674287 1.366056 2.102449 1.602552 1.357955 2.275588 1.893335 1.981973 1.860127 1.444104 
2.327039 1.241667 2.086380 1.915458 1.865288 0.000000 2.050774 1.963065 1.210362 2.786651 2.400393 2.691568 1.557789 2.154716 1.152137 1.469094 0.709333 2.659758 2.980958 2.678135 4.146622 4.390935 3.372469 4.020023 4.415339 4.249306 4.082164 4.402009 4.162039 3.637563 3.663802 4.032050 3.764294 4.168206 3.349982 3.619816 4.158613 3.935572 4.528782 2.365644 3.286238 2.823794 2.933319 3.364872 3.062350 2.932695 1.738997 2.752865 2.792336 2.606285 3.572278 2.945174 3.056349 2.345123 2.697323 4.949258 4.847345 4.341326 2.778864 4.125240 3.855360 3.933642 4.091979 4.695609 3.124802 3.596489 4.578219 4.447238 2.670176 2.272184 1.978239 1.697489 0.722834 1.616876 1.893761 3.085463 3.336829 3.326649 2.602958 3.158989 3.631346 2.823371 2.408930 2.620311 2.635076 2.847821 3.890357 2.007798 4.106711 2.313975 2.990134 2.706600 3.349025 3.795189 5.522200 2.868098 2.114054 3.548770 3.650433 2.435899 3.736250 2.608298 3.188445 3.245966 1.928676 2.940657 3.486729 2.710612 3.316344 4.069923 3.148441 3.763243 2.305886 4.104452 2.809274 2.030116 2.839967 2.447381 2.450989 1.736883 2.375965 1.802498 1.576098 1.810072 1.914704 2.002693 1.462545 2.586424 2.074657 2.572256 1.970972 2.543669 2.035816 2.397035 2.864030 2.030699 1.923536 2.008255 2.113955 1.852173 2.353212 1.607013 2.099132 2.113359 2.769603 1.920244 1.906673 2.131735 2.124130 2.651949 3.058199 1.929317 2.261905 2.079605 3.634738 2.249307 3.475444 2.580559 3.599164 1.672551 3.234563 3.275141 2.488845 1.780092 2.012438 3.263017 1.432526 2.948741 1.548602 3.148891 3.883450 3.738776 3.514467 3.409841 3.558287 3.727828 2.198078 1.770552 2.660872 3.010201 2.520696 2.752014 2.544095 2.909550 2.813006 2.242182 1.776369 2.270186 2.979262 1.967427 2.418948 2.325262 1.847581 2.723898 2.434096 2.008609 1.501536 2.769003 1.904783 2.812644 1.526553 1.658612 2.345732 2.510370 2.213039 2.309838 2.352889 2.133559 2.377511 1.464411 1.541325 2.030763 1.489497 1.980467 1.365513 2.147429 2.600612 2.075209 2.199454 2.166726 2.380158 1.925113 2.095231 2.662618 2.121815 2.440925 1.698715 2.510452 2.421067 1.125066 1.843877 1.705789 2.950347 2.880641 2.583397 
2.186221 1.990646 1.986045 2.168681 0.697458 2.050774 0.000000 0.922696 1.832512 0.890348 1.798190 1.565287 1.237603 1.565157 1.567500 1.150635 1.672404 1.787072 2.233057 1.704239 3.433751 3.443253 3.460807 3.019927 3.451706 3.106226 2.867796 3.406002 2.934542 2.816718 2.862026 3.564893 2.816562 3.063547 2.857181 2.353886 3.094200 2.558085 3.199643 1.727432 1.922876 1.340477 1.883628 1.846040 1.664614 1.247250 1.785678 2.991291 1.978811 1.898711 2.552069 1.848037 2.144532 1.953264 3.032631 4.943205 4.905940 4.369500 1.582800 4.410116 4.125572 3.735100 4.931979 4.860083 2.967163 3.974017 4.480347 4.454218 2.235840 2.266131 1.963631 1.949298 1.949013 1.862982 2.102237 2.922778 2.921628 2.986002 2.662794 3.216294 3.094984 3.006533 2.740321 2.081082 2.414378 2.841768 3.948606 1.284210 4.197825 2.310011 2.079661 1.977503 3.076202 3.525681 4.698250 2.141366 2.539993 2.787422 3.332655 1.133404 2.556081 2.200868 2.100885 1.893267 2.556345 2.044549 2.112708 1.507247 1.897545 2.418277 2.227361 2.158109 2.050990 2.700218 2.453200 2.101238 2.227475 2.219560 2.189413 1.896331 1.946181 1.891960 2.025134 1.760499 2.128076 1.066554 1.296385 1.384086 0.932330 1.010637 1.297644 1.136517 0.854840 1.059934 1.119407 1.658988 1.543471 1.265994 1.155685 0.671202 1.993052 1.334682 0.789716 1.205562 1.351955 1.134489 1.255027 1.049468 1.263822 1.033888 1.913421 1.475213 1.579644 1.513261 3.440376 2.505861 2.958103 1.200717 3.387257 2.093995 2.410720 2.319310 2.024602 1.338528 1.070667 1.981650 1.867356 2.601141 1.551635 2.817616 3.771092 3.664861 3.169994 3.312196 3.729557 3.443005 1.889766 2.166331 2.296373 2.541159 2.801221 2.183599 2.251989 2.522470 2.573774 2.165994 2.289446 2.144516 2.687313 1.417495 1.685906 2.448285 1.658140 2.718732 2.314720 2.279412 2.336398 2.727975 2.160045 2.574225 1.877068 2.772310 1.981429 2.005809 2.270994 2.314127 2.207425 2.476237 2.386149 2.131982 1.348823 1.920465 1.525410 3.051699 1.962097 1.802908 1.680076 1.943947 2.282361 2.149530 2.618969 2.840748 2.018192 2.567770 2.609366 2.189714 1.625072 2.346759 1.992066 1.776755 2.874892 1.963495 2.292174 2.270030 1.890771 
2.114769 1.890297 2.270625 2.502115 0.560895 1.963065 0.922696 0.000000 1.518114 1.451421 2.083003 1.670459 1.203805 1.751084 1.761285 1.118183 1.491120 2.125514 2.449544 2.064739 3.553831 3.634446 3.715123 3.402326 3.841071 3.491599 2.989756 3.503387 3.371048 3.126946 3.078640 3.627507 2.966014 3.311865 3.327380 2.978973 3.520347 3.247375 3.716019 2.208851 2.093388 1.493371 2.477303 2.212440 2.364322 1.925819 1.926471 3.137100 2.170260 1.876155 2.718438 2.168127 2.569357 2.357298 3.165510 5.069977 5.147357 4.671177 2.176482 4.689734 4.486072 3.696932 5.094270 5.145879 2.895710 4.136307 4.647800 4.814718 2.285945 2.196550 2.138646 2.060553 1.733720 2.025273 2.279532 3.283278 3.028169 3.346502 3.015942 3.559306 3.050447 3.286151 2.907609 1.955575 2.458310 3.149971 3.958949 1.050731 4.229890 2.087365 2.152467 1.984496 3.229384 3.584415 4.827507 2.216692 2.398230 2.632017 3.429160 1.085588 2.843558 2.381741 2.295120 2.208723 2.586387 2.356180 2.415328 2.086697 2.440039 2.986866 2.786360 2.592865 2.206797 2.881163 2.300865 2.209474 2.179083 2.409023 2.108378 2.115352 2.269113 1.919314 2.249403 1.799770 2.290367 1.660874 1.432724 1.456246 1.186938 1.384988 1.837910 1.650918 1.101048 1.108526 1.462141 1.740467 1.833737 1.210451 1.572237 1.111941 2.187431 1.560548 1.342007 1.395595 1.412361 1.552631 1.544171 1.737047 1.708202 1.447722 2.130695 1.559298 1.929841 1.814014 3.607346 2.728308 3.264550 1.487426 3.647820 1.834384 2.528893 2.607141 2.185208 1.516978 1.194534 2.359000 1.752514 2.763432 1.549159 3.124062 3.881592 3.879651 3.445913 3.618642 4.090057 3.580873 2.016677 2.328622 2.599181 2.503730 2.909457 2.350252 2.453085 2.658118 2.779688 2.274230 2.044671 1.944799 2.956097 1.656516 1.662470 2.605658 1.927447 2.835248 2.530389 2.441703 2.498689 3.058132 2.498487 2.448718 2.060876 2.853719 2.102221 1.949149 2.527205 2.628822 2.426663 2.584473 2.494386 1.921253 1.511113 1.709829 1.310117 2.826059 1.819654 1.498519 1.538585 2.202124 1.828940 1.974482 2.642207 3.003039 2.125749 2.730061 2.771656 2.030939 1.787363 2.509050 1.972388 1.566026 2.406648 1.787452 2.197552 2.274777 1.784884 
1.867222 1.874450 1.766019 1.737812 1.420348 1.210362 1.832512 1.518114 0.000000 2.452671 2.414085 2.203482 1.586011 1.905453 1.364169 1.412069 0.926570 2.428247 2.501557 2.460808 4.169609 4.226052 3.502308 3.895761 4.346610 3.818102 3.732370 4.203102 3.643497 3.454869 3.678653 3.756781 3.541719 3.849417 3.242622 3.467638 4.220062 3.819506 4.361680 2.389188 2.924956 2.440662 2.727179 3.117228 2.864294 2.306385 2.559404 2.683954 2.442542 1.964162 3.168430 2.642718 2.741878 2.293166 2.641985 4.627789 4.408706 4.150195 2.405401 4.008992 3.778503 3.571362 4.241048 4.376903 2.870630 3.735173 4.150226 4.073004 2.275901 2.144040 2.015417 1.540199 1.536283 1.711978 1.852654 2.999751 3.050662 3.283336 2.630520 3.119603 3.453287 2.713518 2.521960 2.444002 2.164688 2.606930 3.772602 1.731451 3.859258 2.309032 2.640340 2.572225 3.202771 3.729098 5.194595 2.557840 2.558026 3.354724 3.394591 2.133723 3.152761 2.684715 2.657453 2.640418 2.293673 2.856739 2.839761 2.498736 2.967322 3.447972 3.036236 3.116275 2.318109 3.479542 2.360944 2.193903 2.462775 2.265755 2.250871 1.802118 2.018945 2.017855 1.562823 1.760576 1.875771 2.340918 1.723347 2.245384 1.831304 2.219368 2.488712 2.653356 1.928593 1.938122 2.539796 2.465224 2.008348 1.785304 2.519384 1.656226 2.984473 2.352456 2.045201 2.136561 2.709512 2.127484 2.161191 2.110616 2.546167 2.498789 2.601297 2.126169 2.313158 2.150863 4.204445 2.329496 3.257437 2.298485 3.332918 1.607288 2.898103 3.582618 2.581767 1.788032 2.095024 2.819470 2.203538 2.957485 1.640805 3.124808 3.711241 3.538658 3.421467 3.592119 3.522591 3.473656 1.965965 2.155594 2.329657 2.810084 2.784336 2.573955 2.623845 2.709433 2.342618 2.491664 1.683983 2.285905 2.562928 2.066277 2.288508 2.401771 1.924372 2.253510 2.410014 2.094623 2.097555 2.564376 2.048848 2.627232 2.379509 2.555526 2.102131 2.039982 1.813109 2.164154 2.164249 2.438870 2.383015 1.888143 1.923589 1.638996 1.634014 2.134999 1.518641 1.936453 2.438367 2.425668 2.028891 2.319274 2.106314 2.736024 1.778375 2.604541 2.377049 2.300011 1.767952 2.494654 2.283399 1.843313 1.543283 2.078920 2.866199 2.313054 2.148486 
2.660848 2.582496 1.998567 2.447662 1.246424 2.786651 0.890348 1.451421 2.452671 0.000000 1.678652 1.001030 1.505065 1.857830 2.205000 1.865166 2.177418 1.781715 2.374106 1.813225 3.376140 3.248183 3.782891 2.800571 3.394897 2.910955 2.459399 3.179886 2.624173 2.804008 2.820180 3.802184 2.671555 2.789363 3.179264 2.018862 2.821003 2.274941 2.835207 1.369581 1.653274 1.021451 1.548599 1.463767 1.075435 0.986801 1.539095 3.283963 1.877344 2.076655 2.472661 1.802235 2.437204 1.947907 3.075303 4.871150 5.290781 4.464898 1.719180 4.397406 4.155599 3.800976 5.210960 4.802081 2.895107 4.046101 4.408292 4.470920 2.283799 2.296601 2.202250 2.634140 2.532459 2.009502 2.278142 3.284679 3.070161 3.071669 2.697128 3.288378 3.146359 3.287130 2.812405 2.092903 2.549219 2.631708 4.515040 1.670379 4.872442 2.755525 2.393314 2.307298 2.963980 3.446004 4.780290 2.227843 2.945954 2.894179 3.726885 1.077672 2.373957 2.164704 1.802370 1.526316 2.762808 1.919062 1.593032 1.259300 1.432791 1.867250 1.888780 1.611477 2.260135 2.213649 2.765526 2.213311 2.624595 2.315421 2.197818 1.804518 2.220828 2.225406 2.613614 2.442322 2.432135 1.189165 1.736383 1.815400 0.979471 0.814039 1.403226 1.483155 1.222219 1.396672 1.169980 1.963528 1.848625 1.788484 1.519651 1.242033 2.169945 1.620329 1.088369 1.454930 1.606853 1.497582 1.760785 1.492853 1.221334 1.459224 2.012606 1.492620 1.465436 1.460850 2.989191 2.287040 3.308682 1.140563 3.277523 2.116092 2.271574 1.697751 1.616013 1.270022 0.774213 1.740393 2.443135 2.491407 1.849594 2.780264 3.699036 3.592806 3.153586 3.274844 3.746259 3.370950 1.945078 2.470390 2.505383 2.731595 2.819251 2.057489 2.270019 2.450414 2.501718 2.232911 2.850762 2.779598 2.891119 1.475079 2.154624 2.742177 2.256086 2.658171 2.288862 2.808392 2.865378 2.745816 2.499516 2.352752 2.345652 3.202914 2.009986 2.347546 2.778934 2.549220 2.693302 2.588310 2.429257 2.889435 1.765734 2.349286 2.239446 3.787576 2.564809 2.011206 2.035816 2.077224 2.541853 1.818553 2.877374 2.662387 2.241655 2.664933 2.499631 2.144065 1.835087 2.305990 1.870099 2.458578 3.522012 2.165355 1.765967 2.071539 1.692280 
2.730295 2.485090 2.212273 2.304609 1.796367 2.400393 1.798190 2.083003 2.414085 1.678652 0.000000 1.458565 1.306721 1.756380 1.757223 1.699158 2.231240 1.920603 2.294761 1.796716 3.185659 3.179973 3.097636 3.005007 3.454377 2.900824 3.121202 3.191046 2.813557 2.372547 2.452839 3.537969 2.553331 2.903189 2.987934 2.629442 3.404547 3.112541 3.455750 1.659180 2.442528 1.573951 1.742274 2.209418 1.066047 2.162881 1.394764 2.937079 1.975813 2.006205 2.868275 2.191108 2.475917 1.500357 2.489229 4.594609 5.402171 4.344621 2.246811 3.872688 3.845719 3.890307 4.728019 4.373556 2.900562 3.561043 4.109692 3.938236 2.364080 2.406863 2.193983 2.524589 2.268345 1.298334 1.656274 3.017155 3.218316 3.112304 2.616850 2.902115 3.510730 3.226859 2.401653 2.398451 2.638551 2.068707 4.624447 2.006164 4.780469 2.798364 2.602366 2.605803 3.181619 3.562807 4.960447 2.464067 2.652429 3.190825 3.639437 1.804350 2.461572 1.591854 1.931254 1.666206 2.375277 1.442982 2.545684 1.838533 1.972893 2.269575 2.296893 1.933484 2.185216 2.735922 2.913681 1.971735 2.338588 2.338217 1.780221 1.745174 1.811666 2.129191 2.225221 2.381828 2.049046 1.469750 2.306301 2.942274 2.167004 1.661067 2.291485 2.338127 2.000910 2.223785 2.381492 2.607372 2.630086 2.194472 2.279660 1.660070 2.395989 2.412582 1.899077 2.326216 2.860617 2.108959 2.035476 2.004616 2.026920 2.423753 2.758140 1.267383 1.076858 1.778324 2.140383 1.234132 3.460384 2.072944 2.049713 1.903982 1.464988 1.472518 1.450307 1.517852 1.461275 1.546565 2.579094 1.204887 1.842493 2.702880 3.370614 3.721280 3.255824 2.991099 3.551831 3.514336 1.985448 2.004732 2.356753 2.901631 2.289417 2.392449 2.023308 2.371992 2.384153 2.073400 2.976226 3.079798 2.980451 1.577338 2.513393 2.587879 2.077660 2.132466 2.022216 2.688014 2.742765 2.681376 2.195052 2.231051 2.184015 2.830692 2.121725 2.436878 2.814133 2.212661 2.736675 2.066543 2.345965 2.779090 1.474658 2.507935 2.360652 3.539103 2.613633 2.041103 2.528540 1.853412 3.009130 1.968797 2.783487 1.568420 1.931926 2.192662 1.734288 1.834576 1.395046 1.850805 1.779193 2.220982 3.428125 2.719489 1.886118 1.721099 1.611717 
2.659917 2.557004 1.944794 2.308859 1.396478 2.691568 1.565287 1.670459 2.203482 1.001030 1.458565 0.000000 1.274148 2.020844 2.017995 1.580933 2.202697 2.086450 2.182736 2.057876 3.623059 3.545359 3.874383 3.188793 3.802191 3.114652 3.043757 3.585170 2.940047 3.047130 3.147867 3.937197 2.968731 3.138615 3.422640 2.764189 3.513307 3.108704 3.650877 1.279128 2.411480 1.397565 1.666046 2.229091 1.068429 1.162632 1.281753 2.791619 2.203865 2.086801 2.889430 2.183300 2.618314 2.043378 2.562287 4.775372 5.318023 4.521627 1.935390 4.316204 4.193822 3.983027 4.735284 4.692250 3.116301 3.885251 4.413269 4.345600 2.388039 2.538931 2.519098 2.261433 2.574895 1.339516 1.583868 3.364253 3.350383 3.393693 3.001315 3.360457 3.642798 3.378837 2.762815 2.545224 2.623162 2.550505 4.611609 1.751682 4.719208 2.797961 2.734434 2.354999 3.323301 3.700391 5.073830 2.343994 2.958979 3.275274 3.708435 1.539528 2.292755 1.759797 1.931434 1.359812 2.197217 2.064012 1.792305 1.682717 1.847016 2.144653 1.955873 1.877321 1.875135 2.401485 2.775478 2.381107 2.735361 2.484991 2.126609 1.630870 1.960981 2.267842 2.135177 2.561672 2.234720 1.271344 2.098049 2.386526 1.415070 1.402928 1.906135 1.996817 1.556050 1.732700 1.992810 2.369362 2.235319 1.805617 1.998751 1.381712 2.452690 2.016935 1.689634 2.012315 2.152260 2.009653 1.934416 2.081936 1.724244 2.145233 1.770115 1.442281 1.603228 0.995104 2.013086 1.630163 3.738814 1.680422 2.815065 1.679319 2.019403 1.494597 0.918650 1.209896 0.798963 1.200166 2.179375 2.301144 1.678347 3.141430 3.974284 3.868053 3.450762 3.636010 3.945263 3.661109 2.117515 2.232836 2.596279 3.048405 2.901841 2.524516 2.470453 2.725662 2.506696 2.207420 2.769800 2.820414 3.019116 1.892697 2.621651 2.967854 2.431534 2.340427 2.572836 2.843433 2.755589 2.830308 2.696142 2.613119 2.343970 3.137242 2.268498 2.421489 2.852798 2.391679 3.010667 2.404811 2.584977 2.863944 1.822845 1.732302 2.260987 3.569678 2.447666 1.634512 2.238251 1.719261 2.476629 1.664595 2.411396 2.154563 1.571668 2.502749 2.119572 2.056042 1.586454 1.817822 1.980956 2.456897 3.272249 1.943554 0.787126 1.624794 1.383129 
2.235817 1.413907 2.086998 2.075517 1.025994 1.557789 1.237603 1.203805 1.586011 1.505065 1.306721 1.274148 0.000000 1.343720 1.087516 0.503723 1.256254 1.768546 2.023967 1.626378 3.272891 3.517204 2.948613 3.092238 3.541608 3.186584 3.208433 3.557297 3.106670 2.710176 2.790070 3.052981 2.937472 3.240421 2.414401 2.672556 3.297456 3.061841 3.655050 1.526747 2.480846 1.520367 1.847434 2.280765 1.695238 1.670196 1.267759 2.345962 1.990824 1.749158 2.644493 2.071443 2.074509 1.561966 2.384235 4.819880 4.989512 4.181962 2.058180 4.166925 3.820991 3.727648 4.325104 4.736759 2.875834 3.456049 4.320258 4.294085 2.383239 2.426022 1.781323 1.893733 1.434086 1.229673 1.797752 2.604496 2.805656 2.890821 2.592121 2.840622 3.348071 2.883165 2.274784 2.235791 2.446480 2.725797 4.017326 1.049608 4.149613 1.917508 2.494670 2.164584 3.200777 3.545322 4.779103 2.050395 1.818170 2.980547 3.164306 1.518280 2.710999 1.667885 2.090213 2.009633 1.653610 1.744324 2.358685 1.582568 2.124128 2.877707 2.222668 2.453381 1.448315 3.094054 2.751021 1.875012 2.337693 2.269141 2.114636 1.466546 2.255708 1.748335 1.460850 1.834253 1.894147 1.405082 1.313293 1.865982 1.120363 1.744741 1.493472 1.474919 1.222294 1.610406 1.992932 1.582226 1.531303 1.449408 1.424850 0.941193 2.036543 1.391179 1.212201 1.271955 2.056110 1.470709 1.290413 1.516003 1.642247 1.749688 1.944837 0.923231 1.370569 1.122105 2.803042 1.726095 3.003607 1.734103 3.019199 1.381990 2.135306 2.147404 1.307888 0.893540 1.069491 2.021335 1.555392 2.197024 1.527654 2.666234 3.711758 3.583468 3.162130 2.947100 3.566656 3.285500 2.004606 1.987512 2.121578 2.491761 2.218718 2.229789 1.997867 2.396959 2.391626 1.974152 1.976322 2.306085 2.788380 1.390869 2.076924 2.323100 1.635589 2.497969 2.247257 2.117537 2.089850 2.612299 2.078990 2.682028 1.533213 2.246433 1.922300 2.259512 2.394120 2.180349 2.485780 2.262558 2.185695 1.833986 1.135404 1.618693 1.336938 2.570011 1.575914 1.711714 1.905689 1.765183 1.894389 1.763902 2.305037 1.882557 1.598529 2.382178 1.719802 2.044069 0.999484 1.973986 1.868047 1.249911 2.459033 1.657727 1.909182 1.767655 1.375579 
2.030424 2.324083 2.220769 1.751607 1.546387 2.154716 1.565157 1.751084 1.905453 1.857830 1.756380 2.020844 1.343720 0.000000 1.640051 1.324414 1.734430 0.974220 1.311765 0.914236 2.466794 2.564433 2.074703 2.260361 2.622975 2.401409 2.212651 2.483165 2.346911 1.744271 2.133312 2.488153 1.845450 2.252039 2.132262 2.043472 2.496427 2.213518 2.638045 2.058492 2.063958 1.703664 2.184610 1.960910 2.382554 2.161049 2.067308 1.732695 1.108419 1.202317 1.717028 1.230398 1.126351 1.190288 1.565528 3.662567 3.832199 3.033176 1.710839 2.982768 2.779106 2.592394 3.698718 3.579446 1.701677 2.587913 3.199710 3.166184 1.332018 1.457084 1.043877 1.376073 1.815468 1.718978 2.188357 1.714728 1.618151 1.762555 1.488512 1.852339 2.217736 1.593499 1.351573 1.308388 1.340637 1.858662 2.949832 1.068765 3.215230 1.173432 1.425772 1.591175 2.135769 2.624282 3.686693 1.281410 1.542844 2.153391 2.389673 1.394527 2.325180 1.798251 1.778144 1.947964 2.353733 1.604643 2.292114 1.536301 1.850428 2.774372 2.314396 2.465241 2.010522 2.765229 1.704105 1.394984 1.456802 1.363294 1.690165 1.638210 1.847462 1.614246 2.056741 1.109859 1.519220 2.203852 2.112366 2.492682 2.007333 2.051561 2.422493 2.358751 1.751071 1.804351 1.999982 2.587408 2.761095 1.483739 2.113446 1.361959 2.876353 2.514179 1.712785 2.263094 2.422772 1.844942 1.357382 1.943439 2.190721 2.077524 2.498110 1.515637 1.342886 1.936764 3.896762 2.286056 2.072702 1.608622 2.005944 1.638494 1.532982 3.058719 2.274085 1.375595 1.696657 2.493009 2.682673 1.610041 1.272606 1.608657 2.544508 2.438278 1.827784 2.075968 2.406759 2.162368 1.004153 1.390932 1.163629 1.519947 1.593303 1.079830 1.357449 1.530038 1.376897 1.945105 1.886940 1.722725 1.682537 0.988754 1.305989 1.488284 0.922178 1.767108 1.539400 1.241991 1.612540 1.578117 1.824530 2.093208 2.236123 1.674732 1.462636 1.356010 1.368721 1.793973 1.496177 1.823108 1.639653 2.821358 1.538545 2.228616 1.752269 2.035592 2.082587 2.208689 2.143733 2.325421 2.576822 1.851203 1.677027 2.417296 1.378612 1.655142 1.964246 1.597753 1.097813 1.287871 1.117831 1.804936 2.217628 2.671678 2.713102 1.099520 1.028450 
1.628792 1.175005 1.622191 1.537458 1.316464 1.152137 1.567500 1.761285 1.364169 2.205000 1.757223 2.017995 1.087516 1.640051 0.000000 1.061597 1.237067 2.145093 2.314068 2.104647 3.686012 3.930325 2.823624 3.505359 3.954729 3.545651 3.621554 3.941398 3.465737 3.122899 3.203192 3.659278 3.303684 3.653542 2.855733 3.085677 3.698003 3.474962 4.068171 1.601545 2.752969 2.099853 2.103020 2.868149 2.259712 2.130057 1.683795 2.481990 2.331726 1.932042 3.057614 2.484564 2.433576 1.722351 2.128905 4.670536 4.451452 3.963651 2.141385 3.835762 3.489828 3.258554 3.841594 4.405596 2.607868 3.415307 4.170913 3.962922 1.992544 2.054869 1.686032 1.454110 1.104896 0.996932 1.657731 2.378419 2.713251 2.726565 2.315012 2.745331 3.115876 2.552002 2.179493 2.075429 1.908420 2.576452 3.547054 1.738707 3.664006 2.286167 2.598489 2.435454 2.967555 3.312100 5.061589 2.407488 2.006712 3.064350 3.053887 1.975288 3.045657 2.013196 2.419947 2.511256 1.942638 2.164413 2.656431 1.956427 2.625752 3.379330 2.396763 2.940298 2.061575 3.413859 2.256849 1.503859 2.145648 1.890635 1.839930 1.322532 1.733785 1.374057 0.817260 1.394135 1.410385 1.609917 1.686136 2.281264 1.756078 1.955590 1.581907 1.902109 1.533929 1.810211 2.338281 1.781957 1.867076 1.564898 1.844860 1.197430 2.297565 1.589186 1.445617 1.763355 2.455952 1.560268 1.641981 1.407922 1.979821 2.096789 2.315218 1.479354 1.644300 1.392151 3.174979 1.345501 2.941304 2.059375 2.884767 1.926651 2.665845 2.945305 1.722289 1.098245 1.686044 2.379498 1.872926 2.293565 1.304429 2.523126 3.616467 3.306359 2.998997 2.776723 3.289547 3.062715 1.633453 1.601943 1.924416 2.399143 2.058338 2.236544 1.953345 2.261727 2.069197 1.893495 1.754173 1.922295 2.363173 1.428147 1.879669 1.951948 1.273287 2.210693 2.014035 1.815349 1.842212 2.302965 1.516031 2.517772 1.049992 1.774121 1.758044 1.857585 1.787095 1.686176 2.045661 1.945955 1.883508 1.754049 0.833103 1.585616 1.364468 2.252624 1.496717 1.527701 1.964101 1.188176 1.923237 1.884248 2.003345 1.660934 1.417784 2.067509 1.516409 1.841526 1.038593 2.108485 1.945310 1.332301 2.065533 2.261656 2.585254 2.264552 1.955112 
2.024460 1.405618 2.030293 1.933149 0.911578 1.469094 1.150635 1.118183 1.412069 1.865166 1.699158 1.580933 0.503723 1.324414 1.061597 0.000000 1.209800 1.811021 1.923148 1.599887 3.350287 3.548945 3.014366 3.110463 3.559833 3.150756 3.226658 3.599772 3.070842 2.752651 2.911128 3.036644 2.979947 3.258646 2.457879 2.690781 3.400740 3.080066 3.673276 1.743121 2.519498 1.718703 2.125795 2.464395 2.105952 1.995851 1.709496 2.210876 1.962917 1.701601 2.662718 2.089668 2.038681 1.560339 2.273398 4.746520 4.709255 4.039636 1.846201 4.093565 3.747631 3.516357 4.102386 4.663399 2.856528 3.424251 4.246898 4.220725 2.034016 2.130854 1.762017 1.438069 1.298614 1.188892 1.823888 2.479182 2.786350 2.802550 2.572815 2.821316 3.157872 2.809805 2.255478 2.078554 2.166223 2.683092 3.653192 0.885186 3.782981 1.653829 2.192318 1.824755 3.043540 3.388085 4.621866 1.887592 1.708516 2.782252 3.068850 1.457278 2.874629 1.869294 2.244039 2.197109 1.904038 2.051968 2.502967 1.780904 2.253705 3.056303 2.437303 2.636878 1.625474 3.223630 2.332834 1.630140 2.042590 1.988679 1.940230 1.623512 2.042141 1.449206 1.503910 1.470119 1.475959 1.404213 1.122920 1.622740 1.283519 1.583544 1.620391 1.503051 1.107666 1.288514 1.716412 1.446382 1.616218 1.123147 1.191258 0.804505 1.891140 1.469779 1.134675 1.254338 1.843431 1.277229 1.072466 1.388536 1.412326 1.539796 2.108751 1.271971 1.470831 1.495343 3.183475 2.113983 2.846370 1.533602 2.945839 1.379888 2.177781 2.481359 1.720081 1.232660 1.261340 2.293170 1.638296 2.192424 1.212166 2.654281 3.692452 3.564162 3.142824 3.011287 3.547350 3.266194 1.709438 1.631760 2.048218 2.472455 2.284471 2.210483 1.978561 2.392359 2.318266 1.710473 1.610939 1.880665 2.439158 1.302598 1.739846 2.035285 1.340421 2.286678 2.122790 1.891334 1.849426 2.415714 1.804163 2.640973 1.652857 2.136779 1.978260 1.841325 2.044898 1.813522 2.136352 1.929914 1.974199 1.806394 0.945439 1.538179 1.034289 2.183107 1.453048 1.662483 2.017160 1.823782 2.089532 1.883590 1.987304 2.115453 1.349761 2.170682 1.718534 1.817867 0.887305 1.855965 1.765774 0.972576 2.018075 1.793502 2.212506 1.697065 1.343179 
2.180289 1.263387 1.790605 1.768003 1.458064 0.709333 1.672404 1.491120 0.926570 2.177418 2.231240 2.202697 1.256254 1.734430 1.237067 1.209800 0.000000 2.283589 2.626848 2.324026 3.748405 3.970649 3.321176 3.666131 4.033515 3.895196 3.553770 3.873614 3.807929 3.217277 3.257449 3.611764 3.344008 3.747920 3.288032 3.265707 3.798858 3.520056 4.054441 2.240712 2.795479 2.430512 2.714452 2.803889 2.759130 2.443824 2.008219 2.442919 2.372050 2.252176 3.210816 2.470834 2.636063 2.240405 2.561811 4.788243 4.708699 4.143857 2.440287 3.920418 3.751477 3.794997 4.077414 4.556963 2.986156 3.457844 4.439574 4.308593 2.502119 2.044993 1.702073 1.690270 0.804016 1.589166 1.539157 3.034836 3.132007 3.188003 2.402905 3.042532 3.325769 2.596180 2.247916 2.373557 2.496431 2.650042 3.511436 1.569390 3.992312 1.793909 2.571445 2.244667 3.065506 3.513421 5.052629 2.398528 2.119724 3.196043 3.504434 1.931314 3.277629 2.417190 2.795075 2.828874 2.082736 2.681850 3.069638 2.323846 2.866360 3.645478 3.023509 3.346152 2.107173 3.621184 2.673417 1.904664 2.770287 2.308736 2.312343 1.460803 2.202030 1.524331 1.455658 1.632283 1.891622 1.904867 1.178780 2.216981 1.597910 2.101110 1.843725 2.164320 1.624503 2.135701 2.494587 1.903189 1.595977 1.638813 1.964396 1.435082 2.412924 1.695214 1.753452 1.707102 2.264837 1.740150 1.630013 2.058894 2.050279 2.282506 2.503153 1.507504 2.162271 1.816719 3.901071 2.272263 3.013226 2.142151 3.460518 1.585048 2.836336 2.900866 2.292135 1.398577 1.506047 2.871941 1.663295 2.833905 1.374734 2.902137 3.744805 3.600131 3.309645 3.302880 3.419641 3.589182 2.037373 1.791164 2.522226 2.817502 2.495096 2.505260 2.321151 2.770905 2.674360 2.072121 1.595357 2.050031 2.840617 1.678306 2.196004 2.112532 1.732745 2.585253 2.187342 1.815910 1.667400 2.630358 1.968931 2.565890 1.810114 1.931367 2.178193 2.440690 2.074393 2.253293 2.229155 1.981746 2.130758 1.750721 1.664594 1.760146 1.259538 2.002097 1.334213 1.942988 2.211745 2.093963 1.817940 1.984443 2.241512 2.493682 1.956585 2.469919 2.249583 2.194171 1.663620 2.481738 2.166960 1.469986 1.844570 1.625110 2.805429 2.526531 2.229287 
2.424964 3.010943 2.513815 2.026246 1.861993 2.659758 1.787072 2.125514 2.428247 1.781715 1.920603 2.086450 1.768546 0.974220 2.145093 1.811021 2.283589 0.000000 0.824884 0.375310 2.142653 1.939455 2.217211 1.541827 1.932810 1.685603 1.605425 1.842464 1.636743 1.158492 1.863734 2.361233 1.248560 1.647122 1.973772 1.392571 1.791815 1.405965 1.933433 1.972148 1.764142 1.458214 2.106743 1.818402 2.428744 2.211556 2.204211 2.114375 1.033712 1.291596 1.023791 0.752091 1.172526 0.940402 1.545022 3.557268 3.681403 3.034336 1.384170 2.623044 2.535866 2.191598 3.591226 3.200303 1.428195 2.662239 2.980732 2.794953 1.295627 1.691651 1.738091 2.199733 2.553799 2.155839 2.699138 1.664945 1.535593 1.582166 1.201711 1.850463 1.706496 1.858124 1.766374 1.190789 1.107322 2.296363 3.165414 1.389151 3.375490 1.521149 1.297252 1.401390 2.041740 2.586458 3.654685 1.139939 1.670201 1.964783 2.249163 1.526310 2.438386 2.115714 1.429308 1.869181 2.689057 1.582846 2.031513 1.257949 1.805365 2.695589 2.336272 2.386459 2.293226 2.607569 2.060897 1.927082 1.473630 1.906141 2.168587 2.080248 2.367252 2.109930 2.561783 1.915767 2.122747 2.251707 2.228403 2.626470 2.141121 2.117167 2.538530 2.656606 2.066677 2.119958 2.050598 2.703445 2.877132 1.617527 2.411301 1.666470 3.174208 2.630215 1.828821 2.379130 2.841319 1.960979 1.798094 1.985772 2.238576 2.387213 2.734840 2.138204 1.391927 2.096918 3.944617 2.722917 1.916388 1.181354 2.346179 2.363568 1.192772 3.106574 2.365271 1.790155 1.762263 2.538564 3.069575 1.851957 1.984571 1.317280 2.418805 2.037482 1.568442 1.796036 2.005963 1.902734 1.498279 1.717052 1.164226 1.392307 1.972741 1.186472 1.155842 1.039288 1.123828 2.399716 2.512675 2.348460 1.618046 1.280357 1.370669 1.964360 1.104354 2.388387 2.140012 2.066106 2.483818 1.929613 2.109060 2.487664 2.474868 2.631200 1.895059 1.498166 1.963240 2.349613 1.840798 2.259968 2.076514 3.026443 1.715712 2.981652 2.210571 2.557307 2.787199 2.663301 2.740760 2.762281 3.099615 2.305815 2.255953 2.854156 2.083224 1.941242 2.401106 2.052365 1.367438 1.319611 1.321863 2.393373 2.811850 2.806398 2.787852 1.208502 1.156918 
