235 235
0.000000 0.146296 0.112127 0.153062 0.157548 0.177241 0.159205 0.170313 0.155175 0.176991 0.204216 0.174055 0.136103 0.204651 0.176473 0.111450 0.161843 0.270501 0.317926 0.282036 0.377281 0.367860 0.393785 0.385386 0.417591 0.365317 0.379142 0.388452 0.359448 0.331200 0.332894 0.358388 0.348712 0.354055 0.351286 0.314712 0.410804 0.377552 0.410720 0.198738 0.227369 0.190908 0.200478 0.245229 0.199164 0.173099 0.197027 0.214058 0.233815 0.145396 0.320386 0.272008 0.284293 0.220846 0.262468 0.364789 0.409463 0.410055 0.219838 0.352786 0.377266 0.274876 0.379173 0.383689 0.212913 0.331126 0.341789 0.366246 0.201757 0.246392 0.149373 0.152706 0.179464 0.159497 0.163518 0.266370 0.324849 0.284074 0.185626 0.248826 0.349092 0.241107 0.223085 0.151402 0.136754 0.198118 0.539676 0.199479 0.516163 0.265182 0.330071 0.233998 0.358891 0.427412 0.661201 0.268414 0.311168 0.424831 0.407428 0.214271 0.197515 0.191332 0.219334 0.190702 0.197785 0.211456 0.198058 0.191194 0.206004 0.205056 0.199157 0.194505 0.196771 0.210809 0.121977 0.129387 0.211561 0.123938 0.154378 0.132094 0.140991 0.144520 0.116896 0.176246 0.145765 0.226799 0.220926 0.252132 0.212240 0.208622 0.224374 0.231930 0.198532 0.218487 0.244072 0.249509 0.232659 0.240613 0.248862 0.199792 0.258812 0.226489 0.215169 0.234779 0.233762 0.233986 0.213666 0.222541 0.241565 0.240465 0.176950 0.133676 0.199521 0.161354 0.209143 0.196602 0.404665 0.209985 0.309783 0.199622 0.312391 0.185020 0.159859 0.148885 0.175974 0.147803 0.195486 0.265053 0.200014 0.259659 0.300105 0.274913 0.293537 0.276982 0.257232 0.277979 0.186131 0.241263 0.196060 0.226851 0.194490 0.157866 0.246525 0.204112 0.197566 0.110843 0.153566 0.106655 0.186546 0.147969 0.143726 0.173339 0.172672 0.103177 0.127877 0.168750 0.168363 0.144760 0.127425 0.122302 0.192399 0.174023 0.114356 0.168780 0.160479 0.105503 0.145636 0.195139 0.176155 0.191996 0.189493 0.144390 0.174870 0.202216 0.096807 0.135801 0.133789 0.138146 0.111524 0.160619 0.183998 0.225548 0.187310 0.202683 0.167637 0.200988 0.159180 0.234406 0.234497 0.202636 0.198874 0.188579 0.188629 0.283141 0.250433 
0.146296 0.000000 0.116060 0.132731 0.139282 0.121944 0.141246 0.145936 0.140219 0.161556 0.182097 0.148273 0.135183 0.234638 0.141323 0.140430 0.125424 0.296075 0.333136 0.295573 0.358275 0.361003 0.367886 0.379666 0.406129 0.365802 0.369090 0.385796 0.357793 0.329965 0.315370 0.349715 0.358122 0.348723 0.331786 0.307542 0.393651 0.366766 0.401052 0.168596 0.221519 0.194165 0.184076 0.224009 0.173776 0.164808 0.146229 0.223754 0.232987 0.216091 0.343450 0.265532 0.278804 0.228087 0.261914 0.388222 0.419806 0.365343 0.216799 0.315000 0.363458 0.333992 0.356370 0.353678 0.263371 0.297658 0.355466 0.348545 0.234030 0.193929 0.177725 0.158308 0.114503 0.118542 0.116131 0.333518 0.344255 0.312167 0.213553 0.287363 0.344985 0.195789 0.164101 0.191210 0.211863 0.144127 0.555593 0.201356 0.544065 0.258734 0.338190 0.291951 0.410070 0.447954 0.696003 0.277108 0.323874 0.416144 0.438627 0.206015 0.208076 0.153649 0.221222 0.183448 0.159134 0.207433 0.208674 0.180561 0.188906 0.199336 0.180081 0.193350 0.166716 0.222318 0.157630 0.162072 0.217126 0.155928 0.168601 0.120231 0.136910 0.138795 0.087367 0.175270 0.146247 0.179542 0.185938 0.220428 0.177557 0.186147 0.175531 0.186682 0.169864 0.216572 0.222856 0.196463 0.173231 0.213805 0.198395 0.171137 0.200793 0.163046 0.191975 0.188640 0.199663 0.194823 0.186653 0.204287 0.203103 0.207913 0.165205 0.124568 0.202153 0.125842 0.169477 0.136342 0.389205 0.194468 0.268993 0.167063 0.303033 0.142524 0.132370 0.128865 0.142781 0.136467 0.131977 0.252872 0.163764 0.300325 0.337312 0.355342 0.351529 0.339458 0.332417 0.373620 0.182216 0.210915 0.242554 0.275701 0.211161 0.206553 0.246770 0.259664 0.235576 0.157834 0.148312 0.176365 0.211366 0.131200 0.204726 0.144285 0.183561 0.175548 0.135727 0.133534 0.120684 0.200234 0.116505 0.144117 0.145480 0.112662 0.119293 0.134428 0.155210 0.146159 0.208514 0.223663 0.184114 0.132720 0.151014 0.108737 0.160205 0.146126 0.118137 0.124543 0.123544 0.109802 0.115641 0.157927 0.188892 0.200344 0.204652 0.250507 0.180552 0.240222 0.162323 0.238043 0.221863 0.139628 0.182242 0.136511 0.165858 0.274914 0.242798 
0.112127 0.116060 0.000000 0.094873 0.149149 0.145112 0.139125 0.170190 0.142486 0.142484 0.186020 0.129313 0.139092 0.214756 0.146337 0.139034 0.112300 0.267102 0.318621 0.282234 0.365057 0.353435 0.380453 0.372317 0.402847 0.351618 0.362653 0.379905 0.340800 0.326434 0.325893 0.356742 0.343429 0.338563 0.341326 0.295415 0.391472 0.357773 0.390618 0.173868 0.211185 0.171882 0.172175 0.211758 0.156050 0.145233 0.159320 0.210791 0.225745 0.171501 0.320411 0.264561 0.286758 0.213353 0.252265 0.350566 0.426685 0.386703 0.201055 0.335187 0.367372 0.288468 0.344439 0.369273 0.223777 0.333026 0.364490 0.363028 0.190617 0.171943 0.168172 0.148295 0.127846 0.092543 0.078757 0.325620 0.326498 0.319316 0.216708 0.259218 0.339534 0.221872 0.194044 0.186057 0.175699 0.147548 0.555510 0.202428 0.568256 0.281266 0.319666 0.289706 0.389187 0.465452 0.718252 0.294025 0.328215 0.410869 0.446774 0.201118 0.183038 0.163160 0.200090 0.157751 0.180157 0.195879 0.177214 0.167489 0.173819 0.170875 0.171930 0.164461 0.180665 0.191933 0.136621 0.145748 0.194848 0.139515 0.138011 0.108818 0.108173 0.134034 0.105105 0.167015 0.145908 0.177203 0.209652 0.234723 0.189736 0.170497 0.199482 0.204087 0.182103 0.211047 0.218159 0.234029 0.199715 0.222666 0.224655 0.174479 0.233359 0.203093 0.198156 0.213930 0.212613 0.217382 0.208796 0.204744 0.206905 0.217210 0.172769 0.120669 0.177759 0.140127 0.171782 0.120865 0.400960 0.194644 0.252536 0.157318 0.296815 0.152979 0.136283 0.127430 0.144305 0.110796 0.166117 0.220059 0.146752 0.265269 0.297173 0.308707 0.312179 0.309833 0.287033 0.329547 0.172157 0.217658 0.211536 0.248770 0.203131 0.177953 0.235039 0.215853 0.202206 0.143665 0.172854 0.187061 0.206776 0.149453 0.200538 0.174946 0.202489 0.136425 0.129422 0.167730 0.157714 0.168573 0.116238 0.129351 0.185689 0.172406 0.111289 0.156427 0.166077 0.111799 0.176700 0.198432 0.162878 0.190287 0.168503 0.117080 0.174813 0.190324 0.103911 0.113366 0.130601 0.104115 0.115208 0.146441 0.172967 0.196238 0.198202 0.217391 0.160316 0.208941 0.149185 0.223294 0.218868 0.178627 0.191672 0.170534 0.147115 0.259586 0.236936 
0.153062 0.132731 0.094873 0.000000 0.164882 0.159775 0.163864 0.185432 0.157298 0.175459 0.190808 0.158198 0.171836 0.241467 0.166020 0.179163 0.132989 0.281612 0.313031 0.286298 0.363136 0.355938 0.381062 0.374584 0.405761 0.353812 0.369078 0.382024 0.346192 0.329623 0.321265 0.358085 0.346947 0.342942 0.341517 0.298040 0.394581 0.361557 0.393688 0.180379 0.221158 0.193442 0.174171 0.228231 0.182834 0.163613 0.180375 0.231868 0.225025 0.202984 0.336772 0.266538 0.277315 0.218814 0.258996 0.347134 0.426089 0.367560 0.200877 0.320485 0.330102 0.271660 0.309445 0.349588 0.250279 0.352126 0.386340 0.371130 0.206355 0.149719 0.205305 0.172435 0.152645 0.130882 0.116120 0.349222 0.341763 0.345092 0.241333 0.289755 0.340255 0.198350 0.196966 0.227786 0.205662 0.140214 0.524899 0.237371 0.584242 0.280512 0.343206 0.331563 0.433854 0.495061 0.731073 0.319306 0.357331 0.425487 0.454965 0.217896 0.189310 0.171872 0.209682 0.175104 0.181942 0.205887 0.183898 0.173596 0.187051 0.184540 0.171326 0.184909 0.181025 0.197948 0.175836 0.183392 0.213443 0.181653 0.170343 0.135775 0.134296 0.159223 0.124320 0.194535 0.173991 0.206355 0.218643 0.248579 0.206890 0.202184 0.215981 0.224116 0.201110 0.231492 0.239340 0.243755 0.219123 0.234219 0.239507 0.193536 0.253244 0.219191 0.207959 0.225549 0.236672 0.226577 0.216752 0.215322 0.227580 0.233082 0.182573 0.167200 0.204392 0.151134 0.193591 0.149415 0.389090 0.199241 0.253402 0.180799 0.315002 0.177308 0.147425 0.152082 0.171291 0.128247 0.190133 0.219513 0.185994 0.283304 0.323862 0.339609 0.335646 0.334584 0.313871 0.360605 0.203535 0.231102 0.238678 0.274220 0.232063 0.212583 0.252794 0.248114 0.239093 0.184223 0.206094 0.223723 0.241979 0.160280 0.245519 0.192454 0.227458 0.184435 0.162484 0.181268 0.165007 0.215702 0.144046 0.169270 0.191351 0.181410 0.138324 0.166388 0.180290 0.150506 0.204953 0.239998 0.198988 0.194966 0.170081 0.135840 0.191392 0.201088 0.155368 0.146289 0.149017 0.133577 0.148485 0.178044 0.191485 0.219528 0.225966 0.256528 0.202413 0.254084 0.172026 0.241606 0.236183 0.185463 0.200722 0.178473 0.171287 0.270347 0.247614 
0.157548 0.139282 0.149149 0.164882 0.000000 0.104850 0.048962 0.067953 0.066965 0.118746 0.105495 0.117896 0.105338 0.157073 0.147068 0.147224 0.102774 0.194656 0.214862 0.193120 0.342415 0.338358 0.367884 0.355964 0.388845 0.341742 0.348445 0.351774 0.336273 0.278632 0.299662 0.336223 0.310690 0.327807 0.334578 0.287657 0.379013 0.347306 0.378708 0.163055 0.196731 0.154360 0.166655 0.198817 0.163516 0.139990 0.147850 0.208444 0.133796 0.183772 0.280342 0.174544 0.177451 0.187018 0.250713 0.465322 0.483971 0.427453 0.199603 0.377427 0.432521 0.369981 0.415012 0.398478 0.218288 0.325988 0.384849 0.398171 0.289548 0.255112 0.191528 0.144830 0.135701 0.150266 0.137002 0.342482 0.295166 0.364502 0.269672 0.307489 0.274298 0.288718 0.251670 0.236688 0.219058 0.228280 0.586315 0.121194 0.510403 0.250915 0.223587 0.217036 0.358941 0.423561 0.653577 0.233290 0.246562 0.320441 0.404855 0.147537 0.165139 0.161685 0.198235 0.162814 0.174532 0.181143 0.180552 0.165794 0.175006 0.174221 0.173746 0.165602 0.171790 0.195420 0.188897 0.187272 0.146748 0.178272 0.164353 0.139761 0.143644 0.159845 0.108337 0.181945 0.173324 0.165088 0.171456 0.195934 0.164531 0.154179 0.168984 0.175590 0.141729 0.186700 0.194060 0.199354 0.177376 0.189220 0.192383 0.152226 0.203237 0.176762 0.172563 0.180524 0.182469 0.184914 0.160269 0.188274 0.187269 0.183877 0.129925 0.120211 0.148934 0.109157 0.167478 0.167191 0.367960 0.133893 0.300211 0.167283 0.266238 0.135475 0.107799 0.101938 0.115049 0.129293 0.142982 0.243056 0.138888 0.287060 0.327462 0.347638 0.339660 0.346543 0.340452 0.375545 0.184989 0.219276 0.223703 0.249388 0.216805 0.210322 0.211932 0.235216 0.268485 0.188197 0.217008 0.195749 0.221437 0.142312 0.163443 0.199956 0.181671 0.166612 0.161578 0.167721 0.148470 0.202645 0.147104 0.171581 0.102522 0.185994 0.135953 0.168595 0.164377 0.156718 0.184798 0.230732 0.184542 0.104814 0.084071 0.088855 0.111407 0.221594 0.148121 0.105763 0.095887 0.125411 0.135887 0.186420 0.240699 0.152205 0.162883 0.191415 0.138727 0.159025 0.132070 0.165448 0.146687 0.120864 0.146182 0.129092 0.138224 0.176142 0.153726 
0.177241 0.121944 0.145112 0.159775 0.104850 0.000000 0.093348 0.143552 0.082956 0.176091 0.154087 0.156889 0.118206 0.170519 0.145299 0.125039 0.076368 0.211299 0.256366 0.219748 0.364568 0.364076 0.370782 0.382264 0.410226 0.370771 0.379727 0.388717 0.362978 0.323950 0.326816 0.351297 0.355471 0.353290 0.336607 0.309069 0.396073 0.368856 0.400664 0.172267 0.229416 0.210307 0.184470 0.236087 0.190210 0.175002 0.150915 0.172976 0.186756 0.190597 0.277181 0.230602 0.227223 0.165172 0.215526 0.450911 0.448012 0.384136 0.220230 0.336477 0.386663 0.365729 0.373896 0.368630 0.203253 0.305179 0.377857 0.358134 0.275764 0.252283 0.184498 0.140568 0.122980 0.133733 0.122809 0.310838 0.285208 0.347236 0.241792 0.275058 0.302879 0.271097 0.240216 0.234360 0.201559 0.216659 0.546571 0.139167 0.509683 0.260848 0.263012 0.242455 0.356679 0.434426 0.685223 0.253136 0.254196 0.340027 0.408908 0.203355 0.221143 0.168651 0.227663 0.194624 0.155704 0.217565 0.212979 0.185969 0.198379 0.207967 0.185319 0.204800 0.172293 0.224160 0.197837 0.184923 0.168258 0.185676 0.175000 0.155129 0.163027 0.164460 0.121020 0.202443 0.185621 0.188012 0.182832 0.224634 0.187695 0.196158 0.178340 0.206890 0.184824 0.222866 0.236500 0.210134 0.186573 0.220920 0.215251 0.186029 0.211999 0.176578 0.197054 0.198709 0.217950 0.200737 0.196692 0.204694 0.208323 0.217414 0.174168 0.132218 0.170546 0.131440 0.183675 0.156240 0.388909 0.189931 0.282442 0.157301 0.283498 0.165844 0.147088 0.121147 0.156863 0.166075 0.126936 0.243080 0.165186 0.271706 0.308723 0.332163 0.323806 0.325976 0.313952 0.369861 0.165029 0.183032 0.209493 0.239700 0.191676 0.205526 0.203661 0.223805 0.267878 0.192716 0.206947 0.217151 0.204788 0.150202 0.204322 0.162789 0.177778 0.188154 0.163255 0.149437 0.121301 0.218683 0.124272 0.175656 0.136615 0.150617 0.148664 0.183368 0.163794 0.146028 0.195302 0.207977 0.168009 0.136395 0.133043 0.125308 0.101955 0.208440 0.131495 0.110246 0.108966 0.117142 0.132354 0.159842 0.212878 0.151728 0.163003 0.193445 0.135938 0.181317 0.121718 0.192096 0.160537 0.120746 0.158600 0.138516 0.176860 0.234703 0.232536 
0.159205 0.141246 0.139125 0.163864 0.048962 0.093348 0.000000 0.093395 0.086401 0.115197 0.122269 0.110537 0.110615 0.149938 0.145236 0.134964 0.110016 0.193949 0.231631 0.200307 0.338781 0.330395 0.360894 0.347844 0.379123 0.333306 0.340168 0.348425 0.324533 0.286209 0.295285 0.329024 0.313653 0.316272 0.318065 0.266039 0.360240 0.321540 0.354303 0.146898 0.182705 0.157053 0.148499 0.177486 0.147606 0.123206 0.141675 0.193361 0.147686 0.168634 0.257804 0.180531 0.191182 0.159925 0.236063 0.449486 0.466576 0.404731 0.177044 0.360318 0.410965 0.361397 0.405458 0.388972 0.200699 0.314414 0.386899 0.377454 0.275487 0.253340 0.186259 0.136721 0.153066 0.146081 0.126998 0.321944 0.278363 0.344705 0.248885 0.288743 0.285887 0.275574 0.244189 0.220888 0.204196 0.217487 0.578588 0.133457 0.530130 0.258913 0.233443 0.229088 0.365556 0.437125 0.671917 0.235091 0.258361 0.339096 0.416521 0.151200 0.174179 0.152889 0.190495 0.149224 0.166582 0.181067 0.164573 0.149417 0.152927 0.153332 0.156081 0.149958 0.161519 0.177768 0.180809 0.178859 0.150567 0.169882 0.154269 0.144817 0.141355 0.155227 0.121853 0.185816 0.184078 0.147684 0.164403 0.182288 0.144805 0.140725 0.148405 0.159228 0.144159 0.177619 0.178667 0.192622 0.164588 0.183700 0.179214 0.142080 0.191675 0.159247 0.152177 0.163299 0.167496 0.171276 0.162656 0.166907 0.171813 0.162237 0.130811 0.112718 0.149049 0.106163 0.163006 0.165445 0.382675 0.137701 0.289027 0.169125 0.280366 0.130377 0.119933 0.106682 0.116915 0.123732 0.142161 0.245828 0.162223 0.268315 0.314452 0.333053 0.322388 0.333045 0.323837 0.364327 0.184878 0.209468 0.203388 0.236472 0.204276 0.195760 0.198109 0.220786 0.259190 0.181607 0.214658 0.202348 0.203437 0.134353 0.163258 0.191347 0.170313 0.166653 0.151342 0.155733 0.145735 0.200369 0.129944 0.158196 0.125289 0.183183 0.126184 0.163339 0.155751 0.152407 0.187763 0.216634 0.173109 0.132796 0.114794 0.097481 0.106480 0.231857 0.140612 0.105955 0.087022 0.110285 0.129969 0.181709 0.236748 0.150710 0.167768 0.196655 0.146117 0.163994 0.128389 0.184639 0.165678 0.127305 0.165775 0.129058 0.139432 0.195803 0.181850 
0.170313 0.145936 0.170190 0.185432 0.067953 0.143552 0.093395 0.000000 0.108988 0.100941 0.113447 0.114103 0.114629 0.163781 0.149653 0.176095 0.118896 0.234233 0.235644 0.242314 0.327215 0.319432 0.363193 0.336389 0.371232 0.329278 0.346253 0.325160 0.333797 0.244946 0.282331 0.314051 0.271907 0.317723 0.340779 0.302315 0.388834 0.360848 0.389253 0.174557 0.200511 0.127454 0.176875 0.192581 0.165042 0.144900 0.153178 0.243257 0.176312 0.197610 0.310060 0.201960 0.196731 0.216235 0.277993 0.472907 0.510850 0.457840 0.198221 0.392366 0.462542 0.358574 0.428996 0.418799 0.245911 0.370514 0.380276 0.427909 0.304860 0.255185 0.197815 0.168405 0.129200 0.178361 0.158818 0.374783 0.330013 0.392254 0.296148 0.338253 0.314915 0.301128 0.269193 0.254882 0.247085 0.242869 0.619215 0.125759 0.520240 0.258554 0.230325 0.219248 0.358060 0.433127 0.659920 0.258839 0.246566 0.321675 0.414330 0.115431 0.128574 0.173669 0.199353 0.173793 0.182598 0.156803 0.186920 0.177116 0.181709 0.185532 0.186126 0.178610 0.175739 0.201037 0.182927 0.195883 0.190796 0.185673 0.177980 0.125900 0.133586 0.149389 0.115853 0.166963 0.153256 0.173190 0.155851 0.198824 0.164960 0.160882 0.185891 0.181230 0.144305 0.183989 0.200581 0.195423 0.174785 0.194535 0.198175 0.156905 0.198642 0.170020 0.181204 0.182739 0.181216 0.195392 0.166591 0.195922 0.199151 0.190759 0.117164 0.130023 0.147549 0.109560 0.178445 0.182812 0.378279 0.107631 0.331894 0.175925 0.276241 0.143066 0.111110 0.117077 0.108909 0.138596 0.128716 0.268258 0.158891 0.314104 0.355384 0.377333 0.358948 0.374110 0.368351 0.399895 0.188006 0.260238 0.258057 0.278991 0.253765 0.242722 0.257670 0.269353 0.279406 0.199228 0.214704 0.187214 0.265996 0.161743 0.202253 0.227547 0.226628 0.187790 0.181193 0.207146 0.183470 0.220890 0.172668 0.186347 0.095625 0.205242 0.146264 0.175371 0.199069 0.185811 0.182762 0.256997 0.208564 0.108065 0.120528 0.086978 0.144990 0.204521 0.170466 0.129892 0.117129 0.148436 0.146964 0.215673 0.273563 0.192238 0.190561 0.252342 0.199701 0.218896 0.150807 0.169320 0.185938 0.137522 0.155934 0.107012 0.132482 0.177535 0.137913 
0.155175 0.140219 0.142486 0.157298 0.066965 0.082956 0.086401 0.108988 0.000000 0.163940 0.145685 0.150148 0.129099 0.188999 0.158210 0.145572 0.082878 0.201235 0.231152 0.206211 0.372218 0.365544 0.383864 0.385159 0.414725 0.365933 0.376986 0.388327 0.356807 0.308003 0.330500 0.347521 0.345398 0.351136 0.343456 0.313696 0.407330 0.373188 0.404621 0.182385 0.228033 0.200263 0.189223 0.238202 0.190069 0.164558 0.177020 0.205289 0.163578 0.188340 0.302293 0.195884 0.202085 0.200747 0.248662 0.456484 0.471695 0.419335 0.218568 0.368035 0.423191 0.367099 0.401334 0.394120 0.226281 0.329575 0.390155 0.387243 0.283275 0.254802 0.196313 0.146547 0.144675 0.142779 0.127592 0.343283 0.310199 0.370540 0.263892 0.309273 0.295144 0.279179 0.254116 0.241793 0.213860 0.221673 0.580530 0.151742 0.508989 0.259665 0.251036 0.252769 0.373044 0.437915 0.667729 0.259503 0.263967 0.343629 0.408956 0.192651 0.193578 0.182219 0.221254 0.186856 0.174546 0.219788 0.204247 0.189323 0.198302 0.198626 0.191850 0.193992 0.181496 0.215543 0.192275 0.193105 0.170572 0.188866 0.177064 0.153781 0.150350 0.170731 0.115248 0.201071 0.180317 0.204916 0.195670 0.222872 0.189556 0.193407 0.200429 0.217392 0.184481 0.218360 0.236337 0.226825 0.192461 0.224458 0.235342 0.185835 0.236193 0.202667 0.204983 0.209396 0.224325 0.215509 0.205872 0.214035 0.227971 0.222349 0.157082 0.144696 0.179668 0.137343 0.196195 0.171491 0.382773 0.180716 0.306246 0.161838 0.285971 0.172321 0.140802 0.131434 0.161404 0.148074 0.153423 0.258714 0.150136 0.298940 0.336626 0.350428 0.345279 0.354934 0.336519 0.380686 0.194256 0.227312 0.235063 0.267836 0.229156 0.226486 0.232846 0.252978 0.261479 0.199193 0.204925 0.211403 0.224213 0.160507 0.182667 0.199582 0.189171 0.168705 0.171485 0.174161 0.157153 0.199509 0.142306 0.179445 0.134366 0.183867 0.148369 0.178557 0.163285 0.147935 0.201893 0.234142 0.196632 0.109780 0.120209 0.090851 0.115845 0.218648 0.145346 0.122862 0.123940 0.134355 0.129318 0.192059 0.228788 0.156888 0.175469 0.195351 0.143511 0.177862 0.154783 0.184075 0.161351 0.150106 0.144725 0.139752 0.170408 0.217550 0.185617 
0.176991 0.161556 0.142484 0.175459 0.118746 0.176091 0.115197 0.100941 0.163940 0.000000 0.109142 0.053979 0.144951 0.171412 0.111275 0.181920 0.152000 0.264506 0.288113 0.270269 0.281000 0.264393 0.314427 0.276276 0.321097 0.267671 0.284084 0.278756 0.256637 0.236272 0.234253 0.277179 0.235378 0.258079 0.290995 0.236896 0.329035 0.298151 0.322985 0.118462 0.146373 0.080888 0.116930 0.112839 0.077391 0.072956 0.090150 0.226634 0.180025 0.166876 0.284902 0.191488 0.216102 0.180098 0.243290 0.415872 0.479134 0.426968 0.127558 0.347642 0.423737 0.319106 0.387672 0.380098 0.233526 0.350101 0.363822 0.391323 0.273281 0.236600 0.176588 0.159726 0.122316 0.163931 0.140315 0.347456 0.310792 0.342998 0.247986 0.297853 0.311212 0.260424 0.223699 0.220460 0.225252 0.185969 0.640603 0.163620 0.558154 0.283874 0.257065 0.246873 0.363961 0.442610 0.706475 0.252487 0.278055 0.343672 0.435462 0.082543 0.107562 0.140439 0.122329 0.119281 0.146889 0.106380 0.115340 0.106586 0.103759 0.111197 0.118833 0.108768 0.139251 0.137973 0.157963 0.160033 0.195910 0.152295 0.144156 0.086657 0.110014 0.118708 0.125942 0.155494 0.137595 0.104406 0.104581 0.160870 0.105359 0.093586 0.132597 0.122532 0.087070 0.136905 0.140620 0.149631 0.122399 0.147843 0.140636 0.102234 0.142069 0.115818 0.124364 0.132453 0.133545 0.143849 0.116601 0.136243 0.132976 0.139280 0.092898 0.112027 0.122332 0.072040 0.135525 0.153408 0.409894 0.091975 0.301106 0.174566 0.300039 0.096785 0.089932 0.110020 0.048516 0.109935 0.126307 0.274740 0.182443 0.274013 0.323622 0.337500 0.320261 0.328782 0.321605 0.358696 0.185788 0.244553 0.254502 0.276113 0.244270 0.224793 0.249812 0.249849 0.219938 0.173543 0.198313 0.200695 0.253929 0.157255 0.214863 0.206199 0.231084 0.174040 0.150593 0.208606 0.193816 0.203727 0.163627 0.156076 0.128162 0.197095 0.120942 0.172526 0.199240 0.164844 0.197308 0.220476 0.181555 0.176386 0.170793 0.124040 0.196270 0.197367 0.163236 0.153368 0.144206 0.142144 0.162025 0.216878 0.281657 0.185580 0.206624 0.270760 0.213592 0.237079 0.140464 0.195983 0.187751 0.141065 0.173889 0.088067 0.085050 0.171598 0.147620 
0.204216 0.182097 0.186020 0.190808 0.105495 0.154087 0.122269 0.113447 0.145685 0.109142 0.000000 0.116745 0.129112 0.153700 0.154390 0.205501 0.164602 0.220107 0.236135 0.223233 0.309958 0.304472 0.336151 0.324859 0.361909 0.303353 0.335926 0.324976 0.304032 0.248129 0.256988 0.312149 0.268320 0.300664 0.330115 0.293691 0.387534 0.361828 0.384296 0.173704 0.221072 0.140895 0.176462 0.187407 0.130682 0.157878 0.146500 0.222713 0.153819 0.191179 0.288140 0.194577 0.186202 0.170921 0.231963 0.444803 0.491405 0.421954 0.195801 0.338463 0.420872 0.348374 0.394406 0.365247 0.216558 0.319719 0.346556 0.373526 0.312072 0.272145 0.198446 0.171414 0.147625 0.178678 0.163297 0.343195 0.302362 0.366477 0.270427 0.293857 0.286139 0.294062 0.250626 0.259452 0.239596 0.210040 0.634444 0.142940 0.515303 0.272056 0.229584 0.227313 0.339394 0.412683 0.660221 0.231741 0.234985 0.317085 0.399387 0.145983 0.141037 0.160195 0.177913 0.173511 0.181820 0.136846 0.193445 0.172295 0.171961 0.177400 0.176619 0.167353 0.181006 0.205694 0.197674 0.178055 0.164026 0.169055 0.158542 0.110530 0.126983 0.147511 0.138463 0.182135 0.155588 0.169547 0.173951 0.246468 0.191760 0.174110 0.212893 0.201168 0.165453 0.214532 0.229303 0.222223 0.199247 0.220587 0.215666 0.170111 0.201580 0.192134 0.200520 0.211515 0.221629 0.214375 0.176942 0.204042 0.207581 0.222057 0.137986 0.126840 0.111264 0.120857 0.155367 0.148643 0.365671 0.130186 0.259870 0.171235 0.237003 0.124115 0.100673 0.112122 0.120997 0.131105 0.170654 0.218730 0.180685 0.278522 0.315804 0.357757 0.328929 0.338858 0.333467 0.380213 0.168304 0.226640 0.238433 0.272773 0.228468 0.237637 0.223010 0.247887 0.254770 0.192967 0.238004 0.223466 0.238600 0.145183 0.210476 0.214643 0.212932 0.166372 0.158489 0.192266 0.182085 0.212689 0.161942 0.179534 0.126733 0.198743 0.146304 0.180115 0.183803 0.186087 0.199518 0.238206 0.185632 0.152745 0.123864 0.128485 0.164731 0.233836 0.202841 0.149214 0.144960 0.146825 0.193632 0.216576 0.281094 0.128725 0.172887 0.218798 0.152026 0.198434 0.123472 0.140973 0.153401 0.139821 0.164757 0.139902 0.136079 0.139727 0.132279 
0.174055 0.148273 0.129313 0.158198 0.117896 0.156889 0.110537 0.114103 0.150148 0.053979 0.116745 0.000000 0.136151 0.182563 0.099060 0.155789 0.149811 0.267028 0.284088 0.271064 0.284538 0.274393 0.314503 0.291904 0.330218 0.270697 0.289483 0.301752 0.260665 0.253629 0.244828 0.282028 0.266694 0.258765 0.290262 0.245177 0.338742 0.308348 0.336396 0.097965 0.153539 0.098203 0.105969 0.129111 0.072940 0.071803 0.085837 0.206324 0.187876 0.162436 0.286486 0.202519 0.224434 0.170821 0.221852 0.407372 0.471570 0.416647 0.126275 0.339892 0.416260 0.332441 0.375140 0.379464 0.239613 0.340518 0.380590 0.376149 0.266968 0.224606 0.187829 0.149785 0.136386 0.128942 0.106278 0.344969 0.314359 0.343101 0.247505 0.291906 0.326123 0.255854 0.216204 0.225482 0.218375 0.177322 0.626272 0.168912 0.567152 0.293279 0.272261 0.264241 0.388809 0.461373 0.722739 0.267393 0.291214 0.367645 0.449340 0.110250 0.119148 0.113124 0.126705 0.103994 0.124031 0.119614 0.111376 0.110493 0.107373 0.110092 0.107859 0.107114 0.114846 0.136352 0.152207 0.158565 0.201282 0.154673 0.139863 0.085340 0.099942 0.128010 0.116170 0.163383 0.138652 0.100883 0.122676 0.166146 0.110143 0.101616 0.135321 0.131238 0.101195 0.139488 0.153754 0.156560 0.131267 0.145718 0.147144 0.104260 0.140464 0.121850 0.132532 0.138735 0.141337 0.149998 0.130861 0.144276 0.139533 0.146772 0.091305 0.108696 0.139775 0.049224 0.101196 0.122564 0.429705 0.116253 0.282854 0.161720 0.296964 0.083715 0.075480 0.105561 0.061629 0.088297 0.111240 0.272548 0.174917 0.278979 0.324935 0.334879 0.327224 0.334822 0.322473 0.363106 0.191257 0.229462 0.239306 0.279170 0.230270 0.218688 0.246758 0.248883 0.214211 0.160386 0.191325 0.208768 0.247308 0.159363 0.226689 0.200838 0.233417 0.162252 0.152314 0.196551 0.174043 0.207355 0.149308 0.158791 0.139326 0.188553 0.126478 0.167736 0.189800 0.162769 0.205486 0.207586 0.179441 0.177808 0.171609 0.105187 0.188980 0.199022 0.156486 0.129508 0.141199 0.118464 0.148044 0.195076 0.252392 0.164774 0.183418 0.255526 0.195752 0.219614 0.130041 0.198543 0.191844 0.137469 0.172706 0.085411 0.052248 0.175446 0.153654 
0.136103 0.135183 0.139092 0.171836 0.105338 0.118206 0.110615 0.114629 0.129099 0.144951 0.129112 0.136151 0.000000 0.130043 0.147525 0.100385 0.103796 0.203698 0.235748 0.218739 0.351625 0.348962 0.369703 0.362051 0.396795 0.353557 0.372766 0.360566 0.350769 0.296087 0.307771 0.330201 0.320408 0.343162 0.328133 0.304829 0.393803 0.366726 0.398870 0.171644 0.228931 0.169694 0.177988 0.211394 0.170288 0.163246 0.152484 0.167496 0.200203 0.148469 0.282751 0.242397 0.221658 0.164021 0.221410 0.429855 0.441619 0.393256 0.222375 0.341566 0.376952 0.333723 0.367903 0.372445 0.209836 0.316588 0.339025 0.363184 0.257047 0.253548 0.132999 0.139785 0.139770 0.137557 0.141679 0.288147 0.298265 0.316041 0.222205 0.257354 0.330871 0.275150 0.233925 0.210168 0.184788 0.225120 0.542276 0.105319 0.497536 0.222521 0.251105 0.205892 0.337057 0.405336 0.638986 0.222504 0.227783 0.358694 0.390287 0.175363 0.172386 0.164791 0.214002 0.185535 0.170923 0.175443 0.205088 0.179680 0.191249 0.202002 0.188349 0.193474 0.170081 0.223726 0.181720 0.148386 0.181359 0.152861 0.171577 0.124340 0.147633 0.150165 0.109204 0.174031 0.147635 0.187390 0.189250 0.228179 0.184897 0.195618 0.194943 0.195853 0.174653 0.221261 0.234338 0.211135 0.186607 0.225316 0.214274 0.180072 0.219246 0.189786 0.194912 0.198039 0.219066 0.211615 0.186427 0.209862 0.214164 0.216986 0.150208 0.080152 0.116925 0.119970 0.177831 0.151849 0.354911 0.155877 0.267631 0.132624 0.239888 0.151196 0.113808 0.072032 0.139071 0.145589 0.155394 0.197296 0.166722 0.253324 0.300402 0.313902 0.300889 0.294005 0.295073 0.332981 0.144526 0.195467 0.194860 0.235046 0.172778 0.172998 0.211500 0.207339 0.243348 0.143035 0.185522 0.163989 0.208866 0.131144 0.187418 0.166273 0.190448 0.158207 0.149502 0.162187 0.156423 0.193018 0.130224 0.167481 0.140101 0.164526 0.137473 0.185127 0.181919 0.134292 0.147064 0.185660 0.153691 0.151307 0.132252 0.124911 0.120935 0.202233 0.108750 0.111298 0.116415 0.112613 0.108752 0.131340 0.186557 0.159618 0.129235 0.198134 0.120055 0.174022 0.100522 0.167319 0.183751 0.152593 0.198696 0.132191 0.146274 0.212714 0.196065 
0.204651 0.234638 0.214756 0.241467 0.157073 0.170519 0.149938 0.163781 0.188999 0.171412 0.153700 0.182563 0.130043 0.000000 0.178143 0.185481 0.188441 0.198027 0.225319 0.201215 0.341037 0.338192 0.351706 0.347733 0.392664 0.340309 0.355083 0.338424 0.329290 0.274172 0.302702 0.335288 0.275347 0.333450 0.336296 0.313126 0.395407 0.370016 0.387391 0.230084 0.250633 0.206423 0.229632 0.206719 0.213810 0.194340 0.199361 0.153595 0.174572 0.133161 0.210131 0.201920 0.162813 0.122771 0.170704 0.399729 0.394005 0.329238 0.210850 0.291086 0.339831 0.297750 0.343505 0.312871 0.138049 0.271228 0.277007 0.301097 0.277529 0.293857 0.119881 0.130547 0.173001 0.227945 0.218861 0.252518 0.207798 0.280600 0.195581 0.206830 0.243609 0.267855 0.236339 0.212617 0.183325 0.240002 0.549821 0.087153 0.423726 0.200920 0.168828 0.146089 0.252772 0.316925 0.600908 0.156326 0.164398 0.260436 0.325655 0.151584 0.195895 0.221406 0.214989 0.231855 0.236762 0.196680 0.224149 0.207660 0.199435 0.229136 0.223590 0.221549 0.227932 0.238656 0.171721 0.156398 0.150960 0.157627 0.170257 0.172855 0.187329 0.173416 0.178747 0.178503 0.170512 0.210225 0.209048 0.254879 0.208131 0.203032 0.245630 0.222779 0.188848 0.224754 0.235362 0.241737 0.226862 0.223307 0.232645 0.191362 0.238919 0.219695 0.219222 0.226218 0.230199 0.230711 0.181832 0.222873 0.234759 0.226266 0.195980 0.146701 0.113240 0.174387 0.266884 0.226277 0.305149 0.148173 0.261597 0.201430 0.221953 0.236352 0.192694 0.154860 0.176611 0.225048 0.241039 0.215642 0.220267 0.215783 0.251167 0.271778 0.244441 0.267166 0.254687 0.311930 0.140875 0.176306 0.170327 0.193628 0.167991 0.182384 0.175495 0.175771 0.220025 0.202039 0.225610 0.211904 0.166590 0.154027 0.172109 0.176551 0.191851 0.163253 0.152993 0.168769 0.184146 0.184933 0.171099 0.186045 0.180568 0.192889 0.150654 0.181709 0.167915 0.171733 0.153561 0.192258 0.127675 0.228719 0.186209 0.196839 0.148941 0.231294 0.174554 0.174863 0.172623 0.197633 0.204997 0.192980 0.238980 0.182187 0.146698 0.181831 0.152523 0.180633 0.111295 0.146518 0.152390 0.158014 0.175922 0.197548 0.211745 0.147503 0.162703 
0.176473 0.141323 0.146337 0.166020 0.147068 0.145299 0.145236 0.149653 0.158210 0.111275 0.154390 0.099060 0.147525 0.178143 0.000000 0.162757 0.146649 0.288128 0.311515 0.296782 0.303455 0.300483 0.290148 0.311113 0.354534 0.295465 0.314623 0.326290 0.272253 0.283124 0.263459 0.294452 0.276348 0.290110 0.281496 0.271366 0.357105 0.334242 0.355356 0.134562 0.183261 0.152422 0.136424 0.132128 0.118131 0.110161 0.092260 0.208643 0.212617 0.147465 0.279968 0.207810 0.218290 0.158053 0.190970 0.384910 0.424624 0.378135 0.113840 0.305985 0.376712 0.296580 0.333203 0.364854 0.220130 0.312350 0.371032 0.348848 0.261627 0.231891 0.154841 0.115845 0.095264 0.148950 0.139590 0.308880 0.274302 0.312743 0.212411 0.259214 0.297876 0.226558 0.193839 0.209979 0.203934 0.180965 0.617840 0.186553 0.537036 0.290080 0.278093 0.281644 0.355516 0.420846 0.743046 0.258880 0.275190 0.341750 0.430391 0.119043 0.175566 0.142813 0.139840 0.166716 0.142684 0.153357 0.147472 0.128676 0.137189 0.159574 0.138777 0.156610 0.141944 0.169284 0.136811 0.133346 0.196683 0.160871 0.122766 0.108974 0.124929 0.115351 0.109305 0.142479 0.126203 0.093444 0.109088 0.150816 0.100177 0.105775 0.130387 0.106169 0.080558 0.123413 0.146244 0.119542 0.100201 0.118496 0.121417 0.086260 0.117602 0.087229 0.117213 0.118220 0.137142 0.127165 0.109257 0.105090 0.132684 0.127743 0.136568 0.137680 0.134608 0.093308 0.164256 0.128684 0.424782 0.135991 0.290751 0.191790 0.329182 0.151229 0.128041 0.124946 0.101417 0.146543 0.128546 0.286632 0.185019 0.251589 0.299527 0.300635 0.297096 0.288896 0.283094 0.334653 0.187270 0.211523 0.248379 0.269775 0.225169 0.237338 0.246534 0.246622 0.177394 0.173919 0.169238 0.216545 0.238218 0.158292 0.206484 0.189773 0.207740 0.179602 0.149118 0.188561 0.173080 0.198785 0.140292 0.168125 0.134370 0.166717 0.131567 0.163922 0.175837 0.166583 0.211728 0.187407 0.157805 0.173892 0.169174 0.138315 0.190956 0.176111 0.144511 0.159818 0.164849 0.135791 0.162324 0.222205 0.261647 0.154834 0.199026 0.267240 0.199611 0.241827 0.141053 0.231264 0.209122 0.095128 0.125295 0.113169 0.121328 0.192427 0.191050 
0.111450 0.140430 0.139034 0.179163 0.147224 0.125039 0.134964 0.176095 0.145572 0.181920 0.205501 0.155789 0.100385 0.185481 0.162757 0.000000 0.124909 0.249737 0.299057 0.251579 0.373873 0.369726 0.389310 0.386685 0.415985 0.370007 0.386257 0.394924 0.361148 0.339999 0.337148 0.354061 0.365141 0.357518 0.340888 0.310304 0.403168 0.370908 0.403853 0.184104 0.236066 0.206628 0.190955 0.233230 0.190242 0.178733 0.171881 0.173129 0.240412 0.135645 0.307150 0.272567 0.276169 0.185783 0.243603 0.392051 0.409066 0.395215 0.224343 0.355149 0.363082 0.313264 0.364815 0.398808 0.231600 0.320268 0.358760 0.364635 0.203738 0.253846 0.135847 0.158246 0.171097 0.127381 0.139157 0.255865 0.318873 0.260931 0.177595 0.236338 0.365392 0.258923 0.221354 0.165262 0.152636 0.217231 0.491645 0.152297 0.477560 0.206244 0.299413 0.196694 0.334147 0.392005 0.632555 0.226074 0.260041 0.398426 0.369391 0.208450 0.227167 0.179182 0.229217 0.194175 0.183958 0.219213 0.214434 0.189109 0.198438 0.208550 0.196106 0.202483 0.181211 0.228551 0.164298 0.141877 0.212148 0.150085 0.188033 0.164479 0.177370 0.170138 0.144441 0.198732 0.163505 0.195109 0.203297 0.225249 0.194892 0.198340 0.195917 0.204336 0.190159 0.219066 0.232113 0.220718 0.200835 0.223150 0.214609 0.186778 0.226159 0.199283 0.198651 0.203282 0.219539 0.212104 0.206945 0.212908 0.214189 0.214337 0.191632 0.114819 0.182782 0.154241 0.197463 0.180088 0.387726 0.206479 0.289335 0.178422 0.271175 0.177531 0.166588 0.141357 0.171470 0.173361 0.161455 0.239657 0.182760 0.253962 0.307778 0.284174 0.297791 0.263321 0.264420 0.292969 0.173248 0.188107 0.198738 0.237750 0.181943 0.154344 0.234552 0.201262 0.234456 0.103095 0.161501 0.130601 0.191795 0.139804 0.148825 0.153464 0.160933 0.140214 0.141536 0.159885 0.155834 0.166998 0.125705 0.154894 0.193113 0.163569 0.148284 0.180432 0.177779 0.114203 0.154183 0.149307 0.161777 0.203534 0.182512 0.155766 0.137885 0.201914 0.079662 0.146567 0.160307 0.134457 0.122257 0.126338 0.155095 0.206101 0.166485 0.178465 0.145918 0.166222 0.139187 0.232152 0.215002 0.176710 0.221802 0.172026 0.180887 0.274685 0.254223 
0.161843 0.125424 0.112300 0.132989 0.102774 0.076368 0.110016 0.118896 0.082878 0.152000 0.164602 0.149811 0.103796 0.188441 0.146649 0.124909 0.000000 0.218641 0.252872 0.231323 0.363510 0.361251 0.376661 0.380707 0.408886 0.371466 0.374961 0.378004 0.364569 0.306298 0.321791 0.345359 0.333064 0.351533 0.346930 0.310809 0.397807 0.368160 0.398973 0.180362 0.226944 0.196104 0.188756 0.223513 0.186488 0.169622 0.161333 0.202579 0.202848 0.190460 0.317135 0.232962 0.239665 0.202176 0.249892 0.438729 0.471461 0.412290 0.222285 0.362017 0.403671 0.349860 0.374726 0.397944 0.243946 0.342605 0.393270 0.397064 0.252203 0.219927 0.167423 0.156459 0.099487 0.116477 0.103153 0.343759 0.328672 0.358790 0.248215 0.303433 0.331287 0.269214 0.243130 0.241766 0.221662 0.217252 0.534498 0.153550 0.527239 0.233263 0.278518 0.255435 0.369726 0.447085 0.683041 0.273697 0.279952 0.363220 0.413951 0.176613 0.187192 0.175910 0.227891 0.194078 0.171515 0.211804 0.211730 0.186238 0.196679 0.206584 0.192967 0.202865 0.177986 0.222114 0.206049 0.184517 0.201875 0.196497 0.184200 0.144421 0.157596 0.158616 0.116288 0.195695 0.175331 0.188766 0.181878 0.222638 0.185055 0.192436 0.184330 0.202765 0.177628 0.225756 0.236892 0.211943 0.175445 0.220052 0.219490 0.181806 0.222953 0.185515 0.197859 0.198000 0.213694 0.207217 0.189671 0.212613 0.215734 0.217505 0.155077 0.124789 0.163829 0.128407 0.190858 0.149993 0.377951 0.169694 0.286880 0.137229 0.277374 0.156310 0.131498 0.116147 0.142459 0.149649 0.135796 0.231835 0.131974 0.289385 0.336684 0.347837 0.339105 0.339265 0.326621 0.376729 0.179382 0.211319 0.243449 0.274331 0.222968 0.219970 0.245949 0.254956 0.274586 0.179583 0.196489 0.198755 0.246043 0.157736 0.218643 0.182338 0.206381 0.186838 0.177772 0.177781 0.164292 0.211444 0.148951 0.180978 0.140734 0.170213 0.159576 0.199675 0.192446 0.140473 0.190088 0.201340 0.187163 0.137370 0.139571 0.106690 0.121946 0.201419 0.129829 0.125803 0.121473 0.120617 0.118742 0.153919 0.189186 0.181992 0.181099 0.220253 0.166161 0.203360 0.157702 0.209465 0.189379 0.158705 0.179945 0.122020 0.164901 0.244691 0.223152 
0.270501 0.296075 0.267102 0.281612 0.194656 0.211299 0.193949 0.234233 0.201235 0.264506 0.220107 0.267028 0.203698 0.198027 0.288128 0.249737 0.218641 0.000000 0.132423 0.077709 0.425527 0.411511 0.448463 0.428659 0.457878 0.416673 0.427078 0.426809 0.409848 0.341352 0.388382 0.417322 0.376084 0.399987 0.413126 0.362489 0.445267 0.412203 0.442987 0.290445 0.318024 0.292661 0.292873 0.310302 0.298089 0.284857 0.284646 0.257060 0.199483 0.250614 0.300416 0.219954 0.203149 0.224177 0.282289 0.517231 0.516254 0.443699 0.314653 0.404700 0.451181 0.423250 0.463782 0.425872 0.231226 0.370761 0.415729 0.408678 0.337752 0.346541 0.260964 0.256438 0.289262 0.276779 0.275065 0.367774 0.290816 0.399504 0.303922 0.334087 0.228792 0.358902 0.332412 0.304385 0.273359 0.330056 0.590499 0.198153 0.438085 0.308778 0.195910 0.252199 0.355821 0.406131 0.510259 0.267817 0.214681 0.249617 0.386543 0.283103 0.278122 0.284632 0.305289 0.289750 0.306025 0.300896 0.304448 0.280453 0.292829 0.303313 0.298681 0.299435 0.301519 0.315649 0.293628 0.276097 0.213769 0.270942 0.275254 0.266266 0.276326 0.277103 0.256358 0.306847 0.295753 0.317888 0.330639 0.352657 0.318465 0.313434 0.322164 0.334871 0.309981 0.342983 0.343562 0.351442 0.330058 0.336927 0.348333 0.308602 0.361496 0.330268 0.318648 0.334420 0.346591 0.331976 0.312207 0.330646 0.337265 0.338881 0.282147 0.243082 0.231910 0.259299 0.312808 0.284838 0.345829 0.256864 0.346682 0.267819 0.263172 0.281919 0.251570 0.215778 0.271516 0.264162 0.285824 0.295513 0.261894 0.304116 0.351506 0.373011 0.352057 0.372013 0.362291 0.407070 0.229734 0.254010 0.240395 0.264665 0.252952 0.259818 0.186255 0.240836 0.326334 0.286592 0.326791 0.304037 0.245721 0.238226 0.237674 0.262834 0.246861 0.258978 0.263336 0.258231 0.266606 0.259574 0.247355 0.277878 0.239495 0.288309 0.250675 0.273288 0.249346 0.249313 0.259688 0.295828 0.247624 0.235461 0.167886 0.238740 0.182297 0.341149 0.268326 0.225419 0.217649 0.242638 0.258491 0.244939 0.292035 0.234567 0.216544 0.183067 0.184506 0.207519 0.211451 0.209087 0.159304 0.279728 0.280796 0.274881 0.284052 0.235158 0.220126 
