241 241
0.000000 1.501387 1.949561 1.787561 1.180881 2.602453 2.477674 2.569469 2.707473 2.249989 2.761099 2.022840 3.081217 3.179264 2.411380 2.243742 2.103574 1.905165 2.208287 2.878939 3.101256 1.492749 2.939262 3.798392 3.646970 3.895683 4.227010 4.241032 3.562694 3.944700 4.074457 3.625875 3.689785 3.578862 3.084557 3.923619 3.724342 3.536423 3.715084 4.210606 4.115568 2.609708 3.038961 2.749679 2.839859 3.129677 2.692608 2.566825 3.698475 2.674980 2.627251 2.647196 4.497712 4.116557 4.243516 3.859718 2.432538 3.510180 4.094841 2.764112 3.991517 3.669857 4.172320 3.749480 2.581496 2.282773 1.618298 1.496053 1.943810 2.309720 2.998551 3.233615 2.719918 3.148466 3.691082 1.830431 2.154028 2.694204 2.843075 2.517218 1.580239 2.006021 4.548841 2.951877 3.462220 2.873578 3.689952 5.211204 4.265830 3.377965 3.040373 4.017868 2.829449 2.278494 2.657158 2.693108 3.330087 3.252519 2.642237 2.806875 3.117082 3.351381 3.498306 3.712886 2.813688 3.815971 2.531531 3.277478 1.826897 2.965660 1.949017 1.955627 1.781038 1.869609 1.387533 1.811995 1.723569 2.912599 3.054125 3.011602 3.301559 3.265537 2.714176 3.217981 3.334907 3.453655 2.917786 2.902234 3.337941 3.105651 2.746437 2.508847 3.327160 3.204692 2.615076 2.937378 3.480981 3.069971 2.887002 2.679723 3.321892 2.425820 3.313188 2.844101 2.610287 2.387413 2.794896 2.465661 4.876574 2.604518 3.781503 4.479299 3.005424 2.927347 2.561056 3.031339 2.641098 2.414255 3.598761 4.491685 3.723439 2.956676 3.030128 2.067389 3.058176 2.924854 2.036187 3.136806 3.561469 3.081914 2.905799 3.088249 3.211411 3.237193 3.099477 1.932486 2.505369 2.179896 2.616830 2.288122 2.462289 2.665420 2.423271 2.691751 2.356031 2.347847 1.855541 2.472078 1.363292 2.028058 2.075345 1.864060 2.026823 2.216551 2.642302 1.839406 1.807606 1.709414 2.395215 1.890527 2.299639 1.438949 1.909668 1.807069 2.236704 2.018671 1.902294 2.286153 3.066812 1.948967 2.393277 2.256357 1.874442 1.625368 1.445369 2.665780 2.731522 2.699315 2.687206 2.712431 1.650823 2.850983 1.853012 3.064146 3.056791 2.228898 2.257556 2.522422 2.122047 2.830246 2.909114 2.849470 1.505949 2.326860 1.564846 3.037253 1.941262 2.422847 1.914621 2.718302 2.922125 
1.501387 0.000000 1.947938 1.189343 1.119780 2.089482 1.959969 2.319604 2.035300 2.328933 2.201434 1.875965 2.740636 2.703279 2.262776 2.043887 2.040158 2.189675 2.203082 2.495900 2.801127 1.292243 2.599157 3.658891 4.263130 4.352038 3.884286 3.768846 3.467510 4.167328 3.703898 3.411266 3.520972 3.752975 3.811637 3.620179 3.845874 3.624863 3.523770 4.330173 3.955342 2.317186 2.749592 2.807761 3.014029 3.025006 2.368526 1.589053 3.071631 2.608364 2.871419 2.315514 4.030917 3.735811 3.961148 3.712871 2.404106 3.463595 3.197176 2.477688 3.998818 3.586772 3.608859 3.548385 1.901463 1.597567 0.947601 1.375750 2.274338 2.024444 2.817831 2.834804 2.518716 2.770153 2.961243 1.923516 2.039855 2.133962 1.860934 1.680266 1.611244 1.842305 4.334636 2.965620 3.032508 2.689872 3.284672 4.679093 3.893603 2.979109 3.082228 3.322425 2.229290 2.143523 2.983300 2.892003 2.595541 2.682864 2.602062 2.484130 2.564339 2.975963 3.221320 3.530238 3.093877 3.012067 2.821139 3.157142 1.572119 2.243178 1.455442 1.619717 1.433560 1.689585 1.278850 1.579592 1.520263 2.567026 2.915060 2.618180 2.902955 2.958425 2.590749 2.507701 2.936303 3.055051 2.444438 1.889125 2.625458 2.715852 2.263843 2.052283 3.360375 3.133809 2.216472 2.814681 2.948422 2.550188 2.582640 2.389781 2.921458 2.828728 3.089498 2.611300 2.169822 2.306076 2.631755 2.126976 4.644637 2.324529 3.447524 4.318463 2.606821 2.326672 2.248804 3.217341 2.250007 2.312800 3.249186 4.129350 4.274317 3.002516 2.628585 1.950623 2.982983 2.606256 1.950693 2.912522 3.433590 2.686626 2.433164 2.686881 2.886876 2.994065 2.767599 1.488690 2.281892 1.599731 1.855085 2.099386 1.767566 1.980652 1.803119 1.909506 1.931085 1.666389 1.562849 2.129794 1.700345 1.718663 1.916598 1.722446 1.714982 1.979951 1.786536 1.729996 1.593222 1.624230 2.204831 2.029822 1.373270 1.374386 1.624970 1.606707 1.973501 1.497256 1.651737 1.532140 3.146689 1.961332 2.172987 2.149878 2.127884 1.467244 1.584679 1.744065 1.678476 2.352525 2.000084 2.051111 1.420601 2.501110 1.467333 2.637000 3.048548 1.770628 1.893088 1.800741 1.835754 2.579894 2.685115 2.392654 1.501046 1.831689 1.680388 2.274641 1.758861 1.691856 1.684106 2.479068 2.241724 
1.949561 1.947938 0.000000 1.565446 1.843977 2.594079 2.679726 2.823251 1.809162 1.249329 2.000160 1.885518 2.498090 2.592759 1.422488 2.367603 1.438900 1.743768 1.212902 3.112079 3.419210 2.051738 3.145820 4.260723 4.364743 4.804811 4.690904 4.320747 3.840356 4.527006 4.593906 3.686775 4.088728 3.741379 4.225097 4.225556 4.548626 3.777604 3.897714 4.542707 4.399514 3.121995 2.560308 3.166069 3.399851 3.145946 3.149985 2.970374 4.103070 3.237423 3.453839 2.759402 4.941910 4.400464 4.940240 4.201707 3.186722 4.198372 4.402823 2.922522 4.188791 3.398637 4.423944 4.402017 2.804666 2.351333 1.940777 1.410285 1.562628 1.701263 3.438257 3.761123 2.806180 3.233523 3.783463 2.697160 2.107850 2.956993 2.430676 2.915586 2.264468 2.571908 4.291435 2.508214 3.283091 2.482767 3.505885 5.128418 3.887672 2.965006 2.332382 3.612601 2.352056 2.567849 3.659843 2.579433 3.465503 3.325023 3.354735 3.315812 3.725328 3.436008 3.778810 4.199087 3.407545 3.817376 2.584025 4.371803 1.408276 2.941396 1.926112 1.209590 1.929429 1.178602 1.133521 1.393169 1.518827 1.934844 2.085457 1.905396 2.109606 2.534861 2.110735 2.568349 1.844423 2.139000 1.859426 2.634361 2.689384 2.039620 2.137201 1.894949 1.916120 1.575470 2.200700 1.958864 2.421865 2.623957 2.066580 1.843351 2.289733 2.860831 3.342865 1.521640 2.398053 2.800244 2.196509 3.015733 3.773756 1.857920 3.753893 4.127362 1.959039 2.614461 3.140047 3.763432 3.007426 1.984769 3.527544 3.072739 2.442271 2.320622 1.812386 1.006838 1.816394 1.909713 1.851782 3.095749 1.778574 2.796254 2.910096 3.546201 3.534073 3.266302 3.785592 1.983808 1.822340 2.467152 2.858501 1.803828 2.101714 2.654566 2.236827 2.807160 1.976219 2.741033 0.923289 1.475468 1.583086 1.584996 1.754858 2.288742 1.796254 2.887451 2.134605 1.584009 1.790810 1.612767 1.918325 1.387633 2.457586 1.772240 1.904175 1.598816 1.423432 1.785595 1.580790 1.868573 1.654985 1.392892 1.571929 1.478011 1.953696 0.815204 1.103821 1.560546 1.742279 1.352234 1.650995 1.488157 1.890545 1.812129 1.878325 2.784200 2.848906 1.896984 2.099772 1.996602 1.797609 2.733077 2.683347 2.464584 1.514433 2.475491 1.278014 2.003804 1.431149 2.079145 1.298533 2.561366 2.760046 
1.787561 1.189343 1.565446 0.000000 0.896486 2.530860 2.009964 2.329081 1.945332 2.093865 1.996560 1.773720 2.221650 1.965384 2.095531 2.265680 2.067405 2.203681 2.308850 2.616198 2.954737 1.680558 2.515394 3.779189 4.416740 4.472336 4.004583 3.889144 3.621120 4.287626 3.824196 3.531564 3.641269 3.906585 4.181934 3.740477 3.966172 4.028474 3.644068 4.450470 4.075640 2.279963 2.684858 2.686373 2.840182 2.894538 2.493959 2.286570 3.391489 2.749482 3.275029 2.435812 3.663718 3.674291 4.140138 3.482490 2.502161 3.237967 3.580130 2.631298 3.747703 3.367043 3.389374 3.480831 1.824966 1.219486 1.246633 1.502109 1.980622 1.547988 3.221442 3.243986 2.337573 2.890451 3.238548 2.055298 1.668118 2.292708 2.052428 1.981782 1.133112 1.197464 4.669281 3.187412 2.935335 2.729845 3.038430 4.994062 3.612988 2.950901 3.304020 3.409249 2.266958 2.434806 2.682263 2.751468 2.644744 2.347443 2.559659 2.436545 2.641183 2.802115 2.989051 3.183356 3.079604 2.788786 3.056867 3.308383 1.362093 2.291364 1.267460 1.013885 0.921112 1.566624 1.130904 1.732419 1.215707 2.560594 2.676388 2.053874 2.276626 3.232844 2.602274 2.069313 2.923807 2.952428 2.353371 2.424775 2.554633 2.357566 2.538262 2.007982 3.451303 3.122412 2.446839 2.945801 3.040875 2.814244 2.846697 2.621936 2.582241 2.760025 2.879472 2.249481 1.894389 2.045704 2.507496 1.962642 3.917104 1.548550 3.829481 3.679113 2.311504 2.376381 2.076627 2.951760 2.026806 2.060873 2.992101 3.447010 3.954829 2.274983 1.969168 1.521960 2.790865 2.296606 1.533385 2.184989 3.114103 2.416375 2.570904 2.853171 3.007174 3.124726 2.832341 1.278663 2.002687 1.970028 2.512290 2.113313 1.461551 1.798505 1.747468 2.130408 1.879927 1.807230 1.676804 1.837718 1.961536 2.132636 2.273098 2.057091 1.616185 1.771829 2.029886 1.650536 1.405093 1.692589 2.077454 2.008918 1.523782 1.002770 1.472072 1.337977 1.736632 1.479411 1.503796 1.308507 3.191819 1.404471 2.275480 1.490394 2.216774 1.283023 1.472525 1.262383 1.898240 1.601219 2.213203 1.652223 1.414156 1.975844 1.414502 2.426974 2.632445 1.581684 1.786476 1.675718 1.784017 2.314313 2.566792 2.182627 1.719017 2.166334 1.859207 2.336478 1.364273 1.507315 1.389165 2.269042 2.179901 
1.180881 1.119780 1.843977 0.896486 0.000000 2.057623 1.589849 2.006096 2.151885 1.924345 2.190235 1.752277 2.322501 2.356523 2.102857 1.776169 1.952153 1.932779 2.119042 2.107463 2.280474 1.052516 2.070835 3.199866 3.742477 3.893013 3.479552 3.508647 2.958516 3.714906 3.332180 2.952241 3.061946 3.232322 3.602612 3.191234 3.458749 3.359391 3.064745 3.871148 3.496317 1.857077 2.230012 2.002417 2.546874 2.716532 2.115663 1.955333 3.013193 2.282186 2.600766 1.880019 3.528830 3.276786 3.860361 3.174740 1.821146 2.694126 3.201834 1.957034 3.211968 2.943883 3.280711 2.910909 1.845964 1.438390 1.047710 1.301092 1.780546 1.580509 2.603393 2.865690 2.004957 2.311128 2.860252 1.681601 1.376201 1.819472 2.020656 1.603486 0.986309 1.154834 4.218054 2.714042 2.752501 2.511713 2.946645 4.773232 3.583040 2.588316 2.858633 3.306066 2.163775 1.864740 2.339227 2.363220 2.307493 2.261013 1.867492 1.867183 2.150044 2.508807 2.640188 2.924316 2.287315 2.793378 2.375689 2.812062 1.227984 2.143058 1.319163 1.116518 0.995543 1.294159 0.924562 1.377904 1.124380 2.474855 2.558562 2.272045 2.562002 3.010985 2.547347 2.412392 2.845349 2.964098 2.362197 2.459523 2.594562 2.374483 2.278985 1.961329 3.269421 3.027311 2.125518 2.708183 3.194823 2.612882 2.498600 2.203638 2.602961 2.687748 2.568845 2.435837 1.798415 1.535855 2.345181 1.686375 4.068051 1.795995 3.359815 4.231957 2.196901 2.099747 1.762124 2.418910 1.744648 2.241827 2.905608 3.703887 4.167819 2.314819 2.222931 1.827832 2.815650 2.523433 1.529478 2.295912 3.327093 2.299164 1.989683 2.625127 2.499751 2.550584 2.426082 1.240282 1.877050 1.537111 2.114191 1.776301 1.619145 1.754492 1.585633 1.827882 1.591461 1.428934 1.464482 1.721930 1.792687 1.557672 2.126028 1.776233 1.337793 1.895101 2.159575 1.382490 1.244718 1.350395 1.655829 1.703580 1.488765 0.794727 1.304796 1.434802 1.633398 1.190890 1.442719 1.513739 3.040994 1.818212 2.194942 1.777434 1.889086 1.655446 1.244085 1.860192 2.174326 1.996027 2.312652 1.983008 1.414285 2.099321 1.316594 2.227866 2.117891 1.721635 1.750293 1.736005 1.432748 2.014691 2.078015 2.059821 1.422382 1.828094 1.572971 2.621615 1.549596 1.665573 1.266773 2.029003 2.070301 
2.602453 2.089482 2.594079 2.530860 2.057623 0.000000 0.838697 0.579233 2.638337 2.936038 2.900936 2.764363 3.449270 3.624801 3.029433 1.831076 2.779724 3.064084 2.496508 1.894718 1.884850 1.922984 2.593963 2.787634 2.738878 2.908788 2.856496 2.397682 2.520775 2.694543 2.804511 2.043159 2.397364 3.020734 3.300464 2.399863 2.952983 2.585771 2.671215 2.645440 2.586177 3.289479 3.582178 3.709180 3.612927 3.397870 2.193905 2.286072 1.634419 2.085314 2.097778 2.526618 2.718546 2.264066 2.664288 2.365148 2.796885 2.146214 1.829469 1.775073 2.620832 1.815491 2.256972 2.218675 1.346218 1.711436 1.671128 1.568202 3.087856 3.080072 1.305842 1.210826 1.270902 1.162829 1.189383 1.668295 1.853764 1.255185 1.490806 1.550817 2.633806 2.539279 2.344584 1.294536 1.140724 1.044873 1.361557 2.850250 1.975762 1.195163 1.321274 1.570275 2.516905 2.791800 3.896110 3.586373 3.073249 3.626762 3.349589 3.331038 3.615031 3.687086 4.134130 4.443048 3.916934 4.002597 3.591790 4.191951 1.746036 1.805334 1.638722 2.211845 2.471471 2.085845 2.382558 1.453101 2.055445 3.070089 3.395185 3.615288 3.627467 3.430384 3.149288 3.161113 3.494148 3.612896 2.991920 3.001644 2.975276 3.207586 2.436617 2.832350 3.918219 3.613933 2.940983 3.346619 3.512186 2.780063 2.901891 2.630233 3.479382 3.739888 2.131036 3.022459 2.816808 1.966898 3.542915 2.428044 5.633516 3.282944 1.724324 4.880520 3.095700 2.556219 3.147344 3.001949 3.338734 2.989296 2.173930 4.637516 4.754441 3.991395 3.095300 2.976630 3.397649 3.027699 2.848685 4.025074 4.026265 2.484055 1.065427 1.280744 1.179855 1.290396 1.519964 1.511459 1.944949 1.367408 1.007252 1.841904 1.922424 1.914292 1.329475 1.383136 1.872192 1.445978 1.967147 2.373960 2.145348 2.368367 1.789512 1.339541 2.025649 2.088784 1.459886 1.629321 1.982755 1.608964 2.426563 2.301439 1.922120 2.343947 1.719100 1.854207 2.048731 1.358451 1.855529 1.666813 3.657871 2.991810 2.255490 3.329551 2.164027 2.387633 2.301171 2.711953 2.495437 3.025223 2.692192 2.301066 1.778806 3.320237 2.128801 1.476905 1.826380 2.002059 1.806316 1.860592 2.309680 2.321888 1.166830 1.786394 1.649023 1.366486 2.136598 2.639420 2.206274 2.202532 2.040254 2.712619 2.279476 
2.477674 1.959969 2.679726 2.009964 1.589849 0.838697 0.000000 0.835742 2.773406 2.877007 2.829034 2.634233 2.971047 3.151760 2.801210 1.533235 2.689432 2.933954 2.643983 1.235496 1.290986 1.643302 1.939596 2.343143 2.680519 2.604312 2.419383 2.237954 2.111201 2.495197 2.367398 1.838631 1.975795 2.670547 2.773594 2.033850 2.359495 2.523580 2.228849 2.440506 2.275720 2.614712 3.103955 3.177241 2.930175 2.960870 1.529123 1.971357 1.470403 1.578427 1.767473 1.867395 2.581434 2.068367 2.832201 2.195205 2.227534 1.897416 1.797243 1.203981 2.697781 1.774780 2.099960 1.961149 1.084666 1.331147 1.615518 1.469660 2.974035 2.739780 1.403729 1.331397 0.916552 0.984693 1.408334 1.171345 1.211611 0.638164 1.220610 1.006386 1.928300 1.794210 3.049700 1.611718 1.439457 1.475524 1.716766 3.439904 2.385442 1.329771 1.753478 2.110669 2.455465 2.434271 3.119240 3.006047 2.290373 2.834348 2.557175 2.554168 2.932668 2.910216 3.357261 3.666178 3.295663 3.321754 3.245920 3.525133 1.565966 1.419137 1.222398 1.802374 2.018894 1.983320 2.285821 1.571865 1.591061 3.151645 3.292659 3.274996 3.342731 3.562315 3.101142 3.033914 3.626078 3.744827 3.123851 3.021404 2.937693 3.089516 2.568547 2.742058 4.050150 3.761408 2.906247 3.478549 3.769712 2.911161 3.033822 2.715104 3.305757 3.596174 1.651694 3.032003 2.236150 1.331190 3.330236 2.049389 5.155294 2.772127 2.203980 4.553571 2.977630 2.241606 2.581987 2.444810 2.663968 2.744235 1.821243 4.325960 4.901916 3.513173 2.868254 2.886338 3.460614 3.159629 2.625644 3.423178 4.102640 2.061388 0.816019 1.096522 0.997209 1.178234 1.285837 1.198094 1.715768 0.936197 0.894882 1.535477 1.476389 1.376067 0.910189 0.873976 1.413203 0.833574 2.092632 2.255891 2.064155 2.278076 2.047038 1.328122 1.622621 1.559897 1.520868 1.394380 1.558745 1.465853 2.234342 2.096410 1.495336 1.810498 1.338702 1.523187 1.924217 1.143576 1.720149 1.385374 3.789802 2.910617 2.364080 2.874011 1.909805 2.306614 2.167083 2.481713 2.749215 2.740487 2.865208 2.165479 1.689187 2.842015 1.969544 1.150316 1.456342 1.905205 1.570690 1.852574 1.900423 1.796607 0.868553 1.643516 1.524954 1.233385 2.222245 2.886583 1.875255 2.117722 1.826618 2.234397 1.911305 
2.569469 2.319604 2.823251 2.329081 2.006096 0.579233 0.835742 0.000000 3.047231 3.163849 3.311911 3.029455 3.608163 3.783695 3.438326 2.083381 3.188617 3.393088 2.960957 2.040149 1.831979 2.073612 2.707880 2.710938 2.550193 2.722185 2.794246 2.360752 2.345633 2.587025 2.742260 2.059993 2.210761 3.042324 3.375322 2.213260 2.777842 2.773520 2.714543 2.458837 2.565804 3.450454 3.741071 3.870156 3.626020 3.490049 2.112881 2.725661 1.736777 2.121937 2.172637 2.672049 2.489628 2.259997 2.630670 2.001018 2.793155 1.800702 1.879921 1.724284 2.284280 1.538201 1.997569 2.047644 1.515082 1.673310 2.110717 1.653971 3.473220 3.238965 1.601210 1.395691 0.865215 1.302314 1.198385 1.352605 1.479558 1.204396 1.735951 1.552170 2.602555 2.261312 2.733779 1.706994 1.270945 1.567504 1.619057 3.324115 2.221388 1.488520 1.814256 1.831053 2.697791 3.014540 3.768027 3.409149 3.022459 3.646561 3.298800 3.259523 3.616384 3.584483 4.047072 4.387077 3.866144 4.076058 3.788919 4.045422 1.765957 1.783158 1.394579 2.370525 2.471540 2.243299 2.733445 1.894021 1.960372 3.478982 3.609634 3.774181 3.786360 3.894833 3.558182 3.340549 3.958597 4.077345 3.456369 3.439151 3.220420 3.422035 2.901066 3.241243 4.382668 4.078382 3.349877 3.811068 3.880896 3.246594 3.366340 3.047623 3.638276 4.024429 2.242870 3.398825 2.977784 1.767883 3.905176 2.578559 5.792410 3.409243 2.263483 5.001312 3.310149 2.772750 3.325928 3.092336 3.499710 3.307390 2.348134 4.796409 5.094538 4.150289 3.249012 3.385523 3.862098 3.493813 3.257578 4.186049 4.435159 2.642948 0.996897 1.027091 1.039650 1.273888 1.425061 1.656891 2.103842 1.726017 1.446841 1.802906 2.083400 2.063586 1.456414 1.572725 2.000506 1.606953 2.417900 2.588409 2.363021 2.777261 2.158222 1.626164 2.139993 1.965785 1.955031 1.439514 1.775927 1.415544 2.489668 2.124843 2.111709 2.123814 1.541934 1.752931 2.187450 1.483945 1.849647 1.823884 4.122320 3.288174 2.694032 3.207398 1.970607 2.522722 2.666268 2.899460 2.985400 3.184116 3.185254 2.544128 1.919648 3.479131 2.537694 1.620765 1.638826 1.929496 1.755743 2.103655 2.468574 2.433723 1.112225 1.995661 1.748729 1.706873 2.479462 3.132482 2.073895 2.392121 2.188785 2.871513 2.466983 
2.707473 2.035300 1.809162 1.945332 2.151885 2.638337 2.773406 3.047231 0.000000 1.857070 0.693539 1.422127 1.796789 1.431791 1.037778 1.569037 0.928560 1.776593 1.136319 1.940932 2.176874 1.623558 2.021500 3.037217 3.246427 3.563697 3.262611 2.869394 3.172251 3.353676 3.137779 2.861289 2.968546 2.763472 3.458446 2.935765 3.113088 3.260180 2.624318 3.430720 3.111445 1.823861 1.815507 2.107847 2.106302 1.920498 1.899992 1.814618 2.695796 1.854303 2.300676 2.065376 5.114329 3.613240 5.190531 4.714755 1.922864 4.670823 3.839240 2.757271 4.934434 3.932715 4.617310 4.724192 2.239067 2.238153 1.607142 1.909394 1.764132 1.584760 3.149689 2.995383 3.354445 3.095753 3.137121 3.078146 2.624566 2.478332 2.002662 2.364087 2.553733 2.930151 3.969317 2.153226 2.039810 2.390678 3.197108 4.358453 3.637621 1.944622 2.407188 2.797417 0.937183 1.528575 2.455149 1.986805 2.020183 1.942096 2.191774 2.047714 2.168206 2.234902 2.532949 2.727254 2.472763 2.260254 1.993071 2.835407 1.885689 1.999647 2.079384 1.731779 2.028290 1.618272 1.826033 1.473622 1.907026 0.719186 1.061578 1.279161 1.221178 1.378766 1.068685 1.016408 1.392576 1.305976 0.635164 0.989269 1.208350 1.211067 0.809141 0.610853 1.755805 1.556189 1.015735 1.247496 1.331309 1.275069 1.150288 1.000458 1.247062 1.695553 2.317861 1.346381 1.570918 2.885344 1.545639 2.279917 3.388345 2.394361 3.155021 2.942834 0.950650 1.262514 1.801435 3.403409 1.728798 1.785459 2.383991 2.369913 2.376948 1.835247 0.908221 1.901166 2.072679 1.995802 1.722765 2.212815 1.744984 2.434196 2.881876 3.713041 3.380229 3.414054 3.853395 1.788219 1.984399 2.338415 2.489167 2.574861 1.754698 2.328158 2.127859 2.446801 2.263205 2.519037 1.313139 1.933577 1.930842 1.482112 1.769424 1.792435 1.443336 2.440667 1.625207 2.289954 2.201115 2.092800 2.089545 2.549783 1.939306 2.290745 2.110364 2.091675 2.183358 1.872187 2.141739 2.008078 1.892654 1.834702 1.468700 2.749071 2.675275 1.648647 1.821189 1.403144 1.710217 2.012088 2.041602 1.793722 2.273895 2.571489 1.690511 2.296084 3.433766 2.259023 2.320562 1.718536 1.393683 2.176225 2.600410 1.656311 1.902407 1.555566 1.716694 1.272935 2.042892 1.010650 1.533804 1.442581 1.501325 
2.249989 2.328933 1.249329 2.093865 1.924345 2.936038 2.877007 3.163849 1.857070 0.000000 2.061612 1.213328 2.404972 2.734683 1.553994 2.190574 1.473209 1.121064 1.313650 2.753232 3.091451 1.692891 3.015424 3.901875 4.117006 4.445963 4.378689 4.184122 3.481508 4.390381 4.281691 3.610887 3.729881 3.660310 3.866250 3.866709 4.189779 3.491068 3.675884 4.294971 4.096223 2.896965 2.390030 2.941039 3.310007 3.299382 2.791138 2.647796 3.744223 2.934131 3.094991 2.400554 5.209903 4.223435 5.189910 4.622385 2.838238 4.321643 4.142848 2.610307 4.357615 3.796367 4.830610 4.677849 2.770235 2.328546 2.241398 2.018769 1.263894 1.602610 3.269722 3.494925 3.297351 3.028221 3.814880 2.829714 2.468854 2.725326 2.704013 2.710576 2.743506 2.886281 4.210366 2.442296 3.148208 2.729807 3.577698 5.006944 4.087548 3.010199 2.266464 3.760409 2.452805 2.316912 3.569999 2.536545 3.213303 3.266267 3.129705 3.044150 3.500298 3.346164 3.688966 4.109243 3.181690 3.774164 2.333088 4.100141 2.062102 2.902759 2.479703 1.747282 2.383927 1.811879 1.580865 1.852759 1.940487 1.930534 2.140254 1.937381 1.997428 2.596165 2.082929 2.580692 1.962823 2.538272 2.036955 2.414273 2.885447 2.292541 2.033798 1.851737 1.905980 1.627102 2.098791 2.120465 2.750705 2.683637 1.947633 1.913697 2.127161 2.834104 3.181380 1.927253 2.267656 2.948582 2.112296 2.838704 3.682390 2.260171 3.719456 4.560231 2.240663 2.612893 3.055384 3.676761 2.930197 1.676998 3.350515 3.328341 2.529585 2.517054 2.031530 1.209865 1.859516 2.350605 1.985058 3.297472 1.479353 2.990529 3.272940 3.917974 3.663040 3.573153 4.107818 2.241824 1.832339 2.736262 3.111409 2.579641 2.644914 3.069989 2.826666 2.985579 2.634845 2.889241 1.759681 2.268979 1.692893 1.174926 2.229952 2.108344 1.987098 2.852534 2.499367 2.376605 2.455513 2.060233 1.515830 1.664173 2.559296 2.325831 2.401109 2.222995 2.169856 2.447041 2.412159 2.615974 1.461878 2.063509 1.672678 2.181388 2.034352 1.363819 1.321227 2.138823 2.631945 2.108901 2.204216 2.188002 2.438955 1.917353 2.113689 3.051744 2.775099 2.728353 2.708919 2.468320 1.724981 2.585598 2.691228 2.486447 1.687867 2.186651 1.428501 2.279622 2.024240 2.028771 1.792426 2.415425 2.629649 
2.761099 2.201434 2.000160 1.996560 2.190235 2.900936 2.829034 3.311911 0.693539 2.061612 0.000000 1.846116 1.801935 1.603844 1.237759 1.611835 1.164255 2.139791 1.430800 1.890039 2.352364 1.662609 2.076883 2.899507 3.409701 3.488826 3.243527 2.976243 3.136765 3.402438 3.061290 2.871133 2.917653 2.863694 3.407553 2.928971 3.093850 2.999492 2.355381 3.232151 2.719958 1.612138 1.737862 1.878568 1.750229 1.778535 1.987030 1.949665 2.732136 1.844497 2.189326 2.014484 5.218287 3.562347 5.262941 4.663862 1.646071 4.619930 3.958743 2.825881 5.209629 4.187186 4.747175 4.699206 2.350336 2.336930 1.785448 2.016076 2.058365 1.856660 3.119521 3.094160 3.367673 3.075948 3.291453 3.027254 2.813518 2.610711 2.177720 2.504315 2.528630 2.894665 4.280674 2.447708 2.247858 2.685160 3.317810 4.605470 3.830975 2.291572 2.701670 3.011712 1.155050 1.494418 2.385979 2.119809 2.126329 1.907423 2.168160 1.934998 2.117432 1.916345 2.178944 2.447479 2.247157 2.159530 2.067771 2.686660 2.143938 2.304704 2.266318 1.909239 1.961344 1.912754 2.029728 1.815185 2.166678 1.040645 1.303099 1.489237 1.046561 1.398741 0.929008 1.006053 1.273515 1.120796 0.855519 1.081305 1.144618 1.206802 1.299452 0.663588 1.680399 1.340910 0.786038 1.209066 1.331452 1.176888 1.161850 1.266292 1.268307 1.683092 2.493630 1.472538 1.597686 2.975518 1.534078 2.484462 3.480774 2.515886 3.211498 2.664581 1.057636 1.241516 1.843570 3.478361 1.764161 2.110502 2.537137 2.363088 2.263013 2.045323 1.082966 2.067143 2.394953 2.095062 1.831747 2.015425 1.907472 2.656782 2.953896 3.858496 3.333005 3.486074 3.890266 1.947950 2.238869 2.386200 2.655302 2.870075 1.925536 2.489111 2.271187 2.612936 2.335225 2.664446 1.602798 2.206906 2.221807 1.788396 2.119458 1.948557 1.449248 2.539444 1.779540 2.511048 2.348368 2.343106 2.364741 2.788709 2.069172 2.342652 2.268091 2.286594 2.524472 1.976786 2.432789 2.188317 2.140339 1.953606 1.884238 2.992102 3.119490 1.974839 2.170532 1.799162 1.711114 1.975245 2.286829 2.185142 2.692203 2.843389 2.051086 2.542054 3.724505 2.710153 2.626846 2.230045 1.663697 2.435877 2.875606 2.070382 2.345295 1.854081 2.164651 1.598340 2.297362 1.267556 1.772730 1.649302 1.946916 
2.022840 1.875965 1.885518 1.773720 1.752277 2.764363 2.634233 3.029455 1.422127 1.213328 1.846116 0.000000 2.421923 2.242179 1.582950 1.942664 1.419204 0.562529 1.585306 2.522929 2.613844 1.325695 2.714633 3.685921 4.141086 4.379067 3.952766 3.838429 3.444570 4.194357 3.767197 3.438295 3.548001 3.676319 3.588666 3.647208 3.872903 3.382501 3.561162 4.357202 3.982371 2.450406 2.412308 2.734392 3.029518 3.056464 2.445445 2.008781 3.342974 2.635394 2.778523 2.342544 4.889482 3.821652 4.752318 4.428280 2.464066 4.202530 3.788962 2.577416 4.508936 3.946088 4.408008 4.308230 2.376338 2.203503 1.776401 2.060593 1.396593 1.695107 3.188234 3.212139 3.265724 3.109202 3.643206 2.720964 2.591402 2.432177 2.540324 2.245579 2.356705 2.643676 4.097539 2.440338 2.802514 2.846010 3.437571 4.801835 4.026761 2.703827 2.712434 3.571342 2.154170 2.033025 2.982711 2.605181 2.689137 2.663435 2.730101 2.555174 2.856380 2.991451 3.289499 3.483803 3.068220 3.130246 2.345054 3.471767 2.235851 2.535463 2.310826 1.817948 2.024949 2.032111 1.564981 1.810165 1.907614 1.842881 2.119479 2.020588 2.342063 2.264893 1.844818 2.238081 2.481824 2.655013 1.939131 1.960911 2.571269 2.520839 1.820311 1.663508 2.425012 2.367153 2.052637 2.151160 2.694097 2.378997 2.161442 2.176676 2.558119 2.367628 2.870848 2.120425 2.326884 2.604050 2.170655 2.232958 4.245713 2.336259 3.510823 4.225175 2.264089 2.340535 2.421828 3.414259 2.375186 1.607769 3.014085 3.638601 3.119730 2.603592 2.111930 1.575766 2.298030 2.568508 1.819668 2.851538 2.251489 3.010310 3.260335 3.730755 3.575738 3.765245 3.694912 2.014593 2.227379 2.413190 2.924190 2.852437 2.504754 2.827215 2.654991 2.798360 2.816665 2.424244 1.984911 2.529582 1.604728 1.626806 2.251495 1.936669 2.089921 2.403081 2.374750 2.463781 2.442908 2.157564 2.123643 2.563156 2.094299 2.182917 2.224161 2.340355 2.486352 2.333189 2.428902 2.452284 1.891296 1.663914 1.702337 2.664581 2.197532 1.524452 1.437932 1.934068 2.470907 2.462766 2.041376 2.343988 2.170502 2.727182 1.801949 2.909279 3.205630 2.541134 2.662863 2.340025 1.799819 2.574010 2.663102 2.355164 1.475196 1.821489 1.237971 2.286248 2.235905 1.770016 2.066235 2.260554 2.200850 
3.081217 2.740636 2.498090 2.221650 2.322501 3.449270 2.971047 3.608163 1.796789 2.404972 1.801935 2.421923 0.000000 1.494271 1.303201 1.791439 1.709294 2.325110 1.856936 2.012913 2.411275 1.971622 1.698041 2.580140 3.156382 3.485339 3.036227 3.223497 2.594992 3.179756 2.939230 2.699551 2.463700 2.449685 3.369503 2.656084 2.923599 3.134319 2.763500 3.541243 3.273529 2.092442 1.679263 1.748585 2.025426 2.138342 1.974953 2.053737 3.039056 2.180403 2.511895 1.552568 4.858211 3.244687 5.747693 4.626466 2.307864 4.069878 4.108985 2.411690 5.003128 3.771225 4.371555 4.178319 2.464924 2.464010 2.290725 2.238301 2.059721 1.288267 3.210886 3.377197 3.049949 2.865956 3.698053 3.233988 2.472550 2.667372 2.494629 2.723523 1.922952 2.107953 4.947368 2.927314 2.761417 2.968275 3.414080 4.996302 3.858955 2.606505 2.807836 3.405408 1.821594 1.486528 2.286140 1.509283 1.955092 1.685099 2.006217 1.803456 2.557844 1.992618 1.878523 2.298800 2.328011 1.942995 2.211009 2.721516 2.016196 2.410852 2.383014 1.757458 1.816823 2.142361 2.231393 2.430476 2.084301 2.088420 2.001028 1.444231 1.466080 2.961038 2.175213 1.671097 2.282687 2.334373 2.007629 2.247045 2.411934 1.678676 2.229039 1.660261 2.799008 2.423198 1.903052 2.339145 2.838175 2.572977 2.145372 2.051524 2.038975 2.522291 1.632711 1.258075 1.093096 2.311545 1.798539 1.954051 2.184246 1.244657 3.713843 2.691914 1.706987 2.114302 1.738549 2.136782 1.619169 1.905765 1.578274 1.525655 3.381888 1.474727 1.471616 2.159575 1.977769 1.973940 1.714439 1.579841 2.625769 1.259151 2.839404 3.912953 3.408187 3.166886 3.764646 2.031481 2.076823 2.441615 3.015314 2.360688 1.786387 1.849297 2.470890 2.460496 2.026309 2.469861 2.056120 2.112673 2.895037 1.776135 3.043353 2.597172 1.600798 2.804456 2.597600 2.651697 2.056108 2.749942 2.769534 2.839320 2.495276 2.238125 2.797369 2.277333 2.115315 2.344755 2.393088 2.323408 2.787678 2.532379 2.344036 2.514655 3.602460 2.622756 2.555923 2.036278 2.554575 1.889769 3.017280 1.994376 2.851756 1.567316 1.959855 2.092411 3.309640 2.354555 2.251438 1.874446 1.430784 1.935423 2.889003 1.848362 2.914288 2.524850 2.878164 2.291281 2.289747 1.389764 1.678393 1.001502 1.663990 
3.179264 2.703279 2.592759 1.965384 2.356523 3.624801 3.151760 3.783695 1.431791 2.734683 1.603844 2.242179 1.494271 0.000000 1.291348 2.098298 1.626543 2.434783 2.090462 2.220193 2.331258 2.068528 1.825010 3.107047 3.632941 3.873053 3.285550 3.188042 3.271436 3.615386 3.099981 3.238251 3.178842 3.183939 3.807631 3.113419 3.200506 3.598753 2.893947 3.688853 3.309974 1.609303 1.306467 1.675652 2.072318 2.197838 2.244994 2.167474 3.102201 2.214381 2.693365 2.131161 5.074930 3.601314 5.701002 4.840760 2.029020 4.547785 4.239323 2.850580 5.039045 4.135041 4.709748 4.616699 2.529345 2.639542 2.198841 2.605322 2.115983 1.355990 3.591612 3.552728 3.545455 3.409150 3.873585 3.427331 2.871132 2.842904 2.680523 2.742750 2.237250 2.625295 4.977593 2.969438 2.936948 3.135679 3.599149 5.151430 4.039662 2.528482 3.154435 3.533880 1.598761 1.645473 2.134190 1.693007 1.989531 1.379683 1.957885 1.545623 1.809730 1.881270 1.998506 2.176268 1.987884 1.886382 1.913170 2.393870 2.461931 2.846746 2.568908 1.658246 1.997912 2.322415 2.147650 2.652309 2.305438 1.716001 1.704212 1.159713 1.291019 2.444510 1.445843 1.437933 1.904707 2.023995 1.597526 1.792105 2.062298 1.743758 1.877419 1.412727 2.570943 2.050000 1.727787 2.059216 2.170285 2.246870 2.080405 1.986135 1.772469 1.530573 2.184854 1.459273 1.656391 2.772669 0.990287 2.058701 2.013549 1.633895 4.030331 2.332383 1.395741 1.760946 1.506276 2.932280 1.478613 1.719633 2.175095 1.512714 2.585057 0.916851 0.823877 2.001724 2.416412 2.464895 1.168755 1.194007 2.191568 2.393406 3.315833 4.098847 3.646080 3.848011 3.771809 2.207012 2.343497 2.718688 3.201208 3.008818 2.039624 2.492088 2.646421 2.853286 2.697162 2.627019 2.279321 2.286456 2.733475 2.077541 2.829113 2.772703 1.958230 2.813320 2.749602 3.068739 2.644606 2.945250 2.820553 3.185919 2.514503 2.446315 3.109456 2.572350 2.491169 2.582007 2.669740 2.509302 2.906269 1.727921 2.270972 2.432167 3.671088 2.482969 2.444352 1.647632 2.269106 1.729684 2.469662 1.723437 2.511278 2.176217 1.631116 2.522317 3.334532 2.688846 2.599947 2.135033 1.657196 1.933051 3.003534 2.093589 2.841225 2.700381 2.951623 2.001413 2.277469 1.570477 1.946340 1.491785 1.471928 
2.411380 2.262776 1.422488 2.095531 2.102857 3.029433 2.801210 3.438326 1.037778 1.553994 1.237759 1.582950 1.303201 1.291348 0.000000 1.371602 0.528774 1.458231 0.955609 1.852859 2.136341 1.551785 1.794957 2.908888 3.235130 3.564087 3.328706 3.302246 2.677148 3.537910 3.236890 2.872469 2.792852 2.778434 2.876032 3.032366 3.252347 2.571472 2.768101 3.425568 3.214347 1.857267 1.541184 1.874195 2.102427 2.202912 1.981482 1.794722 2.806791 2.052255 2.102004 1.605318 5.076305 3.350712 5.327856 4.456629 2.110750 4.356937 3.939148 2.262168 4.599550 3.659053 4.579287 4.529162 2.476905 2.475992 1.844981 1.818464 1.376805 1.236454 2.791049 2.957360 2.992137 2.685756 3.528216 2.883116 2.349362 2.497535 2.324792 2.532960 2.391829 2.757865 4.333069 2.039280 2.646544 2.523302 3.426061 4.556061 3.834292 2.184351 1.966023 3.188512 1.527041 1.306275 2.531603 1.580033 2.130309 2.027598 2.063227 2.029264 2.391634 2.138584 2.481385 2.901662 2.254655 2.483682 1.468748 3.074378 1.923153 2.428839 2.332819 1.468122 2.253061 1.754327 1.473013 1.875723 1.922224 1.366884 1.567237 1.208058 1.421831 1.904003 1.127902 1.766874 1.497641 1.493586 1.239862 1.627354 2.040178 1.551310 1.501552 0.961638 1.718603 1.391201 1.235924 1.290290 2.026531 2.000658 1.502714 1.324038 1.672718 1.690483 2.089721 0.903352 1.401346 2.667570 1.122319 2.241894 2.854083 1.743983 3.262918 3.207972 1.221130 1.770830 1.984012 3.101263 1.764533 1.377668 2.240966 2.190721 2.292584 1.339988 1.064361 1.358366 1.547894 1.793053 1.179185 2.063469 1.599693 2.270170 2.819469 3.780993 3.307315 3.141770 3.701652 2.043462 2.052425 2.207949 2.617810 2.301980 1.913952 2.345690 2.301053 2.504345 2.001192 2.481013 1.311614 2.010100 1.889356 1.122146 2.264142 2.177335 1.407432 2.816437 2.154233 2.403628 2.287001 2.172287 2.115956 2.247507 2.315076 2.213837 2.565356 2.121476 2.315010 2.112742 2.251700 2.330208 1.840738 1.625937 1.456002 2.146283 2.652250 1.588902 1.647164 1.713852 1.914523 1.786134 1.911398 1.772103 2.374815 1.890014 1.638826 2.373900 2.890518 2.634575 2.459836 2.096307 1.032387 2.051427 2.501665 1.930039 2.026254 2.105013 2.028439 1.766109 2.194761 1.423901 1.431359 1.273546 1.434782 
2.243742 2.043887 2.367603 2.265680 1.776169 1.831076 1.533235 2.083381 1.569037 2.190574 1.611835 1.942664 1.791439 2.098298 1.371602 0.000000 1.328789 2.041111 1.267796 0.999329 1.349417 0.868616 1.121348 2.184569 2.401061 2.618222 2.458016 2.287056 1.846159 2.437180 2.398307 1.794469 1.801991 2.118361 2.299196 1.913509 2.245578 2.197504 2.067537 2.596357 2.304427 1.867857 2.106165 2.218593 1.828909 1.921233 1.101424 1.205406 1.818369 1.194052 1.128789 1.203868 3.853523 2.224615 4.105074 3.261316 1.743466 3.132874 2.731910 1.322949 3.892773 2.718989 3.382411 3.327106 1.369393 1.460219 1.151842 1.052302 1.843684 1.736222 1.827876 1.736960 1.920123 1.714853 2.350456 1.567070 1.348212 1.279935 1.320822 1.346448 2.050807 1.876849 3.237133 1.253807 1.521532 1.640121 2.304871 3.455528 2.862464 1.353568 1.622248 2.316524 1.423375 1.233539 2.219179 1.769871 1.781036 1.996021 1.788414 1.763077 2.320180 1.892279 2.354867 2.845277 2.355758 2.503918 2.045189 2.809017 1.391146 1.449964 1.349657 1.687333 1.900907 1.661223 2.097357 1.112365 1.531259 1.785821 2.348291 2.164353 2.232088 2.501612 2.051445 2.079544 2.447254 2.384184 1.779349 1.817034 1.998314 1.978874 1.470427 1.381415 2.871325 2.567039 1.727423 2.299725 2.461715 1.876136 1.854997 1.354462 2.195115 2.345271 1.339434 1.585776 1.342590 1.499011 2.020270 1.272683 3.975685 2.331277 2.242977 3.608578 1.866988 1.606269 1.744357 2.021569 1.769777 1.675378 1.586107 3.146351 3.437646 2.333564 1.753760 2.194396 2.167713 2.139785 1.558628 2.563325 2.762541 1.580226 1.664346 2.549288 1.945087 2.169255 2.525502 1.001652 1.381197 1.171416 1.552126 1.591306 1.339034 1.443549 1.088650 1.538057 1.351854 1.384304 1.507820 1.966511 1.818340 1.281728 1.656580 0.970439 1.010724 1.521019 1.314858 1.481254 1.546596 1.235173 1.619917 1.680659 1.344462 1.810086 1.476685 1.472926 1.818634 1.053301 1.629053 1.519183 2.854683 2.324565 1.370916 2.811887 2.020797 2.114079 1.852473 2.237508 2.216164 2.394971 2.620511 1.885817 1.674118 2.437724 1.382118 1.302933 2.200753 1.999354 1.631294 1.585516 1.098340 1.293047 1.490518 1.116075 1.447295 0.939322 2.150634 1.911473 1.835910 1.310196 1.500889 1.054788 1.014044 
2.103574 2.040158 1.438900 2.067405 1.952153 2.779724 2.689432 3.188617 0.928560 1.473209 1.164255 1.419204 1.709294 1.626543 0.528774 1.328789 0.000000 1.314971 0.575479 1.871828 2.010244 1.363743 1.785516 2.847729 3.288221 3.558484 3.267547 3.296642 2.663152 3.556879 3.175731 2.891438 2.811820 2.882395 2.834661 3.051334 3.246744 2.588933 2.762498 3.504337 3.208743 1.923348 1.758610 2.150921 2.282667 2.383152 1.931359 1.727946 2.801188 2.046652 2.040845 1.579181 4.977937 3.259374 5.022591 4.289295 1.885716 4.258569 3.702849 2.248172 4.351215 3.603748 4.480919 4.430794 2.102675 2.157317 1.470751 1.775652 1.229777 1.201232 2.640590 2.914547 2.949324 2.642210 3.314511 2.784748 2.306549 2.385757 2.144048 2.227696 2.409371 2.694380 3.945429 1.752095 2.320685 2.204628 3.245318 4.444283 3.653549 1.997968 1.832176 2.966711 1.449909 1.455532 2.692320 1.776186 2.279566 2.217060 2.212483 2.178520 2.526681 2.263268 2.606070 3.083653 2.463712 2.664574 1.640329 3.199063 1.654368 2.105886 2.024507 1.653510 2.041554 1.443831 1.539622 1.488083 1.479028 1.162013 1.567251 1.288609 1.429115 1.643931 1.309214 1.602287 1.642659 1.527112 1.129716 1.287292 1.743018 1.437415 1.147176 0.818874 1.653647 1.490865 1.150665 1.280630 1.812399 1.659449 1.293096 1.085958 1.429108 1.882933 2.053134 1.275411 1.486072 2.569202 1.523126 2.143526 3.258239 2.155420 3.082174 3.593908 1.239220 1.548434 2.133268 3.002894 1.918971 1.367997 2.259935 2.554589 2.380590 1.775730 1.282748 1.387499 1.665657 1.814924 1.491306 2.359820 1.712270 2.237720 2.781837 3.738181 3.264503 3.177552 3.603284 1.724788 1.672796 2.109581 2.574998 2.343540 1.871139 2.302877 2.258240 2.471895 2.026703 2.382645 1.047991 1.722914 1.500467 0.894189 1.815496 1.789695 1.295654 2.373241 1.793649 2.090135 2.143547 1.922578 1.855234 2.113660 1.871880 1.827016 2.188079 1.802802 1.958859 1.873396 2.012353 2.149464 1.825137 1.574281 1.237782 2.320710 2.237496 1.481916 1.246721 1.690639 2.056354 1.874407 2.132558 1.898117 2.032074 2.131537 1.365050 2.331088 2.830975 2.395228 2.220489 1.846597 0.897368 1.908398 2.320921 1.804259 1.601138 1.717373 1.721840 1.539900 1.769644 1.328164 1.254839 1.340229 1.377375 
1.905165 2.189675 1.743768 2.203681 1.932779 3.064084 2.933954 3.393088 1.776593 1.121064 2.139791 0.562529 2.325110 2.434783 1.458231 2.041111 1.314971 0.000000 1.455439 2.603769 2.699040 1.515365 2.567458 3.459483 3.841281 4.170238 3.915571 4.090215 3.237809 4.296474 3.763018 3.338036 3.580418 3.585649 3.423858 3.772802 3.858498 2.988740 3.379434 4.019246 3.820498 2.321621 2.098986 2.365695 3.159429 3.283444 2.697231 2.265410 3.412942 2.840224 2.652600 2.135783 5.197560 3.958498 4.878578 4.564473 2.250092 4.296374 4.083502 2.414876 4.329728 3.990037 4.766460 4.473780 2.676059 2.637724 2.015386 2.232529 1.054517 1.463451 2.973003 3.330042 3.361520 3.024432 3.942927 2.989219 2.718745 2.731899 2.905452 2.540119 2.580045 2.879119 4.271544 2.444579 3.061954 2.857854 3.729274 5.101557 4.333241 2.916292 2.443261 3.941652 2.492182 1.852679 3.225798 2.347414 2.986444 2.872741 2.554361 2.671349 3.106772 3.028919 3.316165 3.736442 2.678246 3.380637 1.896823 3.545522 2.169423 2.830003 2.587024 1.892807 2.233080 1.974022 1.445497 1.906658 1.881141 1.933032 1.829719 1.825363 2.167312 2.547054 1.924181 2.614617 2.286599 2.595726 2.094409 2.250621 2.888461 2.414742 1.967847 1.806577 2.042981 2.177110 2.156246 2.177920 2.965466 2.686652 1.955860 2.062911 2.485954 2.362748 2.849707 2.075162 2.426072 2.788824 1.925056 2.477124 3.994933 2.243762 3.470064 4.604026 2.298117 2.615908 2.678207 3.450749 2.630788 1.764240 3.239614 3.575438 2.929686 2.352812 2.243970 1.325863 2.107563 2.541189 1.812993 3.089928 2.063515 3.215498 3.380261 3.843477 3.791087 3.498656 3.699988 2.314315 2.060186 2.676916 3.036912 2.688430 2.869883 3.121755 2.954713 3.092900 2.742167 2.718785 1.984650 2.634693 1.883032 1.375981 2.511457 2.236390 2.232792 2.702803 2.745060 2.528238 2.562834 2.308867 2.236017 2.357894 2.388839 2.099818 2.419285 2.447963 2.483509 2.554362 2.543010 2.817413 1.553481 1.789028 1.962300 2.430060 2.110479 1.756652 1.315651 2.245326 2.897695 2.425825 2.449240 2.601085 2.299139 2.548217 1.943896 3.159065 3.010797 2.859204 2.816240 2.669759 1.736224 2.557379 2.742993 2.614494 1.673091 2.121211 1.268314 2.546210 2.349582 2.140326 2.038119 2.253256 2.348350 
