241 241
0.000000 0.776024 1.245645 0.808602 2.005458 1.849027 1.927956 1.927730 2.077341 1.959488 2.022317 1.501382 2.244180 2.686718 2.350849 2.631314 1.412683 1.699963 1.338230 1.648487 2.291085 2.609584 1.129517 2.374012 2.381130 3.105173 3.199623 3.340522 3.498550 3.469562 2.992275 3.376771 2.901420 3.124806 3.039646 2.896936 3.174908 3.569339 3.104067 3.036275 3.538512 3.421133 3.239425 3.584390 2.064364 2.369514 2.317149 2.223697 2.220643 2.285420 2.899698 2.628401 2.489782 1.766857 2.079272 2.935243 2.118089 2.042028 2.400914 3.013956 2.217402 3.785445 3.036794 3.661106 3.368090 2.927076 3.068777 3.432437 3.312055 2.479530 3.063943 3.395521 3.136628 1.553786 1.712296 2.077069 2.551714 2.655551 1.632420 2.193231 2.553955 2.872492 1.440526 1.638439 1.992385 1.821941 1.381970 3.901180 4.379535 2.460262 2.828432 2.811528 2.962537 4.601053 3.610323 3.700524 2.485761 3.599796 1.886911 2.007143 2.029741 2.503787 2.201175 2.480866 2.403482 2.327860 2.386640 2.849635 2.149104 2.561269 1.322123 2.220465 1.357996 1.277329 1.261649 1.158093 1.308029 1.196575 2.344808 2.286071 2.274683 2.599076 1.973139 2.543925 2.214997 2.443331 2.660512 2.271331 2.200724 2.568870 2.223174 2.439382 2.068436 2.436246 2.466369 2.974610 2.154207 2.320271 2.555046 2.374027 2.240304 2.017743 2.585627 2.407587 2.484376 2.735257 2.212045 1.877143 2.284319 1.913156 3.193634 3.443279 2.291609 2.172188 2.536782 2.128722 1.918478 2.124232 3.599157 2.883815 2.422123 1.866532 1.789064 1.543868 2.374480 2.260407 2.747748 1.705761 2.243321 2.570925 2.351044 2.403866 2.293912 2.358002 2.593714 2.571869 2.840538 1.362196 1.837589 1.676318 1.598392 1.786534 1.948410 1.707112 1.965584 1.739163 0.906041 1.409152 1.398337 2.594488 4.971339 1.649222 1.480073 1.624667 1.916638 1.223962 1.283726 1.169946 1.220409 1.761769 1.568861 0.887446 1.177836 1.051666 1.568955 1.035998 1.334276 1.269181 1.386780 1.255240 1.493110 1.526668 1.680263 1.320528 1.940223 1.907311 1.097247 1.067793 1.875975 1.903855 1.785699 2.341838 2.450433 1.295621 1.680938 1.772839 2.061567 1.788628 0.978085 2.196324 2.319269 2.068968 1.044736 0.994038 1.750132 1.713187 1.299340 1.599668 1.049218 2.544108 2.800542 
0.776024 0.000000 0.807501 0.589567 1.639561 1.471440 1.765826 1.600127 1.674625 1.597580 1.575450 1.299514 1.733968 2.155335 1.905824 2.172447 0.926630 1.376798 1.344928 1.362135 1.903626 2.252337 0.874613 1.974230 1.962822 3.415993 3.254933 3.571740 3.226686 3.121967 2.770503 3.101212 2.682863 2.683297 2.779304 2.849584 2.864784 3.294496 2.964956 2.812947 3.533366 3.219624 2.849855 3.606485 1.744272 1.971542 1.657613 2.062484 2.196212 2.102527 2.433256 2.144330 2.040093 2.134236 1.839138 2.630116 2.012187 1.665973 2.205211 2.960668 2.116248 3.502934 2.690253 3.536885 3.159392 2.767705 2.822418 3.274460 3.162132 1.947685 2.871732 3.055007 2.908764 1.419510 1.277231 1.933128 2.334556 2.433377 1.376707 1.938493 2.145173 2.420452 1.460137 1.424409 1.420494 1.306342 1.193728 3.647529 4.030088 2.239456 2.466142 2.448017 2.603549 4.224606 3.237872 3.319331 2.243854 3.238840 1.649323 2.087642 1.970400 2.013998 2.120009 1.960104 1.955344 1.807099 2.326837 2.273403 2.068388 2.485967 0.889840 1.738566 0.934498 0.813266 0.876615 0.847524 0.978249 0.885687 1.891931 2.036381 1.792266 2.113023 1.754795 2.124481 1.975865 1.895525 2.174459 1.773652 1.644675 2.057259 2.043923 2.215147 1.614304 2.025063 2.242134 2.603641 1.668154 1.932400 2.175966 1.924065 1.834064 1.637272 2.097769 2.005170 1.993345 2.402441 1.842355 1.706941 1.934319 1.514552 2.892203 3.321377 1.805556 1.682520 2.385274 1.671571 1.700554 1.625302 3.138558 2.968671 2.131192 1.353923 1.349755 1.168346 2.036450 1.853606 2.310475 1.386764 1.949793 2.178491 1.916299 2.280343 1.841813 2.148762 2.288848 2.312178 2.327448 0.994088 1.504986 1.217741 1.315509 1.268524 1.461471 1.259542 1.444732 1.255608 0.961369 1.010477 1.272155 2.218379 4.647216 1.216069 1.098144 1.493448 1.382753 1.023495 1.044641 0.901193 1.047449 1.535788 1.296758 0.677905 1.151914 0.514749 1.038473 0.781256 1.070023 0.975741 0.936740 0.929202 0.969392 1.069447 1.369493 1.063798 1.415884 1.424784 0.827175 0.904306 1.273760 1.454166 1.260062 1.951413 2.281547 0.901541 1.178685 1.529099 1.751499 1.551771 0.769310 1.867155 2.046545 1.694327 0.934640 0.932149 1.386971 1.240343 0.954357 1.287413 1.014109 2.192600 2.406368 
1.245645 0.807501 0.000000 0.720956 2.181130 1.862438 2.067389 1.975191 1.983023 1.710826 1.622029 1.224470 1.690183 1.818753 1.718113 1.798663 1.067479 1.560668 1.515595 1.623789 2.364926 2.729219 1.416384 2.244904 2.257886 3.892875 3.716233 4.033040 3.687986 3.583266 3.247385 3.562511 3.144163 3.151869 3.240603 3.326467 3.326083 3.763069 3.521839 3.274247 3.994666 3.680924 3.311155 4.067784 2.077191 2.232861 1.801465 2.295409 2.364431 2.314126 2.083863 2.214182 1.883793 2.634559 2.301578 3.135730 2.483226 2.127273 2.355306 3.358087 2.568740 3.430850 2.835757 3.886876 3.252283 2.914244 3.081478 3.377783 3.301854 2.480017 2.975275 3.130863 3.213377 1.313619 1.156632 1.141210 2.891438 2.983311 1.723849 2.080289 2.606473 2.916616 1.744177 1.375870 1.722165 1.807883 0.921012 4.135446 4.518004 2.614520 2.692240 2.572298 3.080431 4.620361 3.284451 3.484394 2.618918 3.795722 2.094943 2.160997 2.154201 2.053526 2.425662 2.141261 2.302678 2.164408 2.668066 2.354857 2.489617 2.855764 1.144555 2.001914 1.066545 0.955022 0.720992 1.048251 1.284348 0.904403 2.043274 2.128241 1.559362 1.814692 2.121492 2.553004 2.149037 1.738259 2.229463 1.842282 1.984791 2.243188 2.374968 2.261794 2.042826 2.239123 2.489872 2.630151 2.054086 2.223593 2.309345 2.345315 2.255314 2.019609 2.082655 2.019515 2.188386 2.515686 1.642740 1.801007 2.004172 1.099595 3.438956 2.973345 1.836938 2.077153 2.474129 1.821126 1.608280 1.321366 2.789165 2.812130 1.764681 1.197186 1.087042 0.895618 2.001364 1.702748 1.943964 1.159647 1.757828 1.811980 1.970151 2.768181 2.313697 2.645701 2.750148 2.780751 2.808298 1.107334 1.549053 1.759041 1.651487 1.303222 1.580907 1.540327 1.933344 1.721469 1.379798 1.574632 1.713933 1.824560 4.627326 1.567137 1.326541 1.545280 1.649776 1.262997 1.094838 1.035115 1.267859 1.561683 1.255592 0.789157 1.283061 0.905351 1.311387 0.764077 1.236085 1.032983 1.239077 1.100222 1.037436 1.554991 1.629967 0.763771 1.461766 1.111307 0.800295 0.978862 0.922675 1.035807 1.421858 2.064659 2.219882 0.976750 1.276812 1.127718 1.266867 1.713516 0.736743 1.956010 2.251494 1.807573 1.304170 1.265213 1.613070 1.235764 0.986840 1.422544 1.497681 2.286843 2.059407 
0.808602 0.589567 0.720956 0.000000 1.602375 1.318806 1.636915 1.653132 1.719224 1.517734 1.569537 1.092760 1.853134 2.161252 1.855540 2.120258 1.028892 1.483538 1.288482 1.475699 1.852607 2.105824 0.803253 1.825727 1.888413 3.269480 3.137248 3.454055 3.121056 3.048432 2.629444 3.002913 2.565177 2.576520 2.661618 2.703071 2.753778 3.188209 2.902080 2.695262 3.415681 3.101939 2.732169 3.488799 1.649436 1.825041 1.733501 1.782718 2.070413 2.079953 2.375644 2.139298 1.982481 2.011164 1.767233 2.601385 1.940999 1.570510 1.913729 2.734692 1.945345 3.170200 2.499969 3.460980 2.970499 2.400712 2.556407 2.922195 2.801219 1.945672 2.602074 2.864998 2.657969 1.285915 1.258827 1.596809 2.294338 2.448966 1.275615 1.791473 2.027487 2.382271 1.351171 1.132850 1.525194 1.273538 0.874013 3.668881 4.056326 2.177179 2.426718 2.529128 2.527939 4.290091 3.222998 3.195824 2.221785 3.222571 1.574697 1.851374 1.815773 1.875290 1.958115 1.845214 1.777557 1.692208 2.050259 2.199320 1.920591 2.327007 1.052797 1.746545 1.058298 0.927917 0.818164 0.822547 0.980702 0.862877 1.997381 2.047735 1.810892 2.135286 1.860381 2.275836 2.027578 1.964878 2.276721 1.872878 1.903563 2.165597 2.143390 2.317410 1.757349 2.124530 2.344396 2.697377 1.770416 2.023753 2.345684 2.070213 1.947628 1.650634 2.142242 2.103797 2.099981 2.255928 1.864743 1.343511 1.907927 1.380400 2.966443 3.354176 1.758853 1.701361 2.116810 1.569464 1.698426 1.576813 3.080946 3.060024 1.962538 1.319113 1.423463 1.240078 2.066952 1.963982 2.214992 1.289368 1.770230 2.036058 1.891806 2.380813 1.735037 2.259636 2.187129 2.205402 2.277590 0.978678 1.471670 1.228587 1.361827 1.304798 1.407684 1.221988 1.469302 1.187124 1.139027 1.043762 1.450887 2.406189 4.915680 1.420232 1.074818 1.512502 1.612958 1.042303 1.018225 0.923637 0.974562 1.174945 1.168494 0.722646 1.026621 0.702846 1.119013 0.698675 1.097251 1.168249 0.927111 1.081269 1.076745 1.295581 1.442028 1.113709 1.479017 1.370808 1.110068 0.799248 1.397521 1.465519 1.398280 1.829664 1.787362 1.103064 1.220885 1.750351 1.710566 1.636329 0.743569 1.698696 1.810731 1.589522 0.901510 0.974295 1.353868 1.277681 0.904859 1.386880 1.208774 2.214988 2.301904 
2.005458 1.639561 2.181130 1.602375 0.000000 0.586565 0.440693 1.744727 2.338339 2.452721 2.193803 2.224397 2.724602 3.068780 2.863538 3.221477 2.018728 2.320639 2.347370 2.069121 1.532982 1.518375 1.666248 2.032629 1.453839 2.303953 2.527851 2.403632 2.362163 2.116778 2.027960 2.334578 1.680284 2.607094 1.897854 2.528262 1.918094 2.266407 2.063042 2.283815 2.189307 2.157110 2.101079 2.405560 2.753334 2.935320 2.698920 3.050580 2.983680 2.814323 3.487311 3.260951 2.953691 2.115238 1.924167 1.338646 1.782098 2.007602 1.105186 1.500799 1.402474 2.257172 1.531952 2.329997 1.943735 1.541994 1.517397 2.052794 1.987842 1.420620 1.450199 1.816867 1.663550 2.366133 2.440291 3.013387 0.975014 1.027181 0.860974 0.916755 0.746655 0.922268 1.384770 1.527242 1.214548 1.185773 1.955097 2.107398 2.611908 0.981741 0.988123 1.272618 1.124165 2.758719 1.762109 1.895849 0.894948 1.796139 2.486685 3.062876 2.834703 3.011050 3.057524 2.669632 2.998483 2.640658 3.264143 3.303182 2.971628 3.481745 1.634135 1.485535 1.421417 1.689739 1.999560 1.657796 1.274991 1.648138 2.772524 2.927592 2.929508 3.131950 2.719050 2.985706 2.872345 2.879153 3.120215 2.712136 2.675429 2.768671 2.944695 3.160904 2.180446 2.892021 3.187890 3.514313 2.687081 2.859974 3.085750 2.553311 2.558023 2.275802 3.013343 2.947290 2.930068 1.660130 2.664601 1.513587 2.976077 2.580391 1.519613 4.212224 2.682347 2.244241 2.306934 2.792402 2.508755 2.515574 4.014285 3.859882 3.227495 2.255104 2.318342 2.303084 2.844432 2.664311 3.406778 2.413572 2.995187 3.332643 2.017208 1.153052 0.788515 1.003012 0.861366 0.926467 0.934394 1.310573 1.527064 1.140624 1.463588 1.720338 1.612161 1.140146 1.139229 1.128960 1.695319 1.863950 1.545394 3.477960 6.036800 1.066662 1.734654 1.679082 1.306876 1.325206 1.820008 1.653175 1.388855 2.073965 1.546231 1.856532 1.750390 1.639772 1.512470 1.838350 1.447400 1.527488 1.149439 1.524604 1.436455 1.245804 1.866211 2.347291 2.292675 2.513814 2.039088 1.747445 2.358784 2.436729 2.181982 1.216323 1.207982 2.012125 1.585097 2.669273 2.990896 1.903578 1.929058 1.754581 0.837602 1.516935 1.351720 1.795094 2.137730 2.021354 1.660850 1.985371 1.768805 3.014845 3.507070 
1.849027 1.471440 1.862438 1.318806 0.586565 0.000000 0.675885 1.664844 2.267731 2.253333 2.091976 2.100470 2.614261 2.738992 2.526219 2.887794 1.899339 2.201251 2.188143 2.058202 1.114636 1.071909 1.369122 1.590483 1.050879 2.289145 2.248295 2.309644 2.171339 2.043221 1.806340 2.143754 1.594293 2.066728 1.717939 2.214437 1.762569 2.173144 2.010651 1.997028 2.132228 2.025975 1.921164 2.274425 2.324079 2.598001 2.294102 2.688134 2.543112 2.493538 3.142395 2.960466 2.640762 1.756012 1.434006 1.327023 1.431815 1.589255 1.025816 1.587525 1.193284 2.275363 1.548519 2.547709 1.974822 1.532706 1.536407 2.269141 1.981595 1.031544 1.518441 1.825667 1.650030 2.224523 2.240903 2.785070 1.115351 1.154550 0.472284 0.752856 0.806036 1.201396 0.924759 1.032613 0.977815 0.807776 1.449614 2.647303 2.965363 1.170265 1.322019 1.536680 1.572741 3.158572 2.175271 2.156276 1.194586 2.191740 2.112801 2.533419 2.397182 2.470684 2.689094 2.129266 2.482554 2.100291 2.803831 2.804588 2.603197 2.976726 1.260686 1.181554 1.125441 1.532819 1.736725 1.566878 1.238215 1.331279 2.729943 2.836674 2.730120 2.956952 2.672833 2.963879 2.732772 2.751191 3.098388 2.690308 2.580479 2.677452 2.922868 3.139077 2.158619 2.870194 3.166063 3.492486 2.592083 2.838147 3.099269 2.531094 2.536196 2.209530 2.887125 2.925463 2.908241 1.324306 2.515751 1.025319 2.729667 2.210477 1.924927 3.915877 2.580520 2.050478 1.899053 2.363147 2.224825 2.251425 3.750137 3.848964 2.890176 1.990955 2.156864 2.183696 2.753639 2.642484 3.069459 2.159889 2.665141 2.937474 1.704279 1.187098 0.677356 0.990932 0.887711 0.960131 0.997159 1.122370 1.376456 0.785008 1.174796 1.384993 1.226303 0.801367 0.758802 0.713552 1.580479 1.744562 1.558914 3.256764 5.901276 0.669748 1.431357 1.311993 1.228460 1.110514 1.416566 1.292501 1.160937 1.828018 1.079274 1.532646 1.484471 1.258785 1.245584 1.485669 1.201509 1.306291 0.998984 1.405552 1.191477 1.243247 1.793007 2.032739 2.201882 2.176495 1.897891 1.584329 2.183834 2.261731 2.115627 0.909898 0.982639 1.668445 1.507707 2.636595 2.607378 1.739537 1.661249 1.372818 0.683742 1.363405 1.162373 1.727068 1.938342 1.909641 1.521152 1.963543 1.627656 3.003927 3.194188 
1.927956 1.765826 2.067389 1.636915 0.440693 0.675885 0.000000 2.032955 2.663994 2.698377 2.463849 2.368970 3.051232 3.300864 3.109194 3.467133 2.344383 2.646295 2.593136 2.419167 1.768703 1.564031 1.775908 2.234814 1.700469 2.251060 2.487208 2.351713 2.397517 2.178138 1.987317 2.369932 1.762250 2.653724 1.845935 2.645342 1.866176 2.326151 2.178396 2.419333 2.137389 2.233272 2.225322 2.353641 2.999964 3.180976 2.951903 3.297210 3.120815 2.998070 3.733941 3.587581 3.199347 2.218583 1.972412 1.510051 1.941455 2.243322 1.050425 1.555928 1.433584 2.104118 1.282297 2.225112 1.691067 1.312057 1.357990 1.816484 1.750120 1.473604 1.272894 1.641023 1.590548 2.669567 2.685947 2.990688 1.195909 1.160805 0.825404 0.611203 0.976440 1.018205 1.036327 1.251406 1.491922 1.260979 1.775550 2.419993 2.798698 1.328494 1.214638 1.693810 1.443613 3.137318 2.075108 2.101253 1.303923 2.190202 2.635537 3.066678 2.793086 3.124346 3.183180 2.716262 3.073689 2.687288 3.310772 3.462389 3.097283 3.447456 1.475091 1.538519 1.277230 1.770809 2.098731 1.887842 1.602815 1.649151 3.098179 3.197638 3.175164 3.377606 3.044706 3.335752 3.198001 3.129370 3.470261 3.062182 3.007439 3.046044 3.294741 3.510950 2.530492 3.242067 3.537936 3.864359 3.012736 3.210020 3.354877 2.904331 2.908069 2.581403 3.258998 3.297336 3.280114 1.861342 2.952828 1.413099 3.269006 2.793452 1.942676 4.402325 2.952393 2.515261 2.486897 3.039032 2.759061 2.761230 4.259941 4.122655 3.473151 2.500759 2.585816 2.628740 3.194478 3.015136 3.652434 2.739227 3.240843 3.579273 2.262864 0.993259 0.816673 0.849712 0.855846 1.007563 1.059421 1.546293 1.772720 1.415574 1.484242 1.966968 1.847262 1.323747 1.392213 1.375589 1.867711 2.189606 1.814522 3.472799 6.006373 0.906573 1.948557 1.667015 1.664250 1.197666 1.645642 1.541285 1.126710 2.062983 1.205060 1.724904 1.534306 1.686037 1.765454 1.717771 1.358636 1.515722 1.330616 1.577067 1.628032 1.597036 2.198075 2.314648 2.642721 2.759470 2.093688 2.029372 2.610794 2.682385 2.538382 1.419702 1.118955 2.051062 1.861497 2.656561 2.848751 2.068315 1.787699 1.955792 0.881213 1.783344 1.402622 2.024295 2.383386 2.274337 1.899233 2.335417 1.797164 3.364891 3.759079 
1.927730 1.600127 1.975191 1.653132 1.744727 1.664844 2.032955 0.000000 0.826164 0.898766 0.630891 1.578494 1.191297 1.456037 1.495404 1.670947 1.299436 0.827546 1.504647 0.685350 0.962910 1.277542 1.027252 1.001490 0.890250 2.220643 2.255633 2.396313 2.225055 1.932400 1.841900 2.130687 1.769248 1.928693 1.760929 1.809331 1.859104 2.140000 1.965002 1.763762 2.286896 2.055726 1.805222 2.384405 1.377326 1.500896 1.179479 1.741239 1.430703 1.150234 1.885041 1.847831 1.573306 1.419305 0.997822 1.601152 0.938133 0.945106 1.854242 2.671315 1.656274 3.751116 3.207714 4.056315 3.379426 3.141916 3.163996 3.687720 3.635419 1.724126 2.799777 3.308692 3.310149 1.414223 1.253466 1.862667 1.978503 1.912338 1.673040 2.165187 1.831243 2.102924 1.863605 1.575704 0.882033 1.223417 1.759111 3.045628 3.553624 1.101040 1.459031 1.222842 1.334206 3.368398 2.590047 3.072758 1.214531 2.569551 1.357825 1.821964 1.373617 1.659426 1.821788 1.434883 1.718304 1.331317 1.954802 1.836298 1.581648 2.139749 1.491923 1.318731 1.369533 1.354942 1.759812 1.198299 1.003163 1.453760 1.158580 1.495467 1.520693 1.518007 1.286925 1.553581 1.371254 1.307188 1.506271 1.098192 1.090648 1.264528 1.512570 1.728778 0.873544 1.278077 1.755765 1.900370 1.317869 1.427849 1.439150 1.203780 1.125898 0.772969 1.399399 1.333347 1.392283 1.320798 1.276462 1.600681 1.442259 1.953513 2.101843 2.577298 1.068403 0.911836 1.936348 1.453300 1.318727 1.318435 2.331376 2.184120 1.769591 1.160252 1.501709 1.673044 1.550233 1.788790 2.006070 1.401402 1.597890 2.115585 1.386090 2.747552 1.792229 2.619882 2.116573 2.234606 2.414464 0.968264 1.102525 1.307733 1.478417 1.123727 1.367697 1.050713 1.396713 1.405251 1.403123 0.882630 1.139695 3.177371 6.027830 1.721696 0.832712 1.362039 0.949442 1.355136 1.624818 1.475370 1.244479 1.528693 1.638420 1.670117 1.430128 1.439787 1.020839 1.729511 1.456704 1.313786 0.885072 1.252843 1.073904 1.082565 0.748358 1.977736 1.182123 1.368373 1.738498 1.535744 1.796449 1.915778 1.799401 1.236475 2.091187 1.581002 1.003715 2.427321 2.678996 1.053691 1.739580 1.099974 1.533700 0.698146 1.296741 1.676323 0.937143 0.926276 1.161741 1.191542 1.768085 1.783077 2.044140 
2.077341 1.674625 1.983023 1.719224 2.338339 2.267731 2.663994 0.826164 0.000000 0.472236 0.581686 1.274067 0.987609 1.290512 1.305299 1.311830 1.119180 0.626922 1.479856 0.595380 1.304260 1.584236 1.270755 1.132943 1.216851 2.506648 2.455622 2.759767 2.489667 2.315846 2.327600 2.392278 2.203281 1.952519 2.172208 2.007864 2.135822 2.462895 2.408039 1.942636 2.627213 2.352572 2.085088 2.750674 1.230083 1.211676 0.884988 1.540721 1.385225 1.229791 1.561231 1.614279 0.888216 1.803542 1.409910 2.132960 1.312309 1.205976 2.363666 3.252898 2.178998 4.361275 3.799692 4.597509 3.975881 3.752213 3.720771 4.086517 4.245579 2.311593 3.319482 3.900670 3.888657 1.253326 1.109771 1.876274 2.490041 2.547431 2.249254 2.692003 2.343064 2.604517 2.522113 2.058859 1.463397 1.739156 2.113831 3.669849 4.070772 1.593295 1.865337 1.465444 1.614538 4.007649 3.182725 3.717153 1.686733 3.053145 1.186734 1.750360 1.183691 1.459660 1.425133 1.265425 1.610813 1.167781 1.742384 1.728807 1.323229 2.130439 1.879047 1.712157 1.714095 1.451663 1.901245 1.317369 1.361431 1.557497 0.738985 1.160228 0.912978 1.060650 0.884041 1.287071 1.104781 1.064065 1.140383 0.780209 0.836667 1.059897 1.018933 1.279022 0.639746 0.785454 1.229890 1.341888 0.951546 1.092024 1.166856 0.999933 0.814843 0.475577 0.856166 0.874748 1.099993 1.600215 1.202989 2.171097 1.083651 1.838261 2.676020 2.483436 0.725794 0.750087 2.430582 1.170368 1.274638 1.380003 1.903418 1.667378 1.218530 1.162810 1.517402 1.489683 1.458932 1.720730 1.714728 1.512463 1.291901 1.754894 1.784392 3.324984 2.359350 3.197314 2.777524 2.756272 2.991896 1.422524 1.461808 1.868851 1.933497 1.394525 1.813922 1.694829 1.960478 1.977679 1.609323 0.708337 1.556111 2.834451 6.039998 2.237436 0.938228 1.968688 1.344170 1.793611 1.939786 1.660296 1.684288 1.431507 2.199514 1.715219 1.522290 1.609110 1.480096 1.758783 1.936334 1.635807 1.430101 1.613270 1.521854 1.487092 1.005369 1.653919 0.991445 1.232414 1.609290 1.423246 1.688547 1.717648 1.880145 1.806362 2.417797 1.536061 1.335788 2.490399 2.531649 1.493948 1.726117 1.303073 2.069244 1.235824 1.690405 1.795452 0.671041 0.861522 1.104565 0.923412 1.988553 1.160663 1.466642 
1.959488 1.597580 1.710826 1.517734 2.452721 2.253333 2.698377 0.898766 0.472236 0.000000 0.513742 1.549982 1.132040 1.148199 1.134300 1.062789 1.269362 0.762896 1.364121 0.761752 1.289863 1.472277 1.177292 0.968032 1.202454 2.541031 2.440689 2.705757 2.333924 2.261300 2.270287 2.215781 2.237664 1.739431 2.157811 2.005524 2.120889 2.404713 2.332227 1.888090 2.572667 2.298026 1.932981 2.696128 0.950940 0.978983 0.887978 1.250303 1.210101 1.158515 1.272577 1.563053 1.115706 1.747193 1.417153 2.054560 1.339138 1.129573 2.228783 3.165330 2.042649 4.224927 3.687733 4.541160 3.863922 3.615864 3.633202 3.950169 4.109230 2.297196 3.329475 3.788712 3.752308 1.020784 0.808933 1.607714 2.482473 2.588643 2.283637 2.653216 2.304277 2.638900 2.538935 2.044461 1.586669 1.627198 1.775240 3.784232 4.111984 1.707678 1.899720 1.398009 1.584917 4.122031 3.146401 3.773758 1.814475 3.094357 1.117661 1.552507 1.038740 1.236882 1.467740 1.159122 1.320395 0.997475 1.475804 1.438389 1.141372 1.843658 1.742698 1.669733 1.538633 1.243867 1.521573 1.290247 1.475814 1.289949 0.858490 1.199734 0.896435 0.845867 0.938486 1.402940 1.224286 0.851449 1.256252 0.896078 0.814167 1.118317 1.190899 1.405807 0.836678 0.931709 1.398317 1.379286 1.043025 1.211530 1.286362 1.178821 0.912455 0.528751 0.787350 0.996157 1.215862 1.330829 1.229605 2.034748 1.063868 1.662480 2.834847 2.348367 0.761664 0.847562 2.112415 1.032842 1.263582 1.278538 1.794802 1.928491 1.011006 1.287608 1.446457 1.276372 1.455724 1.770487 1.605207 1.235014 1.180233 1.527142 1.720041 3.414977 2.390097 3.207307 2.787517 2.787019 2.973862 1.226308 1.314372 1.885673 1.966687 1.402645 1.614070 1.729212 1.966834 1.865720 1.807930 0.773013 1.826050 2.847041 6.244796 2.149868 1.083393 1.674911 1.591886 1.824357 1.642373 1.492437 1.798671 1.601076 1.950881 1.593795 1.732267 1.533208 1.368138 1.375475 1.967080 1.615901 1.460847 1.484420 1.463307 1.753394 1.208312 1.573990 1.196243 0.939554 1.762199 1.407770 1.582746 1.723940 2.084943 1.658927 2.333649 1.356599 1.251054 2.517015 2.485524 1.200171 1.374332 1.006332 2.054846 1.088388 1.731617 1.892775 0.713027 0.752847 1.089348 1.285394 1.993385 1.462403 1.332196 
2.022317 1.575450 1.622029 1.569537 2.193803 2.091976 2.463849 0.630891 0.581686 0.513742 0.000000 1.573406 0.907368 0.994941 1.061243 1.250972 1.235762 0.691539 1.573903 0.632187 1.240076 1.533084 1.190804 1.231383 1.127416 2.548718 2.519686 2.724388 2.454948 2.187343 2.252203 2.316437 1.983088 2.012082 2.079578 1.942122 2.187179 2.357172 2.316073 1.881831 2.602250 2.312899 2.040690 2.699759 1.179332 1.379389 0.862014 1.543245 1.333712 1.069295 1.379168 1.604917 1.323914 1.929774 1.233369 1.883264 1.212399 1.137450 2.283870 3.122760 2.158752 4.185520 3.623936 4.501754 3.845417 3.618817 3.600897 4.081233 4.069824 2.135838 3.276800 3.724915 3.728868 1.301660 0.994641 1.657579 2.461898 2.451675 2.113577 2.569360 2.246325 2.404372 2.442324 1.939338 1.190081 1.563401 1.766387 3.557633 4.063500 1.640007 1.672009 1.353371 1.551627 3.911893 2.760941 3.492617 1.778842 2.971712 1.274371 1.734873 1.337559 1.488698 1.774821 1.384917 1.521451 1.144599 1.767717 1.639444 1.536504 2.041077 1.703292 1.536402 1.356522 1.093786 1.556217 1.193319 1.299468 1.308102 0.918410 1.133790 1.184154 1.031372 1.106553 1.235540 1.181869 0.829308 1.188231 0.780151 0.885155 0.884249 1.205438 1.410737 0.753383 0.960037 1.437724 1.437278 0.997576 1.109808 1.220432 0.905071 0.900673 0.599537 0.868321 1.015306 1.023210 1.412832 1.010370 2.016358 1.311055 1.639899 2.511377 2.114695 0.670363 0.655202 2.112761 1.201361 1.267240 1.084131 1.876536 1.964261 1.320199 1.063322 1.266599 1.538663 1.413815 1.421263 1.727322 1.365078 1.377491 1.615160 1.473288 3.229229 2.192766 3.021559 2.615291 2.635143 2.816141 1.064951 1.328765 1.774725 1.805661 1.012561 1.456349 1.470294 1.784723 1.801923 1.584490 0.929215 1.476157 2.829657 5.843262 2.061681 0.772098 1.611115 1.150854 1.576013 1.582213 1.312749 1.679863 1.634554 1.853997 1.633795 1.808718 1.429935 1.304341 1.464098 1.788275 1.335854 1.216643 1.220419 1.066719 1.296113 0.955432 1.698988 0.912072 1.081088 1.697047 1.607344 1.449875 1.570079 1.734831 1.404733 2.542757 1.404051 0.979709 2.167637 2.349215 1.136375 1.525199 1.220900 1.996179 0.893358 1.704701 1.702602 0.834261 0.476138 0.869324 1.138093 2.052150 1.514121 1.595888 
1.501382 1.299514 1.224470 1.092760 2.224397 2.100470 2.368970 1.578494 1.274067 1.549982 1.573406 0.000000 1.444762 2.039776 1.695410 2.013367 0.654379 1.091299 0.759498 0.963442 2.019945 2.382634 1.028665 2.212563 2.099080 3.394039 3.344092 3.639719 3.447099 3.261305 2.844617 3.349710 2.776798 2.895026 2.884870 2.850654 2.966650 3.444717 3.032971 2.906277 3.572671 3.298030 3.006156 3.696132 2.024396 1.824855 1.837910 2.132074 2.327814 2.205225 2.315197 2.186426 1.383360 2.054681 1.980105 2.838648 2.131649 1.780194 2.324310 3.065568 2.175093 4.130384 3.405164 4.301970 3.847658 3.353975 3.398587 3.695626 3.844160 2.243197 3.212821 3.779780 3.666675 0.889443 1.074979 1.273573 2.668556 2.722052 2.036037 2.620369 2.382282 2.870635 2.105767 1.857058 1.746927 1.748364 1.854951 3.525723 3.880713 2.020858 2.398607 2.267314 2.525984 4.299616 3.346469 3.659198 1.979858 3.329385 1.755525 2.277449 1.878300 2.191796 1.660509 2.098190 2.303646 1.973370 2.448977 2.513253 1.923997 2.809460 1.787644 1.983492 1.769505 1.627415 1.488485 1.154301 1.316376 1.357154 1.502861 1.554605 1.367707 1.570547 1.227019 1.867296 1.617681 1.780073 1.879597 1.418139 1.617675 2.013278 1.532748 1.584901 1.391217 1.654448 1.600636 2.064230 1.597307 1.580695 1.879670 1.886147 1.498066 1.453387 1.668250 1.387576 1.814875 2.465273 1.439232 2.082985 1.640066 1.541391 3.024568 3.232701 1.590351 1.754637 2.635412 1.939997 1.234730 1.363354 2.681773 2.111329 1.871032 1.161939 1.577422 0.897161 1.522954 1.717064 1.852219 1.387037 1.822121 2.226511 2.206381 3.108189 2.544022 3.067012 2.881417 2.913675 3.072502 1.520394 1.363948 2.021860 2.017286 1.859542 2.205021 1.993000 2.143342 2.009058 1.228935 0.842615 1.472517 2.351276 5.077428 2.248930 1.324282 1.848738 1.667450 1.704685 1.895222 1.697138 1.547053 1.136822 2.056313 1.316190 1.322464 1.540795 1.558999 1.570074 1.705003 1.640433 1.697315 1.706645 1.710383 1.538755 1.061052 1.419482 1.280563 1.248350 0.969944 0.932727 1.386939 1.522154 1.460337 2.244404 2.219633 1.530568 1.622435 1.814484 2.095592 1.703994 1.367325 1.874313 2.078534 1.702720 1.176766 1.021825 1.024051 1.216378 1.281870 0.905528 1.411481 1.401153 2.126171 
2.244180 1.733968 1.690183 1.853134 2.724602 2.614261 3.051232 1.191297 0.987609 1.132040 0.907368 1.444762 0.000000 0.743137 1.315951 1.258324 1.137380 0.810710 1.513432 1.033075 1.658291 2.049319 1.495518 1.645698 1.607956 3.004624 2.897637 3.102339 2.869263 2.652802 2.756449 2.698415 2.562578 2.412257 2.536992 2.402834 2.565130 2.797210 2.579103 2.065423 2.862671 2.413370 2.168592 2.899614 1.225582 1.186184 0.920112 1.340892 1.267710 1.283105 1.169002 1.063853 1.168242 2.427062 1.742782 2.394640 1.640377 1.632919 2.825580 3.661483 2.736041 4.700533 4.157131 4.936766 4.342456 4.115856 4.097936 4.683976 4.584836 2.661760 3.864998 4.258109 4.244089 1.421518 1.311143 1.644402 2.893482 2.883052 2.610616 3.107307 2.765183 2.940138 2.859363 2.549354 1.813563 2.103868 2.425100 4.018299 4.362527 2.161686 2.040808 1.888105 2.035843 4.412611 3.595284 4.070956 2.300521 3.481871 1.280904 1.659343 1.454012 1.401160 1.765986 1.523480 1.491688 1.188463 1.698091 1.470183 1.536302 1.967289 2.007772 1.909968 2.064251 1.847185 1.617278 1.501104 1.642277 1.829755 0.813682 0.882439 0.906433 0.657991 0.847501 0.963739 0.715558 0.677427 0.684009 0.618269 0.699643 0.840570 1.000686 0.897620 1.060676 0.753506 1.002287 1.432262 0.643723 0.773160 0.802067 0.930919 0.855101 0.934846 0.876811 0.507408 0.698302 2.086554 1.159848 2.584234 1.073778 1.909227 3.062341 1.951724 0.687845 0.991772 2.856547 1.340526 1.656279 1.418907 1.824047 1.422339 1.386749 1.119730 1.350211 1.481849 1.872535 1.769868 1.868515 1.486070 1.273941 1.490350 2.268759 3.696969 2.750559 3.569299 3.113145 3.192936 3.363881 1.735537 1.891884 2.233563 2.492484 1.737015 2.185907 2.030450 2.332463 2.346027 1.801313 1.370048 1.745113 2.697288 5.618654 2.533182 1.271561 2.097412 1.541860 2.207743 2.384034 2.067259 2.188060 2.088422 2.580848 1.852370 2.306007 1.749380 1.630639 1.942209 2.116340 2.040137 1.810461 2.113450 1.875656 1.759288 1.429312 2.101148 0.904091 1.349498 1.671317 1.691821 1.390196 1.488494 1.659438 2.244311 3.156409 2.041664 1.815746 2.224871 2.506209 1.701558 2.043521 1.935328 2.598922 1.715582 2.009430 1.841985 1.184489 1.003020 1.482506 1.321945 2.393242 1.268940 1.610109 
2.686718 2.155335 1.818753 2.161252 3.068780 2.738992 3.300864 1.456037 1.290512 1.148199 0.994941 2.039776 0.743137 0.000000 1.224079 0.748382 1.629603 1.381204 2.074620 1.534734 1.722698 2.219506 1.800126 1.567816 1.763145 3.020680 2.776047 3.119011 2.732606 2.416756 2.843126 2.461655 2.613503 2.360815 2.597763 2.434656 2.493604 2.563304 2.760325 1.783308 2.692618 2.192557 1.923985 2.608659 0.982983 0.845353 0.725553 1.021731 1.015755 1.003976 0.583821 0.706609 0.925657 2.593739 1.784002 2.446769 1.695919 1.697326 3.064732 3.748159 2.822717 4.756298 4.212896 5.279428 4.490502 4.176626 4.179485 4.992094 4.643697 2.717525 3.966220 4.313875 4.319405 1.800888 1.483858 1.850368 3.130035 3.004272 2.693982 3.208529 2.909464 3.163865 3.020391 2.650576 1.982870 2.366530 2.300631 4.501665 4.937998 2.510869 2.497337 2.181611 2.286551 4.628703 3.608307 4.190385 2.595284 3.784517 1.377086 1.578529 1.452965 1.116367 1.818931 1.453738 1.087148 0.992422 1.375280 1.038005 1.598645 1.610041 2.462785 2.405433 2.244039 1.953935 1.935930 1.908218 2.212901 2.162952 1.034286 1.054055 1.092980 0.807538 1.176301 1.319029 0.663556 0.575405 0.913098 0.874450 0.964726 1.019151 1.192442 1.074783 1.484079 1.001511 1.255897 1.497957 0.799926 0.909743 1.023490 1.122653 1.106996 1.329405 0.893124 0.930193 1.006090 2.005958 1.065685 2.685456 0.870231 1.704255 3.331198 1.546304 0.755760 1.053054 2.775951 1.242759 1.621587 1.223716 1.229801 1.576505 0.982158 1.097324 1.326774 1.752889 1.929102 1.952762 1.583718 1.259051 1.006856 1.254941 2.188162 3.832735 2.801485 3.625064 3.173101 3.243862 3.419646 1.900343 2.225081 2.376172 2.569315 1.586572 2.078748 2.061826 2.388228 2.401792 2.296036 1.758166 2.348309 2.892950 5.868358 2.864810 1.402812 2.370608 1.998063 2.560436 2.421818 2.100203 2.576179 2.476540 2.635902 2.261604 2.610614 1.888914 2.100198 2.206441 2.631355 2.235402 2.090930 2.215360 1.863145 2.241397 1.689979 2.068278 1.167173 1.155916 2.164071 2.286836 1.680305 1.619904 1.850600 2.129713 3.257631 1.961068 1.898105 2.420412 2.331708 2.000659 2.238787 1.923697 2.838075 1.725340 2.570349 2.412610 1.699504 1.085380 1.601533 1.892569 2.968707 1.328112 1.153932 
2.350849 1.905824 1.718113 1.855540 2.863538 2.526219 3.109194 1.495404 1.305299 1.134300 1.061243 1.695410 1.315951 1.224079 0.000000 1.007117 1.302473 1.219175 1.674735 1.257535 1.610151 2.034425 1.496000 1.433050 1.561889 2.732774 2.602827 2.978454 2.642508 2.600039 2.293536 2.545119 2.165722 2.090435 2.119214 2.109388 2.225385 2.768907 2.635030 2.299431 3.118303 2.774696 2.216111 3.092798 1.589250 1.266141 1.096371 1.478997 1.576430 1.514797 1.025390 1.613108 1.030517 2.222694 1.463279 2.464005 1.677280 1.240817 2.669824 3.418030 2.188837 4.308477 3.903131 5.049538 4.209978 3.630448 3.747972 4.579895 4.054849 2.363184 3.365441 3.855144 3.701563 1.398858 0.888735 1.295963 2.804139 2.792563 2.349626 2.737386 2.584435 3.049716 2.698279 2.159212 1.839631 2.125730 1.774862 4.286011 4.626034 2.280552 2.310536 2.108276 2.452137 4.404461 3.394281 4.028058 2.282809 3.469516 1.124517 1.525873 1.152057 1.150004 1.566844 1.138483 1.730569 1.469259 1.895613 1.391462 1.624074 1.964032 2.251076 2.026004 1.974904 1.414394 1.450480 1.647272 1.949739 1.772747 1.585415 1.615848 1.174184 1.153208 1.630196 2.114378 1.555745 1.282809 1.698819 1.409055 1.559223 1.845304 1.824266 1.869349 1.595891 1.716052 1.986955 1.718936 1.528404 1.675063 1.891517 1.911026 1.703909 1.461023 1.583749 1.531889 1.731670 1.408603 0.750224 1.980367 1.301254 0.951262 3.154072 1.835436 1.255346 1.561585 1.799852 0.998082 1.140779 0.595182 1.273887 2.401054 0.956559 1.085195 1.142802 1.550159 1.295604 1.472673 1.068976 1.190870 0.833774 1.216556 1.075425 3.502784 2.412575 3.364079 2.922471 2.809497 3.203237 1.637125 1.714387 1.921632 2.035399 1.303103 1.487582 1.933132 1.920347 1.954096 2.131356 1.333586 2.259569 2.570741 6.142346 2.624010 1.233891 2.158898 1.891592 2.270562 1.833497 1.769822 2.283309 2.168677 2.342577 1.948181 2.263905 1.657701 1.859398 1.846787 2.403352 1.967161 1.897118 1.941126 1.719906 2.101344 1.490128 1.767071 1.166875 0.869182 1.957783 1.904615 1.456569 1.474800 1.985401 1.741867 2.845106 1.478709 1.407345 2.052937 1.828000 1.623247 1.881003 1.520087 2.502074 1.434579 2.272936 2.166287 1.307996 0.879162 1.375982 1.618303 2.642203 1.770745 1.235414 
2.631314 2.172447 1.798663 2.120258 3.221477 2.887794 3.467133 1.670947 1.311830 1.062789 1.250972 2.013367 1.258324 0.748382 1.007117 0.000000 1.562485 1.263658 1.894597 1.557105 1.884794 2.156155 1.800319 1.480256 1.896152 3.122677 2.897205 3.350285 2.871576 2.748466 2.858000 2.742465 2.765259 2.426456 2.694530 2.593264 2.614762 2.953932 3.047280 2.436019 3.149576 2.831787 2.462018 3.218647 1.307399 1.008262 0.960310 1.251575 1.514192 1.533954 0.630422 0.933162 0.735598 2.362849 1.917203 2.711032 1.875735 1.739150 2.999002 3.773132 2.571156 4.693430 4.195172 5.309916 4.540364 4.127052 4.182303 4.793524 4.577733 2.797362 3.871948 4.296151 4.248013 1.596474 1.097626 1.355287 3.188508 3.150502 2.816934 3.225001 3.028988 3.407656 3.048120 2.609241 2.204843 2.417771 2.251057 4.563903 4.886768 2.547786 2.668475 2.215654 2.487696 4.752856 3.744366 4.393270 2.617655 3.795939 1.307769 1.528955 1.250184 0.998934 1.536125 1.504297 1.321350 1.321447 1.567852 1.303135 1.497398 1.808683 2.487064 2.471216 2.340116 1.836037 1.742727 1.945135 2.284811 2.090965 1.354299 1.284796 0.806404 0.965823 1.554747 1.859543 1.134740 1.125840 1.426733 1.208883 1.405334 1.682996 1.616642 1.477156 1.511787 1.498979 1.753365 1.797482 1.356326 1.443830 1.547663 1.770940 1.630971 1.519817 1.412814 1.308638 1.572837 1.883077 1.011414 2.531867 0.646734 1.227243 3.548283 1.504922 1.036379 1.381454 2.450087 1.171366 1.399304 0.980889 1.012320 1.609078 0.550572 1.031567 0.961317 1.505212 1.762382 1.866512 0.864546 0.931255 0.698804 0.758812 1.983361 3.936961 2.949605 3.729291 3.294259 3.391981 3.568449 1.995064 2.033971 2.402340 2.587127 1.739579 2.139691 2.291071 2.492455 2.384068 2.275535 1.651314 2.367891 2.384265 5.797146 2.940442 1.615226 2.443667 2.227309 2.681885 2.193072 2.248921 2.609349 2.442858 2.695781 2.374920 2.598751 2.022913 2.151439 2.156682 2.796586 2.291903 2.273734 2.304085 2.085118 2.354877 1.731783 1.830038 1.238546 0.861825 2.121935 2.082422 1.389253 1.244638 1.712364 2.178689 3.053217 1.805434 1.770554 2.267738 2.012352 1.968927 2.083154 1.719283 2.801818 1.788179 2.514592 2.459847 1.617041 1.240738 1.645938 1.907668 2.866741 1.087543 0.410437 
1.412683 0.926630 1.067479 1.028892 2.018728 1.899339 2.344383 1.299436 1.119180 1.269362 1.235762 0.654379 1.137380 1.629603 1.302473 1.562485 0.000000 0.788985 0.836514 0.871123 1.716496 2.008587 0.778055 1.816698 1.766541 3.114981 3.065034 3.360661 3.054870 2.982246 2.492388 2.961118 2.494104 2.473706 2.581421 2.571595 2.687592 3.096568 2.707767 2.609037 3.293613 3.018972 2.653927 3.417074 1.538919 1.403041 1.378991 1.635688 1.924909 1.885926 1.802762 1.673991 1.232002 1.936223 1.701047 2.535199 1.852591 1.427965 2.128312 2.835726 1.827131 4.125922 3.382520 4.180337 3.740527 3.335041 3.303599 3.703237 3.828407 1.952345 3.188659 3.665317 3.471485 0.890594 0.701937 1.291771 2.246922 2.339353 1.929643 2.481040 1.977765 2.536717 2.104941 1.872286 1.398463 1.321984 1.854125 3.347572 3.648524 1.907308 2.188514 2.076881 2.271401 4.020557 3.044932 3.579360 1.829106 2.973719 1.313684 1.850153 1.507388 1.742683 1.534368 1.626194 1.807260 1.512283 1.994109 2.020504 1.667727 2.382165 1.505763 1.600668 1.457492 1.246225 1.110735 0.861092 1.085708 1.132704 1.297303 1.258910 0.972299 1.313038 1.189346 1.645891 1.292244 1.382312 1.457727 1.113634 1.317983 1.726418 1.342015 1.342770 1.153587 1.451526 1.465013 1.960508 1.180760 1.272099 1.624635 1.548503 1.301605 1.262231 1.559223 1.212057 1.513469 2.102135 1.099914 1.935743 1.198096 1.078022 2.709146 2.822527 1.163613 1.435175 2.210141 1.492502 1.333653 0.982523 2.387815 2.056586 1.390191 0.672746 1.039218 0.698795 1.442965 1.265278 1.597992 0.891441 1.357363 1.674076 1.803372 2.980983 2.155558 2.853313 2.547499 2.521575 2.666920 1.166985 1.280552 1.585680 1.784795 1.474311 1.803076 1.659082 1.743969 1.569241 1.049844 0.588026 1.242607 2.132924 5.109567 1.933117 0.968142 1.595403 1.311310 1.568671 1.697160 1.495795 1.546495 1.418228 1.931433 1.197980 1.538915 1.194459 1.199057 1.257838 1.638792 1.419609 1.297942 1.453659 1.384061 1.193524 0.960553 1.183038 0.802488 0.823678 1.017761 0.988207 0.963616 0.991855 1.086213 1.881395 2.346254 1.177928 1.246698 1.705548 1.797729 1.414767 1.255380 1.606385 1.900590 1.399651 1.213647 1.106998 0.951318 0.926411 0.926314 0.896180 1.503978 1.449188 1.816237 
1.699963 1.376798 1.560668 1.483538 2.320639 2.201251 2.646295 0.827546 0.626922 0.762896 0.691539 1.091299 0.810710 1.381204 1.219175 1.263658 0.788985 0.000000 1.021157 0.384787 1.426532 1.661775 1.045164 1.330669 1.305889 2.777227 2.727763 3.009874 2.704083 2.631459 2.248834 2.610330 2.314257 2.191424 2.255281 2.289787 2.407964 2.763963 2.331395 2.258249 2.964331 2.668185 2.303140 3.066287 1.421917 1.365541 1.057949 1.613995 1.618816 1.545008 1.646282 1.629632 1.182999 1.758197 1.377640 2.184412 1.501804 1.155022 2.280500 3.137638 2.064711 4.246015 3.684431 4.482249 3.860620 3.636952 3.605510 3.987875 4.130318 2.245113 3.277392 3.785410 3.773397 0.928201 0.835601 1.483075 2.378528 2.456561 2.231554 2.601133 2.267346 2.622821 2.406852 1.992379 1.445698 1.623896 2.008390 3.514219 3.841971 1.538058 1.826451 1.559269 1.877957 3.989949 3.165026 3.699454 1.638281 3.032790 1.249041 1.746551 1.269068 1.500377 1.467401 1.493068 1.701168 1.395282 1.920666 1.774059 1.441586 2.257891 1.625856 1.523135 1.588495 1.396574 1.489799 1.037310 1.205801 1.247927 0.923586 1.141826 0.884258 1.120037 0.904950 1.202322 1.115473 1.076220 1.114361 0.788728 0.848738 1.155970 0.999892 1.235091 0.783801 0.838823 1.195411 1.536267 0.934666 1.013158 1.136529 1.140083 1.018195 0.774147 1.086001 0.817437 1.005040 1.691175 0.994882 2.055837 1.217207 1.632801 2.658320 2.529684 0.868608 0.964409 2.315322 1.298018 1.069988 1.196777 2.055346 1.736493 1.295608 0.927866 1.249933 1.150658 1.366136 1.400025 1.548359 1.238948 1.332617 1.663776 1.727757 3.282895 2.327105 3.155224 2.735435 2.739179 2.914507 1.287079 1.367700 1.753591 1.937961 1.354604 1.740170 1.677130 1.903843 1.862418 1.156766 0.658977 1.303589 2.563711 5.589422 2.053210 0.886701 1.715497 1.215595 1.692401 1.817253 1.652416 1.666588 1.521198 2.069708 1.416589 1.699377 1.474580 1.226905 1.425073 1.766158 1.495257 1.397856 1.581025 1.504154 1.192472 0.816600 1.608914 0.893925 1.032598 1.261978 1.064183 1.223404 1.382957 1.498535 1.788663 2.440244 1.322229 1.273353 2.096514 2.293785 1.270156 1.406778 1.446953 2.002764 1.273088 1.392512 1.401567 0.664732 0.772568 0.953333 0.733772 1.701025 1.294623 1.568495 
