241 241
0.000000 0.124385 0.127571 0.134621 0.207349 0.181372 0.202798 0.159026 0.173864 0.170942 0.200761 0.145152 0.143970 0.167716 0.171477 0.155577 0.163822 0.152613 0.158377 0.185442 0.257043 0.291229 0.178392 0.258484 0.267022 0.316039 0.314066 0.357608 0.334114 0.343465 0.308274 0.327357 0.308366 0.295961 0.293326 0.286907 0.320775 0.349418 0.317706 0.292020 0.365903 0.346455 0.313029 0.365026 0.186829 0.182557 0.193631 0.177505 0.190619 0.205334 0.177434 0.164241 0.177635 0.197444 0.206279 0.315404 0.233931 0.220324 0.268740 0.295868 0.249784 0.337084 0.300489 0.351879 0.308836 0.255474 0.309111 0.331080 0.284865 0.231139 0.254136 0.284996 0.275152 0.127571 0.138846 0.134967 0.310966 0.309607 0.196245 0.282763 0.316587 0.319295 0.146040 0.128940 0.186105 0.198862 0.134964 0.486734 0.475555 0.222550 0.310969 0.268796 0.319740 0.528937 0.378766 0.502103 0.311482 0.359423 0.168634 0.161126 0.154251 0.179394 0.167443 0.202276 0.190218 0.183960 0.171366 0.185525 0.170404 0.185194 0.138850 0.197500 0.146187 0.160142 0.134419 0.153265 0.182684 0.145647 0.193341 0.181590 0.162744 0.202825 0.202860 0.235751 0.196038 0.199606 0.213910 0.194436 0.222003 0.236940 0.219890 0.197145 0.228695 0.229013 0.214045 0.226229 0.208990 0.214967 0.217466 0.240399 0.220972 0.202958 0.226114 0.210066 0.226667 0.226921 0.140218 0.176766 0.142220 0.153259 0.320205 0.157233 0.163979 0.192895 0.215256 0.156227 0.167486 0.139459 0.156217 0.151768 0.135360 0.139801 0.112028 0.111966 0.147465 0.160717 0.153698 0.117846 0.131567 0.127716 0.236586 0.322608 0.286157 0.326102 0.322434 0.319127 0.342838 0.168427 0.202659 0.228915 0.215452 0.205917 0.212355 0.200780 0.245482 0.216410 0.120388 0.161990 0.156211 0.146477 0.238094 0.174171 0.115672 0.179889 0.185506 0.131706 0.146239 0.131171 0.118569 0.127348 0.166283 0.120074 0.107823 0.111534 0.097583 0.140029 0.200291 0.183200 0.206128 0.187027 0.200819 0.227746 0.168578 0.129234 0.153582 0.129218 0.139213 0.108246 0.148760 0.135837 0.131807 0.250230 0.235757 0.169559 0.215051 0.130089 0.148630 0.170713 0.133431 0.214890 0.220015 0.205012 0.192962 0.166099 0.188540 0.114422 0.113541 0.166714 0.170797 0.156254 0.163774 
0.124385 0.000000 0.094476 0.136221 0.248109 0.244970 0.245847 0.134270 0.171654 0.162927 0.186875 0.142434 0.130948 0.145760 0.167219 0.141051 0.149363 0.082581 0.154279 0.177161 0.234113 0.279421 0.170120 0.254539 0.246989 0.320249 0.312797 0.359534 0.318342 0.329837 0.297040 0.313339 0.291655 0.278653 0.284686 0.280768 0.302580 0.334795 0.306407 0.276144 0.358028 0.331255 0.294965 0.357721 0.171325 0.164733 0.164483 0.165125 0.193697 0.203828 0.159897 0.146239 0.157759 0.175838 0.203243 0.284293 0.236540 0.188595 0.235464 0.294389 0.227497 0.317144 0.309300 0.365187 0.364102 0.309880 0.334253 0.332608 0.337010 0.187309 0.285736 0.298972 0.321154 0.126678 0.129668 0.128669 0.231647 0.290880 0.157131 0.214958 0.227791 0.315334 0.213897 0.194563 0.129141 0.117936 0.171970 0.480348 0.460497 0.223335 0.290825 0.196537 0.319720 0.532624 0.372842 0.544829 0.267942 0.360152 0.155065 0.158791 0.153479 0.158667 0.157670 0.176488 0.169003 0.162308 0.160961 0.159519 0.162803 0.173423 0.106350 0.185699 0.103037 0.134633 0.118541 0.120961 0.154571 0.122492 0.174590 0.168145 0.142032 0.188619 0.187562 0.216771 0.181871 0.177627 0.195081 0.169969 0.198724 0.214037 0.208851 0.189367 0.212726 0.213727 0.203297 0.212029 0.188832 0.199824 0.200222 0.220237 0.202803 0.184171 0.206240 0.198944 0.206138 0.214705 0.101075 0.193048 0.128997 0.159115 0.360107 0.154160 0.149306 0.180699 0.259591 0.154324 0.167424 0.133269 0.136989 0.150955 0.123304 0.120815 0.087498 0.118789 0.142487 0.159347 0.150385 0.110398 0.119102 0.112847 0.218889 0.236163 0.227645 0.240273 0.256809 0.237036 0.244577 0.159323 0.197130 0.173324 0.162798 0.164172 0.172888 0.134335 0.178723 0.174840 0.127512 0.134032 0.082433 0.127148 0.221735 0.162661 0.122474 0.140577 0.120885 0.147122 0.079671 0.103923 0.144947 0.142131 0.118684 0.105425 0.143349 0.100191 0.151613 0.082551 0.122330 0.112206 0.117460 0.150360 0.126476 0.174992 0.156298 0.105379 0.125486 0.111995 0.075266 0.124165 0.114093 0.105071 0.086898 0.260788 0.221985 0.137220 0.164369 0.109006 0.131612 0.156364 0.129667 0.201421 0.214058 0.201901 0.185595 0.156090 0.171238 0.110417 0.091826 0.173360 0.177085 0.145902 0.148689 
0.127571 0.094476 0.000000 0.084143 0.258186 0.210267 0.225006 0.154648 0.161485 0.146215 0.169588 0.113272 0.115988 0.122559 0.157635 0.108211 0.122625 0.112912 0.127863 0.166945 0.233820 0.282884 0.152755 0.249980 0.251546 0.308262 0.299387 0.345557 0.305196 0.314106 0.283221 0.295450 0.284424 0.264993 0.280663 0.274041 0.298209 0.319530 0.292661 0.256804 0.339455 0.312236 0.275935 0.338380 0.151410 0.142305 0.148311 0.140655 0.164810 0.176642 0.126937 0.120795 0.127604 0.170364 0.196293 0.281299 0.229631 0.181848 0.226463 0.293027 0.218390 0.308459 0.288892 0.381431 0.345678 0.296621 0.327260 0.302049 0.326887 0.192777 0.293073 0.325518 0.320623 0.076680 0.071627 0.059816 0.287765 0.289861 0.190703 0.230892 0.269491 0.304498 0.194265 0.172207 0.161705 0.154363 0.131070 0.495537 0.511903 0.240720 0.286310 0.255541 0.309636 0.552246 0.419255 0.484735 0.286289 0.398244 0.138870 0.150275 0.129663 0.131658 0.139052 0.164754 0.148471 0.140293 0.136488 0.134000 0.144610 0.153250 0.120596 0.172122 0.124992 0.121486 0.095928 0.114596 0.146337 0.129784 0.154997 0.146850 0.123847 0.150872 0.175081 0.197662 0.159699 0.147564 0.169685 0.155703 0.183220 0.190774 0.192062 0.160095 0.193578 0.190799 0.183376 0.189927 0.170059 0.178483 0.178002 0.202750 0.184339 0.178642 0.178510 0.167865 0.183805 0.232580 0.094058 0.167380 0.110785 0.095907 0.355415 0.134175 0.132265 0.169074 0.210688 0.138818 0.131264 0.098908 0.115227 0.126238 0.110083 0.108256 0.078533 0.086506 0.150263 0.138885 0.124487 0.093938 0.102400 0.086779 0.182190 0.276569 0.233739 0.274481 0.276297 0.271013 0.295540 0.153188 0.181959 0.186492 0.174496 0.152144 0.166924 0.157802 0.190285 0.180514 0.146366 0.137722 0.159411 0.100728 0.191819 0.187229 0.129618 0.149265 0.176507 0.152131 0.120987 0.111629 0.145742 0.133500 0.151256 0.099789 0.143103 0.098753 0.140051 0.096433 0.159169 0.150632 0.161231 0.143543 0.152992 0.183501 0.155383 0.101827 0.122765 0.100223 0.087998 0.102220 0.098155 0.082607 0.087390 0.232843 0.258943 0.138198 0.178006 0.093089 0.098874 0.152358 0.120902 0.196831 0.237570 0.191748 0.166880 0.131876 0.146602 0.107527 0.116327 0.152206 0.166811 0.131287 0.118917 
0.134621 0.136221 0.084143 0.000000 0.252443 0.158602 0.188068 0.186791 0.173918 0.166144 0.187849 0.130923 0.138574 0.149396 0.161672 0.132028 0.143567 0.154604 0.145885 0.182754 0.253781 0.284314 0.162975 0.252142 0.259735 0.314120 0.308583 0.355163 0.313176 0.323415 0.290391 0.305861 0.293338 0.272996 0.290545 0.277196 0.307868 0.328080 0.300541 0.266566 0.349257 0.322711 0.285426 0.348142 0.163558 0.154594 0.167409 0.150850 0.180856 0.194059 0.151227 0.139534 0.148784 0.199063 0.198422 0.300489 0.236220 0.193800 0.246410 0.275631 0.232759 0.305310 0.266798 0.383490 0.330621 0.289086 0.296634 0.274416 0.313143 0.222097 0.316904 0.347201 0.335291 0.098929 0.109954 0.093508 0.318424 0.307957 0.221576 0.265622 0.301420 0.308068 0.175951 0.179081 0.202449 0.187396 0.124031 0.469183 0.531671 0.244088 0.309860 0.295433 0.312908 0.530239 0.447432 0.443238 0.319460 0.410826 0.148743 0.159985 0.142678 0.149248 0.148210 0.178076 0.159521 0.152057 0.144979 0.152700 0.153168 0.163902 0.158267 0.190693 0.165598 0.151316 0.120575 0.143031 0.177905 0.158958 0.173684 0.162482 0.141216 0.176820 0.188544 0.213638 0.177700 0.173352 0.190189 0.175249 0.202163 0.210364 0.206090 0.180493 0.208258 0.207916 0.199427 0.209544 0.184415 0.194040 0.199418 0.218156 0.198398 0.191039 0.198915 0.190210 0.201605 0.257852 0.139101 0.158021 0.124811 0.121833 0.348676 0.153495 0.143991 0.175949 0.216360 0.153025 0.150881 0.138009 0.136928 0.146814 0.121509 0.131690 0.118085 0.106082 0.169029 0.165386 0.145240 0.105337 0.114920 0.103224 0.181928 0.309372 0.258433 0.307402 0.305056 0.302343 0.329324 0.182269 0.195786 0.217787 0.207632 0.188256 0.201419 0.192662 0.224674 0.220332 0.181292 0.142472 0.197079 0.123204 0.213812 0.222187 0.143829 0.200590 0.219131 0.173274 0.167735 0.146450 0.163590 0.145265 0.198068 0.129503 0.156150 0.125623 0.148993 0.137869 0.190072 0.187866 0.198065 0.180528 0.190203 0.213805 0.184012 0.135082 0.138155 0.122972 0.136004 0.133605 0.123290 0.108353 0.119188 0.240710 0.279099 0.179303 0.219731 0.125593 0.123071 0.178837 0.132909 0.217505 0.245359 0.208042 0.179635 0.147387 0.162575 0.134544 0.148326 0.160733 0.177439 0.141297 0.138437 
0.207349 0.248109 0.258186 0.252443 0.000000 0.142964 0.227562 0.262712 0.294259 0.298128 0.294020 0.299015 0.303603 0.268132 0.300558 0.267108 0.251689 0.272761 0.262321 0.286865 0.385672 0.418183 0.265431 0.386859 0.395333 0.396221 0.403227 0.446382 0.399050 0.401008 0.377790 0.383738 0.382300 0.373775 0.390367 0.370855 0.389514 0.408201 0.398706 0.380331 0.451376 0.435231 0.389101 0.448371 0.280185 0.308179 0.302044 0.308160 0.291024 0.294311 0.286669 0.274997 0.276768 0.311449 0.341506 0.376560 0.345134 0.308131 0.324427 0.262002 0.313879 0.296550 0.269297 0.254438 0.252646 0.248854 0.265721 0.306680 0.262657 0.319935 0.251009 0.246601 0.255734 0.241584 0.274771 0.271643 0.341150 0.372747 0.209024 0.326459 0.337256 0.382128 0.168239 0.178693 0.227018 0.267977 0.210443 0.360111 0.471953 0.235868 0.382872 0.333334 0.378317 0.468029 0.365287 0.533675 0.384991 0.313221 0.302650 0.305306 0.300783 0.308985 0.301070 0.306287 0.297837 0.289690 0.295365 0.294362 0.301330 0.311434 0.202537 0.311565 0.215453 0.264215 0.250743 0.250824 0.264755 0.234541 0.277328 0.280809 0.288883 0.293319 0.293867 0.330672 0.289850 0.284579 0.301140 0.277883 0.308656 0.317555 0.311340 0.291192 0.306795 0.314683 0.304749 0.309764 0.306783 0.305349 0.309009 0.325657 0.313247 0.290916 0.318003 0.299940 0.313292 0.286960 0.270814 0.273775 0.268051 0.280617 0.320219 0.311290 0.293967 0.292121 0.278726 0.290425 0.281665 0.251643 0.295459 0.306319 0.291179 0.268634 0.254376 0.260126 0.295583 0.265715 0.306635 0.267823 0.272257 0.278164 0.324300 0.359160 0.347561 0.363967 0.367312 0.352673 0.364524 0.256305 0.257071 0.338803 0.319415 0.319323 0.331161 0.304652 0.334992 0.258147 0.182620 0.270179 0.254165 0.290359 0.380648 0.225907 0.204152 0.260903 0.267660 0.205571 0.258905 0.219501 0.203628 0.250537 0.254538 0.240856 0.196525 0.221966 0.196663 0.260219 0.306360 0.259962 0.261093 0.275922 0.275256 0.319564 0.315374 0.270397 0.275723 0.294482 0.251778 0.192909 0.290140 0.277044 0.266282 0.329856 0.330128 0.322778 0.346853 0.263795 0.280623 0.294832 0.264831 0.327103 0.255701 0.311806 0.272956 0.267579 0.279536 0.261461 0.253584 0.269544 0.280480 0.265277 0.280483 
0.181372 0.244970 0.210267 0.158602 0.142964 0.000000 0.127926 0.258226 0.267546 0.266988 0.270721 0.272493 0.279177 0.234386 0.258362 0.234341 0.235635 0.270798 0.234080 0.267938 0.357717 0.378701 0.244554 0.342424 0.360449 0.369911 0.368668 0.412349 0.369296 0.379617 0.348555 0.360612 0.352732 0.339838 0.353655 0.340861 0.351950 0.383666 0.371386 0.347401 0.423169 0.404806 0.356114 0.419530 0.255385 0.276110 0.262232 0.277378 0.268593 0.274626 0.256215 0.244349 0.250591 0.294335 0.303332 0.363289 0.311934 0.286191 0.309924 0.236431 0.300557 0.251427 0.218998 0.300210 0.243535 0.232972 0.213109 0.250578 0.238206 0.297603 0.284259 0.259315 0.265925 0.203440 0.220948 0.230331 0.362455 0.367008 0.229094 0.323832 0.353260 0.369146 0.131417 0.153659 0.239243 0.263226 0.168344 0.381354 0.497481 0.215119 0.373021 0.339180 0.364708 0.439420 0.395943 0.428917 0.376229 0.325359 0.266934 0.260064 0.262245 0.269383 0.266409 0.264171 0.267947 0.255179 0.259677 0.257143 0.268602 0.274432 0.210413 0.282845 0.218203 0.247815 0.224520 0.232721 0.255568 0.223819 0.259691 0.259431 0.250801 0.276265 0.272640 0.315084 0.273607 0.270222 0.289784 0.262949 0.294202 0.304226 0.300275 0.279499 0.294783 0.303230 0.292162 0.298167 0.287939 0.294545 0.297343 0.312546 0.297087 0.272961 0.300201 0.289111 0.302489 0.269665 0.247284 0.183868 0.233873 0.237502 0.281542 0.273038 0.257874 0.265616 0.219635 0.253548 0.239106 0.219160 0.260126 0.278587 0.248996 0.238328 0.235298 0.234267 0.265749 0.258589 0.269566 0.230863 0.230588 0.239175 0.244178 0.369036 0.330404 0.369896 0.364266 0.361247 0.380243 0.240097 0.249954 0.317672 0.305571 0.295875 0.306368 0.286345 0.316447 0.258345 0.207793 0.246265 0.258157 0.255042 0.347180 0.243221 0.207095 0.246488 0.275293 0.206496 0.255562 0.221230 0.206263 0.231973 0.255899 0.232559 0.198935 0.210279 0.182287 0.253267 0.287150 0.267721 0.275932 0.271538 0.275834 0.310963 0.300150 0.251636 0.248994 0.261162 0.248862 0.189804 0.261287 0.248564 0.247466 0.292021 0.316508 0.301624 0.334663 0.235783 0.251739 0.272343 0.238921 0.296988 0.239146 0.283309 0.256790 0.250163 0.259876 0.240589 0.233931 0.253587 0.264490 0.237465 0.246134 
0.202798 0.245847 0.225006 0.188068 0.227562 0.127926 0.000000 0.259542 0.265308 0.270046 0.285734 0.286418 0.285867 0.263134 0.271462 0.273708 0.288467 0.281688 0.275565 0.283806 0.352260 0.360316 0.293185 0.327412 0.363552 0.393761 0.393608 0.432529 0.403980 0.419544 0.379001 0.406775 0.370763 0.381564 0.338868 0.370881 0.362062 0.416481 0.419730 0.394943 0.454987 0.437774 0.410656 0.456748 0.311463 0.316059 0.287487 0.317089 0.324313 0.325446 0.311085 0.302987 0.307441 0.322499 0.312515 0.404240 0.339972 0.340456 0.350931 0.271227 0.344263 0.269149 0.260600 0.373648 0.327535 0.300556 0.274970 0.273610 0.302715 0.329073 0.342328 0.306891 0.353481 0.222209 0.240725 0.247443 0.395123 0.400308 0.287956 0.359047 0.392121 0.399855 0.194207 0.222939 0.284628 0.298910 0.221723 0.384332 0.511438 0.227928 0.355750 0.321213 0.366325 0.421119 0.423005 0.390510 0.362794 0.357205 0.302078 0.261987 0.290981 0.310950 0.310127 0.289636 0.323881 0.310369 0.310733 0.316318 0.311143 0.324270 0.249693 0.301126 0.242930 0.287300 0.240959 0.261707 0.270112 0.222379 0.312622 0.298462 0.277307 0.331793 0.316012 0.368849 0.332373 0.325090 0.345319 0.311294 0.351493 0.358888 0.355174 0.333509 0.348786 0.358619 0.347193 0.352668 0.343275 0.349516 0.348508 0.367210 0.351052 0.314847 0.355044 0.342256 0.357488 0.268499 0.246897 0.173251 0.269920 0.269311 0.288938 0.294086 0.263618 0.270854 0.269801 0.264327 0.246697 0.247207 0.285385 0.303105 0.261208 0.245457 0.243051 0.256211 0.259225 0.268171 0.285872 0.262235 0.252289 0.267557 0.234555 0.400221 0.370664 0.402661 0.399050 0.395104 0.416304 0.240760 0.285283 0.334976 0.314017 0.319717 0.316882 0.301736 0.341374 0.304934 0.258176 0.265563 0.246686 0.280195 0.369650 0.286102 0.237544 0.259422 0.295869 0.250034 0.259065 0.251275 0.240500 0.254921 0.266152 0.250663 0.238730 0.235819 0.222332 0.248071 0.275198 0.292356 0.313643 0.304634 0.299337 0.345480 0.292003 0.257065 0.242878 0.246935 0.269744 0.229800 0.279624 0.270038 0.262193 0.297618 0.298182 0.295048 0.329999 0.245160 0.270653 0.286147 0.251329 0.284445 0.242004 0.299768 0.304670 0.304966 0.316940 0.230851 0.212637 0.294368 0.291789 0.271945 0.289206 
0.159026 0.134270 0.154648 0.186791 0.262712 0.258226 0.259542 0.000000 0.164621 0.168072 0.185470 0.120283 0.128230 0.161887 0.154653 0.161587 0.174841 0.105182 0.173490 0.188645 0.194148 0.244762 0.189676 0.259522 0.192447 0.329351 0.323291 0.368158 0.335307 0.343580 0.309875 0.323788 0.306849 0.300211 0.292104 0.297839 0.314347 0.343342 0.327860 0.294343 0.371384 0.349580 0.316678 0.370843 0.202124 0.199578 0.199470 0.203004 0.207066 0.205896 0.193643 0.184481 0.187409 0.123315 0.174827 0.222159 0.222053 0.139354 0.202371 0.254523 0.177880 0.334926 0.291246 0.330155 0.298391 0.249637 0.288830 0.294233 0.268955 0.142533 0.233239 0.241088 0.254454 0.149258 0.159539 0.158914 0.219283 0.225144 0.162529 0.197554 0.227460 0.261482 0.228489 0.203086 0.144631 0.131018 0.190169 0.439275 0.386964 0.156302 0.206952 0.134985 0.275715 0.475414 0.289649 0.551715 0.187189 0.283029 0.194492 0.198309 0.180601 0.197675 0.197069 0.208283 0.213213 0.197035 0.198491 0.200643 0.196330 0.212451 0.146866 0.136419 0.122887 0.170978 0.165808 0.159540 0.192672 0.170870 0.193898 0.195557 0.186692 0.211060 0.209611 0.245713 0.210666 0.205156 0.221516 0.191172 0.229453 0.239659 0.234542 0.213873 0.230475 0.235279 0.228717 0.229685 0.222338 0.227355 0.226382 0.246335 0.226501 0.201645 0.233297 0.217588 0.234248 0.129154 0.112251 0.161524 0.152367 0.169222 0.270473 0.186432 0.158093 0.170746 0.198517 0.149003 0.143432 0.131391 0.177451 0.192175 0.163334 0.108803 0.112747 0.133889 0.136250 0.134964 0.167248 0.138673 0.152593 0.170533 0.170729 0.258431 0.213080 0.255954 0.245939 0.242348 0.276494 0.110085 0.133697 0.150548 0.136139 0.119173 0.127297 0.129538 0.152038 0.211004 0.164432 0.161196 0.138815 0.204189 0.298027 0.126579 0.108870 0.162023 0.135013 0.117879 0.132109 0.119527 0.112098 0.123382 0.158512 0.123802 0.132903 0.130498 0.134794 0.127952 0.131833 0.125627 0.136649 0.117837 0.129335 0.138054 0.098092 0.111585 0.151737 0.139209 0.110971 0.147107 0.122286 0.144527 0.133665 0.183646 0.154354 0.103029 0.123581 0.138402 0.145830 0.105253 0.163921 0.160513 0.128861 0.134480 0.214174 0.203635 0.204259 0.112143 0.102015 0.155881 0.177145 0.165344 0.179671 
0.173864 0.171654 0.161485 0.173918 0.294259 0.267546 0.265308 0.164621 0.000000 0.079239 0.078804 0.137181 0.124283 0.088852 0.095431 0.101818 0.112250 0.173002 0.106549 0.093852 0.235749 0.221894 0.129262 0.144853 0.242179 0.254207 0.246075 0.295541 0.257223 0.296003 0.239071 0.264707 0.233805 0.226395 0.182364 0.214565 0.209079 0.276305 0.297142 0.268329 0.350030 0.328746 0.288015 0.350453 0.133556 0.153208 0.090501 0.159419 0.149786 0.147460 0.137691 0.137252 0.126962 0.202590 0.173147 0.280172 0.189021 0.184275 0.233244 0.332735 0.219827 0.390234 0.366057 0.440383 0.393911 0.318819 0.398353 0.338652 0.344362 0.218716 0.306566 0.309526 0.354302 0.161177 0.165070 0.151735 0.325802 0.285482 0.246841 0.282637 0.314467 0.284242 0.258716 0.226135 0.232784 0.221416 0.203631 0.586371 0.442722 0.227357 0.178165 0.179720 0.167672 0.618329 0.373091 0.569776 0.183083 0.354233 0.161552 0.113465 0.147555 0.163667 0.148486 0.089394 0.165478 0.150917 0.152480 0.160873 0.149513 0.181012 0.154269 0.167119 0.138516 0.149660 0.104433 0.103965 0.112738 0.109638 0.123499 0.121130 0.100164 0.145645 0.118816 0.197094 0.156164 0.152012 0.162623 0.126885 0.174268 0.187368 0.170934 0.148022 0.173066 0.169390 0.161006 0.157830 0.171203 0.170115 0.174394 0.197971 0.176148 0.135249 0.174185 0.149252 0.178860 0.193341 0.120586 0.221909 0.095018 0.144783 0.307496 0.154164 0.081958 0.064047 0.272603 0.079104 0.159241 0.134971 0.132619 0.145310 0.099855 0.111669 0.145949 0.110252 0.095058 0.140196 0.105580 0.104561 0.100976 0.131442 0.226330 0.328318 0.275199 0.328885 0.310028 0.319083 0.355276 0.153743 0.212359 0.240950 0.224001 0.199409 0.212319 0.228783 0.246369 0.223664 0.186844 0.096087 0.183457 0.156242 0.272446 0.230571 0.145737 0.148015 0.192557 0.188051 0.153920 0.144887 0.176939 0.154799 0.186236 0.148436 0.155214 0.120856 0.148691 0.156361 0.171727 0.196685 0.212468 0.167979 0.188342 0.210107 0.183095 0.166325 0.088013 0.099487 0.160583 0.159242 0.154584 0.145598 0.164583 0.142182 0.256189 0.175890 0.206212 0.142804 0.146881 0.138335 0.100225 0.109716 0.246569 0.166083 0.158426 0.166094 0.148127 0.135301 0.147441 0.106987 0.127360 0.096582 0.118213 
0.170942 0.162927 0.146215 0.166144 0.298128 0.266988 0.270046 0.168072 0.079239 0.000000 0.062189 0.139253 0.119230 0.083822 0.109180 0.083963 0.096615 0.160468 0.082451 0.089099 0.238455 0.246391 0.102141 0.184583 0.245943 0.243518 0.216311 0.267644 0.236996 0.268566 0.217852 0.217348 0.208707 0.195979 0.173015 0.209281 0.204828 0.251531 0.242540 0.211695 0.293062 0.272379 0.231689 0.293496 0.115329 0.110370 0.112511 0.098220 0.129464 0.127224 0.108891 0.119905 0.115946 0.171609 0.132364 0.236149 0.151943 0.149832 0.182618 0.301019 0.178867 0.350742 0.320843 0.394464 0.347989 0.282428 0.353970 0.305569 0.299214 0.184011 0.268710 0.292458 0.307639 0.149352 0.144244 0.131155 0.294583 0.259045 0.225803 0.245952 0.278946 0.277855 0.217551 0.189395 0.190545 0.185889 0.162263 0.585516 0.481126 0.235722 0.203708 0.215666 0.199496 0.625007 0.382989 0.561550 0.217181 0.359402 0.133277 0.119455 0.112126 0.129181 0.127296 0.112784 0.120598 0.110324 0.118848 0.129694 0.108505 0.137020 0.138292 0.129695 0.136613 0.124228 0.101131 0.110689 0.139009 0.120197 0.102375 0.111460 0.099931 0.126727 0.109432 0.162126 0.124011 0.125385 0.143850 0.109961 0.143413 0.143799 0.153181 0.144953 0.134451 0.145613 0.140506 0.138053 0.124239 0.130380 0.132568 0.174431 0.130477 0.100321 0.127951 0.138788 0.148908 0.199949 0.108582 0.218912 0.089184 0.131156 0.356671 0.138119 0.061585 0.083468 0.254607 0.077606 0.155055 0.114503 0.125191 0.146292 0.090537 0.115059 0.148690 0.097533 0.118064 0.148635 0.102697 0.106733 0.091645 0.121780 0.224322 0.320051 0.250547 0.300355 0.307979 0.297732 0.334204 0.166266 0.209758 0.211473 0.182727 0.189111 0.174440 0.194669 0.219021 0.187785 0.191720 0.112500 0.188358 0.155718 0.274182 0.220096 0.154547 0.131856 0.183346 0.180695 0.137269 0.136990 0.175113 0.140424 0.155548 0.132570 0.160738 0.115130 0.146451 0.122227 0.180604 0.194293 0.207534 0.166184 0.184396 0.215508 0.192869 0.166947 0.106875 0.106152 0.154323 0.150752 0.153163 0.143318 0.164316 0.176455 0.265348 0.170202 0.193561 0.139547 0.141339 0.130622 0.104870 0.150515 0.244280 0.148508 0.116176 0.124668 0.103123 0.142816 0.140622 0.092512 0.114989 0.106813 0.108418 
0.200761 0.186875 0.169588 0.187849 0.294020 0.270721 0.285734 0.185470 0.078804 0.062189 0.000000 0.162801 0.136174 0.077704 0.116912 0.092906 0.090920 0.181085 0.091937 0.075584 0.256712 0.256735 0.089624 0.181937 0.265420 0.225595 0.212405 0.266131 0.220565 0.259571 0.206146 0.220065 0.196647 0.192414 0.184023 0.184385 0.196827 0.237805 0.263090 0.227782 0.314763 0.293651 0.246374 0.311138 0.108756 0.138449 0.095459 0.131117 0.117900 0.106945 0.117699 0.119674 0.121608 0.195070 0.159891 0.249086 0.165101 0.152975 0.196177 0.307633 0.190072 0.350470 0.326790 0.402679 0.361361 0.283715 0.368596 0.306951 0.315231 0.204084 0.282843 0.297409 0.322964 0.184285 0.177918 0.161569 0.307186 0.264523 0.222478 0.254483 0.290150 0.274450 0.232555 0.200389 0.200174 0.200785 0.172929 0.595440 0.460036 0.254868 0.184411 0.220359 0.170385 0.641277 0.366180 0.563845 0.215550 0.349881 0.153305 0.133677 0.138676 0.148989 0.150982 0.101635 0.128956 0.121073 0.132747 0.137939 0.138347 0.145930 0.139033 0.162438 0.137778 0.127315 0.108696 0.097875 0.112869 0.108070 0.090154 0.099030 0.109874 0.117576 0.091959 0.160637 0.112744 0.111551 0.129866 0.090931 0.138403 0.139060 0.149644 0.130934 0.123339 0.137403 0.131575 0.126001 0.131546 0.128795 0.132811 0.163478 0.139301 0.101021 0.133903 0.123087 0.129387 0.220973 0.126947 0.241603 0.104598 0.152291 0.350671 0.144596 0.070310 0.060889 0.272136 0.095401 0.181690 0.135446 0.140523 0.158840 0.118662 0.132124 0.167842 0.130678 0.132177 0.147798 0.122278 0.129929 0.113422 0.140831 0.242581 0.321022 0.258798 0.306282 0.299700 0.304745 0.343160 0.148474 0.209868 0.235261 0.214507 0.200214 0.205297 0.219378 0.236909 0.184639 0.190423 0.109653 0.198962 0.174054 0.279736 0.230423 0.160454 0.122786 0.188702 0.184535 0.154732 0.141750 0.190138 0.167778 0.172786 0.146955 0.176585 0.123548 0.156628 0.149346 0.188433 0.192022 0.205415 0.161647 0.171558 0.207675 0.213720 0.196070 0.116803 0.140552 0.173101 0.163621 0.172488 0.165832 0.179521 0.165230 0.301380 0.200483 0.206179 0.154444 0.162871 0.148542 0.116219 0.163561 0.259879 0.162584 0.110120 0.130107 0.119745 0.164091 0.169054 0.094965 0.123647 0.107432 0.116192 
0.145152 0.142434 0.113272 0.130923 0.299015 0.272493 0.286418 0.120283 0.137181 0.139253 0.162801 0.000000 0.067682 0.142492 0.120807 0.122848 0.127562 0.107791 0.123677 0.150090 0.177905 0.218809 0.158554 0.239353 0.186924 0.309217 0.306217 0.350998 0.315817 0.322962 0.287730 0.308300 0.288049 0.273740 0.275516 0.275798 0.305193 0.325894 0.295101 0.264413 0.344754 0.320559 0.287027 0.345198 0.169156 0.144120 0.173337 0.149903 0.181777 0.192052 0.152193 0.140092 0.128528 0.136673 0.149609 0.230112 0.192838 0.134928 0.203277 0.298086 0.177816 0.386135 0.325189 0.387093 0.329205 0.281849 0.334954 0.323407 0.306984 0.159502 0.258282 0.317376 0.299846 0.119416 0.112213 0.095974 0.269022 0.239030 0.205904 0.231892 0.264250 0.254306 0.231570 0.205897 0.194969 0.162710 0.175743 0.493085 0.458648 0.227933 0.223758 0.208061 0.266124 0.535848 0.380831 0.531780 0.225866 0.361457 0.144667 0.173361 0.135334 0.153057 0.130979 0.180640 0.169027 0.153024 0.147571 0.157113 0.144321 0.171420 0.159242 0.127744 0.151850 0.138855 0.129558 0.137655 0.176793 0.159587 0.158634 0.148001 0.135292 0.161301 0.164369 0.194125 0.161310 0.162087 0.176527 0.158731 0.190544 0.200559 0.185438 0.162881 0.194063 0.189683 0.174007 0.182636 0.172262 0.173669 0.182213 0.208763 0.178003 0.172071 0.181104 0.169391 0.184945 0.206553 0.105667 0.204234 0.107076 0.122482 0.340075 0.148470 0.127736 0.156564 0.225162 0.134090 0.130204 0.119943 0.125053 0.123373 0.115284 0.093541 0.096377 0.070160 0.111785 0.125125 0.111663 0.091327 0.117676 0.120404 0.195356 0.290985 0.229492 0.283262 0.276588 0.280939 0.319645 0.133134 0.151334 0.171706 0.158500 0.139785 0.151019 0.167192 0.182927 0.226924 0.181593 0.127187 0.184328 0.130317 0.227861 0.166278 0.121553 0.187994 0.169115 0.133852 0.150531 0.130412 0.122662 0.097726 0.182153 0.100369 0.129263 0.116070 0.146318 0.117476 0.164937 0.170399 0.184448 0.136479 0.166775 0.152138 0.110432 0.095266 0.119948 0.090918 0.111336 0.130366 0.077482 0.086847 0.101620 0.185579 0.219834 0.106112 0.140883 0.111096 0.094602 0.113396 0.122600 0.156001 0.205657 0.126800 0.169276 0.139323 0.149289 0.110941 0.124463 0.104025 0.133700 0.117589 0.136512 
0.143970 0.130948 0.115988 0.138574 0.303603 0.279177 0.285867 0.128230 0.124283 0.119230 0.136174 0.067682 0.000000 0.103432 0.095401 0.093091 0.124896 0.118614 0.132526 0.138150 0.167785 0.202905 0.149546 0.209226 0.176964 0.291479 0.284157 0.330122 0.292468 0.298608 0.273477 0.284601 0.266006 0.251974 0.248719 0.252625 0.276645 0.302494 0.278625 0.234622 0.319634 0.289180 0.256185 0.315210 0.140068 0.123834 0.139713 0.123785 0.144344 0.154703 0.123284 0.107437 0.119004 0.156915 0.123058 0.224767 0.156894 0.134111 0.216791 0.316210 0.198144 0.391656 0.342583 0.410674 0.354252 0.307559 0.360786 0.349766 0.331563 0.163582 0.269066 0.333788 0.324420 0.135770 0.122774 0.102434 0.283970 0.241420 0.217512 0.250153 0.277916 0.247444 0.240248 0.212513 0.192422 0.172437 0.183274 0.526480 0.479692 0.229683 0.208021 0.204890 0.231145 0.548122 0.390796 0.539271 0.226006 0.374118 0.126050 0.142611 0.122647 0.125300 0.131207 0.154844 0.137811 0.129077 0.126212 0.122700 0.133533 0.142476 0.151513 0.121859 0.144269 0.126260 0.117958 0.131520 0.165737 0.159317 0.132004 0.120925 0.112787 0.132448 0.146436 0.165426 0.131749 0.126603 0.144162 0.132375 0.162273 0.164160 0.169106 0.142415 0.169642 0.164401 0.156740 0.164449 0.141506 0.147108 0.149435 0.178069 0.156188 0.147089 0.155252 0.144389 0.149210 0.208542 0.093005 0.210933 0.086770 0.131833 0.343000 0.103885 0.094792 0.122417 0.239157 0.103210 0.141946 0.116326 0.099102 0.103840 0.092086 0.089354 0.083627 0.080917 0.107923 0.125356 0.097884 0.079392 0.093679 0.094538 0.205273 0.298749 0.233279 0.290165 0.283177 0.291094 0.321683 0.158415 0.175716 0.174028 0.170600 0.141271 0.148301 0.168562 0.188663 0.225476 0.186717 0.130054 0.175573 0.122947 0.229144 0.173886 0.115453 0.183664 0.141213 0.162961 0.136148 0.125077 0.132283 0.119986 0.170757 0.104922 0.151831 0.103279 0.137491 0.124365 0.165510 0.179048 0.183486 0.146703 0.169627 0.162863 0.116423 0.115352 0.100660 0.073406 0.119950 0.153445 0.082170 0.082828 0.100169 0.188042 0.238649 0.112858 0.132103 0.110636 0.111172 0.115999 0.114410 0.154043 0.224012 0.137249 0.178012 0.147599 0.145457 0.088573 0.118805 0.105220 0.133454 0.104732 0.111333 
0.167716 0.145760 0.122559 0.149396 0.268132 0.234386 0.263134 0.161887 0.088852 0.083822 0.077704 0.142492 0.103432 0.000000 0.086221 0.042917 0.083665 0.157929 0.079426 0.087386 0.238774 0.257337 0.100749 0.186350 0.246280 0.236213 0.221797 0.274713 0.230173 0.248745 0.213448 0.221133 0.209431 0.193809 0.200402 0.194238 0.200962 0.240915 0.248265 0.204415 0.291886 0.267932 0.222987 0.286622 0.077814 0.099032 0.067909 0.095681 0.092780 0.092396 0.060119 0.059088 0.070848 0.187842 0.158645 0.254645 0.168481 0.155231 0.220216 0.313440 0.206757 0.361639 0.335317 0.421054 0.376346 0.297121 0.375282 0.331100 0.325990 0.199928 0.304662 0.314295 0.338779 0.142799 0.140881 0.116450 0.306505 0.273356 0.217707 0.260571 0.289996 0.275583 0.222929 0.193302 0.195068 0.195282 0.156839 0.582588 0.500921 0.249505 0.230267 0.220564 0.214584 0.625434 0.398828 0.538918 0.240912 0.388790 0.113975 0.080316 0.112678 0.100776 0.110044 0.083141 0.094630 0.090249 0.093066 0.087484 0.109607 0.108526 0.129070 0.166409 0.129556 0.119944 0.086575 0.094484 0.129982 0.111846 0.074578 0.070978 0.064359 0.088081 0.080886 0.137394 0.090384 0.082304 0.102503 0.072139 0.117899 0.126150 0.121585 0.095182 0.127802 0.120670 0.109433 0.112023 0.109316 0.111687 0.112777 0.140291 0.124154 0.096108 0.117649 0.102614 0.119385 0.212038 0.093457 0.222556 0.052400 0.123377 0.366321 0.092612 0.056710 0.078515 0.254813 0.075381 0.148999 0.101245 0.073230 0.095997 0.068435 0.095202 0.123956 0.098866 0.121516 0.138832 0.090202 0.083782 0.058822 0.085260 0.236375 0.299984 0.241523 0.297078 0.283347 0.289388 0.319616 0.161169 0.209033 0.224074 0.211178 0.174712 0.196008 0.201798 0.221250 0.189828 0.166367 0.113609 0.169895 0.122045 0.230565 0.223928 0.138473 0.136093 0.188488 0.176101 0.146908 0.127298 0.179069 0.163015 0.175368 0.136385 0.160889 0.100703 0.146480 0.136357 0.171663 0.183507 0.187668 0.156318 0.167541 0.198491 0.193985 0.159729 0.089859 0.113930 0.136744 0.140416 0.131031 0.116047 0.131000 0.185093 0.287063 0.182477 0.206473 0.110862 0.126837 0.137255 0.109787 0.167271 0.251026 0.163064 0.135697 0.128575 0.120570 0.133571 0.144154 0.112203 0.136684 0.061016 0.062837 
0.171477 0.167219 0.157635 0.161672 0.300558 0.258362 0.271462 0.154653 0.095431 0.109180 0.116912 0.120807 0.095401 0.086221 0.000000 0.094476 0.128055 0.179606 0.123808 0.118348 0.190774 0.203370 0.146900 0.173504 0.197558 0.266525 0.262514 0.314591 0.266019 0.291066 0.243087 0.266776 0.246894 0.226519 0.215263 0.221882 0.233975 0.286710 0.291373 0.260518 0.346223 0.324199 0.271470 0.342986 0.140184 0.150497 0.117969 0.153052 0.154484 0.156671 0.116651 0.127862 0.126551 0.186579 0.127171 0.250264 0.163730 0.150053 0.216904 0.321629 0.200437 0.391593 0.354650 0.429823 0.371693 0.294247 0.375228 0.343358 0.314069 0.180638 0.277520 0.298883 0.325444 0.166459 0.160138 0.142547 0.305363 0.260103 0.238830 0.260334 0.299146 0.243990 0.255779 0.223288 0.228439 0.205754 0.187400 0.571168 0.455815 0.232835 0.194456 0.193457 0.199643 0.581196 0.364169 0.569086 0.200340 0.350598 0.150301 0.108965 0.139924 0.149278 0.147459 0.117737 0.158128 0.147685 0.145716 0.140618 0.151548 0.167609 0.161724 0.134608 0.142198 0.137168 0.103812 0.120869 0.152858 0.130245 0.139536 0.123842 0.104530 0.148876 0.142010 0.206683 0.160604 0.150132 0.170401 0.138286 0.183044 0.197680 0.186335 0.161980 0.189682 0.186675 0.174396 0.169417 0.174991 0.179672 0.183572 0.208898 0.187099 0.150369 0.182241 0.168366 0.188477 0.165489 0.109122 0.202485 0.095689 0.131323 0.318222 0.125342 0.091528 0.101961 0.228593 0.071112 0.143368 0.121935 0.105967 0.149220 0.079414 0.089677 0.124419 0.115546 0.091410 0.127469 0.095965 0.085442 0.076528 0.107980 0.195169 0.315638 0.245570 0.312847 0.289314 0.302301 0.337604 0.138792 0.193184 0.207254 0.201020 0.164993 0.173428 0.208468 0.216514 0.223539 0.199896 0.109940 0.185259 0.145321 0.270690 0.203777 0.122074 0.174427 0.175616 0.183653 0.142135 0.135770 0.160927 0.149580 0.181697 0.135519 0.165712 0.119731 0.147784 0.157758 0.168472 0.189789 0.210370 0.158020 0.174206 0.193537 0.152876 0.142486 0.101601 0.091565 0.168992 0.174016 0.120881 0.121751 0.151686 0.142527 0.227099 0.130606 0.166666 0.121979 0.122000 0.120890 0.084191 0.116970 0.217878 0.127191 0.182236 0.173559 0.162435 0.109562 0.136649 0.110144 0.122236 0.101978 0.106918 
0.155577 0.141051 0.108211 0.132028 0.267108 0.234341 0.273708 0.161587 0.101818 0.083963 0.092906 0.122848 0.093091 0.042917 0.094476 0.000000 0.072336 0.133709 0.079112 0.094789 0.236921 0.255419 0.094529 0.193513 0.243373 0.234683 0.226201 0.277648 0.229738 0.246139 0.211827 0.221280 0.215161 0.188235 0.213496 0.198851 0.227353 0.243011 0.245568 0.210811 0.293949 0.269979 0.225937 0.291832 0.078830 0.080537 0.080195 0.084710 0.095376 0.100756 0.057218 0.057329 0.067306 0.170938 0.161064 0.250855 0.175024 0.144233 0.208096 0.302007 0.189112 0.352337 0.324746 0.411425 0.364720 0.288551 0.365430 0.322370 0.324812 0.201207 0.295237 0.328960 0.324381 0.122940 0.112926 0.088490 0.301361 0.271892 0.212041 0.251660 0.281144 0.282529 0.215250 0.183890 0.192663 0.185748 0.147372 0.565555 0.510259 0.256838 0.240351 0.235532 0.229147 0.618744 0.413273 0.528087 0.252231 0.401682 0.096100 0.091059 0.087529 0.085824 0.091318 0.092751 0.089003 0.088778 0.081959 0.083780 0.088329 0.105228 0.121455 0.168292 0.127784 0.114460 0.078668 0.100572 0.133959 0.113904 0.078175 0.065985 0.057246 0.084688 0.095154 0.138157 0.091039 0.084910 0.106231 0.081392 0.117803 0.131314 0.124865 0.100162 0.123663 0.122524 0.110986 0.108884 0.111989 0.112939 0.114998 0.147736 0.125415 0.107585 0.119386 0.103978 0.120970 0.222491 0.087673 0.219273 0.034000 0.099176 0.380099 0.078990 0.062090 0.096023 0.240327 0.086078 0.138557 0.087839 0.061166 0.084660 0.059500 0.088528 0.102692 0.078121 0.121869 0.136013 0.072411 0.065133 0.048067 0.068197 0.235298 0.297173 0.240066 0.290042 0.284715 0.289003 0.318638 0.163384 0.195978 0.205874 0.194626 0.170139 0.187608 0.188103 0.214805 0.182025 0.157715 0.114337 0.174532 0.098673 0.218130 0.214999 0.134647 0.149912 0.193731 0.166854 0.137794 0.123874 0.165150 0.142541 0.177171 0.119070 0.151574 0.101167 0.138997 0.135444 0.175013 0.171619 0.186183 0.150982 0.158495 0.196435 0.186549 0.136701 0.094715 0.104825 0.129418 0.128114 0.109248 0.094149 0.114610 0.197225 0.278220 0.167765 0.189601 0.101012 0.104315 0.127487 0.107814 0.174328 0.253123 0.164169 0.125506 0.121392 0.108725 0.134013 0.144021 0.106963 0.135936 0.058236 0.040262 
0.163822 0.149363 0.122625 0.143567 0.251689 0.235635 0.288467 0.174841 0.112250 0.096615 0.090920 0.127562 0.124896 0.083665 0.128055 0.072336 0.000000 0.147261 0.058525 0.085651 0.258153 0.280860 0.054785 0.231149 0.267235 0.252234 0.246758 0.299430 0.247662 0.261994 0.222732 0.224656 0.233479 0.205961 0.239477 0.216574 0.230223 0.260616 0.243807 0.218601 0.309892 0.290045 0.228646 0.304003 0.088288 0.115484 0.122707 0.110431 0.094618 0.095096 0.088308 0.083455 0.070602 0.175219 0.179500 0.237635 0.173421 0.133915 0.170994 0.267927 0.159283 0.324565 0.290622 0.368708 0.327971 0.255553 0.330002 0.286677 0.307411 0.181783 0.268197 0.315789 0.296333 0.134738 0.133643 0.117243 0.274433 0.235175 0.180431 0.221608 0.249803 0.254699 0.191278 0.163648 0.175946 0.172728 0.144117 0.567129 0.490269 0.258232 0.243955 0.249419 0.211036 0.628310 0.373468 0.538126 0.248391 0.388617 0.128793 0.134689 0.116435 0.132489 0.116572 0.124276 0.112050 0.103303 0.108831 0.117509 0.114903 0.123389 0.104308 0.164871 0.133054 0.092801 0.098518 0.092710 0.121396 0.105618 0.064852 0.082939 0.094398 0.071985 0.085186 0.121761 0.075085 0.077826 0.082038 0.059317 0.097124 0.115401 0.096875 0.075404 0.096346 0.098253 0.080680 0.088339 0.098696 0.094857 0.104051 0.128424 0.107763 0.087105 0.106770 0.077880 0.100722 0.234970 0.116342 0.235281 0.076713 0.109665 0.384935 0.141345 0.094865 0.109469 0.244382 0.105448 0.164111 0.108328 0.114066 0.121585 0.105268 0.107585 0.133816 0.088525 0.139840 0.137891 0.109170 0.096192 0.094586 0.110646 0.247801 0.265367 0.215693 0.256474 0.254888 0.250321 0.291276 0.160714 0.180475 0.218533 0.196860 0.185733 0.200897 0.203945 0.212709 0.144352 0.142556 0.106638 0.187358 0.119209 0.228197 0.206970 0.135740 0.126335 0.177534 0.162662 0.149156 0.120905 0.165297 0.147029 0.169419 0.120062 0.145336 0.105410 0.135115 0.142042 0.186257 0.156574 0.158701 0.132131 0.163185 0.173119 0.198865 0.154346 0.111920 0.130996 0.123596 0.109131 0.133683 0.116310 0.131557 0.204494 0.293777 0.178163 0.207568 0.117271 0.117133 0.140665 0.110670 0.199533 0.257166 0.176345 0.078234 0.078643 0.076409 0.158755 0.163563 0.075346 0.096874 0.084723 0.088447 
0.152613 0.082581 0.112912 0.154604 0.272761 0.270798 0.281688 0.105182 0.173002 0.160468 0.181085 0.107791 0.118614 0.157929 0.179606 0.133709 0.147261 0.000000 0.151333 0.169622 0.225172 0.273437 0.173775 0.263416 0.230900 0.325814 0.320215 0.365177 0.326484 0.337911 0.302217 0.317814 0.305485 0.285483 0.300520 0.293052 0.322898 0.339036 0.306786 0.275481 0.358416 0.331035 0.295901 0.356810 0.181257 0.160192 0.181236 0.163235 0.188705 0.200266 0.161050 0.152575 0.148537 0.143446 0.211414 0.269151 0.243181 0.161907 0.229097 0.268850 0.212630 0.333953 0.300148 0.352897 0.347337 0.304389 0.316116 0.317274 0.341054 0.193017 0.279032 0.305786 0.311830 0.104310 0.110942 0.115618 0.222166 0.280781 0.145384 0.201014 0.212158 0.323452 0.223334 0.193386 0.134072 0.121218 0.182286 0.442826 0.432292 0.183111 0.271067 0.172708 0.317532 0.502886 0.346946 0.539943 0.237807 0.330718 0.158757 0.189756 0.152436 0.163770 0.156215 0.192069 0.180180 0.165336 0.163235 0.166681 0.159480 0.184452 0.133946 0.183722 0.124272 0.159925 0.149720 0.149497 0.179838 0.145562 0.173162 0.166943 0.151539 0.174403 0.186362 0.203487 0.175659 0.173931 0.183704 0.173626 0.198780 0.208062 0.199310 0.177453 0.205324 0.197688 0.192010 0.199766 0.182959 0.186171 0.192894 0.216268 0.194334 0.191426 0.194534 0.177945 0.193121 0.188536 0.096539 0.188042 0.133404 0.151071 0.347705 0.169415 0.149293 0.184718 0.243358 0.171611 0.158209 0.126534 0.143999 0.142507 0.141392 0.123301 0.094367 0.108720 0.143961 0.147241 0.150155 0.130674 0.139251 0.138585 0.203464 0.243030 0.218689 0.239761 0.256148 0.223807 0.249768 0.149313 0.160806 0.169664 0.153208 0.157248 0.169959 0.124054 0.167931 0.201140 0.139885 0.148393 0.103830 0.153368 0.249847 0.163218 0.121167 0.160168 0.123785 0.130886 0.112069 0.115255 0.139034 0.132744 0.139935 0.105238 0.139341 0.122909 0.154539 0.093553 0.130856 0.096248 0.103086 0.138477 0.119971 0.153075 0.133025 0.103662 0.137564 0.125451 0.062989 0.114721 0.120564 0.106278 0.092199 0.247992 0.203634 0.123666 0.136131 0.123807 0.127742 0.158570 0.161810 0.205296 0.185646 0.188675 0.192633 0.168086 0.167116 0.121333 0.091033 0.163267 0.197184 0.149175 0.149789 
