242 242
0.000000 0.854383 1.350197 0.888357 2.079097 1.996727 2.017470 2.216249 2.089944 2.144831 2.232171 1.584250 2.384288 2.232518 1.545152 2.844278 2.779875 2.095827 1.920625 1.825000 1.405428 2.756534 1.206054 2.515589 2.496571 3.254108 3.214747 3.327637 3.394198 3.437899 3.676261 3.606354 3.119997 3.280911 3.547940 3.026492 3.284382 2.985671 2.862541 3.151391 3.739448 3.248124 3.223834 3.667361 3.591185 3.402622 2.216238 2.516421 2.682698 2.466348 2.377609 2.383077 2.162799 2.024811 2.192527 2.380552 2.501751 3.121181 2.319406 3.169013 3.789513 3.484464 2.172290 3.050542 3.162828 2.337440 3.603865 3.455368 3.186851 3.513094 3.257120 1.233584 1.121790 1.188525 1.640512 1.575215 1.814266 2.664024 3.012675 1.695351 1.501098 1.739736 2.191421 2.084216 1.461030 3.970156 2.166303 4.488890 2.552125 2.927514 3.116373 2.631339 4.684700 3.690056 2.786487 3.316501 3.705427 2.200041 2.105209 2.116369 2.706351 2.651455 2.333479 2.384955 2.488186 2.831253 3.012024 2.303809 2.705306 1.407526 2.351840 1.454093 1.360555 1.431190 1.337555 1.229914 1.083028 1.390254 1.278283 2.435945 2.413190 2.750797 2.117998 2.737505 2.598197 2.850250 2.430427 2.358183 2.746861 2.548520 2.388617 2.600307 2.212178 2.154265 3.132516 2.562374 2.333064 2.402771 2.157406 2.386977 2.758377 2.566368 2.667172 2.323491 2.196394 2.063505 3.770554 3.289562 2.448958 2.325842 2.097481 2.626995 2.268178 1.998216 2.215938 3.078688 3.769870 2.565292 1.976411 1.893119 1.628044 2.369957 2.866688 1.797528 2.809863 2.375443 2.830157 2.501175 2.404304 2.740021 2.445466 2.688239 2.683857 2.422166 2.659380 1.772299 2.035985 1.675780 2.045853 1.797808 1.999099 2.062948 1.826683 1.659832 0.945636 1.513551 1.457678 2.699635 5.151244 1.744544 1.577771 1.668915 2.023233 1.676249 1.077949 1.670896 1.315267 2.039465 1.244610 1.659177 1.047900 1.128174 1.347005 1.522397 1.475028 1.328455 1.641291 1.768744 1.397127 2.087373 2.079007 2.016048 1.514962 1.174822 1.162124 1.986645 1.927156 2.008522 1.941084 1.245295 2.448549 2.564194 1.453578 1.384605 1.774774 1.843298 2.149538 1.855471 1.054810 1.074057 1.665539 2.412154 1.105629 1.923454 1.060816 1.856230 1.954812 2.191228 1.710763 1.123713 2.696303 2.954811 
0.854383 0.000000 1.023875 0.620908 1.659397 1.820483 1.644783 1.740000 1.659108 1.624431 1.613883 1.336691 1.809979 1.739335 1.246181 2.252601 2.255009 1.608338 1.597851 1.421422 1.363396 2.335112 0.915135 2.045928 2.012188 3.013429 3.584995 3.442376 3.140593 3.724742 3.335468 3.225959 2.876836 3.388156 3.204403 2.748515 2.770142 2.957856 3.244656 3.233294 3.391874 3.035107 2.913370 3.656040 3.332157 2.954582 1.823342 2.057054 2.034457 1.728452 2.143592 2.226338 1.918391 1.415303 2.111826 2.446984 2.264148 3.025399 2.163586 2.779834 3.627409 3.246441 1.939710 2.864698 2.879537 1.900976 3.402301 3.267562 2.954855 3.129944 2.986298 0.714020 0.851337 0.806235 1.440635 1.431250 1.300852 2.384592 2.497370 1.401993 1.557938 1.480217 1.708899 1.444497 1.240610 3.684658 1.726136 4.083825 2.280231 2.507436 2.712300 2.263974 4.256439 3.261186 2.367197 2.815220 3.286953 1.731590 2.245064 2.087861 2.065238 2.097419 2.183088 1.933307 1.894621 2.352367 2.362989 2.157671 2.608543 0.931985 1.797209 0.957864 0.825703 0.976306 0.900635 0.871318 0.654570 1.001054 0.909038 2.122158 1.853365 2.186384 1.818184 2.236513 1.974884 2.285837 1.856290 1.733279 2.156963 1.990703 2.135479 2.294636 1.679758 1.576982 2.688654 2.143692 1.768651 1.926683 1.704211 1.783024 2.192118 2.083466 2.097729 1.905868 1.641967 1.712665 3.279312 2.914598 1.884545 1.767394 1.691247 2.412263 1.732668 1.733336 1.641501 2.647975 3.237567 2.196001 1.385443 1.404926 1.175136 1.884869 2.351056 1.415310 2.391792 2.016867 2.361016 2.331682 1.879473 2.375589 2.177726 2.354379 2.351435 2.299319 2.336486 1.247647 1.595272 1.330337 1.489035 1.291768 1.536612 1.469365 1.276101 1.201666 1.034646 1.039367 1.351141 2.257058 4.767691 1.248911 1.140373 1.567650 1.425323 1.202942 0.707286 1.348070 0.908487 1.475052 1.213603 1.064520 0.740321 0.810182 0.991033 1.104083 0.952257 0.933709 1.102706 1.395626 1.078423 1.514624 1.476309 1.457063 1.507198 0.838194 1.162417 1.306071 1.272403 1.489981 1.428004 0.979490 1.992048 2.348869 1.074794 0.912407 1.196135 1.558195 1.783119 1.628602 0.795336 0.836097 1.207639 2.088108 0.971210 1.473713 0.943442 1.426913 1.780589 1.956853 1.320947 1.032779 2.277621 2.482277 
1.350197 1.023875 0.000000 1.125266 2.073058 2.212311 1.801955 1.566739 1.832660 1.662302 1.396384 0.966661 1.547768 1.424111 1.249905 2.041753 2.017148 1.209209 1.910063 1.179669 1.298520 2.877385 1.502395 2.506362 2.371331 3.584463 3.948055 3.965329 3.543535 4.226516 3.958851 3.701531 3.384745 3.821042 3.854920 3.150657 3.388643 3.270768 3.752453 3.802631 3.875696 3.505366 3.433253 4.080359 3.819967 3.544678 2.424015 2.227968 2.512944 1.989147 2.533732 2.407563 2.493152 2.183537 2.640692 2.984242 2.503972 3.486327 2.616471 3.407148 4.210468 3.580498 2.580604 3.393506 3.346042 2.434858 3.731958 3.868641 2.968372 3.523087 3.541498 1.250098 0.999877 0.925704 1.236663 0.913799 1.289584 2.970479 2.858457 1.792224 2.138613 1.632425 2.299912 1.730983 1.654088 3.874695 1.595358 4.437210 2.267905 2.481148 2.928205 2.566600 4.559034 3.363211 2.498188 2.957076 3.783465 1.835202 2.600624 2.151088 2.662097 2.419152 2.197241 2.519328 2.381441 2.702365 2.741570 2.349383 3.279608 1.475796 2.177437 1.343379 1.188196 0.755291 1.142079 0.782577 0.673903 1.056581 1.044544 1.801634 1.494542 1.843271 1.743639 2.152857 1.965364 1.824422 1.561294 2.000706 2.151616 1.815572 1.736375 1.758803 1.802124 1.543034 2.261215 1.526797 1.878181 1.941342 1.659363 2.141404 1.992188 1.442507 1.907869 1.311458 1.912422 2.207651 2.830786 3.327029 1.627787 1.998620 2.149050 2.832589 2.168511 1.508774 1.415091 2.895506 2.630750 1.872810 1.021411 1.231041 0.825376 1.542908 1.971518 1.364346 2.168266 1.964050 1.553131 2.899816 2.383124 2.784200 2.815610 2.899326 2.809631 2.849785 3.039530 1.877658 2.221013 1.476429 1.916026 1.611704 1.736741 2.090548 1.976235 0.933206 1.092627 1.324049 1.294595 1.632114 4.718774 1.827821 1.306201 2.035573 1.569383 1.582297 1.294772 1.779072 1.251028 1.166904 1.176374 1.571706 1.380633 1.139626 1.108684 1.012814 1.247640 1.134447 1.219278 1.211954 0.820782 1.036402 1.119290 1.303233 1.685004 0.510396 1.115246 0.925010 0.987698 0.940815 1.006411 1.307612 2.201400 2.388525 1.254700 1.059677 1.354475 1.173269 1.436939 2.095803 0.999822 1.094715 1.380088 2.186125 1.108101 1.947764 0.913045 1.450117 2.008065 1.819841 0.900386 1.309341 1.709859 2.200092 
0.888357 0.620908 1.125266 0.000000 1.628953 1.675989 1.720307 1.809896 1.602080 1.646892 1.783464 1.109404 1.954398 1.966238 1.197313 2.286848 2.231151 1.669741 1.543398 1.555361 1.309781 2.203084 0.854597 1.911910 1.957819 2.910229 3.452968 3.339175 3.085488 3.621542 3.244324 3.166910 2.750263 3.286422 3.120590 2.645314 2.680703 2.825828 3.218379 3.146060 3.302924 2.984589 2.810170 3.552839 3.228956 2.851382 1.751355 1.927772 2.004396 1.835523 1.881121 2.229317 1.860971 1.556327 2.057901 2.391880 1.968680 2.801736 2.007168 2.560414 3.535094 3.042919 1.820033 2.468906 2.596061 1.768948 3.020624 2.877530 2.671255 2.922385 2.730505 0.802619 0.980360 0.823303 1.318448 1.186339 1.313675 2.355783 2.394332 1.297483 1.417583 1.159405 1.622651 1.577571 0.891611 3.717418 1.831385 4.121472 2.229362 2.605510 2.666205 2.108859 4.341666 3.274686 2.264006 2.894051 3.284870 1.799505 2.023237 1.947675 2.000526 1.973153 2.032559 1.752525 1.797025 2.241009 2.306200 2.021238 2.464025 1.111061 1.822525 1.101125 0.963205 0.861648 0.857540 0.869159 0.675570 1.014915 0.897865 2.161842 1.902223 2.239829 1.951888 2.416017 2.072567 2.416206 1.981720 2.017464 2.296527 2.045264 2.260244 2.425004 1.850953 1.707350 2.807649 2.260299 1.899019 2.065544 1.731834 1.916704 2.267817 2.209247 2.232490 1.953509 1.654048 1.550199 3.190621 3.014135 1.869025 1.814610 1.515286 2.158284 1.661744 1.745866 1.621343 2.654143 3.208286 2.058530 1.381816 1.503887 1.270923 2.023395 2.286755 1.340390 2.254321 1.865634 2.477623 2.424497 1.790035 2.352770 2.297271 2.267145 2.261996 2.143358 2.300912 1.270175 1.676384 1.387484 1.452511 1.269154 1.529585 1.519605 1.222102 1.184829 1.238067 1.098024 1.555169 2.467822 5.021670 1.467292 1.145422 1.601189 1.680825 1.341803 0.784170 1.201503 1.024586 1.536455 1.057126 1.162323 0.828978 0.738131 1.202674 1.154377 0.966303 1.111085 1.356990 1.493459 1.147126 1.554308 1.567589 1.432368 1.434100 1.137908 1.428532 1.461015 1.469116 1.529665 1.484429 1.112608 1.884784 1.823385 1.225619 1.148347 1.267660 1.780580 1.740665 1.727645 0.761246 0.846868 1.200611 1.852977 0.931787 1.531563 0.996560 1.413850 1.650441 1.655039 1.445711 1.225383 2.325263 2.408996 
2.079097 1.659397 2.073058 1.628953 0.000000 0.478351 1.788497 2.415195 2.521128 2.254204 2.591087 2.258931 2.802583 2.707412 2.292420 3.168016 3.307911 2.623312 1.665155 2.380672 2.361670 1.591958 1.691468 2.100771 1.504218 2.304381 2.456993 2.699287 1.895084 2.540304 2.465502 2.204407 2.118314 2.267399 2.431351 1.731171 2.692334 2.620307 2.888917 2.562846 2.362009 2.130109 2.565648 2.296724 2.254374 2.190564 2.840303 3.014543 2.545443 2.785992 3.131254 2.937326 1.988220 1.996420 1.872177 1.896939 1.146234 1.545693 1.434213 1.609975 2.403533 2.013215 2.402073 1.620718 1.555969 1.348755 2.169752 2.076717 1.517457 1.879236 1.727195 1.472371 1.422191 1.436441 2.376570 2.246987 2.480135 1.013684 1.068130 0.868606 1.465921 1.574078 1.057798 1.244013 1.984605 2.129358 1.954983 2.650476 1.007346 1.325232 1.200693 1.461801 2.786493 1.786920 1.013544 1.389616 1.834638 2.381557 3.205602 2.937468 2.681380 3.085480 3.113514 2.829012 2.727746 3.144753 3.392334 3.050017 3.589625 1.663658 1.543720 1.446644 1.710172 1.845062 2.010210 1.677949 1.880074 1.283976 1.658213 3.015339 3.005888 3.221543 2.798706 3.114082 2.971891 3.247826 2.809104 2.770830 2.884641 2.889719 3.044934 3.256625 2.262231 2.636531 3.607015 3.036873 2.803810 2.658403 2.342227 2.932648 3.123965 3.040867 3.050737 2.730084 2.514655 2.114775 4.391847 1.553012 2.777568 2.335797 2.639090 2.322308 2.869732 2.538163 2.545153 1.849911 4.122870 3.308536 2.302856 2.375483 2.322055 2.711724 3.463591 2.443212 3.504328 3.065182 3.329046 1.197287 0.825340 1.334309 1.024980 0.911483 0.964369 1.257845 1.160725 1.166058 0.875786 1.474300 1.641288 1.158065 1.281095 1.173742 1.142509 1.857877 1.771359 1.906215 1.626303 3.531809 6.172445 1.092384 1.778648 1.738513 1.351284 1.237370 1.414553 1.595730 1.865437 2.368075 1.796045 1.535144 1.370982 1.860528 1.554962 1.586968 1.173831 1.541285 1.295206 1.894038 2.376734 2.486702 2.369332 2.560423 1.790368 2.065388 2.154087 2.407327 2.187652 2.479269 2.029922 1.466735 1.249186 1.264612 1.709491 2.042396 1.616634 2.699277 3.037686 1.968352 1.953401 1.937063 1.907395 0.865881 1.370022 1.288751 1.807469 2.179137 1.372216 0.977141 2.031352 1.788907 3.101837 3.599211 
1.996727 1.820483 2.212311 1.675989 0.478351 0.000000 2.098131 2.778419 2.807429 2.564896 2.954312 2.413337 3.166782 3.026532 2.489818 3.436943 3.594213 2.986537 1.876372 2.743897 2.632768 1.653260 1.800162 2.338047 1.791494 2.343721 2.396928 2.651470 2.031000 2.481213 2.516502 2.269705 2.070498 2.257698 2.482351 1.831561 2.754610 2.746882 2.918024 2.515030 2.437399 2.258032 2.627923 2.237633 2.350787 2.341564 3.127579 3.300845 2.688463 3.079621 3.418530 3.138900 2.040404 2.366973 2.049360 1.926046 1.093316 1.605249 1.477166 1.345745 2.284772 1.740106 2.514348 1.366753 1.383271 1.411030 1.919141 1.824663 1.330099 1.689826 1.653137 1.842924 1.449006 1.714104 2.714795 2.355521 2.766437 1.250015 1.202538 0.855140 1.076742 1.289249 1.120074 1.562033 1.805231 2.454014 2.342598 2.847072 1.378521 1.782149 1.554923 1.710104 3.196095 2.133048 1.403058 1.729310 2.265408 2.643557 3.207786 2.888678 2.743655 3.222755 3.251738 2.872939 2.790021 3.161157 3.581075 3.188242 3.548163 1.503002 1.612349 1.315566 1.829615 2.131118 2.139268 1.938182 2.185293 1.646591 1.681725 3.326031 3.292190 3.507845 3.161931 3.501697 3.262755 3.635441 3.196719 3.140409 3.202660 3.200411 3.432549 3.644240 2.649846 2.999756 3.994630 3.424488 3.167035 3.046018 2.679842 3.296846 3.410267 3.428482 3.438352 3.039717 2.801931 2.369643 4.678149 2.013734 3.088260 2.647462 2.930276 2.534583 3.157007 2.810558 2.831455 2.155394 4.409172 3.594838 2.589158 2.665314 2.685280 3.100118 3.749893 2.806437 3.790629 3.351484 3.692271 1.030032 0.871531 0.995747 0.880544 0.899096 1.061412 0.913835 1.178822 1.477890 1.246338 1.526941 1.916882 1.378669 1.592761 1.467371 1.429784 2.168569 1.957624 2.269440 1.910180 3.557791 6.149102 0.945193 2.024639 1.722051 1.746227 1.601569 1.310466 1.239720 1.859017 2.755690 1.555892 1.828774 1.165970 1.752449 1.573328 1.821930 1.394459 1.629982 1.683939 2.258717 2.371024 2.798367 2.756947 2.846725 1.510307 2.144955 2.213501 2.699983 2.578008 2.765571 2.346967 1.552934 1.484878 1.163798 1.721293 2.119231 1.933680 2.694936 2.905702 2.150916 1.822950 2.010791 2.193697 0.916194 1.419460 1.577949 2.063515 2.465438 1.236358 1.187432 2.418967 1.837239 3.489452 3.891867 
2.017470 1.644783 1.801955 1.720307 1.788497 2.098131 0.000000 0.876766 0.942845 0.663686 1.057930 1.635508 1.241672 1.261581 1.505089 1.523864 1.731534 1.059825 0.470629 0.861579 1.541292 1.339189 1.068233 1.058251 0.921292 1.978176 2.346596 2.399830 2.455376 2.504955 2.316084 1.991683 1.905628 2.249075 2.214710 1.811237 2.000953 1.872948 2.322801 2.147650 2.223147 2.019020 1.919122 2.364914 2.138816 1.881351 1.442244 1.560846 1.307925 1.239658 1.808196 1.229468 1.033659 0.967738 0.994053 1.221713 1.933481 2.750040 1.701339 3.329507 4.173620 3.485069 1.455240 3.253991 3.246339 1.529985 3.848448 3.768064 2.911008 3.414831 3.417565 1.030153 1.154256 1.290338 1.451344 1.293155 1.280857 2.012760 2.069620 1.723692 1.972574 1.666163 1.466995 0.905397 1.827240 3.080913 0.554521 3.605504 1.118854 1.254244 2.109344 1.198191 3.385459 2.617471 0.937199 1.895505 2.595275 0.671063 1.938957 1.448794 1.640255 1.721993 1.866110 1.645510 1.404687 1.594004 1.911732 1.646320 2.217747 1.538579 1.371936 1.431315 1.386563 1.523146 1.791029 1.218862 1.769661 1.041681 1.506460 1.555607 1.572193 1.579993 1.338974 1.654350 1.372320 1.606276 1.167554 1.158443 1.352892 1.310888 1.585202 1.796893 0.929387 0.994981 1.965465 1.577141 1.406992 1.198671 0.825676 1.553554 1.482415 1.399317 1.485346 1.302915 1.357286 1.266006 2.820304 2.124708 1.136018 0.976039 1.424351 1.968246 1.506521 1.357608 1.348828 1.448727 2.412355 1.826017 1.189675 1.527768 1.714023 1.829084 2.042246 1.417537 2.262694 1.643676 1.982360 2.835937 1.832973 2.711146 2.685891 2.156830 2.280387 2.806082 2.685471 1.334240 1.557458 1.532715 1.391419 1.077022 1.270399 1.420165 1.440901 1.375146 1.475191 0.903280 1.203427 3.260706 6.192962 1.789682 0.850286 1.437783 0.976137 0.925405 1.540031 1.731513 1.735170 1.440871 1.502995 1.044705 1.494830 1.795064 1.370803 1.311688 0.919682 1.299009 1.118132 0.772137 2.036665 1.531228 1.238334 1.394520 2.060944 1.794285 2.037279 1.842152 1.617681 1.957691 1.448592 1.419432 1.266011 2.189414 1.482059 1.631328 1.030347 2.483009 2.755272 1.092570 1.807298 1.721994 0.779759 1.600796 1.342256 1.079227 1.718185 0.961403 2.100380 1.811023 1.220819 1.828785 1.845126 2.111212 
2.216249 1.740000 1.566739 1.809896 2.415195 2.778419 0.876766 0.000000 0.483231 0.596581 0.675775 1.352975 1.011294 0.920140 1.607417 1.322400 1.329421 0.843427 1.165516 0.658427 1.545703 1.634432 1.360904 1.155849 1.240252 2.178114 2.630390 2.592011 2.951792 2.867581 2.547915 2.368353 2.434217 2.561177 2.443984 2.248396 1.992545 2.072755 2.759233 2.396282 2.513541 2.469105 2.022317 2.698400 2.413618 2.138329 1.262418 1.245699 1.359011 0.895203 1.575094 1.302113 1.487704 1.335913 1.379779 1.822335 2.474089 3.368513 2.260952 3.948866 4.746950 4.122216 1.354143 3.907832 3.836199 2.038158 4.273676 4.410359 3.460947 4.034191 4.024405 1.279054 1.565986 1.437284 1.319649 1.174827 1.155103 2.550677 2.640165 2.333943 2.680332 2.174143 2.104702 1.507711 2.220015 3.754384 0.611525 4.158590 1.654654 1.491305 2.825010 1.952783 4.064451 3.239730 1.609616 2.320462 3.092805 0.591963 1.865909 1.268552 1.521090 1.492095 1.464701 1.439652 1.208568 1.534079 1.771658 1.364710 2.201526 1.973895 1.771320 1.799617 1.506780 1.613289 1.972122 1.381396 1.725087 1.432081 1.639348 1.180627 0.913875 1.078943 0.897952 1.338591 1.088280 1.191138 0.800321 0.865521 1.099010 0.873551 1.045168 1.297887 0.650447 0.677225 1.364315 0.918514 0.991419 0.847725 0.502912 1.166713 0.889932 0.891469 1.143806 1.244062 1.097186 1.771267 2.012503 2.719685 0.744159 0.769566 1.222440 2.491167 1.181320 1.339905 1.422782 1.827777 1.937049 1.224354 1.199063 1.557978 1.554158 1.767869 1.757734 1.559701 1.800994 1.301197 1.305328 3.436947 2.423672 3.325919 3.286902 2.867031 2.825632 3.391503 3.278988 1.920960 2.124566 2.011801 1.857552 1.754333 1.674960 2.007351 2.037909 1.322429 1.713980 0.752379 1.652395 2.924617 6.211960 2.330902 0.976570 2.093681 1.376618 1.279166 1.900869 2.316204 2.014419 0.814905 1.644602 1.531202 1.991317 1.847833 1.699736 1.539185 1.488289 1.683154 1.526601 1.056075 1.719678 1.287343 1.013924 1.262206 2.423160 1.677463 2.074093 1.741080 1.621298 1.771144 1.535085 1.818376 1.852535 2.539602 1.880303 1.596429 1.377805 2.566227 2.614755 1.568334 1.817332 1.798912 0.761011 2.162770 1.784915 1.607518 1.864689 0.703633 2.618749 2.324888 0.952161 2.072602 1.181617 1.483111 
2.089944 1.659108 1.832660 1.602080 2.521128 2.807429 0.942845 0.483231 0.000000 0.541863 0.878127 1.634326 1.165867 1.110823 1.580502 1.189488 1.090632 0.985096 1.222669 0.804378 1.421516 1.517100 1.258989 0.980797 1.220481 2.015966 2.659400 2.567888 3.037708 2.807347 2.381179 2.303765 2.371531 2.561444 2.257445 2.277406 1.768636 2.064945 2.767605 2.319168 2.444366 2.383042 1.933339 2.633813 2.349031 1.976181 0.972281 1.002962 1.255468 0.906854 1.273682 1.223570 1.489591 1.275201 1.401136 1.765853 2.333834 3.275572 2.119231 3.831535 4.682151 4.004885 1.079869 3.766111 3.743258 1.922618 4.131955 4.268637 3.465567 3.916859 3.882683 1.191705 1.746919 1.377145 1.078654 1.386625 0.856273 2.534659 2.640198 2.362953 2.688704 2.154373 2.060542 1.636721 1.876171 3.860317 0.892458 4.191353 1.760587 1.415420 2.697202 1.613169 4.170384 3.211922 1.638626 2.524472 3.125567 0.632582 1.662680 1.118225 1.380253 1.260123 1.498856 1.207680 1.027268 1.284195 1.470245 1.173551 1.904701 1.832173 1.722572 1.617832 1.292776 1.350194 1.587075 1.348899 1.669194 1.538014 1.366427 1.229533 0.907874 0.867053 0.946658 1.459833 0.875781 1.312380 0.921563 0.843790 1.165880 0.767496 1.223458 1.430045 0.848049 0.665901 1.405259 1.226276 1.088271 0.946105 0.545833 1.122562 0.829566 1.018250 1.265048 1.281670 0.973154 1.447727 1.971424 2.875618 0.788478 0.876464 0.990468 2.167627 1.044761 1.339963 1.328880 1.701798 1.837834 1.028055 1.336979 1.498025 1.334223 1.827741 1.661331 1.276578 1.593153 1.194226 1.679292 3.518490 2.448095 3.330538 3.291522 2.871650 2.850055 3.371733 3.137266 1.929332 2.225912 2.038668 1.651376 1.783343 1.878970 2.007384 1.920577 1.322069 1.923581 0.810490 1.933328 2.950325 6.426800 2.237961 1.133029 1.794532 1.632551 1.485709 1.977825 2.061247 1.816134 1.213538 1.846130 1.413870 1.975299 1.458199 1.692951 1.425791 1.512712 1.550759 1.802947 1.264457 1.652894 1.253216 1.228763 0.974131 2.474514 1.834858 2.258695 1.648398 1.840725 1.791506 1.560437 1.571759 1.699727 2.450081 1.747907 1.427310 1.297859 2.603835 2.581749 1.269184 1.459267 1.508250 0.757698 2.143000 1.817677 1.664671 1.959115 0.740149 2.343990 2.249003 1.324187 2.068033 1.490532 1.357966 
2.144831 1.624431 1.662302 1.646892 2.254204 2.564896 0.663686 0.596581 0.541863 0.000000 0.766829 1.635920 0.931379 1.028244 1.536842 1.043285 1.286540 0.892071 1.082142 0.706646 1.623356 1.582595 1.264560 1.272206 1.144421 2.169172 2.684404 2.673991 2.943035 2.842763 2.530038 2.256651 2.345442 2.562492 2.384536 2.017696 2.069261 2.016330 2.693943 2.427668 2.424212 2.359162 1.995943 2.689832 2.390339 2.110325 1.228123 1.429867 1.224209 0.889567 1.594074 1.158072 1.297790 1.222922 1.278366 1.632398 2.380915 3.224997 2.227328 3.759733 4.634739 3.978374 1.344157 3.761058 3.702947 1.945309 4.255013 4.221225 3.404887 3.845057 3.851237 1.155568 1.471581 1.483819 1.351589 1.439438 1.026656 2.506078 2.480357 2.184887 2.584087 2.041244 1.915569 1.221016 1.859198 3.625713 0.595737 4.134863 1.684911 1.377167 2.407070 1.488413 3.952241 2.804568 1.398995 2.033768 2.994916 0.457897 1.861579 1.422449 1.575471 1.539110 1.802009 1.508499 1.201841 1.528004 1.698751 1.587677 2.128620 1.784761 1.582186 1.428666 1.135586 1.401672 1.613777 1.244029 1.774202 1.353662 1.376574 1.170644 1.203029 1.066120 1.133842 1.300438 0.869979 1.252364 0.813642 0.927387 0.939818 0.671592 1.245052 1.442981 0.778931 0.789850 1.473084 1.269101 1.050828 0.946934 0.633040 1.272390 0.918542 1.045405 1.080401 1.035049 0.916294 1.400315 2.338287 2.538587 0.705183 0.691533 1.265545 2.159968 1.230290 1.316056 1.113593 1.494451 1.926622 1.343999 1.086258 1.290781 1.586745 1.451993 1.757011 1.395922 1.880677 1.404765 1.690119 3.324737 2.243709 3.136785 3.097768 2.691419 2.691124 3.225993 3.096208 1.810379 2.012356 1.870587 1.486600 1.516419 1.434208 1.818218 1.848775 1.033109 1.672691 0.956838 1.555985 2.906505 5.998830 2.141768 0.797062 1.722730 1.166847 1.212247 1.788659 1.957308 1.542547 1.099849 1.914575 1.342068 1.879106 1.539831 1.386404 1.294336 1.261453 1.276924 1.319167 0.989683 1.751430 0.919740 0.932580 1.097563 2.530670 1.748826 2.125947 1.489091 1.408168 1.610259 1.248713 1.661278 1.437527 2.651183 1.438864 1.451041 1.008347 2.227071 2.419004 1.197382 1.603097 1.663682 0.727053 2.076327 1.782755 1.495307 1.755445 0.853536 2.389347 2.172326 1.150387 2.119743 1.549976 1.630335 
2.232171 1.613883 1.396384 1.783464 2.591087 2.954312 1.057930 0.675775 0.878127 0.766829 0.000000 1.319672 0.544838 0.319640 1.082444 1.066314 1.155615 0.711503 1.413534 0.615465 1.222675 1.884242 1.441514 1.483163 1.500163 2.492829 2.904536 2.894123 3.265253 3.130971 2.814868 2.583408 2.753757 2.831405 2.708193 2.477563 2.307496 2.282527 3.025335 2.663913 2.758497 2.780317 2.319599 3.013488 2.713995 2.433982 1.336297 1.304800 1.406986 0.843918 1.499288 1.378788 1.687860 1.497539 1.596521 2.067315 2.789230 3.633312 2.580326 4.149149 4.954238 4.386689 1.480009 4.169373 4.111262 2.353624 4.608011 4.627423 3.757884 4.234473 4.259552 1.387820 1.802973 1.544543 1.200284 1.240843 1.102521 2.837470 2.879498 2.593202 2.915479 2.439431 2.307592 1.683603 2.425903 3.837027 0.762528 4.135076 1.960985 1.632844 3.021594 2.143511 4.264734 3.443482 1.805059 2.496355 3.313453 0.737233 1.726062 1.405593 1.590370 1.365836 1.643184 1.504358 1.310015 1.649939 1.596341 1.509718 2.152727 1.967281 1.681979 1.934931 1.633750 1.516500 1.606889 1.303129 1.471351 1.390926 1.659391 0.690094 0.719953 0.868387 0.832805 1.072038 0.824723 0.956991 0.471058 0.763133 0.991334 0.828875 1.007024 1.078642 0.649005 0.469994 1.512444 0.987490 0.847736 0.919467 0.744161 1.014444 0.937258 0.614149 0.846625 1.095662 1.229030 1.971549 2.193926 2.943150 0.650801 0.949843 1.219954 2.750101 1.214962 1.468068 1.239703 2.063250 1.899547 1.199638 0.948262 1.277669 1.396747 1.662339 1.800833 1.426583 1.889497 1.176629 1.105084 3.642281 2.638263 3.526201 3.488325 3.099734 3.085678 3.634308 3.504523 2.141771 2.311088 2.289768 2.048661 1.932669 1.915694 2.193873 2.238191 1.492436 1.668186 1.126353 1.629436 2.605500 5.824535 2.475253 1.182826 2.087068 1.414580 1.474674 2.027060 2.533680 2.066200 0.945115 2.190650 1.524588 2.132898 1.866762 1.867749 1.833357 1.680397 1.904262 1.500801 1.191077 1.941611 0.977496 0.761647 1.191385 2.448156 1.473357 1.834504 1.169187 1.316600 1.550364 1.562290 2.102878 2.052051 3.004181 2.042434 1.814238 1.512342 2.173598 2.518144 1.561720 1.847131 1.914384 1.071070 2.429324 1.767327 1.467372 1.500138 0.881136 2.855197 2.492288 0.978718 2.018330 1.233805 1.467075 
1.584250 1.336691 0.966661 1.109404 2.258931 2.413337 1.635508 1.352975 1.634326 1.635920 1.319672 0.000000 1.524639 1.379502 0.677076 2.140909 2.101698 1.279242 1.670445 1.156335 0.783370 2.483471 1.080958 2.308028 2.168409 3.163026 3.575399 3.543892 3.163382 3.805079 3.578698 3.377655 2.963308 3.497166 3.474767 2.855759 3.008490 2.971282 3.331016 3.381194 3.568715 3.130916 3.053101 3.707703 3.422920 3.123241 2.129928 1.925419 2.248220 1.926878 2.239645 2.341236 2.071716 1.794210 2.243645 2.562805 2.380510 3.131356 2.235317 3.475136 4.385403 3.925371 2.168342 3.427461 3.443533 2.054705 3.804534 3.926714 3.290146 3.848163 3.749257 1.482781 1.481972 1.207810 0.929806 0.453712 1.122391 2.736978 2.830918 2.063197 2.179079 1.895993 2.004468 1.783527 1.876371 3.575209 1.589998 3.946808 2.077067 2.339090 2.843932 2.326981 4.343806 3.375836 2.356130 2.889408 3.390226 1.717535 2.447071 2.007962 2.340662 2.293122 1.749549 2.183956 2.087354 2.548812 2.629302 2.032360 2.944236 1.851200 2.070862 1.829033 1.673850 1.223707 1.533039 1.197438 1.050890 1.359491 1.401237 1.644248 1.445984 1.662037 1.320354 2.000691 1.877486 2.009104 1.517004 1.715058 2.131268 1.834797 1.638061 1.688673 1.474958 1.430765 2.161972 1.441104 1.715933 1.600414 1.546946 1.725846 1.780886 1.486126 1.937521 1.506611 1.714088 1.968033 2.814258 3.068828 1.687469 1.848290 2.000084 2.680358 2.022001 1.263975 1.394837 2.655887 2.792255 1.953970 1.212582 1.641512 0.935139 1.767559 1.910928 1.431423 2.106072 1.894012 1.439494 3.169749 2.615700 3.161183 3.119446 2.965704 2.986215 2.980749 3.293819 2.079424 2.374818 2.059644 2.263513 2.045457 1.989456 2.201030 2.056505 1.514154 1.320274 0.898124 1.561567 2.407274 5.185546 2.308888 1.373596 1.938066 1.717199 1.434012 1.469631 2.106023 1.805476 1.021412 1.359869 1.607262 1.579890 1.625280 1.669338 1.541236 1.747653 1.742052 1.600453 1.094287 1.447321 1.332443 1.359690 1.300094 1.683959 0.998417 1.256909 1.443223 1.666823 1.573016 1.511916 1.788679 2.308105 2.266039 1.862305 1.570331 1.664760 1.833822 2.120056 1.793261 1.401702 1.580368 1.241305 2.127257 1.218489 1.596335 1.047576 1.083956 2.230349 1.891912 0.960839 1.454022 1.496195 2.220209 
2.384288 1.809979 1.547768 1.954398 2.802583 3.166782 1.241672 1.011294 1.165867 0.931379 0.544838 1.524639 0.000000 0.603166 1.448331 0.776290 1.280727 0.901894 1.560587 0.838892 1.583922 2.106344 1.586814 1.692290 1.640088 2.515993 3.136571 3.048204 3.473195 3.216976 2.950123 2.718371 2.864191 3.009876 2.771797 2.609767 2.475289 2.473580 3.128562 2.802696 2.869713 2.646522 2.207366 2.944628 2.483383 2.231165 1.279101 1.233372 1.435253 0.953239 1.395503 1.367730 1.821716 1.666112 1.708871 2.064651 2.939029 3.778222 2.819120 4.313135 5.088283 4.489916 1.362902 4.272600 4.214489 2.532222 4.878915 4.751692 4.010440 4.398459 4.385715 1.580955 1.978312 1.799165 1.492566 1.481476 1.367121 2.959046 3.037771 2.696429 3.018707 2.674321 2.466984 1.862805 2.532552 4.103958 1.082611 4.451470 2.224170 1.915090 3.189609 2.095494 4.470538 3.653414 2.077643 2.685256 3.522655 0.848475 1.782094 1.539841 1.772909 1.453321 1.814130 1.553894 1.250402 1.493634 1.533710 1.590092 2.049799 2.103744 1.979763 2.160406 1.913212 1.691883 1.689215 1.566314 1.668926 1.715002 1.916534 0.906978 0.930861 0.694603 0.880595 1.014179 0.720300 0.733758 0.659807 0.742386 0.889794 0.869771 1.032880 0.929249 1.095063 0.522902 1.469312 0.743719 0.691390 0.902921 0.976814 0.841881 0.926236 0.534188 0.742546 1.188325 1.399776 2.157486 2.279835 3.116639 0.726972 1.015215 1.307313 2.923011 1.375453 1.717255 1.472564 2.261920 1.858008 1.410547 1.161091 1.386200 1.556803 1.816600 1.910888 1.536179 2.049552 1.298210 1.224321 3.819564 2.825513 3.694774 3.669519 3.203776 3.272928 3.774232 3.661605 2.294403 2.507183 2.581421 2.240169 2.091079 2.124701 2.389968 2.415939 1.728556 1.898761 1.424780 1.825855 2.778486 5.781649 2.635379 1.311028 2.223531 1.575433 1.657255 2.214521 2.708170 2.231641 1.185847 2.429444 1.688574 2.282033 2.041874 2.111920 2.137826 1.879281 2.193967 1.803874 1.481143 2.178097 1.026380 0.923480 1.390019 2.884514 1.750014 2.211229 1.436524 1.262970 1.528269 1.804471 2.408998 2.299215 3.288846 2.370243 2.112665 1.868395 2.301775 2.588829 1.777068 2.145558 2.199049 1.337387 2.700228 2.105064 1.775544 1.915014 1.225593 3.093991 2.769320 1.361326 2.487924 1.284471 1.636219 
2.232518 1.739335 1.424111 1.966238 2.707412 3.026532 1.261581 0.920140 1.110823 1.028244 0.319640 1.379502 0.603166 0.000000 1.145713 1.107043 1.198214 0.813558 1.490804 0.749747 1.300854 2.091457 1.518784 1.581591 1.664589 2.601417 3.035341 2.914439 3.448028 3.296056 2.981620 2.649242 2.833041 2.811438 2.870357 2.609879 2.487353 2.447612 3.059116 2.729747 2.934423 2.978571 2.481763 3.079322 2.825701 2.550275 1.513834 1.479318 1.519063 0.990175 1.676826 1.445793 1.816691 1.645016 1.756772 2.232400 2.926133 3.742692 2.732557 4.289086 5.086554 4.477721 1.605476 4.246643 4.238991 2.522638 4.810701 4.759738 3.942226 4.380439 4.410217 1.531092 1.912353 1.719710 1.278463 1.266077 1.298907 2.983547 3.062272 2.716344 2.992749 2.608444 2.444495 1.767771 2.530696 3.957148 0.892882 4.291895 2.004184 1.794250 3.126387 2.364595 4.343409 3.534513 2.003826 2.536153 3.436984 0.831427 1.804944 1.530951 1.695765 1.460508 1.797306 1.536643 1.487552 1.721972 1.767362 1.691497 2.179769 1.982642 1.843111 2.122293 1.796348 1.686535 1.703679 1.423251 1.669350 1.553432 1.848320 0.825850 0.851129 1.054950 0.974660 1.086360 1.012019 1.041105 0.691007 0.883304 1.126782 0.995626 1.071356 1.188282 0.831528 0.729690 1.622188 0.937496 0.974833 1.106134 1.062189 1.191541 1.156035 0.712444 0.897551 1.108128 1.416391 2.066781 2.207150 3.116751 0.871190 1.014071 1.245671 2.900765 1.304244 1.504578 1.432674 2.166183 1.938173 1.335974 1.146260 1.337517 1.517823 1.765874 1.948831 1.574122 2.087496 1.186049 1.091986 3.815881 2.825625 3.664209 3.661925 3.177005 3.273040 3.798734 3.678123 2.306197 2.444034 2.488817 2.228992 2.060398 2.075533 2.364942 2.406390 1.635952 1.686385 1.356566 1.632776 2.678498 5.715849 2.639679 1.269271 2.144950 1.502882 1.639100 2.214421 2.721041 2.136607 1.176940 2.310772 1.621189 2.283563 2.044950 2.050524 2.045222 1.867759 2.101363 1.557965 1.261799 2.139169 1.023029 0.846223 1.389384 2.601446 1.592821 1.900638 1.214074 1.220617 1.566213 1.649469 2.310156 2.216477 3.220633 2.242449 2.044451 1.716977 2.154126 2.623291 1.577080 2.077345 2.130835 1.269174 2.632015 1.810526 1.595101 1.607556 1.088413 2.993668 2.635345 1.122834 2.151418 1.070997 1.475020 
1.545152 1.246181 1.249905 1.197313 2.292420 2.489818 1.505089 1.607417 1.580502 1.536842 1.082444 0.677076 1.448331 1.145713 0.000000 2.014045 1.899433 1.231311 1.539576 1.102100 0.345744 2.243072 0.989139 2.106892 2.035672 3.015146 3.516981 3.444093 3.126218 3.726459 3.373883 3.237126 2.855180 3.389873 3.238230 2.750232 2.826905 2.911072 3.169450 3.235011 3.448637 2.972465 2.947197 3.657757 3.333874 2.956299 1.892182 1.825137 2.105643 1.792868 2.055173 2.231817 1.931186 1.517968 2.113543 2.392605 2.384046 3.118114 2.262583 3.527685 4.312007 3.919596 1.957060 3.520462 3.486741 2.029006 3.987772 3.978511 3.423066 3.794827 3.668212 1.380557 1.562870 1.245002 0.843139 0.855330 1.069995 2.731969 2.885185 2.141977 2.315349 2.097422 1.980002 1.828254 1.958810 3.583149 1.508107 3.888293 2.063615 2.298777 2.884426 2.088891 4.343861 3.473499 2.227504 2.908446 3.381614 1.627005 2.188385 1.935855 2.116569 2.020674 1.808986 1.947101 1.939071 2.341771 2.347730 1.957719 2.676426 1.762737 1.972844 1.852834 1.693577 1.305621 1.460427 1.349690 1.037235 1.364556 1.427467 1.462197 1.385927 1.754539 1.394261 1.843046 1.742866 2.014474 1.480282 1.550451 2.026977 1.860011 1.760851 1.669981 1.363214 1.315582 2.379045 1.686803 1.666919 1.637820 1.619564 1.634575 1.955473 1.584207 1.880297 1.551682 1.787208 1.723276 2.978782 2.948425 1.669560 1.753286 1.727687 2.623100 1.792099 1.288736 1.320986 2.513083 2.880537 1.895471 1.310271 1.615495 1.071948 1.892791 2.050526 1.391280 2.224596 1.685250 1.657004 3.189477 2.674202 3.213093 3.139173 3.017929 3.090171 3.105893 3.203162 2.032823 2.394546 2.181521 2.258850 2.078946 2.110340 2.220758 1.954282 1.734569 1.419346 1.075968 1.713423 2.553171 5.296788 2.231054 1.507590 1.849604 1.800688 1.554245 1.551022 2.161239 1.834378 1.426040 1.855832 1.505038 1.520973 1.594578 1.796250 1.744846 1.783672 1.807071 1.670180 1.207275 1.676105 1.479986 1.421204 1.356422 1.851687 1.184290 1.236713 1.391622 1.713976 1.724200 1.708234 1.778391 2.337770 2.579521 1.882032 1.715166 1.726044 1.885643 2.291738 1.704799 1.436233 1.610283 1.304038 2.185504 1.199288 1.467502 0.969088 1.141526 2.422818 2.206250 1.300298 1.319315 1.666886 2.211236 
2.844278 2.252601 2.041753 2.286848 3.168016 3.436943 1.523864 1.322400 1.189488 1.043285 1.066314 2.140909 0.776290 1.107043 2.014045 0.000000 0.765848 1.039167 1.744715 1.436197 2.166366 2.300864 1.908873 1.612797 1.819609 2.462420 3.166076 2.919210 3.675672 3.247422 2.805329 2.464120 2.971397 2.883024 2.512216 2.685026 2.428763 2.521265 3.286785 2.585920 2.616510 2.848999 1.901413 2.763483 2.232864 1.957437 1.010463 0.868176 1.304362 0.749853 1.057181 1.060802 1.883466 1.823133 1.784943 2.248780 3.202514 3.885428 2.926325 4.393233 5.452200 4.658491 1.526053 4.353900 4.320371 2.657777 5.211366 4.834885 4.135994 4.478557 4.485364 2.039744 2.138050 2.404194 1.893191 1.986042 1.564168 3.216854 3.206385 2.803177 3.197186 2.799875 2.641953 2.056444 2.428612 4.604777 1.448044 5.045344 2.590804 2.227950 3.215993 2.015092 4.704082 3.686965 2.298465 2.955418 3.845606 0.941822 1.715894 1.559708 1.591860 1.160356 1.888575 1.271795 1.047561 1.058244 1.072182 1.664662 1.673102 2.579286 2.499560 2.364526 2.044294 1.637269 2.028395 1.993956 2.126027 2.306882 2.274063 1.065544 1.126303 0.835505 1.204006 1.348748 0.590685 0.942126 0.889078 0.975398 1.039619 0.728343 1.197795 1.091370 1.517694 0.959409 1.509048 0.893593 0.818131 1.122634 1.386788 1.112570 0.913794 0.947296 1.028825 1.117354 1.338353 2.067910 1.825875 3.406751 0.787348 1.071045 1.173895 2.866747 1.278928 1.700015 1.301705 2.187307 1.245522 1.015536 1.163069 1.380279 1.849093 2.023526 1.653394 1.330608 1.767058 1.033918 1.689971 3.976585 2.900771 3.774872 3.749617 3.284261 3.348186 3.873881 3.753270 2.458267 2.670048 2.682584 2.157343 2.146786 2.225865 2.470066 2.496037 1.879798 2.410936 1.834154 2.454836 3.009785 6.063912 2.991339 1.462809 2.517255 2.052891 2.135594 2.647404 2.787556 2.182676 1.563802 2.751504 2.182465 2.740237 2.330437 2.331518 2.333034 2.184083 2.320209 2.307238 1.759262 2.169560 1.309175 1.213373 1.220903 3.500784 2.264023 2.809151 1.759298 1.589417 1.695289 1.614062 2.617004 2.208948 3.414400 2.476935 2.056401 1.975087 2.514768 2.441589 2.096698 2.365156 2.219708 1.600872 2.963714 2.683435 2.372264 2.506894 1.764940 3.295241 3.078219 1.953206 3.084643 1.350619 1.183463 
2.779875 2.255009 2.017148 2.231151 3.307911 3.594213 1.731534 1.329421 1.090632 1.286540 1.155615 2.101698 1.280727 1.198214 1.899433 0.765848 0.000000 0.908668 1.831718 1.301322 1.971638 2.222909 1.900068 1.510534 1.937912 2.675828 3.259226 3.031369 3.684733 3.471161 2.931303 2.794847 2.977272 3.043963 2.795651 2.823029 2.480874 2.671497 3.325773 2.787844 3.006058 3.125938 2.504618 3.215258 2.886707 2.509133 1.341268 1.037280 1.831506 0.972063 1.287476 1.600341 2.007762 1.795942 1.956267 2.411257 3.122080 3.901402 2.665765 4.360804 5.468935 4.699354 1.810779 4.295326 4.310386 2.629434 4.998091 4.755168 4.027018 4.446129 4.399267 1.986208 2.294328 2.238444 1.674074 2.013959 1.163232 3.260622 3.359985 2.914278 3.215917 2.743836 2.709394 2.263713 2.370038 4.658016 1.481765 4.984164 2.618722 2.251092 3.392138 2.288927 4.819236 3.814026 2.357421 3.136255 3.845177 1.294678 1.657321 1.347929 1.626637 1.028788 1.591121 1.229190 1.364667 1.460676 1.347519 1.551000 1.873844 2.594566 2.550639 2.445899 1.911692 1.553218 1.826194 2.021874 1.891392 2.365039 2.187372 1.290529 0.825011 0.985516 1.572578 1.898245 1.151478 1.464744 1.227405 1.427768 1.715226 1.299236 1.627264 1.488829 1.530793 1.172609 1.814460 1.297852 1.383515 1.658370 1.564827 1.688802 1.445245 1.315868 1.603868 1.051306 1.369965 1.934257 1.088770 3.609133 1.056513 1.386568 1.097274 2.526180 1.192831 1.468733 1.044174 1.947519 1.034472 0.569261 1.082609 1.005822 1.586712 1.919795 0.916762 0.988049 1.048761 0.712128 1.394418 4.066108 3.034187 3.864395 3.839140 3.396420 3.481602 3.934126 3.667174 2.469731 2.778118 2.685693 2.203582 2.363230 2.284095 2.559589 2.463608 1.855193 2.381436 1.712597 2.462642 2.483634 5.975234 3.052267 1.666223 2.581315 2.269334 2.220632 2.805892 2.832731 2.204534 1.564197 2.730641 2.219002 2.775844 2.265975 2.373316 2.151610 2.352184 2.394230 2.406015 1.792067 1.916615 1.256628 1.267264 0.912108 3.403618 2.207183 2.763898 1.450764 1.609172 1.302496 1.442113 2.402774 2.243221 3.195283 2.369157 1.886064 1.832832 2.353095 2.104753 2.055967 2.194819 2.000591 1.490223 2.912753 2.618679 2.451454 2.539428 1.667773 3.176817 3.106137 1.953601 2.967974 1.094421 0.422502 
2.095827 1.608338 1.209209 1.669741 2.623312 2.986537 1.059825 0.843427 0.985096 0.892071 0.711503 1.279242 0.901894 0.813558 1.231311 1.039167 0.908668 0.000000 1.117956 0.472063 1.229796 1.803078 1.269089 1.365844 1.369752 2.441191 2.902344 2.870837 2.940302 3.132024 2.806404 2.704600 2.380026 2.853517 2.707060 2.326757 2.220103 2.298227 2.612374 2.683749 2.822265 2.386057 2.334174 3.037417 2.749865 2.401406 1.371999 1.215014 1.657336 0.892555 1.422036 1.454698 1.481942 1.243434 1.570590 1.840970 2.553429 3.296563 2.207507 3.876916 4.881897 4.119232 1.713194 3.835882 3.764249 1.979893 4.416999 4.338409 3.443621 3.962241 3.952455 1.391450 1.567207 1.637814 1.138440 1.183730 0.908217 2.547692 2.676787 2.335163 2.608382 2.126584 2.101718 1.646863 2.123856 3.962501 0.850440 4.294706 1.845840 1.926393 2.964162 1.924740 4.134637 3.378882 1.754407 2.528580 3.168859 1.000592 1.680937 1.171708 1.538248 1.330281 1.262115 1.441332 1.260459 1.613493 1.620588 1.343009 2.190736 2.108841 1.878743 1.955822 1.617194 1.197379 1.720446 1.372210 1.270041 1.640199 1.717916 1.238422 0.836396 1.193587 1.110675 1.518034 1.280729 1.175034 0.934626 1.202261 1.496380 1.198204 1.222562 1.208075 1.151066 0.791270 1.777982 1.053999 1.063681 1.330894 1.026016 1.345082 1.354636 0.907429 1.273046 0.652570 1.096083 1.699317 1.845458 2.858837 0.884433 1.209196 1.201568 2.419217 1.137513 1.069774 0.847797 1.817490 1.726054 0.893114 0.565186 1.006927 1.183389 1.452990 1.200604 0.922862 1.479792 0.953335 1.180962 3.413778 2.401957 3.302749 3.263732 2.843861 2.799330 3.343943 3.207038 1.849010 2.112026 2.013598 1.800818 1.755554 1.676180 1.956659 1.965959 1.401445 1.620498 0.919461 1.792262 2.605775 5.648600 2.465848 1.012930 2.228628 1.584735 1.462893 2.061661 2.354662 1.960494 0.953529 1.977335 1.666149 2.126264 1.854150 1.849289 1.847809 1.668883 1.863749 1.580273 1.044764 1.494962 0.924740 0.676362 0.697114 2.562932 1.397640 1.979612 1.246572 1.162384 1.383800 1.212292 2.008640 1.853756 2.605946 2.060897 1.400449 1.538334 2.130390 1.944210 1.703280 1.765738 1.534722 0.820542 2.253142 1.871376 1.766855 1.757190 0.986676 2.793431 2.616761 1.082087 2.180841 1.141223 1.212050 
