245 245
0.000000 0.113176 0.116800 0.121817 0.188293 0.165038 0.145450 0.159140 0.156369 0.183065 0.136258 0.132592 0.132900 0.139439 0.154578 0.143901 0.136008 0.189987 0.149083 0.139439 0.143802 0.129685 0.168622 0.232669 0.263587 0.161038 0.234403 0.241903 0.272011 0.284675 0.315831 0.323030 0.303108 0.311684 0.279411 0.307857 0.296949 0.269043 0.260145 0.270807 0.290876 0.277668 0.317097 0.288077 0.265101 0.263206 0.331125 0.313800 0.283992 0.330075 0.170165 0.166844 0.201600 0.177219 0.162170 0.173527 0.163691 0.150923 0.163137 0.178360 0.176110 0.211485 0.219419 0.183769 0.166752 0.267772 0.225772 0.306392 0.251871 0.272594 0.280267 0.183245 0.232268 0.277667 0.201471 0.299954 0.259103 0.231684 0.250204 0.117188 0.136210 0.127864 0.124762 0.280605 0.279552 0.177923 0.255667 0.285825 0.288873 0.132561 0.221819 0.180296 0.123359 0.438652 0.176831 0.429278 0.202678 0.244336 0.227481 0.334139 0.185762 0.477607 0.343161 0.541371 0.452866 0.352577 0.325511 0.181571 0.146953 0.164434 0.172032 0.153339 0.184904 0.165904 0.173880 0.172752 0.165151 0.166276 0.170688 0.155473 0.169325 0.126553 0.179983 0.146087 0.120531 0.122777 0.139251 0.165302 0.132514 0.176838 0.166158 0.184494 0.214851 0.178684 0.195940 0.202006 0.215982 0.200107 0.180488 0.207791 0.208832 0.175782 0.195395 0.208193 0.182880 0.198567 0.218536 0.195725 0.206558 0.206888 0.128716 0.207286 0.129281 0.172884 0.161197 0.130926 0.145511 0.141245 0.157666 0.140761 0.150921 0.176042 0.143205 0.153067 0.128924 0.219127 0.103926 0.148992 0.142980 0.151220 0.215897 0.151403 0.291308 0.258827 0.286782 0.294100 0.288399 0.269735 0.309906 0.152939 0.184340 0.195176 0.193138 0.182251 0.217573 0.180791 0.195908 0.148005 0.108762 0.147004 0.141484 0.137145 0.112555 0.226114 0.158548 0.154586 0.106103 0.120306 0.138361 0.130706 0.133514 0.119910 0.117054 0.151680 0.109235 0.115629 0.102146 0.127252 0.181204 0.166130 0.186578 0.182246 0.138984 0.147356 0.108154 0.145980 0.153493 0.118664 0.122021 0.118788 0.130224 0.126717 0.144141 0.098972 0.136861 0.127591 0.125405 0.121506 0.170597 0.160078 0.166882 0.206607 0.154282 0.195621 0.127452 0.151580 0.195375 0.200074 0.173707 0.162365 0.171278 0.105681 0.104304 0.228038 0.204495 
0.113176 0.000000 0.085532 0.121967 0.222822 0.219839 0.122219 0.155465 0.147589 0.168848 0.120013 0.129000 0.119474 0.131300 0.133209 0.129227 0.096259 0.158190 0.134309 0.075816 0.139542 0.117329 0.159945 0.210826 0.251534 0.152664 0.229208 0.222445 0.259787 0.284554 0.310081 0.326315 0.287915 0.298412 0.268824 0.302693 0.283297 0.251921 0.254994 0.275187 0.273724 0.276155 0.302894 0.277212 0.250063 0.247585 0.324400 0.299484 0.266496 0.324019 0.155109 0.149509 0.177784 0.148882 0.150310 0.177052 0.146382 0.133096 0.143832 0.161138 0.114011 0.213932 0.224204 0.165861 0.183102 0.266047 0.205455 0.287208 0.280608 0.278789 0.328231 0.172320 0.279660 0.217512 0.204497 0.300336 0.304270 0.258470 0.289702 0.115464 0.133230 0.117954 0.118448 0.209407 0.262027 0.141964 0.194256 0.205567 0.283571 0.192943 0.140805 0.106673 0.155097 0.432004 0.151901 0.414417 0.202315 0.178768 0.219897 0.282274 0.169869 0.479235 0.336430 0.532185 0.488764 0.342740 0.324569 0.167181 0.145982 0.144209 0.157346 0.144092 0.160159 0.151142 0.153187 0.155022 0.148603 0.150003 0.145368 0.148230 0.158733 0.096108 0.167468 0.121459 0.099375 0.107404 0.109439 0.139054 0.110660 0.158570 0.153260 0.169856 0.196193 0.165017 0.177357 0.179012 0.193487 0.189432 0.172456 0.191634 0.193507 0.157384 0.184786 0.194107 0.170017 0.182087 0.198780 0.175754 0.187040 0.186746 0.131211 0.194995 0.093412 0.151453 0.174381 0.117920 0.139476 0.125832 0.139357 0.144243 0.135956 0.163315 0.139780 0.151833 0.121519 0.238607 0.080626 0.145991 0.138232 0.135015 0.198368 0.155702 0.213660 0.205172 0.238531 0.216856 0.214502 0.199671 0.220766 0.143271 0.177972 0.147091 0.156156 0.121661 0.194354 0.123460 0.157244 0.074663 0.115752 0.120657 0.076127 0.118456 0.100218 0.209815 0.146478 0.168699 0.110915 0.132544 0.132931 0.069630 0.073019 0.094339 0.128899 0.107828 0.095113 0.092599 0.090032 0.075045 0.110485 0.101691 0.106108 0.114373 0.137842 0.144771 0.106746 0.130501 0.141286 0.096152 0.110357 0.101800 0.156985 0.068525 0.099662 0.111852 0.103822 0.104097 0.096640 0.079674 0.163201 0.140336 0.129808 0.154053 0.123884 0.148583 0.116804 0.121541 0.182001 0.193309 0.166295 0.092066 0.154331 0.100320 0.083836 0.223861 0.198762 
0.116800 0.085532 0.000000 0.076054 0.232767 0.189757 0.140798 0.146874 0.132500 0.153137 0.115726 0.103235 0.106018 0.129959 0.111581 0.098975 0.102703 0.167908 0.111105 0.102935 0.116625 0.078981 0.151248 0.211464 0.255531 0.138413 0.225412 0.226763 0.248646 0.273499 0.297540 0.314748 0.277076 0.285290 0.257428 0.296596 0.268266 0.240675 0.249873 0.271887 0.270668 0.263868 0.290226 0.266089 0.233746 0.231772 0.308764 0.283451 0.250452 0.307702 0.138042 0.130178 0.162691 0.134681 0.129080 0.151619 0.116028 0.110760 0.116618 0.157238 0.130576 0.208643 0.224277 0.168010 0.172092 0.265477 0.198154 0.279226 0.272400 0.261022 0.311757 0.157582 0.268138 0.227479 0.193967 0.273429 0.295554 0.264902 0.289712 0.070528 0.091737 0.065827 0.055688 0.260164 0.262228 0.172374 0.208313 0.243320 0.274982 0.176099 0.175510 0.139827 0.117803 0.446535 0.156131 0.461018 0.218244 0.230835 0.233110 0.315887 0.196299 0.497241 0.377125 0.587653 0.435815 0.331514 0.359445 0.158115 0.138333 0.120068 0.145504 0.128247 0.149865 0.134354 0.135661 0.130884 0.124815 0.125152 0.122671 0.132949 0.141615 0.108995 0.155776 0.109577 0.085412 0.086404 0.103872 0.132080 0.116524 0.141222 0.134584 0.159606 0.180093 0.145816 0.154788 0.165991 0.173033 0.175278 0.146870 0.175587 0.173424 0.137000 0.167773 0.174124 0.150437 0.162587 0.184176 0.159580 0.161943 0.167147 0.128778 0.210532 0.086528 0.139199 0.151629 0.102015 0.129322 0.099304 0.114640 0.087223 0.120721 0.153805 0.126129 0.119315 0.090212 0.231744 0.071802 0.127333 0.114213 0.112684 0.165510 0.112742 0.250334 0.211424 0.238022 0.247969 0.245460 0.229113 0.266806 0.137548 0.164183 0.157648 0.150542 0.142623 0.186703 0.140422 0.163020 0.110742 0.133397 0.124982 0.145295 0.093742 0.083162 0.183856 0.168531 0.163498 0.117334 0.137108 0.158750 0.115046 0.109052 0.100731 0.121092 0.136121 0.089942 0.099694 0.089118 0.086690 0.143199 0.135281 0.145213 0.137471 0.137599 0.132806 0.089137 0.131523 0.140752 0.091948 0.096234 0.090406 0.148544 0.079558 0.113394 0.092376 0.088686 0.097267 0.075418 0.080620 0.145566 0.154021 0.135361 0.173238 0.124380 0.160427 0.116961 0.116006 0.177492 0.214312 0.150507 0.150335 0.132565 0.097300 0.104973 0.209290 0.190649 
0.121817 0.121967 0.076054 0.000000 0.226648 0.143025 0.168920 0.157561 0.150239 0.169722 0.126769 0.118384 0.126378 0.140454 0.136423 0.121073 0.132176 0.195411 0.129307 0.139743 0.131945 0.097722 0.165029 0.228103 0.255555 0.146268 0.226743 0.233541 0.255224 0.280517 0.303632 0.322130 0.283077 0.292612 0.262570 0.303169 0.276449 0.246656 0.251454 0.277879 0.278128 0.271446 0.296695 0.271874 0.241265 0.239019 0.316318 0.291602 0.257733 0.315221 0.147929 0.140140 0.172939 0.151754 0.136918 0.165420 0.138426 0.127070 0.135616 0.181432 0.159748 0.213481 0.221478 0.193465 0.173347 0.248833 0.209660 0.276191 0.270745 0.240738 0.297975 0.163387 0.260334 0.214425 0.195165 0.247857 0.282234 0.285464 0.301538 0.090390 0.115028 0.100248 0.086551 0.286149 0.277332 0.198696 0.238614 0.270467 0.277223 0.158969 0.202868 0.168140 0.111818 0.422173 0.187233 0.477517 0.220615 0.266522 0.251786 0.354568 0.220634 0.477441 0.402449 0.600195 0.398835 0.344062 0.369510 0.172573 0.146435 0.135537 0.149665 0.135265 0.161296 0.141766 0.144411 0.144819 0.137298 0.138595 0.139264 0.139289 0.149967 0.142291 0.171939 0.136433 0.109252 0.108697 0.128699 0.159531 0.142544 0.157791 0.148033 0.170811 0.193637 0.161404 0.173090 0.182790 0.190427 0.187015 0.164728 0.187910 0.188417 0.154496 0.181443 0.191941 0.166379 0.181753 0.197178 0.172020 0.180462 0.182806 0.138873 0.232889 0.127128 0.163137 0.142671 0.114031 0.160555 0.117571 0.133488 0.110967 0.131098 0.159163 0.138332 0.137322 0.125604 0.247628 0.107886 0.151537 0.133380 0.133097 0.165578 0.144055 0.278600 0.232179 0.261047 0.276346 0.272097 0.256786 0.295822 0.163563 0.176608 0.186548 0.181374 0.173221 0.206854 0.170300 0.197335 0.147178 0.163706 0.128119 0.178064 0.114824 0.104925 0.203570 0.199339 0.187737 0.129614 0.155452 0.184918 0.150493 0.150756 0.131713 0.130976 0.177812 0.116065 0.133116 0.112715 0.123404 0.170281 0.168739 0.177458 0.171038 0.143715 0.135363 0.103203 0.148820 0.166014 0.122203 0.119102 0.111278 0.161215 0.122558 0.149708 0.119883 0.112179 0.110770 0.099229 0.108653 0.165439 0.177993 0.171338 0.207765 0.161301 0.197841 0.128980 0.139393 0.195812 0.220582 0.160955 0.173895 0.146365 0.121813 0.133590 0.217320 0.199057 
0.188293 0.222822 0.232767 0.226648 0.000000 0.127676 0.235800 0.265100 0.268977 0.264627 0.274509 0.268990 0.273790 0.269269 0.242884 0.242699 0.256044 0.260806 0.226864 0.245937 0.236972 0.261700 0.257994 0.344099 0.373185 0.238337 0.346453 0.352805 0.335669 0.362931 0.364483 0.400937 0.357788 0.359215 0.338720 0.379567 0.344221 0.335773 0.333417 0.361618 0.348703 0.353168 0.365909 0.357397 0.341107 0.348753 0.404463 0.389389 0.348337 0.401938 0.253476 0.278179 0.291152 0.272584 0.278895 0.264464 0.260461 0.249109 0.250627 0.280953 0.241206 0.309344 0.314728 0.276161 0.238363 0.234778 0.280550 0.266922 0.200129 0.241278 0.227297 0.261203 0.223396 0.266696 0.270082 0.275238 0.236370 0.225104 0.229713 0.218870 0.230013 0.248619 0.246858 0.304125 0.332089 0.186485 0.290992 0.300172 0.340013 0.151694 0.259058 0.239443 0.190026 0.322633 0.271849 0.422047 0.210982 0.297732 0.204709 0.351381 0.249838 0.419402 0.326998 0.562016 0.476419 0.394209 0.280510 0.258936 0.277317 0.279049 0.266152 0.272666 0.276313 0.251881 0.269273 0.260066 0.268063 0.275704 0.266713 0.272380 0.282662 0.182632 0.278726 0.237394 0.217549 0.226178 0.225352 0.236788 0.210974 0.250692 0.254132 0.265489 0.298388 0.261968 0.272711 0.278297 0.286309 0.281450 0.264086 0.275886 0.284215 0.252931 0.276049 0.281917 0.261939 0.279610 0.293028 0.278032 0.287441 0.283067 0.264139 0.257519 0.244572 0.256005 0.245208 0.242832 0.226969 0.261172 0.286431 0.253598 0.265406 0.262755 0.262103 0.253880 0.227575 0.243752 0.229896 0.241392 0.278706 0.261622 0.291455 0.275511 0.320457 0.309352 0.333812 0.324247 0.314527 0.305411 0.324689 0.229434 0.230906 0.285281 0.296093 0.271714 0.311009 0.278359 0.230420 0.228698 0.165512 0.242651 0.228362 0.264707 0.253907 0.352830 0.202167 0.225614 0.183876 0.184548 0.206330 0.234112 0.232874 0.197532 0.225431 0.228479 0.216646 0.203188 0.199440 0.234180 0.274074 0.233240 0.233501 0.246552 0.282088 0.288474 0.257711 0.287140 0.282452 0.244213 0.245809 0.265302 0.202388 0.226581 0.240150 0.174322 0.261541 0.256220 0.250231 0.239965 0.277298 0.271438 0.288822 0.320805 0.289784 0.310666 0.251875 0.250865 0.292986 0.228047 0.244292 0.230314 0.251511 0.235072 0.227866 0.302432 0.288066 
0.165038 0.219839 0.189757 0.143025 0.127676 0.000000 0.231929 0.241387 0.240972 0.243877 0.249392 0.245367 0.252057 0.241137 0.212588 0.213147 0.235142 0.253328 0.212433 0.243983 0.211702 0.220424 0.241393 0.318648 0.337480 0.219427 0.306339 0.321212 0.306902 0.331927 0.347383 0.370646 0.331072 0.340319 0.312498 0.351239 0.323362 0.304870 0.306610 0.332124 0.315211 0.323881 0.344102 0.333175 0.311528 0.315763 0.379467 0.362262 0.318771 0.376223 0.230785 0.249226 0.265432 0.236726 0.251026 0.243875 0.232967 0.221590 0.226966 0.265350 0.234616 0.279451 0.283777 0.247732 0.205885 0.212153 0.268400 0.226933 0.205707 0.196655 0.219155 0.239053 0.209214 0.212546 0.245964 0.225640 0.214582 0.254575 0.238539 0.184854 0.190683 0.200529 0.209866 0.323151 0.327219 0.203733 0.288363 0.314258 0.328966 0.118474 0.257565 0.234551 0.151971 0.342372 0.263118 0.445119 0.193016 0.303424 0.213228 0.365805 0.241310 0.394865 0.354831 0.575667 0.384154 0.387066 0.291848 0.240575 0.236425 0.243090 0.230888 0.241490 0.238127 0.224997 0.242025 0.231791 0.233802 0.241558 0.232991 0.242915 0.249179 0.188989 0.252784 0.222671 0.189083 0.202412 0.209311 0.228768 0.200842 0.235160 0.235176 0.246743 0.284680 0.247501 0.262760 0.265420 0.274469 0.271747 0.253841 0.265363 0.274180 0.238355 0.265026 0.271743 0.250983 0.269582 0.281522 0.262926 0.271503 0.273596 0.230307 0.241688 0.223807 0.233091 0.164872 0.212314 0.207385 0.228668 0.253988 0.214812 0.233376 0.238983 0.228746 0.215862 0.198504 0.221379 0.212901 0.235179 0.245323 0.236266 0.220069 0.227289 0.329250 0.294045 0.319444 0.329389 0.322152 0.309345 0.338645 0.214724 0.224330 0.272692 0.273551 0.255177 0.295058 0.257152 0.229957 0.231229 0.187657 0.221212 0.232208 0.232984 0.226041 0.323076 0.216705 0.211242 0.185994 0.185068 0.220706 0.233998 0.229203 0.198529 0.208592 0.228848 0.208657 0.203734 0.188536 0.227326 0.256620 0.239692 0.246426 0.246792 0.254255 0.258186 0.231038 0.270913 0.269097 0.227054 0.221572 0.235193 0.175937 0.223768 0.234454 0.171292 0.235690 0.235853 0.224612 0.223391 0.261088 0.255374 0.276920 0.309068 0.270487 0.299865 0.226311 0.226415 0.265684 0.213032 0.229724 0.240443 0.233670 0.216387 0.210205 0.272877 0.258868 
0.145450 0.122219 0.140798 0.168920 0.235800 0.231929 0.000000 0.147680 0.151102 0.165833 0.121090 0.109432 0.115845 0.142992 0.146020 0.146493 0.095725 0.092888 0.157572 0.094876 0.156884 0.132394 0.168434 0.173808 0.219431 0.169882 0.232040 0.172100 0.269088 0.291753 0.314034 0.331658 0.301436 0.308170 0.278288 0.305987 0.291149 0.269988 0.267779 0.288553 0.282016 0.285277 0.308588 0.294813 0.264314 0.265390 0.333761 0.313647 0.284004 0.333266 0.182304 0.179829 0.202250 0.179208 0.183837 0.187294 0.175353 0.166869 0.168887 0.113153 0.122206 0.198908 0.190503 0.092615 0.105282 0.230598 0.160909 0.303316 0.232712 0.263832 0.270005 0.196949 0.226841 0.234969 0.207155 0.267088 0.244872 0.211452 0.231496 0.135174 0.147442 0.144192 0.144540 0.198314 0.203228 0.147055 0.178918 0.205115 0.235353 0.206150 0.156953 0.118768 0.171694 0.393839 0.088897 0.348167 0.140280 0.121523 0.196085 0.224523 0.123753 0.426502 0.260786 0.471829 0.493734 0.268270 0.255070 0.169972 0.179985 0.178076 0.188705 0.178621 0.187237 0.179652 0.192537 0.178108 0.176432 0.180879 0.181291 0.177298 0.192863 0.132894 0.123598 0.154205 0.144329 0.150462 0.143502 0.172474 0.154212 0.173976 0.176414 0.188653 0.220920 0.189558 0.199365 0.205458 0.214789 0.211209 0.193436 0.206205 0.211064 0.179389 0.206494 0.208161 0.192159 0.203391 0.220738 0.209552 0.209595 0.210387 0.160219 0.117422 0.101568 0.136516 0.146090 0.137924 0.103173 0.157937 0.183585 0.153540 0.142320 0.153308 0.134555 0.129390 0.118828 0.164201 0.102598 0.123704 0.152737 0.163247 0.154657 0.157771 0.234022 0.192019 0.221176 0.231461 0.219051 0.213810 0.249358 0.099272 0.120291 0.123209 0.115555 0.116582 0.143285 0.118283 0.189873 0.119055 0.148772 0.145227 0.125563 0.187850 0.176038 0.280108 0.115058 0.163825 0.098181 0.106758 0.123035 0.116978 0.120305 0.108672 0.112114 0.143483 0.112618 0.122616 0.118234 0.116787 0.119233 0.113734 0.122654 0.116654 0.170346 0.141962 0.149311 0.098328 0.088601 0.102930 0.123373 0.126348 0.164441 0.101382 0.127106 0.133197 0.112086 0.110003 0.132037 0.122340 0.154294 0.104191 0.096435 0.124835 0.094434 0.111350 0.152424 0.080162 0.144707 0.117087 0.191975 0.133002 0.182956 0.101584 0.092791 0.173210 0.186825 
0.159140 0.155465 0.146874 0.157561 0.265100 0.241387 0.147680 0.000000 0.071513 0.071429 0.096497 0.123675 0.112185 0.069520 0.081337 0.093173 0.107635 0.121537 0.101382 0.154481 0.097430 0.121314 0.084411 0.211499 0.199854 0.117204 0.130736 0.216793 0.204228 0.224248 0.258186 0.268350 0.232854 0.267334 0.216684 0.227551 0.239407 0.204643 0.194876 0.227232 0.189812 0.234473 0.249911 0.268117 0.241741 0.241957 0.315751 0.295872 0.259274 0.316263 0.121253 0.137982 0.167832 0.082288 0.144679 0.136839 0.125056 0.124711 0.113931 0.184358 0.159859 0.170890 0.162760 0.181126 0.129386 0.301001 0.199045 0.353536 0.287848 0.331219 0.355818 0.145178 0.289391 0.262906 0.166311 0.307037 0.312889 0.277310 0.321009 0.145244 0.091033 0.148588 0.138432 0.293474 0.258171 0.222825 0.255089 0.282948 0.256806 0.234451 0.231668 0.199811 0.184571 0.525758 0.090650 0.398695 0.204449 0.162007 0.311801 0.250965 0.160685 0.554516 0.336051 0.541521 0.511104 0.232004 0.319187 0.079351 0.105250 0.147779 0.100774 0.134540 0.081545 0.122267 0.150115 0.139371 0.140428 0.150062 0.145922 0.135255 0.165447 0.140425 0.151408 0.135651 0.086819 0.096579 0.094700 0.102317 0.100087 0.110968 0.109963 0.107454 0.177578 0.140901 0.146520 0.156314 0.168287 0.153795 0.134179 0.155106 0.151738 0.122534 0.145370 0.143311 0.129533 0.157394 0.177706 0.156318 0.156188 0.160928 0.103711 0.174776 0.109157 0.082936 0.200607 0.086444 0.159091 0.123357 0.134491 0.131405 0.074287 0.058753 0.072417 0.143757 0.122174 0.216564 0.132381 0.128145 0.097307 0.108779 0.204558 0.138575 0.296983 0.248005 0.281223 0.297117 0.287769 0.281541 0.320179 0.138982 0.190520 0.201697 0.191726 0.205861 0.209166 0.192118 0.202155 0.147891 0.169369 0.086928 0.166199 0.144258 0.148475 0.257543 0.208195 0.128279 0.131270 0.169564 0.181813 0.156725 0.140221 0.131429 0.139822 0.169041 0.134438 0.146304 0.109967 0.141829 0.155188 0.177059 0.190862 0.169908 0.111294 0.115766 0.107798 0.145810 0.164680 0.150397 0.090721 0.090762 0.139309 0.145063 0.170323 0.143583 0.140491 0.129146 0.132217 0.149891 0.130429 0.147829 0.167412 0.210117 0.158738 0.185362 0.090378 0.108949 0.100163 0.222242 0.143577 0.211321 0.132604 0.122197 0.132917 0.124030 0.089702 
0.156369 0.147589 0.132500 0.150239 0.268977 0.240972 0.151102 0.071513 0.000000 0.056325 0.102084 0.126301 0.108031 0.094968 0.076314 0.076324 0.116121 0.135643 0.088125 0.143685 0.075782 0.118633 0.080609 0.213963 0.221113 0.093019 0.165347 0.220200 0.168738 0.197791 0.234587 0.243551 0.214487 0.242917 0.197588 0.213569 0.196959 0.177086 0.190187 0.204701 0.185909 0.203440 0.227831 0.219519 0.191471 0.190929 0.265185 0.245837 0.208964 0.265706 0.104333 0.099531 0.121268 0.101650 0.089698 0.118417 0.098510 0.109054 0.104702 0.156638 0.146855 0.138080 0.141044 0.175538 0.140459 0.272773 0.162465 0.318256 0.244429 0.290950 0.314969 0.101082 0.256856 0.238261 0.141331 0.277432 0.272600 0.243981 0.279414 0.134063 0.102567 0.129235 0.119251 0.265891 0.234979 0.204436 0.222607 0.251504 0.251386 0.198140 0.200648 0.168119 0.146992 0.525415 0.123436 0.432976 0.212107 0.193677 0.307462 0.282549 0.154824 0.560827 0.344687 0.573831 0.503950 0.247247 0.324039 0.075821 0.109964 0.116538 0.106619 0.115974 0.101875 0.101887 0.109579 0.107157 0.107887 0.109434 0.117518 0.098533 0.125727 0.125941 0.118251 0.112615 0.085153 0.092626 0.100783 0.126021 0.108743 0.092512 0.101434 0.099281 0.146874 0.112680 0.130126 0.128855 0.129753 0.138570 0.131740 0.121212 0.130977 0.109712 0.127644 0.125788 0.122619 0.120609 0.157193 0.130317 0.114814 0.134673 0.092801 0.179869 0.098551 0.085711 0.197650 0.081125 0.154410 0.111886 0.126001 0.118845 0.056302 0.076093 0.070748 0.139718 0.103651 0.225775 0.134493 0.135488 0.094016 0.115178 0.202553 0.139282 0.290055 0.226391 0.259371 0.272035 0.269079 0.262846 0.301579 0.149598 0.187643 0.165425 0.157634 0.175889 0.193279 0.156332 0.170152 0.147138 0.174213 0.101707 0.171252 0.143884 0.142933 0.259673 0.198816 0.121060 0.139550 0.163318 0.169759 0.142649 0.124621 0.124035 0.127667 0.141211 0.120271 0.119408 0.104881 0.110606 0.163272 0.174789 0.186759 0.166241 0.133970 0.132246 0.109894 0.155560 0.173999 0.150705 0.095865 0.095788 0.130944 0.139998 0.153162 0.136098 0.138838 0.137661 0.130288 0.150242 0.135755 0.149198 0.161498 0.205226 0.153122 0.173684 0.092300 0.104284 0.135452 0.220353 0.106408 0.210835 0.092917 0.128560 0.126735 0.099854 0.114192 
0.183065 0.168848 0.153137 0.169722 0.264627 0.243877 0.165833 0.071429 0.056325 0.000000 0.120766 0.147485 0.122350 0.100539 0.070412 0.084490 0.135974 0.132893 0.083309 0.162117 0.084926 0.136282 0.068400 0.230099 0.230396 0.082039 0.163751 0.237397 0.168832 0.194362 0.229597 0.242223 0.200102 0.234443 0.187388 0.208710 0.199521 0.174590 0.167868 0.199262 0.178680 0.202962 0.215389 0.237923 0.205425 0.212570 0.284283 0.264446 0.222031 0.281049 0.098920 0.125281 0.135817 0.086192 0.119580 0.108231 0.106692 0.108851 0.110223 0.178023 0.148161 0.149181 0.154293 0.190450 0.135851 0.278674 0.172841 0.318005 0.253511 0.296128 0.326930 0.100826 0.258181 0.230536 0.151293 0.279205 0.286773 0.256411 0.293048 0.165889 0.106778 0.159792 0.146606 0.277195 0.239507 0.201119 0.230084 0.261466 0.247736 0.211255 0.209057 0.181221 0.156502 0.533631 0.119229 0.414280 0.228849 0.197504 0.318776 0.252847 0.166977 0.574779 0.328928 0.576332 0.505333 0.215811 0.315419 0.047369 0.122913 0.134513 0.093687 0.137872 0.092512 0.098997 0.117225 0.110503 0.119375 0.118898 0.125064 0.126007 0.133831 0.126630 0.146943 0.114934 0.093738 0.099506 0.089145 0.102459 0.098223 0.081600 0.090098 0.083949 0.144801 0.102300 0.117379 0.124342 0.124663 0.135282 0.119163 0.110786 0.123565 0.097337 0.119644 0.115043 0.111771 0.120263 0.146532 0.128266 0.120082 0.116649 0.101482 0.198763 0.114334 0.082722 0.217835 0.095513 0.175008 0.124701 0.147519 0.137857 0.063752 0.055322 0.086819 0.163428 0.121713 0.237857 0.151126 0.134143 0.111851 0.120822 0.218290 0.157614 0.290436 0.233237 0.263949 0.276804 0.275038 0.262722 0.309129 0.133544 0.187867 0.193280 0.184577 0.197055 0.207793 0.182675 0.167278 0.155297 0.172589 0.099773 0.179748 0.160303 0.156868 0.263603 0.207800 0.118263 0.144144 0.166214 0.181041 0.158304 0.140017 0.127797 0.151911 0.156318 0.133355 0.126689 0.112040 0.135148 0.169806 0.172318 0.184251 0.153897 0.153890 0.152221 0.129579 0.169350 0.191766 0.177096 0.112875 0.126759 0.132244 0.156459 0.162010 0.148174 0.155680 0.146029 0.150107 0.162819 0.144913 0.153942 0.173835 0.221238 0.180419 0.184076 0.114531 0.122493 0.147560 0.234153 0.101011 0.227114 0.108021 0.146674 0.151583 0.095715 0.099725 
0.136258 0.120013 0.115726 0.126769 0.274509 0.249392 0.121090 0.096497 0.102084 0.120766 0.000000 0.073411 0.037179 0.054078 0.094935 0.092149 0.080163 0.124531 0.115430 0.118373 0.116743 0.076156 0.117231 0.150425 0.167954 0.143301 0.174106 0.151870 0.242582 0.264424 0.292351 0.306717 0.271293 0.278448 0.254795 0.278249 0.267076 0.236366 0.232954 0.259283 0.245957 0.258315 0.280722 0.265175 0.229169 0.229540 0.303749 0.279600 0.250573 0.303035 0.138676 0.125691 0.156652 0.123797 0.127317 0.150266 0.123512 0.110522 0.113586 0.159258 0.145808 0.135744 0.136062 0.147117 0.148892 0.301730 0.194842 0.370449 0.285099 0.326126 0.339723 0.157733 0.293869 0.294237 0.166558 0.328006 0.310408 0.256137 0.312052 0.125450 0.102938 0.116729 0.103363 0.274342 0.235397 0.214482 0.243125 0.268595 0.216067 0.228918 0.209932 0.171779 0.175492 0.481197 0.096436 0.415956 0.200956 0.176666 0.269605 0.288425 0.149233 0.487562 0.340566 0.534084 0.484373 0.256491 0.327631 0.120307 0.121692 0.124810 0.142810 0.128168 0.139237 0.138766 0.139423 0.133833 0.129749 0.128772 0.125107 0.131160 0.145509 0.146441 0.111048 0.127870 0.107193 0.108724 0.125215 0.148292 0.136088 0.121625 0.115190 0.138075 0.160845 0.134815 0.142497 0.154956 0.161115 0.158515 0.138582 0.159406 0.158239 0.127460 0.153090 0.159248 0.139054 0.148803 0.172034 0.153093 0.152997 0.150960 0.097360 0.179019 0.091942 0.113302 0.192469 0.081509 0.147546 0.096899 0.112330 0.122310 0.084245 0.106109 0.088618 0.129695 0.111838 0.205960 0.086116 0.111727 0.087756 0.103123 0.184777 0.110609 0.282754 0.228213 0.257905 0.277841 0.275881 0.268625 0.302874 0.144274 0.167870 0.168106 0.148300 0.167333 0.165977 0.158868 0.214251 0.147615 0.173524 0.115749 0.157197 0.115232 0.108550 0.220283 0.174423 0.167632 0.110608 0.156665 0.143236 0.135785 0.127026 0.124289 0.114142 0.157105 0.109828 0.129998 0.104886 0.117182 0.147628 0.171619 0.178076 0.164593 0.069580 0.060270 0.063065 0.082530 0.105571 0.113896 0.072263 0.062336 0.175430 0.118205 0.145964 0.141350 0.079938 0.068761 0.089687 0.100799 0.104820 0.123787 0.104884 0.146516 0.098708 0.118878 0.101859 0.101320 0.124442 0.197282 0.162860 0.165048 0.135011 0.073985 0.100420 0.136833 0.121045 
0.132592 0.129000 0.103235 0.118384 0.268990 0.245367 0.109432 0.123675 0.126301 0.147485 0.073411 0.000000 0.062696 0.106506 0.129793 0.112713 0.088417 0.127328 0.114291 0.097506 0.110958 0.059653 0.134724 0.161082 0.198075 0.142568 0.216186 0.169381 0.255427 0.278417 0.293040 0.318341 0.285888 0.292231 0.260149 0.300396 0.279159 0.247699 0.249977 0.269238 0.275777 0.270161 0.295051 0.266884 0.239402 0.239194 0.312105 0.289647 0.259347 0.312635 0.153582 0.130545 0.170904 0.157036 0.136775 0.166402 0.138941 0.127647 0.116061 0.125935 0.140357 0.175177 0.173002 0.141775 0.135721 0.269865 0.161655 0.349717 0.270927 0.294344 0.298529 0.167758 0.255872 0.282284 0.181394 0.292871 0.279019 0.234616 0.272381 0.107630 0.098116 0.101949 0.088079 0.243340 0.217091 0.186095 0.210319 0.238454 0.230540 0.209597 0.185619 0.147777 0.159644 0.442919 0.103647 0.412558 0.205539 0.188411 0.238832 0.280334 0.172577 0.482175 0.343393 0.553100 0.477697 0.265115 0.325900 0.155029 0.159074 0.139441 0.162509 0.119010 0.163738 0.149954 0.153908 0.144745 0.141324 0.144325 0.143737 0.131088 0.157483 0.144887 0.117324 0.126662 0.116131 0.118340 0.124511 0.159261 0.144326 0.143170 0.133947 0.147866 0.175494 0.145757 0.159966 0.171910 0.181518 0.167156 0.147266 0.174579 0.171111 0.145399 0.157071 0.166427 0.140756 0.165336 0.188403 0.162201 0.163682 0.167558 0.126306 0.187777 0.096470 0.126109 0.184977 0.097427 0.142429 0.119426 0.124756 0.111656 0.116037 0.141813 0.122378 0.117846 0.109060 0.213898 0.088632 0.115246 0.102944 0.098202 0.178096 0.126605 0.263584 0.207817 0.232691 0.256511 0.254236 0.241220 0.288715 0.121195 0.136774 0.144216 0.138310 0.151966 0.152331 0.143108 0.205040 0.144455 0.163820 0.114580 0.166820 0.121081 0.115261 0.216292 0.151621 0.173459 0.110647 0.121963 0.138377 0.118788 0.137428 0.119018 0.089113 0.165517 0.091518 0.123439 0.105928 0.107574 0.149234 0.154137 0.166804 0.151441 0.103506 0.099303 0.090655 0.073651 0.100510 0.087675 0.081621 0.083474 0.164626 0.100652 0.115986 0.117539 0.072066 0.067794 0.080290 0.093205 0.108891 0.118076 0.111216 0.143739 0.097299 0.128331 0.124268 0.087663 0.142259 0.186382 0.152240 0.158992 0.134305 0.101359 0.113034 0.175149 0.176669 
0.132900 0.119474 0.106018 0.126378 0.273790 0.252057 0.115845 0.112185 0.108031 0.122350 0.037179 0.062696 0.000000 0.072794 0.093056 0.084806 0.083834 0.119659 0.113035 0.106762 0.120482 0.081913 0.124284 0.151647 0.183298 0.135246 0.188367 0.159616 0.232385 0.258282 0.286053 0.299272 0.264360 0.269695 0.247588 0.275773 0.257240 0.227901 0.228998 0.254037 0.249743 0.249015 0.273394 0.252065 0.211625 0.212886 0.288921 0.260410 0.230672 0.284675 0.126532 0.112033 0.143458 0.125384 0.112759 0.131202 0.111614 0.097061 0.107483 0.144755 0.130883 0.142365 0.149633 0.152770 0.156928 0.286921 0.180721 0.355125 0.273684 0.310866 0.321187 0.140878 0.279859 0.285155 0.179956 0.317993 0.301886 0.245004 0.295002 0.123213 0.116910 0.111740 0.094368 0.257070 0.219465 0.197287 0.227015 0.251321 0.224532 0.218415 0.193648 0.156915 0.166823 0.473132 0.104414 0.431895 0.207067 0.184930 0.261390 0.294229 0.156756 0.492697 0.352203 0.549762 0.484307 0.271172 0.337303 0.122350 0.130566 0.113309 0.140636 0.120225 0.139830 0.128705 0.124950 0.117257 0.114105 0.111984 0.111223 0.121604 0.130488 0.138026 0.111705 0.115542 0.110703 0.107914 0.119444 0.149735 0.144645 0.118131 0.109034 0.131665 0.148638 0.118197 0.129246 0.145142 0.146967 0.152260 0.128496 0.152197 0.147144 0.118811 0.141296 0.149413 0.125284 0.134322 0.159580 0.136966 0.139374 0.133716 0.098379 0.188973 0.084846 0.114438 0.191399 0.079001 0.141639 0.090117 0.107692 0.120550 0.085528 0.110254 0.093954 0.128955 0.105721 0.218693 0.076727 0.115110 0.090578 0.101461 0.186706 0.128671 0.271333 0.211488 0.244737 0.263369 0.263798 0.254595 0.290948 0.143465 0.158684 0.155558 0.135555 0.152845 0.153119 0.142969 0.204254 0.140378 0.169504 0.118400 0.159516 0.115119 0.107805 0.218345 0.158443 0.168699 0.104883 0.148168 0.133574 0.119978 0.125154 0.114546 0.110160 0.155873 0.096211 0.116604 0.094584 0.113939 0.150044 0.162212 0.165741 0.153781 0.092590 0.086030 0.070022 0.077946 0.106247 0.106641 0.064329 0.068054 0.181985 0.109262 0.134911 0.139106 0.075925 0.059895 0.076640 0.092400 0.103023 0.126302 0.112290 0.149968 0.104062 0.119997 0.118091 0.096558 0.140462 0.203114 0.161391 0.157574 0.131221 0.080941 0.108217 0.151039 0.142682 
0.139439 0.131300 0.129959 0.140454 0.269269 0.241137 0.142992 0.069520 0.094968 0.100539 0.054078 0.106506 0.072794 0.000000 0.076027 0.084453 0.086750 0.126874 0.112415 0.141949 0.105286 0.089678 0.100183 0.181595 0.181578 0.134344 0.137270 0.190917 0.226252 0.244889 0.283711 0.287743 0.255940 0.273353 0.237234 0.251850 0.260626 0.225633 0.214230 0.239784 0.208803 0.246364 0.269751 0.268982 0.237311 0.238125 0.309257 0.287827 0.256178 0.309184 0.133404 0.131152 0.158196 0.097681 0.131794 0.146124 0.120789 0.110793 0.114267 0.186014 0.157988 0.156199 0.149402 0.165790 0.153376 0.315658 0.214777 0.374710 0.299653 0.342532 0.363156 0.152589 0.304011 0.284134 0.172033 0.335552 0.324625 0.290724 0.334166 0.135379 0.096661 0.136393 0.118954 0.298982 0.263393 0.234151 0.266061 0.291574 0.250951 0.236824 0.233207 0.195026 0.184982 0.506196 0.098594 0.420100 0.206851 0.174009 0.295979 0.283926 0.155268 0.530184 0.345479 0.535745 0.491737 0.256999 0.332056 0.089932 0.086272 0.130636 0.122574 0.133635 0.113572 0.132553 0.142268 0.136514 0.133559 0.135015 0.132518 0.133056 0.150184 0.142530 0.147338 0.137255 0.090286 0.096521 0.112175 0.130777 0.113487 0.115355 0.105973 0.122305 0.161966 0.133879 0.142952 0.152181 0.163579 0.153690 0.134389 0.158968 0.158699 0.126144 0.148334 0.153617 0.132592 0.146627 0.174713 0.155298 0.158232 0.152985 0.082973 0.184064 0.097312 0.107328 0.193179 0.078043 0.163520 0.095185 0.117956 0.131484 0.073869 0.079097 0.079010 0.136751 0.121007 0.211098 0.101592 0.126208 0.089588 0.089464 0.202254 0.123801 0.299598 0.247689 0.280066 0.299631 0.295820 0.289144 0.321100 0.143108 0.198985 0.195954 0.183103 0.192290 0.202330 0.186119 0.219754 0.152835 0.171033 0.110951 0.147612 0.119831 0.104273 0.220652 0.209369 0.143540 0.124303 0.176423 0.178640 0.155111 0.141214 0.137366 0.140276 0.168491 0.128709 0.143635 0.111443 0.138383 0.141078 0.185839 0.197882 0.172723 0.071813 0.087451 0.061823 0.112117 0.140876 0.140248 0.075122 0.074119 0.158198 0.136128 0.163301 0.146863 0.100690 0.089208 0.106573 0.113719 0.134724 0.142581 0.145496 0.194930 0.147165 0.167979 0.092935 0.113076 0.123015 0.226779 0.155979 0.185149 0.141325 0.090759 0.116293 0.133086 0.103725 
0.154578 0.133209 0.111581 0.136423 0.242884 0.212588 0.146020 0.081337 0.076314 0.070412 0.094935 0.129793 0.093056 0.076027 0.000000 0.039529 0.111826 0.134960 0.077266 0.142398 0.074342 0.114299 0.080003 0.214602 0.231968 0.092511 0.168070 0.221238 0.174418 0.202927 0.242855 0.250278 0.209129 0.225183 0.194658 0.217090 0.200804 0.176480 0.177365 0.206984 0.182790 0.200921 0.218612 0.225788 0.184884 0.189543 0.264277 0.241700 0.201370 0.259346 0.071406 0.089877 0.114680 0.061773 0.087622 0.085567 0.054746 0.054090 0.064644 0.172547 0.128948 0.152841 0.168648 0.191826 0.147441 0.284630 0.188529 0.328674 0.266182 0.304561 0.340939 0.096242 0.270754 0.250128 0.168806 0.301911 0.297094 0.276746 0.307884 0.129685 0.086085 0.127613 0.106652 0.277547 0.247991 0.197659 0.236513 0.262274 0.249608 0.203475 0.204011 0.177463 0.142926 0.523383 0.128301 0.451402 0.225099 0.198741 0.306372 0.295138 0.180970 0.561475 0.358860 0.580999 0.484089 0.276199 0.350770 0.061965 0.075317 0.091304 0.074291 0.101810 0.076362 0.069876 0.086388 0.077585 0.077305 0.079840 0.079720 0.100741 0.100132 0.118588 0.151708 0.109713 0.062228 0.080112 0.087082 0.118868 0.102608 0.067935 0.065217 0.074475 0.124590 0.081958 0.093074 0.106431 0.113699 0.110670 0.087324 0.116040 0.109144 0.078347 0.100117 0.103043 0.083689 0.102343 0.126683 0.105182 0.105950 0.107996 0.064303 0.191722 0.084899 0.092401 0.201955 0.048599 0.154676 0.064459 0.087911 0.112508 0.051881 0.071555 0.069237 0.134896 0.091817 0.237892 0.112110 0.126950 0.083314 0.082498 0.213848 0.144645 0.272735 0.218929 0.256126 0.269578 0.262428 0.254497 0.289246 0.145610 0.188252 0.191632 0.177349 0.182326 0.200592 0.173483 0.172817 0.135109 0.152123 0.104515 0.155222 0.114290 0.109321 0.220040 0.203078 0.135496 0.125383 0.160202 0.182391 0.157041 0.134344 0.116210 0.148918 0.159675 0.124500 0.119334 0.092526 0.124488 0.156103 0.166018 0.169755 0.151451 0.126305 0.133949 0.090604 0.151689 0.175232 0.145601 0.085890 0.103415 0.145820 0.124828 0.148911 0.128422 0.119207 0.109430 0.105967 0.120109 0.135106 0.158425 0.172835 0.215727 0.165310 0.185738 0.107018 0.107102 0.151850 0.227375 0.124577 0.198008 0.109868 0.120468 0.130476 0.132941 0.115371 
0.143901 0.129227 0.098975 0.121073 0.242699 0.213147 0.146493 0.093173 0.076324 0.084490 0.092149 0.112713 0.084806 0.084453 0.039529 0.000000 0.104764 0.143351 0.067355 0.120959 0.073807 0.111110 0.087024 0.213678 0.230181 0.087285 0.174438 0.219256 0.178275 0.207539 0.240275 0.253698 0.209181 0.223891 0.193598 0.232641 0.201509 0.171776 0.182244 0.208609 0.206747 0.197441 0.221459 0.223738 0.191712 0.191551 0.267104 0.244660 0.204797 0.265129 0.072646 0.073513 0.114641 0.073188 0.078150 0.088737 0.051828 0.052698 0.061566 0.157341 0.123733 0.159343 0.174869 0.189705 0.155751 0.274858 0.172658 0.320524 0.265127 0.295422 0.331031 0.094175 0.263331 0.258802 0.171815 0.293894 0.296123 0.268624 0.295218 0.111786 0.096146 0.101976 0.080916 0.273307 0.247345 0.193367 0.228985 0.254959 0.256714 0.197111 0.197296 0.169307 0.134709 0.508903 0.131116 0.459913 0.232119 0.212522 0.291623 0.313239 0.183981 0.556266 0.372406 0.592023 0.475329 0.293209 0.362533 0.083225 0.084995 0.078014 0.080692 0.084837 0.085288 0.070738 0.081674 0.078134 0.074450 0.077613 0.076766 0.081688 0.097504 0.112101 0.153772 0.104694 0.060711 0.072685 0.092982 0.122908 0.104542 0.071710 0.061308 0.087705 0.126165 0.083238 0.097180 0.106865 0.119406 0.114284 0.092348 0.112632 0.111556 0.078997 0.102260 0.100418 0.086050 0.105222 0.134358 0.108612 0.108293 0.110413 0.063998 0.200993 0.080184 0.105893 0.198918 0.031924 0.147816 0.045042 0.064123 0.090152 0.057317 0.087820 0.078750 0.125494 0.079666 0.236607 0.092720 0.124462 0.066086 0.069968 0.212656 0.138410 0.270895 0.218385 0.253048 0.263999 0.262833 0.251899 0.288978 0.148159 0.176347 0.177489 0.170405 0.171073 0.194440 0.162597 0.166129 0.121596 0.144774 0.105154 0.159823 0.092794 0.084240 0.209439 0.195573 0.149771 0.122911 0.152664 0.182249 0.151132 0.125769 0.113860 0.131041 0.161655 0.109733 0.117673 0.093504 0.123730 0.159778 0.155949 0.169216 0.144313 0.125728 0.132799 0.077909 0.143978 0.169218 0.124848 0.078889 0.095008 0.148126 0.118590 0.140212 0.117256 0.099381 0.102780 0.085996 0.105805 0.121038 0.143673 0.162550 0.202774 0.152161 0.170555 0.107589 0.099008 0.157821 0.229467 0.115815 0.186613 0.099467 0.121550 0.130831 0.139226 0.122327 
0.136008 0.096259 0.102703 0.132176 0.256044 0.235142 0.095725 0.107635 0.116121 0.135974 0.080163 0.088417 0.083834 0.086750 0.111826 0.104764 0.000000 0.100692 0.119401 0.082000 0.123032 0.078365 0.131630 0.160635 0.188002 0.147545 0.183913 0.175577 0.249452 0.272984 0.298067 0.314396 0.280275 0.294009 0.257235 0.283324 0.277915 0.243118 0.241068 0.259548 0.252524 0.269662 0.292823 0.266936 0.244997 0.243951 0.317833 0.295697 0.261866 0.318983 0.152394 0.135543 0.176840 0.131088 0.138736 0.158569 0.130970 0.125926 0.119678 0.126709 0.111605 0.191977 0.175834 0.121837 0.129178 0.259643 0.172946 0.337332 0.249978 0.286460 0.311679 0.175239 0.264796 0.259518 0.193051 0.290807 0.286838 0.249896 0.281657 0.111588 0.110002 0.107948 0.108399 0.230288 0.236580 0.173477 0.202199 0.225956 0.260906 0.217669 0.175969 0.138113 0.173086 0.440313 0.080728 0.403998 0.178664 0.161325 0.226036 0.267929 0.141164 0.484697 0.323821 0.519435 0.484642 0.284926 0.314925 0.137278 0.125292 0.141113 0.151280 0.132465 0.137122 0.150725 0.155238 0.147455 0.143293 0.148056 0.143711 0.136133 0.164995 0.134229 0.136923 0.129957 0.094953 0.107975 0.114910 0.137438 0.112899 0.146637 0.138554 0.153121 0.183024 0.149843 0.157905 0.177105 0.186395 0.170067 0.148502 0.183101 0.175458 0.146978 0.166970 0.174330 0.152047 0.171607 0.193005 0.170723 0.172720 0.173263 0.112995 0.153826 0.060775 0.089668 0.151391 0.092899 0.126443 0.107966 0.123879 0.117283 0.100688 0.120567 0.104278 0.103996 0.093413 0.185282 0.067646 0.104410 0.099712 0.115548 0.147329 0.132249 0.244393 0.198408 0.231177 0.245087 0.232764 0.229267 0.262956 0.106881 0.148532 0.132400 0.136454 0.130655 0.166401 0.120188 0.190270 0.106966 0.146420 0.095526 0.122668 0.126717 0.120537 0.227112 0.160791 0.158699 0.100933 0.125926 0.150627 0.128024 0.117916 0.112159 0.120327 0.149095 0.096413 0.122071 0.102679 0.097746 0.110071 0.123690 0.138041 0.127494 0.112097 0.103924 0.095473 0.091819 0.099896 0.072841 0.080684 0.058481 0.160570 0.082633 0.114301 0.122370 0.077880 0.080765 0.078950 0.074229 0.118702 0.094070 0.115548 0.152567 0.090405 0.127840 0.096823 0.077140 0.126895 0.185908 0.175537 0.134178 0.149338 0.080903 0.076317 0.168318 0.156636 
0.189987 0.158190 0.167908 0.195411 0.260806 0.253328 0.092888 0.121537 0.135643 0.132893 0.124531 0.127328 0.119659 0.126874 0.134960 0.143351 0.100692 0.000000 0.138673 0.149070 0.143763 0.147520 0.137387 0.163539 0.186443 0.141589 0.200183 0.168278 0.248560 0.274185 0.289378 0.320299 0.278335 0.289987 0.253463 0.275969 0.268494 0.250015 0.243527 0.269729 0.225121 0.272509 0.292613 0.277036 0.253015 0.260235 0.327887 0.309105 0.260313 0.321049 0.162617 0.183404 0.201148 0.164929 0.181751 0.161771 0.164805 0.152546 0.154495 0.120238 0.105060 0.166719 0.134631 0.110426 0.112377 0.236551 0.135106 0.321319 0.231669 0.269673 0.265349 0.168670 0.230497 0.238163 0.166630 0.273826 0.244780 0.217948 0.237471 0.178792 0.133056 0.182786 0.172343 0.206109 0.167655 0.159979 0.165946 0.206287 0.194661 0.222879 0.166294 0.145058 0.192948 0.455700 0.065135 0.345870 0.164786 0.115184 0.266281 0.202058 0.135143 0.485845 0.253361 0.495120 0.536882 0.207555 0.265108 0.119857 0.149620 0.184055 0.165761 0.182628 0.155558 0.158785 0.174675 0.157673 0.169859 0.174955 0.170686 0.180388 0.182839 0.132437 0.116019 0.131793 0.136499 0.145789 0.135248 0.145795 0.134445 0.153503 0.167284 0.164649 0.203669 0.165383 0.176381 0.181249 0.189993 0.189122 0.173995 0.183457 0.187417 0.156338 0.183927 0.184686 0.169776 0.181713 0.201119 0.179575 0.188232 0.182289 0.151041 0.125964 0.114432 0.086434 0.176902 0.135272 0.142926 0.172205 0.194693 0.176068 0.141573 0.116065 0.115343 0.162592 0.151688 0.175246 0.140896 0.135356 0.149103 0.180617 0.168936 0.180223 0.225582 0.175074 0.198443 0.218794 0.215715 0.204302 0.254807 0.109743 0.134033 0.133230 0.118626 0.148653 0.141593 0.142343 0.179309 0.158690 0.180970 0.135083 0.169611 0.204969 0.194070 0.308781 0.132485 0.135266 0.124202 0.140208 0.157841 0.146753 0.127351 0.119889 0.148287 0.149480 0.132428 0.142406 0.117399 0.132056 0.122743 0.143254 0.137875 0.134819 0.170518 0.146344 0.153211 0.112770 0.117012 0.135967 0.128923 0.118138 0.186728 0.135335 0.143343 0.154641 0.130840 0.129556 0.148448 0.153295 0.132870 0.111225 0.111308 0.143269 0.114766 0.137748 0.135701 0.084600 0.115748 0.153124 0.171563 0.181719 0.162462 0.133148 0.126412 0.118346 0.133727 
