245 245
0.000000 0.831713 1.274105 0.863246 1.918024 1.796136 1.932483 2.117600 2.006299 2.062422 2.128261 1.531457 2.269862 2.113675 2.692784 2.624770 1.997031 1.830161 1.450912 1.751952 1.369181 1.548847 1.688855 2.257570 2.565634 1.168662 2.371351 2.347232 3.032307 3.099733 3.142366 3.169713 3.411518 3.369373 2.906178 3.038433 3.301575 3.094062 2.812454 2.689062 3.078405 2.925432 3.480263 3.026921 2.992145 3.007747 3.383025 3.322284 3.171453 3.428357 2.097883 2.389981 2.543262 2.351971 2.255660 2.199370 2.897173 2.629383 2.490907 1.711224 1.942829 2.053410 2.211503 2.080715 2.089457 2.845423 2.157377 3.591795 3.420765 2.878261 3.150563 2.034822 2.781150 3.079608 2.181260 3.242334 3.137239 2.921064 2.971482 1.592139 1.527613 1.757767 2.072217 2.438828 2.541223 1.586908 2.115759 2.447852 2.743079 1.380592 2.047069 1.809048 1.403061 3.620447 2.054951 4.077049 2.387049 2.740044 2.269375 2.885355 2.505198 4.253391 3.383143 5.133983 3.444154 3.058679 3.369174 2.103654 1.997387 2.518844 2.117868 2.225319 2.500769 2.251373 2.440261 2.672656 2.764705 2.927115 2.864819 2.182953 2.563430 1.334890 2.204560 1.321558 1.381461 1.293650 1.193633 1.331101 1.236497 2.375536 2.302127 2.017533 2.589954 2.240460 2.697198 2.248271 2.607255 2.261682 2.461794 2.099392 2.484493 2.059156 2.503414 3.019870 2.422639 2.565978 2.408442 2.269542 2.631071 2.529701 2.026817 2.686086 2.215434 2.105597 1.856794 2.281490 1.995040 3.502343 3.569242 1.924912 2.333405 2.201130 2.164492 1.939398 2.140581 2.904114 1.788190 2.292857 2.746419 2.659735 2.351553 1.723247 2.300237 2.222649 2.534813 2.239137 2.462793 2.221116 2.705074 1.382559 1.838899 1.596762 1.945267 1.695978 1.872341 1.684602 1.721779 1.600807 0.892789 1.463329 1.368303 2.571444 1.854697 4.965560 1.621835 1.367802 1.509641 1.235967 1.572597 1.030247 1.317509 1.207845 1.803993 1.574191 0.931805 1.293947 1.094323 1.090479 1.343985 1.287675 1.404394 1.512609 2.122444 1.742947 1.653477 1.687613 1.707395 1.352247 1.991969 1.926557 1.414918 1.133028 1.120830 1.108676 1.900479 1.816020 1.902213 1.797909 1.931740 1.458977 1.415766 1.563237 1.341497 1.710415 1.049197 1.594362 2.185762 2.254928 1.057904 1.805354 1.786191 1.753389 1.341758 2.367617 2.240359 
0.831713 0.000000 0.779273 0.584499 1.501920 1.366691 1.570837 1.655170 1.583726 1.555841 1.529404 1.280915 1.715885 1.639923 2.121737 2.118473 1.528972 1.515744 0.905930 1.360154 1.320614 1.331485 1.349219 1.823957 2.152475 0.883914 1.910173 1.872291 2.801091 3.223936 2.897025 3.466020 3.080188 2.998442 2.672049 3.155141 2.967501 2.589285 2.793894 3.080641 2.744945 3.016798 3.142153 2.822752 2.715058 2.706746 3.381167 3.072719 2.732877 3.463247 1.721241 1.944490 1.912136 1.636746 2.031646 2.251411 2.378566 2.091269 1.991797 2.145434 1.342784 1.982172 2.286364 1.543824 1.708046 2.745865 2.008959 3.257604 2.994535 2.477009 2.900307 1.813256 2.581510 2.507662 1.753332 3.025774 2.932194 2.675794 2.687276 1.396998 1.374729 1.261849 1.907560 2.168813 2.283354 1.283104 1.803008 1.984359 2.249639 1.425165 1.573410 1.236837 1.167985 3.343213 1.628602 3.680248 2.123418 2.328228 1.919872 2.487164 2.136992 3.833394 2.968091 4.721406 3.009028 2.571601 2.958963 1.649364 2.148014 1.979023 1.845470 2.086221 1.924319 1.814257 1.929230 2.210885 2.338643 2.575638 2.230859 2.050147 2.477757 0.867952 1.658490 0.795656 0.935754 0.869695 0.845389 0.950164 0.871599 1.878130 2.007771 1.736578 2.106342 1.946928 2.152216 1.638294 2.031410 2.026436 2.175553 1.580791 2.011024 1.501304 2.217173 2.595210 2.023388 2.180262 1.898766 1.685749 2.085092 1.978812 2.278948 2.300210 1.817241 1.567175 1.630861 1.893659 1.649020 3.019993 3.094848 1.466519 1.788423 1.657702 1.646488 1.675659 1.585574 2.487220 1.319428 1.819548 2.248497 2.210025 1.852339 1.277465 2.118200 1.707282 2.157837 1.971383 2.139834 2.085725 2.130618 0.967144 1.453236 1.251312 1.397743 1.199402 1.423672 1.179825 1.180660 1.154829 0.995210 1.000186 1.275584 2.136406 1.707365 4.580631 1.132069 1.227047 1.086953 0.971032 1.113224 0.647040 1.016808 0.879496 1.521149 1.238350 0.676959 0.876412 0.506633 0.772136 1.016137 0.932619 0.890633 0.935130 1.877481 1.269639 1.325144 1.395968 1.346057 1.031005 1.439143 1.387003 1.393410 0.796226 1.118890 0.881399 1.239336 1.180699 1.403102 1.210267 1.430947 1.000031 1.031009 1.132281 0.880909 1.145596 0.804871 1.150281 1.801723 1.925342 0.913540 1.364074 1.366307 1.225598 0.946431 1.903464 1.725574 
1.274105 0.779273 0.000000 0.692473 2.013360 1.730923 1.915772 1.933438 1.669920 1.575368 1.582491 1.204338 1.679791 1.727441 1.806854 1.770331 1.537999 1.860678 1.058358 1.525708 1.493320 1.105853 1.583043 2.258492 2.602305 1.397187 2.154655 2.140302 3.235625 3.658471 3.423777 3.900555 3.514723 3.432977 3.121879 3.589676 3.402036 3.032994 3.243724 3.592099 3.179480 3.451333 3.585862 3.349505 3.149593 3.141281 3.815701 3.507254 3.167412 3.897781 2.040803 2.204490 2.352415 1.766380 2.267647 2.403510 2.053953 2.183686 1.858646 2.616489 1.926904 2.426267 2.813117 1.771131 1.961702 3.116232 2.435259 3.159617 3.247251 2.595748 2.966146 2.239556 2.702145 3.000522 2.203162 3.102905 3.046012 2.752285 2.965985 1.293908 1.166394 1.145098 1.143582 2.695566 2.803447 1.603194 1.917751 2.418894 2.719039 1.679075 2.024380 1.711613 0.869365 3.803299 1.906870 4.140334 2.468353 2.424678 2.082988 2.537141 2.164562 4.199020 2.987618 4.989418 3.147038 2.814165 3.485716 1.881012 2.216305 2.018381 2.160444 2.389971 2.090750 2.124645 2.265246 2.362984 2.464800 2.605351 2.313184 2.452753 2.832295 1.099062 1.898986 0.910360 0.679659 0.712076 1.025033 1.228432 0.865561 2.009903 2.105504 2.092455 2.508936 2.130385 2.211251 1.950579 2.194487 2.342700 2.246065 1.983384 2.200924 1.605627 2.462433 2.598073 2.187556 2.302674 2.292185 2.061873 2.047127 2.155192 2.394895 2.386404 1.630595 1.591289 1.698735 1.986076 1.734167 2.695380 2.755881 1.077796 1.818757 2.025570 1.778844 1.574869 1.302348 2.528969 1.078418 1.681651 1.909529 2.077487 1.881040 1.306730 2.576197 2.154241 2.325790 2.441557 2.583543 2.350267 2.584703 1.053337 1.472550 1.560238 1.490127 1.453422 1.806835 1.441716 1.619757 1.164711 1.386217 1.536113 1.689531 1.771569 1.506731 4.584634 1.456329 1.687134 1.288298 1.185383 1.573310 1.034251 1.039953 0.986366 1.516915 1.172033 0.763744 1.004200 0.872567 0.731064 1.159347 0.962809 1.167819 0.976410 2.085215 1.353213 0.987258 1.632665 1.583335 0.751433 1.149577 1.097080 1.605332 0.782565 1.399997 0.948968 0.916909 1.219259 1.011823 1.395669 1.245059 1.108273 1.115899 1.319480 0.941162 1.216670 0.919527 1.396071 1.864387 2.103239 1.255239 1.824160 1.567651 1.210687 0.953900 1.994870 1.844677 
0.863246 0.584499 0.692473 0.000000 1.459645 1.211512 1.618753 1.694679 1.501867 1.547915 1.669120 1.069469 1.830205 1.836961 2.127886 2.067910 1.562808 1.444793 1.006433 1.463447 1.258919 1.119334 1.455395 1.770394 2.003950 0.809096 1.760105 1.795358 2.680860 3.103706 2.825422 3.345790 2.972014 2.922363 2.528877 3.036377 2.866658 2.482816 2.645368 3.037334 2.631395 2.912534 3.036173 2.755737 2.594828 2.586516 3.260936 2.952489 2.612647 3.343017 1.628311 1.798753 1.865826 1.713679 1.759801 2.123804 2.321718 2.086363 1.934948 2.018133 1.461224 1.908440 2.214762 1.603274 1.502694 2.517876 1.836904 2.924048 2.874305 2.284180 2.709027 1.677059 2.213693 2.490397 1.604806 2.673217 2.573041 2.404123 2.436518 1.262358 1.147733 1.245747 1.571427 2.123021 2.293322 1.179503 1.653892 1.864129 2.208914 1.310771 1.470665 1.201488 0.848308 3.357175 1.703464 3.699098 2.056051 2.401950 1.937158 2.419008 1.974483 3.893789 2.951204 4.602695 2.883149 2.620045 2.937605 1.686893 1.916281 1.841408 1.609390 1.924597 1.810473 1.619809 1.758831 2.083278 2.161565 2.352377 2.159860 1.900580 2.321294 1.026927 1.665010 0.909245 0.803784 0.811287 0.818140 0.945228 0.844477 1.976929 2.017589 1.840096 2.253160 1.996329 2.252719 1.889793 2.138288 2.120554 2.276056 1.719300 2.105142 1.601807 2.317676 2.684110 2.110129 2.345368 2.037525 1.789502 2.128106 2.083286 2.306680 2.151685 1.837316 1.548685 1.267140 1.866675 1.473499 2.986768 2.981173 1.336843 1.745336 1.673998 1.549730 1.670480 1.537849 2.463002 1.390822 1.927428 2.158351 2.296766 1.828686 1.416549 2.213049 1.600814 2.145764 2.079713 2.033366 1.949647 2.079165 0.947422 1.415609 1.296568 1.341580 1.159303 1.386258 1.173853 1.109632 1.109236 1.165888 1.031234 1.446927 2.325534 2.006632 4.846804 1.331389 1.329834 1.061392 0.988380 1.219399 0.736288 0.988380 0.899927 1.155216 1.110864 0.716856 0.992227 0.692360 0.688687 1.041701 1.120815 0.881765 1.039939 1.964928 1.300595 1.407040 1.490086 1.415542 1.085598 1.448962 1.334741 1.344106 1.076622 1.364709 0.771852 1.364415 1.349845 1.412921 1.349024 1.395237 1.012219 1.167577 1.315048 1.085311 1.186734 0.812550 1.112867 1.632112 1.687516 0.873021 1.403126 1.328892 1.262963 0.896959 1.804791 1.654598 
1.918024 1.501920 2.013360 1.459645 0.000000 0.545536 1.648753 2.214332 2.322218 2.070426 2.360855 2.061223 2.560941 2.462246 2.892465 3.021034 2.397048 1.533461 1.864203 2.183327 2.181119 2.072839 1.933748 1.466312 1.472170 1.537245 1.942834 1.399056 2.169440 2.552133 1.777447 2.401413 2.309105 2.076491 1.990593 2.143654 2.285017 2.519634 2.464966 2.750769 1.880959 2.409962 2.219395 2.021374 2.224354 2.389084 2.155767 2.103146 2.052741 2.368685 2.607603 2.762749 2.336334 2.549869 2.885170 2.905768 3.292577 3.066282 2.766942 2.092215 1.849524 1.745762 1.779439 1.529380 1.581851 1.417446 1.353502 2.141454 1.776891 1.453934 1.814330 2.218597 1.483772 1.304482 1.253630 1.940656 1.887516 1.388615 1.575476 2.201352 2.056192 2.288704 2.837149 0.943503 1.007808 0.803317 0.900028 0.723650 0.887003 1.347068 0.973719 1.112890 1.824247 1.938424 1.783326 2.393106 0.955178 1.245321 0.810280 1.118724 1.402775 2.503426 1.629969 3.275774 1.726880 1.281724 1.649599 2.180299 2.973644 2.832176 2.535201 2.882972 2.534164 2.584433 2.837027 2.890021 3.164273 3.401268 3.125296 2.811673 3.325155 1.523328 1.423477 1.562951 1.668695 1.841125 1.516205 1.157206 1.515240 2.622958 2.756059 2.571918 2.849225 2.707719 2.969312 2.537959 2.645762 2.792537 2.992649 2.064805 2.753084 2.412517 3.034269 3.368907 2.771676 2.947124 2.430923 2.684553 2.878493 2.787804 3.172335 1.603885 2.498863 2.309356 1.423357 2.787046 1.975225 3.842791 4.057042 2.398248 2.538852 2.125273 2.638094 2.354384 2.345771 1.747265 2.142226 2.514552 3.210690 3.032302 1.916566 1.776901 1.127575 0.766678 1.250986 0.964197 0.895952 1.179625 0.882889 1.199652 1.430174 1.371422 1.511404 1.051647 1.159357 1.402308 1.048264 1.686884 1.613698 1.736697 1.477316 3.264745 3.025049 5.840322 1.009700 1.136747 1.609087 1.234878 1.113189 1.279317 1.701348 1.528778 1.945055 1.466377 1.716902 1.716947 1.500188 1.701010 1.352324 1.429242 1.057681 1.323530 2.653299 1.997935 2.334889 2.004298 1.733305 2.185177 2.265804 2.340022 1.648361 1.881620 1.986373 1.597068 2.192257 1.953321 2.244915 2.005825 2.292871 1.669029 1.577350 1.352290 1.880240 1.472710 1.780719 1.737424 1.666725 0.813877 1.241645 1.172875 2.005228 1.878661 1.526329 1.754376 1.874379 
1.796136 1.366691 1.730923 1.211512 0.545536 0.000000 1.602235 2.173660 2.157564 1.999891 2.356747 1.970946 2.484323 2.483303 2.603692 2.727635 2.175985 1.252801 1.776473 2.095597 2.053551 2.029620 1.953897 1.091847 1.064834 1.277086 1.541136 1.036639 1.963551 2.282973 1.831950 2.294368 2.108743 1.992806 1.774443 2.051171 2.084655 2.020296 2.190220 2.342116 1.717888 2.078696 2.113150 1.955291 1.949915 1.971142 2.084778 1.963604 1.866141 2.229143 2.219376 2.464763 2.022218 2.186081 2.562520 2.509081 2.987134 2.802896 2.492485 1.772098 1.562659 1.437283 1.469800 1.466088 1.261642 1.474426 1.153466 2.130480 1.792264 1.439329 1.816579 1.893888 1.446957 1.397198 0.878916 2.119642 1.852103 1.426790 1.530889 2.091400 2.012974 2.124051 2.646419 1.049187 1.105340 0.456287 0.724804 0.751881 1.130736 0.927204 0.545986 0.771324 1.362581 2.437299 1.789714 2.708976 1.150838 1.511204 1.080625 1.468112 1.099678 2.868570 2.007477 3.516348 1.952160 1.728159 2.009913 2.081296 2.488068 2.332838 2.035863 2.550797 2.034826 2.098857 2.362127 2.404445 2.678697 2.915692 2.667731 2.479498 2.864016 1.189162 1.154562 1.439905 1.437162 1.616722 1.459431 1.150546 1.233115 2.610403 2.699285 2.554776 2.855613 2.600381 2.975699 2.474667 2.586090 2.798925 2.999037 2.071193 2.759471 2.324787 3.040657 3.375294 2.791825 2.991711 2.436928 2.556291 2.784428 2.794192 3.031700 1.303280 2.385679 1.964338 0.974422 2.579744 1.692068 3.558566 3.759056 2.067667 2.468317 1.964497 2.249867 2.109562 2.118373 1.563181 2.017557 2.520939 2.912704 3.015160 1.642109 1.759604 1.133284 0.643162 1.120747 0.924958 0.903845 1.012014 0.914483 1.049116 1.312579 1.118519 1.165944 0.753307 0.954150 1.101839 0.673886 1.616349 1.533369 1.648967 1.521903 3.077423 2.929320 5.734709 0.648998 1.083789 1.346315 1.051477 1.041150 1.050485 1.334941 1.202707 1.729905 1.037216 1.432248 1.433385 1.159673 1.383603 1.140352 1.241919 0.939297 1.113840 2.659687 1.880340 2.254560 2.024447 1.693467 1.907659 2.167355 2.042036 1.403322 1.771221 1.866206 1.465610 2.052042 1.996188 2.103791 1.969984 1.994884 1.514632 1.475605 1.228336 1.575893 1.426612 1.491235 1.506104 1.324294 0.668330 1.086809 1.028638 1.840575 1.799284 1.422497 1.382001 1.600830 
1.932483 1.570837 1.915772 1.618753 1.648753 1.602235 0.000000 0.811996 0.878101 0.616412 0.963954 1.525160 1.135988 1.150808 1.386569 1.582642 0.971377 0.446078 1.254750 0.800074 1.448236 1.280026 0.659816 0.919678 1.221215 0.992735 0.983946 0.846635 1.824199 2.242035 2.257768 2.314579 2.126583 1.830312 1.760634 2.084970 2.039958 1.868260 1.761181 2.212957 1.763252 1.992318 2.044650 1.871618 1.700769 1.769055 2.160405 1.948881 1.723952 2.266014 1.342245 1.440463 1.215027 1.141079 1.686479 1.447278 1.800956 1.763811 1.498696 1.440059 0.922015 0.927429 1.128188 0.667543 0.715006 2.490482 1.582887 3.541722 2.200894 3.036020 3.148738 1.349383 2.980247 2.340265 1.415242 3.481095 3.441417 2.649562 3.128400 1.359281 1.191067 1.211718 1.780104 1.853317 1.787433 1.619533 2.077136 1.714562 1.964078 1.850231 1.356872 1.195064 1.734157 2.766003 0.513548 3.237483 1.016836 1.142007 1.390614 1.909748 1.099869 3.013119 2.357110 3.553545 2.810114 1.713011 2.329167 0.609072 1.827219 1.591202 1.522660 1.759373 1.410065 1.523228 1.667499 1.463641 1.751654 2.019593 1.769062 1.533831 2.077645 1.464467 1.287649 1.337109 1.426742 1.703074 1.156089 0.995063 1.430701 1.118853 1.433773 1.249631 1.526939 1.318766 1.465207 1.063017 1.249971 1.470251 1.670363 0.867743 1.248979 0.908413 1.711983 1.864802 1.449390 1.394200 1.189743 1.441418 1.374388 1.358453 1.711363 1.260247 1.206699 1.284045 1.564038 1.356808 1.208010 2.239910 2.623421 1.882865 1.034748 0.901219 1.409642 1.266986 1.260771 1.351390 1.422134 1.747385 1.922120 1.819193 1.378619 0.938679 2.635067 1.713832 2.506007 2.492160 2.118395 2.604239 2.269283 0.959632 1.092761 1.464021 1.344208 1.031406 1.214262 1.157720 1.373817 1.311603 1.415177 0.865216 1.163661 3.073995 2.785480 5.939704 1.677412 0.939745 0.809237 1.350675 0.888253 1.469770 1.617207 1.461624 1.509622 1.631988 1.635986 1.656733 1.410854 1.700522 1.453819 1.319508 0.894113 1.071630 1.842243 1.033173 1.932723 1.170825 0.722836 1.927760 1.438346 1.306719 1.956169 1.690870 1.949918 1.495207 1.739760 1.506630 1.833505 1.735382 1.809254 1.065212 1.429829 1.328673 1.561255 1.000839 1.634413 0.741886 1.076051 1.461163 1.280342 1.025265 0.914481 0.891934 1.135158 0.849999 0.698393 
2.117600 1.655170 1.933438 1.694679 2.214332 2.173660 0.811996 0.000000 0.463558 0.574545 0.634992 1.244409 0.951641 0.868943 1.241030 1.239494 0.775012 1.079269 1.084421 0.609160 1.439824 1.296157 0.589530 1.235271 1.493595 1.269445 1.077282 1.137021 2.026220 2.436165 2.692489 2.665588 2.353078 2.204722 2.238535 2.391088 2.266665 1.868962 1.960539 2.616018 2.027524 2.241953 2.327707 2.276538 1.857148 1.878719 2.487414 2.218068 1.977068 2.619837 1.202537 1.166493 1.286566 0.854122 1.493496 1.435007 1.486584 1.539696 0.830228 1.825845 1.252350 1.294695 1.690725 1.009926 1.169061 3.047259 2.081710 4.122322 2.709175 3.593684 3.724190 1.272760 3.572393 2.907103 1.861719 3.847645 4.022017 3.138477 3.673544 1.217179 1.061763 1.079416 1.829386 2.332443 2.407227 2.168088 2.566786 2.192069 2.446106 2.496293 1.932884 1.676887 2.091958 3.378715 0.575903 3.731758 1.494050 1.360206 1.909308 2.561997 1.791412 3.630415 2.927063 4.138552 3.419423 2.107091 2.785103 0.577847 1.788821 1.402775 1.376844 1.376161 1.230199 1.358841 1.567542 1.437309 1.682922 1.970096 1.669106 1.290693 2.101542 1.861236 1.645257 1.443664 1.502401 1.870504 1.304082 1.346014 1.544815 0.717900 1.116463 0.858380 1.268574 1.063330 1.107959 0.823749 1.045296 0.989340 1.230236 0.624536 0.767181 0.639114 1.196696 1.321664 0.852458 1.157709 0.985772 1.105326 0.843704 1.074275 1.567639 1.508202 1.165814 1.059311 2.102729 1.024903 1.667801 2.021197 1.878091 1.775148 0.700689 0.737307 1.134244 1.246367 1.329347 1.704031 1.470082 1.687240 1.642647 1.188514 1.738803 1.037980 3.174382 2.241974 3.059083 3.031475 2.601083 3.127965 2.808598 1.405114 1.424718 1.886778 1.762944 1.647090 1.580295 1.553985 1.909968 1.257797 1.640568 0.703587 1.573513 2.743245 2.880069 5.959984 2.159234 1.536246 0.934854 1.757589 1.199177 1.789241 1.922723 1.649335 1.424427 2.155288 1.703281 1.918298 1.588662 1.739628 1.897631 1.605712 1.401602 1.499994 1.325708 0.677245 1.948388 1.166094 0.984694 1.614734 1.216660 1.180477 2.261568 1.573961 1.979499 1.396125 1.643008 1.520275 1.649962 1.821947 1.537894 1.316865 1.790572 1.772077 1.517420 1.315973 1.696271 0.723425 1.249284 1.961865 1.680634 1.500752 0.660916 0.842809 1.097511 1.315881 0.981824 
2.006299 1.583726 1.669920 1.501867 2.322218 2.157564 0.878101 0.463558 0.000000 0.504893 0.827042 1.519529 1.096598 1.052978 1.102320 1.000081 0.908797 1.140096 1.237623 0.745307 1.330641 1.438451 0.753963 1.219175 1.383381 1.181673 0.914026 1.120925 1.874136 2.418673 2.781218 2.609018 2.196408 2.146757 2.181245 2.397125 2.091052 1.658203 1.956880 2.629787 2.010032 2.172706 2.265154 2.198443 1.799182 1.797224 2.429449 2.160102 1.824984 2.561871 0.930441 0.943430 1.193408 0.861487 1.211756 1.264028 1.206698 1.495022 1.060001 1.769025 1.200737 1.318105 1.640490 0.841876 1.030731 2.960575 1.947967 3.988579 2.598961 3.483470 3.613976 1.014896 3.438650 2.843948 1.753297 3.713902 3.888274 3.145911 3.539801 0.990085 1.278367 0.787257 1.570455 2.322682 2.444525 2.199051 2.527161 2.152444 2.477069 2.510061 1.893259 1.566673 1.758074 3.486600 0.839344 3.769056 1.601936 1.286274 1.835376 2.433364 1.458907 3.738301 2.887319 4.169515 3.472608 2.293609 2.822401 0.612417 1.600597 1.189625 1.178396 1.423467 1.125868 1.145691 1.285803 1.202975 1.405769 1.692943 1.387366 1.115389 1.824389 1.727493 1.601045 1.236147 1.250005 1.500461 1.280564 1.453900 1.280554 0.837932 1.159572 0.911893 1.384018 1.183362 1.223404 0.805219 1.103106 1.161832 1.356596 0.814020 0.912451 0.632672 1.364376 1.358313 1.152241 1.277741 1.158353 1.067155 0.776117 1.189720 1.522965 1.239700 1.192956 0.930310 1.968986 1.011673 1.352239 1.788370 1.834209 1.608046 0.739211 0.831725 1.005397 1.238091 1.230535 1.571476 1.403107 1.734064 1.539623 1.549830 1.670942 1.100314 3.258738 2.268350 3.066516 3.038909 2.627459 3.111869 2.787915 1.207200 1.273862 1.915597 1.560443 1.678053 1.766813 1.580361 1.799754 1.243208 1.837661 0.767516 1.836954 2.759165 2.742506 6.164358 2.072550 1.620603 1.079861 1.783965 1.394645 1.869010 1.626104 1.480157 1.591098 1.905728 1.588904 1.727461 1.518085 1.364999 1.924007 1.582295 1.427977 1.438027 1.616889 0.869055 1.810825 1.410247 1.184402 1.542025 1.172067 0.896266 2.317030 1.726994 2.154371 1.382331 1.541581 1.729236 1.660718 2.026320 1.470180 1.098795 1.657352 1.616635 1.342014 1.230131 1.418946 0.718127 0.954754 1.945769 1.717932 1.561579 0.702257 0.736718 1.082217 1.000320 0.732264 
2.062422 1.555841 1.575368 1.547915 2.070426 1.999891 0.616412 0.574545 0.504893 0.000000 0.717294 1.538319 0.871247 0.962624 0.949243 1.179791 0.838390 1.011259 1.199815 0.671715 1.531935 1.356692 0.626622 1.173072 1.444223 1.189341 1.177708 1.049571 2.002869 2.502215 2.699096 2.632194 2.320345 2.080788 2.165124 2.379055 2.192809 1.930591 1.900306 2.566092 2.080867 2.257783 2.225691 2.183480 1.799189 1.837936 2.465298 2.180380 1.934656 2.570908 1.154710 1.335128 1.139184 0.834072 1.498944 1.386008 1.307444 1.530180 1.263575 1.948035 1.154799 1.196770 1.517674 0.732217 1.129501 2.919107 2.061603 3.948552 2.566360 3.419914 3.595711 1.247611 3.440982 2.733333 1.784234 3.842686 3.848247 3.096168 3.515740 1.261162 1.338987 0.964708 1.612504 2.303208 2.310380 2.034396 2.446128 2.097315 2.248806 2.415412 1.759114 1.503117 1.746580 3.267549 0.563242 3.721868 1.537918 1.246954 1.702355 2.161142 1.343512 3.533568 2.509847 3.941253 3.198595 1.839203 2.702341 0.431599 1.776258 1.434736 1.463578 1.720747 1.350983 1.412634 1.481104 1.416070 1.642100 1.883657 1.582667 1.500833 2.015103 1.687466 1.471487 1.088653 1.304605 1.528400 1.184614 1.283894 1.297912 0.895029 1.095141 1.077999 1.219359 1.138673 1.157627 0.871016 0.874384 1.176432 1.362783 0.738735 0.941399 0.736780 1.404402 1.415975 1.187681 1.211613 0.892488 1.197472 0.855126 1.000782 1.654083 1.322463 0.974440 0.876565 1.949976 1.250110 1.312212 1.865296 2.183546 1.579411 0.650245 0.645784 1.168161 1.234382 1.035984 1.384973 1.218569 1.391260 1.652889 1.571393 1.429387 0.902810 3.077535 2.078236 2.885313 2.857705 2.482800 2.977818 2.634828 1.049526 1.290882 1.763064 1.407356 1.426262 1.358351 1.409892 1.736198 0.985918 1.614757 0.920540 1.493819 2.738097 2.651499 5.766538 1.985465 1.439399 0.773202 1.545420 1.147622 1.692394 1.567135 1.304568 1.622819 1.811756 1.624781 1.466110 1.412410 1.447867 1.751558 1.307639 1.191851 1.050288 1.561146 0.707306 1.774666 1.095212 0.935887 1.658529 0.868741 1.028951 2.380921 1.658158 2.045790 1.575709 1.405002 1.326829 1.504674 1.678974 1.584467 1.129871 1.367442 1.494684 1.386533 0.964097 1.575438 0.703340 1.165607 1.889420 1.691807 1.403905 0.820423 0.461210 0.864921 1.038680 0.715902 
2.128261 1.529404 1.582491 1.669120 2.360855 2.356747 0.963954 0.634992 0.827042 0.717294 0.000000 1.232431 0.520509 0.302607 1.007934 1.086905 0.667585 1.297057 0.909051 0.569132 1.141022 1.079689 0.746229 1.456969 1.713175 1.340356 1.368068 1.366702 2.304570 2.701749 2.975720 2.898911 2.583668 2.384274 2.527845 2.625648 2.494510 2.148998 2.145755 2.851891 2.280401 2.473219 2.537159 2.557683 2.100890 2.139637 2.766999 2.482081 2.236356 2.872608 1.260366 1.236295 1.314765 0.796575 1.431001 1.505426 1.415792 1.326871 0.989197 2.179536 1.387519 1.481307 1.905639 1.179979 1.424164 3.281828 2.370027 4.292375 2.929081 3.763736 3.958432 1.375279 3.803703 3.077155 2.146955 4.151110 4.208850 3.404592 3.878461 1.117476 1.143769 1.045475 1.527576 2.589006 2.577280 2.397117 2.808849 2.460037 2.592629 2.701210 2.105544 1.846940 2.269978 3.436305 0.702869 3.686702 1.769420 1.475325 2.072537 2.729211 1.952074 3.800468 3.101446 4.303648 3.565947 2.253614 2.975521 0.693968 1.661896 1.288033 1.467068 1.570163 1.354473 1.410596 1.481062 1.535488 1.684363 1.824914 1.505471 1.431164 2.048111 1.831289 1.534882 1.546745 1.426230 1.529669 1.228711 1.284685 1.549577 0.511316 0.660185 0.802600 0.999345 0.889539 0.898653 0.707958 0.919184 0.963957 1.037142 0.595975 0.822181 0.442862 1.106593 1.467815 0.942469 0.945553 0.997182 0.956753 0.882680 0.788742 1.386264 1.752546 1.044867 1.177641 2.312697 1.045420 1.837853 1.874903 2.077225 1.719150 0.617882 0.887979 1.155798 1.382249 1.166937 1.909274 1.218038 1.595631 1.709755 1.022336 1.944296 1.091733 3.349485 2.427196 3.229136 3.202668 2.831760 3.340539 2.964889 1.516972 1.581124 2.135376 1.923823 1.796058 1.791660 1.782381 2.080020 1.417918 1.588882 1.058244 1.532565 2.461629 2.294692 5.603983 2.275654 1.580297 1.116634 1.898301 1.366753 1.887500 2.097123 1.824358 1.794769 2.342534 1.730347 1.956533 1.571278 1.748699 1.767184 1.748571 1.564341 1.646517 1.118773 0.675875 1.435037 0.957182 1.109699 1.846995 0.939179 1.130262 2.265327 1.387788 1.753483 1.339012 1.109637 1.244702 1.462043 1.532612 1.783106 1.423340 1.923334 1.971165 1.727992 1.425920 1.808003 1.003660 1.596625 2.197844 1.641002 1.341870 0.817383 0.777730 1.223920 1.510024 1.182659 
1.531457 1.280915 1.204338 1.069469 2.061223 1.970946 1.525160 1.244409 1.519529 1.538319 1.232431 0.000000 1.430176 1.281431 2.004780 1.958279 1.195431 1.549461 0.649073 1.076166 0.746345 0.424515 0.933919 1.912650 2.259391 1.009602 2.128104 1.988550 2.908983 3.286329 2.881905 3.507234 3.281713 3.111014 2.717246 3.225029 3.195299 2.784206 2.769092 3.125295 2.820046 3.124715 3.279870 2.875749 2.786376 2.807354 3.393707 3.124360 2.859830 3.526129 1.984187 1.788085 2.087006 1.804169 2.101548 2.355016 2.263502 2.134796 1.346565 2.038678 1.678265 2.074869 2.361515 1.737355 1.787092 2.821623 2.039499 3.854075 3.179137 3.166555 3.557662 1.997826 3.135849 2.845107 1.864562 3.425103 3.583243 2.996363 3.418010 0.877331 0.437130 1.070195 1.248929 2.476455 2.543542 1.915704 2.465403 2.198685 2.673057 2.041640 1.827202 1.655396 1.797277 3.200019 1.464697 3.510290 1.885523 2.127508 2.058399 2.584955 2.168733 3.883216 3.051640 4.756359 3.327056 2.615815 3.023037 1.606762 2.316576 2.146175 2.093402 1.632489 2.048671 2.021267 2.262394 2.364551 2.523364 2.714094 2.468621 1.885958 2.769810 1.738423 1.894690 1.597237 1.170674 1.470200 1.134934 1.269639 1.325023 1.474068 1.527329 1.224917 1.847081 1.600449 1.870203 1.594144 1.980500 1.518058 1.570860 1.353245 1.636457 1.334229 1.595255 2.049759 1.322844 1.874926 1.847115 1.600177 1.653964 1.801020 2.126042 2.337807 1.416543 1.607994 1.980114 1.596666 1.861311 2.761418 2.627680 1.503133 1.577822 1.707808 1.897736 1.209581 1.336592 2.461902 1.545450 1.696615 1.806254 1.296151 2.131994 1.008898 2.928788 2.396987 2.924665 2.872375 2.728828 2.756665 2.860405 1.466977 1.297440 1.940908 2.125245 1.906094 1.840767 1.883999 1.911598 1.436038 1.247306 0.823127 1.457648 2.291821 2.150802 5.029861 2.142328 1.388610 1.286635 1.641303 1.311488 1.394535 1.849361 1.659265 1.109214 1.983289 1.288194 1.743605 1.512774 1.542474 1.643538 1.583838 1.639157 1.654111 1.080754 1.021900 1.508656 0.880104 1.025493 1.398944 1.253446 1.221267 1.575865 0.964228 1.213172 0.919211 1.373151 1.565060 1.479167 1.432286 1.399293 1.432414 1.787608 1.924417 1.507597 1.577855 1.516367 1.147404 1.786022 1.939505 1.138663 1.450488 0.993888 1.195490 1.252042 2.017414 1.808289 
2.269862 1.715885 1.679791 1.830205 2.560941 2.484323 1.135988 0.951641 1.096598 0.871247 0.520509 1.430176 0.000000 0.581378 0.722726 1.213711 0.858673 1.433687 1.136391 0.788776 1.490449 1.275764 0.996437 1.550582 1.923977 1.475265 1.560825 1.497012 2.313083 2.839460 3.173131 2.969440 2.703462 2.502959 2.628532 2.786889 2.543589 2.301023 2.321123 2.945503 2.418112 2.595844 2.632810 2.418074 1.945969 2.015130 2.684153 2.240146 2.021852 2.730058 1.199098 1.159656 1.329956 0.899814 1.323619 1.307992 1.130238 1.025858 1.137324 2.406215 1.546478 1.584043 1.894537 1.427836 1.710476 3.416355 2.596705 4.423810 3.022694 3.918108 4.052045 1.245480 3.897316 3.222352 2.315310 4.409899 4.323505 3.645032 3.995010 1.400237 1.374688 1.302853 1.630890 2.700967 2.704128 2.490730 2.951776 2.581172 2.743007 2.794823 2.255019 2.010485 2.367012 3.690260 1.009976 3.988682 2.019628 1.744594 2.322745 2.886238 1.896276 3.995379 3.299483 4.482867 3.739260 2.431523 3.173391 0.788735 1.712195 1.369264 1.589779 1.739108 1.484971 1.453877 1.464160 1.375628 1.489520 1.638236 1.439274 1.503750 1.941364 1.958137 1.820149 1.815054 1.600412 1.604806 1.478918 1.593719 1.794605 0.788743 0.867017 0.834934 0.938438 0.706731 0.683626 0.673150 0.807559 0.979183 0.888071 1.020002 0.730826 0.486862 0.991316 1.409998 0.709277 0.799504 0.891406 0.773763 0.856974 0.683877 1.383529 1.956852 1.143802 1.338037 2.479911 1.040577 2.013263 1.750327 2.173160 1.879400 0.686038 0.945389 1.305942 1.620951 1.396746 2.096568 1.329925 1.748928 1.828258 1.155194 2.192179 1.348226 3.517155 2.603971 3.388094 3.374248 3.008535 3.470849 3.151370 1.680851 1.821564 2.414627 2.105717 1.943992 1.989283 1.959156 2.248153 1.646617 1.810119 1.344555 1.727120 2.646799 2.451743 5.579518 2.426166 1.741301 1.234350 2.143521 1.538933 2.065347 2.336425 2.029050 2.053558 2.507237 1.823960 2.111498 1.724259 1.913801 2.055293 1.981543 1.752595 1.819830 1.327714 0.950142 1.560573 1.089568 1.386789 2.079004 0.994897 1.328103 2.684972 1.657222 2.113494 1.669055 1.382887 1.208592 1.457107 1.637389 2.040484 1.721708 2.238689 2.257476 2.014304 1.768996 2.080553 1.257861 1.841653 2.456633 1.964324 1.635125 1.147426 0.981827 1.450599 1.797461 1.493032 
2.113675 1.639923 1.727441 1.836961 2.462246 2.483303 1.150808 0.868943 1.052978 0.962624 0.302607 1.281431 0.581378 0.000000 1.053276 1.136675 0.763839 1.359394 1.096063 0.695289 1.208371 1.088861 0.824163 1.556003 1.904775 1.402693 1.464550 1.516195 2.408233 2.719759 3.143561 3.047911 2.747517 2.447206 2.592169 2.603905 2.653772 2.325430 2.294755 2.870300 2.256670 2.536151 2.710183 2.739851 2.237217 2.298899 2.829931 2.590884 2.349747 2.935540 1.434845 1.406963 1.423826 0.939774 1.605480 1.569813 1.538403 1.449481 1.044004 2.348334 1.519412 1.625536 2.054638 1.273615 1.687550 3.376275 2.506534 4.391510 3.018940 3.888740 4.034531 1.497844 3.866040 3.153721 2.301035 4.338076 4.326232 3.573210 4.014192 1.184825 1.156542 1.231031 1.604496 2.720150 2.634729 2.505325 2.962929 2.600355 2.637609 2.763547 2.227513 1.959938 2.359838 3.540703 0.817499 3.827797 1.796894 1.621007 2.204457 2.819070 2.156886 3.864209 3.177544 4.411856 3.660948 2.278479 3.084111 0.779413 1.725688 1.380313 1.554884 1.708114 1.455285 1.440705 1.630777 1.604463 1.767099 1.935173 1.673433 1.598521 2.072095 1.831716 1.681080 1.694410 1.585320 1.611412 1.333108 1.431701 1.722782 0.677397 0.794870 0.940762 1.023910 0.950477 0.994438 0.824436 1.054508 1.030151 1.147826 0.775281 0.943789 0.693488 1.179145 1.573866 0.904631 0.910515 1.156444 1.130834 1.097765 0.850655 1.397113 1.885030 1.054722 1.350069 2.443841 1.132109 1.918151 1.859656 2.106017 1.867733 0.834422 0.957639 1.243216 1.404666 1.348963 1.997223 1.267363 1.694682 1.852322 1.012139 2.120357 1.228241 3.508152 2.599624 3.352210 3.361335 3.004188 3.490032 3.121514 1.616006 1.749742 2.319275 2.089220 1.908853 1.936566 1.954809 2.233285 1.551265 1.594134 1.272733 1.531293 2.537530 2.119947 5.498990 2.425147 1.642634 1.188145 2.070729 1.516246 2.059928 2.264965 1.983024 1.981735 2.514962 1.829381 2.012006 1.703280 1.911953 1.939612 1.916412 1.736769 1.771169 1.088772 0.878320 1.323922 0.871421 1.164697 2.033609 0.985668 1.317274 2.402893 1.496421 1.803893 1.453643 1.154648 1.152412 1.481172 1.471232 1.968662 1.637830 2.108146 2.185654 1.942482 1.614831 2.008731 1.186039 1.769830 2.384810 1.668476 1.454665 1.008937 0.865838 1.369602 1.690937 1.373918 
2.692784 2.121737 1.806854 2.127886 2.892465 2.603692 1.386569 1.241030 1.102320 0.949243 1.007934 2.004780 0.722726 1.053276 0.000000 0.726645 0.978344 1.589942 1.615395 1.341158 2.036120 1.664668 1.480845 1.609074 2.088324 1.764854 1.479581 1.646638 2.250029 2.711004 3.347735 2.979245 2.563742 2.260907 2.707864 2.657912 2.303767 2.246519 2.346462 3.076331 2.339720 2.391158 2.396702 2.592677 1.661652 1.735658 2.508095 2.015319 1.774182 2.432236 0.956835 0.827403 1.211039 0.705546 1.014187 1.052809 0.567932 0.688412 0.917614 2.562470 1.676104 1.632648 2.050792 1.601071 1.941490 3.495687 2.676037 4.476513 3.076598 3.970810 4.190588 1.402766 3.951221 3.408388 2.412991 4.707579 4.379303 3.742713 4.067263 1.764089 1.840747 1.466093 1.830939 2.928855 2.815405 2.569867 3.049457 2.720092 2.953831 2.945534 2.399816 2.263188 2.235677 4.152572 1.341500 4.540890 2.352353 2.018948 2.540319 2.881011 1.788001 4.198750 3.301424 4.671102 3.853836 2.667775 3.463871 0.864798 1.633596 1.094774 1.466757 1.798090 1.415036 1.188916 1.069242 0.977489 1.068847 1.212427 1.017400 1.565415 1.590617 2.392491 2.298280 1.911366 1.530875 1.902320 1.868054 2.144794 2.110467 0.989796 1.029379 1.146482 1.274179 0.652447 0.897763 0.917821 0.969668 1.153687 1.066052 1.423855 0.961580 0.898719 1.227675 1.458442 0.864809 0.999873 1.065889 1.055874 0.856814 0.972115 1.339801 1.872715 1.053099 1.249426 2.577592 0.853025 1.895814 1.194208 1.742498 1.687452 0.745143 0.997573 1.206486 1.575838 1.211924 1.994082 1.308110 1.929919 1.566336 1.595151 2.108042 1.569779 3.646780 2.652695 3.440797 3.426950 3.057259 3.543102 3.204073 1.830068 2.137427 2.488778 1.995147 1.973165 2.063434 2.007880 2.300856 1.761172 2.282927 1.719159 2.306962 2.851544 2.695513 5.841164 2.745535 2.211340 1.356819 2.484339 1.980204 2.461639 2.366071 2.054716 2.428161 2.554152 2.215785 2.033549 1.858158 2.162997 2.552973 2.164072 2.023488 1.800519 1.948388 1.381156 1.834111 1.679316 1.633298 2.051045 1.239009 1.146374 3.259576 2.142615 2.669750 2.243658 1.668711 1.507380 1.599414 1.839462 1.888837 1.835771 2.311471 2.373339 1.930166 1.841779 2.073339 1.488876 1.824182 2.687647 2.501029 2.190179 1.645106 1.054610 1.557287 1.693773 1.389344 
2.624770 2.118473 1.770331 2.067910 3.021034 2.727635 1.582642 1.239494 1.000081 1.179791 1.086905 1.958279 1.213711 1.136675 0.726645 0.000000 0.848055 1.668075 1.528133 1.204200 1.839268 1.666698 1.481403 1.751064 2.005721 1.750590 1.374925 1.754987 2.455015 2.814445 3.349472 3.192803 2.681873 2.573179 2.708215 2.808412 2.564599 2.293042 2.486706 3.109183 2.443161 2.577199 2.762186 2.861310 2.289220 2.303844 2.945615 2.633119 2.293277 3.023647 1.261557 0.976510 1.711455 0.915444 1.227624 1.532952 0.617413 0.920494 0.716844 2.323616 1.644430 1.793958 2.205865 1.572803 1.726276 3.505335 2.416512 4.397199 3.062392 3.933969 4.225077 1.678659 3.889956 3.485272 2.379043 4.492933 4.296894 3.628591 3.978475 1.543708 1.859653 1.063894 1.348996 2.965277 2.943342 2.671605 3.044858 2.815618 3.175885 2.958503 2.458742 2.293013 2.174412 4.196333 1.365684 4.473901 2.371259 2.033078 2.578344 3.045409 2.052337 4.303784 3.417644 4.801665 4.029631 2.836871 3.456343 1.204066 1.572330 0.964802 1.444636 1.502585 1.443895 1.141498 1.287746 1.350601 1.390355 1.503069 1.271950 1.450500 1.781088 2.402780 2.341146 1.769765 1.442025 1.695696 1.886961 2.192958 2.018426 1.286094 1.237789 1.501213 1.790183 1.100600 1.387383 1.338318 1.607228 1.554172 1.445932 1.427747 1.435332 1.101640 1.701428 1.734251 1.250535 1.506036 1.688140 1.597857 1.352788 1.512914 1.274708 1.732155 0.983117 1.273710 2.408124 0.642047 1.760860 0.925049 1.040778 1.209982 1.001659 1.298530 1.117698 1.344730 0.952082 1.749537 0.952203 1.820905 0.866086 1.328755 1.882076 1.388225 3.727586 2.775672 3.521602 3.507756 3.180235 3.595491 3.328016 1.906017 1.923462 2.483851 2.033878 2.176870 2.112613 2.130856 2.264014 1.730333 2.246745 1.592895 2.308533 2.356271 2.109432 5.777916 2.798890 2.319419 1.547984 2.580110 2.055491 2.609111 2.117720 2.177253 2.372486 2.591544 2.310717 2.042819 1.967571 2.094417 2.692130 2.196916 2.179483 1.995050 1.917549 1.400821 1.445367 1.677338 1.657091 1.801730 1.177388 0.844278 3.156841 2.079708 2.618068 2.023277 1.361420 1.533235 1.229371 1.702791 1.557225 1.433571 2.193413 2.193979 1.756844 1.689880 1.852957 1.373318 1.603800 2.629855 2.430705 2.260396 1.542372 1.183755 1.581918 1.450819 1.205698 
1.997031 1.528972 1.537999 1.562808 2.397048 2.175985 0.971377 0.775012 0.908797 0.838390 0.667585 1.195431 0.858673 0.763839 0.978344 0.848055 0.000000 1.014927 0.820145 0.434262 1.154333 0.969496 0.723417 1.297899 1.623682 1.177642 1.232686 1.233082 2.234130 2.658535 2.663355 2.879440 2.556401 2.483220 2.168422 2.626254 2.474575 2.042802 2.141298 2.453211 2.239162 2.473392 2.578682 2.176992 2.135646 2.133688 2.768682 2.496566 2.184977 2.898335 1.274049 1.127274 1.539548 0.824631 1.334029 1.469787 1.207205 1.209356 0.733625 1.848224 1.147484 1.447075 1.686662 1.134411 1.225920 2.959388 2.012001 4.034450 2.621303 3.505812 3.702985 1.580465 3.484521 2.952564 1.787532 3.967995 3.934145 3.103400 3.585672 1.064120 1.089775 0.864925 1.447709 2.311238 2.319356 2.150804 2.478915 2.170864 2.628822 2.408421 1.911679 1.789015 1.982240 3.561431 0.774022 3.845034 1.658729 1.746964 2.092025 2.678047 1.746872 3.679799 3.043113 4.254602 3.468807 2.289808 2.839299 0.930483 1.598312 1.233423 1.357176 1.191581 1.201846 1.328589 1.485588 1.479322 1.638135 1.828865 1.509997 1.245220 2.066399 1.973364 1.729863 1.535879 1.135792 1.643136 1.297647 1.528731 1.608722 1.064470 1.169967 1.047215 1.412559 0.909865 1.091972 1.114537 1.390969 1.151796 1.151568 1.060659 1.086943 0.732468 1.274120 1.700098 0.995709 1.314186 1.417894 1.254414 1.264505 1.184679 1.326188 1.564770 0.633092 1.031840 2.014858 0.811022 1.579929 1.672796 1.736917 1.229813 0.821813 1.123745 1.061768 1.000380 0.809084 1.669632 0.977294 1.414713 1.150163 1.098202 1.670468 1.141832 3.133569 2.201755 3.018270 2.990662 2.556277 3.063623 2.730494 1.540772 1.675114 1.870070 1.689428 1.629807 1.563012 1.509179 1.822096 1.336935 1.546410 0.859249 1.698504 2.482429 2.332580 5.455561 2.271363 1.695433 0.955304 1.917370 1.358364 1.925492 1.959010 1.741424 1.714268 2.173227 1.704257 1.859393 1.388398 1.738901 2.052825 1.733502 1.556795 1.616044 1.272350 0.793318 1.400899 0.954508 0.970139 1.434111 0.902036 0.671072 2.376506 1.330515 1.894132 1.375618 1.208406 1.120298 1.322414 1.250857 1.287668 1.251760 1.945766 1.927271 1.328998 1.455995 1.443135 0.763327 1.440986 2.030856 1.743752 1.636410 0.921625 0.836080 1.138634 1.228010 0.926620 
1.830161 1.515744 1.860678 1.444793 1.533461 1.252801 0.446078 1.079269 1.140096 1.011259 1.297057 1.549461 1.433687 1.359394 1.589942 1.668075 1.014927 0.000000 1.255522 1.001206 1.426785 1.351386 0.845744 0.768693 1.084839 0.739499 0.719903 0.728964 1.703913 2.010912 1.840955 2.190980 1.992052 1.816232 1.466228 1.880915 1.938408 1.718546 1.649543 1.949559 1.475933 1.813803 2.013902 1.746752 1.686743 1.707969 2.106126 1.871073 1.603667 2.188207 1.467275 1.562446 1.387840 1.220196 1.678175 1.416752 1.903764 1.896595 1.440153 1.279089 0.823009 0.926886 1.003321 0.613695 0.631614 2.044404 1.225118 3.125622 1.805306 2.619919 2.769326 1.398102 2.534169 2.057497 0.969164 3.254193 3.025316 2.312856 2.695192 1.226720 1.262427 1.212489 1.809896 1.524396 1.421822 1.287180 1.631058 1.335151 1.802389 1.417024 1.007438 0.912297 1.378118 2.695910 0.733195 3.033715 0.914117 1.314854 1.368940 1.895944 1.101308 2.891344 2.368639 3.441553 2.732575 1.752629 2.253764 1.029722 1.506453 1.401623 1.261539 1.616002 1.078684 1.295519 1.622505 1.388670 1.676683 1.974600 1.724069 1.544703 2.032651 1.221951 1.055969 1.299911 1.405291 1.497540 1.228756 0.948398 1.253695 1.511425 1.849874 1.642203 1.969270 1.716482 1.881308 1.414977 1.610206 1.886352 2.086464 1.176541 1.665080 1.230396 2.128083 2.280903 1.865491 1.840278 1.556287 1.677558 1.766960 1.699800 2.034389 0.969020 1.218745 1.116131 1.142597 1.545458 0.891794 2.451532 2.674921 1.716081 1.450849 1.237159 1.272252 1.195409 1.207269 1.258009 1.482916 1.763314 1.828569 1.941043 1.235959 1.016487 2.242495 1.367741 2.113435 2.099589 1.745036 2.163375 1.853182 0.817931 1.046251 1.226938 1.105662 0.758448 1.095923 1.001927 1.028964 1.407307 1.445926 0.916478 1.278883 3.098296 2.816229 5.978728 1.394644 0.836062 0.778578 1.197727 0.827305 1.282650 1.412249 1.269363 1.360055 1.346042 1.506470 1.540201 1.177982 1.437674 1.294395 1.272789 0.826578 1.110654 1.987623 1.123655 1.933495 1.316204 0.847703 1.928532 1.497882 1.224647 1.739524 1.741727 1.950690 1.407089 1.770509 1.601115 1.841938 1.860249 1.676693 1.092540 1.531180 1.314486 1.428693 1.122359 1.368518 0.793148 0.856986 1.234424 1.155536 0.815115 0.921298 0.957919 1.182988 0.660073 0.657485 
