242 242
0.000000 1.977018 1.812826 1.185788 2.670234 2.635242 2.516066 2.967385 2.283897 2.769853 2.712191 2.040880 2.073036 2.108548 1.926004 2.084089 2.213108 2.917814 1.491205 2.968294 3.910352 3.895476 4.302026 4.018586 4.143575 3.688490 3.610666 3.127462 3.785544 4.425465 3.612949 3.762045 4.301664 4.192005 4.012010 3.639071 2.768599 2.853816 3.145939 3.609537 3.065301 3.480998 2.179620 2.723726 3.791897 2.709449 2.663951 2.678831 2.721259 2.603753 2.984313 3.588837 2.769420 4.635275 3.800349 4.413059 2.454921 3.609870 3.712187 2.814151 3.388206 3.762177 4.308086 2.630874 2.318405 1.496720 1.646271 1.977648 2.236307 2.336022 2.578859 3.080070 3.618869 2.778904 3.227870 3.791824 2.742703 2.891318 2.569984 2.025271 4.693401 2.593046 5.102338 3.009368 3.525843 3.539368 2.926955 3.699648 3.785406 3.276104 4.391016 3.433956 4.644136 3.110226 4.241954 2.840088 2.693063 2.716652 3.286004 2.665860 2.893947 3.331759 2.825283 3.162208 3.522455 3.748661 2.835638 3.321929 2.055418 2.045209 1.969835 1.791386 1.863443 1.414827 1.815090 1.727147 2.920241 3.049715 2.596883 3.259587 2.730376 3.231811 2.918142 3.343685 3.113101 3.276779 2.752382 2.514551 3.344875 3.743632 2.935105 3.491899 3.066408 2.894552 2.732955 3.074820 3.211003 3.359083 2.611372 2.421625 2.835774 2.494441 4.450772 4.976494 2.637338 4.524436 2.944896 2.447155 2.856608 3.651706 3.786659 3.003163 2.538265 3.049497 2.109268 2.924407 3.627981 2.061843 3.563590 2.701349 3.175972 3.628400 3.100933 2.345207 3.100121 2.961892 3.547089 3.183896 3.296558 3.316921 3.039205 3.645691 3.201167 1.945709 2.530672 2.220207 2.680392 2.314094 2.697649 2.456921 2.497971 2.745687 2.395350 1.852408 2.469148 1.373986 2.047482 1.889676 2.256973 1.848840 1.571477 1.721118 2.413271 2.208245 1.926339 1.728664 2.341936 1.460696 1.921856 1.817273 2.245671 2.032410 1.902586 2.303773 2.198964 2.416930 1.978344 2.289616 2.402377 2.320997 2.693828 2.651829 2.460961 1.902650 1.646698 1.770945 2.759294 2.744953 2.716311 3.102060 3.132735 2.329316 2.874599 2.610854 1.538368 1.386269 2.133818 2.870826 2.964515 2.876994 1.527333 2.355644 2.434362 3.054110 1.950715 2.434859 1.916791 2.254190 1.713643 2.726635 3.101637 2.959941 
1.977018 0.000000 1.602622 1.876298 2.714635 2.940182 2.261264 1.833769 1.263861 2.038762 1.932011 1.913395 1.184906 1.461643 1.750071 1.269335 1.240791 3.197930 2.091165 3.203195 4.763358 3.950190 4.809893 4.655375 4.705497 3.805375 3.817783 4.310940 4.656805 4.609007 3.867383 3.994145 4.669834 4.525140 4.384691 3.483098 3.183201 3.451000 3.213695 3.042469 3.068518 1.945168 3.073863 3.229582 4.243470 3.321873 3.534513 2.809628 2.792538 2.769078 3.133034 4.210964 3.209395 5.115939 4.321087 5.149251 3.238883 4.334528 4.106423 2.994037 3.632053 3.524822 4.600681 2.896516 2.432440 1.462435 1.423721 1.562104 1.043651 1.702419 2.185726 3.553476 3.600938 2.907291 3.345365 3.935685 3.050967 2.534905 3.009322 2.626122 4.479922 1.929506 5.110017 2.596711 3.398195 2.895974 2.576376 3.428536 3.654322 3.404470 4.064021 3.065729 4.485951 2.413825 4.466004 2.412089 3.715195 2.587918 3.381422 3.400210 2.541514 3.049915 3.360902 3.792631 3.830594 4.246419 3.422290 4.436929 2.482475 1.965828 1.227271 1.962288 1.206220 1.137748 1.440486 1.550088 1.960014 1.912367 1.963447 2.571520 2.140317 2.612466 1.889089 2.751102 2.063860 1.960795 2.184721 1.922249 1.919323 2.263812 1.978083 2.455172 2.676218 2.096465 2.488720 1.490590 2.441556 3.421126 2.440694 2.870045 2.200382 3.077908 3.639443 3.825198 1.864939 4.202427 2.684993 2.022310 1.986174 3.620453 2.478034 2.318248 1.494012 1.832693 1.006327 1.933358 2.660702 1.869085 2.786221 2.697081 3.137817 1.813544 2.858125 1.682340 3.631264 3.017670 3.724958 3.690326 3.667699 3.384474 3.629582 3.863632 3.925251 2.044007 1.864939 2.551437 2.972042 1.857975 2.733771 2.323460 2.227625 2.909574 2.829507 0.953876 1.505582 1.627314 1.602461 2.362836 2.968843 1.642637 1.920801 1.664420 1.960188 2.134540 1.414537 1.827320 2.540854 2.046962 1.966342 1.650193 1.463713 1.852317 1.630727 1.942179 1.735823 1.465004 1.421913 1.461850 1.612456 1.505846 1.388422 1.611351 1.785356 2.002709 0.839369 1.683048 1.799979 1.379739 1.700229 2.872215 2.922938 1.641198 1.968306 3.146238 1.552591 1.572314 1.829536 2.786953 2.773250 2.533816 1.564553 2.551251 1.900749 2.049566 1.467921 2.135021 1.327711 1.074677 1.869049 2.606631 3.172640 2.827309 
1.812826 1.602622 0.000000 0.916843 2.612240 2.408453 2.409143 2.847346 2.145953 2.003299 2.285192 1.786980 1.669923 2.104769 2.241055 1.800682 2.349447 2.677038 1.704661 2.573261 4.310027 4.246358 4.095837 4.381709 3.906811 3.616753 3.972393 4.251069 4.042150 4.265329 4.137017 3.717258 4.567758 4.178307 3.798598 2.998864 2.715672 2.867951 2.921939 2.558135 2.392854 2.652450 3.235165 2.529132 3.488965 2.796774 3.344251 2.493677 2.252997 2.389892 2.747443 3.756360 2.953203 3.803834 3.085267 4.314953 2.548683 3.361714 3.465024 2.715359 2.877549 3.495139 3.529194 1.882848 1.261962 1.537682 1.421307 2.024142 2.086128 1.591445 1.498512 3.331335 3.101868 2.427515 2.996084 3.343343 2.350956 2.104725 2.038602 1.227512 4.837066 2.489428 5.092631 3.273611 3.014741 3.109990 2.818876 3.562808 3.151329 2.609655 3.760790 3.026402 3.945329 3.409648 4.270190 2.291291 2.710107 2.801781 2.376334 2.594500 3.311554 2.686833 2.462290 2.673850 3.028923 3.200012 3.116613 3.338873 1.397604 1.299193 1.033462 0.936029 1.593589 1.158648 1.769705 1.255059 2.594387 2.098443 2.874415 3.243717 2.614407 2.084352 2.369130 2.572535 2.396007 3.204528 2.567554 2.031411 3.490890 3.543439 2.963513 3.054508 2.828789 2.888040 2.517835 2.804478 2.822255 2.961143 1.926151 2.105539 2.553330 2.000517 3.303544 4.020477 1.589430 3.698984 2.405173 2.100140 1.732098 3.070404 4.024506 2.317416 1.530396 1.989559 1.570295 2.311621 2.617911 1.560993 2.816794 2.128445 2.207103 3.187491 2.465991 1.755887 3.120767 2.649658 2.906404 2.952871 3.107097 3.230684 2.886438 3.088402 2.946127 1.306953 2.063766 2.020668 2.581288 2.175060 1.837716 1.785172 2.325294 2.188398 1.858787 1.707754 1.864533 1.990581 2.187835 2.096863 1.816305 1.695746 1.335508 1.737752 2.124096 1.508087 2.080505 1.087576 1.570133 1.375794 1.508279 1.383956 1.780399 1.511763 1.538340 1.330181 2.137000 1.900843 1.437442 2.402971 2.296615 1.570882 1.634938 1.969458 1.417286 2.275031 1.302018 2.238522 1.910293 1.653314 2.226589 2.485920 2.742663 1.586270 1.845640 2.243315 1.030934 1.380233 1.831563 2.384271 2.652180 2.224848 1.754001 2.207692 2.109870 2.356779 1.402502 1.524341 1.427110 2.211543 2.080047 2.313150 2.398919 2.231316 
1.185788 1.876298 0.916843 0.000000 2.129333 2.075798 2.133836 2.516773 1.962854 2.194082 2.525155 1.769121 1.588343 1.966539 1.958179 1.799917 2.133275 2.147197 1.054094 2.104991 3.709598 3.545732 3.554208 3.788432 3.400939 3.016324 3.271767 3.650640 3.519592 3.672466 3.441572 3.116829 3.967329 3.577878 3.198169 2.642658 2.023435 2.557995 2.727887 2.813419 2.379113 2.713609 2.534538 2.146422 3.106256 2.316296 2.643624 1.916777 2.157255 1.768157 2.228635 3.055733 2.252576 3.666033 2.903086 4.029544 1.846268 2.798268 2.904216 2.014733 2.494840 3.045615 3.416117 1.894983 1.473663 1.310302 1.189698 1.818097 2.009645 1.612647 1.887951 2.690036 2.684052 2.069066 2.395655 2.960634 1.868049 2.068540 1.655893 1.173724 4.366543 2.331283 4.645946 2.775462 2.819799 3.124855 2.574380 2.953429 3.043538 2.490384 3.712155 2.648237 3.782304 2.937898 3.729764 2.178438 2.370225 2.391628 2.289591 1.891691 2.722243 2.375771 1.880684 2.188760 2.664913 2.950680 2.308425 2.848602 1.459116 1.373955 1.130899 1.000984 1.295608 0.956720 1.388828 1.137370 2.487361 2.315022 2.553462 3.005547 2.562928 2.425604 2.361935 2.602793 2.386713 3.223904 2.288859 1.967084 3.292000 3.544923 2.710774 3.205122 2.613248 2.513579 2.166521 2.840127 2.671717 2.624152 1.804991 1.573996 2.390924 1.719084 3.674045 4.172835 1.833679 4.272186 2.116937 2.278656 1.981435 2.962482 4.235903 2.361666 1.663092 2.241682 1.874575 2.532398 2.824322 1.559998 2.813985 1.985695 2.327167 3.398888 2.322418 1.964586 2.881953 2.046940 2.855765 2.720414 2.584539 2.635436 2.464867 2.710874 2.527413 1.257134 1.911766 1.577062 2.177393 1.811685 1.786361 1.618923 1.812903 1.881459 1.476077 1.470762 1.722929 1.807310 1.586507 1.804994 1.935163 1.401337 1.147647 1.369196 1.677814 1.607624 1.748804 1.012611 1.530702 1.110204 1.316624 1.454418 1.650802 1.204269 1.450900 1.531000 1.985441 1.774920 1.849590 2.213126 2.207971 1.852472 1.904109 2.033551 1.639026 1.921224 1.677507 2.146621 2.201479 2.046529 2.341138 2.269709 2.203247 2.347456 2.256357 2.261975 0.981182 1.119232 1.453931 2.059200 2.137345 2.091275 1.447696 1.859538 1.776051 2.642401 1.562979 1.680545 1.278355 2.117362 1.890504 2.046748 2.279648 2.112045 
2.670234 2.714635 2.612240 2.129333 0.000000 0.582203 1.937466 3.067531 3.058539 2.988845 2.962449 2.845030 2.649700 2.868528 3.164824 2.797255 2.589175 1.941447 1.993115 2.649278 3.145353 2.188083 2.883184 2.731376 2.823681 2.076510 3.065552 3.338134 2.984833 2.704139 2.623737 2.719962 2.700833 2.634960 2.698379 3.049152 3.800386 3.701442 3.483899 4.229299 3.644624 3.826535 2.733487 2.240712 1.659143 2.127018 2.129919 2.599257 1.886009 2.196303 1.626299 1.915610 1.915249 2.772019 1.872817 2.759627 2.853718 2.188807 1.995846 1.814062 1.834745 1.862444 2.313945 1.375138 1.763621 1.635453 1.815842 3.192386 2.954655 3.182956 3.675830 1.337119 1.405575 1.287866 1.194992 1.221050 1.278317 1.537083 1.593636 2.598071 2.436654 2.179297 2.962490 1.328064 1.145914 1.469240 1.080194 1.419615 1.401439 1.819902 2.047849 1.215262 2.182116 1.362381 2.049177 2.583094 3.989253 3.688465 3.723491 3.426878 4.063670 3.436779 3.411926 3.703099 4.234223 4.528389 4.004971 4.276150 2.158155 2.039583 2.308455 2.548070 2.172778 2.481930 1.526341 2.135731 3.165097 3.734488 3.335095 3.497766 3.239136 3.237869 3.078309 3.034272 3.303902 3.960937 2.505149 2.920334 4.029033 4.245972 3.437445 3.588362 2.837893 2.992562 3.313574 3.577160 3.395007 2.162820 2.894389 2.001136 3.660375 2.469786 4.808010 5.808517 3.393848 4.991121 2.633843 3.071249 2.978025 2.196644 4.910760 4.105456 2.646174 3.199139 3.098094 3.118141 4.405950 2.947920 4.557775 3.672490 4.125663 4.184794 2.538235 2.175427 1.343220 1.087115 1.628163 1.307765 1.208200 1.326907 1.599219 1.195629 1.552343 1.566317 2.019902 1.407467 1.035717 1.908313 1.956462 1.377879 1.554954 1.415202 1.481220 2.055615 2.453891 2.215670 2.467868 1.382489 2.139096 1.691249 1.602906 1.674864 2.514195 2.310447 2.403283 1.936304 1.985631 1.596481 1.780296 1.918881 2.129606 1.417288 1.923145 1.723327 1.542745 2.703864 3.096407 2.716554 2.325009 3.469638 2.950122 2.648473 3.112546 2.229700 2.481900 2.869314 2.588674 3.159455 2.786554 1.509446 1.862831 2.909965 3.748958 2.525229 2.446535 2.456130 2.389300 2.374982 1.191477 1.837717 1.711951 1.406751 2.749436 2.713820 2.285554 2.277000 2.128630 2.595893 2.263096 2.781905 2.287528 2.330400 
2.635242 2.940182 2.408453 2.075798 0.582203 0.000000 2.310206 3.474301 3.284227 3.397812 3.343213 3.107999 3.056470 3.275298 3.491704 2.976311 3.049999 2.084870 2.141735 2.761186 2.968203 2.381790 2.818078 2.619502 2.758576 2.088988 3.083632 3.410984 2.807683 2.693088 2.808632 2.761282 2.511375 2.611732 2.727391 3.128456 3.959353 3.712527 3.572568 4.388266 4.053591 3.983305 2.873024 2.157680 1.761022 2.161632 2.202769 2.742680 2.323768 2.258955 1.471078 1.868973 1.839529 2.546726 1.549639 2.727259 2.847980 1.844722 1.739563 1.761265 1.812937 1.587211 2.057375 1.544369 1.725863 1.719214 2.139662 3.575626 3.128529 3.339726 3.527165 1.633736 1.428663 0.880171 1.335727 1.233676 1.225519 1.781093 1.595357 2.318096 2.825482 2.640121 3.217836 1.742502 1.278231 2.002457 1.603304 1.681199 1.658687 1.942517 2.293107 1.509098 2.357998 1.857344 2.526651 2.762730 3.859162 3.509117 3.741282 3.374080 4.258675 3.383981 3.338403 3.704820 4.145156 4.470410 3.952173 4.129989 1.897554 2.054129 2.465012 2.546130 2.326607 2.830694 1.963635 2.038535 3.571866 3.891257 3.741865 3.958589 3.645905 3.416887 3.539133 3.278282 3.514726 4.421761 2.965972 3.327103 4.489857 4.706796 3.898268 3.955822 3.300914 3.453386 3.722541 4.037984 3.855831 2.272531 3.053356 1.799997 4.020513 2.620669 4.928510 5.965286 3.518023 5.110779 2.846864 3.387219 3.134795 2.373814 5.247232 4.262226 2.802944 3.350727 3.504864 3.580722 4.562720 3.354690 4.714545 3.829260 4.284630 4.591564 2.695004 2.561472 1.255310 1.015730 1.225617 1.056348 1.070231 1.312562 1.169225 1.249706 1.459120 1.709740 2.176672 1.764068 1.475673 1.865690 2.103747 1.501308 1.767975 1.605159 1.640187 2.502743 2.664715 2.431219 2.874638 1.667104 2.016465 1.497817 1.574265 1.479320 2.575176 2.245289 2.224563 1.916794 2.175587 1.471071 1.601121 1.815482 2.264700 1.539272 1.913638 1.879142 2.029322 2.860634 3.390648 3.125564 2.759926 3.345361 3.163144 3.109297 3.269316 2.034156 2.614866 2.977583 3.077503 3.316225 3.278367 1.649682 1.678243 3.023738 3.515179 2.588635 2.212235 2.582183 2.546070 2.484693 1.139032 2.043360 1.809534 1.745130 2.906206 3.205633 2.151051 2.466956 2.275037 3.056717 2.394457 2.938674 2.350180 2.518160 
2.516066 2.261264 2.409143 2.133836 1.937466 2.310206 0.000000 1.390236 2.252848 1.390366 1.532733 1.898808 1.771349 1.210568 2.160708 1.726603 1.041990 1.358570 1.275536 1.586634 2.880678 2.804325 2.795277 2.766833 2.665012 2.214375 2.315607 2.781401 2.599366 2.629458 2.573273 2.213521 2.830501 2.578005 2.437656 1.884944 2.432407 2.063561 1.728372 2.561854 2.194755 2.283698 1.885866 1.317743 2.093304 1.240560 1.465541 1.489889 0.978258 1.147665 2.434517 3.153478 2.100721 4.458701 3.741317 4.607304 1.890089 3.851441 3.722113 1.997040 2.275153 3.190593 3.990297 1.613285 1.646309 1.285181 1.480118 2.084718 1.812613 1.834434 2.335585 2.415494 2.462054 2.607665 2.353847 2.578740 1.736093 1.304808 1.733402 2.349413 3.319103 0.661937 3.870631 1.368637 1.706452 1.366032 1.654920 1.586620 2.350371 1.538421 2.898549 1.091550 3.542490 1.633679 2.838119 0.872216 2.667586 2.043470 2.315083 2.250058 2.670047 2.146800 2.181127 2.477353 2.648156 2.990097 2.636992 2.962320 2.065540 1.727881 1.802800 2.252561 1.544790 2.192056 1.118783 1.795108 1.384680 2.161925 1.736496 1.899167 1.571571 1.623903 1.297892 1.578025 1.664992 2.362338 1.033438 1.139916 2.430434 2.465555 1.838846 1.862094 1.430767 1.393963 1.896913 1.796743 1.786421 1.784934 1.699452 2.075986 1.946179 1.649205 2.922358 4.098107 2.654103 3.377827 1.236517 1.726488 1.618783 1.784080 3.042260 2.484069 1.392527 1.474283 2.311188 2.184831 2.842214 1.777701 3.177274 2.149798 2.848551 2.699241 1.813291 1.120593 3.067038 2.154976 3.150369 3.069006 2.516446 2.714749 3.180954 2.868262 3.132861 1.208586 1.452624 1.571073 1.864627 1.833802 1.765304 1.331445 1.549293 1.795331 1.827895 1.367064 1.815879 1.749481 1.326067 1.117490 1.875001 1.666703 1.675436 1.388371 1.817947 2.206399 1.910510 1.804444 1.562849 1.661065 1.749657 1.612917 1.672614 1.109437 1.534815 1.421101 1.411456 1.480035 2.424490 1.607934 1.082809 2.947302 1.957081 1.420939 1.807776 2.325919 2.028529 2.566673 2.093611 2.505450 2.363887 1.515112 2.699525 2.677420 3.356703 1.686904 2.110811 2.051440 1.122798 1.600505 1.834804 0.926250 1.540682 1.233506 1.389895 1.584397 1.854440 1.235255 1.473480 1.646493 2.227894 1.168670 1.278870 1.028203 
2.967385 1.833769 2.847346 2.516773 3.067531 3.474301 1.390236 0.000000 1.658242 1.571227 1.711793 2.420340 1.390330 1.125167 2.144524 1.904511 1.039458 2.050293 1.917394 1.904353 3.442306 3.333303 3.450628 3.536767 3.346232 3.045612 2.782305 3.503970 3.302722 3.357851 3.016320 2.694116 3.369805 3.171057 3.030608 2.478623 2.308153 2.356519 2.287916 2.320295 2.393402 1.251346 2.389842 2.226668 3.104768 2.093908 2.392402 1.802497 1.818730 1.902573 3.041498 4.037077 2.825899 5.544443 4.801152 5.624080 2.069971 4.787202 4.534927 2.566162 3.333637 3.955743 5.050132 2.655968 2.644311 1.996554 1.887398 1.747788 1.276651 1.585464 2.486991 3.131411 3.352574 3.387356 3.022741 3.599483 2.816653 2.412526 2.713909 3.130397 4.436095 1.239347 4.803127 2.168568 2.625728 2.030485 2.534453 2.234755 3.561006 2.737647 3.995648 2.264440 4.715615 2.123036 3.790278 1.341965 3.053715 1.759232 2.537516 2.367046 1.836007 2.097718 2.348897 2.806814 2.837651 3.376553 2.417039 3.431678 2.943037 2.260202 2.079297 2.789532 1.912645 2.186880 1.840582 2.102235 1.096159 1.427675 1.375248 2.104363 1.689500 1.813811 1.327599 1.866991 1.272635 1.884646 1.203370 1.135901 1.717805 1.594111 1.722826 1.982440 1.720514 1.178202 1.585431 1.313191 1.861286 2.317651 1.671986 3.031480 1.478208 2.598177 3.034916 2.776836 2.394308 3.814116 1.560179 1.859615 2.034249 2.574512 2.151610 1.762826 1.735330 1.261748 1.874669 2.284469 2.339275 2.097899 2.386721 2.130798 2.821497 1.688242 2.546127 1.539277 4.106148 3.078890 4.205023 4.108115 3.623938 3.416971 4.109647 3.907372 4.135419 2.135318 1.868162 2.586342 2.874337 2.430044 2.673811 2.512124 2.287555 2.820844 2.863596 1.503980 1.996062 2.395349 0.975916 2.227530 2.985041 2.402703 2.464650 2.144485 1.770999 2.962426 1.687800 2.410911 2.485556 2.595992 2.579157 2.182846 2.054365 2.128095 2.247264 2.387318 2.329145 1.054391 2.698171 1.903151 1.733881 2.132817 1.805673 1.690183 1.793895 2.834322 2.148573 2.778947 2.592764 2.046061 2.931226 2.586353 2.957937 3.249212 2.940373 2.627405 2.323223 2.233323 1.223175 1.991789 2.692190 1.985779 2.352791 2.212430 1.051562 1.879322 2.241209 1.642659 1.551999 1.242238 2.744172 1.457085 2.210179 1.752820 
2.283897 1.263861 2.145953 1.962854 3.058539 3.284227 2.252848 1.658242 0.000000 2.107699 2.008152 1.251839 1.166549 1.502402 1.136357 0.741869 1.340482 2.845533 1.738768 3.079248 4.410961 3.644425 4.504128 4.519194 4.399732 3.728430 3.735657 3.958543 4.304408 4.465404 3.589429 3.775763 4.425545 4.226797 4.032294 3.409634 2.967158 3.370143 3.364826 3.136275 3.027565 1.773561 2.721466 2.877185 3.891073 3.023530 3.182116 2.457231 2.668592 2.645131 3.080518 3.925032 2.897280 5.390382 4.491180 5.405372 2.896849 4.464249 4.288030 2.688272 3.346706 3.929003 5.013797 2.868536 2.416103 2.074365 1.775461 1.266387 0.732144 1.611678 1.929471 3.391391 3.647787 3.404912 3.146513 3.970550 2.825751 2.807185 2.810763 2.946945 4.397795 2.110712 4.688655 2.534241 3.266759 2.941612 2.825361 3.264208 3.728080 3.233891 4.264342 3.111366 4.770334 2.351354 4.141804 2.511780 3.634338 2.557915 3.331653 3.184167 1.957588 3.015690 3.098227 3.576588 3.749737 4.165562 3.206214 4.174254 2.926919 2.525869 1.778092 2.424674 1.838439 1.600004 1.902021 1.978198 1.962055 1.960665 1.478044 2.631765 2.122535 2.632295 2.065715 2.946107 2.322042 1.945294 2.080261 1.888024 1.913398 2.382811 2.139362 2.783862 2.734841 1.976461 2.148308 1.752076 2.683620 3.266091 2.316748 3.024834 2.136077 2.907329 3.809446 3.734889 2.288601 4.642700 2.685371 1.708539 2.106860 3.449875 2.573654 2.535014 1.823896 2.063745 1.226789 2.379116 2.453895 2.017273 2.823010 2.707559 3.354452 1.512378 3.058851 1.612874 3.980088 3.383961 4.188356 4.068549 3.803116 3.694773 3.856693 4.078713 4.253927 2.308474 1.879887 2.826997 3.229898 2.634232 3.155645 2.915244 2.698917 3.094444 2.984165 1.789211 2.298036 1.743571 1.193422 2.188888 2.940377 2.434176 2.187179 2.116835 1.550700 2.909127 1.697807 2.419380 2.649014 2.329683 2.468225 2.280822 2.208480 2.515708 2.461039 2.688522 2.333821 1.554298 2.107442 1.519997 1.712147 2.221589 1.903304 2.070356 1.866989 2.088178 1.399460 1.719203 2.697050 2.158445 2.260854 3.141704 2.850508 2.477284 2.819918 2.912736 2.039986 2.132355 1.763358 2.644495 2.787581 2.557625 1.744438 2.268861 1.489955 2.324326 2.067462 2.088094 1.826552 1.148758 1.916803 2.467140 3.033149 2.703362 
2.769853 2.038762 2.003299 2.194082 2.988845 3.397812 1.390366 1.571227 2.107699 0.000000 0.942737 1.855507 1.592874 1.191115 2.164696 1.701381 1.466899 1.947136 1.673205 2.119392 3.437871 3.738877 3.328035 3.495782 3.137242 2.955582 2.925005 3.469942 3.166390 3.234071 3.094529 2.427832 3.348699 2.821886 2.686188 2.007484 1.889117 1.771302 1.805196 1.709983 1.284371 1.853569 2.971571 2.030988 2.836896 1.893307 2.248043 2.064101 1.855672 2.266353 3.341384 4.090738 3.240134 5.356678 4.639293 5.436314 1.676544 4.730925 4.544603 2.896435 3.161416 4.309281 4.888273 2.407240 2.382398 2.047152 2.028878 2.087914 2.000758 1.885300 2.125055 3.219023 3.284543 3.448613 3.176337 3.406536 2.670984 2.240305 2.562413 2.913241 4.445362 1.373906 4.771115 2.529409 2.331356 2.207188 2.769692 2.400339 3.430902 2.479859 3.976290 2.367692 4.548575 2.802800 3.807395 1.185912 2.402730 2.154375 1.925221 2.190394 2.606106 2.096628 1.945750 2.146133 2.203823 2.456209 2.265415 2.713184 2.543193 2.246510 1.929394 1.959751 1.935221 2.049471 1.847973 2.195526 1.069791 1.526522 1.322531 1.409502 0.942280 1.025380 0.866780 1.169048 1.240746 1.562892 1.325525 0.679505 1.715488 2.054762 1.222279 1.351613 1.193453 1.198695 1.054389 1.007169 1.043215 2.563295 1.621948 3.018842 1.569624 2.516854 2.394733 3.573860 2.549180 2.700962 1.273407 2.142864 1.738018 2.606437 2.334415 2.077469 1.361004 1.103389 2.106693 2.114043 2.678287 1.849068 2.957228 1.769639 2.028105 1.982586 2.700399 1.616589 3.965014 3.031519 4.048345 3.966982 3.430992 3.591292 4.003443 3.766238 3.994286 1.977998 2.295450 2.434846 2.733204 2.927324 2.532678 2.319177 2.396213 2.679711 2.717281 1.629250 2.229223 2.249626 1.833091 1.992016 2.585198 2.551759 2.254551 2.383771 2.405384 2.643056 2.854297 2.024300 2.116801 2.359987 2.299800 2.326573 2.563740 2.005858 2.462835 2.220278 2.189355 1.382715 1.976289 1.557886 1.910927 3.064544 1.371672 1.174026 1.775883 3.168745 1.999749 2.726536 1.735919 2.027563 2.312966 2.600096 3.818213 2.525919 3.087577 2.405545 2.426962 2.508472 1.700739 2.489325 2.953492 2.118035 2.382304 1.898721 1.662652 1.625169 2.329592 1.291110 1.806177 1.841333 2.949864 1.685910 2.409560 1.998854 
2.712191 1.932011 2.285192 2.525155 2.962449 3.343213 1.532733 1.711793 2.008152 0.942737 0.000000 1.522677 1.779217 1.147560 1.927218 1.531531 1.313298 2.291230 1.880924 2.363768 3.652644 3.986452 3.714606 3.616219 3.574453 3.261166 3.162021 3.556019 3.438822 3.624191 3.567105 3.034669 3.802268 3.518684 3.360373 2.160243 2.497895 2.384753 2.202134 2.424627 1.974712 1.997230 3.130286 2.235808 2.981652 2.234434 2.694231 2.474660 1.575160 2.466353 3.616645 4.335605 3.369862 5.465223 4.762141 5.668022 2.274193 5.033568 4.904241 3.179167 3.057009 4.459734 5.040521 2.444530 2.304463 2.224341 2.124504 1.919402 1.795343 2.035753 2.329105 3.578661 3.644181 3.789793 3.535975 3.356803 2.844323 2.081844 2.581964 3.230285 4.466490 1.121775 4.794945 2.318813 2.398705 2.200256 2.840184 2.696547 3.586552 2.849541 4.040613 2.429223 4.493411 2.649199 3.889894 1.133831 2.724420 2.362050 2.251490 2.506328 2.639306 2.416065 2.285633 2.446221 2.836721 3.038898 2.837865 2.910610 2.381792 2.135181 2.142714 2.299075 1.974625 2.270513 1.875407 2.345979 1.154520 1.685522 1.452460 1.472066 1.200770 1.394007 1.106921 1.496330 1.605883 1.862224 1.257667 1.121780 1.930780 2.243503 1.408655 1.411239 1.642975 1.610849 1.747379 1.221290 1.454386 2.713748 1.970959 3.251475 1.895966 2.495847 2.707439 3.744215 2.766675 3.037332 1.557879 1.885822 1.887131 2.725802 2.386621 2.240943 1.536704 1.232935 2.117738 2.304926 2.939332 2.110113 3.218273 1.900518 2.419298 1.870611 2.850852 1.600905 4.187187 3.337103 4.139410 4.170084 3.729662 3.896876 4.363081 3.886703 4.314989 2.096721 2.445903 2.732506 2.665349 3.023723 2.718299 2.474582 2.590613 2.797792 2.910848 1.725649 2.325622 2.011241 1.983544 2.072955 2.631186 2.700015 2.494205 2.534224 2.555837 2.484595 2.947755 2.126970 2.028286 2.607586 2.517991 2.492408 2.660139 2.276653 2.559234 2.309732 1.636675 1.533168 1.792409 1.352472 1.600311 3.244282 1.645899 1.252925 1.994397 2.931267 1.841402 2.457970 1.572563 2.288608 1.832135 2.693560 3.968666 2.196042 3.366807 2.066161 2.577415 2.658925 1.851192 2.639778 3.103946 2.079734 2.010591 1.893650 1.744139 1.313146 2.480045 1.155224 1.946267 1.618767 2.451758 1.859323 2.390764 1.860284 
2.040880 1.913395 1.786980 1.769121 2.845030 3.107999 1.898808 2.420340 1.251839 1.855507 1.522677 0.000000 1.381014 1.443307 0.585353 0.940976 1.612642 2.589093 1.346383 2.772215 4.222082 3.779809 4.049343 4.293765 3.855136 3.528808 3.739865 3.663125 3.954205 4.229198 3.490581 3.639676 4.479813 4.090362 3.710653 3.018276 2.760321 3.063698 3.087269 2.929143 2.360360 2.628334 2.651120 2.489657 3.449491 2.686856 2.844583 2.405732 2.103358 2.289479 3.079820 3.743221 2.833459 5.035635 4.126070 4.933454 2.509517 4.328597 4.196329 2.659007 3.063599 4.060922 4.556868 2.438810 2.252229 2.092083 1.602128 1.424061 1.571997 1.721755 1.872206 3.301306 3.587188 3.356263 3.220158 3.757041 2.493770 2.601661 2.311439 2.676044 4.252063 1.805238 4.413605 2.513277 2.879232 2.781474 2.921779 3.131018 3.548738 2.630148 4.167021 2.766068 4.541494 2.804802 3.852765 2.171312 3.013963 2.643321 2.695733 2.768351 2.355290 2.928106 2.584328 2.896171 3.332778 3.503868 3.100290 3.509381 2.443139 2.296815 1.827885 2.037117 2.045658 1.583685 1.834468 1.933706 1.865119 2.059120 1.748914 2.262506 1.844989 2.245678 1.940244 2.590094 2.552237 2.036968 1.836343 1.674764 2.449933 3.045878 2.154278 2.696920 2.389158 2.189525 2.131416 2.133456 2.511748 2.942394 2.359889 2.655783 2.207449 2.267255 3.463191 4.340046 2.369908 4.261310 2.374650 1.633067 1.907960 3.082655 3.183369 2.636985 1.805830 2.124591 1.616563 2.585206 2.937479 1.838236 3.222638 2.268437 2.880291 2.318840 3.050079 1.682014 3.751034 3.344022 3.987210 3.839495 3.680986 3.876526 3.801788 3.795605 3.811020 2.040910 2.275197 2.469154 3.000845 2.903391 2.872538 2.701735 2.766426 2.865390 2.484841 2.002601 2.543136 1.620512 1.668745 1.975379 2.456597 2.502301 2.011598 2.189467 2.157025 2.690436 2.621482 2.147987 2.149690 1.900817 2.261749 2.377731 2.516858 2.366115 2.452883 2.482998 2.151827 1.946796 1.687845 1.645155 1.712954 2.733463 2.219504 1.920262 1.853139 2.242529 1.535266 1.526360 2.489678 2.510023 2.052441 2.961121 3.299584 2.273959 3.123464 2.428957 1.908333 2.095685 1.834104 2.627705 2.735230 2.386744 1.500636 1.863367 1.775779 2.297004 2.260874 1.787504 2.090919 1.897255 1.602145 2.293685 2.438472 2.242721 
2.073036 1.184906 1.669923 1.588343 2.649700 3.056470 1.771349 1.390330 1.166549 1.592874 1.779217 1.381014 0.000000 1.109794 1.303559 1.240590 1.349810 2.309980 1.196726 2.373411 3.929462 3.100750 3.803472 4.037695 3.704257 3.241750 3.254158 3.564882 3.768855 3.885460 3.100599 3.268358 3.944046 3.745298 3.388633 2.865418 2.146289 2.701774 2.843212 2.311949 2.203238 1.720305 2.441992 2.395686 3.355520 2.542031 2.538455 1.813570 1.978298 2.008935 2.589269 3.403030 2.312656 5.092214 4.167105 4.990032 2.242825 4.153154 3.900880 2.012678 2.816962 3.736430 4.597903 2.169285 2.177170 1.760541 1.525755 1.352151 1.099594 1.015667 1.654582 2.671416 3.052144 2.989181 2.470229 3.433462 2.236660 2.249372 2.079862 2.653958 4.035310 1.839722 4.228220 2.495666 2.854226 2.660069 2.333978 2.853045 3.324993 2.747452 3.759635 2.629867 4.479602 2.228842 3.524000 2.030281 2.911915 1.935373 2.578142 2.389205 1.968079 2.248875 2.375804 2.755719 3.027314 3.443139 2.437191 3.451831 2.352876 1.921423 1.351051 1.752453 1.393199 0.844891 1.466638 1.461523 1.680036 1.322057 1.729478 2.347257 1.783669 2.009858 1.568436 2.432324 1.688224 1.900162 1.656990 1.238709 1.985073 2.328630 1.783955 2.454389 2.177999 1.612822 1.440848 1.633493 2.149111 2.606886 1.708656 2.579251 1.411533 2.357831 3.144786 3.296748 1.369526 4.021986 2.154436 1.968800 1.518576 2.860268 2.683830 1.768150 1.138430 1.712423 0.996634 1.693493 2.245393 1.254378 2.203238 1.943031 2.473130 1.965210 2.423318 1.359920 3.634262 2.769153 3.914956 3.636230 3.266028 3.074784 3.583708 3.420213 3.502863 1.722232 1.707358 2.086296 2.625453 2.178487 2.502327 2.378156 2.102030 2.464091 2.238283 1.176780 1.951459 1.703127 0.827496 1.651800 2.394881 2.071817 1.897893 1.908472 1.912720 2.594808 1.801161 1.826494 1.987641 1.892979 2.174125 1.836980 2.033720 1.885356 1.980163 2.151305 1.924758 0.862226 1.624418 1.375975 1.703017 1.696856 1.202326 1.355830 1.266273 2.389418 1.549326 2.046024 2.020747 1.226597 1.986106 2.563165 2.875297 2.327078 2.039549 2.331999 1.704399 1.656140 1.098061 2.245620 2.388499 2.061479 1.756598 1.746685 1.413470 1.934183 1.891204 1.591051 1.267253 1.386696 2.171658 1.900499 2.412015 2.082249 
2.108548 1.461643 2.104769 1.966539 2.868528 3.275298 1.210568 1.125167 1.502402 1.191115 1.147560 1.443307 1.109794 0.000000 1.327205 1.230709 0.578796 1.931934 1.380600 1.822402 3.503479 3.262970 3.363794 3.651995 3.264579 2.975284 2.926706 2.897762 3.329177 3.471689 2.676317 2.828680 3.609255 3.305620 2.948955 2.611612 2.168563 2.318114 2.420905 2.187922 2.090808 1.785879 2.121000 1.983373 2.915842 2.102353 2.098777 1.622849 1.477648 1.475417 2.782814 3.621858 2.412877 5.129224 4.385933 5.208861 1.917778 4.371982 4.119708 2.309067 3.026526 3.702686 4.634913 2.171783 2.214180 1.797551 1.465643 1.245503 1.316207 1.215312 1.848953 2.734468 3.089154 3.026191 2.735473 3.436483 2.455488 2.213523 2.298690 2.724939 4.099161 0.941837 4.304031 1.815369 2.405539 2.000263 2.266485 2.317124 3.362003 2.341764 3.796645 2.065437 4.516612 1.900440 3.499629 1.474954 2.734319 1.795397 2.262645 2.243758 1.956287 2.122246 2.209410 2.579784 2.643654 3.121017 2.483264 3.249989 2.389886 1.988351 1.670375 2.062499 1.438751 1.552749 1.503648 1.487547 1.173383 1.319004 1.143928 1.649510 1.329593 1.626198 1.134804 1.770735 1.456655 1.669140 1.159941 0.829817 1.666647 1.921318 1.278369 1.825973 1.676714 1.300395 1.404816 1.080015 1.557971 2.108653 1.501248 2.616261 1.551782 2.182957 2.682828 3.344435 2.187342 3.657150 1.586857 1.397887 1.651001 2.328600 2.439095 1.800986 1.294660 1.304774 1.420159 1.824134 2.172787 1.508798 2.635367 1.855927 2.402076 1.774487 2.272345 1.227325 3.853091 2.859162 3.951966 3.855058 3.370881 3.271140 3.802536 3.584717 3.720200 1.759242 1.696511 2.171123 2.659790 2.376800 2.356337 2.313121 2.088552 2.547062 2.448377 1.046949 1.725767 1.518949 0.911499 1.836542 2.431891 2.114009 2.121902 1.945482 1.878380 2.684142 2.147883 2.028379 1.932406 2.111808 2.221498 1.826932 1.973608 1.908366 2.027536 2.188315 1.674427 0.948301 1.603491 1.031729 1.250125 2.371993 1.444929 1.383015 1.361942 2.271488 1.505902 2.000808 2.102231 1.922940 2.169968 2.387350 2.897824 2.488395 2.849878 2.103654 1.726171 1.671390 0.908709 1.948755 2.385079 1.841740 1.628305 1.767388 0.990080 1.559154 1.784034 1.357109 1.260163 1.000175 2.069272 1.358500 1.797730 1.421895 
1.926004 1.750071 2.241055 1.958179 3.164824 3.491704 2.160708 2.144524 1.136357 2.164696 1.927218 0.585353 1.303559 1.327205 0.000000 1.032890 1.468349 2.675810 1.546988 2.618529 4.295291 3.415981 4.023753 4.403525 3.865303 3.433818 3.638730 3.498894 3.952867 4.147192 3.078817 3.457551 4.128058 3.929310 3.754463 3.323427 2.379640 3.201385 3.327705 2.865353 2.702588 2.430468 2.242480 2.761516 3.539531 2.907861 2.722466 2.180967 2.370035 2.198914 2.862341 3.633283 2.505333 5.365286 4.504594 5.081287 2.295132 4.426227 4.282060 2.478586 3.378211 4.100911 4.935392 2.758604 2.706522 2.266364 1.764940 1.058962 1.388798 1.466763 1.823345 3.078916 3.733346 3.450322 3.123964 4.076835 2.813564 2.986862 2.626052 2.927031 4.437212 2.091965 4.594905 2.520088 3.158744 2.934490 2.931646 3.132648 3.857894 2.902006 4.488273 2.995697 4.943547 2.511515 4.139981 2.528987 3.277964 2.364192 2.925953 2.596649 1.835108 2.826206 2.713252 3.170888 3.364762 3.780587 2.696566 3.607461 2.708879 2.630171 1.905478 2.261653 1.977963 1.449922 1.934159 1.901595 1.951210 1.842322 1.495523 2.560452 1.940065 2.645037 2.101986 2.927359 2.428245 1.638351 1.992548 1.823182 2.045678 2.802127 2.175633 2.985002 2.716094 1.962790 2.023520 1.919734 2.706442 2.918662 2.454221 2.852323 1.941777 2.532995 3.694164 4.069193 2.263448 4.662773 2.666624 1.805001 2.150489 3.320215 2.971752 2.366133 2.045198 2.261801 1.346587 2.545399 2.710330 1.830495 2.999721 2.398127 3.132194 2.109292 3.262058 1.955938 3.918767 3.469521 4.365734 3.972290 3.909401 3.598514 3.857850 4.110218 3.833344 2.360704 2.092359 2.750394 3.133639 2.721381 3.187150 3.021529 2.902123 3.180003 2.799454 1.992417 2.649781 1.913449 1.393806 2.295173 2.776391 2.564047 2.390122 2.343707 2.272091 3.043709 2.392106 2.489542 2.464303 2.279341 2.464639 2.484028 2.510493 2.601268 2.570127 2.868199 2.537028 1.835374 1.818248 1.731621 1.986878 2.475394 2.161952 2.275296 1.904357 2.156706 1.778047 1.414255 2.939077 2.457618 2.482156 3.227263 3.088049 2.787270 3.134970 2.748751 2.033846 1.937765 1.757344 2.614476 2.819086 2.663910 1.712493 2.183161 1.656890 2.570928 2.376207 2.177887 2.050484 1.728175 1.635525 2.284501 2.572431 2.404806 
2.084089 1.269335 1.800682 1.799917 2.797255 2.976311 1.726603 1.904511 0.741869 1.701381 1.531531 0.940976 1.240590 1.230709 1.032890 0.000000 1.027215 2.458485 1.511165 2.813425 3.992824 3.595059 4.132624 3.992950 4.028228 3.253249 3.340521 3.540407 3.886272 3.985792 3.531791 3.302508 4.080469 3.796058 3.660790 2.898393 2.735351 2.878752 2.802371 2.794489 2.486335 2.038764 2.420969 2.459049 3.514387 2.551339 2.763980 2.361800 2.297088 2.273627 3.160159 3.751131 2.758341 5.214837 4.315635 5.252196 2.542032 4.264441 4.172200 2.744527 3.193530 3.775827 4.860621 2.694634 2.193926 1.792356 1.757170 1.418332 0.851195 1.582620 1.553481 3.332773 3.494611 3.275574 3.143516 3.667816 2.672575 2.545901 2.657587 2.745494 4.023011 1.654630 4.565940 2.016786 2.839415 2.467458 2.538171 2.784596 3.440889 2.857206 3.985136 2.626573 4.509050 2.362363 3.983447 2.009065 3.167922 2.380389 2.886894 2.743381 2.121135 2.740974 2.632742 3.131829 3.268708 3.715621 3.075320 3.682862 2.796077 2.372693 1.457690 2.243368 1.567869 1.443481 1.709703 1.944047 1.568703 1.802266 1.187723 2.244648 1.610328 2.133482 1.631074 2.558990 2.173187 1.587167 1.693143 1.443264 1.833193 2.457643 1.714643 2.276471 2.278758 1.792760 2.072079 1.577428 2.296502 2.929550 2.205664 2.871658 1.862080 2.582315 3.231946 3.996208 2.284687 3.946730 2.229288 1.640014 1.537528 3.047282 2.467942 2.307650 1.392887 1.516020 1.409530 2.182665 2.593641 1.678787 2.946639 2.166329 2.912315 1.738180 2.929205 1.434854 3.826912 3.122677 4.035180 3.915373 3.603309 3.583668 3.703517 3.925537 4.100751 2.139754 1.896174 2.673821 3.022669 2.610533 3.002469 2.653961 2.461162 2.941268 2.830989 1.673029 2.116094 1.567293 1.436972 1.989080 2.809534 2.209443 2.034003 1.909605 1.720135 2.647843 2.008788 2.234186 2.564804 2.176507 2.329961 2.169451 2.047393 2.254424 2.199755 2.427238 2.096067 1.684463 1.806873 1.292268 1.406558 2.453258 1.830910 1.723613 1.595854 2.101573 1.336997 1.629631 2.260859 2.149409 1.829845 2.880420 3.019336 2.025548 2.810882 2.781894 1.886810 2.047515 1.721426 2.607338 2.634405 2.291160 1.613596 2.184651 1.627883 2.085766 1.943529 1.731745 1.776311 1.509614 1.906862 2.118679 2.661645 2.331858 
2.213108 1.240791 2.349447 2.133275 2.589175 3.049999 1.041990 1.039458 1.340482 1.466899 1.313298 1.612642 1.349810 0.578796 1.468349 1.027215 0.000000 1.957140 1.482083 2.009036 3.522567 3.174582 3.615734 3.414584 3.511338 2.632203 2.645303 3.070149 3.416015 3.414848 2.905246 2.779261 3.500557 3.284349 3.143900 2.445010 2.511494 2.444748 2.169161 2.570353 2.553671 1.806712 2.139634 1.990743 3.002679 2.081082 2.293722 1.752362 1.608450 1.688468 2.804775 3.666829 2.455651 5.179376 4.461992 5.259013 2.108829 4.416953 4.164679 2.367297 2.984114 3.601039 4.710972 2.216754 2.205097 1.572251 1.372091 1.242941 1.022649 1.326088 1.992900 2.781888 3.034139 3.063740 2.724105 3.250383 2.456767 1.846787 2.385112 2.759367 3.711699 0.847813 4.294947 1.494266 2.219439 1.655183 1.987131 2.213652 3.082649 2.497510 3.486767 1.824938 4.263165 1.629902 3.529745 1.246739 2.927309 1.873654 2.578566 2.440590 2.090588 2.177270 2.354650 2.906857 2.885881 3.424783 2.716079 3.479908 2.434857 1.927974 1.680255 2.216290 1.123186 1.745705 1.229476 1.565551 1.033355 1.578130 1.106257 1.670848 1.594588 1.775923 1.144083 1.732706 1.412541 1.620379 1.014091 1.098013 1.621676 1.656797 1.358275 1.747110 1.599707 1.069895 1.698516 1.022703 1.677770 2.208367 1.599758 2.681957 1.866395 2.227928 3.153734 3.715381 2.450887 3.716718 1.661078 1.529335 1.620227 2.379663 2.321585 2.083513 1.368367 1.328490 1.469411 1.753078 2.386745 1.672951 2.723818 2.077627 2.855840 1.765359 2.288503 1.121421 3.787713 2.706401 3.871044 3.789680 3.253690 3.085006 3.780850 3.588937 3.816984 1.696104 1.391419 2.257545 2.563785 2.077377 2.361767 2.033768 1.840116 2.502410 2.539980 0.930553 1.456862 1.658527 0.890619 1.719351 2.476862 1.799086 2.077250 1.789781 1.664749 2.328242 1.853614 2.022232 2.008465 2.182685 2.122791 1.866034 1.489074 1.701552 1.712613 1.826760 1.477151 1.069491 1.945517 0.976316 0.871715 2.491833 1.417343 1.404347 1.478585 2.191239 1.449894 2.018595 2.047402 2.095337 2.152100 2.185664 2.817530 2.388450 3.153486 2.187824 1.873163 1.863566 0.980051 1.909945 2.358211 1.601585 1.594612 1.725767 0.903685 1.504441 1.769932 1.299086 1.236495 0.820820 2.043077 1.432851 1.962937 1.633150 
2.917814 3.197930 2.677038 2.147197 1.941447 2.084870 1.358570 2.050293 2.845533 1.947136 2.291230 2.589093 2.309980 1.931934 2.675810 2.458485 1.957140 0.000000 1.727854 1.024919 1.789959 2.340740 1.756138 1.778867 1.694303 1.222688 1.822943 2.133816 1.612804 1.765611 2.063254 1.431876 1.890721 1.511632 1.432747 1.879022 2.255570 1.854112 1.844484 2.629917 2.410141 2.420803 2.012626 1.032142 1.152835 0.692327 1.147804 1.014456 1.316783 1.187608 1.958941 2.373002 1.613379 3.816667 2.946469 4.051409 1.449440 2.783789 2.798025 1.257576 1.482766 2.842962 3.228289 1.347743 1.758884 1.835662 2.321655 2.781639 2.731494 2.304884 2.878573 1.805034 1.717543 1.928239 1.460052 1.864194 1.127547 1.221626 1.128480 2.393787 3.520351 1.466543 3.806962 1.595047 1.407129 1.487122 1.867745 1.328437 2.254343 1.421939 2.893848 1.220665 3.303212 1.778465 2.577743 1.646963 2.414692 2.184796 2.032349 1.595092 2.878166 1.680723 1.598764 2.178823 2.386893 2.873385 2.490039 2.736329 2.145649 2.286023 2.255283 2.516838 2.249378 2.730688 2.013023 2.242028 2.201913 2.382908 2.371911 2.735636 2.311851 2.269399 2.205730 2.151449 2.144772 3.051808 1.702495 1.802139 3.119903 3.336842 2.528315 2.971197 2.102696 2.083432 2.095062 2.668030 2.498591 1.060391 1.492458 1.793866 2.312588 1.938895 3.341332 4.226274 2.907958 3.573399 1.270901 2.510552 2.173854 1.244892 3.986086 2.567121 1.961106 1.949154 3.031638 2.939998 3.174733 2.360220 3.265439 2.165172 2.734990 3.332386 1.897718 2.119609 2.490988 1.373274 2.540855 2.179234 1.678238 1.916348 2.116349 2.073414 2.243013 1.593368 1.789123 1.183854 1.433645 2.028830 1.636180 1.232086 1.177202 1.052967 1.141514 2.303290 2.525588 2.525928 1.863846 1.367287 1.832076 2.018662 2.047750 2.144169 2.607062 2.629656 2.734024 2.026427 1.575600 2.043926 1.889959 1.990014 2.359280 1.521457 2.156440 1.851598 2.030823 1.831372 3.191572 2.351331 2.195114 3.417752 2.261090 2.163219 2.065092 2.609967 2.951622 3.120849 2.952565 2.993479 3.284011 1.289927 2.297839 3.685225 3.559141 2.003309 2.590310 2.610430 1.476503 1.363354 1.590915 1.385829 2.293599 1.248715 1.725396 2.436871 2.381320 1.684140 2.052038 2.535225 2.908273 1.199662 1.244424 1.225531 
