240 240
0.000000 0.117418 0.094019 0.135685 0.131697 0.141663 0.144145 0.145458 0.140626 0.148236 0.081913 0.153316 0.278054 0.169571 0.253732 0.311925 0.334504 0.358691 0.317320 0.328920 0.296114 0.290864 0.277647 0.283607 0.279998 0.303538 0.305905 0.272830 0.357377 0.330339 0.294031 0.356651 0.170959 0.164027 0.195869 0.164816 0.192855 0.202871 0.159442 0.156768 0.175415 0.202756 0.125548 0.283595 0.236067 0.247355 0.187964 0.293232 0.226612 0.315608 0.309288 0.308086 0.363600 0.362730 0.190005 0.308439 0.332798 0.226485 0.330914 0.186528 0.284393 0.115283 0.134314 0.145940 0.128407 0.230794 0.290028 0.244741 0.156279 0.213971 0.314193 0.154903 0.128755 0.117342 0.477145 0.167108 0.457947 0.221426 0.289541 0.242247 0.318133 0.186060 0.529820 0.588162 0.266436 0.380357 0.358318 0.184485 0.154679 0.158134 0.152812 0.187508 0.157786 0.172977 0.157014 0.175716 0.166036 0.168138 0.161652 0.169255 0.161981 0.162795 0.158441 0.162407 0.172909 0.106070 0.104912 0.184855 0.134668 0.109167 0.120662 0.154161 0.174198 0.141254 0.187028 0.216402 0.181491 0.194721 0.169704 0.198732 0.213920 0.196853 0.188310 0.212186 0.213284 0.173872 0.186138 0.188633 0.199347 0.199995 0.219990 0.202431 0.183732 0.205927 0.198124 0.205972 0.166809 0.191312 0.128133 0.152360 0.134511 0.148453 0.157592 0.358280 0.153859 0.148467 0.179758 0.133393 0.166251 0.132001 0.262051 0.136045 0.149787 0.122644 0.119336 0.143666 0.118217 0.148548 0.118465 0.112393 0.146833 0.217357 0.171718 0.235411 0.226765 0.263436 0.239343 0.255785 0.236042 0.243428 0.203617 0.162214 0.133862 0.215315 0.177953 0.174240 0.094599 0.126638 0.133293 0.081751 0.126102 0.216362 0.186671 0.122050 0.140184 0.146873 0.147185 0.103693 0.141724 0.105343 0.155396 0.142852 0.151060 0.143653 0.082610 0.121700 0.111380 0.151474 0.116845 0.150005 0.126313 0.174389 0.150242 0.159728 0.116573 0.143561 0.120955 0.111193 0.173044 0.074498 0.108782 0.123687 0.114027 0.114505 0.177059 0.153541 0.259446 0.220574 0.170032 0.136238 0.161688 0.109105 0.131460 0.156306 0.129387 0.200880 0.212843 0.201717 0.185106 0.100791 0.155920 0.170642 0.167388 0.137265 0.110264 0.091415 0.144380 0.147271 0.204517 0.219660 
0.117418 0.000000 0.093123 0.108442 0.116087 0.104107 0.121344 0.131273 0.115737 0.123420 0.121028 0.125253 0.287665 0.163347 0.247079 0.300010 0.324497 0.343733 0.308231 0.311700 0.281804 0.278436 0.266108 0.277289 0.264846 0.289973 0.289090 0.260476 0.340761 0.315882 0.285345 0.342527 0.160857 0.139936 0.180546 0.147649 0.173575 0.181852 0.138282 0.122898 0.185129 0.192918 0.177644 0.292588 0.222507 0.236272 0.193749 0.287605 0.223220 0.327460 0.278856 0.292965 0.362574 0.314233 0.179247 0.263587 0.314626 0.198065 0.308664 0.220039 0.255212 0.115695 0.138752 0.102229 0.088925 0.293678 0.298618 0.270525 0.181795 0.251866 0.299395 0.221463 0.158908 0.175933 0.494565 0.175537 0.482408 0.223191 0.295214 0.257431 0.296004 0.198663 0.551356 0.620678 0.293757 0.367068 0.383448 0.173993 0.136948 0.160635 0.122806 0.177953 0.142266 0.170720 0.129618 0.171395 0.156623 0.163026 0.146311 0.149078 0.145397 0.148545 0.146220 0.137985 0.167391 0.125942 0.142255 0.181581 0.140768 0.101293 0.122624 0.158237 0.149087 0.116399 0.163400 0.190819 0.152485 0.162273 0.148323 0.183977 0.190465 0.168446 0.149438 0.187906 0.177846 0.148216 0.146004 0.166900 0.166501 0.169544 0.200526 0.172567 0.165588 0.176669 0.156261 0.178340 0.169497 0.161224 0.102250 0.151660 0.109975 0.121778 0.106193 0.341292 0.129222 0.122987 0.161342 0.127384 0.137552 0.098829 0.250652 0.106878 0.110099 0.105631 0.105280 0.120393 0.070728 0.121017 0.107412 0.098368 0.107588 0.205452 0.137264 0.308640 0.262659 0.291080 0.309672 0.306662 0.298933 0.326993 0.238901 0.186672 0.177116 0.218629 0.222484 0.199585 0.132604 0.123743 0.140035 0.151751 0.094740 0.194711 0.160509 0.107419 0.177437 0.121890 0.157371 0.111900 0.098254 0.096793 0.125842 0.094364 0.102592 0.128496 0.121180 0.183486 0.165614 0.188581 0.186626 0.161704 0.178183 0.197591 0.114185 0.133942 0.089848 0.140792 0.102254 0.109750 0.121937 0.105892 0.137770 0.077004 0.101832 0.099511 0.163455 0.166414 0.229012 0.233740 0.217569 0.155214 0.197702 0.101929 0.112016 0.168834 0.121937 0.203763 0.220588 0.187861 0.161640 0.168827 0.124667 0.142609 0.157716 0.156473 0.102094 0.097133 0.110462 0.124336 0.195793 0.204831 
0.094019 0.093123 0.000000 0.084135 0.126914 0.112525 0.142281 0.122242 0.107742 0.122298 0.112568 0.127561 0.282311 0.152806 0.249684 0.298501 0.322072 0.344602 0.304071 0.313069 0.282145 0.283523 0.263872 0.279478 0.273138 0.288636 0.291849 0.253959 0.338681 0.311196 0.274879 0.337186 0.151031 0.141582 0.177669 0.140502 0.164572 0.176257 0.126017 0.126416 0.169806 0.195877 0.142531 0.280438 0.229027 0.245933 0.181108 0.291751 0.217365 0.306823 0.299758 0.287591 0.379759 0.343892 0.172427 0.295266 0.326000 0.213657 0.300214 0.191770 0.291679 0.116398 0.130206 0.099447 0.059641 0.286851 0.289212 0.285379 0.190203 0.229925 0.303560 0.193155 0.160987 0.153666 0.492992 0.171590 0.510054 0.239168 0.285558 0.257329 0.308828 0.216386 0.549763 0.651026 0.285141 0.367172 0.397070 0.174068 0.138262 0.149621 0.128900 0.169353 0.130536 0.158952 0.138233 0.163693 0.146445 0.147562 0.139630 0.141721 0.134935 0.134827 0.132668 0.143996 0.152654 0.119969 0.126045 0.171571 0.120851 0.093911 0.113918 0.145703 0.154132 0.122922 0.174457 0.197017 0.159199 0.168898 0.154986 0.182556 0.190230 0.169769 0.159718 0.193110 0.190031 0.150395 0.163515 0.169651 0.177947 0.177246 0.202227 0.183686 0.177827 0.177591 0.167445 0.183105 0.153650 0.166136 0.110197 0.141376 0.105764 0.121469 0.094780 0.354219 0.133824 0.132102 0.168971 0.120984 0.130198 0.098036 0.254956 0.113828 0.124739 0.108997 0.107512 0.122745 0.085723 0.123116 0.101609 0.085873 0.121739 0.180878 0.123597 0.275597 0.232759 0.262390 0.273492 0.275245 0.270195 0.294470 0.217355 0.173529 0.157121 0.206059 0.189783 0.179909 0.120390 0.146027 0.137169 0.158850 0.099271 0.187057 0.180268 0.129477 0.148791 0.151487 0.175441 0.110888 0.132518 0.099364 0.148828 0.142202 0.139743 0.148565 0.095887 0.158814 0.150119 0.163030 0.161033 0.143025 0.152591 0.183105 0.149442 0.146798 0.097607 0.144327 0.105869 0.099874 0.163411 0.087606 0.123965 0.101440 0.097559 0.106281 0.158289 0.169323 0.231701 0.257938 0.192145 0.137516 0.175538 0.093485 0.099185 0.151415 0.120201 0.195744 0.236895 0.190860 0.166078 0.165390 0.131441 0.145589 0.162810 0.153325 0.107157 0.115725 0.130439 0.117915 0.192737 0.210646 
0.135685 0.108442 0.084135 0.000000 0.139051 0.130079 0.153758 0.149327 0.131885 0.142827 0.154401 0.145318 0.283582 0.162858 0.251920 0.307700 0.331035 0.354211 0.312021 0.322299 0.289398 0.292439 0.271877 0.289364 0.276374 0.298350 0.299817 0.263403 0.348487 0.321677 0.284371 0.346952 0.163074 0.153837 0.190144 0.150678 0.180574 0.193601 0.150683 0.147699 0.198625 0.197919 0.176360 0.299561 0.235583 0.244232 0.193057 0.274425 0.231838 0.303868 0.298739 0.265394 0.381748 0.329153 0.180452 0.287721 0.295361 0.216490 0.272654 0.221034 0.315907 0.151577 0.156186 0.126044 0.093687 0.317576 0.307239 0.315601 0.221152 0.265062 0.307044 0.225235 0.201893 0.186643 0.466359 0.207110 0.529587 0.242649 0.309130 0.278715 0.311906 0.244220 0.527737 0.665829 0.318449 0.381681 0.409444 0.190738 0.148139 0.159471 0.142200 0.181706 0.148231 0.165028 0.147362 0.177212 0.156000 0.158454 0.151301 0.158032 0.149703 0.150478 0.151429 0.152567 0.163152 0.157828 0.165758 0.190341 0.151267 0.120655 0.142665 0.177624 0.172998 0.140334 0.187877 0.212919 0.177002 0.189540 0.174697 0.201675 0.209999 0.190396 0.179818 0.207736 0.207401 0.170249 0.181734 0.183942 0.193408 0.198762 0.217550 0.197721 0.190578 0.198536 0.189772 0.201147 0.180653 0.156874 0.124047 0.177078 0.125606 0.142270 0.120872 0.347179 0.153337 0.143747 0.175477 0.125774 0.150035 0.137323 0.272880 0.135905 0.145360 0.120805 0.130799 0.147340 0.105668 0.144006 0.114233 0.102662 0.144374 0.180937 0.158466 0.308360 0.257482 0.288806 0.306372 0.304000 0.301555 0.328204 0.245873 0.207080 0.192204 0.229891 0.224095 0.219687 0.150551 0.180806 0.141979 0.196439 0.122088 0.208442 0.208358 0.143974 0.200595 0.173005 0.206007 0.146404 0.144656 0.129327 0.158219 0.155640 0.148790 0.165456 0.137989 0.190050 0.187702 0.205281 0.198118 0.180670 0.190250 0.213321 0.156733 0.149844 0.112635 0.164402 0.131156 0.122797 0.178516 0.135682 0.165458 0.133129 0.122956 0.121038 0.180274 0.196424 0.239928 0.278402 0.231196 0.178977 0.217561 0.126015 0.123548 0.178433 0.132830 0.217081 0.244810 0.207739 0.178803 0.192985 0.146899 0.161873 0.185575 0.190497 0.134663 0.148335 0.140187 0.137513 0.207858 0.220429 
0.131697 0.116087 0.126914 0.139051 0.000000 0.079667 0.060022 0.105022 0.101431 0.127622 0.131922 0.128532 0.184721 0.158485 0.192515 0.290260 0.312573 0.337544 0.299408 0.307700 0.280612 0.270607 0.260705 0.238401 0.256520 0.284408 0.292802 0.253630 0.335356 0.309101 0.276926 0.334114 0.153053 0.138604 0.173104 0.139966 0.164276 0.171437 0.135839 0.125144 0.173479 0.109710 0.161111 0.247076 0.148569 0.148300 0.158686 0.331650 0.213504 0.407415 0.313711 0.358732 0.427487 0.373222 0.174257 0.321888 0.379700 0.181935 0.359877 0.181958 0.280748 0.117570 0.126454 0.113159 0.112889 0.302674 0.258773 0.325566 0.236285 0.267601 0.237024 0.231387 0.210085 0.188748 0.533435 0.106947 0.460153 0.221557 0.198512 0.299267 0.213040 0.163574 0.539950 0.591205 0.214401 0.283606 0.362045 0.133933 0.138397 0.131793 0.131573 0.171878 0.137205 0.157134 0.140123 0.153322 0.152633 0.153231 0.143066 0.146596 0.141903 0.140340 0.136956 0.144332 0.158471 0.160445 0.164036 0.120850 0.140679 0.117497 0.138044 0.164346 0.135903 0.112315 0.153614 0.178984 0.150119 0.158472 0.132436 0.173216 0.179626 0.164221 0.153311 0.178431 0.176505 0.142695 0.154029 0.159587 0.163451 0.165330 0.191753 0.169810 0.146755 0.170372 0.155317 0.168085 0.124261 0.210726 0.089365 0.161039 0.105052 0.120470 0.132893 0.326371 0.114119 0.093391 0.117060 0.092267 0.142344 0.122918 0.226163 0.103775 0.113020 0.081212 0.085716 0.101747 0.084233 0.093397 0.093343 0.097507 0.113231 0.202209 0.121808 0.311050 0.251548 0.283356 0.305739 0.298109 0.304228 0.334501 0.217996 0.184532 0.184429 0.182565 0.205182 0.236439 0.131164 0.191410 0.127404 0.173311 0.122544 0.226291 0.184485 0.121478 0.188486 0.172502 0.158056 0.136027 0.124231 0.119649 0.080148 0.155216 0.143754 0.140191 0.127950 0.162645 0.189551 0.195968 0.197241 0.159840 0.181945 0.176244 0.074363 0.065265 0.067532 0.090125 0.078569 0.066764 0.192668 0.130268 0.160442 0.156162 0.087192 0.074174 0.111793 0.135202 0.163520 0.217357 0.160534 0.106633 0.129070 0.114736 0.120914 0.124051 0.094316 0.135559 0.216812 0.121826 0.179802 0.182791 0.149965 0.149500 0.084071 0.121475 0.080917 0.110194 0.104074 0.112482 0.155504 0.133386 
0.141663 0.104107 0.112525 0.130079 0.079667 0.000000 0.116943 0.141898 0.122427 0.126550 0.107270 0.123323 0.216941 0.157575 0.237990 0.304953 0.328965 0.349700 0.314288 0.321463 0.286455 0.286725 0.272328 0.273875 0.274731 0.296410 0.294497 0.263090 0.343680 0.319156 0.285603 0.343585 0.168259 0.143427 0.187190 0.149375 0.180552 0.190680 0.151579 0.128112 0.136414 0.148633 0.153826 0.228652 0.191551 0.189007 0.133761 0.296329 0.176643 0.384103 0.296915 0.323311 0.384965 0.327061 0.184375 0.279974 0.333135 0.199268 0.321499 0.157885 0.256817 0.117476 0.115984 0.109710 0.095908 0.267790 0.237531 0.299364 0.204678 0.230672 0.252569 0.203932 0.194019 0.161396 0.489545 0.112931 0.455767 0.226211 0.221989 0.263701 0.264479 0.188778 0.532411 0.611066 0.224594 0.291508 0.359133 0.170556 0.143971 0.172421 0.134968 0.184894 0.151681 0.177995 0.131130 0.179506 0.164023 0.167555 0.151950 0.157277 0.153269 0.155787 0.155499 0.144228 0.170246 0.158321 0.156859 0.126457 0.138513 0.127890 0.137289 0.176352 0.158420 0.134809 0.164560 0.193620 0.161029 0.176156 0.158445 0.190205 0.199928 0.181405 0.162582 0.193623 0.189671 0.160937 0.156271 0.171781 0.173385 0.181940 0.208085 0.177632 0.172021 0.181167 0.169109 0.184366 0.137392 0.202284 0.106543 0.154618 0.128417 0.134179 0.120981 0.337751 0.147905 0.127125 0.155242 0.124064 0.129613 0.118780 0.233509 0.124414 0.123055 0.114856 0.092160 0.129993 0.070074 0.110388 0.116869 0.119449 0.108016 0.193498 0.139365 0.289544 0.228095 0.254744 0.281604 0.275040 0.279718 0.318056 0.195900 0.157554 0.166241 0.166699 0.181652 0.225757 0.129954 0.181107 0.126842 0.183800 0.129640 0.222272 0.190784 0.120648 0.186981 0.132922 0.151907 0.129853 0.097378 0.099589 0.115251 0.128978 0.145154 0.132990 0.116807 0.164009 0.169418 0.170207 0.183400 0.135858 0.165966 0.151172 0.113800 0.108521 0.098476 0.079832 0.088375 0.090244 0.181806 0.111037 0.127808 0.130265 0.077172 0.071820 0.117136 0.127253 0.183782 0.218652 0.156297 0.105173 0.137812 0.111266 0.094278 0.112481 0.122463 0.155341 0.204031 0.125764 0.168556 0.175384 0.139337 0.148885 0.113005 0.117241 0.110361 0.124118 0.117129 0.135472 0.195221 0.194332 
0.144145 0.121344 0.142281 0.153758 0.060022 0.116943 0.000000 0.083406 0.092215 0.123319 0.158138 0.115284 0.199393 0.148125 0.150234 0.268062 0.288666 0.315785 0.281367 0.301718 0.260499 0.251037 0.247806 0.200553 0.235044 0.270716 0.296616 0.262641 0.341355 0.317952 0.282791 0.340838 0.146328 0.144042 0.174473 0.144263 0.159321 0.161208 0.132179 0.125392 0.203256 0.147957 0.174582 0.275042 0.171349 0.163064 0.182862 0.347036 0.235480 0.411878 0.329794 0.376796 0.449637 0.399458 0.167923 0.333140 0.405078 0.187465 0.367601 0.210047 0.319157 0.138264 0.144244 0.106055 0.130138 0.329984 0.290205 0.347474 0.258047 0.292850 0.276393 0.257199 0.228745 0.214652 0.561276 0.108959 0.464237 0.228195 0.200333 0.328529 0.201576 0.169781 0.587940 0.592629 0.212547 0.284252 0.366593 0.099412 0.143957 0.091526 0.138826 0.167620 0.143264 0.133650 0.145867 0.123660 0.145360 0.155858 0.148765 0.149373 0.145890 0.146944 0.144616 0.146089 0.163811 0.156244 0.166921 0.161279 0.150716 0.097637 0.122892 0.143924 0.128109 0.091668 0.135249 0.180010 0.148774 0.158311 0.128397 0.169739 0.181811 0.157447 0.148059 0.177019 0.176301 0.140190 0.146747 0.162726 0.163572 0.162916 0.194087 0.173981 0.145525 0.175338 0.151418 0.169896 0.116740 0.210940 0.085050 0.178799 0.102939 0.126299 0.142548 0.330816 0.112012 0.080734 0.086052 0.084046 0.150292 0.132391 0.231618 0.106524 0.113611 0.078394 0.094172 0.090821 0.097421 0.094607 0.078945 0.102650 0.097664 0.221188 0.136144 0.329436 0.272820 0.307952 0.329718 0.313710 0.326023 0.354471 0.246622 0.215240 0.212186 0.223053 0.234910 0.242008 0.132564 0.188617 0.120998 0.162391 0.127133 0.227105 0.157013 0.136685 0.173195 0.194116 0.197471 0.150131 0.152972 0.140627 0.066248 0.169563 0.150376 0.169443 0.151240 0.154474 0.204885 0.215123 0.218869 0.177498 0.190643 0.197375 0.076825 0.095071 0.066469 0.123824 0.081392 0.079169 0.172643 0.150044 0.179927 0.162007 0.110366 0.097613 0.144642 0.155423 0.168278 0.238533 0.214317 0.160463 0.183739 0.111880 0.136680 0.135032 0.101114 0.133227 0.249338 0.155308 0.172056 0.205059 0.156477 0.155809 0.111695 0.162448 0.099588 0.127493 0.082304 0.102223 0.114453 0.112985 
0.145458 0.131273 0.122242 0.149327 0.105022 0.141898 0.083406 0.000000 0.042796 0.082921 0.157412 0.078718 0.256465 0.100426 0.185739 0.221138 0.238127 0.273974 0.229282 0.247948 0.212596 0.208734 0.192907 0.199371 0.193583 0.220045 0.247699 0.209044 0.291358 0.267143 0.222166 0.285636 0.077651 0.098621 0.125877 0.095854 0.092260 0.091686 0.059592 0.070057 0.187532 0.158452 0.141386 0.253985 0.168076 0.184806 0.154684 0.312267 0.205843 0.360146 0.292494 0.334203 0.419467 0.374684 0.104755 0.295925 0.374243 0.184090 0.329331 0.199117 0.303437 0.130746 0.132451 0.092688 0.116330 0.305720 0.272714 0.305963 0.217402 0.259854 0.274729 0.224365 0.194561 0.194689 0.579786 0.141552 0.498664 0.247676 0.229112 0.339999 0.213374 0.199697 0.622767 0.643941 0.239434 0.305523 0.387279 0.067596 0.113768 0.079981 0.112263 0.099792 0.100071 0.079914 0.109619 0.082370 0.075708 0.094081 0.089944 0.084335 0.084034 0.086355 0.086529 0.109311 0.108286 0.128435 0.135581 0.165588 0.119474 0.066575 0.093884 0.129362 0.073873 0.063738 0.080339 0.136879 0.090188 0.101875 0.071536 0.117280 0.125708 0.089912 0.094681 0.127443 0.120015 0.085709 0.091105 0.109045 0.111290 0.112146 0.139877 0.123575 0.095407 0.116858 0.101915 0.118808 0.100822 0.221096 0.052161 0.169246 0.069698 0.093392 0.122062 0.364779 0.092712 0.056301 0.078060 0.058428 0.147693 0.100170 0.262422 0.072278 0.094872 0.067748 0.094269 0.039164 0.098213 0.088735 0.058355 0.084691 0.088759 0.234850 0.159381 0.299201 0.240845 0.281176 0.296266 0.282532 0.288812 0.318790 0.241566 0.210437 0.201384 0.221319 0.220954 0.189379 0.130017 0.165821 0.113076 0.169471 0.120918 0.225666 0.147176 0.138253 0.135395 0.175569 0.201208 0.126704 0.162104 0.135989 0.098258 0.160127 0.145858 0.169848 0.135853 0.171228 0.182666 0.183329 0.187294 0.155843 0.167273 0.198103 0.136702 0.147281 0.098097 0.167014 0.093860 0.113226 0.157157 0.136124 0.162100 0.139686 0.130538 0.119751 0.145780 0.173271 0.183637 0.285949 0.238089 0.181534 0.203796 0.110911 0.126919 0.136236 0.109169 0.166226 0.249957 0.162231 0.134874 0.218582 0.128276 0.119560 0.160432 0.203017 0.133229 0.143703 0.060163 0.061711 0.091001 0.126389 
0.140626 0.115737 0.107742 0.131885 0.101431 0.122427 0.092215 0.042796 0.000000 0.071693 0.133371 0.078697 0.254602 0.094129 0.192767 0.225413 0.248269 0.276786 0.228738 0.245200 0.210934 0.214320 0.187233 0.212357 0.198184 0.215151 0.245027 0.210097 0.293325 0.269099 0.225050 0.290759 0.078584 0.080471 0.124536 0.084876 0.094710 0.099869 0.056596 0.066836 0.170947 0.160752 0.135231 0.250058 0.174454 0.191211 0.143551 0.300778 0.188497 0.350728 0.290833 0.323501 0.409689 0.362883 0.102134 0.287253 0.364279 0.187329 0.320852 0.200255 0.294201 0.127175 0.125475 0.103729 0.088357 0.300454 0.271062 0.300205 0.211558 0.250878 0.281502 0.216211 0.191967 0.184999 0.562854 0.144260 0.508182 0.255195 0.239106 0.322790 0.228162 0.202620 0.616012 0.655452 0.250937 0.323622 0.400204 0.090777 0.095907 0.090645 0.087410 0.100638 0.085052 0.086912 0.091211 0.091866 0.076380 0.088394 0.088333 0.084185 0.080197 0.083456 0.082821 0.088351 0.104955 0.120685 0.130781 0.167423 0.113762 0.064979 0.100235 0.133483 0.077768 0.057011 0.094928 0.137791 0.091132 0.105882 0.081033 0.117426 0.130855 0.096556 0.099966 0.123567 0.122181 0.086378 0.093334 0.111810 0.112751 0.114676 0.147356 0.125125 0.107187 0.118897 0.103502 0.120376 0.115366 0.217873 0.034213 0.161525 0.048635 0.068296 0.097677 0.378315 0.078846 0.061897 0.095441 0.057192 0.137547 0.086692 0.261048 0.060370 0.083984 0.059239 0.087843 0.049629 0.077694 0.071053 0.047843 0.067409 0.074930 0.233531 0.152357 0.296172 0.239234 0.276855 0.289003 0.283769 0.288275 0.317643 0.238439 0.193922 0.187488 0.213681 0.214353 0.181448 0.121481 0.157387 0.114073 0.174372 0.097666 0.213179 0.162423 0.134223 0.149008 0.166267 0.200336 0.123218 0.141830 0.118441 0.107954 0.151001 0.138209 0.158450 0.134847 0.174392 0.170753 0.172083 0.185618 0.150512 0.157960 0.196005 0.135921 0.145576 0.084647 0.157896 0.085413 0.104404 0.159849 0.128995 0.152099 0.127606 0.108742 0.111623 0.130736 0.157695 0.195758 0.277318 0.223479 0.167014 0.186738 0.100859 0.104132 0.126497 0.107486 0.173526 0.252196 0.163445 0.124873 0.205096 0.121269 0.107959 0.155857 0.192409 0.133613 0.143748 0.057721 0.039249 0.110848 0.134724 
0.148236 0.123420 0.122298 0.142827 0.127622 0.126550 0.123319 0.082921 0.071693 0.000000 0.146882 0.057931 0.280102 0.054092 0.230387 0.245037 0.262175 0.297684 0.245673 0.260035 0.221010 0.231702 0.204080 0.237410 0.215049 0.237592 0.242594 0.229933 0.308388 0.288218 0.226782 0.301953 0.086974 0.114402 0.145550 0.109534 0.093846 0.094220 0.087334 0.069226 0.174410 0.178169 0.117049 0.235800 0.171769 0.185488 0.132376 0.265775 0.157641 0.322191 0.261138 0.288334 0.366197 0.325467 0.083893 0.253284 0.327920 0.146091 0.284284 0.179820 0.266417 0.110306 0.094006 0.079714 0.117222 0.272849 0.233585 0.271718 0.179020 0.220174 0.252751 0.189471 0.174596 0.171064 0.564857 0.160075 0.488577 0.257196 0.242940 0.332327 0.209978 0.230433 0.626195 0.674497 0.247550 0.294756 0.387026 0.090440 0.127767 0.133423 0.115652 0.104496 0.130776 0.113002 0.115666 0.122744 0.094188 0.110187 0.101841 0.102603 0.114846 0.114052 0.115531 0.114065 0.121850 0.102940 0.110265 0.163735 0.092020 0.085781 0.091832 0.120603 0.063960 0.093399 0.084239 0.120572 0.074154 0.081173 0.058487 0.096270 0.114251 0.077118 0.074708 0.095425 0.097449 0.067321 0.066125 0.097784 0.093957 0.103136 0.127262 0.106813 0.086216 0.105923 0.077375 0.099621 0.111422 0.234358 0.075908 0.183178 0.109168 0.120726 0.109275 0.383640 0.140652 0.094614 0.108523 0.096550 0.163792 0.108128 0.287277 0.112822 0.120309 0.104421 0.107210 0.077201 0.087943 0.108418 0.093484 0.109402 0.098944 0.247046 0.164981 0.263508 0.213893 0.248552 0.254399 0.252942 0.248691 0.289275 0.231715 0.195579 0.202664 0.215140 0.211248 0.142724 0.131596 0.141806 0.105799 0.186425 0.118018 0.222882 0.117422 0.134923 0.125224 0.161544 0.184473 0.119948 0.145852 0.119023 0.118578 0.144449 0.134042 0.151051 0.141230 0.185326 0.156264 0.152432 0.157820 0.131440 0.162261 0.172052 0.145315 0.154410 0.114803 0.167103 0.106280 0.130663 0.149019 0.122998 0.123432 0.108155 0.132979 0.133580 0.125649 0.170721 0.203718 0.292544 0.236431 0.178009 0.205686 0.118037 0.117990 0.139404 0.109983 0.198284 0.256262 0.175222 0.076765 0.215540 0.077817 0.075071 0.174549 0.210304 0.158113 0.163101 0.083478 0.087894 0.117842 0.160530 
0.081913 0.121028 0.112568 0.154401 0.131922 0.107270 0.158138 0.157412 0.133371 0.146882 0.000000 0.151479 0.272532 0.173663 0.262656 0.319241 0.342781 0.364167 0.325247 0.336701 0.301184 0.304465 0.284292 0.299188 0.292205 0.310033 0.306382 0.273903 0.357589 0.329916 0.294776 0.355483 0.180503 0.159536 0.201520 0.162773 0.187945 0.199354 0.160231 0.147383 0.143348 0.210771 0.108897 0.268014 0.242224 0.248720 0.160968 0.267362 0.211804 0.331975 0.291799 0.298535 0.351031 0.345237 0.197921 0.302840 0.314682 0.246737 0.315621 0.191730 0.277716 0.122899 0.140064 0.153571 0.115685 0.221181 0.279912 0.222549 0.144595 0.199941 0.322253 0.144885 0.133061 0.120158 0.440190 0.139941 0.430331 0.181830 0.269915 0.203682 0.316797 0.168725 0.500101 0.570497 0.237055 0.358677 0.329277 0.187432 0.158240 0.188748 0.151851 0.196718 0.162248 0.190339 0.155890 0.190787 0.178703 0.178848 0.164402 0.168208 0.163837 0.166788 0.164907 0.159391 0.183439 0.133000 0.120463 0.183003 0.159555 0.141672 0.149058 0.179499 0.172672 0.150728 0.186311 0.203191 0.175512 0.183183 0.173166 0.198368 0.207394 0.191216 0.177488 0.205264 0.197421 0.172004 0.176849 0.182664 0.186042 0.192413 0.215889 0.194099 0.191076 0.194162 0.177902 0.192440 0.162006 0.186677 0.133040 0.153207 0.136144 0.149876 0.149955 0.346240 0.168920 0.149131 0.184333 0.149986 0.157825 0.125780 0.234773 0.143019 0.141513 0.140679 0.122404 0.151799 0.108395 0.148788 0.138288 0.137543 0.135149 0.202202 0.165068 0.241809 0.217560 0.259445 0.238330 0.254870 0.222787 0.248384 0.201445 0.152192 0.123067 0.205300 0.167089 0.200243 0.088310 0.140065 0.148272 0.103612 0.152306 0.244837 0.196638 0.120713 0.159472 0.129963 0.141638 0.114644 0.132003 0.104366 0.169202 0.138693 0.153876 0.153385 0.092868 0.130247 0.095788 0.118147 0.102499 0.138160 0.119291 0.152765 0.174300 0.166211 0.136249 0.123329 0.128252 0.125100 0.179071 0.062822 0.075920 0.114288 0.120113 0.130308 0.172493 0.142378 0.246861 0.202698 0.150475 0.123204 0.133660 0.124411 0.127822 0.157716 0.161613 0.204533 0.184631 0.187817 0.192191 0.099593 0.168134 0.166308 0.170257 0.123663 0.120972 0.090867 0.148725 0.148804 0.211692 0.231605 
0.153316 0.125253 0.127561 0.145318 0.128532 0.123323 0.115284 0.078718 0.078697 0.057931 0.151479 0.000000 0.282663 0.075313 0.223162 0.234242 0.247240 0.282204 0.238662 0.264828 0.213444 0.215403 0.202614 0.217929 0.205468 0.232261 0.238057 0.230134 0.307190 0.287020 0.231878 0.299861 0.099154 0.115500 0.150102 0.113240 0.115800 0.112258 0.104915 0.091602 0.160812 0.175822 0.137567 0.242382 0.178600 0.178115 0.142213 0.275629 0.167558 0.328127 0.269876 0.299336 0.374149 0.342067 0.096058 0.259377 0.338982 0.156956 0.279970 0.192492 0.276510 0.117873 0.115147 0.079093 0.110427 0.271641 0.251074 0.284807 0.194919 0.231334 0.269743 0.194703 0.175610 0.166465 0.573401 0.160882 0.486593 0.251834 0.233984 0.342082 0.215267 0.202341 0.636207 0.663714 0.240090 0.297104 0.370779 0.092457 0.121393 0.130596 0.115693 0.119308 0.126400 0.104344 0.104238 0.115198 0.098443 0.118765 0.107106 0.102648 0.110321 0.113830 0.114197 0.105144 0.116196 0.118672 0.134565 0.160014 0.120356 0.080366 0.098654 0.121343 0.080775 0.088319 0.076679 0.144547 0.093152 0.119872 0.085046 0.126272 0.139066 0.104876 0.096972 0.118020 0.131420 0.093133 0.100762 0.114673 0.114743 0.123353 0.157283 0.118423 0.102143 0.127247 0.110681 0.126191 0.117277 0.224395 0.077738 0.177336 0.120511 0.134683 0.126941 0.364399 0.144190 0.082560 0.104738 0.091855 0.151323 0.109045 0.282581 0.125580 0.127527 0.110149 0.114150 0.075191 0.091519 0.121271 0.094997 0.120768 0.103951 0.250795 0.171993 0.287753 0.240942 0.271720 0.281973 0.284203 0.275919 0.314701 0.245201 0.210457 0.208729 0.235943 0.230620 0.163266 0.137686 0.150147 0.104617 0.179020 0.132828 0.221853 0.117786 0.151331 0.117877 0.173629 0.203404 0.128925 0.147134 0.126387 0.130791 0.155905 0.141438 0.161257 0.135085 0.178859 0.183869 0.182699 0.188235 0.163474 0.185082 0.193470 0.140445 0.165366 0.120360 0.177752 0.117044 0.136240 0.116823 0.130472 0.123584 0.110070 0.144931 0.149330 0.158919 0.179465 0.193184 0.289102 0.250816 0.193435 0.218546 0.119497 0.135106 0.145128 0.119050 0.188025 0.253761 0.175681 0.086776 0.221311 0.077369 0.089842 0.185990 0.217096 0.161418 0.161512 0.082186 0.099494 0.122928 0.149300 
0.278054 0.287665 0.282311 0.283582 0.184721 0.216941 0.199393 0.256465 0.254602 0.280102 0.272532 0.282663 0.000000 0.289031 0.179450 0.391338 0.401011 0.433132 0.397570 0.425167 0.377975 0.374075 0.367060 0.297652 0.367311 0.392753 0.400088 0.367619 0.442691 0.419536 0.388136 0.438202 0.294419 0.285492 0.317649 0.287583 0.305217 0.312105 0.286941 0.282637 0.277692 0.206624 0.277098 0.330817 0.232749 0.170431 0.255669 0.418138 0.301572 0.509919 0.400604 0.449546 0.517068 0.450891 0.307718 0.399696 0.463496 0.275823 0.444815 0.265341 0.370723 0.259788 0.268206 0.273465 0.273531 0.391869 0.328174 0.421556 0.341513 0.356900 0.271725 0.328114 0.337903 0.299543 0.609625 0.188214 0.397495 0.301442 0.170795 0.384725 0.240584 0.228282 0.578628 0.454397 0.185752 0.193721 0.374282 0.253625 0.281068 0.230480 0.274821 0.302820 0.287175 0.278298 0.286105 0.256472 0.288645 0.297243 0.287760 0.287974 0.288052 0.287937 0.289382 0.286782 0.299036 0.299805 0.296830 0.220210 0.284096 0.254285 0.278095 0.290811 0.301480 0.263690 0.304886 0.342414 0.311529 0.323442 0.299773 0.333294 0.341454 0.321755 0.313191 0.334481 0.339814 0.304491 0.315544 0.319065 0.326444 0.333684 0.346756 0.328637 0.297189 0.332449 0.319384 0.332832 0.221589 0.294931 0.243983 0.278323 0.260396 0.276984 0.276530 0.327711 0.274166 0.244030 0.233492 0.234835 0.270117 0.272933 0.257136 0.264510 0.280098 0.229181 0.221881 0.259914 0.248538 0.228736 0.234957 0.254645 0.264366 0.294561 0.262686 0.398792 0.337603 0.369922 0.397494 0.380412 0.395633 0.423041 0.307326 0.285420 0.299608 0.251626 0.295176 0.354323 0.265298 0.339636 0.255515 0.301071 0.289227 0.388887 0.278792 0.259118 0.301022 0.282561 0.281528 0.279186 0.267234 0.266504 0.197242 0.292338 0.285572 0.261232 0.257402 0.267241 0.306306 0.309971 0.316020 0.276919 0.297182 0.278237 0.207384 0.160554 0.227033 0.209866 0.227841 0.194861 0.313522 0.282680 0.305271 0.306485 0.231211 0.214945 0.225684 0.218410 0.179433 0.204588 0.224102 0.207497 0.217364 0.258015 0.248842 0.236367 0.230482 0.169837 0.257829 0.180899 0.327791 0.304886 0.320464 0.309540 0.169093 0.225794 0.218549 0.245047 0.255095 0.258268 0.243124 0.174898 
0.169571 0.163347 0.152806 0.162858 0.158485 0.157575 0.148125 0.100426 0.094129 0.054092 0.173663 0.075313 0.289031 0.000000 0.227740 0.219297 0.237124 0.275615 0.220565 0.231099 0.193859 0.210064 0.183597 0.227916 0.187002 0.211628 0.245217 0.239532 0.309013 0.289593 0.225009 0.296902 0.071197 0.140469 0.155847 0.130763 0.079140 0.072319 0.112966 0.092275 0.178786 0.181279 0.124803 0.235140 0.167252 0.186880 0.142520 0.259773 0.155247 0.284965 0.248432 0.284958 0.351974 0.321210 0.079871 0.231494 0.327061 0.143547 0.258803 0.180404 0.271734 0.125816 0.104515 0.110314 0.144878 0.281339 0.240431 0.280488 0.181018 0.235004 0.257421 0.193148 0.184637 0.173880 0.579985 0.176953 0.470115 0.272652 0.232725 0.351764 0.192021 0.230938 0.642153 0.676955 0.256779 0.277142 0.395092 0.080069 0.140329 0.140076 0.133899 0.082998 0.143700 0.106743 0.137265 0.123622 0.076074 0.126658 0.121125 0.115644 0.127468 0.129196 0.131320 0.132520 0.128178 0.114604 0.107132 0.179933 0.099525 0.101453 0.095614 0.104959 0.072569 0.115691 0.076610 0.138685 0.087808 0.099646 0.069138 0.106943 0.124379 0.075792 0.097296 0.101620 0.107415 0.072076 0.094352 0.113423 0.112387 0.115776 0.138201 0.123710 0.093669 0.122663 0.086673 0.109423 0.117029 0.247752 0.103534 0.192171 0.134731 0.155110 0.145628 0.393069 0.159691 0.112101 0.108483 0.110740 0.177224 0.134418 0.300645 0.144828 0.154134 0.136982 0.134514 0.104712 0.123155 0.139644 0.116000 0.138545 0.134049 0.269841 0.189083 0.262311 0.219098 0.251000 0.257729 0.246536 0.254002 0.292510 0.245283 0.213516 0.218121 0.235695 0.225671 0.129722 0.153024 0.162285 0.102973 0.202864 0.159653 0.256256 0.120775 0.153659 0.116878 0.178227 0.208556 0.134295 0.162909 0.142783 0.153375 0.160789 0.154847 0.166263 0.154774 0.203257 0.178230 0.169344 0.175469 0.150526 0.164142 0.191149 0.183156 0.188461 0.145815 0.192024 0.136501 0.158290 0.163961 0.154986 0.152568 0.132104 0.169655 0.162603 0.156156 0.187733 0.211537 0.306157 0.259291 0.204554 0.227356 0.147627 0.154566 0.150911 0.120741 0.203979 0.267698 0.189351 0.052375 0.233235 0.101284 0.093150 0.201550 0.232817 0.178278 0.186211 0.111653 0.117666 0.101372 0.163495 
0.253732 0.247079 0.249684 0.251920 0.192515 0.237990 0.150234 0.185739 0.192767 0.230387 0.262656 0.223162 0.179450 0.227740 0.000000 0.293673 0.293503 0.331086 0.300078 0.363234 0.306625 0.284950 0.285466 0.169764 0.270375 0.317786 0.367009 0.331777 0.409656 0.384390 0.346445 0.407006 0.222933 0.239660 0.271382 0.233073 0.237726 0.238106 0.225644 0.229278 0.288472 0.232313 0.265941 0.361356 0.246614 0.216395 0.265267 0.418465 0.307749 0.468118 0.401033 0.448917 0.529817 0.474962 0.250523 0.397400 0.480418 0.257264 0.429309 0.297998 0.397880 0.241649 0.252494 0.228335 0.244347 0.409900 0.376382 0.422786 0.335342 0.367699 0.364700 0.338705 0.320402 0.303071 0.642045 0.197800 0.470082 0.316897 0.226424 0.407149 0.175711 0.232834 0.666260 0.590617 0.226838 0.270066 0.420136 0.186526 0.237591 0.163966 0.229230 0.235171 0.233050 0.174261 0.243926 0.157446 0.217861 0.249771 0.242198 0.239270 0.235416 0.240076 0.238043 0.243014 0.256348 0.256327 0.255411 0.258565 0.254507 0.197493 0.218028 0.197989 0.236631 0.181972 0.229454 0.299656 0.265611 0.270900 0.238813 0.280590 0.290956 0.253072 0.260478 0.281360 0.283422 0.246205 0.263666 0.274081 0.279945 0.285828 0.302655 0.284332 0.244788 0.284164 0.262115 0.283396 0.184767 0.278326 0.192601 0.255729 0.209163 0.222010 0.231232 0.357008 0.222766 0.175713 0.164862 0.178582 0.240536 0.229907 0.289454 0.211067 0.235444 0.179703 0.199059 0.205640 0.213580 0.187530 0.175301 0.207950 0.213785 0.296914 0.238321 0.409095 0.349545 0.386225 0.408274 0.392839 0.402706 0.432770 0.333374 0.291674 0.298176 0.308709 0.316799 0.311001 0.241597 0.300578 0.203327 0.269237 0.247991 0.351284 0.232718 0.241097 0.243859 0.279721 0.287404 0.249618 0.262233 0.245028 0.167114 0.267287 0.251608 0.267235 0.241313 0.250185 0.291032 0.301725 0.306543 0.271349 0.276565 0.303912 0.194998 0.191387 0.191270 0.242866 0.195224 0.180004 0.254753 0.272011 0.298829 0.270042 0.242123 0.228361 0.235389 0.242957 0.170592 0.296953 0.290490 0.241691 0.272777 0.236139 0.234174 0.233962 0.200528 0.142206 0.320943 0.239494 0.266622 0.305613 0.284583 0.265813 0.222513 0.258246 0.211294 0.235121 0.199032 0.201597 0.154227 0.144291 
0.311925 0.300010 0.298501 0.307700 0.290260 0.304953 0.268062 0.221138 0.225413 0.245037 0.319241 0.234242 0.391338 0.219297 0.293673 0.000000 0.086454 0.078300 0.082846 0.179577 0.108361 0.066876 0.092226 0.144457 0.094049 0.082509 0.215437 0.173479 0.254932 0.225796 0.217084 0.245978 0.214505 0.188519 0.165503 0.199259 0.210445 0.216466 0.237535 0.247947 0.275269 0.232233 0.287673 0.278660 0.267041 0.274234 0.269771 0.392519 0.269246 0.410425 0.336766 0.367172 0.459543 0.429206 0.209967 0.332934 0.414036 0.268804 0.374923 0.291476 0.335012 0.300529 0.300702 0.279849 0.283000 0.366154 0.321925 0.364872 0.318585 0.303744 0.335705 0.328947 0.307439 0.295433 0.690611 0.301219 0.567191 0.396192 0.324655 0.472682 0.265553 0.315660 0.744343 0.755464 0.354555 0.375023 0.485198 0.224766 0.199308 0.226648 0.195007 0.189610 0.194096 0.180142 0.214129 0.205168 0.192221 0.209788 0.187820 0.201134 0.203609 0.221120 0.221912 0.190294 0.218895 0.273495 0.280944 0.273161 0.281045 0.232648 0.236280 0.222516 0.222720 0.218172 0.213469 0.286449 0.238971 0.270205 0.234799 0.268650 0.260129 0.219939 0.274505 0.245639 0.272615 0.242687 0.259206 0.233380 0.248505 0.250659 0.293773 0.251381 0.245088 0.247307 0.271168 0.268269 0.254420 0.339057 0.229634 0.302067 0.242843 0.259914 0.285287 0.467266 0.244118 0.219889 0.222160 0.224909 0.305306 0.268972 0.379259 0.248028 0.258854 0.255994 0.272514 0.218277 0.278876 0.281711 0.230841 0.268973 0.268485 0.364040 0.336581 0.408189 0.346190 0.371263 0.393416 0.386608 0.384493 0.424606 0.351213 0.307151 0.310013 0.339966 0.330758 0.271539 0.290917 0.310788 0.235648 0.316525 0.297650 0.396834 0.273088 0.310141 0.254996 0.321486 0.348493 0.288609 0.288062 0.287690 0.287037 0.313591 0.297814 0.318373 0.296684 0.327768 0.338408 0.346040 0.349056 0.322098 0.313845 0.366505 0.317758 0.326780 0.291275 0.339928 0.273487 0.298405 0.266367 0.318802 0.324614 0.311106 0.309465 0.303896 0.325096 0.331014 0.310015 0.413264 0.391526 0.347731 0.362210 0.292243 0.304318 0.272629 0.276341 0.294955 0.388963 0.313272 0.221407 0.359689 0.242486 0.230291 0.343614 0.377542 0.314204 0.319044 0.252854 0.245013 0.222484 0.264544 
0.334504 0.324497 0.322072 0.331035 0.312573 0.328965 0.288666 0.238127 0.248269 0.262175 0.342781 0.247240 0.401011 0.237124 0.293503 0.086454 0.000000 0.088556 0.116319 0.228295 0.154885 0.106051 0.143967 0.139970 0.156255 0.138597 0.204032 0.187868 0.252750 0.227788 0.213463 0.248611 0.230371 0.206644 0.175540 0.211507 0.252654 0.249331 0.248829 0.263114 0.305142 0.249549 0.304820 0.266513 0.281444 0.284547 0.283037 0.382510 0.270718 0.413475 0.334154 0.364969 0.447615 0.421405 0.212864 0.338399 0.412363 0.277278 0.374608 0.294843 0.329210 0.320428 0.319956 0.299324 0.309605 0.370162 0.329331 0.375776 0.334958 0.316514 0.352586 0.340840 0.322310 0.309744 0.706800 0.319291 0.572633 0.409870 0.333999 0.493486 0.251958 0.330987 0.758195 0.760316 0.362599 0.373182 0.487869 0.237832 0.226706 0.272644 0.237135 0.204816 0.223514 0.195710 0.236460 0.214055 0.213610 0.228309 0.207523 0.220888 0.224030 0.237900 0.241135 0.206560 0.236075 0.293223 0.301435 0.287788 0.298749 0.251306 0.259010 0.233652 0.232807 0.241522 0.227645 0.287324 0.246180 0.279998 0.249818 0.273373 0.263596 0.227613 0.284502 0.257435 0.278212 0.256120 0.272499 0.236178 0.250974 0.264208 0.298082 0.253173 0.251053 0.252400 0.283326 0.282400 0.268417 0.361264 0.249057 0.324786 0.266956 0.283086 0.309494 0.465532 0.294123 0.238782 0.239119 0.249867 0.329705 0.293938 0.396858 0.271569 0.292659 0.275558 0.297046 0.235935 0.300130 0.304664 0.255867 0.292622 0.289816 0.382572 0.359159 0.407091 0.347776 0.371179 0.387432 0.398943 0.378281 0.421254 0.355293 0.327319 0.334352 0.354064 0.341278 0.289016 0.315074 0.347233 0.258158 0.348204 0.320281 0.419628 0.294439 0.335056 0.273282 0.340019 0.364094 0.311765 0.312704 0.310647 0.303300 0.337111 0.322082 0.342093 0.313271 0.345327 0.361918 0.369852 0.368922 0.344700 0.339373 0.383656 0.336636 0.349783 0.316324 0.365544 0.297642 0.318762 0.274317 0.338016 0.337860 0.329685 0.333086 0.329045 0.349550 0.352567 0.317218 0.427649 0.416923 0.373786 0.387348 0.316914 0.327595 0.304881 0.299003 0.300776 0.404563 0.333153 0.239077 0.381937 0.256431 0.240768 0.367608 0.400900 0.339437 0.341795 0.275797 0.271165 0.237753 0.278377 
0.358691 0.343733 0.344602 0.354211 0.337544 0.349700 0.315785 0.273974 0.276786 0.297684 0.364167 0.282204 0.433132 0.275615 0.331086 0.078300 0.088556 0.000000 0.097563 0.185845 0.131089 0.086073 0.129257 0.178278 0.131793 0.094623 0.243645 0.191984 0.266768 0.233006 0.262607 0.266223 0.266146 0.237475 0.223672 0.251266 0.273901 0.276080 0.294673 0.303387 0.322258 0.284665 0.340341 0.318569 0.319798 0.319872 0.320502 0.428199 0.317353 0.452146 0.380050 0.407163 0.498727 0.469647 0.264678 0.378602 0.450701 0.321161 0.414517 0.341392 0.376568 0.353059 0.353786 0.329345 0.326695 0.402261 0.360913 0.405771 0.369345 0.347311 0.376180 0.376014 0.354637 0.340927 0.719573 0.349721 0.606687 0.440546 0.370647 0.511961 0.303629 0.359180 0.773364 0.785892 0.397992 0.416984 0.519871 0.280897 0.226270 0.286139 0.237650 0.250740 0.244531 0.230268 0.256470 0.253345 0.252959 0.262029 0.239449 0.255144 0.255691 0.275095 0.274791 0.232161 0.269350 0.325761 0.333670 0.327428 0.336456 0.281701 0.288707 0.271186 0.281215 0.268285 0.267223 0.343853 0.292394 0.327746 0.293243 0.326881 0.317893 0.278812 0.327654 0.306627 0.332078 0.299180 0.315140 0.289875 0.306112 0.306983 0.350098 0.307778 0.299616 0.303200 0.328423 0.325942 0.306222 0.385979 0.279619 0.348841 0.293518 0.311135 0.333363 0.497081 0.302183 0.268165 0.273706 0.280938 0.350628 0.318418 0.421283 0.297663 0.306386 0.302945 0.319890 0.272320 0.326019 0.332813 0.281865 0.319149 0.314330 0.411621 0.381991 0.445423 0.394467 0.416185 0.431981 0.431258 0.423331 0.466596 0.395623 0.356982 0.356005 0.388998 0.381303 0.326724 0.336745 0.361614 0.288972 0.363234 0.342416 0.438327 0.322864 0.359733 0.304917 0.370740 0.396005 0.342749 0.335333 0.336067 0.335237 0.364765 0.347298 0.368734 0.344479 0.371598 0.388421 0.403265 0.398507 0.372974 0.366060 0.416213 0.359883 0.373015 0.338398 0.386644 0.319184 0.345609 0.306611 0.368203 0.371654 0.361553 0.355156 0.350505 0.377726 0.382710 0.351998 0.453796 0.438740 0.396374 0.411938 0.339599 0.350115 0.324396 0.329526 0.340076 0.432596 0.364377 0.276389 0.403950 0.290933 0.283166 0.390856 0.423342 0.360870 0.365473 0.304734 0.300979 0.280418 0.315602 
