240 240
0.000000 0.967409 0.779309 0.584202 1.532937 1.276041 1.632048 2.116943 2.117584 0.905039 1.360672 1.321129 2.150505 0.868020 1.913766 3.147679 3.228107 3.419993 3.094473 3.000367 2.662668 2.554861 2.607168 2.656411 2.773522 2.987034 2.828816 2.714200 3.352318 3.071015 2.734227 3.430952 1.723958 1.946509 1.910126 2.034184 2.174507 2.076989 2.380440 1.992326 2.073858 1.786114 1.349032 2.469954 1.938377 2.255204 1.622720 2.739506 2.008213 3.255539 2.992337 2.476433 3.215902 2.890444 1.807030 2.575409 2.575277 1.754210 3.020998 1.849455 2.677512 0.669090 0.764504 1.363949 1.889635 2.165230 2.272558 2.276768 1.281402 1.805704 2.238264 1.569693 1.342496 1.233977 3.319958 1.625762 3.671165 2.110579 2.316272 1.908542 2.444977 2.132844 3.821876 4.711026 2.103922 2.558037 2.950604 1.638702 1.633233 2.062210 1.951427 1.929339 1.983542 1.849422 2.089452 1.929366 1.811830 1.932261 1.784530 2.204425 2.338138 2.579012 2.238149 2.051607 2.460912 0.855244 0.832844 1.656990 0.795673 0.934155 0.834120 0.946547 1.878681 1.743998 1.737714 2.106909 1.945196 2.146820 1.754949 1.635753 2.033593 1.886290 2.173583 1.583085 2.010672 1.501810 2.016026 1.658420 1.908680 2.155171 1.897361 1.815437 1.618842 2.085958 1.980883 1.978249 1.579024 1.636264 1.887519 1.655990 3.023748 3.102842 1.476265 2.658240 3.249979 1.782719 1.653903 1.600756 1.674864 1.592154 2.487148 3.058781 2.875720 2.079446 1.315097 1.862041 1.130076 2.247170 1.902150 2.105011 2.210964 1.860947 1.268005 2.121166 1.714223 2.161804 1.973217 2.118490 2.145887 2.132469 1.459412 1.257754 1.196184 1.427018 1.359213 1.185011 0.843374 0.938411 0.998765 1.228413 2.136042 4.493506 1.189876 1.078699 1.440393 0.970545 1.109128 0.879216 1.518161 0.669460 1.394257 1.122024 0.996204 0.667012 0.771261 1.019635 0.930591 1.063295 0.889680 0.892737 0.932152 1.015744 1.877069 1.264428 1.317597 1.386183 1.438315 1.391674 1.396891 0.798488 1.113239 0.881338 1.240895 1.174012 1.432549 1.000919 1.856999 2.156121 1.129226 0.879414 1.145219 1.489761 1.710848 1.503050 0.756812 1.799119 1.922328 1.633554 0.900005 1.360934 0.915759 1.366344 1.596078 1.057741 1.220879 0.939260 2.126461 2.335231 1.729149 1.728855 
0.967409 0.000000 0.764370 1.057728 1.316526 0.919669 1.333992 1.931626 1.904691 0.823174 1.107575 1.257477 2.646500 1.410310 2.322343 3.626674 3.709778 3.877808 3.669413 3.435424 3.124467 2.917349 3.171702 3.150953 3.047675 3.511552 3.247624 3.189174 3.734401 3.515728 3.277782 3.886906 2.279054 2.096420 2.351477 2.396235 2.435433 2.224308 2.274044 1.455795 2.383703 2.316917 2.069004 3.067461 2.424146 2.746956 2.123334 3.166272 2.415601 3.650662 3.411723 3.072629 3.767590 3.193848 2.399028 3.072845 3.012132 2.240757 3.322391 2.473681 2.668215 1.156628 0.846379 0.850304 1.577767 2.703762 2.857915 2.591044 1.645907 2.049004 2.755733 2.115627 1.594883 1.921528 3.473421 1.476937 3.982176 2.060408 2.479822 1.957239 2.672079 2.399368 4.082952 4.933703 2.007667 2.674943 3.403452 1.713235 2.035442 2.388093 1.979689 2.481396 2.280492 2.390455 2.085497 2.164049 2.357979 2.557574 2.229216 2.515411 2.680179 2.874789 2.586242 2.208208 3.092105 1.349852 0.932647 1.986736 1.111935 0.721112 0.712961 0.963265 1.607962 1.395765 1.638219 2.008425 1.742172 1.701936 1.455736 1.867819 2.006087 1.690634 1.661617 1.671872 1.571898 1.442768 1.434582 1.757569 1.640980 1.753004 2.011241 1.802243 1.533680 1.859800 1.352131 1.779436 1.808588 1.902103 1.804350 2.103064 2.699428 2.677856 1.262438 3.030067 2.976511 1.520357 1.871532 2.018687 1.457921 1.373875 2.696614 2.488095 2.024204 1.770618 0.971488 1.379526 0.777351 1.888394 1.856255 2.048160 1.437309 2.007983 1.166248 2.660505 2.169932 2.542571 2.573560 2.619479 2.556142 2.719757 2.038253 1.367914 1.474744 1.602589 1.930733 1.836883 0.613024 0.977499 1.236247 1.163861 1.549587 4.488666 1.589633 1.213711 1.860054 1.074721 1.453943 1.129460 1.441609 0.913368 1.089655 1.061996 1.455129 1.276325 1.055884 1.243901 1.030775 0.941528 1.138436 1.054997 1.132731 1.108224 1.326541 1.071147 0.922907 1.036639 0.985239 1.240431 1.544472 0.483583 1.068176 0.703220 0.886669 0.924176 1.207516 1.262036 2.026625 2.168501 1.410612 0.996659 1.266850 1.140915 1.401599 1.923742 0.935852 1.977519 1.992474 1.750532 1.012777 1.791169 0.871017 1.348913 1.326329 0.917411 1.364734 0.852827 1.597413 2.076586 1.912549 2.003167 
0.779309 0.764370 0.000000 0.694154 1.585891 1.199188 1.719430 1.804322 1.771704 1.055482 1.524915 1.493480 2.602272 1.383232 2.160186 3.584152 3.664580 3.856466 3.530946 3.436840 3.114436 2.991333 3.050914 3.092884 3.225289 3.423506 3.357507 3.150673 3.788791 3.507488 3.170700 3.867425 2.043881 2.208772 2.352404 2.270546 2.328868 2.270611 2.058089 1.861438 2.546850 2.223727 1.935090 2.950741 2.384409 2.783895 2.059193 3.111810 2.436451 3.159490 3.246992 2.597110 3.537990 2.958221 2.235269 2.697981 2.809287 2.205978 3.100068 2.356961 2.755940 1.021922 1.004490 1.155253 1.125620 2.693921 2.794589 2.531422 1.603430 1.922386 2.709602 2.022601 1.619340 1.710691 3.779684 1.905968 4.130890 2.457452 2.517256 2.073596 2.896745 2.162352 4.189440 4.980975 2.450794 2.802539 3.479295 1.872288 2.061631 2.132764 2.121083 2.301784 2.025162 2.165708 2.395463 2.096127 2.124481 2.268638 2.127982 2.358786 2.466557 2.610988 2.320835 2.456475 2.817714 1.085993 0.920975 1.895224 0.912315 0.680187 1.013403 1.224454 2.010417 1.538137 2.091355 2.507240 2.130916 2.206216 1.817458 1.947678 2.194407 1.830909 2.242156 1.983417 2.200212 1.604196 2.182456 2.028903 2.197678 2.277409 2.290419 2.208496 1.972988 2.045730 1.996844 2.152386 1.604125 1.706075 1.982199 1.743075 2.701398 2.764235 1.087824 3.176989 2.929278 1.813413 2.023710 1.744296 1.576012 1.310946 2.530835 2.736431 2.743145 1.740839 1.185065 1.558980 0.881314 1.908563 1.738089 1.766404 2.078390 1.889685 1.299208 2.581101 2.161218 2.331695 2.445329 2.554963 2.589633 2.588492 2.042441 1.568618 1.452142 1.812119 1.822998 1.626046 1.092235 1.329057 1.534729 1.641999 1.769266 4.497869 1.649601 1.281982 1.467398 1.184932 1.571152 0.988023 1.515864 0.755885 1.657173 1.224980 1.244291 1.096865 0.729829 1.160584 0.962718 1.124583 1.166903 1.038642 0.975369 1.473097 2.084556 1.345739 0.979674 1.622520 1.148539 1.103940 1.606550 0.782565 1.393985 0.948547 0.916530 1.214834 1.246698 1.111099 1.945131 2.070202 1.316461 0.939703 1.218231 1.112347 1.253260 1.639680 0.707286 1.863721 2.102163 1.721686 1.241344 1.820660 1.229196 1.567328 1.620928 0.968099 1.207905 0.948668 2.244670 2.016175 1.817280 1.849897 
0.584202 1.057728 0.694154 0.000000 1.674297 1.067190 1.831681 2.123388 2.067317 1.005285 1.464619 1.261996 2.002236 0.793459 1.763954 3.027706 3.108134 3.300020 2.986556 2.924545 2.519753 2.434887 2.498104 2.536438 2.625253 2.883027 2.761107 2.594227 3.232345 2.951042 2.614254 3.310979 1.628472 1.801068 1.864112 1.759783 2.047196 2.052904 2.323888 1.935774 1.946814 1.711921 1.467729 2.438935 1.864902 2.183859 1.524970 2.511774 1.836415 2.922240 2.872364 2.283861 3.134633 2.699421 1.673390 2.207849 2.306978 1.605942 2.668699 1.845155 2.406098 0.739532 0.770870 1.139508 1.556097 2.119695 2.282783 2.156957 1.178058 1.656845 2.197796 1.467204 1.444908 1.198885 3.336477 1.700881 3.692571 2.043469 2.275092 1.928384 2.367611 1.970592 3.882528 4.592571 2.077021 2.606738 2.929503 1.676487 1.554550 1.830774 1.795821 1.846773 1.846224 1.611737 1.928124 1.812964 1.617679 1.759306 1.668129 2.077114 2.161356 2.356048 2.164595 1.902336 2.304746 1.016775 0.859682 1.663213 0.908568 0.802482 0.809427 0.944167 1.980075 1.763684 1.840962 2.253431 1.994893 2.247066 1.852158 1.889809 2.140174 1.911465 2.273829 1.721298 2.107347 1.602056 2.105362 1.758666 1.998017 2.322872 2.038676 1.924168 1.627371 2.128675 2.077492 2.082446 1.558889 1.272799 1.860831 1.480727 2.990820 2.986611 1.344034 2.727116 3.283307 1.737076 1.670457 1.413147 1.669942 1.544726 2.463187 3.002229 2.965056 1.916157 1.281347 1.809889 1.199791 2.154468 1.727952 1.967576 2.300301 1.834699 1.409645 2.216272 1.605159 2.149988 2.081803 2.014483 2.036823 2.080322 1.522800 1.302317 1.156343 1.389860 1.381495 1.114240 0.940049 1.111645 1.027218 1.402312 2.324913 4.759421 1.295218 1.053395 1.457160 0.987597 1.217859 0.899904 1.152485 0.711913 1.425537 0.991898 1.074457 0.765199 0.690369 1.044903 1.121342 1.089767 0.878216 1.043048 1.037218 1.237046 1.967111 1.295088 1.402088 1.482858 1.450729 1.338758 1.347291 1.078588 1.361614 0.774348 1.365717 1.343455 1.394244 1.012413 1.733495 1.661901 1.309397 1.081220 1.185663 1.708997 1.670975 1.585851 0.731355 1.629765 1.684759 1.526993 0.862042 1.402543 0.955111 1.331485 1.791644 1.207125 1.258500 0.890046 2.146832 2.236132 1.647547 1.658137 
1.532937 1.316526 1.585891 1.674297 0.000000 1.228479 0.291197 1.008802 1.091678 0.909622 0.571835 1.137782 1.716639 1.329897 1.377095 2.630926 2.689962 2.858319 2.603387 2.391634 2.523899 2.292913 2.170414 2.297881 2.130818 2.448889 2.569182 2.152526 2.743585 2.485811 2.243141 2.845748 1.266844 1.243976 1.318251 1.437300 1.434184 1.265575 1.423328 0.995389 2.113394 1.543771 1.399202 2.146641 1.442946 1.879913 1.470865 3.280903 2.374715 4.295744 2.932318 3.768595 4.465394 3.954004 1.374488 3.803037 3.731994 2.153268 4.151769 2.399531 3.411744 1.298298 1.430350 1.136125 1.510715 2.590858 2.571918 2.607811 2.400850 2.816980 2.586689 2.107261 1.549758 1.849515 3.416187 0.705464 3.676157 1.762015 1.684354 2.066642 1.698388 1.953361 3.794385 4.298702 1.889795 2.245485 2.972596 0.688739 1.191372 1.581755 1.291898 1.485156 1.298215 1.475732 1.579056 1.363280 1.413832 1.487854 1.233298 1.534690 1.689520 1.833951 1.516522 1.438286 2.036929 1.819418 1.553434 1.530018 1.552197 1.430255 1.220577 1.279606 0.508333 0.677461 0.804997 0.996548 0.893469 0.897018 0.439889 0.706255 0.920302 0.780172 1.036633 0.594906 0.824965 0.444830 0.940769 0.798035 0.842868 0.923785 0.998912 0.853172 0.692595 0.882481 0.591355 0.787134 1.193974 2.323534 1.044942 1.850258 1.884321 2.088979 1.732658 2.653988 2.155035 0.615938 0.889615 1.158702 1.386888 1.179031 1.914637 1.801706 1.480714 1.153439 0.897737 0.643527 1.306114 1.712189 1.122018 1.479350 1.022041 1.956437 1.087708 3.357886 2.437670 3.238537 3.209937 2.826615 2.841346 2.972174 2.149373 2.147253 1.798274 1.800440 2.051077 2.089806 1.057021 1.535219 1.060356 1.486231 2.455830 5.520618 1.546261 1.113815 1.891460 1.901347 1.368092 1.829512 1.797215 1.725985 0.914671 2.027992 1.413655 1.982555 1.750960 1.765020 1.751977 1.725821 1.566921 1.791420 1.648973 1.406286 1.117014 0.671898 1.423956 0.948234 0.941639 1.140595 2.263146 1.388986 1.744071 1.337490 1.105761 1.243677 1.788242 1.429663 1.901581 2.741329 1.971643 1.730030 1.430977 2.073687 2.414355 1.422807 1.739478 1.599457 2.200265 1.357459 1.626005 1.334970 1.414525 0.815958 0.909524 1.739708 0.778445 1.222184 1.162116 1.390839 1.027666 1.191375 
1.276041 0.919669 1.199188 1.067190 1.228479 0.000000 1.278431 2.009458 1.964960 0.641093 1.070461 0.747852 2.261103 1.003096 2.129674 3.219459 3.302563 3.470594 3.294926 3.122327 2.717253 2.631418 2.797215 2.743738 2.758107 3.104338 2.878839 2.814687 3.374245 3.132043 2.870568 3.503221 1.982115 1.796724 2.088739 2.099296 2.287585 2.162884 2.267242 1.351813 1.976489 1.909703 1.687244 2.660246 2.040461 2.339742 1.716119 2.824651 2.048140 3.860446 3.186327 3.169661 3.958443 3.557186 1.999086 3.139135 3.130624 1.866270 3.423059 2.126728 3.004615 1.389322 1.134067 0.433438 1.235878 2.478456 2.542133 2.566930 1.923389 2.468929 2.671070 1.830970 1.651550 1.654317 3.183853 1.463638 3.505996 1.882071 2.232519 2.056456 2.353635 2.173972 3.881085 4.755366 1.829330 2.611638 3.024065 1.605486 1.720321 2.240245 1.842268 2.159867 2.154462 2.093516 1.637586 2.048928 2.028313 2.260635 1.932277 2.367563 2.532331 2.726941 2.471122 1.893087 2.762438 1.730505 1.451318 1.883718 1.594280 1.171892 1.130754 1.269862 1.477592 1.327381 1.218906 1.838175 1.601534 1.860018 1.402231 1.591639 1.973210 1.700321 1.561801 1.346067 1.631784 1.327647 1.324954 1.577633 1.566105 1.857009 1.843290 1.465528 1.423289 1.645358 1.376899 1.791004 1.615919 1.991100 1.599998 1.877668 2.774646 2.630884 1.508090 2.773227 3.169377 1.567328 1.708643 1.874475 1.218173 1.341229 2.471218 2.615565 2.038621 1.826397 1.134562 1.457358 0.870393 1.800138 1.779554 2.156106 1.291507 2.135728 1.008825 2.931633 2.399053 2.931363 2.874088 2.693680 2.730005 2.859283 2.190177 1.944377 1.912264 1.846844 2.040444 1.916779 1.211983 1.197595 0.816831 1.415267 2.282069 4.937946 1.358527 1.287769 1.774000 1.635941 1.309173 1.658864 1.108957 1.287784 0.930041 1.281308 1.495048 1.487530 1.538230 1.637564 1.579788 1.463404 1.633329 1.654990 1.655765 1.472573 1.078561 1.009515 1.505984 0.875109 1.249333 1.223051 1.569873 0.957018 1.212310 0.916334 1.365323 1.567846 1.396020 1.430329 2.134261 2.077499 1.916488 1.501227 1.574504 1.788205 2.062950 1.635343 1.345551 1.789002 1.939223 1.627527 1.129917 1.452138 1.005727 0.991108 1.381408 1.444606 1.197305 1.254259 1.357557 2.065232 1.708971 1.810498 
1.632048 1.333992 1.719430 1.831681 0.291197 1.278431 0.000000 1.058897 1.140496 1.085223 0.686583 1.202279 1.903486 1.403644 1.463120 2.660347 2.786123 3.018729 2.757730 2.465977 2.599634 2.410296 2.335438 2.402239 2.291228 2.523231 2.739941 2.303232 2.817928 2.596518 2.357484 2.920091 1.429913 1.412742 1.422559 1.600368 1.509980 1.340974 1.539282 1.046391 2.293603 1.668403 1.525391 2.302848 1.598586 2.040323 1.639296 3.380105 2.515978 4.394881 3.027884 3.888846 4.582778 4.038661 1.496103 3.876784 3.845741 2.299743 4.333032 2.465914 3.578461 1.419031 1.589795 1.159357 1.599043 2.719150 2.640778 2.765194 2.510961 2.963455 2.640228 2.228281 1.616141 1.955859 3.531995 0.813440 3.821056 1.800901 1.783556 2.204268 1.959041 2.160076 3.865734 4.408813 1.968681 2.281760 3.083090 0.785596 1.321118 1.656955 1.412737 1.577067 1.385739 1.552137 1.710350 1.452681 1.448694 1.626158 1.396367 1.614123 1.779862 1.946110 1.673073 1.602789 2.072321 1.831256 1.703924 1.664808 1.688453 1.583641 1.336386 1.426624 0.673463 0.795116 0.931750 1.009704 0.948702 0.981392 0.644622 0.818931 1.044218 0.934514 1.135906 0.762804 0.936116 0.684046 0.903880 0.916263 0.915325 0.900158 1.149618 1.031394 0.982338 1.086158 0.680066 0.837638 1.354994 2.451827 1.141138 1.934360 1.876679 2.106360 1.869830 2.804099 2.104859 0.821068 0.955473 1.182510 1.419766 1.350599 2.009243 1.848610 1.381603 1.275568 1.073338 0.717192 1.404792 1.843345 1.134267 1.466840 1.002335 2.121090 1.228970 3.507997 2.598690 3.355908 3.360048 2.900362 3.002366 3.117391 2.255978 2.319744 1.912022 1.939642 2.195805 2.235466 1.200351 1.551882 1.263437 1.496370 2.520320 5.404214 1.620009 1.194835 1.945820 2.062367 1.510930 1.979623 1.978478 1.828823 1.119205 2.143800 1.490569 2.114484 1.904708 1.926040 1.909361 1.914356 1.727941 1.961999 1.769823 1.437108 1.081309 0.862935 1.324250 0.872934 0.978621 1.316196 2.389304 1.486210 1.801138 1.445466 1.139361 1.153288 1.962389 1.632744 2.044419 2.933501 2.174724 1.933111 1.608480 2.048772 2.503451 1.434645 1.942559 1.769810 2.381528 1.509631 1.664890 1.448717 1.504319 1.000857 0.901344 1.906426 0.864653 1.370720 1.016343 1.397903 1.198891 1.373127 
2.116943 1.931626 1.804322 2.123388 1.008802 2.009458 1.058897 0.000000 0.724845 1.609988 1.337833 2.042305 2.083220 1.757633 1.472036 2.638822 2.571405 2.937293 2.567841 2.266908 2.702558 2.457252 2.250412 2.444039 2.330165 2.365468 2.586653 1.733876 2.483321 2.014838 1.775804 2.404017 0.948373 0.827486 1.208255 1.003448 0.980398 0.957040 0.563191 0.914381 2.494968 1.701008 1.675968 2.255775 1.592928 2.023707 1.620659 3.493403 2.679367 4.473769 3.078476 3.964802 4.920233 4.187099 1.404106 3.949194 3.898815 2.405584 4.703317 2.588464 3.741850 1.898730 2.243899 1.843238 1.826799 2.924039 2.808684 2.881116 2.569388 3.043868 2.953428 2.396768 1.876623 2.259890 4.142589 1.338222 4.544126 2.350486 2.319039 2.542260 2.099551 1.785076 4.193606 4.666542 2.423846 2.665183 3.461332 0.862808 1.347535 1.552416 1.423568 1.465267 1.094580 1.458010 1.794663 1.406387 1.191146 1.058962 0.959997 0.975748 1.073137 1.217743 1.011420 1.563759 1.578567 2.393054 1.961356 2.291985 1.906192 1.527679 1.870056 2.149694 0.998244 1.076899 1.142850 1.269951 0.649385 0.887906 0.846311 0.919994 0.967056 0.675753 1.059822 1.421355 0.959286 0.894766 0.867376 0.769707 0.880514 0.988240 1.064443 1.056863 1.279470 0.852885 0.904208 0.966777 1.248236 2.579463 0.851680 1.905908 1.202758 1.737221 1.683454 3.065909 1.513298 0.732742 0.996189 1.099502 1.579118 1.207446 1.998086 1.188236 1.518689 0.961739 1.081333 0.552100 1.734387 1.551739 0.990539 1.212787 1.595819 2.102660 1.573590 3.640510 2.645645 3.438380 3.419548 2.972772 3.049321 3.193835 2.453693 2.483132 1.970219 2.060396 2.272738 2.296922 1.738747 2.239398 1.710645 2.273061 2.847104 5.749963 2.187439 1.354940 2.283278 2.479058 1.977969 2.049798 2.425686 2.220606 1.484611 2.547497 2.023655 2.542501 2.161131 2.551678 2.160102 2.171789 2.015442 2.150466 1.797656 2.156189 1.950902 1.371151 1.840554 1.682802 1.237341 1.139208 3.258262 2.140083 2.677369 2.245459 1.665848 1.509272 1.876449 1.829168 2.006871 3.096889 2.363190 1.914681 1.836210 2.400831 2.312735 1.917483 2.199991 1.820346 2.682847 1.636138 2.500765 2.196507 2.373278 1.647004 1.388779 2.232823 1.054207 1.559187 1.297109 1.114121 1.157802 1.382439 
2.117584 1.904691 1.771704 2.067317 1.091678 1.964960 1.140496 0.724845 0.000000 1.526631 1.204779 1.849357 2.004521 1.741569 1.368986 2.738164 2.792318 3.146752 2.687577 2.575080 2.698810 2.585471 2.298541 2.519851 2.466310 2.547410 2.856891 2.303668 2.916742 2.631391 2.294603 2.991328 1.256999 0.978198 1.712576 1.218491 1.458741 1.463481 0.614472 0.715411 2.252016 1.812393 1.645900 2.499084 1.750139 2.174681 1.644111 3.501251 2.415742 4.395110 3.060171 3.929566 4.934070 4.219788 1.683904 3.883830 3.883376 2.375541 4.492576 2.647346 3.629334 1.844870 2.078118 1.860344 1.343056 2.964366 2.934820 3.027605 2.669879 3.040876 3.173682 2.459599 2.075058 2.293620 4.184549 1.366311 4.476288 2.367592 2.467980 2.578485 2.280885 2.050464 4.296841 4.798157 2.426407 2.832478 3.454857 1.200276 1.261158 1.487052 1.207002 1.493068 0.966290 1.439793 1.500764 1.436851 1.139629 1.279071 1.268929 1.344761 1.390608 1.507333 1.267770 1.450449 1.764957 2.401543 2.034457 2.338756 1.768495 1.442734 1.887162 2.200812 1.298446 0.792079 1.501485 1.789860 1.101443 1.381431 1.160671 1.344395 1.608521 1.213983 1.443607 1.429152 1.436943 1.101592 1.255106 1.306032 1.394114 1.492602 1.690598 1.560948 1.450071 1.352765 1.262843 1.511481 1.274126 2.411600 0.636796 1.767806 0.929694 1.037302 1.207590 3.259457 1.483980 0.993162 1.301051 1.020844 1.343911 0.949209 1.749441 0.986545 1.567053 0.537378 1.008643 0.562670 1.483573 0.853212 0.681807 0.736814 1.333522 1.878301 1.390235 3.722921 2.770228 3.520791 3.501959 3.072114 3.173904 3.321683 2.553898 2.479811 2.175927 2.111181 2.355150 2.261686 1.755976 2.201417 1.588285 2.272833 2.355931 5.690814 2.293718 1.544304 2.338826 2.578733 2.057160 2.176239 2.373915 2.314689 1.479899 2.517544 2.057384 2.574905 2.096456 2.694739 2.196850 1.985258 2.175341 2.218022 1.996091 2.248133 1.923968 1.394720 1.450204 1.679024 1.179625 0.838717 3.159433 2.081080 2.623887 2.028982 1.362462 1.536180 1.548742 1.430873 2.034139 2.880412 2.187735 1.745263 1.688216 2.241388 1.994696 1.870173 2.030573 1.603869 2.628959 1.678577 2.428641 2.268727 2.400111 1.548175 1.366732 1.999234 1.187257 1.583919 1.069289 0.394164 1.082363 1.200399 
0.905039 0.823174 1.055482 1.005285 0.909622 0.641093 1.085223 1.609988 1.526631 0.000000 0.765229 0.823814 1.888009 0.753438 1.734761 2.938771 2.998345 3.189906 2.903650 2.841639 2.365976 2.347093 2.376848 2.439521 2.477419 2.800120 2.551511 2.497635 3.093557 2.851355 2.519291 3.222533 1.505030 1.382336 1.757692 1.611302 1.892211 1.846089 1.768093 1.205825 1.857068 1.629015 1.310514 2.356029 1.759773 1.988466 1.364843 2.595762 1.700319 3.856937 2.835050 3.147970 3.837763 3.451007 1.640537 3.121154 3.036588 1.496966 3.430998 1.835107 2.978244 0.950458 1.037750 0.772583 1.267285 2.057774 2.159526 2.191368 1.815366 2.329692 2.335522 1.507558 1.301457 1.228889 3.003806 1.219648 3.273407 1.762237 2.020797 1.740792 2.096635 1.979918 3.600397 4.474678 1.672979 2.308728 2.668491 1.324798 1.286873 1.821342 1.478515 1.714942 1.713740 1.623703 1.509769 1.584463 1.609409 1.772641 1.478722 1.948660 2.113428 2.308038 1.986764 1.640184 2.343535 1.449577 1.138433 1.500985 1.211460 0.907876 0.835164 1.037563 1.275632 0.943900 1.171206 1.612062 1.283166 1.443523 1.100725 1.292867 1.684720 1.338062 1.322796 1.106175 1.424612 0.918460 1.195964 1.165189 1.258181 1.604252 1.504016 1.266783 1.227606 1.531218 1.201343 1.487968 1.260792 1.844812 1.170303 1.620554 2.356016 2.337357 1.057431 2.456175 2.769906 1.146054 1.387550 1.451936 1.310800 0.967463 2.143471 2.329628 1.985226 1.357454 0.655511 1.175085 0.679534 1.553695 1.328081 1.616956 1.344746 1.731089 0.830623 2.802798 2.008959 2.870318 2.658759 2.358132 2.336276 2.452932 1.807357 1.710257 1.576716 1.463620 1.639441 1.477915 0.817849 1.011099 0.560119 1.182671 2.072178 4.974634 1.022979 0.929999 1.521619 1.498297 0.944534 1.455892 1.384406 1.170527 0.628107 1.492830 1.136059 1.351666 1.226946 1.569723 1.357333 1.343453 1.232327 1.400374 1.327813 1.122635 1.085268 0.596673 1.142822 0.714303 0.781905 0.809088 1.813537 1.002649 1.321080 0.966445 0.952342 1.113516 1.169991 1.020893 1.769622 2.202050 1.566736 1.148080 1.197037 1.686895 1.777512 1.347069 1.233122 1.519573 1.760179 1.322683 1.162817 1.162026 1.082977 0.914497 1.125713 1.368574 0.905708 0.897063 1.404639 1.764109 1.382935 1.453827 
1.360672 1.107575 1.524915 1.464619 0.571835 1.070461 0.686583 1.337833 1.204779 0.765229 0.000000 1.001364 1.561082 1.035630 1.268618 2.621385 2.667443 2.859004 2.572748 2.510737 2.142307 2.187131 2.111904 2.133266 2.209555 2.469218 2.198101 2.166733 2.784160 2.520453 2.188389 2.891631 1.385478 1.336554 1.587841 1.578903 1.583567 1.505926 1.587856 1.133860 1.699721 1.324200 1.144066 2.025126 1.428871 1.657563 1.110532 2.917559 1.958579 3.996915 2.590666 3.469766 4.159560 3.590985 1.409126 3.442950 3.358385 1.771677 3.736146 2.147761 3.087442 0.999469 1.135476 0.912372 1.434909 2.209266 2.296619 2.331346 2.137162 2.469671 2.441511 1.829355 1.368576 1.550686 3.190605 0.621023 3.487231 1.416743 1.678619 1.802088 1.723863 1.683005 3.589674 4.098948 1.505911 2.092211 2.747448 0.870722 1.219678 1.713557 1.238439 1.602585 1.462359 1.552533 1.435967 1.448786 1.517567 1.663998 1.359169 1.640017 1.804785 2.047616 1.731243 1.415363 2.216710 1.589555 1.289490 1.443338 1.375753 1.320049 1.021182 1.177542 0.900400 0.832896 0.890181 1.181296 1.086272 1.084991 0.768330 0.837049 1.129397 0.956713 1.195232 0.756906 0.824932 0.605894 1.036337 0.918250 0.990408 1.114363 1.114552 0.996275 0.753190 1.065500 0.794855 0.985577 1.151317 1.984790 1.166453 1.551429 1.997164 2.108782 1.589029 2.425234 2.453306 0.843949 0.935295 1.307077 1.054366 1.161704 1.719401 1.974198 1.645248 1.239909 0.887435 0.867833 1.111511 1.481099 1.279579 1.582899 1.150637 1.675359 0.853435 3.124595 2.200392 3.010297 2.980556 2.565953 2.573765 2.720404 1.944662 1.883308 1.614649 1.554417 1.819201 1.790977 0.760260 1.141465 0.649729 1.264331 2.480003 5.433810 1.310690 0.868443 1.661597 1.641912 1.075661 1.628640 1.505388 1.402564 0.988708 1.673971 1.183792 1.673462 1.409567 1.716975 1.452867 1.441179 1.352126 1.547625 1.467791 1.144545 1.214214 0.541739 1.358008 0.673332 0.915698 0.995534 2.023431 1.239794 1.588800 1.054759 1.189168 1.237429 1.504782 1.066638 1.696776 2.316720 1.720499 1.311429 1.243677 2.057182 2.249812 1.222343 1.399430 1.380820 1.882569 1.216150 1.365438 1.285698 1.392729 0.644584 0.895799 1.421856 0.760078 0.942886 1.230190 1.493405 0.944744 0.946653 
1.321129 1.257477 1.493480 1.261996 1.137782 0.747852 1.202279 2.042305 1.849357 0.823814 1.001364 0.000000 2.031351 0.979501 1.876392 3.121900 2.999656 3.191216 2.930415 3.024767 2.552852 2.356354 2.567463 2.622649 2.677461 2.801430 2.483235 2.520764 3.094867 2.852665 2.702420 3.223843 1.595244 1.622936 2.020922 1.712425 2.191194 2.135775 2.167896 1.648718 1.618070 1.812143 1.466301 2.357339 1.942901 1.989776 1.535846 2.670197 1.850069 4.035241 3.076467 3.357076 3.834249 3.652840 1.598743 3.299458 3.261951 1.830913 3.586945 2.210135 3.196355 1.355082 1.203284 0.854263 1.325673 2.309457 2.434739 2.673867 2.064258 2.596766 2.792552 1.898121 1.847376 1.643607 3.239345 1.462644 3.488794 1.828675 2.142513 2.177939 2.243633 1.982295 3.969572 4.657806 1.951414 2.780626 3.098489 1.632780 1.380509 2.077962 1.717066 2.025402 1.949409 1.706644 1.435115 1.937992 1.837805 2.055582 1.821342 2.200585 2.341823 2.536433 2.266068 1.570072 2.390112 1.710811 1.558255 1.874630 1.718131 1.308435 1.282025 1.318742 1.390206 1.276503 1.126599 1.783015 1.438017 1.907252 1.449465 1.520057 1.972217 1.757048 1.366102 1.276107 1.737445 1.306907 1.573174 1.624867 1.613339 1.981497 1.842296 1.469115 1.438551 1.824035 1.477454 1.827269 1.796768 2.023116 1.521591 1.703730 2.748567 2.776914 1.620223 2.523748 3.202223 1.614562 1.707649 1.681126 1.272749 1.403442 2.415488 2.736724 2.218014 1.753518 1.371905 1.567635 0.997642 1.930202 1.667587 2.134602 1.516904 2.353776 1.285021 2.891690 2.505990 3.130120 2.799207 2.815162 2.655124 2.942690 2.115296 2.051640 2.033746 2.064892 2.147381 1.906069 1.430031 1.406659 0.951612 1.664302 2.476981 5.114673 1.480009 1.520362 1.777836 1.787190 1.527221 1.765801 1.604441 1.421969 1.379954 1.752624 1.484337 1.580665 1.503990 1.655355 1.797836 1.676493 1.740266 1.784149 1.851591 1.690621 1.135020 1.243529 1.409799 1.098058 1.494334 1.368308 1.600661 1.244882 1.065998 0.946003 1.466442 1.819734 1.794807 1.444740 2.241198 2.362406 2.023424 1.644533 1.770330 2.108053 2.393188 1.639178 1.464181 1.845576 2.022630 1.749009 1.157088 1.412160 0.840996 1.019545 1.620655 1.711033 1.302949 1.486853 1.566420 2.140616 1.580384 1.627805 
2.150505 2.646500 2.602272 2.002236 1.716639 2.261103 1.903486 2.083220 2.004521 1.888009 1.561082 2.031351 0.000000 1.401418 0.901786 1.485452 1.307873 1.501521 1.295676 1.545224 1.154778 1.218337 1.218449 0.955020 1.562554 1.357406 1.173436 1.251641 1.462904 1.431249 1.333666 1.428617 1.569241 1.706049 1.464378 1.846628 1.872231 1.868070 2.260027 1.994924 1.457143 1.076222 1.270327 0.942362 0.869399 0.760201 1.130255 1.587794 1.084488 2.810451 1.397498 2.101484 3.006131 2.419184 1.182963 2.086398 2.038884 0.696439 2.620097 1.161630 2.037970 1.686762 1.914802 2.195943 2.568227 1.196894 1.118985 1.324870 1.403521 1.402440 1.266659 0.685235 1.299972 1.005429 2.658256 1.211809 2.611371 1.033308 1.009442 1.468191 0.926669 1.011150 3.016080 3.139619 1.175635 1.707273 1.947762 1.443063 1.288746 1.941244 1.451600 1.142606 1.712267 1.239593 1.774829 1.433637 1.324014 1.682133 1.307750 1.523007 1.936547 2.145945 2.058663 1.471194 2.030910 1.810691 1.895671 1.062468 2.094857 2.192034 2.089474 1.839348 1.951236 1.885188 1.873876 2.202224 1.950087 2.288267 1.894500 1.792840 1.996494 1.920358 2.315030 1.411968 2.080085 1.643257 2.124745 1.822427 2.031946 2.343396 1.832661 1.759404 1.430299 2.103271 2.118693 2.147641 1.717316 1.486681 1.812872 1.743617 2.873412 2.996322 2.476812 1.797778 3.243138 1.778277 1.446649 1.625742 2.076067 2.063596 1.079787 2.890954 2.984439 2.060782 1.902504 1.764627 2.377114 2.539217 1.881369 2.350788 2.504036 1.857265 1.926358 1.894840 1.248669 1.887917 1.851655 1.355841 1.492645 1.424635 1.242642 1.908091 1.469646 1.361069 1.336753 1.301579 2.060642 2.186269 1.495181 2.029011 3.883264 6.620481 1.401787 1.576427 1.673390 1.879391 1.240353 2.057181 2.138202 2.333918 1.905162 2.219752 1.579011 1.770896 1.978711 2.042373 2.055506 2.150502 1.641787 2.105424 1.951043 1.689681 2.371249 1.644444 2.785211 1.970995 2.145792 1.856512 2.036998 2.608110 2.689610 2.182184 2.559193 2.430939 2.453095 1.861581 1.068547 1.264453 1.925237 2.178959 1.909861 3.354435 3.268572 1.509582 2.273240 0.997491 0.966407 1.223011 1.915451 1.181368 2.448673 1.528052 1.913135 2.366157 1.612178 2.004582 2.241747 2.347710 1.205553 1.049044 
0.868020 1.410310 1.383232 0.793459 1.329897 1.003096 1.403644 1.757633 1.741569 0.753438 1.035630 0.979501 1.401418 0.000000 1.349771 2.350303 2.496185 2.622617 2.422526 2.259100 1.842350 1.844757 1.947974 1.859035 2.013882 2.195359 2.129656 2.036824 2.554942 2.353639 2.042709 2.633575 1.375809 1.465692 1.376752 1.568810 1.575757 1.615645 1.983164 1.584141 1.239011 1.046476 0.978356 1.897935 1.332790 1.402767 1.075849 2.043627 1.313476 3.273061 2.260416 2.582276 3.322853 2.860471 1.306785 2.516776 2.509262 1.026654 3.091698 1.328816 2.567627 0.813001 0.864416 0.975514 1.537257 1.658343 1.669783 1.802649 1.425463 1.855853 1.936562 1.009529 1.188279 0.831253 2.723094 1.244670 3.045575 1.479751 1.741057 1.716619 1.983442 1.545214 3.302806 3.956035 1.542161 2.172125 2.426856 1.171466 0.964389 1.381549 1.184401 1.381232 1.408335 1.297636 1.449038 1.357686 1.194590 1.437354 1.212851 1.541837 1.707576 1.986822 1.769440 1.406292 1.853108 1.056156 1.057642 1.338139 1.148070 1.032767 0.981300 0.982485 1.607162 1.506471 1.498538 1.861291 1.563345 1.912930 1.513786 1.438626 1.784435 1.645384 1.939692 1.279633 1.704748 1.267920 1.727590 1.424530 1.656608 1.851199 1.589737 1.497387 1.148992 1.850666 1.743356 1.736254 1.188980 1.287594 1.451954 1.065676 2.585286 2.754550 1.386512 2.247530 2.848460 1.479863 1.309129 1.204337 1.170869 1.209424 1.964025 2.661505 2.503647 1.731154 1.047071 1.432038 1.140925 1.898878 1.502949 1.805089 1.962529 1.759098 0.924932 2.298708 1.639007 2.355319 2.154669 1.835661 2.015415 2.061371 1.549128 1.467080 1.248992 1.439588 1.488284 1.158083 1.071865 1.128276 0.595816 1.315186 2.723997 5.324517 0.929818 0.840060 1.074197 1.280629 1.032695 0.988743 1.036609 1.120075 1.141490 1.155996 1.056658 0.943796 0.935157 1.458376 1.429766 1.332956 1.127913 1.311634 1.192494 1.355110 1.645285 0.999075 1.613307 1.033101 1.331424 1.098124 1.640309 1.360516 1.537315 1.002791 1.565343 1.430017 1.513526 0.963175 1.457135 1.805019 1.530225 1.245758 1.278086 2.066462 2.160873 1.127229 1.117905 1.216797 1.347164 1.105245 0.937956 0.996755 1.190170 0.977211 1.342662 1.514545 0.864781 1.028911 1.769059 2.040866 1.211094 1.220792 
1.913766 2.322343 2.160186 1.763954 1.377095 2.129674 1.463120 1.472036 1.368986 1.734761 1.268618 1.876392 0.901786 1.349771 0.000000 1.569093 1.616443 1.933270 1.466318 1.536199 1.531978 1.394535 1.168141 1.269693 1.420498 1.425157 1.620232 1.314085 1.727132 1.469452 1.113139 1.763707 1.131981 1.244151 1.138166 1.197839 1.179726 1.179964 1.508230 1.313222 1.409027 0.936541 0.971556 1.342623 0.808115 1.045980 0.798242 2.320300 1.386533 3.132707 1.843409 2.729540 3.748589 2.990793 0.960546 2.578742 2.641688 1.137404 3.395351 1.496876 2.568445 1.280247 1.640818 1.882696 2.207921 1.703676 1.749340 1.776109 1.488439 1.794092 1.988202 1.299737 1.104527 1.102160 3.167913 0.924800 3.454361 1.361147 1.337944 1.782833 1.403662 1.176071 3.322315 3.669650 1.464211 1.972976 2.457419 1.075913 1.073360 1.340326 1.097015 0.865709 0.982317 0.876111 1.613849 0.853326 0.915138 1.248258 1.010069 1.052119 1.295205 1.586258 1.300688 1.405101 1.697486 1.612644 1.571514 1.101387 1.714293 1.913436 1.790238 1.556077 1.488530 1.334937 1.560418 1.919231 1.685277 1.784193 1.429689 1.349847 1.478152 1.397552 1.992774 1.154143 1.576011 1.251080 1.824308 1.492111 1.721361 1.900403 1.516601 1.458966 1.073748 1.606202 1.614619 1.647270 1.126903 1.223096 1.353009 1.243538 2.215566 2.218012 1.879834 2.193664 2.552534 1.287399 1.086249 0.818272 1.640623 1.552940 1.159519 2.189178 2.502183 1.406939 1.537737 1.366814 2.018519 1.942238 1.158575 1.719010 2.165789 1.432536 1.652374 2.508350 1.514496 2.240206 2.287388 1.872785 1.881841 2.099838 1.376498 1.444739 1.075692 1.233437 1.309274 1.134660 1.732849 2.094103 1.341934 1.936846 3.548198 6.407271 1.311907 1.198687 1.433514 1.559500 1.129051 1.707475 1.971693 1.921444 1.751914 1.928727 1.205802 1.699601 1.757393 1.690498 1.733009 1.777770 1.264540 1.800173 1.577833 1.585266 2.231496 1.309378 2.458303 1.875245 1.746492 1.389474 2.178006 2.312308 2.591417 1.833993 2.263390 2.115276 1.972141 1.518720 1.008130 1.778014 1.659329 1.698005 1.537136 3.076436 2.847143 1.146439 1.977438 0.671032 1.557276 0.873431 1.823285 1.171400 2.356507 1.217632 1.622321 2.092173 1.288486 1.691335 1.917017 1.584413 0.696381 0.619345 
3.147679 3.626674 3.584152 3.027706 2.630926 3.219459 2.660347 2.638822 2.738164 2.938771 2.621385 3.121900 1.485452 2.350303 1.569093 0.000000 1.150106 0.800101 0.962363 0.806053 0.963359 1.200578 0.849072 0.771737 0.996253 0.542490 1.881052 1.310183 1.769225 1.704209 1.339225 1.554984 2.265311 2.308064 1.970765 2.455939 1.763222 1.949128 2.886544 2.603008 1.793972 1.370708 1.805802 1.767315 1.282143 1.392482 1.621310 2.640097 1.619558 3.605979 2.099932 3.073701 4.030035 3.501066 1.963713 2.708993 2.907578 1.711222 3.850011 1.697922 2.794500 2.714908 2.999329 3.117936 3.546048 2.248511 1.938568 2.226850 2.176644 2.234450 2.095744 1.806013 2.242468 2.012322 3.607329 2.256306 3.720635 2.217799 2.002007 2.640679 1.936046 2.155460 4.019913 4.144622 2.260217 2.656029 3.042076 2.242472 1.993050 1.894022 1.897704 1.547588 1.981933 1.780233 2.665754 1.761982 1.695247 2.245159 1.864266 1.946040 2.094627 2.261765 2.337869 2.267029 2.146480 2.640684 2.875845 2.064770 2.995157 3.199647 3.007830 2.801340 2.707829 2.767824 2.653323 2.978250 2.726113 3.059405 2.670526 2.635817 2.718988 2.669128 3.086168 2.226156 2.851224 2.528441 2.874065 2.571006 2.803084 2.952149 2.568346 2.530542 2.345664 2.874409 2.889832 2.888106 2.041615 2.039467 2.547740 2.013873 2.906175 3.246920 3.083918 2.755011 2.920274 2.549415 2.026323 2.130351 2.637836 2.695873 1.813739 2.964479 3.297396 2.748954 2.818601 2.573373 3.474936 3.422184 2.361158 3.164580 3.477393 2.387082 2.884218 2.643354 1.809749 2.423291 2.593718 1.988595 2.159761 2.371700 2.105546 2.612403 2.244775 2.087862 1.845887 2.012350 3.040816 2.791464 2.545944 2.711367 4.863438 7.412827 2.211679 2.412963 2.300198 2.866533 2.299228 2.914399 3.123264 3.224432 2.885336 3.058108 2.526355 2.785093 3.007896 3.060510 3.092695 3.075599 2.622571 3.091237 2.793952 2.772905 3.346736 2.624618 3.817578 2.894291 3.058095 2.816402 3.191036 3.593172 3.649678 3.280006 3.567784 3.348867 3.381499 2.964290 2.085249 2.531489 2.979605 3.130892 2.853940 4.299118 4.209441 2.256409 3.375949 2.106561 2.197668 2.185329 2.866416 2.230465 3.422826 2.555285 2.866822 3.417829 2.536623 2.955666 2.996865 3.025296 1.919473 1.966763 
3.228107 3.709778 3.664580 3.108134 2.689962 3.302563 2.786123 2.571405 2.792318 2.998345 2.667443 2.999656 1.307873 2.496185 1.616443 1.150106 0.000000 0.569801 0.355396 0.967810 0.958304 0.897398 1.202736 0.789255 1.663245 0.808140 1.142318 1.084836 1.056225 0.944676 1.193761 0.908603 2.020996 2.196264 2.011817 2.239243 2.329835 2.306544 2.851667 2.763034 2.172705 1.654613 1.879074 0.995645 1.638606 1.273342 1.657032 1.672118 1.436330 2.906842 1.323872 2.297641 3.103703 2.726140 1.678228 2.056377 2.266708 1.563138 3.053097 1.563032 2.031868 2.795336 3.079757 3.219221 3.685623 1.566223 1.329149 1.693523 2.125415 1.956125 1.585668 1.712189 2.253050 2.027396 3.138435 2.295076 3.122352 2.111438 1.796673 2.504191 1.419670 1.962097 3.474655 3.592092 2.111185 2.125317 2.466016 2.224795 1.870806 2.708373 2.357838 1.601088 2.146543 1.771446 2.543510 1.930025 1.859858 2.185758 1.786969 1.961705 2.109321 2.279288 2.355392 1.997697 2.105820 2.792658 2.958949 2.117470 3.176038 3.280075 3.113241 2.900899 2.625586 2.904322 2.407520 2.910832 2.476878 2.971134 2.603108 2.544871 2.651571 2.580857 2.816079 2.320970 2.762953 2.461781 2.785795 2.483712 2.714813 3.012005 2.500929 2.442272 2.284449 2.786138 2.801561 2.820689 2.101190 2.145373 2.474772 2.094301 2.899425 3.359130 3.220415 2.020663 3.647430 2.461145 2.022254 2.319248 2.736445 2.876753 1.742590 2.953132 3.627307 2.808528 2.922558 2.670969 3.534510 3.558681 2.514599 3.321931 3.560496 2.463526 2.979014 1.924365 1.605614 1.920959 1.890915 1.556208 1.433491 1.751195 1.847819 2.695507 2.307858 2.117615 1.919774 2.047684 3.123920 3.235288 2.605518 3.078031 4.946542 7.366512 2.402627 2.521690 2.655357 2.922099 2.266913 3.095280 3.227222 3.284006 2.968440 3.243030 2.600978 2.836627 3.067471 3.043255 3.117830 3.228605 2.649361 3.184994 2.892271 2.770097 3.248022 2.707722 3.922483 3.016430 3.141199 2.891943 2.967728 3.697129 3.550784 3.345445 3.648212 3.452825 3.517996 3.044718 2.053793 2.247817 3.031522 3.267390 2.998880 4.403075 4.269016 2.640483 3.456377 2.173355 2.045960 2.286576 2.988000 2.196375 3.344965 2.614859 2.970779 3.444267 2.640580 3.038769 3.079968 3.182647 2.059391 2.047191 
3.419993 3.877808 3.856466 3.300020 2.858319 3.470594 3.018729 2.937293 3.146752 3.189906 2.859004 3.191216 1.501521 2.622617 1.933270 0.800101 0.569801 0.000000 0.695812 0.958836 1.068374 1.008398 1.212703 0.840505 1.344379 0.756252 1.370623 1.393368 1.244453 1.274259 1.525822 1.068226 2.353057 2.585355 2.320348 2.628335 2.243714 2.298712 3.240758 3.004350 1.946084 1.633879 2.070961 1.119172 1.505145 1.296574 1.848592 1.988990 1.628216 3.223715 1.640744 2.614513 3.363219 3.032103 2.064236 2.308414 2.472470 1.776920 3.369644 1.814982 2.325211 2.987222 3.271643 3.369070 3.797183 1.704148 1.434673 1.856551 2.293772 2.108255 1.699635 1.905837 2.421407 2.186016 3.237030 2.463433 3.328114 2.204341 1.911395 2.618912 1.569375 2.190728 3.649614 3.774324 2.225580 2.285730 2.671778 2.452105 2.062366 2.424721 2.225762 1.920388 2.443622 2.046581 2.735070 2.137301 2.168407 2.517819 2.117539 2.275585 2.434110 2.611349 2.687453 2.241283 2.314245 2.908027 3.126979 2.309356 3.344394 3.471961 3.259779 3.069256 2.991474 3.153828 2.740487 3.276720 2.842766 3.336696 2.968996 2.934288 3.017459 2.946419 3.181641 2.589028 3.128515 2.740631 3.151356 2.849600 3.080375 3.250620 2.866817 2.807834 2.487789 3.151700 3.167123 3.186577 2.292750 2.337259 2.786471 2.286187 3.281569 3.713239 3.411975 2.202894 3.434030 2.826706 2.298983 2.570856 2.910150 3.045110 1.877205 3.318694 3.574687 3.053561 3.090915 2.916233 3.726070 3.750241 2.804270 3.548755 3.728527 2.631882 3.147371 2.038513 1.775733 2.057903 2.016938 1.618296 1.586464 1.956957 2.017937 2.863538 2.476215 2.285972 2.071689 2.234981 3.291951 3.059902 2.797078 2.944569 5.114572 7.477513 2.356791 2.675502 2.481167 3.090456 2.435270 3.263636 3.395578 3.475566 3.136471 3.309243 2.743538 3.028513 3.259031 3.211612 3.286187 3.396962 2.817718 3.353351 3.060628 2.938454 3.416053 2.875752 4.088914 3.166605 3.309230 3.083829 3.159614 3.865486 3.739033 3.537331 3.840098 3.621181 3.709556 3.236604 2.223911 2.407964 3.201640 3.458950 3.167237 4.571432 4.460576 2.588733 3.648263 2.365242 2.184210 2.454933 3.125340 2.388261 3.513322 2.806419 3.139136 3.612624 2.808937 3.206800 3.370922 3.504486 2.251277 2.239077 
