236 236
0.000000 1.579254 1.825949 1.233993 2.499036 2.479934 2.533265 3.042934 2.287359 2.776295 2.065665 3.456482 3.202359 3.257595 2.447994 2.261454 2.094069 2.150688 1.951428 2.082461 2.245245 3.105673 3.027123 2.922303 3.627979 3.713781 4.138944 3.852538 4.245890 3.553109 4.118251 3.683546 3.635144 3.059397 3.773841 4.345513 3.479280 3.767863 3.778378 4.160411 4.000610 4.307222 3.323360 2.964850 3.717638 3.539800 2.740784 3.658132 2.708508 3.310287 2.672923 4.351212 3.993818 3.536806 3.948063 3.622773 2.520211 3.384980 3.382882 3.977896 2.745782 3.768177 3.512385 4.004033 3.593215 1.971018 2.243060 2.384514 2.599700 2.887784 3.145072 3.411108 2.126782 3.054799 3.609185 1.796420 2.159941 2.863962 2.534416 1.646266 2.087820 4.251873 2.614914 2.862451 3.415061 3.443436 2.777375 3.583239 3.211641 4.862237 4.040655 5.810250 4.226982 2.955426 2.951097 2.348069 2.772080 3.375450 2.755061 2.932417 3.411321 2.931113 3.260086 3.048121 3.652589 3.871056 2.948477 3.976912 2.603710 3.433186 2.067754 3.011635 1.968980 2.116668 1.969618 1.915750 1.400873 1.817172 3.414559 2.681739 3.373744 2.792894 3.371073 3.557763 3.060241 3.255856 3.179244 3.360940 2.822980 3.329385 2.592948 3.455694 3.292559 2.735048 3.023630 3.007069 2.758804 3.461640 3.139852 3.334614 2.495008 3.336790 2.884387 2.705370 2.389360 2.870040 2.521038 2.659307 3.594379 4.560869 3.107424 3.037578 2.697911 3.078149 2.429048 2.900670 3.609321 4.590708 3.768127 3.046763 2.561054 2.325264 3.109775 2.067571 3.075978 2.949968 3.619512 2.047471 3.608789 2.772146 3.220338 3.587585 3.147948 2.883660 2.845818 3.379123 2.966737 3.110887 2.848130 2.972347 2.172196 2.596130 2.287869 2.518224 2.477354 2.354664 2.095849 2.094190 2.198820 1.860571 2.086206 1.824599 1.938185 1.849810 2.112830 2.267639 3.042015 1.921854 1.487891 1.899793 1.804696 1.909873 2.321256 2.181702 3.176569 2.507910 1.917957 2.308842 1.614655 1.799884 2.725937 2.775985 2.740298 2.930072 1.897171 3.076143 3.000668 2.267767 2.275866 2.076472 2.598854 2.664919 1.568592 1.400584 2.196847 2.886637 2.833840 2.909022 1.492237 2.335087 1.581650 2.493265 2.402471 2.681238 2.816367 2.995472 
1.579254 0.000000 1.249240 1.211921 1.977344 2.244171 2.188218 2.760772 2.455838 2.201976 1.980806 2.800892 2.893153 2.788305 2.365980 2.079868 1.726340 2.145523 2.317040 2.289914 2.301153 2.823508 2.710264 2.543883 4.276264 3.650025 4.025113 4.340802 3.913919 3.485440 3.754645 3.541688 3.839946 3.854317 3.909116 4.050771 3.628128 3.601676 3.581097 4.308360 3.665674 4.461644 2.329931 3.174741 3.374067 3.224428 2.413412 3.002261 2.402388 3.407472 2.746990 3.887221 3.631803 2.953277 3.684779 3.524965 2.517305 3.383652 3.224867 3.043565 2.484267 3.696559 3.477743 3.450820 3.419759 2.354964 2.516976 2.126892 2.723788 2.732246 2.736699 2.951894 1.945026 2.701558 2.855667 1.927523 2.093885 1.840787 1.670090 1.691538 1.951001 4.046939 2.377401 2.927966 2.983211 3.025359 2.619167 3.279270 2.801042 4.313844 3.675757 5.407811 3.517331 3.058393 2.330295 2.246673 3.107974 2.814500 2.740411 3.278091 2.939347 2.628193 2.683039 2.576147 3.406352 3.682528 3.250065 3.167307 2.958102 3.283852 1.240572 2.266796 1.476176 1.417859 1.663486 1.764189 1.317563 1.607886 3.046831 2.786857 3.108714 2.713362 2.653628 3.190035 1.989235 2.898971 3.335276 3.460745 2.347495 3.035138 2.160492 3.555498 3.289079 2.367320 2.967795 2.729496 2.493895 3.092780 3.063074 2.904571 2.924597 3.138336 2.684198 2.291179 2.341245 2.736075 2.158907 2.419101 3.277119 4.398361 2.739695 2.440957 2.369521 3.274954 2.371540 2.429025 3.270822 4.259629 4.392919 3.111468 2.059774 1.788009 2.729954 2.018766 3.061248 2.653852 3.359892 1.987551 3.565385 2.778280 3.005368 3.526513 2.769964 2.600208 2.392200 2.794370 2.568312 2.797328 2.763597 2.643950 1.594637 1.797317 2.133163 1.818227 2.210898 1.664537 1.811039 1.923642 1.620627 1.718531 1.800251 1.763914 1.644130 1.667392 1.806206 1.419334 2.674287 2.112479 1.448242 1.655169 1.643412 1.689514 1.553394 1.574070 3.322863 2.211795 1.992850 2.379352 1.512340 2.183347 1.774022 1.668594 2.424926 2.606326 1.509066 2.653232 3.037485 1.818663 1.923553 1.793583 1.855266 1.970155 1.425290 1.445071 1.935627 2.650971 2.641596 2.448020 1.537716 1.834476 1.759568 2.257625 2.336528 2.474135 2.602206 2.291389 
1.825949 1.249240 0.000000 0.885674 2.399362 2.166068 2.387712 2.889678 2.174704 2.400504 1.860878 2.113524 2.349552 2.048143 2.223418 2.279361 1.726065 2.159354 2.321325 1.856075 2.384622 2.919105 2.569990 2.457663 4.371862 4.031337 4.087398 4.403087 3.976204 3.581037 3.816930 3.603973 3.935543 4.202316 3.971402 4.123528 4.009440 3.663961 3.643382 4.370645 3.727959 4.523929 2.225902 2.954672 2.687959 2.729919 2.481433 3.287406 2.464673 3.410491 2.788534 3.417443 3.512270 2.719503 3.809895 3.203203 2.558849 3.053586 3.063280 3.399173 2.579865 3.358550 3.168390 3.144414 3.273858 2.071136 2.101339 1.623037 1.507860 3.113558 3.128123 2.832361 1.889469 2.763843 3.093290 1.981389 1.606650 2.009304 1.934751 1.147578 1.192102 4.359286 2.506307 3.127460 2.828025 2.974069 2.636842 3.374868 2.467852 4.617394 3.337130 5.321590 3.451513 3.257887 2.325882 2.527448 2.772725 2.449911 2.653341 3.404568 2.734876 2.535887 2.732364 2.548366 3.129783 3.308159 3.191071 2.918862 3.184823 3.413587 1.342960 2.272839 1.230594 1.293205 1.044755 1.586998 1.201169 1.738414 2.400029 2.993789 3.360943 2.745065 2.184869 3.099291 2.555525 2.483499 3.498795 3.377719 2.599725 3.073073 2.116301 3.648885 3.301222 2.589065 3.103693 2.971254 2.703859 2.695658 2.927290 2.930032 2.887841 2.870298 2.345258 1.957788 1.995212 2.645264 1.949882 1.629169 3.636778 3.764152 2.412137 2.432654 2.159306 2.952861 2.108130 1.784060 2.955725 3.573522 4.105379 2.381777 1.569183 1.421208 2.063407 1.620787 2.880879 2.364467 2.630202 1.603692 2.882753 2.219937 2.275678 3.238973 2.441808 2.874409 2.472035 2.663404 2.670677 2.859614 2.616318 2.652181 1.942636 2.462804 2.083097 1.454200 2.235908 1.749763 2.202822 2.268637 1.575256 2.030878 1.643443 1.603446 1.291123 1.411929 1.348754 1.501456 2.787366 2.016283 1.013997 1.420522 1.305695 1.479270 1.279544 2.113067 3.376712 1.935367 1.469437 2.462186 1.333057 2.300217 1.318203 1.975213 1.669853 2.060567 1.440902 2.385193 2.510018 1.559409 1.761460 1.499777 1.687649 2.223892 0.994639 1.373957 1.825877 2.328878 2.450386 2.179981 1.714024 2.146822 1.909128 2.102439 1.757163 2.016044 2.334167 2.188856 
1.233993 1.211921 0.885674 0.000000 1.954403 1.875273 2.148225 2.590274 1.987223 2.635568 1.831907 2.561260 2.424007 2.408411 2.191623 1.794999 1.620948 2.042236 2.026646 1.820590 2.199620 2.249648 2.130237 2.076212 3.702404 3.361879 3.512882 3.828570 3.462318 2.923239 3.339915 3.029456 3.266086 3.627800 3.477180 3.556705 3.345218 3.089445 3.068865 3.796128 3.153442 3.949413 2.344368 2.655169 2.898288 2.748649 2.131414 2.937387 1.913686 2.741033 2.119076 3.322374 3.119572 2.582224 3.559629 2.903941 1.885644 2.518423 2.531555 3.049154 1.910407 2.876800 2.751840 3.066315 2.720408 1.853289 2.031463 1.635018 1.860641 2.500315 2.778104 2.440482 1.431640 2.189327 2.743271 1.631819 1.331751 2.005809 1.584732 1.018515 1.179257 3.922802 2.384699 2.661124 2.670042 3.025299 2.423516 2.797302 2.386529 4.424841 3.322781 4.983890 3.324130 2.817306 2.250977 1.951187 2.434542 2.357284 1.961039 2.808218 2.435481 1.965303 2.264560 2.072281 2.776226 3.051701 2.398593 2.927332 2.500453 2.940548 1.440403 2.152865 1.307173 1.409661 1.104907 1.317658 0.955031 1.388706 2.655725 2.684470 3.158078 2.670778 2.538498 3.084643 2.618550 2.505091 3.221518 3.355353 2.355074 2.921380 2.055100 3.450106 3.167980 2.261928 2.846696 2.627963 2.290421 2.721239 2.952446 2.803134 2.773042 2.564476 2.494133 1.866675 1.496124 2.437902 1.706397 1.831507 3.172345 4.293919 2.279624 2.174189 1.868085 2.430824 2.293073 1.999129 2.880976 3.783850 4.271821 2.381126 1.659514 1.856035 2.276297 1.880165 2.878524 2.555801 2.791712 1.557741 2.835043 2.032231 2.349454 3.405414 2.329458 2.672000 1.895675 2.649368 2.474823 2.365392 2.225461 2.264686 1.529718 2.093037 1.754857 1.639128 1.754686 1.399745 1.632718 2.149844 1.578486 1.776412 1.369856 1.344172 1.314804 1.260272 1.297080 1.639256 2.499929 1.725746 0.818684 1.262962 1.411238 1.426966 1.514491 1.999510 3.202473 1.828030 1.837122 2.265594 1.690307 2.216224 1.893363 2.228222 2.018113 2.153596 1.360299 2.203911 2.007292 1.731604 1.739703 1.590490 1.776268 2.280501 0.971064 1.141087 1.479414 2.035347 1.966844 2.083910 1.446674 1.836517 1.628818 1.799790 1.803278 2.052571 2.098935 2.107533 
2.499036 1.977344 2.399362 1.954403 0.000000 0.611093 1.813465 2.937527 2.876196 2.811860 2.676514 3.230643 3.416305 3.518133 2.947655 1.768414 2.431034 2.714367 3.000536 2.610311 2.438513 1.925548 2.633759 1.813121 2.815258 2.161337 2.767558 2.975566 2.940562 2.568696 2.899782 2.467596 3.067930 3.319830 3.033865 2.745297 2.647935 2.753597 2.971801 2.720408 2.775591 3.035025 3.083223 3.601293 4.097494 3.645638 2.156963 1.678222 2.508678 1.827661 1.897660 2.679685 2.265211 1.803552 2.490362 2.281868 2.801066 2.167289 1.869576 1.806932 1.786901 2.536033 1.812767 2.202488 2.191315 2.982170 2.776145 2.991750 3.476617 1.327129 1.220697 1.377860 1.137711 1.204218 1.209836 1.639326 1.835077 1.469646 1.510074 2.524345 2.502803 2.174053 2.086915 1.323787 1.202047 1.481775 1.047618 1.478206 1.810637 2.602076 1.875082 3.525010 1.954132 1.387883 2.472297 2.712672 3.828981 3.566921 3.331783 3.898156 3.329518 3.292966 3.549766 3.073897 4.127359 4.403535 3.882960 3.966848 3.540109 4.143367 2.011520 1.811944 1.559327 1.892266 2.066670 1.985983 2.229788 1.359481 3.589363 3.215967 3.414269 3.090990 3.126399 3.570404 2.973023 3.219598 3.659418 3.841114 2.392266 3.338484 2.757078 3.935868 3.590914 2.909852 3.321986 2.896329 2.579528 3.479435 3.438208 3.276793 3.643954 2.193122 2.917068 2.771483 1.943517 3.455431 2.332423 3.181498 1.671627 4.783071 3.051099 2.537898 3.082619 2.991992 2.871762 2.778776 2.226611 4.588438 4.694755 3.909358 2.425232 2.345203 3.016878 2.852413 3.304660 2.912199 4.157783 2.693849 4.363275 3.502872 3.926931 3.939994 2.484703 1.320534 1.100123 1.638640 1.271989 1.198015 1.597810 1.501206 1.315411 1.000113 1.806174 1.853597 1.498035 1.396476 2.290329 1.697812 1.339153 1.275668 1.961430 1.584411 2.128098 1.910982 1.818727 2.155322 2.985691 2.254249 2.239548 1.668220 1.795832 1.777773 1.575186 1.442437 3.656743 2.564375 2.832835 2.541238 2.258221 2.732068 2.580358 2.354208 2.915102 3.243157 2.012699 1.497400 1.870111 1.929371 1.770863 2.609198 1.798590 2.458978 2.263347 2.251567 2.259672 2.331438 1.184819 1.773782 1.559317 1.319001 2.041382 2.602344 1.732917 1.128367 2.700239 2.242844 
2.479934 2.244171 2.166068 1.875273 0.611093 0.000000 2.226226 3.385239 3.112937 3.233934 2.956690 3.373780 3.578303 3.680130 3.395366 2.058614 2.878746 3.162079 3.355173 2.799931 2.940279 1.875781 2.750779 1.977200 2.630056 2.396772 2.683914 2.792446 2.883096 2.395356 2.842317 2.284476 3.089820 3.432204 2.860525 2.741885 2.876184 2.800029 2.924116 2.537288 2.812244 2.851905 3.279256 3.616188 4.261573 3.807635 2.077741 1.788651 2.657051 1.767458 1.826950 2.417648 2.256859 1.441080 2.458133 1.880450 2.800440 1.784885 1.575584 1.856712 1.739215 2.160620 1.506372 1.908307 1.997093 3.406352 2.960530 3.153747 3.301989 1.654199 1.438186 1.395685 0.994491 1.339691 1.217731 1.325809 1.429209 1.719733 1.517872 2.480032 2.192966 2.592146 2.588680 1.765669 1.326357 2.043926 1.598497 1.739277 1.933643 3.110604 2.114759 3.537600 2.101947 1.910886 2.657475 2.974230 3.702700 3.589823 3.284097 4.134103 3.281832 3.224338 3.557564 3.026212 4.043024 4.350614 3.835274 4.044184 3.776056 4.001981 1.752068 1.796213 1.313253 1.908495 2.228419 2.144442 2.617983 1.837717 3.751360 3.663678 3.916035 3.538701 3.311337 4.072170 3.452689 3.435649 4.161183 4.342880 2.894032 3.840250 3.204789 4.437633 4.092680 3.357563 3.823751 3.398095 3.034235 3.641432 3.939973 3.778558 3.966011 2.308060 3.329828 2.935562 1.723484 3.856022 2.489220 3.305521 2.240986 4.907504 3.267151 2.756031 3.266362 3.085483 3.221697 2.940773 2.399188 4.750435 5.070866 4.071355 2.587229 2.709145 3.173640 3.300124 3.806425 3.415630 4.319780 3.141561 4.525272 3.664869 4.091011 4.387706 2.646700 1.242076 1.035602 1.208553 1.008586 1.056888 1.135381 1.401594 1.711474 1.481861 1.759948 2.017677 1.716168 1.560555 2.738040 2.105877 1.076547 1.599807 2.078388 1.370252 1.836108 1.695088 1.345150 2.074331 3.487456 2.079827 2.017191 1.467465 1.683837 1.766246 1.734773 1.970784 4.158508 2.726372 3.166056 2.990647 2.416056 2.865935 2.774309 2.884774 3.077099 3.405154 2.460411 1.642863 1.651367 1.840157 1.717940 2.556275 2.046595 2.527275 2.002729 2.405232 2.421669 2.446377 1.117643 1.984597 1.680339 1.698206 2.409335 2.764341 1.457888 1.408986 2.862236 2.436796 
2.533265 2.188218 2.387712 2.148225 1.813465 2.226226 0.000000 1.387840 2.255462 1.510979 1.910622 1.678116 2.097611 1.931304 1.374052 0.635119 1.717920 1.184518 2.175598 1.718443 1.022324 1.585101 1.629647 1.215948 2.615711 2.632491 2.612977 2.834929 2.715565 2.290381 2.611544 2.226496 2.308579 2.729062 2.563041 2.527131 2.455243 2.185591 2.305996 2.671234 2.404118 2.878572 1.733613 2.077867 2.545426 2.235706 1.285804 1.933321 1.474469 2.924706 2.032798 4.242367 2.658694 3.548052 4.211243 3.656004 1.883933 3.701514 3.467415 2.971380 1.949238 4.138788 3.025223 3.754519 3.789153 2.046753 1.815843 1.788814 2.313515 2.220817 2.063280 2.275878 1.993458 2.198221 2.389686 2.169435 1.948836 1.281295 1.714292 2.381089 2.443193 2.914156 0.692157 1.264671 1.576406 1.257621 1.530833 1.457020 1.504941 3.189028 2.574329 3.768325 3.185073 1.517058 0.887053 1.647711 2.630002 2.277571 2.272469 2.633525 2.161681 2.181437 2.443825 1.821295 2.656289 2.981085 2.630357 2.654508 2.115114 2.948420 2.084733 1.773987 1.631007 1.752482 1.759702 1.533191 2.135755 1.134878 1.933868 1.742290 1.940593 1.548348 1.639783 1.914910 1.464190 1.698186 2.185742 2.367438 1.048782 1.682990 1.101583 2.462192 2.117238 1.570674 1.848310 1.422653 1.041680 1.823941 1.782713 1.784113 2.018506 1.754867 1.474340 1.704226 2.108120 1.865669 1.681823 2.628782 2.135871 3.288659 1.395605 1.256453 2.054969 2.675959 1.705412 1.579046 1.728428 2.863978 2.950255 2.418831 1.313471 1.603543 1.420268 2.252607 1.996833 2.123289 2.729605 1.671390 3.119906 2.108296 2.775360 2.587042 1.865476 2.923833 2.048652 3.055660 2.911601 2.339565 3.066896 2.933367 1.526630 1.779950 1.872738 1.395838 1.534156 1.808873 1.285344 1.392304 2.065962 1.101869 1.124382 1.716056 2.069748 1.877551 2.020729 2.245022 2.058408 1.959420 2.275082 1.805229 1.675045 1.584896 1.449745 1.434258 2.714581 1.478547 2.333323 1.571105 2.003716 2.627967 2.144554 2.004058 2.425072 2.662930 1.306488 1.485440 2.644224 1.825223 1.672220 2.213997 1.340887 1.723444 2.126488 2.045743 1.133269 1.617567 1.765209 0.955186 1.588193 1.202883 1.968695 1.377459 2.364348 1.850566 1.212978 1.043913 
3.042934 2.760772 2.889678 2.590274 2.937527 3.385239 1.387840 0.000000 1.735701 1.693055 2.496296 1.998316 2.000344 1.960359 1.268695 1.658286 1.376845 1.147777 2.214055 1.963909 1.082871 2.183478 1.868147 1.796489 3.059815 3.139040 3.103823 3.411721 3.301793 2.862738 3.228208 2.922447 2.719642 3.428984 3.203311 3.185199 2.857026 2.606690 2.672118 3.133119 2.927051 3.539578 1.870663 2.371359 2.294831 1.214210 2.208614 2.914449 1.785912 3.795418 2.749416 5.322051 3.529454 4.601558 5.221961 4.549298 2.032990 4.625263 4.265567 4.035357 2.497074 5.218472 3.781418 4.808024 4.761864 1.779165 1.342821 1.596693 2.518591 2.916944 3.186998 3.155226 2.876321 2.848613 3.388895 3.257330 2.703331 2.382792 2.688362 3.078150 3.254951 4.026591 1.237440 2.065909 2.460606 1.883598 2.400804 2.049935 2.700903 4.310597 3.664325 4.876420 4.351922 1.989581 1.360030 1.680875 3.026054 2.501330 2.355909 1.832949 2.073880 2.347762 2.777848 1.873466 2.844168 3.372700 2.397539 2.988532 1.838650 3.423804 2.989402 2.603556 2.446579 2.348566 2.104628 1.962707 2.184068 1.877438 1.423002 1.393216 2.149990 1.674977 1.834253 1.702238 1.646734 1.291093 1.484622 1.887858 1.196298 1.175357 1.100319 1.750169 1.098086 1.410246 1.727701 1.197582 0.847951 1.265552 1.299773 1.858790 2.219329 2.228775 1.600382 1.672417 3.054645 1.391073 2.642388 2.410336 3.103075 3.730975 1.285928 1.560106 2.330305 3.474495 1.913969 2.057154 2.481491 2.455763 2.060155 1.689493 1.721388 2.133980 1.220956 1.878270 1.903354 2.273720 2.304754 2.051915 2.351331 2.085500 2.747516 1.603912 2.577286 3.956396 2.960751 4.103930 3.944164 3.439750 3.985391 3.928241 2.536962 2.778262 2.454281 2.157013 2.250023 2.838879 1.002866 2.291775 3.040031 2.206828 1.583220 2.445882 2.867587 2.448031 2.984092 3.065300 1.003641 1.768218 2.531960 2.623804 2.230362 2.311216 2.430859 2.342201 1.995239 1.062396 2.668759 1.921526 2.202821 2.897415 2.447057 2.558147 2.002430 2.102425 1.976983 2.539825 2.903637 2.736387 2.515456 2.143604 2.190332 2.654524 2.408354 2.287552 1.257608 1.976758 2.614405 1.991194 2.428639 2.168701 2.573729 1.096377 3.159296 2.699364 1.476769 1.748837 
2.287359 2.455838 2.174704 1.987223 2.876196 3.112937 2.255462 1.735701 0.000000 2.102739 1.268004 2.977899 2.557927 2.864535 1.628687 2.237374 1.213689 1.541847 1.152428 0.721400 1.366314 3.118028 3.108907 2.809218 4.117192 3.428556 4.172405 4.432401 4.422731 3.469650 4.349147 3.753707 3.735274 3.871524 4.271894 4.360192 3.420108 3.755504 3.793057 4.255756 3.995633 4.662215 3.014808 3.477213 3.262246 1.891240 2.872074 3.732101 2.452112 3.622946 2.790645 5.069818 4.123128 4.193684 4.924420 4.415681 2.942866 4.207072 3.935984 4.053100 2.586725 4.797575 3.675918 4.688943 4.554017 1.299600 0.747891 1.690967 1.953839 3.174698 3.436219 3.419212 2.699328 2.946076 3.770354 2.818042 2.492983 2.758523 2.752860 2.842983 2.975519 3.944585 2.119010 2.383134 3.130934 2.841371 2.670245 3.137940 3.150609 4.688024 3.896501 5.648347 4.330803 2.177691 2.605192 2.409379 3.722031 3.430630 3.261935 1.997474 3.078649 3.193583 3.663776 2.857194 3.869338 4.300070 3.297971 3.978038 2.408743 4.276936 2.932829 2.979583 2.548276 2.595219 1.835532 1.902233 1.632523 1.901501 2.146932 1.558062 2.737666 2.223677 2.779002 2.684772 2.598538 2.444581 2.159726 2.028620 2.140009 2.264028 1.981235 2.017707 1.741021 2.254707 2.252483 2.075012 2.017925 2.293715 1.851327 2.802381 2.963040 3.222733 2.014216 2.384403 2.971754 2.201970 2.908897 2.336702 3.562000 4.710559 2.386328 2.752792 3.209709 3.733896 1.733168 2.187288 3.388065 3.477231 2.571123 2.612174 1.887305 2.335210 2.173262 1.232891 1.913353 2.411272 2.509172 2.043809 2.912859 2.809256 3.423515 1.495808 3.094685 3.759586 3.257311 4.006962 3.848124 3.606568 3.642345 4.016365 2.768996 3.133645 2.603297 2.743460 2.665053 2.930207 1.237984 2.295228 3.088566 2.142641 2.082110 2.405058 2.841426 2.549379 2.843015 2.965437 1.624724 1.685267 2.395921 2.439837 2.268173 2.471400 2.696908 2.309332 1.562194 1.631828 2.099889 1.565628 1.431353 1.756789 2.271110 2.750387 2.188691 2.023372 2.188390 3.099565 2.698523 2.818885 2.778891 2.210953 2.585758 2.949156 2.088486 2.165469 1.812719 2.662048 2.647990 2.576560 1.717639 2.226662 1.464005 1.559543 2.832861 2.358018 2.537031 2.728159 
2.776295 2.201976 2.400504 2.635568 2.811860 3.233934 1.510979 1.693055 2.102739 0.000000 1.628938 1.524030 2.199694 1.718989 1.239775 1.826500 1.860094 1.157389 2.027476 1.621962 1.310909 2.503027 2.315703 2.123991 3.473129 3.792458 3.466836 3.797330 3.547519 3.392707 3.437064 3.196226 3.100565 3.436735 3.319426 3.435044 3.376578 2.933593 3.047300 3.556507 3.241683 3.763845 1.534441 2.414826 2.482411 2.016348 2.200296 2.768228 2.460279 4.084673 3.275214 5.221261 3.739733 4.541694 5.248168 4.815971 2.239714 4.861481 4.627382 3.767562 3.109205 5.293839 4.267638 4.778476 4.949120 1.966270 1.879889 2.115000 2.441667 3.358694 3.090566 3.435846 3.153425 3.358188 3.122203 3.360816 3.063107 2.024073 2.532455 2.954747 3.342489 4.035143 1.061211 2.152407 2.216071 2.020903 2.689372 2.491596 2.795097 4.174477 3.694232 4.896274 4.104952 2.469540 1.135955 1.874042 2.748746 2.269342 2.509833 2.656823 2.414186 2.302961 2.445059 2.134176 2.881150 3.090940 2.864998 2.669269 2.236686 2.921972 2.399306 2.233877 2.505017 2.208552 2.232538 2.049648 2.348518 1.898821 1.724499 1.467794 1.485252 1.211479 1.451829 1.705321 1.144471 1.657795 1.800209 1.901256 1.221512 1.639320 1.135970 1.982271 1.625904 1.400356 1.442423 1.625358 1.570801 1.783356 1.237707 1.489386 1.945507 2.616747 1.637390 1.987735 3.262065 1.885103 2.518198 2.879787 3.326363 3.022502 1.468587 1.537580 2.001483 3.781374 1.912708 1.976158 2.618623 2.718706 2.328874 2.246085 1.591954 1.630031 1.246701 2.157749 2.303107 2.352870 2.961029 2.138108 3.254880 1.927566 2.424112 1.814034 2.870734 4.019891 3.208619 4.016528 3.987995 3.530946 4.226863 4.093334 2.667823 2.542699 3.045856 2.134912 2.544454 2.867643 2.006617 1.949104 3.064237 2.033916 1.761264 2.736214 2.973688 2.671811 3.177862 2.581446 2.135647 3.007625 2.751436 2.551403 2.532375 2.612678 2.333008 1.587616 2.025971 1.579234 1.799887 1.374761 1.900234 2.567490 1.558715 1.600360 2.344450 3.130942 2.193282 2.632199 3.886639 2.741828 2.845671 2.903646 2.121332 2.064428 2.677932 2.735370 1.873082 2.592174 3.007625 2.061168 2.020217 1.831735 1.964789 1.759828 3.468833 2.886085 1.873826 1.824622 
2.065665 1.980806 1.860878 1.831907 2.676514 2.956690 1.910622 2.496296 1.268004 1.628938 0.000000 2.615135 2.597027 2.354291 1.677339 1.976330 1.467720 1.495965 0.591147 0.958424 1.645348 2.634074 2.822413 2.592278 4.151906 3.589795 4.049829 4.365517 3.980519 3.460186 3.816010 3.566403 3.760976 3.593318 3.933832 4.138314 3.348280 3.636863 3.642462 4.333076 3.690390 4.486360 2.609178 3.188553 3.087900 2.746831 2.493843 3.299816 2.427104 3.462681 2.743329 4.750996 3.716862 3.864391 4.469088 4.232237 2.573030 4.111636 3.873999 3.675550 2.585888 4.481166 3.827043 4.252676 4.174872 1.468008 1.615464 1.821709 1.948815 3.109336 3.128429 3.377523 2.727422 3.046176 3.570672 2.719078 2.637997 2.566663 2.267201 2.440192 2.743048 3.810318 1.820017 2.364657 2.752702 2.678798 2.784225 3.012146 2.556161 4.454037 3.815161 5.294696 4.115663 2.654621 2.274019 2.134552 3.114715 2.807608 2.865868 2.398151 3.015985 2.696059 2.994871 2.652786 3.471772 3.650149 3.221446 3.309133 2.443177 3.623738 2.462877 2.587121 2.353371 2.379830 1.903719 2.125880 1.649376 1.854574 2.510554 1.829270 2.377805 1.960522 2.403896 2.811249 2.116980 2.700709 2.629259 2.109396 1.902301 2.690163 1.781200 2.565431 2.515297 2.207924 2.287767 2.306147 2.279126 2.726470 2.248072 2.643925 2.490583 2.917372 2.222581 2.450091 2.620739 2.302061 2.278581 2.458889 3.338484 4.347794 2.409809 2.452615 2.551275 3.474374 1.638908 2.004412 3.033408 3.797739 3.195492 2.740281 1.890785 1.988832 2.241886 1.644893 2.369019 2.651114 2.988705 1.891594 3.331003 2.395484 2.973548 2.302005 3.104970 3.544198 3.236924 3.824088 3.632735 3.501110 3.619935 3.588879 2.425857 2.918256 2.901632 2.575130 2.753995 2.444548 1.720676 2.288763 2.656961 1.942959 2.183482 2.496101 2.355767 2.528993 2.644644 2.760519 2.519614 2.640328 2.269951 2.252024 2.387430 2.483787 2.505048 2.141002 1.992130 2.055879 1.706554 1.707271 1.572382 1.537327 2.044516 2.566172 2.581149 2.876191 1.859929 2.934156 3.175773 2.603496 2.717258 2.502633 2.429293 2.479203 1.967067 2.145298 1.903981 2.646759 2.611014 2.417270 1.479963 1.834995 1.256355 1.838575 2.864377 2.600718 2.381542 2.271164 
3.456482 2.800892 2.113524 2.561260 3.230643 3.373780 1.678116 1.998316 2.977899 1.524030 2.615135 0.000000 1.775235 1.014400 1.591168 1.934284 2.319674 1.953192 3.011228 2.349383 2.117104 2.405699 1.925651 1.852622 3.258569 3.876085 2.822993 3.310376 2.927367 3.134426 2.632066 2.837398 2.803833 3.646855 2.737116 2.670904 3.264311 1.888584 2.015103 2.796775 2.196674 2.797229 1.045109 1.447814 1.123411 1.609084 1.876103 2.523249 2.028430 3.865513 3.165152 5.018198 3.381316 4.323882 5.410719 4.581368 1.736081 4.534478 4.277054 3.885142 2.873806 4.930186 4.157577 4.530349 4.585467 2.699238 2.717497 2.079423 2.405726 3.375955 3.142681 3.141158 2.814757 3.063500 3.211707 3.362833 2.948049 2.178523 2.628054 2.397940 2.802253 4.592272 1.732752 2.857320 2.438737 2.359566 2.964304 2.349538 2.175397 4.538868 3.527497 4.829203 4.124731 3.068838 1.101548 1.780213 2.244141 1.551655 1.995738 2.883682 1.956848 1.617765 1.578674 1.264192 1.718439 1.901363 1.908794 1.629647 2.332647 2.213504 2.866267 2.679058 2.391561 2.296945 1.901518 2.321064 2.728645 2.557232 1.201674 1.799631 1.842139 1.008234 0.821064 1.499409 1.432732 1.047601 2.027208 1.932993 1.811135 1.549033 1.269567 2.130080 1.699042 1.109403 1.500216 1.533447 1.794583 1.223913 1.577013 1.464957 1.811369 2.324868 1.570883 1.503475 3.074135 1.525448 2.296924 2.418413 3.386355 2.131258 1.082134 1.147475 1.597585 3.391222 2.234322 1.558217 2.337215 1.743253 2.591503 1.657003 1.325070 1.674892 0.804638 2.629962 2.671687 2.478330 2.395476 1.834740 2.665797 1.506651 1.784496 2.555075 2.578854 3.985378 2.844966 3.831490 3.687431 3.203942 3.863210 3.729681 2.589884 2.819735 2.935794 1.630408 2.341534 2.576911 2.389167 2.799003 2.979723 2.515150 1.549386 2.852879 2.776836 2.410430 2.845691 2.502602 2.436059 3.357858 2.651979 2.798187 2.501783 2.527695 2.050007 2.708905 3.044654 1.814000 2.474998 2.342143 2.697155 3.591053 2.083516 2.149223 2.198564 2.770603 2.325047 2.298679 3.776578 2.735501 2.760687 2.611766 2.233809 2.573598 2.661915 2.729204 1.900952 2.369260 3.035494 1.942451 3.053429 2.489221 2.977880 2.132525 3.468522 3.235219 1.558388 1.732522 
3.202359 2.893153 2.349552 2.424007 3.416305 3.578303 2.097611 2.000344 2.557927 2.199694 2.597027 1.775235 0.000000 1.541102 1.374968 1.822059 1.846131 1.779672 2.468420 2.382503 1.915023 2.346047 1.664005 1.842015 3.061976 3.165676 3.063135 3.377185 2.952751 2.520486 2.879166 2.358723 2.394344 3.366995 2.876909 3.284033 3.066217 2.748311 2.716898 3.407436 2.546595 3.459216 1.643031 2.072325 1.108319 1.437089 1.985138 2.939646 1.546173 3.619423 2.555314 4.722411 3.077597 4.367068 5.538577 4.442268 2.320795 3.956657 3.951641 3.997293 2.364463 4.480900 3.668358 4.218855 4.029529 2.154490 2.411290 1.343077 1.746479 3.095629 3.296717 3.187718 2.724557 2.752055 3.581959 3.298083 2.535013 2.506890 2.740205 1.997595 2.165816 4.699830 2.103020 2.891137 2.653669 2.682036 2.904717 2.799381 2.296539 4.671848 3.643248 5.019943 4.412290 2.741688 1.879390 1.529898 2.319679 1.728937 2.017922 2.474642 1.459560 1.832582 2.636512 1.898895 1.902873 2.333605 2.369847 1.990631 2.273282 2.778004 3.020303 2.380157 2.435184 1.866453 1.846867 2.200846 2.317385 2.491132 1.527770 2.423131 3.079160 2.301257 1.745879 2.428727 2.375218 1.746142 2.731685 2.762253 2.276155 2.379663 1.738646 2.936690 2.532996 2.004252 2.450712 2.213657 2.096658 2.110721 2.228935 2.524090 2.604030 1.546598 1.310696 1.122421 2.317074 1.851380 2.008713 1.303843 3.544301 2.720613 1.764838 2.159392 1.773603 2.092808 2.027115 0.983035 1.491616 1.516985 3.455018 1.497083 1.583031 1.741715 1.527433 2.263362 2.059709 2.030036 1.530500 1.770990 1.222175 1.214997 1.555070 2.674858 1.226352 4.067706 2.771435 3.490173 3.838725 3.302897 3.677496 3.645728 2.460727 3.012591 2.380806 1.822467 2.092059 2.482165 1.824859 3.103683 3.091875 2.631552 1.632542 2.691596 2.238236 2.111922 2.795624 2.361654 2.251624 2.943543 2.303255 2.848282 2.321825 2.445068 2.378374 2.948171 2.918088 1.499320 2.617221 2.448544 2.764966 3.428884 2.134286 2.652380 1.947724 1.615624 2.034472 2.039168 3.272901 2.413117 2.263807 1.785273 1.911426 2.258701 2.433535 2.318932 1.446435 1.891203 2.848059 1.828063 3.024247 2.539371 3.022570 1.734542 3.311523 3.393576 0.994087 1.678044 
3.257595 2.788305 2.048143 2.408411 3.518133 3.680130 1.931304 1.960359 2.864535 1.718989 2.354291 1.014400 1.541102 0.000000 1.346533 2.070548 2.118623 1.655651 2.563067 2.347954 2.111847 2.200583 1.751723 2.083227 3.479195 3.953531 3.190223 3.695288 3.121681 3.171900 2.957172 3.053769 3.106632 3.755119 3.069758 3.279476 3.507631 2.778025 2.783623 3.473718 2.826316 3.622286 1.413886 2.058747 1.137772 1.337723 2.178549 2.926160 2.100136 3.844195 2.625386 4.908647 3.381471 4.317204 5.424188 4.611347 1.950926 4.426525 4.296996 4.055537 2.783260 4.805068 3.982681 4.523671 4.446101 2.197024 2.733183 1.395390 1.685055 3.441482 3.398544 3.449136 3.098545 3.263370 3.683786 3.427790 2.884412 2.619189 2.690342 2.284752 2.694301 4.662091 1.802400 2.873006 2.755496 2.386902 3.021631 2.527239 2.368634 4.753271 3.755134 5.102345 4.524589 3.063581 1.548807 1.651020 2.136188 1.371506 1.925337 2.304001 2.087752 1.525946 1.793997 1.681875 2.027633 2.195318 1.985365 1.916869 1.940430 2.394367 2.851860 2.778170 2.547482 2.214080 1.713849 2.336750 2.236233 2.660419 1.285946 2.161667 2.437228 1.461961 1.434515 2.037034 1.794835 1.734202 2.451640 2.325421 1.814507 2.052096 1.405672 2.633144 2.099982 1.734632 2.081565 2.069202 1.961124 1.750506 1.939050 2.172879 1.547519 2.081164 1.494074 1.627222 2.759046 1.040888 2.047166 1.747706 3.802441 2.360215 1.365563 1.681403 1.488035 2.914718 1.773190 1.319413 2.058293 1.556792 2.652847 0.945749 1.251090 1.256699 0.809163 2.123122 2.474141 2.505444 1.407466 1.238801 1.694486 0.999654 1.230900 2.277945 2.374545 4.248970 3.192087 4.095083 3.951024 3.474368 4.048168 3.590315 2.666734 3.124889 3.004339 2.002108 2.527921 2.570232 2.103169 2.815739 3.096065 2.733379 1.940254 3.064509 2.447436 2.680357 2.916137 2.749196 2.420331 3.265436 2.480392 3.101506 2.570743 2.669369 2.490672 2.917632 3.005397 1.857065 1.832145 2.337214 2.565984 3.444576 1.695519 2.334146 1.827279 2.248733 1.641015 2.433848 3.274364 2.709526 2.584457 2.217660 2.134131 2.443272 2.267809 2.226990 1.638273 1.867046 2.904242 2.035301 2.877479 2.641198 3.030859 1.900581 3.159884 3.250905 1.461439 1.411716 
2.447994 2.365980 2.223418 2.191623 2.947655 3.395366 1.374052 1.268695 1.628687 1.239775 1.677339 1.591168 1.374968 1.346533 0.000000 1.353408 1.151238 0.511490 1.525976 1.316071 0.928822 2.067234 1.792862 1.669786 3.136954 2.982620 3.138113 3.452163 3.276794 2.593114 3.208445 2.719829 2.755037 2.786405 3.237602 3.296184 2.421159 2.749089 2.760463 3.289447 2.907288 3.681977 1.639081 2.178261 1.809324 1.346377 1.975976 2.697809 1.588629 3.436486 2.430043 4.963119 3.170523 4.242626 5.069926 4.259332 2.119911 4.266331 3.906635 3.814356 2.206967 4.859540 3.543087 4.449093 4.402933 1.395804 1.490346 1.284590 1.868038 2.626978 2.828066 2.962897 2.679552 2.558647 3.399023 2.898398 2.398454 2.323954 2.536327 2.489088 2.874057 4.036718 1.074139 1.918575 2.534769 2.194190 2.410931 2.375065 2.387022 4.182793 3.605486 4.817581 4.224118 1.820745 1.581067 1.308087 2.596668 2.100264 2.104153 1.683351 1.814111 2.087608 2.462872 1.656290 2.570386 3.001118 2.294946 2.595316 1.454100 3.159802 2.837367 2.420108 2.371239 2.235362 1.554711 1.799713 1.525043 1.887565 1.481403 1.369763 1.946275 1.178940 1.870158 1.544844 1.715989 1.620894 1.635911 1.611728 1.508533 1.495903 0.997394 1.786563 1.434914 1.296597 1.327203 1.535261 1.329036 1.740043 1.111745 1.829172 1.744861 2.038123 0.912558 1.428948 2.695713 1.153196 2.283457 1.842653 3.044236 3.280739 1.271551 1.812096 2.050592 3.115563 1.414395 1.351395 2.184857 2.261616 2.308037 1.377552 0.963274 1.367403 1.125170 1.394495 1.551597 1.814816 1.783983 1.199046 2.219804 1.522168 2.120421 1.593315 2.295049 3.705573 2.737804 3.853107 3.693341 3.188926 3.680514 3.569309 2.178030 2.565785 2.313907 1.936714 2.053254 2.479947 1.126802 2.275659 2.887996 2.162901 1.426076 2.429831 2.636115 2.365105 2.731678 2.828069 1.588224 2.308314 2.265487 2.602518 2.152435 2.289929 2.372020 1.988142 1.906326 1.182978 1.638374 1.334806 1.659017 2.432792 1.812056 1.975639 1.848456 1.975771 1.664140 2.343055 2.840354 2.715101 2.494169 1.816934 2.155412 2.502489 2.151392 1.782488 1.034830 2.041742 2.447458 1.932355 2.051685 2.070720 2.088317 1.312467 3.092208 2.888546 1.298187 1.437756 
2.261454 2.079868 2.279361 1.794999 1.768414 2.058614 0.635119 1.658286 2.237374 1.826500 1.976330 1.934284 1.822059 2.070548 1.353408 0.000000 1.645778 1.327018 2.079927 1.808463 1.267380 1.331059 1.190541 0.930802 2.378215 2.063918 2.318144 2.571005 2.456181 1.819124 2.415540 1.784998 2.145706 2.290043 2.273369 2.448514 2.160411 2.092985 2.105282 2.538564 2.113891 2.691848 1.771822 1.879938 2.488673 2.138511 1.105656 1.760315 1.222449 2.289587 1.587125 3.758006 2.082398 3.063690 3.864813 3.089851 1.767096 3.066395 2.832296 2.624950 1.314119 3.654427 2.631124 3.270157 3.218762 1.833434 1.905863 1.716672 2.271545 1.713487 1.637742 1.763779 1.537035 1.632067 2.264241 1.599044 1.419209 1.339317 1.367862 2.075227 1.971575 2.958975 1.093488 1.187482 1.457208 1.609848 1.554475 1.886032 1.522332 3.100996 2.652340 3.696305 3.174128 1.568998 1.466790 1.217996 2.228910 2.012871 1.834192 2.415140 1.650109 1.790000 2.349595 1.576307 2.411301 2.886855 2.385369 2.560278 2.057093 2.854190 1.778368 1.486974 1.385774 1.735658 1.664031 1.653736 2.063613 1.119870 2.256067 2.172597 2.556867 2.068804 2.135564 2.399271 1.883093 2.048464 2.670103 2.851799 1.493078 2.167351 1.369728 2.946553 2.601599 1.758374 2.332671 1.907014 1.361336 2.254248 2.267074 2.105659 2.315683 1.348872 1.539307 1.366010 1.543584 1.995883 1.306441 2.344173 2.043954 3.598881 1.879966 1.658548 1.773393 2.051691 1.678336 1.573741 1.577454 3.156354 3.434616 2.315112 1.368757 1.696427 1.736334 2.180465 2.140907 2.095388 2.563536 1.476954 2.968657 1.908626 2.534786 2.735886 1.643899 2.493525 1.609947 2.625352 2.481293 1.846439 2.457996 2.411316 1.161314 1.533108 1.641356 1.370542 1.373971 1.399705 1.272026 1.677357 1.719531 0.974199 1.017294 1.530531 1.833958 1.592369 1.617942 2.189805 2.261306 1.753097 1.827738 1.532138 1.533373 1.667343 1.557611 1.633968 2.917479 1.556264 2.261182 1.774003 2.119180 2.555825 2.223171 2.181574 2.372423 2.452857 1.367898 1.309500 2.196071 2.068838 1.685612 2.003924 1.632394 1.644973 1.927099 1.694494 1.119951 1.329745 1.455807 1.164880 1.502103 0.937273 2.178316 1.317082 2.215199 1.915660 1.105993 1.053597 
2.094069 1.726340 1.726065 1.620948 2.431034 2.878746 1.717920 1.376845 1.213689 1.860094 1.467720 2.319674 1.846131 2.118623 1.151238 1.645778 0.000000 1.123055 1.371940 1.310774 1.342677 2.386910 2.346376 2.175737 3.579650 2.828187 3.580809 3.894859 3.665436 2.769946 3.597086 3.162111 3.197732 3.457534 3.680298 3.723173 2.909379 3.191784 3.203159 3.718214 3.295929 4.124673 2.248099 2.763749 2.399974 1.764153 2.334532 3.140505 1.752408 3.072709 2.143718 4.781160 3.423424 3.878848 4.499252 4.008406 2.232691 3.902553 3.542857 3.312647 1.857026 4.495762 3.469730 4.267133 4.039155 1.365544 1.132761 1.034327 1.708009 2.397015 2.733532 2.766026 2.369828 2.211975 3.175775 2.534620 2.270548 2.143002 1.965652 2.307128 2.692097 3.538626 1.825919 2.314109 2.662357 2.493294 2.118973 2.665413 2.634077 4.150482 3.339649 5.110805 4.027247 2.029132 2.067650 1.620919 2.954512 2.631698 2.421118 2.002397 2.265708 2.426065 2.796781 2.059960 3.101820 3.532552 2.483152 3.116279 2.131689 3.509418 2.310579 2.246386 1.962235 1.932577 1.378085 1.394683 0.853028 1.414832 1.715343 1.807895 2.431798 1.879060 2.110819 2.006795 1.945369 1.752710 1.868052 2.007243 1.655715 1.943689 1.283443 2.091521 1.660021 1.558327 1.882619 1.650808 1.716530 2.110866 1.709453 2.210799 2.143486 2.507322 1.487593 1.719509 2.513754 1.431407 2.318897 1.397961 2.972102 4.052333 1.697941 2.165542 2.436955 2.950977 1.973934 1.552289 2.742415 3.087760 2.687521 1.795829 1.158468 1.457785 1.770293 0.996381 1.989513 1.674819 2.226826 1.238573 2.229888 2.007163 2.503651 1.943196 2.400630 3.395849 2.584198 3.725201 3.383617 3.011990 3.370790 3.207269 1.970370 2.471003 2.113899 2.083467 2.010296 2.126346 0.795248 1.868509 2.430174 1.548062 1.464003 2.026063 2.316224 2.099268 2.396080 2.631197 1.087817 1.771750 1.738700 2.129785 1.795726 1.955127 2.106183 1.877462 1.854941 0.880072 1.611706 1.398424 1.582782 2.118504 1.612861 2.035125 1.210463 1.714791 1.459360 2.463102 2.712943 2.369827 2.153237 1.577954 1.934776 2.312217 1.732413 1.655078 1.086193 2.190263 2.219931 2.022610 1.737397 1.646995 1.735720 1.401103 2.688935 2.470362 1.914021 2.046233 
2.150688 2.145523 2.159354 2.042236 2.714367 3.162079 1.184518 1.147777 1.541847 1.157389 1.495965 1.953192 1.779672 1.655651 0.511490 1.327018 1.123055 0.000000 1.378410 1.262242 0.567132 1.968723 1.814710 1.646407 3.222877 3.050453 3.158489 3.472538 3.243116 2.606893 3.174766 2.765416 2.884019 2.772645 3.257977 3.327031 2.475003 2.769464 2.780838 3.404046 2.873609 3.702353 1.835537 2.364246 2.231077 1.800140 1.940256 2.718185 1.588178 3.356041 2.312121 4.882675 3.098268 4.162181 4.782585 4.109921 1.910192 4.185886 3.826190 3.595980 2.220746 4.779095 3.504204 4.368648 4.322488 1.244151 1.356810 1.241477 1.895739 2.496413 2.801676 2.867540 2.653161 2.539489 3.207681 2.817953 2.372063 2.159632 2.248985 2.511244 2.824430 3.665499 0.912829 1.647811 2.235528 1.857473 2.108678 2.151900 2.281365 4.087437 3.441164 4.653259 4.128762 1.713170 1.522414 1.465229 2.763590 2.290740 2.261296 1.946140 2.130002 2.244751 2.605274 1.852746 2.702316 3.181948 2.521100 2.776838 1.642777 3.291733 2.412094 2.122652 2.079457 2.054146 1.704341 1.493646 1.565674 1.516347 1.487578 1.179381 1.701240 1.344139 1.711315 1.576682 1.396291 1.526519 1.511372 1.703478 1.180360 1.273967 0.858802 1.727643 1.524954 1.217191 1.312562 1.353129 1.109173 1.508106 1.095224 1.617514 1.910930 2.029656 1.269061 1.532630 2.615269 1.537473 2.203012 2.228112 2.879914 3.638793 1.290450 1.614089 2.207735 3.035118 1.405177 1.686213 2.230445 2.599400 2.378010 1.797511 1.292917 1.569059 1.319225 1.397649 1.660038 1.826139 2.131964 1.475229 2.639764 1.874910 2.391139 1.688500 2.279130 3.679182 2.716649 3.826716 3.666950 3.162535 3.654123 3.488864 2.097585 2.539395 2.381739 1.910324 2.026863 2.399502 0.924390 1.843435 2.531689 1.791683 1.330720 2.132814 2.417739 2.233726 2.523773 2.780179 1.715977 2.200739 1.892857 2.241771 1.850182 2.067113 2.207698 1.627394 1.891036 1.001046 1.550780 1.025114 1.526512 2.090112 1.751511 2.080030 1.909140 2.206466 1.408288 2.316664 2.807643 2.492284 2.271353 1.813487 1.922125 2.111468 1.818742 1.732934 0.928414 1.926833 2.283136 1.832069 1.642990 1.699501 1.789614 0.999909 2.698424 2.479851 1.385928 1.408469 
