236 236
0.000000 11.835658 13.012570 8.518204 18.752355 17.974209 17.654436 19.796211 19.256228 19.635580 17.431284 22.165008 21.113916 22.516853 17.570622 18.085888 17.123397 16.751270 14.697971 17.463780 16.716396 25.065815 23.418919 22.728895 27.744707 30.219600 30.981420 30.279789 30.651175 27.962176 30.586393 28.370007 28.216025 27.466511 27.696114 33.014339 25.426320 25.644175 25.769090 28.979793 27.039857 29.499359 21.967185 19.859504 24.481372 24.251506 19.222462 26.519243 20.478080 24.841163 20.100903 32.299370 28.355482 26.879085 29.142977 28.561954 17.555402 24.748394 26.683668 26.543207 18.804413 28.857768 27.275620 30.006643 28.968330 14.464437 15.285337 18.033652 17.966847 21.335350 22.542616 24.298120 17.045549 22.526302 24.460021 13.521132 16.221174 19.458500 16.387138 12.317129 14.472272 37.938223 19.953212 24.066821 25.780078 24.568956 23.827883 25.854613 23.752088 43.499933 35.158253 46.083900 37.715291 23.642140 20.644500 16.634733 17.793081 22.848763 18.772630 20.048400 22.757688 19.862206 22.369841 20.502281 23.512841 25.636527 20.233210 26.433772 17.551897 22.985732 14.310652 18.504850 13.981349 14.809673 14.157318 13.019099 10.745222 12.506856 23.422129 18.358581 23.458619 19.207058 23.400220 24.065617 20.415262 21.854763 21.944800 22.876465 19.491452 22.117229 18.560722 22.770595 22.464644 18.620870 20.815485 20.245683 18.467509 22.934611 22.423607 23.531104 16.435234 25.330690 18.358558 20.515215 20.161523 19.269081 20.630910 21.656221 28.403413 30.528210 20.206517 20.014730 17.536439 27.241681 18.908458 21.186605 31.132744 29.768869 25.163883 20.648543 18.861195 16.524118 20.328965 16.529153 20.996012 26.457598 28.845062 15.523437 23.914861 17.819023 21.423254 29.906756 28.855207 24.552310 21.813243 25.517478 23.960091 23.337019 22.197501 23.346344 16.898831 19.031335 18.985543 18.139924 18.493041 17.517134 12.579393 13.273622 17.005586 12.934463 14.018061 15.843288 14.006307 13.609235 16.765287 15.481244 21.963281 15.288662 13.708776 14.363081 14.929933 14.764430 17.909476 16.973068 20.117329 16.203701 15.129109 16.092041 12.379201 14.020930 19.108179 18.712018 18.536494 27.679097 22.418514 24.522746 24.522580 18.025369 19.802830 17.538345 26.915852 17.288645 11.172277 11.606541 14.662232 20.233533 23.109362 22.216837 13.030608 15.018697 11.986157 17.278342 20.203418 21.146633 20.599706 21.997654 
11.835658 0.000000 8.960026 7.954656 15.340019 16.927090 15.956506 17.997662 18.584977 14.993060 14.789493 17.459177 18.595649 18.776911 16.865917 17.242187 14.336802 16.130181 16.229036 18.028911 16.676726 23.473678 21.597187 20.455276 32.444420 29.908453 29.404670 34.014536 27.471649 27.014591 27.215546 26.932705 29.513091 32.917432 28.676836 30.025021 24.967204 23.606471 23.492818 29.707813 23.925905 30.392881 14.527600 22.897719 20.609189 20.565103 17.265697 21.455269 17.586829 24.852960 19.591195 28.694352 25.997644 22.449587 26.923195 27.175775 15.985614 24.394639 25.070529 20.590330 16.464815 27.445532 26.502980 25.176124 26.622845 16.182099 15.997530 15.238283 18.360774 19.803023 20.299075 21.808369 15.596081 19.675535 19.586753 15.082320 15.281708 12.133953 10.344795 11.869971 12.741182 37.264391 18.355032 24.626520 23.351344 21.950664 23.170145 24.134467 21.270932 40.354462 33.235388 43.804901 33.134905 24.306797 16.999547 14.745924 20.686811 17.805109 16.940467 20.527555 18.527336 16.652710 16.817727 15.791591 20.562179 22.732208 20.357732 19.540415 18.232819 21.133403 8.336098 14.139468 10.501687 9.277428 10.939822 10.747235 9.857926 10.961275 20.635534 17.345957 19.692955 16.768598 17.038090 19.918261 12.038864 17.835970 21.026934 22.854501 15.455719 18.994534 13.996568 21.551056 20.551038 14.497202 18.738346 16.810329 15.738374 18.920353 21.225428 18.984962 19.257814 24.314741 17.320750 18.072882 19.697463 17.645880 18.531118 20.046558 26.720416 30.422636 17.443485 16.424007 14.674700 28.564794 18.509960 18.307582 29.355105 25.967744 28.805287 19.100943 15.600068 11.668971 17.046593 15.081965 20.538853 24.600919 26.702515 13.424164 21.699650 16.096145 18.263335 27.486101 26.563294 21.238395 17.749340 20.399037 20.110468 20.855112 20.899887 20.176175 12.915167 13.373482 16.704871 12.894383 16.496373 12.638662 11.008215 12.901437 13.384995 13.852471 13.423940 13.747402 12.071515 11.500951 14.508503 10.408938 18.202834 15.777625 11.852065 12.224406 13.760024 13.057005 12.845756 12.762792 19.870149 14.678647 14.537561 16.516876 11.209499 15.682622 11.590940 10.609102 15.756776 25.719458 20.025533 21.999547 24.531128 15.029885 17.540068 15.811553 22.294482 12.711256 9.108017 10.597713 12.470252 17.897255 21.858453 18.199040 11.518809 10.730913 11.050165 14.059950 20.435818 20.565176 18.916432 17.626772 
13.012570 8.960026 0.000000 5.855384 18.113328 16.641741 16.123530 17.942644 17.487570 15.672011 14.529107 12.843816 15.811591 13.893008 15.062262 18.264622 12.623223 15.329012 14.850290 14.347811 16.635431 23.320693 19.899866 19.882751 34.486302 32.063710 31.086231 35.685569 29.341715 28.885640 28.897106 28.614265 31.513737 36.141313 30.405523 31.798773 28.592641 25.288032 25.386447 31.389374 25.636920 32.074442 14.227526 20.667820 17.010151 18.183929 18.581488 24.519239 19.268390 25.998376 21.140219 27.041621 25.588323 22.618509 28.527878 26.485251 17.414425 23.742876 25.113941 23.552283 17.886525 26.792440 25.293034 24.859027 27.121191 13.190555 13.779336 12.365609 10.684423 22.787903 22.684172 20.704931 15.824944 20.901753 21.560374 16.283464 13.194023 14.470297 13.213311 9.186787 9.493712 38.246469 18.571113 24.793544 21.568791 21.401437 22.114858 23.981481 18.931517 41.191528 30.226233 42.429605 32.327430 24.473821 16.828342 17.706245 19.450835 16.725883 17.785444 22.452070 18.659099 17.443480 18.262989 16.908077 19.973830 21.315175 20.882022 18.990646 20.871117 23.286360 9.542353 13.507472 9.141988 9.458566 8.376057 10.582657 8.169611 11.602690 15.451697 19.064120 21.787000 17.604872 14.380183 19.771534 16.307625 15.939463 22.904947 21.055352 17.044732 19.496309 13.931621 22.789925 21.016124 16.672676 20.043439 19.040993 17.545225 17.298439 18.891239 19.814650 19.582630 21.717134 15.070659 15.109822 17.116985 16.646088 16.339564 14.496117 27.986583 26.288295 14.179510 15.669985 13.741944 25.857232 15.952221 13.483976 26.483132 22.267407 27.431845 15.476463 11.844236 9.773938 12.788419 11.757219 18.627611 21.809211 20.791731 11.434560 18.094437 13.660696 14.230230 25.900590 23.646329 24.071515 19.563358 20.861377 21.918206 22.426127 21.009228 21.565165 15.347397 18.147322 17.261785 11.475252 17.117082 13.958073 13.148488 15.450117 12.848840 14.637886 11.919462 14.049217 9.431077 10.380354 11.271175 10.352842 19.051507 16.251770 9.926045 10.589891 10.680771 11.549280 11.417234 16.077486 20.162532 11.786283 10.712859 16.969510 8.507494 15.764297 8.865131 12.537709 11.137780 21.553794 18.465829 19.401941 21.527220 12.358410 15.370445 12.879623 20.372175 15.467824 6.890094 10.677907 12.653542 16.683182 20.032523 17.625467 13.722183 13.324691 12.638497 13.595533 16.099666 17.028295 17.511136 16.513394 
8.518204 7.954656 5.855384 0.000000 15.115350 14.185975 15.069348 16.255815 16.290801 17.434188 14.547621 15.765865 16.141972 16.305901 15.144266 15.148741 12.673250 14.653580 13.642360 14.732417 15.273240 19.503596 17.577469 17.356472 30.003299 27.704414 27.266975 31.866313 25.789170 24.592664 25.705685 24.795010 27.030734 32.322057 27.056181 28.041440 24.155734 21.468776 21.443484 27.570118 21.788210 28.255186 14.931815 19.230250 18.427971 18.352896 16.207834 22.145585 15.586317 21.554795 16.780923 26.060977 22.991378 20.954201 26.374376 24.020547 12.922854 19.722131 21.389138 20.970638 13.482869 23.236291 22.406076 24.024580 23.310929 12.203228 13.052927 12.303301 13.101634 18.748368 20.310518 18.102911 12.334727 17.082498 19.186720 13.170356 10.850667 14.155529 10.631666 8.194644 8.822987 35.855891 17.758060 22.335932 21.023082 21.683584 21.286822 20.713107 18.475604 40.453892 30.615987 40.800311 31.963838 22.153400 16.234423 13.840419 17.168189 16.036866 13.217657 18.478711 16.568350 13.603596 15.334460 13.717421 17.699714 19.831884 16.028620 19.128361 16.361242 20.194270 9.654700 12.718749 9.197005 9.798076 8.591626 8.727854 6.656999 9.195933 17.429662 16.857763 20.499855 17.034033 17.053994 19.736544 16.528219 16.048576 20.836448 21.190949 15.293372 18.327422 13.814851 21.290419 20.231035 14.406543 18.185468 16.608914 14.861591 17.341837 19.515781 18.853357 18.807689 20.344658 15.847721 15.001704 14.474522 15.500754 15.446617 16.145225 25.355501 29.715065 13.918719 14.313436 11.819792 23.072952 17.543023 15.200776 26.498287 23.786526 28.573645 15.558154 12.721239 12.603626 14.286648 13.742400 18.815216 23.334463 22.505400 11.359987 18.025469 12.473982 14.985185 27.166098 23.417413 22.197865 15.749931 20.252246 20.086764 19.123911 17.810192 18.714211 12.505914 15.600757 14.713106 12.540646 13.855250 11.500135 9.299735 14.448400 12.317814 13.160496 9.942510 11.907795 9.187661 9.007890 10.891761 10.711198 17.226952 13.841298 8.333701 9.048770 11.355228 10.771644 12.647633 15.121864 19.137110 11.251138 13.268998 15.364011 10.466349 14.645371 12.761952 14.121610 13.417608 22.503426 18.496661 18.831404 18.422341 13.568575 15.346036 13.473526 21.451677 15.813263 6.230127 8.815729 10.255371 14.847646 17.464116 17.061427 11.762552 11.204406 10.921434 11.904167 16.281702 17.576578 16.008011 16.168026 
18.752355 15.340019 18.113328 15.115350 0.000000 3.980790 13.323129 20.314733 22.882032 20.323070 21.068607 21.812129 22.323423 24.732513 20.904574 13.262665 20.332828 21.108281 22.266369 21.571043 18.888745 15.719469 19.180182 13.694051 22.974606 18.827466 20.744584 24.614441 21.060558 20.449554 20.947946 18.407479 24.234714 27.849917 22.591964 20.788407 18.543472 18.646060 20.046168 18.742509 18.250756 20.065829 21.757813 26.631020 28.769871 25.376959 15.228540 11.453113 17.317808 12.526179 12.432569 18.308850 15.057457 12.999787 16.890506 16.393890 21.504979 14.962885 14.258080 11.395694 11.052672 17.591834 13.124856 15.514085 16.437697 21.892845 20.447780 22.187300 24.938582 8.992606 8.050121 9.366556 7.455312 7.816481 7.696443 11.167654 11.930530 10.522520 10.971768 17.304851 16.586396 22.918700 16.185699 11.876006 10.784644 10.755246 10.767744 10.804784 12.592542 26.973676 19.305540 29.402401 20.794410 11.129243 18.932066 20.549539 27.725272 25.929427 24.432183 27.642080 24.193266 24.085423 25.952682 22.714762 28.485226 30.743107 27.981263 28.242745 25.104508 29.798386 14.854260 12.972710 11.303996 13.974538 16.034513 15.388761 16.533898 10.577498 25.983591 22.848367 23.941610 22.393291 22.304972 24.861995 20.896022 22.906597 25.276068 27.236485 17.897201 22.930954 20.952968 26.814649 25.398312 20.336195 22.924443 20.298541 18.613424 24.137636 25.243213 23.644012 26.686042 16.070195 20.045842 19.374884 15.527593 24.233860 17.617382 24.623107 14.063950 35.766339 22.608154 18.300751 21.946455 25.495154 19.812475 21.560811 19.950350 31.781881 34.335893 27.813942 19.441327 18.365128 21.841855 21.865333 24.935191 27.353477 33.257358 21.400740 30.106327 24.099010 27.607353 32.337737 22.018930 10.608223 9.049472 11.677191 9.368020 9.763248 11.726471 12.030273 9.150480 6.975065 12.459194 12.295206 9.252432 9.453277 16.012941 13.144661 9.967793 10.381844 14.315529 13.325986 14.454762 13.240533 13.458939 14.901937 22.122662 16.589345 18.260961 12.743302 14.298095 13.292290 12.525556 12.099765 24.351083 17.992316 20.989936 18.440938 16.356448 19.748592 19.011300 16.828147 21.896545 30.238546 23.018893 12.143366 14.597116 15.074025 14.747128 19.305471 21.760587 16.828299 16.003842 15.323791 15.234188 14.491276 10.122639 13.804582 13.481024 10.224096 16.381692 18.422299 13.310941 9.516424 18.611843 15.633213 
17.974209 16.927090 16.641741 14.185975 3.980790 0.000000 14.834995 22.482594 24.649714 22.534438 23.022721 22.211861 22.906469 25.587040 23.072434 14.330567 22.500688 23.276141 23.734301 22.418516 21.378629 15.110361 19.626569 14.414804 21.427769 19.482499 20.085402 23.079447 20.631852 18.970681 20.519241 17.326076 23.900963 28.125433 21.113091 20.681726 19.657086 18.564895 19.489779 17.207514 18.186978 18.530835 22.558463 26.024931 29.364760 26.507849 14.031224 12.189786 18.340184 12.716687 12.298378 17.578564 14.801343 11.664163 17.175757 15.162772 21.139586 13.139858 13.003806 11.673527 10.442367 16.132032 12.250935 14.384563 16.216903 23.570074 20.782906 23.273446 23.092822 10.788350 9.014326 9.160061 7.243101 9.119354 7.415681 9.385869 9.694599 11.645195 10.677911 16.970214 15.103687 24.873985 18.675583 14.111737 11.186733 13.666644 13.708776 12.060698 13.099714 29.733503 20.593214 29.467914 21.948289 14.062097 19.532246 21.589284 26.253590 25.701217 23.792425 28.532798 23.553507 23.261283 25.655868 22.075003 27.522800 30.057253 27.341504 28.336386 25.995227 28.258099 13.120173 12.036319 9.966485 14.138276 16.616494 15.786782 18.619096 12.974314 26.291027 24.973733 26.936845 24.518658 23.536462 27.627489 23.227150 23.811668 28.271303 29.408266 20.310502 25.655212 23.078334 29.262040 27.845703 22.826791 25.919677 23.093489 20.786448 24.720682 27.733098 26.639247 27.705120 16.229061 21.264797 20.095637 13.907000 25.820663 17.904387 25.085652 17.274550 35.561633 23.007874 18.995072 22.420555 25.440318 21.183946 21.768105 20.839760 32.364928 35.676995 28.396989 19.801781 19.752969 22.307741 24.209539 26.877231 29.852836 33.882898 23.526107 30.689373 24.682057 28.202242 35.010948 22.911645 11.212839 8.650379 9.907334 8.862840 8.501522 9.711984 11.639485 11.302721 9.486075 13.000125 12.973465 10.918124 10.187491 17.754356 14.630986 8.614630 11.458215 14.541011 12.990366 13.153519 12.737975 11.200247 14.544614 25.117897 16.083289 17.548746 11.981328 13.914188 13.429624 13.651897 14.776513 26.801431 18.620813 22.883551 20.469868 17.449638 20.594212 19.888469 19.694460 22.482549 30.864086 25.186753 12.946556 13.622922 14.877911 14.616770 19.175112 22.913912 17.058661 14.903333 16.865287 16.368036 15.347800 9.824555 15.211401 14.262914 11.949756 18.299581 19.553189 12.124722 11.002959 19.561123 16.547884 
17.654436 15.956506 16.123530 15.069348 13.323129 14.834995 0.000000 9.590289 17.279365 11.546310 14.957524 11.666781 14.341578 14.366463 9.293520 6.132547 12.942457 10.299593 14.443228 13.205937 8.808519 13.317880 12.278098 10.661744 23.113113 21.937150 21.704090 25.450755 21.541898 19.961409 21.080818 18.290475 21.125026 25.620453 21.216418 21.380953 19.315182 15.861801 17.252296 20.275946 17.362897 20.888355 13.110897 15.203020 18.982323 15.909435 10.118270 15.069924 11.682217 22.625591 15.351687 29.400345 20.915164 25.721263 29.399401 26.774299 15.562218 26.192311 25.523961 21.990109 14.708550 29.158074 22.299288 26.514370 28.174071 13.830966 12.502757 13.628934 15.486776 17.633574 16.149075 17.306497 13.948731 16.838952 17.228643 15.816234 13.008197 10.117992 13.174761 14.896173 15.692823 26.150353 6.287119 11.052408 11.466805 9.638736 11.965135 10.821626 11.323067 29.559446 22.150152 31.734906 26.043852 11.303349 8.324981 13.330174 18.981133 17.338025 17.254403 19.346174 16.029237 16.591550 19.017749 14.835439 19.060926 21.706173 20.101940 19.927224 16.244586 22.079831 14.623027 12.821478 11.220487 12.482705 12.768309 12.121653 15.533600 8.866399 14.785712 13.709785 14.997425 12.847453 13.155349 14.501103 11.479520 13.308394 16.331883 17.097730 9.082286 12.570062 10.592075 17.676068 16.259731 11.974452 13.980257 11.159959 8.938447 13.776744 13.897567 14.403638 16.378388 14.050211 10.428177 12.481072 15.542222 14.149458 13.518289 17.704294 18.248113 25.918468 10.728578 8.593844 14.366293 22.839473 10.776084 11.008621 18.088061 21.614073 23.191380 18.332863 9.588147 12.297938 11.424622 16.699742 14.416932 18.912666 21.975083 13.830054 22.498549 15.663915 22.099972 24.459654 18.334845 21.859211 15.867821 21.567171 21.073792 18.095892 21.676259 21.855514 12.513219 14.254292 14.145359 10.732232 12.187554 14.286948 11.369745 10.753537 13.645377 8.995950 9.458615 13.363481 13.076769 12.500551 12.750366 14.216627 15.100203 13.623796 17.919364 11.580808 10.708397 10.829209 10.714429 10.855710 20.315750 11.821150 16.692600 13.248684 13.591138 17.874634 16.631874 14.846990 19.025373 22.018249 14.348185 11.975988 18.872458 12.481595 12.650525 14.734898 14.534610 13.464372 14.701656 13.705238 9.997723 12.499968 14.702590 10.248418 12.485954 10.327345 14.941626 11.829525 16.830417 13.904990 9.416687 8.265267 
19.796211 17.997662 17.942644 16.255815 20.314733 22.482594 9.590289 0.000000 12.604690 12.176249 17.043813 13.148127 13.892486 13.911237 8.437809 12.754256 9.358227 8.553834 13.524790 13.667106 7.746106 18.140564 14.940282 14.626173 27.215112 25.292597 25.772865 30.186327 26.103143 24.170695 25.765415 23.623081 24.859257 30.826628 26.603430 26.288700 21.978855 19.304792 20.302112 24.280776 21.571417 26.201420 13.428640 17.039509 16.665640 8.957540 16.570026 21.792008 13.601345 27.850310 19.857360 36.303459 26.716720 32.393900 35.895258 32.193951 15.768746 32.239899 30.626598 28.754937 18.087901 36.061188 26.758411 33.187007 33.944148 11.018475 8.327131 10.755856 15.807972 22.077150 23.430597 22.808155 19.214544 20.521154 23.977724 22.995094 17.704370 17.115319 19.072780 19.074702 20.833891 33.949841 10.158108 16.913928 18.074337 14.256474 17.929575 15.546899 18.550154 37.277914 29.428593 39.080688 33.853224 14.749066 10.542306 13.543792 21.587721 18.397312 17.211705 13.977502 15.229006 17.497152 20.354834 14.357608 19.667443 23.550307 17.826133 21.264309 14.078066 24.814784 19.047919 17.155751 15.586519 15.516271 14.106961 13.508852 14.014374 12.049884 10.934105 10.919107 15.210856 13.028801 13.526358 12.434567 12.008191 9.943956 10.869840 13.398509 9.576554 8.794346 9.877869 12.563594 9.455084 10.238656 12.155601 9.039821 7.006171 9.775306 9.804859 13.746757 17.304919 18.282477 11.129914 13.130802 22.135857 10.696880 20.267962 15.943420 24.470001 28.321077 9.651704 10.435597 15.746101 28.453011 13.536152 13.904304 23.650068 18.243499 17.337839 13.092372 11.424395 14.702814 10.032589 12.477929 12.779511 18.812246 18.452266 14.735126 16.771845 14.926956 21.232275 17.162654 23.154345 27.952783 21.554330 28.193713 27.167364 25.353890 27.454765 28.101077 18.877366 20.595532 17.262551 15.637464 16.676900 20.768744 8.169007 15.793879 19.422090 15.723871 11.410440 16.560947 16.916484 14.628640 18.377756 18.243968 7.429112 11.675700 17.518790 14.909557 13.750546 14.292186 16.256028 15.794222 15.012092 7.792634 17.190342 14.064263 13.090409 17.984740 17.120208 17.067821 14.791753 18.246065 18.733263 18.914106 20.258668 17.624188 18.164061 14.554389 20.215065 18.601802 14.989894 14.431915 9.697438 15.128553 20.263243 16.758287 16.240722 15.219773 17.246845 8.802765 22.341088 19.794673 11.474654 12.976770 
19.256228 18.584977 17.487570 16.290801 22.882032 24.649714 17.279365 12.604690 0.000000 14.409011 9.159469 18.979057 18.655770 18.847811 13.177377 18.072620 10.260987 9.855080 10.025418 5.703714 9.617297 21.992869 21.155826 18.615112 33.941892 29.819789 32.442351 36.650205 33.233584 28.916901 32.895855 29.309167 31.285540 34.526351 33.272916 33.741165 26.460454 26.526780 27.432552 31.272287 28.240903 33.192931 20.216497 25.041473 21.920675 13.050134 21.513465 27.384448 18.510216 29.407873 22.609039 38.466366 32.574169 33.359675 37.216487 33.476576 20.732880 33.019655 32.015663 31.508199 21.240162 36.852949 28.792964 35.834249 34.855344 10.371702 8.057089 11.518149 14.694753 25.852689 27.675124 27.944223 21.494583 23.467432 28.632443 23.829058 20.557149 21.929162 22.113322 20.914102 22.597297 32.544309 14.365077 20.359729 22.597312 19.692901 19.594836 23.363287 22.631565 38.535347 32.136904 43.268828 34.110236 18.212201 17.192687 18.290051 26.471151 23.962234 22.660723 15.788798 22.010531 22.473975 25.221469 19.983302 25.582973 28.660657 22.677042 26.956278 17.753037 29.641111 21.026560 22.812745 19.272551 19.706450 15.476050 15.259381 13.018781 15.030315 15.704630 11.865548 17.521407 15.951370 18.584572 17.839283 17.578669 16.519354 14.752830 15.032502 15.314982 15.234060 14.582142 14.204052 12.806855 14.998881 15.106193 13.868078 14.512004 15.841531 13.424263 18.186882 21.155342 26.776648 15.920053 18.726333 26.241424 15.003206 25.654431 19.498356 29.994932 33.892975 17.078380 19.260684 21.778330 34.051389 16.138603 18.191442 28.101888 23.905756 20.150653 18.831482 16.050863 17.055414 15.331626 9.596727 16.225047 20.293791 19.362033 16.058301 21.219925 19.519064 25.597351 12.628584 27.763277 29.435936 25.728184 30.959493 28.994678 28.644625 28.972393 31.290273 22.865992 25.021869 20.019739 21.522619 21.447621 23.948065 12.259143 18.438434 21.980404 18.267209 16.320656 16.071090 20.639983 18.347466 20.756595 21.720569 11.291231 12.501935 15.329399 17.283928 17.086833 17.597649 18.606182 16.354115 13.460522 14.060800 15.590403 11.814044 11.747411 12.356869 17.589654 19.504124 17.521459 19.231128 19.281185 24.513348 22.083656 19.725989 19.658148 17.026192 22.830487 22.390270 16.270048 16.832172 14.981111 20.179642 21.010458 17.800289 12.967496 17.463020 12.779164 12.402221 21.260526 19.701004 17.992191 21.110252 
19.635580 14.993060 15.672011 17.434188 20.323070 22.534438 11.546310 12.176249 14.409011 0.000000 10.458901 9.141232 16.155008 11.122690 10.243214 13.703974 13.108237 9.848096 12.657001 11.400506 9.522407 20.785364 18.682439 17.637694 29.425917 30.089541 27.762491 32.366869 27.523257 27.268467 26.948112 24.984221 26.976677 31.026688 26.928918 27.761379 25.347226 21.211760 22.555820 26.610920 23.311412 27.223330 10.441558 17.606282 16.516822 13.031135 16.052318 20.439623 17.498755 30.272252 23.844342 36.458326 28.858253 32.874211 36.867893 34.420960 16.130496 34.416270 33.747919 27.871560 22.932509 37.350378 30.414931 33.862527 35.820731 12.498058 12.107651 13.762325 14.545186 25.762719 23.738676 25.954213 21.826635 24.485613 23.005231 24.316766 21.124030 15.672502 18.959412 19.099794 22.120474 35.142728 10.144702 18.119517 17.255372 15.715479 21.199095 18.783075 19.231320 37.524572 31.180909 40.854944 33.216188 19.469367 8.974216 14.521503 19.510757 16.352765 17.737926 19.290185 17.323780 16.754318 17.289253 15.247505 19.001471 20.515266 19.687715 18.204361 16.529860 20.699846 15.552489 16.635438 16.914967 15.523664 15.753915 14.255651 15.077753 12.946915 11.957563 10.670074 10.124398 9.332624 9.528547 11.466128 8.016536 11.434462 12.286088 13.229410 8.989701 10.935506 8.721956 13.474332 11.581918 9.503871 9.873528 10.823138 11.006451 12.151016 9.358498 10.558765 14.883862 22.623545 12.383101 16.950771 25.336375 12.073156 21.246481 20.852144 27.690420 22.262448 10.762772 11.187029 13.498872 32.306354 14.956589 14.942825 26.087176 19.265737 17.328351 16.554267 12.407874 11.268913 9.321360 13.955703 16.927019 20.505160 22.208870 14.799780 22.155750 14.116417 18.662184 17.877200 26.794551 29.094350 24.091780 28.509082 28.182309 26.596423 29.900218 30.079473 20.610569 19.994004 21.811835 16.426076 19.477034 21.856897 15.382576 14.303128 20.707008 16.180647 13.703701 19.226051 18.824589 17.003648 21.371527 16.641780 13.772436 19.772088 19.236730 15.636384 17.503006 17.321285 16.383315 12.501752 15.083377 12.565259 11.192195 11.947776 11.927301 16.426917 10.905772 11.006500 16.542350 25.366276 20.858802 21.266774 27.846145 19.418373 21.969717 21.110841 20.531025 15.408758 17.374165 18.159622 14.224775 19.466123 24.415877 17.748850 13.898078 13.779092 13.320658 12.594597 25.742353 22.409669 13.671300 14.038311 
17.431284 14.789493 14.529107 14.547621 21.068607 23.022721 14.957524 17.043813 9.159469 10.458901 0.000000 16.113065 18.898046 14.953487 13.434353 16.000790 11.236544 10.480341 6.081777 7.543837 10.793588 20.060734 20.012142 18.791531 33.443166 30.378594 30.956835 35.497264 29.704788 28.211834 28.807619 27.406853 30.728778 32.090783 30.399833 31.553032 25.368747 25.003413 25.703425 31.047909 25.631230 31.338293 17.150023 22.820046 19.774150 17.111681 18.579399 23.904634 17.731093 27.647121 21.513132 35.667881 29.906132 30.163683 33.682045 31.522807 17.735574 31.593575 31.092892 28.590415 20.569784 33.948217 29.089985 32.179101 31.674065 11.167048 12.769862 12.021545 13.608294 24.884359 25.217650 27.111006 21.147863 23.570369 26.819017 22.406586 20.616484 19.848798 18.246173 17.926259 20.082963 33.494846 12.963743 19.668678 19.744839 18.451954 21.223505 22.012858 18.490995 38.726819 31.557567 42.099063 33.562884 20.705467 14.614579 15.867328 22.275951 19.323433 19.483351 17.600813 20.901898 18.680433 20.282727 17.961935 22.433093 23.670316 21.436072 21.829243 17.160434 24.845144 17.350338 19.809729 17.452737 17.462583 14.953886 15.784989 12.531500 14.224967 17.048851 12.769916 14.440429 13.423519 15.031662 17.804424 13.747215 17.383799 16.827426 15.052193 13.265532 17.249485 12.414712 16.720420 16.544672 13.911757 14.643194 14.493601 15.462056 17.522226 15.263735 16.381713 17.577858 24.871504 17.065274 18.693043 23.540732 14.895392 21.666868 19.842987 28.512634 30.703891 16.666010 16.845018 17.241584 31.945709 15.114798 16.643050 27.175470 24.905756 22.316889 19.071894 15.434267 14.025291 15.252906 11.195466 18.627153 21.836316 21.778391 14.018798 22.707915 16.519905 21.612918 18.556134 27.236082 27.178908 24.726825 28.842023 26.737651 27.132614 28.070345 27.797714 20.169796 22.764841 21.070712 19.650503 21.426914 20.083548 14.753360 17.730753 18.740595 16.453783 16.417131 17.089122 17.078150 17.509293 18.794360 19.861048 15.729883 17.372994 15.433693 15.583439 17.261335 17.112643 16.950705 14.900620 15.127196 16.197943 11.891430 13.016224 11.804715 10.628781 14.578408 17.668619 18.568348 23.612856 18.610644 22.883467 24.105667 18.475282 20.756826 18.296390 22.125757 18.661407 14.875019 15.876920 14.712703 19.249386 21.871802 18.244057 10.588562 14.270910 10.380417 13.430933 22.272353 20.825720 16.562910 17.717146 
22.165008 17.459177 12.843816 15.765865 21.812129 22.211861 11.666781 13.148127 18.979057 9.141232 16.113065 0.000000 12.293526 6.377036 11.409643 13.649988 15.247485 13.703563 17.443468 15.180354 13.305565 19.664063 15.862295 15.397351 27.254539 29.134431 23.477273 28.855289 23.288870 24.728152 21.977031 22.095632 24.404438 31.041658 22.980035 22.954778 24.247660 15.356903 16.746027 22.084386 17.456555 21.837959 6.936137 12.223466 8.773111 9.993254 13.289304 18.395915 14.489462 28.458677 22.274329 34.220721 25.574759 30.541639 36.576610 32.599767 13.159018 31.467253 30.552030 27.624998 20.390352 34.078693 29.221929 31.334746 33.185252 15.366470 15.654885 12.898757 13.506660 24.589832 23.012522 22.945023 19.117821 22.257391 22.564254 23.156403 19.121636 15.663356 18.534479 14.529356 17.672574 37.706234 13.134451 21.424138 17.926259 16.734006 21.856461 17.840178 15.689591 38.982312 29.427872 39.791652 32.837483 22.030756 9.030380 12.535841 15.376887 11.087085 13.623845 19.055411 13.436336 11.665298 11.979453 9.649095 12.128782 13.575026 13.831859 12.065716 16.052765 16.411185 17.526411 18.075333 14.938221 14.825338 12.401451 14.785393 16.375763 15.510821 8.983841 12.316404 13.008992 7.958974 6.565271 10.449362 10.038040 7.881244 13.976984 13.265696 11.418449 10.525828 9.122848 14.294799 11.862247 7.954860 10.543288 10.522245 11.560935 8.959863 11.696977 11.082185 13.259615 19.427264 10.413736 13.296404 22.919477 9.587346 18.574279 17.228505 27.267012 16.799564 8.085532 8.202999 9.862054 28.551084 15.219562 10.975080 23.619292 13.393578 18.974677 11.711475 9.458163 10.196811 5.657764 16.007054 17.349285 20.295395 17.931574 11.732328 17.372065 10.350928 14.104376 21.921179 24.234476 28.280815 20.820095 26.387547 25.953076 23.647406 26.628533 26.807788 18.881205 20.541031 20.618833 12.195877 17.343478 19.054769 16.172695 18.180592 19.576896 18.336446 11.883323 19.382580 16.835600 14.526664 18.612205 14.957787 14.903405 21.258586 17.990792 16.448166 16.489056 15.982979 14.081441 18.330146 20.028274 13.196930 14.671685 16.770191 15.955609 21.764284 13.475643 13.083934 14.797264 22.426660 20.668868 18.469839 26.508381 18.586556 20.631411 18.550767 20.477524 18.015944 15.951672 17.045107 13.846285 17.458066 23.892626 16.374914 19.340281 16.387774 18.211547 14.140727 24.949589 23.520387 11.165381 12.588240 
21.113916 18.595649 15.811591 16.141972 22.323423 22.906469 14.341578 13.892486 18.655770 16.155008 18.898046 12.293526 0.000000 12.187758 10.535803 13.871736 14.616104 14.543021 17.050272 18.586316 14.706605 19.669982 14.387037 15.137823 25.100602 24.987360 23.279037 27.808915 22.021544 20.431703 21.860540 19.575514 20.901930 29.231108 22.567282 25.186757 21.310928 18.049744 18.406881 23.758801 17.213245 24.124552 11.917113 17.050053 9.123198 11.411434 13.706680 20.726943 11.595094 26.255427 17.905219 32.011329 23.160543 29.435390 36.174955 31.006325 16.911482 26.614406 27.482231 26.708045 16.115612 30.564501 25.664469 28.514552 29.224015 14.582559 15.074568 10.564501 12.154233 21.730839 23.656276 22.680768 18.166027 19.425718 23.564733 21.321394 15.746449 16.058705 18.370545 11.762491 13.039085 38.705178 16.250089 22.533804 20.614204 18.952864 21.533659 20.307220 16.405991 40.228665 30.044847 40.592824 35.191688 19.994667 15.038088 11.604571 17.056570 13.434729 15.011032 17.220748 11.217216 13.946776 19.001298 13.972541 13.787047 17.108697 17.153526 15.155393 15.609877 20.379536 19.510808 16.663446 15.078458 11.663033 11.614271 14.765399 16.126059 16.296376 12.345187 16.540265 21.340256 16.021243 13.489543 16.875701 16.005228 12.395145 18.933643 19.712009 16.257533 16.035392 13.064335 19.307537 17.477912 13.984251 16.963042 15.214879 14.159067 14.499653 17.139076 18.342709 18.895405 14.137311 8.688800 10.313902 17.402456 13.248154 15.978276 10.412057 27.732708 21.767867 13.191140 15.430682 12.657887 19.737528 14.309902 8.869288 18.254345 11.665074 24.951660 11.427038 12.359180 11.765978 11.232189 16.056793 14.534162 19.530706 16.153697 12.583087 9.817865 9.422140 13.792331 24.401969 15.802895 28.006329 18.713802 22.943298 26.085846 22.729278 24.012232 24.701733 16.769686 20.276779 16.362852 12.045450 15.009232 16.916048 13.294995 20.003215 20.370932 19.568876 13.080794 18.681833 14.257940 13.351031 18.436206 15.167177 16.169321 18.929348 17.309829 18.178611 15.911709 15.957833 16.296289 20.289958 20.583393 12.996805 17.779653 18.733669 18.552058 22.853910 15.467169 18.098903 14.241977 17.159589 20.370290 16.719335 22.955502 17.178321 17.566207 13.429135 20.114524 16.790954 14.941949 14.363603 11.418956 13.900687 22.350066 15.592229 20.769529 17.088683 19.645410 13.495777 23.841965 24.269323 8.268939 12.921292 
22.516853 18.776911 13.893008 16.305901 24.732513 25.587040 14.366463 13.911237 18.847811 11.122690 14.953487 6.377036 12.187758 0.000000 10.835617 14.452789 14.565134 12.427360 16.217144 15.769745 13.823116 18.316531 15.159018 17.180233 29.889569 31.047142 26.553728 32.337297 25.424715 26.310120 24.537897 24.358245 27.591153 33.154933 26.110631 27.265566 25.755247 20.261994 20.962006 26.280636 20.843716 26.550779 9.729784 15.448597 8.493596 9.183739 16.130195 21.396465 15.384987 29.104821 20.384074 34.973699 27.043985 31.892571 38.058869 33.252166 14.463485 32.292431 32.083103 30.027234 21.260734 34.731428 28.668881 32.685678 32.732422 13.919251 17.382457 9.198839 10.616865 26.362545 25.818457 26.184006 21.702226 24.181277 26.853183 25.023343 20.217286 19.675713 20.292666 15.308438 18.497751 38.716083 14.063904 22.047701 20.175863 17.486197 22.795253 18.481328 16.461556 40.818489 31.335421 41.909099 35.645235 22.548306 11.073519 13.185981 16.202065 11.222073 14.567877 17.090447 15.532958 12.559722 13.332144 12.960450 14.120191 15.017971 14.436711 13.558640 14.774564 17.693914 18.941327 20.115598 17.286407 15.642552 12.777100 16.459807 14.657832 17.601387 9.270135 14.490406 15.274149 10.465003 9.649773 13.365524 11.923009 11.823358 15.883909 15.499455 12.356300 13.268959 10.192381 17.013726 14.214958 11.268885 13.347534 13.401652 13.023155 11.815974 12.898496 14.105806 12.936886 19.454991 11.572664 14.456487 22.497486 7.390567 18.623943 13.625090 30.183953 18.250340 10.686335 11.887662 10.615032 27.022844 14.068303 10.928442 22.384160 12.845557 19.556274 8.833264 10.549680 9.177674 7.173608 13.441195 17.553769 20.772027 11.844133 9.569888 12.836916 8.727034 11.965770 20.672814 23.354978 30.305231 24.266918 29.348600 27.912693 26.726753 29.109284 27.356394 20.717907 23.753050 21.479628 15.800977 19.652172 20.405700 15.989369 19.876101 20.684625 20.179834 14.719362 21.072242 15.517432 17.178245 19.454964 17.723400 15.324016 21.287517 17.392060 18.779288 17.367028 17.303669 17.092362 20.050710 21.282088 14.419951 11.857657 17.351519 16.025354 21.524347 12.459535 15.706965 13.860378 19.120881 16.522704 19.738563 24.035522 18.783997 19.941152 16.721956 19.679042 18.163755 15.095344 15.150048 13.077425 14.956255 23.617196 17.456335 18.907645 18.746980 20.024412 14.015482 23.719376 24.222319 10.464473 11.233157 
17.570622 16.865917 15.062262 15.144266 20.904574 23.072434 9.293520 8.437809 13.177377 10.243214 13.434353 11.409643 10.535803 10.835617 0.000000 11.243911 8.010670 5.958709 10.834092 10.736841 8.072751 16.218236 13.788577 13.991829 27.687561 24.870018 25.865996 30.395874 25.828155 23.096015 25.536523 22.734266 25.031209 27.641821 26.696561 26.749308 19.962368 20.041972 20.717268 25.107647 21.342524 26.938600 12.584118 15.667745 14.471428 10.416386 15.620281 20.808093 12.851423 26.069694 18.484376 34.705458 25.118718 30.795899 35.519026 30.820591 16.931706 30.641898 29.028597 27.971448 16.933077 34.463187 25.692901 31.589006 32.163532 10.170212 10.814768 9.941645 13.203629 20.886405 21.832595 22.169268 18.470690 19.147794 24.567564 21.397092 16.428393 17.297903 18.933211 16.056746 19.087782 33.078786 9.532334 15.230081 17.707123 16.089946 17.363835 16.136258 16.876233 35.592346 28.202035 38.272623 32.167656 13.283899 12.241625 11.577909 19.529712 16.678398 16.371751 14.055424 13.967555 16.507372 19.019924 13.583911 18.665226 21.986877 17.919394 19.480428 12.342256 23.715396 19.506616 17.212039 15.895107 15.437937 11.478162 13.849946 11.332938 13.465177 11.828324 11.463641 14.559867 10.899963 14.339186 12.065310 13.107848 12.637661 12.644195 12.524301 12.114682 11.311411 9.806145 13.557849 12.359917 10.108589 10.586273 11.730915 10.465669 13.065084 9.263060 13.967147 15.165449 16.301314 7.593044 10.395057 19.311328 10.050315 17.443433 11.716577 23.243442 26.333168 9.777518 12.088166 14.809922 25.628482 9.902452 9.184653 20.910322 17.764031 19.794580 12.073808 6.741356 11.468603 10.154342 10.845610 11.921003 15.858336 15.039921 10.986823 17.062593 12.415012 18.271388 18.139701 20.514678 26.816215 20.691924 27.239760 26.030797 24.399937 26.178788 26.503076 17.279365 19.825317 16.774003 14.868353 16.044971 19.170742 10.155854 16.791212 18.865933 16.008449 11.257017 17.266602 16.204220 15.085354 17.155698 17.912806 11.827973 15.669060 17.086029 15.754682 13.133846 14.827139 16.475627 14.482009 15.745856 9.565530 12.505464 11.827021 11.071177 16.570009 14.559376 14.932572 15.441996 16.831006 16.122294 16.873035 20.159757 17.773927 17.344550 11.747509 19.195134 18.510262 14.695662 11.966797 9.149348 15.599585 19.045381 16.758256 15.320300 15.880037 15.863228 11.323818 21.038908 20.146526 10.424763 11.537842 
18.085888 17.242187 18.264622 15.148741 13.262665 14.330567 6.132547 12.754256 18.072620 13.703974 16.000790 13.649988 13.871736 14.452789 11.243911 0.000000 14.666536 12.163541 16.232513 15.308849 10.810680 10.689411 8.911291 8.032588 20.454429 18.217598 18.355495 22.773073 18.581688 16.089975 18.476473 14.216547 19.167503 22.239466 18.258969 19.409176 15.727042 13.708282 13.853181 17.424685 13.411007 17.549459 13.127391 14.392653 18.660499 16.254373 8.334204 12.235462 8.882314 18.270930 12.548513 26.688004 17.484537 23.008922 27.501573 22.591263 14.423710 22.509202 21.840851 20.092281 11.468287 26.445733 19.094520 23.802029 24.000576 14.628428 14.847244 13.974478 16.868568 14.610204 13.524275 14.418468 10.814610 12.979910 16.549370 12.549922 9.931127 11.474779 13.045050 14.987261 14.632209 26.733388 9.298744 10.497118 11.277703 11.552315 12.938700 12.318685 9.758109 29.346075 23.059105 31.598020 25.956896 11.908880 10.661310 11.706673 18.006080 16.450829 15.489932 19.383070 13.978429 15.202463 18.140415 13.763638 17.706698 20.929388 18.648642 19.001094 16.620740 21.153700 14.755123 13.387665 11.714874 14.296871 14.009540 14.650980 16.670491 10.607962 16.504791 15.754436 17.306340 15.498642 15.523830 16.867778 13.528867 14.912381 18.215513 19.946068 11.571413 14.936737 11.670654 20.042743 18.626406 12.598216 16.028830 13.526635 10.541504 15.821395 16.017700 14.937009 19.047541 12.780769 12.532658 11.264086 13.547849 14.968026 12.719780 17.821440 18.116019 27.713557 15.034383 11.918643 14.119791 20.475795 12.040877 13.869127 17.358350 24.386466 25.558055 19.316417 12.935289 14.646163 14.618959 17.170973 17.781700 20.346270 21.643229 14.461071 23.314933 16.170773 22.444768 26.149440 17.308894 18.591166 13.297799 19.176855 17.776293 15.277617 18.161979 18.900481 10.437990 12.850032 11.926576 10.725556 11.043867 12.017211 13.000641 14.334696 12.196866 9.965171 9.922423 13.220745 13.114720 12.371860 11.842378 16.123940 16.919787 13.319586 16.229629 11.146375 12.036204 12.237984 12.381025 12.978221 23.234744 14.270704 17.635094 15.302607 16.012799 18.451147 18.981057 17.734835 20.529217 21.508291 15.784790 11.317618 15.845753 15.886311 14.185004 15.256126 16.953656 14.270296 15.346662 13.110265 10.998304 10.332836 13.235274 11.940190 12.967673 10.593258 18.030210 12.985768 17.006175 15.340917 7.457345 6.800103 
17.123397 14.336802 12.623223 12.673250 20.332828 22.500688 12.942457 9.358227 10.260987 13.108237 11.236544 15.247485 14.616104 14.565134 8.010670 14.666536 0.000000 8.687379 9.741773 9.607508 9.955488 18.302263 17.553117 17.556298 31.542161 26.093095 29.720595 34.250473 29.360730 25.551097 29.069098 26.587411 28.885809 32.702867 30.551161 30.465621 23.853073 23.896571 24.571867 28.872556 24.875099 30.793200 16.030869 19.645067 17.320414 12.678815 19.113734 24.662692 15.144412 26.303440 19.208795 36.255767 28.399710 31.123898 34.625256 31.032899 17.274885 30.969897 29.356596 27.484934 17.108629 34.791186 27.192189 33.139315 31.784635 10.098127 9.063423 8.179773 12.277546 21.677521 23.406258 23.634346 19.120714 19.522098 25.255037 21.725091 18.300727 18.720067 17.802777 17.607055 20.638091 31.296990 14.233669 18.159020 19.282062 18.386555 17.524326 18.767162 19.312250 36.680229 28.125882 40.530844 32.662123 15.814518 14.847736 14.290200 22.595144 19.870193 18.199918 15.912699 17.641273 18.658506 20.525698 15.752330 21.767504 24.734705 18.359836 22.200610 16.579287 25.825641 17.724277 17.551549 15.774976 16.082497 12.840578 12.729705 7.686463 12.306347 12.414025 13.531095 16.058257 14.383212 15.033898 14.255760 14.410962 13.002155 13.421379 13.747878 12.655707 13.852285 10.835105 14.743585 12.571105 11.380681 13.362772 12.030116 13.145551 15.177329 11.504878 15.181412 16.953395 20.392492 12.490630 12.906450 20.472097 10.715135 19.368822 10.791149 23.743566 30.240640 11.723707 14.708774 17.503536 26.863824 15.018952 12.033301 24.123890 21.596234 20.925154 13.928640 8.982705 12.272131 13.281268 7.739268 15.564737 15.752781 16.346209 11.583153 16.952933 14.954274 20.028011 18.284587 21.998028 27.165808 22.012039 29.112094 26.292027 25.619911 26.828812 26.838532 18.277455 21.397915 17.251310 17.991959 17.876200 19.542420 9.067942 16.153807 17.853782 13.834357 12.376921 16.050259 16.540969 15.706604 16.801845 18.815808 8.391170 13.655094 14.292263 14.355688 12.251034 14.142658 16.383072 14.479272 14.904940 8.278351 12.631878 12.420084 11.119378 14.418312 13.676338 15.699632 11.838182 16.285872 16.204928 18.489345 21.089607 17.082418 16.980560 11.921790 19.181502 18.985538 13.764267 13.793328 11.064305 17.697817 19.390367 18.418420 13.547477 14.523538 14.037453 11.559379 20.060737 19.362119 14.646435 16.544869 
