244 244
0.000000 0.095780 0.199308 0.216720 0.154515 0.141295 0.157016 0.173391 0.121435 0.109613 0.127632 0.126163 0.119157 0.124590 0.264902 0.295409 0.168618 0.257288 0.299848 0.338591 0.340598 0.336490 0.348145 0.379741 0.335122 0.341410 0.352828 0.328242 0.291006 0.294497 0.338426 0.323348 0.325114 0.299897 0.273848 0.300656 0.361275 0.179808 0.197246 0.168507 0.172206 0.208873 0.207045 0.162904 0.130217 0.210525 0.211740 0.192912 0.303862 0.242127 0.241164 0.234983 0.305403 0.310480 0.375626 0.197667 0.290820 0.325674 0.298102 0.205314 0.321042 0.233199 0.272465 0.321468 0.321898 0.209974 0.170940 0.125385 0.152743 0.127917 0.097886 0.096700 0.109483 0.289774 0.300972 0.189357 0.247901 0.296982 0.149461 0.222099 0.166548 0.184557 0.124765 0.134079 0.482461 0.175434 0.475575 0.235817 0.292899 0.251425 0.257662 0.292670 0.355680 0.223884 0.248471 0.470201 0.275518 0.356298 0.179588 0.205303 0.194143 0.151813 0.189324 0.185452 0.196378 0.169203 0.184915 0.196351 0.177328 0.186338 0.158681 0.136223 0.134127 0.187630 0.133124 0.139116 0.099996 0.115104 0.109834 0.073863 0.144934 0.127378 0.157162 0.157015 0.189834 0.153571 0.141948 0.181655 0.190199 0.166223 0.151419 0.144729 0.158123 0.138085 0.160230 0.169721 0.197131 0.166399 0.156990 0.177459 0.173402 0.148087 0.160978 0.241982 0.110816 0.183398 0.193149 0.120996 0.189373 0.156097 0.170729 0.131928 0.343444 0.172697 0.177023 0.153293 0.122405 0.286037 0.144811 0.126965 0.114106 0.094541 0.135995 0.155701 0.160655 0.132055 0.130931 0.134705 0.238712 0.144196 0.309347 0.259012 0.292107 0.306089 0.294931 0.291181 0.308841 0.166123 0.205402 0.208510 0.180957 0.197440 0.206700 0.223142 0.170439 0.204284 0.111437 0.127067 0.128736 0.126451 0.126417 0.347494 0.186183 0.170307 0.118684 0.172270 0.162879 0.141738 0.150556 0.120741 0.111690 0.102990 0.123013 0.122635 0.106555 0.101217 0.122475 0.137063 0.170852 0.199750 0.176083 0.170700 0.181046 0.111198 0.125005 0.144735 0.099389 0.098089 0.115227 0.115054 0.092714 0.096542 0.137473 0.170279 0.186454 0.192111 0.238943 0.247524 0.212114 0.154936 0.216436 0.106425 0.127384 0.136927 0.205939 0.151362 0.168529 0.137500 0.155551 0.149847 0.216531 0.211444 0.112557 0.096767 
0.095780 0.000000 0.202001 0.220137 0.166250 0.170306 0.150983 0.170146 0.134953 0.133814 0.130150 0.151942 0.123380 0.130135 0.241149 0.281968 0.153232 0.246644 0.290697 0.345987 0.334979 0.347005 0.342198 0.377290 0.322367 0.338365 0.351636 0.314194 0.296203 0.285775 0.344797 0.312475 0.316549 0.306754 0.270675 0.285764 0.355256 0.161065 0.192686 0.152282 0.161260 0.190905 0.197793 0.146365 0.148993 0.206724 0.206750 0.161511 0.287731 0.242380 0.225387 0.230205 0.308742 0.289860 0.377004 0.182733 0.296737 0.324572 0.264842 0.213845 0.311293 0.204828 0.299805 0.322677 0.327064 0.172487 0.145268 0.113167 0.147021 0.126670 0.096300 0.112355 0.091194 0.284680 0.287743 0.191081 0.226122 0.292827 0.167130 0.195810 0.164780 0.156284 0.097474 0.123978 0.487776 0.185285 0.492969 0.257877 0.279616 0.255991 0.259851 0.303249 0.338102 0.221808 0.262314 0.459018 0.285280 0.357458 0.180434 0.187176 0.173229 0.171646 0.178991 0.164846 0.168629 0.157473 0.165476 0.171245 0.168703 0.160863 0.172964 0.117644 0.125566 0.169068 0.120129 0.116472 0.093519 0.090040 0.114418 0.085901 0.165929 0.135650 0.156469 0.184622 0.212429 0.183003 0.160312 0.181918 0.193441 0.208120 0.179934 0.151742 0.201980 0.182437 0.190912 0.193051 0.207420 0.192210 0.183793 0.178864 0.183039 0.178382 0.170166 0.242292 0.117353 0.160282 0.180393 0.133806 0.160932 0.148766 0.173799 0.114230 0.352067 0.173727 0.148033 0.148339 0.115146 0.277003 0.159001 0.128617 0.115849 0.089180 0.165865 0.170276 0.157687 0.131644 0.118850 0.111256 0.212766 0.135669 0.283557 0.235714 0.262332 0.274372 0.276551 0.256165 0.279508 0.153628 0.210924 0.186656 0.181574 0.165920 0.205249 0.192255 0.160597 0.178443 0.120926 0.123775 0.151656 0.140343 0.121148 0.339332 0.178410 0.179404 0.131686 0.172362 0.179132 0.128515 0.117516 0.145820 0.142478 0.100736 0.110760 0.163169 0.152966 0.094988 0.131339 0.140931 0.147523 0.186851 0.153408 0.146266 0.182094 0.167813 0.139703 0.160532 0.103103 0.108567 0.127119 0.098935 0.092104 0.107847 0.135245 0.155756 0.182194 0.182865 0.232518 0.258743 0.187287 0.138123 0.194124 0.097523 0.112974 0.132437 0.196537 0.163057 0.164126 0.147459 0.164932 0.147220 0.199751 0.224056 0.108183 0.113433 
0.199308 0.202001 0.000000 0.107171 0.228939 0.256952 0.257523 0.258481 0.267760 0.268923 0.273072 0.266221 0.235354 0.262664 0.286253 0.300242 0.222097 0.280502 0.291830 0.334901 0.332327 0.334233 0.328056 0.365992 0.316872 0.331586 0.341366 0.312139 0.290655 0.299830 0.347728 0.297089 0.315416 0.312308 0.292262 0.294658 0.351600 0.248061 0.269329 0.249591 0.273710 0.274193 0.274765 0.270741 0.258465 0.262395 0.249654 0.228230 0.284530 0.264570 0.240556 0.241236 0.210366 0.196426 0.276304 0.246718 0.206682 0.196740 0.200333 0.212306 0.235199 0.230349 0.243321 0.233630 0.240275 0.156744 0.150534 0.196310 0.209753 0.218625 0.217362 0.216358 0.228345 0.278645 0.282633 0.171958 0.241565 0.280675 0.134172 0.209828 0.191978 0.203962 0.189960 0.158668 0.365889 0.263650 0.436333 0.196890 0.299266 0.278985 0.210945 0.295764 0.339207 0.219791 0.238924 0.380839 0.301599 0.358589 0.255121 0.245398 0.246389 0.271058 0.250363 0.242688 0.264848 0.241180 0.264091 0.279395 0.266116 0.265995 0.265720 0.187517 0.209657 0.229128 0.183177 0.215520 0.193990 0.211077 0.212109 0.211875 0.267978 0.261905 0.282031 0.271491 0.310249 0.303124 0.261573 0.278734 0.288290 0.300861 0.294823 0.257548 0.299403 0.284268 0.291459 0.299891 0.290657 0.281943 0.256793 0.280618 0.292079 0.295620 0.275069 0.230574 0.243272 0.238429 0.166449 0.246289 0.214432 0.279559 0.318592 0.242916 0.257757 0.245699 0.244615 0.232857 0.225607 0.235951 0.289915 0.261757 0.232229 0.229986 0.271489 0.282107 0.299607 0.263202 0.237581 0.254798 0.240305 0.240011 0.291569 0.247634 0.277513 0.282938 0.279378 0.266977 0.266341 0.214633 0.254583 0.238332 0.245370 0.240953 0.253534 0.237085 0.230391 0.194986 0.231304 0.234198 0.201515 0.286221 0.274460 0.484862 0.189770 0.200375 0.187304 0.226185 0.207945 0.219637 0.218280 0.181858 0.212347 0.211699 0.203379 0.270420 0.192376 0.181551 0.165726 0.183159 0.236672 0.289550 0.225332 0.230500 0.260968 0.279384 0.257404 0.263552 0.236515 0.238776 0.235135 0.244456 0.241221 0.240645 0.240276 0.198280 0.297133 0.276339 0.235521 0.259114 0.283747 0.265478 0.307884 0.241832 0.258590 0.220813 0.242943 0.224642 0.216350 0.240688 0.280866 0.262546 0.218147 0.213953 0.215984 0.207238 
0.216720 0.220137 0.107171 0.000000 0.232582 0.261884 0.268136 0.273838 0.270153 0.283911 0.285401 0.255991 0.279149 0.278498 0.297463 0.297406 0.259050 0.297621 0.322710 0.347495 0.354372 0.353896 0.352644 0.379966 0.349319 0.360377 0.346827 0.351077 0.306677 0.345006 0.373651 0.306411 0.344503 0.351512 0.335169 0.342282 0.375636 0.302710 0.306879 0.283642 0.314700 0.321213 0.315293 0.323475 0.308756 0.288691 0.266070 0.275517 0.316378 0.291869 0.270893 0.275167 0.255226 0.222025 0.320442 0.298619 0.250137 0.235805 0.202077 0.243531 0.242126 0.264443 0.276354 0.263067 0.299340 0.181731 0.166355 0.223240 0.219174 0.254266 0.238449 0.240120 0.251717 0.303042 0.301802 0.219936 0.266168 0.295648 0.187203 0.249966 0.235665 0.241583 0.227534 0.206595 0.355832 0.256476 0.438897 0.203382 0.280618 0.266344 0.244454 0.290040 0.328263 0.217896 0.248208 0.351150 0.291363 0.348226 0.263026 0.298872 0.291695 0.313680 0.284552 0.294953 0.318723 0.295187 0.315133 0.329363 0.314148 0.323780 0.307557 0.218651 0.235797 0.249195 0.204130 0.249743 0.221577 0.231205 0.237844 0.220548 0.301354 0.292153 0.326549 0.308412 0.353100 0.338378 0.301523 0.326440 0.331125 0.344468 0.336179 0.307138 0.343669 0.328846 0.335115 0.335149 0.334162 0.324928 0.292214 0.332351 0.335812 0.336399 0.294085 0.240684 0.249115 0.257855 0.168699 0.281556 0.234258 0.314727 0.354950 0.275928 0.261062 0.258275 0.269687 0.247462 0.252885 0.250318 0.319337 0.285708 0.245562 0.244025 0.276447 0.293874 0.322284 0.297351 0.267437 0.291894 0.244951 0.239779 0.310253 0.280161 0.303997 0.303405 0.302753 0.290335 0.301168 0.222296 0.284559 0.268036 0.258894 0.262897 0.277005 0.268341 0.256550 0.244584 0.244019 0.250996 0.237142 0.312649 0.292985 0.506059 0.224945 0.206840 0.217493 0.248525 0.240808 0.230207 0.226203 0.203037 0.233024 0.231315 0.225969 0.275930 0.218276 0.210876 0.203603 0.209179 0.232452 0.316796 0.256346 0.255506 0.288118 0.286015 0.262172 0.262959 0.247857 0.252173 0.239707 0.247472 0.268439 0.261060 0.250951 0.222529 0.330515 0.286814 0.248162 0.248421 0.280898 0.269988 0.308913 0.248143 0.277377 0.246300 0.248047 0.259429 0.242765 0.288964 0.278134 0.253221 0.202482 0.220344 0.216169 0.200134 
0.154515 0.166250 0.228939 0.232582 0.000000 0.142411 0.150128 0.156345 0.128633 0.142293 0.131022 0.150106 0.164348 0.108138 0.172208 0.214474 0.160288 0.168089 0.271986 0.312276 0.310192 0.320999 0.315015 0.348102 0.307905 0.313133 0.312627 0.298567 0.269495 0.281611 0.316101 0.282077 0.294651 0.291761 0.256155 0.276272 0.329350 0.190227 0.200058 0.181873 0.199579 0.197082 0.184934 0.199783 0.183309 0.136476 0.155293 0.127393 0.206915 0.190953 0.198211 0.177118 0.257047 0.298733 0.343089 0.203894 0.269886 0.296679 0.259868 0.208294 0.307515 0.155309 0.246462 0.268087 0.282865 0.177886 0.197646 0.103908 0.118749 0.135722 0.150000 0.153373 0.155964 0.216728 0.215885 0.162211 0.203777 0.242836 0.184993 0.167618 0.132599 0.135382 0.177329 0.183750 0.403146 0.089480 0.370772 0.147879 0.184570 0.129561 0.194132 0.227940 0.238808 0.134697 0.118644 0.476373 0.168040 0.273131 0.157624 0.202788 0.202716 0.200532 0.196809 0.194741 0.213294 0.187037 0.200178 0.214375 0.206726 0.208040 0.190997 0.150902 0.133051 0.139047 0.125423 0.160089 0.155815 0.172017 0.151568 0.148115 0.189332 0.187740 0.197119 0.190912 0.222147 0.207423 0.169162 0.195402 0.207086 0.215185 0.206253 0.175590 0.217044 0.201497 0.204811 0.204447 0.208153 0.193052 0.168547 0.210653 0.207663 0.197423 0.185192 0.140256 0.114776 0.147288 0.166590 0.155006 0.126099 0.192440 0.236487 0.176935 0.256951 0.146720 0.148759 0.136633 0.130109 0.191813 0.201092 0.176916 0.111060 0.124343 0.143958 0.160357 0.193171 0.194992 0.161274 0.198469 0.182664 0.150950 0.261155 0.204650 0.248317 0.255121 0.238572 0.243837 0.286527 0.114891 0.152439 0.149614 0.142946 0.135060 0.152375 0.151893 0.131480 0.194980 0.115248 0.132376 0.155838 0.251956 0.230172 0.450666 0.137293 0.156809 0.107282 0.125168 0.132337 0.136146 0.137289 0.111516 0.131427 0.142197 0.141381 0.170232 0.136789 0.134623 0.129897 0.131979 0.131810 0.166566 0.121209 0.125067 0.131360 0.198089 0.148429 0.097558 0.138510 0.147715 0.145451 0.142082 0.167015 0.156396 0.114400 0.136406 0.191551 0.130010 0.169037 0.175915 0.138900 0.121461 0.134107 0.162588 0.181924 0.094889 0.152505 0.189619 0.138571 0.179674 0.133416 0.121381 0.202524 0.174577 0.112672 0.108275 
0.141295 0.170306 0.256952 0.261884 0.142411 0.000000 0.074602 0.084308 0.102096 0.136721 0.122423 0.090074 0.110601 0.143303 0.217416 0.214874 0.128772 0.214335 0.234841 0.278294 0.273983 0.292775 0.273069 0.317280 0.269591 0.302894 0.272046 0.272855 0.239985 0.236984 0.287607 0.229777 0.272957 0.283747 0.249623 0.271200 0.334297 0.139599 0.177510 0.102693 0.160677 0.161587 0.154502 0.151108 0.117600 0.204423 0.174304 0.170269 0.267094 0.187775 0.234306 0.221903 0.317693 0.369777 0.437178 0.162110 0.337835 0.388308 0.301599 0.191086 0.348099 0.227363 0.311188 0.334882 0.368301 0.253593 0.221970 0.131400 0.158165 0.132978 0.147206 0.099108 0.148411 0.304351 0.280317 0.236936 0.277409 0.279644 0.216344 0.244957 0.213359 0.213612 0.191574 0.207885 0.527846 0.099798 0.428344 0.215709 0.186229 0.173102 0.301472 0.170836 0.283710 0.185129 0.196747 0.513615 0.180677 0.263530 0.090678 0.165671 0.132480 0.150772 0.112455 0.149688 0.179214 0.150285 0.171270 0.191172 0.166675 0.179271 0.150045 0.167252 0.143599 0.170845 0.146860 0.150736 0.113211 0.133551 0.116588 0.120250 0.129641 0.110180 0.137078 0.116459 0.182828 0.154485 0.118088 0.153182 0.167536 0.153077 0.146698 0.124893 0.152545 0.132101 0.155544 0.165834 0.171995 0.149060 0.113330 0.158678 0.149882 0.134634 0.140680 0.197782 0.121153 0.106591 0.228827 0.104101 0.188301 0.161578 0.172175 0.155335 0.302227 0.075328 0.103058 0.153481 0.137528 0.248489 0.155340 0.114577 0.113559 0.148997 0.108661 0.160346 0.137627 0.138618 0.118991 0.162696 0.235141 0.140461 0.326711 0.265146 0.313640 0.322706 0.305771 0.313180 0.327306 0.162209 0.215947 0.229874 0.214066 0.208674 0.216220 0.234746 0.200380 0.223723 0.127301 0.150947 0.179651 0.200546 0.212277 0.435488 0.224383 0.151021 0.135782 0.179276 0.187069 0.173076 0.160646 0.167112 0.147385 0.154534 0.167233 0.082133 0.148876 0.131354 0.150916 0.170536 0.167600 0.203692 0.189258 0.180276 0.192992 0.134524 0.113607 0.165441 0.159557 0.112226 0.098130 0.108193 0.154424 0.178427 0.195959 0.230606 0.161336 0.173958 0.163439 0.250496 0.220140 0.169568 0.205270 0.170337 0.170577 0.113378 0.126830 0.162140 0.210550 0.128497 0.143248 0.181462 0.257099 0.198599 0.128101 0.135044 
0.157016 0.150983 0.257523 0.268136 0.150128 0.074602 0.000000 0.065698 0.109725 0.145867 0.120638 0.113339 0.104215 0.135037 0.214065 0.218987 0.102994 0.212454 0.202026 0.270475 0.252409 0.278515 0.248490 0.296951 0.249474 0.282482 0.260373 0.233785 0.223591 0.207606 0.270987 0.224677 0.246025 0.244874 0.209745 0.227228 0.294204 0.115643 0.139015 0.114994 0.107287 0.140450 0.137490 0.120573 0.117954 0.180738 0.145272 0.157221 0.233972 0.157752 0.196220 0.190163 0.281820 0.336276 0.406352 0.118133 0.309141 0.356437 0.281895 0.169210 0.321611 0.205170 0.284974 0.320146 0.329683 0.220476 0.208311 0.129126 0.147593 0.131177 0.134342 0.120356 0.119881 0.285476 0.266781 0.225617 0.252820 0.278479 0.192794 0.221469 0.190625 0.186569 0.153707 0.170672 0.528110 0.128597 0.452961 0.219741 0.197492 0.194481 0.295445 0.188147 0.301662 0.165355 0.198849 0.503779 0.205855 0.277265 0.083511 0.139526 0.126868 0.141140 0.121985 0.124805 0.137233 0.116022 0.135742 0.149316 0.133754 0.146423 0.117353 0.151543 0.135938 0.145554 0.142759 0.130114 0.107141 0.120073 0.121961 0.120245 0.122951 0.105673 0.117132 0.112743 0.160615 0.124053 0.110840 0.131123 0.138551 0.148424 0.149150 0.114849 0.145694 0.139296 0.133032 0.141928 0.161895 0.121938 0.092821 0.137422 0.117068 0.129414 0.131231 0.194693 0.118327 0.101813 0.221824 0.098766 0.175820 0.144426 0.164808 0.140603 0.341147 0.089567 0.096370 0.151723 0.121154 0.248211 0.150646 0.102893 0.120262 0.151076 0.127329 0.163305 0.124194 0.128605 0.108551 0.148849 0.228812 0.142063 0.325769 0.251595 0.299087 0.303729 0.294421 0.299988 0.316762 0.161787 0.203806 0.213237 0.185361 0.179514 0.211058 0.218322 0.176159 0.196445 0.140282 0.152043 0.191634 0.205267 0.205544 0.445055 0.210614 0.148257 0.143375 0.180892 0.182185 0.163701 0.140522 0.168952 0.147473 0.136261 0.144619 0.116500 0.160529 0.126576 0.145899 0.170807 0.174601 0.187923 0.184350 0.173930 0.203277 0.164310 0.132750 0.176738 0.161328 0.114514 0.119884 0.102941 0.157785 0.187232 0.190949 0.213140 0.157882 0.162384 0.179667 0.249766 0.209881 0.155958 0.188038 0.172147 0.164330 0.109298 0.142354 0.132936 0.214880 0.101281 0.152214 0.181197 0.241678 0.213569 0.132627 0.132498 
0.173391 0.170146 0.258481 0.273838 0.156345 0.084308 0.065698 0.000000 0.122803 0.163292 0.126692 0.116622 0.108390 0.148632 0.219650 0.221365 0.098440 0.219193 0.208887 0.261714 0.254159 0.278701 0.249717 0.300168 0.244538 0.273235 0.255441 0.241538 0.210243 0.218489 0.270672 0.221150 0.249450 0.265531 0.220258 0.241648 0.305859 0.121408 0.146776 0.102721 0.144427 0.137387 0.118632 0.136187 0.135225 0.210809 0.159568 0.160438 0.238866 0.160813 0.215427 0.209211 0.293459 0.343011 0.415675 0.128413 0.316679 0.371621 0.276882 0.185542 0.335382 0.217021 0.298360 0.326216 0.344813 0.221793 0.208484 0.140767 0.139156 0.144256 0.177076 0.133613 0.158516 0.300097 0.269978 0.222401 0.261606 0.271453 0.202085 0.227587 0.186730 0.199270 0.173084 0.182898 0.521466 0.112586 0.433334 0.233121 0.176062 0.196833 0.295500 0.168538 0.265569 0.175997 0.179710 0.490072 0.210061 0.233963 0.052461 0.138777 0.130814 0.176621 0.126333 0.134613 0.150625 0.132743 0.155983 0.163942 0.158148 0.159740 0.158410 0.156881 0.132978 0.167141 0.141139 0.130693 0.120924 0.132563 0.115601 0.151827 0.115293 0.129177 0.121686 0.109395 0.153830 0.140931 0.097655 0.131578 0.127045 0.149979 0.143394 0.111127 0.144717 0.135979 0.130438 0.140245 0.144957 0.130129 0.097898 0.144240 0.127124 0.123108 0.147634 0.216310 0.129524 0.100372 0.241733 0.124972 0.194706 0.161453 0.200211 0.162705 0.329447 0.066544 0.115998 0.176314 0.132862 0.248212 0.169659 0.140085 0.129450 0.164129 0.142250 0.150256 0.144977 0.164604 0.134599 0.169566 0.234723 0.151579 0.323810 0.254794 0.300289 0.305074 0.299836 0.300164 0.318992 0.139572 0.201298 0.229824 0.207143 0.198765 0.213689 0.227851 0.195760 0.197118 0.145736 0.155274 0.188719 0.226613 0.220519 0.438967 0.218665 0.143905 0.142345 0.172982 0.180110 0.168506 0.155144 0.179973 0.172193 0.152068 0.143834 0.131036 0.178417 0.132864 0.155645 0.177999 0.178481 0.171805 0.177201 0.151247 0.182261 0.184667 0.150695 0.184425 0.195211 0.124743 0.119958 0.138829 0.176365 0.190116 0.183463 0.227665 0.170708 0.162754 0.165689 0.288297 0.213500 0.183913 0.180316 0.174509 0.180298 0.130175 0.164635 0.132584 0.226178 0.124486 0.160721 0.187180 0.257660 0.203837 0.140947 0.151426 
0.121435 0.134953 0.267760 0.270153 0.128633 0.102096 0.109725 0.122803 0.000000 0.099543 0.045018 0.052045 0.119089 0.117399 0.179614 0.195600 0.151250 0.172155 0.269048 0.311307 0.309329 0.328238 0.314965 0.352072 0.301307 0.310877 0.312634 0.296230 0.268962 0.267087 0.317302 0.275152 0.293765 0.289163 0.243769 0.268772 0.328046 0.147635 0.162927 0.123905 0.140608 0.172132 0.170891 0.141321 0.121566 0.195984 0.132044 0.158340 0.245057 0.161064 0.247391 0.229137 0.322740 0.369896 0.434216 0.168753 0.349047 0.385848 0.329143 0.202534 0.375485 0.207689 0.303180 0.355179 0.366366 0.248538 0.219418 0.124250 0.172740 0.128365 0.132413 0.115997 0.123050 0.299389 0.267748 0.238184 0.276924 0.251909 0.221917 0.232712 0.201720 0.196461 0.174687 0.206250 0.497141 0.106035 0.443563 0.220313 0.197010 0.186936 0.277348 0.206788 0.318084 0.177388 0.203617 0.495544 0.217117 0.283548 0.119396 0.173215 0.161799 0.156132 0.157275 0.159005 0.159864 0.142849 0.157831 0.162154 0.157096 0.149726 0.151863 0.169096 0.159703 0.140032 0.160773 0.146716 0.128576 0.129491 0.138063 0.101935 0.114410 0.108180 0.129339 0.134120 0.153416 0.135362 0.107269 0.142082 0.151026 0.155065 0.142174 0.115387 0.154661 0.140934 0.139644 0.146695 0.162928 0.142544 0.126097 0.147673 0.146177 0.129476 0.126241 0.212921 0.108718 0.136564 0.232462 0.095915 0.186839 0.130192 0.159319 0.154021 0.324077 0.113783 0.117885 0.151638 0.127422 0.248612 0.134020 0.103163 0.093568 0.102564 0.123913 0.147347 0.131394 0.137440 0.108772 0.128713 0.228661 0.123959 0.318917 0.255928 0.300038 0.310864 0.305386 0.310108 0.340906 0.171037 0.205362 0.204586 0.197123 0.180242 0.190754 0.211151 0.183768 0.236783 0.123220 0.160570 0.185092 0.173316 0.160172 0.393338 0.201827 0.183852 0.126933 0.146344 0.163127 0.158304 0.155709 0.153999 0.141490 0.136938 0.156920 0.087424 0.170333 0.125909 0.149501 0.154179 0.159528 0.207326 0.185333 0.177857 0.168312 0.098921 0.077568 0.126851 0.146889 0.088795 0.093392 0.090235 0.117756 0.127127 0.166910 0.212422 0.153613 0.157039 0.185082 0.244138 0.180137 0.136722 0.154721 0.138258 0.157018 0.117356 0.155792 0.173320 0.171094 0.135578 0.097822 0.139077 0.232743 0.220916 0.089706 0.117198 
0.109613 0.133814 0.268923 0.283911 0.142293 0.136721 0.145867 0.163292 0.099543 0.000000 0.095857 0.126134 0.119826 0.107409 0.190414 0.229559 0.151535 0.194971 0.299167 0.341477 0.340095 0.336738 0.347326 0.379921 0.337245 0.348434 0.352688 0.330508 0.297453 0.296729 0.335569 0.319034 0.325606 0.301976 0.275629 0.297034 0.358361 0.184329 0.202755 0.183834 0.170022 0.213129 0.216672 0.179928 0.132924 0.173629 0.178196 0.173286 0.255905 0.209193 0.225734 0.204732 0.327128 0.346380 0.406793 0.197705 0.316140 0.351316 0.327255 0.215119 0.341995 0.197983 0.287134 0.350440 0.336082 0.235178 0.212584 0.140904 0.163717 0.124632 0.116447 0.100570 0.115266 0.281530 0.265858 0.218202 0.256638 0.277746 0.213815 0.220286 0.206874 0.186670 0.172947 0.195853 0.461530 0.128125 0.433979 0.231444 0.234613 0.213768 0.253509 0.267063 0.312069 0.209824 0.229188 0.490363 0.224425 0.296008 0.172866 0.209667 0.199482 0.146273 0.199675 0.188991 0.199910 0.173453 0.193223 0.204670 0.181513 0.197898 0.162287 0.177955 0.162421 0.166538 0.170289 0.159943 0.139377 0.146714 0.144521 0.111808 0.157034 0.146720 0.164236 0.153033 0.191527 0.155579 0.157347 0.185394 0.202840 0.176755 0.164686 0.158581 0.169097 0.150956 0.170094 0.189905 0.205939 0.168846 0.167232 0.175501 0.177609 0.162239 0.171084 0.239526 0.128191 0.160348 0.232480 0.126544 0.195926 0.177920 0.184315 0.150784 0.345504 0.171422 0.169899 0.144675 0.142329 0.264142 0.170822 0.145123 0.117601 0.123317 0.133369 0.156219 0.144838 0.155471 0.146433 0.170964 0.233292 0.140187 0.308104 0.251242 0.287848 0.299996 0.296474 0.289259 0.343756 0.150847 0.173603 0.199586 0.181716 0.191095 0.192026 0.209695 0.183886 0.238673 0.137671 0.169792 0.177923 0.182824 0.172522 0.392190 0.191988 0.195099 0.138826 0.182472 0.154862 0.140142 0.172839 0.139758 0.115562 0.114920 0.162498 0.115018 0.133487 0.139224 0.166548 0.150106 0.171999 0.186803 0.188702 0.175905 0.159472 0.124192 0.123284 0.125594 0.124068 0.109851 0.138589 0.117810 0.120123 0.129310 0.144235 0.185979 0.148348 0.154617 0.214452 0.233749 0.176892 0.132868 0.172990 0.143372 0.136622 0.117608 0.178114 0.158855 0.180039 0.142923 0.139089 0.128495 0.226435 0.205637 0.132469 0.137285 
0.127632 0.130150 0.273072 0.285401 0.131022 0.122423 0.120638 0.126692 0.045018 0.095857 0.000000 0.075469 0.122374 0.113699 0.179472 0.208860 0.145750 0.178481 0.261056 0.313849 0.306977 0.328250 0.311388 0.347812 0.299557 0.308428 0.313675 0.291397 0.267983 0.264890 0.314793 0.279345 0.288868 0.278804 0.225687 0.246816 0.308172 0.135085 0.153922 0.126698 0.128799 0.148670 0.153507 0.128640 0.121402 0.191743 0.143283 0.151571 0.230977 0.165033 0.238458 0.225184 0.315586 0.363123 0.425317 0.150450 0.339939 0.373779 0.326632 0.217129 0.375986 0.199183 0.300498 0.360052 0.354381 0.239970 0.218881 0.122513 0.171421 0.129026 0.138077 0.133135 0.126204 0.288604 0.258678 0.226454 0.268302 0.262848 0.222649 0.224856 0.195027 0.190375 0.170105 0.201380 0.496500 0.120072 0.461856 0.230107 0.205955 0.199783 0.276356 0.223217 0.324281 0.184016 0.209304 0.498531 0.229443 0.298688 0.121248 0.172038 0.162771 0.155624 0.160554 0.150939 0.148892 0.132808 0.141970 0.145046 0.145084 0.138144 0.148616 0.166310 0.160526 0.148496 0.160810 0.146732 0.136878 0.129823 0.141412 0.116337 0.115119 0.115667 0.115058 0.131456 0.143693 0.118997 0.115681 0.137096 0.139474 0.152900 0.131504 0.109981 0.144801 0.125522 0.128010 0.135083 0.152139 0.135436 0.133970 0.130708 0.137282 0.119614 0.128205 0.225315 0.106363 0.139076 0.235110 0.095729 0.186912 0.124450 0.160119 0.156551 0.337233 0.116642 0.124655 0.157948 0.129795 0.260825 0.132495 0.116853 0.102165 0.099814 0.136853 0.152497 0.133770 0.146193 0.111472 0.125433 0.235306 0.143626 0.315163 0.248321 0.295035 0.304753 0.301275 0.302541 0.336569 0.172729 0.202861 0.194675 0.195134 0.175831 0.186796 0.206110 0.176783 0.234556 0.128569 0.161739 0.188313 0.180030 0.165921 0.392488 0.191573 0.186871 0.122600 0.147487 0.158936 0.150372 0.161176 0.150266 0.146531 0.126565 0.150656 0.108214 0.173032 0.123004 0.148785 0.149868 0.167367 0.200270 0.179060 0.173693 0.167518 0.123647 0.104755 0.134259 0.149149 0.083702 0.105574 0.100315 0.109083 0.126713 0.167659 0.215139 0.156388 0.165555 0.205794 0.263998 0.189442 0.147458 0.162543 0.139987 0.150975 0.121616 0.173748 0.180800 0.173348 0.142527 0.113769 0.149454 0.248153 0.235209 0.101209 0.129681 
0.126163 0.151942 0.266221 0.255991 0.150106 0.090074 0.113339 0.116622 0.052045 0.126134 0.075469 0.000000 0.125468 0.139530 0.207654 0.213640 0.147523 0.208265 0.260445 0.301833 0.295527 0.328505 0.302700 0.340936 0.295926 0.309241 0.293866 0.297318 0.260539 0.265977 0.300972 0.248259 0.286530 0.296539 0.255288 0.277407 0.334951 0.150654 0.167615 0.109245 0.150967 0.171676 0.166912 0.144467 0.126171 0.220625 0.161144 0.170463 0.267159 0.181018 0.263722 0.249116 0.337023 0.386537 0.453574 0.169684 0.358636 0.407147 0.322945 0.212500 0.388277 0.227411 0.336272 0.354263 0.388801 0.260024 0.219800 0.142930 0.178461 0.146765 0.141965 0.110870 0.146116 0.322812 0.290813 0.257235 0.300231 0.278829 0.236522 0.254718 0.215163 0.217297 0.186798 0.216515 0.520635 0.111969 0.452911 0.225603 0.203519 0.191358 0.303044 0.209511 0.318880 0.188767 0.224021 0.504633 0.218803 0.284225 0.099362 0.176408 0.151604 0.163839 0.143416 0.156340 0.167423 0.153372 0.163796 0.171118 0.167983 0.161879 0.156675 0.164177 0.168781 0.172657 0.168978 0.158832 0.122254 0.123067 0.131853 0.111030 0.112865 0.101869 0.139030 0.126789 0.156649 0.151254 0.113049 0.143108 0.158289 0.153697 0.143210 0.123681 0.153988 0.135170 0.142848 0.144344 0.171306 0.153091 0.136235 0.156309 0.158719 0.131841 0.116233 0.221974 0.114345 0.139751 0.238212 0.096851 0.201531 0.129903 0.167472 0.168065 0.334604 0.097515 0.116026 0.156794 0.142049 0.256575 0.139474 0.108386 0.107739 0.115975 0.122080 0.164090 0.141063 0.143737 0.101693 0.134709 0.249647 0.139925 0.338356 0.277213 0.320793 0.334027 0.327020 0.331205 0.349488 0.174732 0.236935 0.229981 0.225882 0.213061 0.223579 0.237127 0.210907 0.246719 0.131193 0.170456 0.182556 0.181426 0.148876 0.388966 0.234851 0.168730 0.140649 0.173955 0.196150 0.180195 0.173348 0.183908 0.168276 0.155382 0.167891 0.087821 0.184471 0.135252 0.155940 0.180178 0.162281 0.230021 0.207929 0.189273 0.182610 0.100145 0.106180 0.155213 0.174433 0.094976 0.088280 0.107036 0.132851 0.133869 0.188469 0.238770 0.185483 0.181281 0.195399 0.267589 0.225929 0.182545 0.200158 0.133873 0.173797 0.133307 0.161963 0.168409 0.190321 0.147637 0.117245 0.174247 0.257613 0.227496 0.104917 0.134853 
0.119157 0.123380 0.235354 0.279149 0.164348 0.110601 0.104215 0.108390 0.119089 0.119826 0.122374 0.125468 0.000000 0.128502 0.239980 0.258623 0.070268 0.245219 0.241924 0.295958 0.292926 0.274295 0.294501 0.338012 0.278743 0.300258 0.306295 0.261890 0.253332 0.236797 0.292595 0.261523 0.278089 0.258133 0.236508 0.247357 0.323367 0.114249 0.165606 0.134991 0.126701 0.136622 0.136032 0.120994 0.092636 0.195343 0.190593 0.136793 0.252315 0.191041 0.194972 0.181179 0.289685 0.317012 0.386920 0.119868 0.293183 0.340266 0.272554 0.165962 0.312338 0.202550 0.289267 0.341223 0.324104 0.217171 0.191225 0.116725 0.140345 0.105309 0.125104 0.086851 0.117594 0.271111 0.249073 0.194102 0.239963 0.266810 0.179002 0.199696 0.183390 0.178678 0.158029 0.169705 0.507421 0.158096 0.449061 0.243398 0.237484 0.237399 0.292028 0.214769 0.305756 0.227275 0.221422 0.490603 0.230612 0.299527 0.112075 0.141359 0.140670 0.136350 0.146376 0.129884 0.145107 0.125213 0.155034 0.163769 0.140764 0.154406 0.137493 0.130885 0.120906 0.172867 0.145524 0.116550 0.102357 0.112661 0.106233 0.090760 0.104919 0.106022 0.092517 0.103513 0.137019 0.116944 0.081488 0.112994 0.136422 0.113685 0.098399 0.082891 0.106582 0.091067 0.110205 0.132289 0.142166 0.116271 0.105382 0.100116 0.125367 0.092917 0.136419 0.236849 0.123237 0.122126 0.234246 0.091932 0.193378 0.151050 0.165949 0.113009 0.353755 0.124611 0.127592 0.162982 0.112857 0.285954 0.154514 0.121018 0.101277 0.131515 0.148222 0.148401 0.131073 0.126053 0.115115 0.144013 0.247722 0.144651 0.283824 0.228931 0.278548 0.273208 0.262630 0.265044 0.284770 0.160045 0.194258 0.215134 0.197959 0.208615 0.212184 0.214508 0.189784 0.168547 0.124995 0.148148 0.145890 0.164202 0.166193 0.383817 0.205348 0.131173 0.134994 0.174295 0.174919 0.160982 0.158400 0.161967 0.154554 0.124549 0.151476 0.108563 0.151022 0.119115 0.142476 0.151462 0.176639 0.171410 0.155044 0.166122 0.165260 0.148911 0.133608 0.180851 0.150940 0.107122 0.115300 0.124421 0.121536 0.139850 0.180766 0.212651 0.142963 0.172084 0.206191 0.280457 0.219971 0.162716 0.204692 0.135262 0.128719 0.121813 0.198758 0.100322 0.197619 0.091486 0.163486 0.193078 0.264342 0.225377 0.152615 0.151281 
0.124590 0.130135 0.262664 0.278498 0.108138 0.143303 0.135037 0.148632 0.117399 0.107409 0.113699 0.139530 0.128502 0.000000 0.205636 0.242437 0.150598 0.201209 0.287572 0.337225 0.333435 0.340176 0.339076 0.373184 0.322632 0.342211 0.346834 0.315337 0.295162 0.284595 0.325215 0.315682 0.317227 0.290880 0.265768 0.283535 0.349913 0.175747 0.199028 0.168129 0.165670 0.194793 0.200988 0.169868 0.145872 0.168087 0.203828 0.126014 0.264667 0.226566 0.235082 0.218537 0.302312 0.327231 0.380246 0.190990 0.329608 0.334877 0.287351 0.237465 0.336352 0.213774 0.294457 0.333782 0.338303 0.177028 0.209122 0.122261 0.125300 0.133157 0.104538 0.139398 0.104449 0.236904 0.279652 0.174605 0.225462 0.312198 0.198055 0.173432 0.153245 0.148206 0.173368 0.195318 0.422564 0.118141 0.409457 0.182908 0.244946 0.169971 0.198170 0.279624 0.290119 0.176024 0.194943 0.487373 0.216855 0.326963 0.161661 0.199797 0.191141 0.163289 0.188771 0.184893 0.190947 0.165883 0.182080 0.195289 0.180285 0.184265 0.160282 0.150091 0.127423 0.181397 0.139527 0.161564 0.145993 0.156324 0.144898 0.128302 0.162930 0.146319 0.160845 0.162857 0.181324 0.163588 0.151186 0.169844 0.184905 0.175166 0.166809 0.148398 0.175687 0.165182 0.163987 0.180374 0.190569 0.169091 0.162851 0.173030 0.173037 0.151739 0.173740 0.200354 0.106640 0.154087 0.207900 0.135813 0.175796 0.162168 0.187550 0.160490 0.333213 0.164766 0.169803 0.152218 0.132955 0.239558 0.171029 0.148018 0.120779 0.110267 0.144896 0.152007 0.159671 0.166357 0.147261 0.165677 0.216275 0.143664 0.272801 0.232327 0.284773 0.265933 0.248122 0.256296 0.285310 0.150013 0.174737 0.183743 0.169911 0.183558 0.204291 0.186232 0.147646 0.210099 0.091045 0.098183 0.140375 0.201513 0.186984 0.411203 0.174226 0.187168 0.119967 0.133374 0.138530 0.115297 0.132903 0.143279 0.143239 0.114621 0.144525 0.153763 0.146314 0.134392 0.152809 0.156441 0.139360 0.142841 0.115833 0.132079 0.142670 0.172331 0.141135 0.126392 0.127568 0.127287 0.132707 0.124883 0.128777 0.122311 0.115451 0.139887 0.181189 0.146432 0.234920 0.216854 0.158989 0.128185 0.150796 0.150593 0.152521 0.117785 0.195481 0.172822 0.119872 0.146347 0.155334 0.123910 0.225410 0.230541 0.122641 0.100595 
0.264902 0.241149 0.286253 0.297463 0.172208 0.217416 0.214065 0.219650 0.179614 0.190414 0.179472 0.207654 0.239980 0.205636 0.000000 0.108077 0.231791 0.062532 0.295925 0.347517 0.334436 0.359725 0.338216 0.371566 0.328754 0.342390 0.338500 0.323580 0.291864 0.303082 0.349238 0.294119 0.318734 0.321379 0.284384 0.290715 0.345908 0.243541 0.257952 0.239768 0.247929 0.254797 0.253840 0.262081 0.243882 0.218569 0.165690 0.199421 0.231839 0.172980 0.256827 0.227218 0.321261 0.368025 0.430935 0.257670 0.336146 0.369794 0.337558 0.222607 0.388255 0.192262 0.311262 0.349487 0.342652 0.252622 0.267961 0.206355 0.208344 0.222259 0.254707 0.247977 0.234069 0.291312 0.236186 0.233960 0.271197 0.196587 0.262903 0.234616 0.235021 0.219116 0.256640 0.272980 0.468658 0.159825 0.363161 0.239209 0.160425 0.197769 0.269232 0.231512 0.283231 0.187644 0.205466 0.502183 0.173389 0.206677 0.226837 0.249550 0.249528 0.263935 0.248957 0.243023 0.261043 0.234137 0.255443 0.270070 0.261417 0.262564 0.257746 0.248301 0.232046 0.183318 0.230141 0.235917 0.233916 0.244944 0.241459 0.232355 0.263077 0.252706 0.271443 0.275750 0.295052 0.275233 0.261385 0.279690 0.282430 0.292882 0.283684 0.258168 0.298295 0.281234 0.280169 0.295605 0.283555 0.271768 0.255816 0.274469 0.283166 0.277179 0.258159 0.192060 0.214027 0.188005 0.242807 0.226653 0.219540 0.256380 0.291276 0.246561 0.284043 0.207678 0.195463 0.223415 0.225798 0.212132 0.265594 0.229689 0.192648 0.215714 0.233846 0.240171 0.237787 0.257469 0.222508 0.248774 0.245276 0.216439 0.314948 0.242414 0.291700 0.299264 0.297284 0.295341 0.336495 0.185984 0.216334 0.193913 0.209922 0.181107 0.156921 0.190491 0.203910 0.251215 0.224141 0.245661 0.272882 0.315118 0.306080 0.511818 0.200493 0.236109 0.197634 0.191961 0.192990 0.217445 0.224961 0.217791 0.235751 0.216124 0.238599 0.210839 0.243440 0.217532 0.222988 0.210535 0.218461 0.252069 0.222615 0.215796 0.195752 0.224153 0.159535 0.165052 0.221125 0.207484 0.217781 0.187121 0.232070 0.242281 0.207911 0.233543 0.220184 0.190806 0.181585 0.188707 0.156576 0.168207 0.187817 0.257278 0.235658 0.183491 0.171404 0.273118 0.223964 0.252308 0.154617 0.173408 0.206350 0.223509 0.174238 0.207386 
0.295409 0.281968 0.300242 0.297406 0.214474 0.214874 0.218987 0.221365 0.195600 0.229559 0.208860 0.213640 0.258623 0.242437 0.108077 0.000000 0.245371 0.129063 0.301596 0.343519 0.344603 0.359602 0.333743 0.376745 0.329147 0.367057 0.328382 0.333618 0.308799 0.309906 0.357517 0.267190 0.335149 0.321165 0.306822 0.313291 0.354784 0.264403 0.279731 0.250352 0.266201 0.283739 0.286040 0.281874 0.273701 0.250797 0.188563 0.238505 0.266061 0.199617 0.262542 0.250571 0.334602 0.383289 0.453916 0.265272 0.350404 0.392272 0.345749 0.224032 0.386908 0.232273 0.322703 0.351958 0.364410 0.282219 0.299287 0.238951 0.241218 0.251484 0.280029 0.271981 0.260347 0.319639 0.275554 0.280184 0.295362 0.239938 0.291689 0.258710 0.285168 0.255203 0.293507 0.303949 0.508979 0.173242 0.352798 0.241814 0.148519 0.200847 0.300612 0.193888 0.254820 0.186967 0.218212 0.522672 0.169463 0.197507 0.226061 0.263616 0.252302 0.275940 0.241666 0.261722 0.278003 0.258689 0.276288 0.285299 0.263818 0.283004 0.263273 0.276856 0.269212 0.203123 0.258071 0.270345 0.252847 0.266823 0.272583 0.248969 0.278564 0.261349 0.290321 0.283266 0.314440 0.294234 0.279444 0.294888 0.304850 0.308707 0.302347 0.275247 0.315392 0.301172 0.299700 0.317479 0.305442 0.291008 0.262875 0.295336 0.302807 0.295909 0.267684 0.192755 0.249177 0.204764 0.254257 0.240747 0.252767 0.279576 0.308715 0.268431 0.294115 0.214367 0.217560 0.250583 0.257728 0.224473 0.292566 0.244725 0.220844 0.256339 0.246327 0.268405 0.244863 0.275880 0.239940 0.277401 0.271777 0.242101 0.340169 0.281290 0.321081 0.335131 0.329532 0.326360 0.358796 0.218728 0.260058 0.250569 0.256283 0.241064 0.224784 0.253752 0.262218 0.293303 0.258666 0.285204 0.313714 0.344915 0.332979 0.553103 0.231947 0.248125 0.238413 0.244330 0.239028 0.261381 0.253212 0.243743 0.259087 0.259995 0.281252 0.214968 0.274274 0.255813 0.257788 0.237311 0.248265 0.285136 0.269150 0.266762 0.249331 0.245486 0.181042 0.218517 0.259757 0.240020 0.222034 0.204570 0.267831 0.281988 0.255201 0.267930 0.241287 0.214241 0.160899 0.184835 0.207340 0.206608 0.216410 0.286022 0.269174 0.214039 0.159541 0.294482 0.264602 0.279584 0.190340 0.222837 0.217874 0.222104 0.219598 0.241899 
0.168618 0.153232 0.222097 0.259050 0.160288 0.128772 0.102994 0.098440 0.151250 0.151535 0.145750 0.147523 0.070268 0.150598 0.231791 0.245371 0.000000 0.238097 0.206763 0.254069 0.249070 0.246661 0.256292 0.298044 0.241314 0.253753 0.267928 0.222358 0.217154 0.206749 0.249634 0.224463 0.232973 0.244179 0.216976 0.225274 0.293254 0.097902 0.156726 0.136793 0.140260 0.110644 0.106067 0.144464 0.121587 0.173082 0.165426 0.123885 0.230422 0.162690 0.168396 0.163855 0.258722 0.292924 0.356195 0.104012 0.254851 0.320175 0.255702 0.148894 0.283471 0.183281 0.278221 0.311813 0.299700 0.222201 0.195215 0.115856 0.133761 0.103015 0.148498 0.117053 0.148472 0.260915 0.231797 0.179242 0.233094 0.250974 0.171958 0.182328 0.180259 0.162603 0.152693 0.152973 0.503165 0.160754 0.427004 0.240482 0.213702 0.237253 0.297449 0.196055 0.273562 0.207007 0.197808 0.487631 0.232436 0.274232 0.090071 0.111190 0.124698 0.150529 0.137936 0.099635 0.144680 0.129668 0.147333 0.161150 0.146301 0.156842 0.140056 0.121166 0.113569 0.174545 0.131949 0.114605 0.112995 0.112501 0.110100 0.131951 0.123184 0.139669 0.123822 0.107206 0.155183 0.153926 0.098405 0.120098 0.141713 0.141555 0.134532 0.096431 0.137007 0.128574 0.133108 0.141476 0.145159 0.133551 0.105456 0.120306 0.144631 0.116896 0.146949 0.231642 0.141849 0.123107 0.226801 0.119896 0.183035 0.171734 0.206746 0.152316 0.354927 0.115025 0.130820 0.164263 0.136471 0.286926 0.190122 0.159131 0.132899 0.154740 0.164874 0.174318 0.166660 0.164647 0.135038 0.171008 0.262781 0.161096 0.264182 0.217610 0.260706 0.256580 0.254686 0.244941 0.256526 0.158737 0.205738 0.212496 0.202141 0.208800 0.219982 0.214869 0.197651 0.144246 0.145268 0.161241 0.154164 0.218961 0.190994 0.419601 0.196640 0.120490 0.137384 0.185013 0.185402 0.157499 0.147912 0.159954 0.152386 0.136346 0.146091 0.151203 0.148338 0.118958 0.147244 0.143888 0.182602 0.179237 0.157111 0.155021 0.176835 0.195553 0.170766 0.183299 0.181392 0.145344 0.139901 0.149613 0.173861 0.176044 0.199415 0.218821 0.172937 0.176686 0.201269 0.274530 0.231123 0.183584 0.216782 0.168101 0.172564 0.132375 0.188840 0.071433 0.199137 0.108424 0.185849 0.205345 0.265876 0.215168 0.159237 0.166789 
0.257288 0.246644 0.280502 0.297621 0.168089 0.214335 0.212454 0.219193 0.172155 0.194971 0.178481 0.208265 0.245219 0.201209 0.062532 0.129063 0.238097 0.000000 0.306306 0.350020 0.344642 0.357319 0.344563 0.379660 0.334387 0.353158 0.348656 0.331449 0.299209 0.310562 0.355132 0.308497 0.330006 0.322343 0.293834 0.303022 0.354645 0.249504 0.266772 0.241515 0.252580 0.267414 0.267504 0.260285 0.243023 0.214160 0.173272 0.204188 0.233989 0.182347 0.237068 0.218794 0.314105 0.363361 0.424164 0.259886 0.320946 0.360684 0.341571 0.222971 0.373453 0.193635 0.307062 0.335926 0.336261 0.255151 0.270060 0.205018 0.215514 0.219003 0.252597 0.242041 0.227756 0.274212 0.213400 0.237671 0.249869 0.170541 0.260314 0.229331 0.234699 0.222638 0.257000 0.271587 0.468258 0.157018 0.367838 0.231915 0.147541 0.175788 0.264462 0.242057 0.284990 0.182741 0.189293 0.499549 0.166653 0.202130 0.226807 0.259284 0.256403 0.266184 0.249873 0.255855 0.271732 0.243641 0.261371 0.276178 0.265919 0.265942 0.262993 0.252856 0.228988 0.172068 0.226286 0.231433 0.228841 0.241757 0.237630 0.231692 0.265833 0.245804 0.268924 0.275890 0.299154 0.277921 0.255380 0.276763 0.279408 0.293701 0.288626 0.253917 0.300085 0.285949 0.283310 0.296017 0.287494 0.275266 0.248771 0.277475 0.279620 0.276444 0.262715 0.196267 0.215049 0.193001 0.240250 0.232223 0.231538 0.257576 0.288105 0.248239 0.275867 0.221669 0.205799 0.230278 0.230600 0.221529 0.261399 0.225586 0.196907 0.218731 0.230325 0.244704 0.240767 0.252204 0.219942 0.241923 0.251268 0.220284 0.306181 0.233301 0.268759 0.292677 0.285950 0.288445 0.341931 0.197873 0.231373 0.186293 0.190046 0.161215 0.138431 0.183143 0.192027 0.263224 0.208971 0.242667 0.284846 0.307763 0.303327 0.523739 0.196589 0.245562 0.197317 0.194310 0.201418 0.223098 0.223560 0.216412 0.230560 0.217601 0.240335 0.213998 0.241275 0.214535 0.224568 0.214603 0.198944 0.248360 0.210850 0.202923 0.182538 0.229298 0.161860 0.152891 0.217763 0.200101 0.211270 0.188594 0.226888 0.238891 0.202559 0.227636 0.225191 0.198493 0.184275 0.173735 0.148184 0.163163 0.181179 0.258827 0.238202 0.171953 0.169912 0.273270 0.223009 0.244580 0.159556 0.158641 0.216354 0.223091 0.175524 0.200844 
