237 237
0.000000 0.111079 0.190632 0.184155 0.168159 0.193717 0.159498 0.153187 0.159066 0.160073 0.142711 0.179108 0.176299 0.151822 0.146655 0.146839 0.170058 0.237527 0.264255 0.151567 0.237148 0.240038 0.288739 0.318992 0.323201 0.322579 0.311369 0.325393 0.306600 0.306706 0.282220 0.284517 0.280993 0.295393 0.281885 0.329197 0.267749 0.310616 0.284872 0.215795 0.192216 0.176448 0.182602 0.196800 0.193362 0.173659 0.190799 0.172828 0.190678 0.183522 0.282729 0.216796 0.204553 0.212202 0.187038 0.233204 0.268405 0.222677 0.318325 0.269352 0.277146 0.185515 0.243467 0.277407 0.299406 0.275819 0.251627 0.270150 0.115749 0.153600 0.142672 0.142181 0.146480 0.144671 0.263958 0.265730 0.256612 0.269824 0.135546 0.135972 0.213372 0.178559 0.127274 0.130827 0.427622 0.418757 0.247562 0.283971 0.327031 0.205075 0.473022 0.353535 0.524810 0.239439 0.433474 0.329868 0.157649 0.151383 0.208109 0.188689 0.181331 0.171602 0.201932 0.180248 0.184491 0.196317 0.191277 0.199216 0.176110 0.166788 0.191096 0.131537 0.150374 0.182587 0.136732 0.145890 0.127666 0.095459 0.153695 0.135412 0.191513 0.187188 0.187889 0.225399 0.187854 0.201661 0.212218 0.214628 0.189015 0.203752 0.224211 0.205422 0.206393 0.183326 0.208752 0.227349 0.199636 0.210790 0.219718 0.199847 0.206167 0.227329 0.149413 0.186629 0.179371 0.154462 0.169711 0.216326 0.168245 0.295491 0.186191 0.148438 0.169031 0.159388 0.254707 0.199971 0.155513 0.126364 0.125923 0.163507 0.191940 0.195519 0.168634 0.143754 0.201815 0.244464 0.281651 0.250349 0.279716 0.276338 0.258983 0.296280 0.266267 0.163902 0.217085 0.220372 0.186770 0.194631 0.209841 0.216440 0.183076 0.144423 0.153929 0.103033 0.137550 0.139484 0.368220 0.163844 0.146240 0.118107 0.155754 0.171845 0.147387 0.133315 0.125729 0.118482 0.134348 0.158795 0.115755 0.125418 0.174100 0.115799 0.109104 0.110217 0.114354 0.131719 0.221671 0.177546 0.162750 0.180395 0.194416 0.144673 0.150886 0.134668 0.137498 0.127403 0.142633 0.155461 0.146470 0.145236 0.142553 0.236240 0.229029 0.169863 0.204076 0.161691 0.137287 0.164298 0.151436 0.213826 0.198415 0.160926 0.160785 0.141937 0.174091 0.201205 0.205216 
0.111079 0.000000 0.202330 0.162712 0.145191 0.165526 0.134806 0.129941 0.137264 0.150618 0.126399 0.145263 0.151689 0.140864 0.131087 0.112765 0.159239 0.217183 0.239556 0.131424 0.211067 0.215588 0.299844 0.299549 0.298497 0.330950 0.280886 0.298739 0.308260 0.275906 0.257449 0.249138 0.303040 0.272956 0.278361 0.298076 0.236702 0.281818 0.249048 0.173018 0.150787 0.139144 0.179110 0.187954 0.154776 0.137619 0.151389 0.189817 0.177423 0.156950 0.258087 0.220198 0.170720 0.202979 0.171100 0.201597 0.243927 0.199920 0.276989 0.263851 0.235728 0.155434 0.245052 0.216182 0.246419 0.272081 0.270198 0.285043 0.116385 0.150810 0.123140 0.117189 0.107433 0.102837 0.256484 0.255543 0.253838 0.240289 0.153493 0.145080 0.181344 0.168960 0.090358 0.104231 0.409049 0.438503 0.251309 0.261086 0.324101 0.210250 0.461357 0.377905 0.545931 0.243070 0.377799 0.345444 0.159511 0.143893 0.168218 0.145820 0.146008 0.149929 0.164003 0.142825 0.139747 0.156838 0.152345 0.160370 0.143527 0.147861 0.169455 0.126833 0.132589 0.157042 0.130455 0.122151 0.098292 0.088471 0.136597 0.124967 0.163391 0.160219 0.169380 0.197760 0.165354 0.162584 0.177672 0.182040 0.158102 0.176059 0.186772 0.169106 0.176940 0.150892 0.190150 0.204743 0.177391 0.191618 0.191441 0.165285 0.179283 0.226565 0.138026 0.160428 0.147360 0.128419 0.162054 0.177901 0.128519 0.299250 0.155426 0.115842 0.151353 0.136301 0.258167 0.165704 0.127114 0.114564 0.107801 0.163739 0.180595 0.166196 0.132904 0.113801 0.176366 0.191958 0.263436 0.211398 0.244669 0.252089 0.235183 0.265423 0.260166 0.155201 0.196620 0.199829 0.155933 0.165844 0.186175 0.182919 0.157419 0.122081 0.135116 0.152741 0.167863 0.135827 0.342743 0.175166 0.170174 0.119882 0.169479 0.179401 0.167906 0.132022 0.117631 0.131823 0.125856 0.155954 0.105480 0.121022 0.149973 0.138158 0.096739 0.119774 0.126716 0.109893 0.197285 0.151310 0.143751 0.155100 0.175799 0.120738 0.124061 0.109329 0.149606 0.114874 0.145491 0.116846 0.118000 0.109491 0.119096 0.209507 0.231246 0.157496 0.189511 0.151741 0.125081 0.127271 0.127660 0.207881 0.181466 0.145817 0.153977 0.123404 0.138186 0.185116 0.218961 
0.190632 0.202330 0.000000 0.148555 0.253361 0.244823 0.251499 0.254835 0.257295 0.251173 0.251879 0.239088 0.254897 0.236183 0.232427 0.248409 0.236216 0.282635 0.302482 0.214327 0.294583 0.280559 0.319126 0.308224 0.322052 0.354468 0.310845 0.313539 0.326961 0.301545 0.280337 0.305362 0.341716 0.295851 0.314370 0.316370 0.290935 0.320018 0.293079 0.264573 0.257331 0.270390 0.270769 0.264981 0.270975 0.252463 0.252663 0.253344 0.258194 0.213956 0.263165 0.262869 0.242384 0.253455 0.220476 0.229495 0.199224 0.228163 0.241778 0.184991 0.206669 0.247588 0.198614 0.215961 0.238433 0.217967 0.194587 0.209239 0.177017 0.188085 0.199432 0.221175 0.239944 0.249956 0.231991 0.249920 0.193126 0.224337 0.140458 0.147155 0.199974 0.170769 0.215762 0.181148 0.297924 0.361267 0.235454 0.261977 0.281903 0.208764 0.377538 0.287043 0.479814 0.204562 0.391181 0.246084 0.281978 0.265684 0.252489 0.275274 0.260195 0.273055 0.265938 0.250475 0.252563 0.262824 0.274944 0.288736 0.273351 0.266467 0.291336 0.172293 0.183020 0.230384 0.168082 0.205892 0.208564 0.205618 0.194321 0.191556 0.246953 0.254414 0.255244 0.283068 0.253815 0.250573 0.280353 0.268614 0.240984 0.258392 0.264572 0.257011 0.247383 0.242752 0.274534 0.282400 0.260747 0.272068 0.264371 0.264640 0.267985 0.225551 0.232546 0.237444 0.216782 0.244824 0.213775 0.319060 0.252638 0.241156 0.239948 0.238611 0.238895 0.227708 0.231169 0.288079 0.269746 0.218812 0.229714 0.262777 0.257332 0.300339 0.270264 0.246407 0.282288 0.270446 0.251430 0.236481 0.262276 0.251510 0.242866 0.248464 0.225407 0.205136 0.234758 0.232106 0.233208 0.239774 0.238208 0.230626 0.228583 0.211103 0.209913 0.166399 0.200288 0.267354 0.471537 0.168445 0.188465 0.171549 0.210672 0.195534 0.175882 0.197951 0.176292 0.161792 0.202650 0.198441 0.200803 0.185490 0.256389 0.172982 0.176816 0.163350 0.162323 0.216872 0.261156 0.193252 0.209792 0.207449 0.231939 0.229374 0.223341 0.245131 0.189095 0.208535 0.225366 0.240824 0.228888 0.239201 0.225078 0.237986 0.244420 0.244079 0.263170 0.257333 0.230883 0.257032 0.218468 0.185239 0.231942 0.210070 0.189751 0.216185 0.230687 0.216147 0.200267 
0.184155 0.162712 0.148555 0.000000 0.240527 0.244696 0.240824 0.253914 0.254545 0.228433 0.243309 0.239182 0.241967 0.249134 0.245560 0.217543 0.243112 0.266393 0.267143 0.230396 0.262498 0.265899 0.312831 0.317005 0.316630 0.341486 0.313912 0.322886 0.312244 0.315301 0.275251 0.310339 0.336968 0.274842 0.309505 0.322436 0.301148 0.322050 0.307449 0.274611 0.253480 0.281594 0.288695 0.283203 0.289672 0.277208 0.276664 0.259777 0.237669 0.246670 0.283744 0.251262 0.266847 0.236815 0.210746 0.242630 0.206607 0.246831 0.224104 0.228156 0.197977 0.267785 0.223714 0.181056 0.216794 0.237895 0.246564 0.267467 0.198504 0.194977 0.226136 0.214800 0.225550 0.229755 0.270479 0.268630 0.246893 0.263109 0.148234 0.166569 0.222716 0.210541 0.202617 0.184092 0.318055 0.389353 0.238514 0.260788 0.292566 0.195715 0.359177 0.326865 0.479372 0.223187 0.311932 0.282162 0.251901 0.254260 0.267871 0.277437 0.261518 0.281663 0.255470 0.263982 0.264132 0.276062 0.282386 0.295428 0.281786 0.275520 0.293772 0.194489 0.210061 0.221902 0.180991 0.221829 0.205341 0.196046 0.206296 0.185441 0.275971 0.270101 0.276500 0.316457 0.287100 0.280568 0.303570 0.304855 0.269912 0.292320 0.296384 0.283302 0.281105 0.274942 0.308794 0.318581 0.295499 0.300087 0.299119 0.297948 0.301667 0.216937 0.222225 0.231316 0.152954 0.251723 0.211231 0.320214 0.249110 0.234070 0.231399 0.234421 0.222798 0.227575 0.226184 0.286378 0.256299 0.217002 0.235834 0.248368 0.267515 0.291825 0.267114 0.238866 0.289524 0.222228 0.277432 0.250411 0.271286 0.266460 0.259027 0.281488 0.268928 0.199122 0.255155 0.244266 0.238043 0.233848 0.246801 0.239029 0.229318 0.217129 0.223920 0.211557 0.200317 0.261596 0.466396 0.199943 0.184316 0.193196 0.204713 0.221397 0.214428 0.204437 0.194607 0.180105 0.207936 0.197945 0.206080 0.200693 0.247778 0.194915 0.186662 0.181549 0.185171 0.208341 0.288395 0.227819 0.228412 0.226915 0.256325 0.224901 0.213118 0.220819 0.186843 0.222760 0.242891 0.239586 0.231495 0.239322 0.232337 0.223097 0.223101 0.228250 0.250749 0.241812 0.220976 0.248690 0.219944 0.177169 0.231545 0.230807 0.216068 0.245486 0.258662 0.182006 0.197380 
0.168159 0.145191 0.253361 0.240527 0.000000 0.059848 0.099453 0.132083 0.109421 0.103575 0.129343 0.087547 0.106690 0.120975 0.088593 0.121673 0.077738 0.191144 0.195193 0.093641 0.144246 0.189225 0.243797 0.248399 0.222876 0.266931 0.224270 0.254131 0.235435 0.210415 0.201378 0.187260 0.246156 0.202343 0.222381 0.238968 0.189732 0.238100 0.204529 0.127550 0.104929 0.097286 0.128546 0.126017 0.108865 0.122402 0.106796 0.163688 0.132406 0.142771 0.209688 0.149254 0.130532 0.165275 0.129495 0.175976 0.275171 0.171581 0.331871 0.251494 0.301121 0.107976 0.277290 0.252991 0.287203 0.300622 0.254766 0.295575 0.117395 0.133749 0.119367 0.109171 0.107735 0.122228 0.254721 0.239063 0.263410 0.236791 0.213260 0.173833 0.199709 0.172633 0.140209 0.155695 0.469248 0.400151 0.172923 0.167025 0.267614 0.147502 0.503606 0.327741 0.516308 0.176993 0.446000 0.306035 0.136164 0.110832 0.127902 0.125977 0.115788 0.128155 0.111460 0.114283 0.105810 0.117908 0.123846 0.136820 0.121681 0.106271 0.152159 0.139403 0.123837 0.132007 0.130183 0.119380 0.110422 0.109286 0.129583 0.109577 0.098259 0.111644 0.102476 0.146604 0.119490 0.110765 0.112692 0.131062 0.100937 0.119729 0.126830 0.092307 0.114214 0.104259 0.132301 0.127516 0.126694 0.129836 0.147457 0.124699 0.116340 0.173427 0.107120 0.092894 0.200386 0.088797 0.159807 0.149725 0.128596 0.303411 0.081877 0.086142 0.137107 0.110557 0.222304 0.136295 0.093075 0.137330 0.094416 0.114761 0.151305 0.113917 0.116962 0.098756 0.144823 0.207398 0.293066 0.226284 0.268917 0.273748 0.268977 0.290986 0.283370 0.147148 0.181495 0.214346 0.165516 0.162427 0.190169 0.196984 0.159800 0.127473 0.137232 0.173967 0.175839 0.188177 0.416180 0.189552 0.134747 0.130290 0.136143 0.163753 0.164262 0.149689 0.127529 0.152735 0.134628 0.144330 0.124994 0.132774 0.106386 0.146157 0.116352 0.132786 0.155110 0.116516 0.173446 0.165903 0.140416 0.157832 0.183700 0.104625 0.109750 0.092816 0.144302 0.140891 0.160969 0.145245 0.152829 0.143293 0.170877 0.161939 0.221977 0.156296 0.188494 0.140671 0.157123 0.150113 0.099927 0.210084 0.136557 0.122474 0.194013 0.136881 0.092954 0.216425 0.191272 
0.193717 0.165526 0.244823 0.244696 0.059848 0.000000 0.110100 0.148585 0.113537 0.105452 0.147297 0.080618 0.115902 0.133584 0.110070 0.129614 0.070717 0.195857 0.197081 0.089268 0.148517 0.195196 0.236189 0.249053 0.224018 0.269845 0.219695 0.244971 0.230424 0.216995 0.188923 0.197703 0.245944 0.198724 0.225034 0.230193 0.198590 0.250805 0.217090 0.133068 0.092917 0.130843 0.125187 0.107930 0.123031 0.125101 0.123112 0.191509 0.144155 0.145055 0.213113 0.159490 0.138703 0.165036 0.128068 0.193867 0.283398 0.189285 0.334788 0.261800 0.306689 0.117082 0.284180 0.248018 0.300509 0.313156 0.266858 0.308850 0.127371 0.125769 0.131328 0.121840 0.143249 0.150970 0.268068 0.241290 0.263354 0.248092 0.223282 0.182024 0.204523 0.167974 0.157015 0.166295 0.462705 0.382589 0.174725 0.149161 0.234656 0.156485 0.501300 0.303680 0.506490 0.159114 0.432855 0.292261 0.152704 0.143760 0.126736 0.146702 0.119618 0.161097 0.115787 0.122972 0.120692 0.128716 0.141858 0.149114 0.143959 0.144037 0.163240 0.143773 0.121371 0.150538 0.128028 0.119127 0.121229 0.138190 0.113136 0.109623 0.095286 0.104720 0.099768 0.139252 0.111412 0.101007 0.127992 0.122637 0.088626 0.119371 0.115029 0.086275 0.103862 0.100627 0.131790 0.125504 0.124091 0.127436 0.130897 0.130974 0.111020 0.192800 0.117096 0.091479 0.217802 0.113015 0.176048 0.182510 0.148672 0.292115 0.060062 0.105066 0.158903 0.120229 0.221824 0.153610 0.127294 0.148146 0.131471 0.128506 0.139400 0.133176 0.150325 0.121950 0.149730 0.212112 0.290590 0.228687 0.269239 0.266785 0.268763 0.294452 0.285099 0.126777 0.179949 0.222485 0.163150 0.178821 0.191785 0.204700 0.177211 0.132107 0.139882 0.170867 0.174666 0.201007 0.409222 0.196223 0.130152 0.128889 0.132845 0.155477 0.162237 0.153297 0.128140 0.162412 0.156820 0.154673 0.139585 0.130923 0.119845 0.163275 0.121113 0.141024 0.161013 0.135432 0.159035 0.158800 0.132738 0.136594 0.163881 0.113481 0.108610 0.125153 0.152729 0.155409 0.168717 0.158026 0.149211 0.160026 0.172252 0.148526 0.257588 0.152100 0.191395 0.166578 0.157798 0.164417 0.119064 0.214462 0.134050 0.122050 0.203351 0.137672 0.114332 0.230893 0.182460 
0.159498 0.134806 0.251499 0.240824 0.099453 0.110100 0.000000 0.091124 0.041239 0.047163 0.061309 0.090044 0.093631 0.105496 0.114039 0.086173 0.105325 0.160941 0.174959 0.136636 0.170415 0.153051 0.279350 0.292426 0.281157 0.315129 0.269267 0.277582 0.280498 0.264788 0.240461 0.240001 0.286380 0.245897 0.263540 0.276894 0.218981 0.265469 0.240680 0.147261 0.111427 0.127493 0.157432 0.155767 0.127938 0.110878 0.110651 0.177278 0.119011 0.142229 0.217917 0.152305 0.148009 0.156330 0.153604 0.221517 0.302986 0.206024 0.372664 0.287075 0.329600 0.152592 0.312188 0.293398 0.335116 0.332983 0.270197 0.327255 0.112461 0.155941 0.115897 0.105546 0.111459 0.110600 0.266589 0.238424 0.279739 0.257061 0.235480 0.199004 0.208199 0.180559 0.158314 0.186612 0.441326 0.391417 0.165105 0.183751 0.282069 0.157743 0.457623 0.333939 0.496776 0.180903 0.438112 0.315603 0.144612 0.133834 0.156691 0.131456 0.146753 0.142460 0.142826 0.144354 0.129477 0.141223 0.143492 0.147727 0.143075 0.137666 0.166455 0.153446 0.144455 0.126023 0.144839 0.132702 0.118446 0.093460 0.136616 0.136768 0.101864 0.103613 0.121026 0.138062 0.118648 0.108371 0.122842 0.125296 0.096501 0.127522 0.135580 0.126274 0.127007 0.103893 0.140195 0.149540 0.128311 0.132573 0.146174 0.133583 0.117280 0.190662 0.098684 0.124457 0.210352 0.086911 0.169844 0.146084 0.142368 0.288120 0.102840 0.096487 0.137603 0.116588 0.222943 0.122029 0.094418 0.093231 0.091104 0.113126 0.137630 0.122551 0.126211 0.098924 0.122886 0.207517 0.285222 0.228976 0.268122 0.271102 0.276915 0.292615 0.303851 0.155244 0.183894 0.200541 0.144683 0.161956 0.171032 0.188956 0.165947 0.111251 0.145326 0.167210 0.154034 0.146625 0.369789 0.180771 0.165451 0.115137 0.179033 0.131375 0.146081 0.143004 0.133373 0.138744 0.128585 0.170409 0.125490 0.142843 0.080816 0.154916 0.114429 0.135166 0.139082 0.133871 0.191391 0.166207 0.146411 0.159609 0.150576 0.081765 0.084796 0.083397 0.175806 0.115642 0.147808 0.088508 0.086421 0.107985 0.115892 0.166716 0.218389 0.127278 0.162369 0.125459 0.126763 0.145207 0.106827 0.207303 0.127217 0.156409 0.153061 0.131927 0.123082 0.209318 0.197825 
0.153187 0.129941 0.254835 0.253914 0.132083 0.148585 0.091124 0.000000 0.088291 0.115000 0.067334 0.146195 0.132349 0.097529 0.106540 0.058548 0.120902 0.171676 0.206753 0.137538 0.214450 0.174640 0.306575 0.300050 0.310502 0.340293 0.302466 0.312571 0.317063 0.296586 0.266313 0.266783 0.302781 0.285760 0.292917 0.311468 0.248215 0.292870 0.266589 0.184417 0.166801 0.153949 0.195348 0.198366 0.162743 0.150691 0.119207 0.157042 0.161289 0.156998 0.229074 0.190725 0.143550 0.166186 0.150190 0.201493 0.280810 0.183733 0.363417 0.291743 0.309125 0.179024 0.282499 0.292269 0.304399 0.310842 0.255949 0.300453 0.128654 0.148500 0.112605 0.090369 0.104133 0.105039 0.250325 0.237820 0.275895 0.238433 0.220369 0.192142 0.197633 0.186103 0.157247 0.177492 0.410770 0.383791 0.190324 0.238748 0.277900 0.188425 0.456951 0.340476 0.520323 0.205511 0.435250 0.316371 0.192505 0.147505 0.190581 0.168876 0.180905 0.131918 0.180894 0.171682 0.157388 0.172508 0.175821 0.186959 0.164700 0.146290 0.199554 0.161970 0.146673 0.151221 0.154095 0.145416 0.133856 0.101806 0.154430 0.142547 0.144484 0.141845 0.137772 0.173632 0.148523 0.155667 0.140485 0.164929 0.142370 0.167869 0.183894 0.162873 0.164671 0.143462 0.152443 0.166366 0.136015 0.172449 0.186183 0.158561 0.146999 0.215086 0.116209 0.146375 0.210976 0.114021 0.179212 0.167251 0.139191 0.308095 0.156095 0.143027 0.131643 0.131114 0.238148 0.154631 0.131144 0.112527 0.074403 0.121083 0.146435 0.134119 0.140866 0.132737 0.108747 0.212687 0.276117 0.225113 0.258005 0.263835 0.258587 0.293212 0.306729 0.138681 0.156070 0.201215 0.154134 0.173130 0.172368 0.188929 0.166026 0.124533 0.154002 0.161201 0.170900 0.157960 0.369508 0.173244 0.176321 0.126386 0.186748 0.164912 0.139189 0.127475 0.137718 0.126575 0.104609 0.178958 0.105137 0.149006 0.103847 0.120354 0.127284 0.151645 0.136268 0.121252 0.173935 0.170500 0.139872 0.159374 0.144253 0.100190 0.126474 0.108079 0.163100 0.104757 0.116879 0.102116 0.104351 0.109266 0.118361 0.194113 0.208400 0.136973 0.160709 0.121701 0.132234 0.126872 0.106768 0.195730 0.134084 0.143606 0.161696 0.124404 0.128884 0.204075 0.184773 
0.159066 0.137264 0.257295 0.254545 0.109421 0.113537 0.041239 0.088291 0.000000 0.068678 0.080198 0.085054 0.106104 0.102505 0.125402 0.093754 0.114803 0.160309 0.186509 0.131449 0.181555 0.158312 0.281716 0.292381 0.277677 0.311083 0.267671 0.275576 0.281247 0.260415 0.239460 0.238076 0.283934 0.249306 0.258999 0.275630 0.202046 0.244962 0.220135 0.139230 0.114318 0.117099 0.135556 0.139350 0.116607 0.097890 0.111227 0.173914 0.129045 0.136531 0.205434 0.160672 0.133176 0.163440 0.165277 0.213595 0.295779 0.202916 0.365985 0.280516 0.323929 0.135401 0.303900 0.291460 0.336097 0.329681 0.268300 0.316546 0.111074 0.154552 0.117038 0.121001 0.114954 0.107460 0.256897 0.230391 0.270776 0.247754 0.229529 0.199907 0.201527 0.174987 0.154162 0.182120 0.440984 0.407925 0.176975 0.198294 0.287406 0.163641 0.464579 0.344571 0.509634 0.186271 0.440848 0.325100 0.150771 0.132418 0.156114 0.125248 0.147854 0.142781 0.145952 0.137229 0.120683 0.125009 0.129158 0.132352 0.132438 0.135343 0.153496 0.151180 0.145663 0.133922 0.145329 0.133568 0.118589 0.106884 0.146033 0.148190 0.105497 0.104722 0.118545 0.129360 0.104390 0.100443 0.108416 0.113354 0.104577 0.123276 0.125110 0.121275 0.130878 0.099233 0.131236 0.142845 0.114496 0.122357 0.136207 0.117752 0.108096 0.201616 0.096891 0.126460 0.212505 0.087188 0.170028 0.147565 0.144938 0.299522 0.104816 0.100663 0.143559 0.119212 0.233683 0.121261 0.107458 0.091728 0.093570 0.125004 0.142208 0.124988 0.134850 0.101828 0.126473 0.213602 0.282248 0.222355 0.264038 0.262734 0.270156 0.290518 0.300096 0.156763 0.181810 0.197442 0.141513 0.158273 0.167741 0.184964 0.159877 0.116575 0.146557 0.170331 0.163059 0.152794 0.369359 0.171609 0.168141 0.110864 0.176810 0.132375 0.142529 0.136365 0.132474 0.135600 0.133586 0.171170 0.116104 0.137281 0.100143 0.157721 0.112279 0.134552 0.135210 0.134354 0.184993 0.160565 0.144972 0.156320 0.150506 0.077375 0.096095 0.092825 0.190809 0.117552 0.147204 0.096369 0.081241 0.100792 0.116741 0.185240 0.236291 0.140699 0.170987 0.135345 0.128845 0.140073 0.111116 0.216349 0.144060 0.163923 0.155557 0.142062 0.129883 0.223071 0.210836 
0.160073 0.150618 0.251173 0.228433 0.103575 0.105452 0.047163 0.115000 0.068678 0.000000 0.087209 0.079583 0.099934 0.125759 0.108703 0.095715 0.096824 0.186140 0.191634 0.133539 0.152133 0.185624 0.271189 0.293355 0.270654 0.305468 0.265150 0.276359 0.264018 0.266374 0.233353 0.239749 0.271860 0.222221 0.257309 0.276111 0.229748 0.275134 0.248790 0.151576 0.098776 0.137395 0.157373 0.152588 0.131370 0.116305 0.115295 0.199467 0.145025 0.152788 0.237463 0.165213 0.167581 0.172096 0.166414 0.236350 0.315740 0.224158 0.378393 0.300015 0.344594 0.153922 0.320782 0.287625 0.347114 0.346608 0.300075 0.347544 0.129302 0.161356 0.132733 0.101247 0.132684 0.124233 0.287742 0.258999 0.299797 0.277511 0.242582 0.212566 0.228057 0.192084 0.169304 0.195928 0.462527 0.400259 0.169606 0.187078 0.283103 0.168407 0.488515 0.340668 0.502688 0.199598 0.446174 0.323373 0.122865 0.141930 0.160123 0.139924 0.138271 0.149797 0.131128 0.142210 0.139441 0.145488 0.149089 0.156104 0.153321 0.142420 0.169069 0.148399 0.153019 0.155288 0.152704 0.143715 0.112940 0.102434 0.130256 0.128714 0.103996 0.102872 0.115262 0.141476 0.120493 0.116480 0.137843 0.131356 0.102459 0.128400 0.142516 0.129199 0.134781 0.112183 0.140234 0.149184 0.123555 0.130380 0.154264 0.141961 0.120180 0.199210 0.103997 0.127981 0.215969 0.088228 0.182994 0.153986 0.155535 0.298081 0.089022 0.094270 0.142404 0.130440 0.230314 0.127459 0.099818 0.105263 0.103862 0.112206 0.153113 0.132047 0.132598 0.093006 0.114998 0.226819 0.302962 0.248424 0.286696 0.282260 0.296092 0.310139 0.311988 0.158885 0.212627 0.220344 0.169152 0.191677 0.200573 0.212401 0.190578 0.119002 0.154760 0.165142 0.147891 0.135780 0.365498 0.210610 0.152265 0.127527 0.171611 0.155751 0.175808 0.162978 0.147976 0.165907 0.152974 0.185507 0.142079 0.152228 0.081949 0.167721 0.122921 0.140684 0.162639 0.154708 0.212387 0.186918 0.165184 0.170069 0.163056 0.087677 0.080926 0.099194 0.169585 0.131882 0.161072 0.103972 0.096333 0.121750 0.121575 0.176449 0.239989 0.162291 0.203814 0.166931 0.122801 0.160718 0.121599 0.234977 0.153365 0.152146 0.170417 0.138344 0.134451 0.231821 0.204154 
0.142711 0.126399 0.251879 0.243309 0.129343 0.147297 0.061309 0.067334 0.080198 0.087209 0.000000 0.134761 0.125601 0.110421 0.090197 0.066304 0.125016 0.168254 0.188402 0.130403 0.193918 0.167255 0.307464 0.305419 0.307532 0.338895 0.292407 0.305593 0.312175 0.284964 0.260499 0.261324 0.294437 0.275052 0.286062 0.307223 0.246717 0.291154 0.261033 0.177976 0.156300 0.150222 0.191723 0.195955 0.154919 0.135505 0.139263 0.172943 0.143058 0.147828 0.237899 0.169602 0.159082 0.175468 0.163108 0.216746 0.290148 0.200689 0.364129 0.295489 0.312863 0.170537 0.299002 0.289559 0.319658 0.322670 0.271162 0.312217 0.121446 0.156527 0.115212 0.110696 0.107323 0.103767 0.266550 0.250122 0.288709 0.255643 0.224404 0.201022 0.200428 0.188310 0.154797 0.177357 0.435012 0.386468 0.196022 0.224046 0.289396 0.162093 0.458749 0.343693 0.509710 0.205283 0.436887 0.317561 0.168991 0.153907 0.179178 0.155481 0.168873 0.143302 0.176929 0.160015 0.153492 0.165141 0.167450 0.172299 0.161688 0.147832 0.185930 0.153495 0.150448 0.148509 0.154405 0.143933 0.121311 0.095568 0.152051 0.136601 0.135840 0.135483 0.145807 0.166828 0.145352 0.147498 0.154566 0.168707 0.138870 0.158738 0.178831 0.168985 0.163291 0.138206 0.166583 0.183640 0.155535 0.174803 0.180195 0.159154 0.156884 0.212751 0.124609 0.151312 0.203977 0.113724 0.171340 0.175207 0.146229 0.301675 0.146980 0.125336 0.135160 0.129366 0.239355 0.158666 0.124269 0.101742 0.083155 0.130282 0.156564 0.140204 0.144611 0.118649 0.133127 0.221859 0.279835 0.239246 0.272101 0.274611 0.271450 0.296819 0.296123 0.159774 0.189559 0.215059 0.169148 0.184107 0.189862 0.204471 0.182346 0.134075 0.160958 0.160137 0.169058 0.130235 0.357473 0.180559 0.169838 0.133198 0.177475 0.151810 0.150981 0.128020 0.141228 0.141650 0.132274 0.165607 0.114044 0.149892 0.109089 0.147968 0.125032 0.144049 0.132058 0.121989 0.195506 0.176759 0.156051 0.165654 0.159699 0.102595 0.120770 0.097923 0.170475 0.115500 0.120962 0.104356 0.111905 0.117708 0.114164 0.191804 0.211469 0.134714 0.166081 0.127013 0.129975 0.141679 0.124371 0.207132 0.138362 0.141423 0.155038 0.120848 0.139584 0.200825 0.201954 
0.179108 0.145263 0.239088 0.239182 0.087547 0.080618 0.090044 0.146195 0.085054 0.079583 0.134761 0.000000 0.092006 0.139063 0.104817 0.124928 0.096069 0.201264 0.223733 0.109507 0.165586 0.200859 0.242923 0.264028 0.228561 0.271597 0.222314 0.233870 0.234003 0.212265 0.199898 0.197075 0.250299 0.198049 0.216643 0.228369 0.177383 0.226969 0.194838 0.113876 0.063745 0.091502 0.101120 0.097909 0.063246 0.060992 0.073948 0.191179 0.144294 0.133641 0.218483 0.176450 0.143040 0.196170 0.162479 0.214557 0.291413 0.203851 0.341714 0.269454 0.313088 0.109181 0.291769 0.264429 0.326887 0.320062 0.289093 0.323762 0.132197 0.149729 0.137329 0.106582 0.126843 0.115925 0.271009 0.247025 0.267690 0.253196 0.218087 0.184699 0.204282 0.172019 0.137415 0.155944 0.484242 0.432990 0.191052 0.193120 0.284984 0.175197 0.514151 0.346476 0.531811 0.198350 0.440167 0.340317 0.104515 0.119646 0.108626 0.098453 0.094928 0.127273 0.095951 0.085817 0.087465 0.086867 0.090674 0.098090 0.102074 0.118644 0.121574 0.139802 0.134786 0.164768 0.133158 0.124539 0.102121 0.113840 0.132870 0.124811 0.079398 0.078043 0.088801 0.126360 0.080506 0.072053 0.102271 0.095943 0.071368 0.102967 0.106170 0.079871 0.116240 0.083050 0.110726 0.115693 0.091595 0.105049 0.119061 0.105376 0.098919 0.196153 0.090443 0.108312 0.216193 0.061012 0.169496 0.121522 0.132786 0.317942 0.076875 0.068100 0.141986 0.099984 0.242331 0.088962 0.078887 0.109496 0.111522 0.130350 0.154291 0.115475 0.104582 0.069856 0.124289 0.228317 0.283182 0.221058 0.264993 0.256806 0.264803 0.282746 0.277136 0.158801 0.208163 0.218115 0.149327 0.176927 0.194816 0.197650 0.173962 0.124486 0.139739 0.164655 0.167056 0.155248 0.372655 0.205496 0.155641 0.124836 0.150938 0.169067 0.184415 0.168062 0.128467 0.172431 0.165070 0.173125 0.140521 0.130279 0.106104 0.169002 0.106322 0.143366 0.167086 0.144466 0.193281 0.167051 0.150469 0.150087 0.181363 0.094792 0.091605 0.108548 0.178689 0.137900 0.169894 0.126031 0.115272 0.118736 0.134988 0.178141 0.265579 0.179802 0.215884 0.172797 0.128926 0.143867 0.118911 0.236048 0.155131 0.149705 0.189548 0.139924 0.122011 0.255777 0.222258 
0.176299 0.151689 0.254897 0.241967 0.106690 0.115902 0.093631 0.132349 0.106104 0.099934 0.125601 0.092006 0.000000 0.154355 0.130229 0.138829 0.118514 0.172655 0.189339 0.138636 0.153222 0.168408 0.252355 0.265061 0.254014 0.289783 0.237245 0.264724 0.258186 0.236780 0.215060 0.203083 0.262407 0.210763 0.237657 0.259910 0.218018 0.269133 0.222407 0.169698 0.109241 0.137175 0.154973 0.153888 0.102694 0.128076 0.114160 0.179745 0.122609 0.140079 0.219770 0.155290 0.129275 0.178963 0.151769 0.195477 0.286040 0.182395 0.348033 0.261956 0.315705 0.157883 0.271865 0.272088 0.319023 0.297081 0.257384 0.298856 0.132013 0.156998 0.140356 0.120006 0.130170 0.127298 0.258366 0.236984 0.275579 0.247044 0.227565 0.188003 0.204675 0.187965 0.142212 0.156910 0.477167 0.400584 0.178468 0.190004 0.266448 0.154878 0.488042 0.324134 0.499541 0.185136 0.461343 0.311012 0.125877 0.123043 0.139703 0.133778 0.126938 0.143431 0.109855 0.126526 0.136217 0.139616 0.130135 0.146313 0.146460 0.142331 0.169082 0.162187 0.139574 0.138653 0.136595 0.120581 0.108688 0.120953 0.146566 0.130737 0.136460 0.127766 0.139323 0.193874 0.148219 0.134897 0.168376 0.159068 0.129657 0.159678 0.175690 0.134696 0.166758 0.130693 0.168031 0.157432 0.152723 0.174417 0.184015 0.156855 0.158225 0.149412 0.093098 0.090611 0.182937 0.101565 0.144604 0.130194 0.114563 0.287321 0.112921 0.088468 0.131285 0.102805 0.188480 0.105019 0.085370 0.112472 0.122176 0.102357 0.144652 0.115114 0.088302 0.077041 0.157021 0.173494 0.285938 0.212242 0.245723 0.253223 0.259152 0.286455 0.279749 0.144177 0.192419 0.207462 0.137690 0.148086 0.168005 0.185750 0.160231 0.130432 0.148228 0.186924 0.178768 0.179018 0.413905 0.191709 0.172448 0.117008 0.175596 0.166102 0.166957 0.176694 0.127431 0.157690 0.151153 0.172379 0.137791 0.140170 0.108356 0.163291 0.118573 0.146060 0.153419 0.153381 0.199343 0.181159 0.148494 0.156684 0.180794 0.087902 0.107177 0.093614 0.196651 0.162469 0.189824 0.123472 0.122651 0.121043 0.158576 0.143611 0.216671 0.142748 0.174309 0.125272 0.137486 0.133612 0.100802 0.207748 0.127687 0.178314 0.189343 0.168318 0.143043 0.225404 0.199089 
0.151822 0.140864 0.236183 0.249134 0.120975 0.133584 0.105496 0.097529 0.102505 0.125759 0.110421 0.139063 0.154355 0.000000 0.123959 0.093491 0.115442 0.183622 0.216342 0.135537 0.200000 0.178899 0.302986 0.302832 0.303138 0.334337 0.289100 0.307070 0.311949 0.282746 0.264468 0.255829 0.293441 0.282882 0.285439 0.302007 0.239390 0.284729 0.254438 0.180688 0.151699 0.149541 0.176937 0.182458 0.153052 0.144900 0.131676 0.152423 0.183981 0.114767 0.236773 0.208373 0.145934 0.140699 0.142195 0.210419 0.258937 0.196349 0.326758 0.269213 0.292682 0.172587 0.295052 0.257254 0.300108 0.330120 0.262594 0.302847 0.110665 0.113500 0.120611 0.125550 0.094332 0.115589 0.211061 0.249691 0.215643 0.200191 0.214470 0.177923 0.156605 0.138843 0.157483 0.177344 0.375277 0.361058 0.150871 0.248303 0.257418 0.157113 0.425041 0.306483 0.474394 0.173524 0.431481 0.283172 0.186924 0.144482 0.181087 0.158044 0.172737 0.147862 0.170664 0.167537 0.149888 0.162167 0.165121 0.177783 0.163495 0.144474 0.194302 0.137573 0.116025 0.162966 0.126845 0.146804 0.142220 0.115816 0.148022 0.125193 0.142801 0.146970 0.146472 0.163926 0.145643 0.147349 0.147849 0.151765 0.136040 0.153483 0.167306 0.153837 0.155368 0.133467 0.158595 0.168832 0.149505 0.163454 0.172234 0.156078 0.135894 0.178584 0.096097 0.139051 0.187969 0.121883 0.159943 0.170539 0.146464 0.295829 0.148393 0.141101 0.137373 0.120863 0.214644 0.154302 0.133312 0.100420 0.099149 0.130304 0.141170 0.146083 0.150930 0.132733 0.134341 0.196079 0.245396 0.208592 0.255673 0.244886 0.229721 0.242464 0.255159 0.136688 0.156312 0.193457 0.148420 0.165664 0.183394 0.167939 0.134087 0.082821 0.089445 0.127160 0.114702 0.170671 0.384982 0.156750 0.168404 0.108816 0.157944 0.120560 0.124700 0.105982 0.121463 0.129234 0.130391 0.139929 0.105482 0.132334 0.139190 0.133553 0.122649 0.138294 0.141600 0.098408 0.134091 0.104616 0.128698 0.120386 0.128608 0.115495 0.120037 0.112569 0.158891 0.074195 0.089808 0.119799 0.129350 0.117121 0.111987 0.210822 0.193025 0.135190 0.143423 0.116590 0.137187 0.139632 0.106869 0.172186 0.161336 0.156711 0.108920 0.149239 0.132414 0.202155 0.206253 
0.146655 0.131087 0.232427 0.245560 0.088593 0.110070 0.114039 0.106540 0.125402 0.108703 0.090197 0.104817 0.130229 0.123959 0.000000 0.100010 0.090190 0.230027 0.240616 0.081753 0.198360 0.231037 0.255901 0.244620 0.252064 0.291269 0.244750 0.274141 0.269038 0.234784 0.214938 0.214693 0.246538 0.230235 0.244842 0.260380 0.209732 0.264696 0.226801 0.157811 0.130394 0.119428 0.146297 0.144119 0.126759 0.112917 0.107871 0.158674 0.172284 0.136615 0.226919 0.177754 0.141823 0.208286 0.156013 0.182094 0.261788 0.168255 0.326062 0.266513 0.291834 0.111864 0.266668 0.246650 0.277202 0.299549 0.270446 0.299285 0.117500 0.138813 0.110440 0.079341 0.118853 0.104353 0.242646 0.236818 0.262256 0.234235 0.195051 0.165380 0.188892 0.175798 0.141998 0.149367 0.466381 0.405911 0.213867 0.200386 0.289600 0.188308 0.524557 0.354567 0.552396 0.203779 0.451249 0.326273 0.157999 0.130442 0.144195 0.143180 0.122499 0.109749 0.136285 0.123049 0.124257 0.131269 0.140533 0.151462 0.124033 0.110959 0.153529 0.131607 0.134891 0.160674 0.144006 0.133481 0.106318 0.093328 0.118285 0.115252 0.093595 0.094173 0.082614 0.144216 0.101758 0.117317 0.129328 0.130044 0.097213 0.124000 0.145871 0.116878 0.114100 0.099106 0.111784 0.135724 0.110717 0.139496 0.153357 0.118663 0.110201 0.207279 0.116282 0.135009 0.210891 0.088813 0.176941 0.169204 0.135852 0.312483 0.116796 0.112005 0.138041 0.116949 0.268902 0.157384 0.122618 0.139664 0.088825 0.127969 0.166992 0.144464 0.132152 0.112385 0.128777 0.249105 0.272770 0.231026 0.268036 0.268401 0.250998 0.288548 0.268200 0.165894 0.192800 0.224434 0.192607 0.203508 0.214709 0.214461 0.185954 0.128562 0.149571 0.138440 0.169677 0.145345 0.358009 0.199968 0.130180 0.147427 0.141810 0.180915 0.183626 0.158694 0.136751 0.158245 0.145750 0.173089 0.126773 0.142847 0.126224 0.153962 0.121227 0.137797 0.150478 0.137280 0.189510 0.172272 0.157640 0.178063 0.175783 0.122920 0.126008 0.128357 0.117353 0.117261 0.109634 0.138910 0.152431 0.138966 0.142370 0.197255 0.252132 0.189196 0.222588 0.173308 0.133808 0.154904 0.121352 0.228987 0.177751 0.098127 0.183840 0.079357 0.094980 0.246002 0.210216 
0.146839 0.112765 0.248409 0.217543 0.121673 0.129614 0.086173 0.058548 0.093754 0.095715 0.066304 0.124928 0.138829 0.093491 0.100010 0.000000 0.105488 0.171655 0.197906 0.126653 0.190662 0.179179 0.302816 0.301384 0.307874 0.337180 0.301768 0.306018 0.307004 0.296416 0.259966 0.270556 0.296778 0.270046 0.289379 0.307986 0.245352 0.290576 0.266050 0.180071 0.156081 0.154991 0.179518 0.180746 0.157480 0.143544 0.128788 0.172900 0.168274 0.155780 0.251369 0.195559 0.165062 0.159500 0.146186 0.226574 0.288353 0.205869 0.357530 0.295161 0.311126 0.179200 0.298506 0.285225 0.307600 0.330467 0.279409 0.325748 0.138837 0.133066 0.125838 0.076978 0.094192 0.086874 0.272488 0.262255 0.282373 0.256543 0.219376 0.194011 0.207886 0.191571 0.148550 0.179095 0.398460 0.393350 0.194308 0.230137 0.280071 0.183547 0.451101 0.342384 0.511798 0.209284 0.406431 0.315711 0.168866 0.150466 0.188870 0.166276 0.174640 0.144456 0.175958 0.166863 0.155410 0.167923 0.171186 0.183294 0.167945 0.148808 0.194675 0.168938 0.148100 0.170554 0.162432 0.153182 0.131748 0.097014 0.151838 0.140216 0.139023 0.139769 0.136662 0.171714 0.143984 0.149861 0.142799 0.159955 0.136601 0.170073 0.183385 0.165072 0.162349 0.138416 0.156150 0.174884 0.142847 0.166340 0.182172 0.163863 0.138307 0.215849 0.106817 0.139183 0.190286 0.107235 0.173620 0.174515 0.131031 0.294551 0.136396 0.132453 0.116588 0.110742 0.227764 0.147050 0.120493 0.110694 0.083736 0.116162 0.141755 0.130253 0.143399 0.120189 0.120336 0.202979 0.282409 0.236637 0.276833 0.273803 0.267592 0.299603 0.307966 0.145420 0.171834 0.223356 0.175600 0.193111 0.198522 0.208313 0.178581 0.123397 0.143185 0.152150 0.160561 0.147671 0.345748 0.197376 0.160727 0.127651 0.183950 0.171583 0.159291 0.140873 0.147378 0.142043 0.136194 0.172254 0.122613 0.149771 0.110746 0.136581 0.134770 0.160940 0.153212 0.121220 0.166213 0.164789 0.149873 0.159588 0.157477 0.107688 0.107083 0.092613 0.157784 0.103147 0.119135 0.111621 0.110191 0.111832 0.108610 0.195049 0.220244 0.143178 0.173933 0.137578 0.109525 0.123996 0.130810 0.204062 0.154170 0.149279 0.164346 0.128497 0.143019 0.190622 0.182472 
0.170058 0.159239 0.236216 0.243112 0.077738 0.070717 0.105325 0.120902 0.114803 0.096824 0.125016 0.096069 0.118514 0.115442 0.090190 0.105488 0.000000 0.207536 0.222280 0.074412 0.169078 0.203862 0.230049 0.223474 0.243672 0.281468 0.225114 0.234103 0.262167 0.216011 0.193376 0.197281 0.232492 0.226559 0.225399 0.232121 0.224490 0.275725 0.240092 0.160170 0.112204 0.148385 0.121979 0.110310 0.140840 0.136692 0.112015 0.188512 0.166156 0.147233 0.239387 0.177743 0.152822 0.187809 0.145888 0.197440 0.287077 0.191254 0.327408 0.264907 0.320356 0.128677 0.284476 0.266829 0.289162 0.331418 0.272618 0.324047 0.123492 0.135326 0.106818 0.084057 0.127664 0.136839 0.269687 0.246605 0.263744 0.254598 0.227999 0.189385 0.215502 0.182654 0.169988 0.182671 0.459418 0.373376 0.178723 0.152362 0.244000 0.181442 0.506132 0.323068 0.522941 0.163769 0.444250 0.321795 0.150757 0.140228 0.126438 0.157064 0.125304 0.140582 0.124609 0.118776 0.136057 0.142882 0.153164 0.171120 0.152767 0.131836 0.185491 0.144462 0.109998 0.167438 0.136369 0.129717 0.115129 0.113775 0.089697 0.097332 0.085594 0.091011 0.069624 0.139552 0.115972 0.114033 0.133229 0.114496 0.076256 0.118324 0.131846 0.091191 0.103665 0.088767 0.112610 0.105298 0.102580 0.129688 0.139491 0.126621 0.087006 0.203661 0.109050 0.109248 0.223921 0.103189 0.186727 0.176624 0.157006 0.302980 0.086997 0.105443 0.148700 0.126979 0.244435 0.148449 0.119607 0.146830 0.103271 0.114747 0.144706 0.135382 0.140052 0.115841 0.127394 0.228528 0.286548 0.233113 0.276285 0.257385 0.266641 0.299860 0.264706 0.148575 0.179629 0.232724 0.180777 0.199887 0.202615 0.219831 0.184321 0.114150 0.137112 0.148184 0.160310 0.182946 0.397363 0.197980 0.126928 0.121294 0.151835 0.158683 0.170461 0.159385 0.139274 0.153009 0.150062 0.173758 0.131059 0.146857 0.102784 0.147018 0.125227 0.141032 0.155238 0.140603 0.159833 0.156873 0.131820 0.142763 0.157327 0.110064 0.106601 0.121881 0.150404 0.132778 0.145778 0.153273 0.141635 0.149776 0.155744 0.175255 0.243202 0.167758 0.205699 0.165080 0.147468 0.167562 0.114206 0.222060 0.154817 0.096096 0.190847 0.123726 0.106201 0.237594 0.177147 
0.237527 0.217183 0.282635 0.266393 0.191144 0.195857 0.160941 0.171676 0.160309 0.186140 0.168254 0.201264 0.172655 0.183622 0.230027 0.171655 0.207536 0.000000 0.097135 0.206075 0.177163 0.056580 0.312450 0.321185 0.302182 0.332580 0.294187 0.306343 0.303807 0.289605 0.260838 0.271818 0.314707 0.262944 0.285865 0.304890 0.254888 0.282435 0.260141 0.231141 0.213749 0.221610 0.227486 0.226441 0.234359 0.223069 0.218559 0.197841 0.149002 0.178762 0.207215 0.149191 0.160800 0.155118 0.158258 0.230887 0.299365 0.205021 0.381606 0.286029 0.328891 0.230970 0.300565 0.301638 0.347779 0.323067 0.278694 0.306527 0.185079 0.186355 0.200048 0.222332 0.209792 0.221427 0.260072 0.211078 0.279091 0.248100 0.255713 0.235765 0.211058 0.211392 0.229673 0.244967 0.416421 0.320560 0.177124 0.205882 0.250847 0.168301 0.403843 0.298896 0.383615 0.182895 0.444056 0.274162 0.222894 0.218998 0.223511 0.222968 0.222971 0.237133 0.222827 0.216900 0.208865 0.223423 0.228406 0.242194 0.234523 0.230900 0.248909 0.223531 0.208970 0.165424 0.207072 0.212286 0.219845 0.208600 0.228538 0.225365 0.239950 0.235774 0.247146 0.265090 0.241530 0.238276 0.247317 0.257806 0.234033 0.251009 0.253522 0.245901 0.241906 0.230959 0.268183 0.276602 0.252907 0.265801 0.254344 0.245864 0.248095 0.171309 0.191479 0.167721 0.218318 0.202321 0.197290 0.262920 0.221774 0.251821 0.184565 0.187210 0.199977 0.201779 0.190111 0.238343 0.206035 0.193599 0.208858 0.209533 0.218697 0.214834 0.231834 0.198695 0.233621 0.221551 0.282777 0.217681 0.261920 0.252350 0.263984 0.288887 0.300534 0.167644 0.193797 0.190492 0.162687 0.163238 0.141961 0.171315 0.183631 0.201420 0.220092 0.245155 0.232405 0.276636 0.472512 0.180765 0.212016 0.176814 0.225642 0.173039 0.173864 0.196008 0.204995 0.195784 0.212622 0.193221 0.194753 0.214380 0.190198 0.220042 0.195142 0.199981 0.189385 0.198016 0.230583 0.199403 0.190329 0.193972 0.176904 0.186614 0.195323 0.167070 0.251463 0.216238 0.227512 0.196922 0.187110 0.209035 0.218414 0.163333 0.169892 0.149352 0.141555 0.151795 0.230672 0.212294 0.165544 0.169549 0.123371 0.246006 0.201374 0.251781 0.226747 0.185822 0.200705 
