243 243
0.000000 0.170328 0.157645 0.240648 0.235322 0.239861 0.241992 0.265597 0.264646 0.232598 0.210908 0.219297 0.342070 0.374490 0.209944 0.340121 0.393887 0.417257 0.449742 0.456324 0.456045 0.443844 0.467172 0.406739 0.438153 0.437845 0.399714 0.409693 0.392169 0.392725 0.421887 0.404216 0.393652 0.378538 0.435601 0.403154 0.457777 0.257941 0.273676 0.323726 0.287809 0.259082 0.293810 0.293694 0.255303 0.294027 0.275870 0.266559 0.402446 0.303953 0.303929 0.320260 0.277205 0.324993 0.378303 0.311671 0.397654 0.260446 0.400157 0.399719 0.401890 0.368162 0.409993 0.278081 0.244551 0.169917 0.200478 0.187389 0.209428 0.221608 0.361915 0.364676 0.253981 0.334266 0.392733 0.202876 0.300119 0.182541 0.195239 0.597597 0.271890 0.586668 0.393287 0.355707 0.337613 0.399299 0.665585 0.505467 0.733584 0.349208 0.377106 0.488163 0.469084 0.281423 0.230601 0.230318 0.308160 0.261640 0.299055 0.264249 0.287630 0.269635 0.292571 0.305006 0.259101 0.238481 0.215890 0.199540 0.214644 0.189394 0.196597 0.140330 0.211724 0.196683 0.276450 0.266634 0.302400 0.324785 0.267615 0.314175 0.294702 0.325835 0.299964 0.296345 0.292077 0.311436 0.306998 0.335346 0.272131 0.291967 0.313327 0.312810 0.292089 0.267379 0.282789 0.314725 0.299855 0.319415 0.211519 0.332483 0.224772 0.303904 0.256980 0.417818 0.324142 0.254182 0.335973 0.238645 0.245125 0.243982 0.381483 0.317716 0.284146 0.237846 0.193327 0.256338 0.192438 0.294073 0.308319 0.188177 0.266167 0.214787 0.239847 0.363142 0.244547 0.393277 0.348544 0.397840 0.392351 0.385043 0.389373 0.360855 0.414817 0.371659 0.309617 0.280453 0.268056 0.281873 0.256500 0.293708 0.307439 0.204819 0.229872 0.150073 0.198922 0.202059 0.240761 0.207909 0.178139 0.227928 0.202516 0.215448 0.194458 0.199367 0.175718 0.232784 0.197518 0.270513 0.183347 0.165169 0.175926 0.167177 0.237204 0.230042 0.251453 0.231333 0.263898 0.275119 0.247938 0.225309 0.186037 0.223899 0.223324 0.200347 0.197143 0.181857 0.208353 0.273941 0.229932 0.322050 0.275082 0.253132 0.294942 0.239947 0.335748 0.205512 0.257634 0.240618 0.169927 0.176104 0.216874 0.297157 0.222252 0.227598 0.249565 0.271389 0.230824 0.187433 0.170135 0.273401 0.296716 0.335290 0.307244 
0.170328 0.000000 0.179657 0.193979 0.232650 0.205093 0.204624 0.247269 0.229639 0.205422 0.222508 0.218336 0.315001 0.357372 0.201462 0.326865 0.377113 0.436260 0.446063 0.437215 0.484917 0.412188 0.432618 0.394774 0.449925 0.405809 0.374950 0.374314 0.399309 0.435732 0.394981 0.410134 0.386540 0.353519 0.414985 0.371387 0.460525 0.225797 0.242827 0.256674 0.215243 0.246582 0.300475 0.257078 0.211550 0.257168 0.260294 0.169696 0.345051 0.304803 0.319494 0.270078 0.286430 0.294871 0.379645 0.295574 0.372582 0.244118 0.407923 0.312725 0.428660 0.386499 0.385815 0.237266 0.249020 0.135385 0.160010 0.203421 0.216720 0.198313 0.299932 0.324506 0.219703 0.282224 0.355241 0.242805 0.210067 0.191591 0.209615 0.589830 0.245257 0.563873 0.363548 0.289942 0.330539 0.389016 0.645994 0.489018 0.712900 0.321602 0.356448 0.447950 0.455136 0.245702 0.210435 0.245833 0.254418 0.240961 0.254341 0.233608 0.235012 0.224322 0.257272 0.275103 0.256218 0.242258 0.158018 0.147452 0.158885 0.154309 0.161554 0.138553 0.184390 0.168822 0.240779 0.226510 0.275395 0.288340 0.243273 0.272993 0.218109 0.265460 0.262360 0.294219 0.254353 0.281577 0.294745 0.315113 0.232054 0.271031 0.268802 0.266500 0.258158 0.238244 0.239253 0.275562 0.287561 0.275737 0.232875 0.319506 0.193271 0.270429 0.251875 0.433672 0.320351 0.227030 0.378163 0.221943 0.244441 0.221016 0.386088 0.280499 0.312408 0.222304 0.143184 0.220755 0.190642 0.282281 0.293381 0.171410 0.240697 0.197286 0.210058 0.336933 0.228949 0.312609 0.282878 0.326763 0.308128 0.324917 0.322387 0.300828 0.308078 0.298320 0.233212 0.231878 0.203624 0.225028 0.180091 0.265513 0.224493 0.143839 0.163255 0.182732 0.171451 0.149596 0.208261 0.225464 0.180158 0.204579 0.200938 0.204085 0.118415 0.142294 0.192411 0.186463 0.143947 0.239897 0.213067 0.118130 0.170881 0.164488 0.171842 0.176469 0.171336 0.196997 0.178309 0.210613 0.249290 0.215957 0.185174 0.191824 0.181336 0.177206 0.230064 0.133255 0.189835 0.213488 0.217580 0.306206 0.245905 0.205936 0.242323 0.208310 0.268984 0.180291 0.237880 0.196158 0.155121 0.164894 0.182131 0.267893 0.209206 0.146531 0.218024 0.227055 0.203585 0.154072 0.151985 0.266087 0.265684 0.311268 0.273545 
0.157645 0.179657 0.000000 0.170003 0.149488 0.180416 0.177481 0.222557 0.205061 0.156571 0.173464 0.155047 0.353293 0.388649 0.229075 0.341807 0.400352 0.454165 0.429749 0.455145 0.496574 0.448338 0.452380 0.400660 0.463682 0.439884 0.380166 0.394203 0.391925 0.445594 0.427670 0.437887 0.381685 0.373545 0.426802 0.399864 0.474009 0.253365 0.213785 0.281963 0.240490 0.244636 0.290650 0.233501 0.225037 0.177197 0.289357 0.269863 0.402672 0.326321 0.338561 0.310985 0.275156 0.310204 0.396665 0.309593 0.410653 0.273642 0.417475 0.400044 0.443231 0.355667 0.428140 0.290632 0.241157 0.181192 0.168117 0.135055 0.121563 0.154906 0.365222 0.355452 0.250999 0.316907 0.385914 0.204344 0.293423 0.187460 0.202732 0.599377 0.230148 0.594995 0.378902 0.320314 0.328923 0.373218 0.681934 0.502398 0.746610 0.327436 0.333856 0.454604 0.496940 0.246487 0.221476 0.209212 0.295043 0.277042 0.263764 0.269236 0.290660 0.240196 0.261655 0.300112 0.254445 0.217175 0.174768 0.183821 0.195133 0.138320 0.142652 0.104517 0.173350 0.165762 0.194932 0.176255 0.208283 0.250724 0.204022 0.197622 0.248636 0.256689 0.206553 0.198669 0.230551 0.206531 0.198756 0.223200 0.215129 0.205816 0.229816 0.260402 0.211552 0.199901 0.231107 0.226377 0.185652 0.240840 0.225643 0.327366 0.146807 0.239695 0.191260 0.433995 0.297824 0.179307 0.373280 0.256830 0.210601 0.182008 0.389176 0.214425 0.200449 0.179673 0.142028 0.168534 0.105154 0.224823 0.238698 0.154725 0.194927 0.194235 0.210419 0.332014 0.198347 0.398582 0.332170 0.382850 0.395237 0.390803 0.371952 0.376710 0.410619 0.401810 0.305475 0.230133 0.227460 0.268109 0.234355 0.261238 0.295903 0.136232 0.170022 0.173934 0.163592 0.192787 0.254513 0.230388 0.167461 0.268061 0.177002 0.218044 0.195839 0.211639 0.166085 0.244715 0.183436 0.163247 0.143996 0.149877 0.187168 0.192190 0.221548 0.206989 0.230236 0.197669 0.229144 0.233315 0.146732 0.159424 0.133950 0.131253 0.155230 0.161044 0.182635 0.116989 0.183250 0.194058 0.236781 0.261461 0.272588 0.229479 0.279960 0.205976 0.304407 0.150690 0.182496 0.264884 0.155418 0.171563 0.180672 0.266035 0.196696 0.224664 0.182153 0.213262 0.198775 0.166259 0.130525 0.178781 0.242641 0.327076 0.289070 
0.240648 0.193979 0.170003 0.000000 0.154158 0.062056 0.068066 0.156479 0.132165 0.159243 0.174538 0.136032 0.238902 0.255918 0.190771 0.249477 0.347277 0.397323 0.416172 0.398904 0.447226 0.384197 0.388068 0.376085 0.395869 0.376311 0.339674 0.349564 0.353233 0.411390 0.351034 0.375812 0.370796 0.316940 0.371354 0.342108 0.412728 0.194073 0.185478 0.211583 0.158459 0.192678 0.222765 0.196880 0.159367 0.166933 0.177372 0.203132 0.307656 0.208695 0.223709 0.228253 0.227455 0.326393 0.430656 0.300554 0.468036 0.220771 0.486548 0.420009 0.487206 0.390748 0.457266 0.311140 0.277850 0.162712 0.164978 0.179692 0.163945 0.166068 0.375083 0.389810 0.302164 0.355687 0.323591 0.283828 0.293734 0.235632 0.277989 0.596077 0.134656 0.538650 0.244667 0.226820 0.336185 0.255488 0.623862 0.464295 0.678920 0.251542 0.278462 0.354443 0.436917 0.146471 0.183256 0.206629 0.228908 0.221988 0.216071 0.216371 0.217121 0.191363 0.213401 0.231708 0.222788 0.208698 0.205956 0.208654 0.194364 0.174129 0.182879 0.146256 0.187916 0.198909 0.136810 0.150201 0.164942 0.187035 0.160547 0.172831 0.170347 0.180134 0.176971 0.190073 0.164245 0.181126 0.205369 0.217635 0.159597 0.173991 0.180788 0.193556 0.173435 0.154656 0.184783 0.181158 0.162235 0.175521 0.167468 0.280727 0.146421 0.186385 0.221389 0.400223 0.232923 0.120258 0.383251 0.168499 0.199671 0.169552 0.324965 0.196795 0.208393 0.157016 0.133417 0.122993 0.148660 0.210476 0.202254 0.143189 0.211501 0.155559 0.191962 0.306992 0.157487 0.399394 0.325263 0.386558 0.390226 0.382913 0.386601 0.398003 0.408304 0.428706 0.284610 0.261124 0.205449 0.238130 0.239708 0.246518 0.268897 0.157001 0.211038 0.231838 0.175245 0.212572 0.261295 0.227716 0.168017 0.257279 0.236237 0.211328 0.205486 0.210538 0.200039 0.250621 0.215830 0.132854 0.232997 0.169139 0.199550 0.202165 0.203510 0.233634 0.230031 0.211407 0.225474 0.212109 0.159674 0.115020 0.131192 0.129546 0.121756 0.133679 0.252108 0.163354 0.221181 0.218628 0.268869 0.235295 0.214557 0.195093 0.241977 0.200737 0.215059 0.190708 0.234833 0.201565 0.167450 0.184354 0.158776 0.191893 0.217387 0.209266 0.174014 0.135692 0.189711 0.122217 0.158384 0.162076 0.174636 0.210138 0.175097 
0.235322 0.232650 0.149488 0.154158 0.000000 0.152991 0.184862 0.215756 0.219545 0.160499 0.155051 0.085926 0.260378 0.308171 0.204003 0.314933 0.401658 0.455651 0.432310 0.456313 0.498744 0.453433 0.466657 0.401950 0.468136 0.445124 0.394355 0.399408 0.408677 0.442948 0.425330 0.440371 0.387811 0.376339 0.429564 0.398217 0.473435 0.261249 0.218619 0.294199 0.264873 0.242628 0.309286 0.260756 0.243572 0.180976 0.257395 0.251395 0.354851 0.286494 0.287870 0.261797 0.231882 0.307327 0.415063 0.283936 0.462549 0.275887 0.457535 0.442104 0.476665 0.383303 0.475708 0.314833 0.288602 0.210908 0.177414 0.155099 0.131852 0.159026 0.368149 0.405688 0.294055 0.347146 0.381430 0.286871 0.303957 0.254335 0.282997 0.566776 0.181039 0.534651 0.316297 0.283451 0.320073 0.348601 0.638518 0.487927 0.726987 0.310811 0.282508 0.388642 0.451031 0.240857 0.229371 0.233111 0.303301 0.286696 0.282040 0.276109 0.298511 0.248757 0.277290 0.315627 0.263375 0.224547 0.220872 0.242906 0.237135 0.197998 0.203612 0.160641 0.228110 0.213023 0.216322 0.205657 0.220780 0.258032 0.223060 0.204190 0.256958 0.280943 0.241581 0.216402 0.242201 0.237507 0.217908 0.241856 0.224495 0.225727 0.266758 0.278634 0.219893 0.220954 0.230884 0.235992 0.209592 0.257089 0.244037 0.332230 0.185074 0.273551 0.221946 0.444883 0.343803 0.209539 0.395488 0.257124 0.202178 0.211691 0.359885 0.256252 0.227451 0.213075 0.188520 0.199055 0.116208 0.228207 0.213483 0.177541 0.233023 0.221041 0.268118 0.329742 0.192848 0.408446 0.340913 0.397861 0.401044 0.394319 0.389105 0.388895 0.434440 0.451964 0.314081 0.250095 0.249630 0.282315 0.274492 0.267688 0.296641 0.190473 0.241050 0.231240 0.173701 0.258395 0.273097 0.261850 0.200167 0.289231 0.207364 0.205943 0.197497 0.251426 0.197107 0.273822 0.249497 0.160843 0.176705 0.210795 0.247836 0.214927 0.236720 0.237698 0.257233 0.219145 0.247966 0.222049 0.173354 0.175321 0.179048 0.164466 0.204126 0.178754 0.236421 0.159005 0.174833 0.210586 0.252784 0.216278 0.224994 0.224835 0.248207 0.193348 0.259240 0.216451 0.211069 0.241809 0.200416 0.212477 0.173273 0.216401 0.208393 0.246768 0.190919 0.212967 0.180664 0.202913 0.193479 0.172476 0.252047 0.302451 0.284503 
0.239861 0.205093 0.180416 0.062056 0.152991 0.000000 0.101829 0.170178 0.132395 0.165094 0.193210 0.147018 0.234039 0.268188 0.182657 0.259662 0.335759 0.393427 0.416874 0.392755 0.440741 0.381409 0.390131 0.370478 0.396371 0.370414 0.337859 0.346775 0.355634 0.406622 0.352942 0.369355 0.356618 0.294492 0.340378 0.311378 0.384751 0.175455 0.175118 0.204942 0.163704 0.177494 0.198403 0.179353 0.141702 0.170028 0.191563 0.200741 0.295867 0.209332 0.230133 0.240741 0.243806 0.317284 0.422384 0.301194 0.465899 0.194624 0.472181 0.421934 0.484414 0.391389 0.466822 0.304376 0.278854 0.165862 0.172476 0.190120 0.186209 0.173175 0.362438 0.378144 0.287932 0.346168 0.339897 0.287522 0.290414 0.230173 0.271496 0.599587 0.156868 0.561828 0.256930 0.246965 0.338635 0.275391 0.636536 0.477868 0.695330 0.263060 0.294284 0.374787 0.450010 0.152010 0.175047 0.207330 0.230969 0.221554 0.218085 0.205123 0.207345 0.177869 0.188664 0.211009 0.207449 0.208405 0.211250 0.213149 0.204019 0.186393 0.192159 0.164811 0.204442 0.214738 0.145241 0.162820 0.146952 0.177025 0.143270 0.153262 0.171202 0.169843 0.171221 0.176951 0.174861 0.170742 0.194090 0.210353 0.140388 0.161420 0.173027 0.181923 0.167777 0.167877 0.160439 0.172781 0.149775 0.152752 0.170298 0.295370 0.146387 0.181102 0.225161 0.412260 0.219206 0.129818 0.379104 0.174930 0.213669 0.176999 0.337335 0.196866 0.198012 0.175399 0.138165 0.132096 0.152655 0.214712 0.203540 0.149926 0.224246 0.159875 0.184349 0.315227 0.184989 0.399432 0.318091 0.386306 0.388319 0.371573 0.382938 0.389022 0.410811 0.424689 0.285981 0.263274 0.206585 0.238366 0.238047 0.244853 0.269256 0.168119 0.216773 0.241459 0.191627 0.232071 0.250952 0.233046 0.160284 0.256394 0.238351 0.206294 0.199715 0.221575 0.198655 0.249260 0.214100 0.158474 0.238717 0.170948 0.202623 0.198141 0.211628 0.232057 0.222766 0.212652 0.225557 0.219747 0.189366 0.146838 0.143249 0.121827 0.138265 0.147440 0.275748 0.171863 0.224399 0.228209 0.280371 0.239627 0.228222 0.219152 0.254863 0.215060 0.231671 0.199500 0.226404 0.210563 0.196405 0.210972 0.168311 0.219379 0.234603 0.218740 0.187512 0.158907 0.202592 0.141050 0.175466 0.164644 0.185828 0.237877 0.208487 
0.241992 0.204624 0.177481 0.068066 0.184862 0.101829 0.000000 0.172785 0.142795 0.179495 0.171852 0.149943 0.277455 0.286537 0.196564 0.238968 0.348077 0.390970 0.427726 0.395792 0.445392 0.389435 0.394938 0.374069 0.384753 0.387906 0.340994 0.359644 0.351588 0.395713 0.331740 0.376699 0.382674 0.340661 0.391466 0.360542 0.428235 0.208299 0.208612 0.220520 0.149041 0.214273 0.227682 0.210167 0.174916 0.181784 0.216199 0.215173 0.333251 0.239385 0.248492 0.247135 0.255689 0.352674 0.454415 0.332018 0.492175 0.231687 0.517601 0.413602 0.512034 0.436870 0.464914 0.328082 0.279143 0.187578 0.195564 0.193305 0.161465 0.202730 0.408701 0.423054 0.331172 0.389911 0.353645 0.309452 0.325714 0.257155 0.297424 0.631369 0.146280 0.560604 0.262008 0.243936 0.374336 0.273143 0.665586 0.481483 0.695774 0.284961 0.284956 0.357278 0.455895 0.132216 0.202402 0.226180 0.242260 0.221460 0.212221 0.221767 0.231238 0.212525 0.226659 0.250389 0.244265 0.218325 0.226656 0.227967 0.212938 0.179917 0.187291 0.168499 0.191455 0.202105 0.150505 0.156080 0.187851 0.193574 0.165610 0.202409 0.172184 0.195166 0.190457 0.196229 0.185033 0.198864 0.208421 0.221061 0.178190 0.181124 0.180976 0.212813 0.196606 0.179565 0.204641 0.207088 0.170140 0.191305 0.165553 0.300433 0.161043 0.194110 0.247356 0.422598 0.233710 0.133746 0.417303 0.176651 0.207673 0.197233 0.343174 0.211383 0.204332 0.174187 0.155254 0.129513 0.168023 0.237916 0.225404 0.162718 0.230564 0.156818 0.205376 0.340380 0.185977 0.430397 0.357708 0.413709 0.424969 0.403929 0.419396 0.429719 0.435820 0.448073 0.307995 0.302401 0.243165 0.281907 0.272352 0.289900 0.303129 0.176785 0.232636 0.231655 0.193836 0.211088 0.306041 0.222069 0.191540 0.254795 0.270354 0.255754 0.239276 0.239723 0.243187 0.279075 0.225276 0.147256 0.258575 0.184821 0.205600 0.239534 0.218405 0.263926 0.264849 0.244470 0.245993 0.220465 0.162367 0.156688 0.125597 0.144839 0.126268 0.163658 0.250343 0.186157 0.240031 0.246790 0.309080 0.281736 0.253815 0.246451 0.302251 0.261043 0.270777 0.183605 0.262334 0.203590 0.194177 0.198251 0.187467 0.233447 0.215749 0.238240 0.198823 0.156063 0.238239 0.140556 0.188049 0.143843 0.181695 0.228405 0.177997 
0.265597 0.247269 0.222557 0.156479 0.215756 0.170178 0.172785 0.000000 0.152615 0.190097 0.206110 0.222152 0.254044 0.278622 0.208951 0.219454 0.287903 0.349959 0.378037 0.359825 0.410265 0.337610 0.381197 0.310589 0.365836 0.336083 0.307250 0.285308 0.296149 0.383043 0.301221 0.337411 0.350345 0.308841 0.373436 0.306588 0.404381 0.203631 0.191357 0.251418 0.165471 0.195563 0.227698 0.142202 0.200256 0.166918 0.185702 0.212320 0.318731 0.232405 0.235033 0.275005 0.234598 0.279550 0.406061 0.264635 0.452530 0.232299 0.450565 0.397967 0.434120 0.373715 0.408675 0.331734 0.295761 0.205425 0.216693 0.217662 0.189449 0.183142 0.361809 0.384391 0.290806 0.318645 0.335493 0.263395 0.290977 0.201762 0.219279 0.661015 0.194068 0.570159 0.279152 0.267845 0.377557 0.280027 0.679910 0.459983 0.692697 0.273745 0.279258 0.368238 0.446335 0.187547 0.185298 0.173830 0.206994 0.192544 0.160491 0.189780 0.244695 0.199937 0.204268 0.222818 0.221049 0.215687 0.200813 0.204317 0.175909 0.143523 0.186258 0.188053 0.219367 0.196693 0.205541 0.157084 0.186882 0.292730 0.223467 0.247496 0.238927 0.256621 0.191948 0.250594 0.244031 0.240398 0.256455 0.237187 0.217192 0.242685 0.266155 0.269246 0.233597 0.203485 0.222563 0.225530 0.235574 0.258471 0.202996 0.213013 0.137472 0.157301 0.162474 0.413124 0.240554 0.155504 0.293201 0.135444 0.201850 0.145621 0.270319 0.155061 0.281226 0.136703 0.169325 0.148722 0.193548 0.223781 0.179833 0.148882 0.131820 0.119419 0.171518 0.242203 0.211991 0.414517 0.300249 0.352469 0.398244 0.358752 0.356818 0.369701 0.403544 0.395839 0.304662 0.251784 0.198387 0.210930 0.254213 0.239106 0.267523 0.193658 0.214049 0.277196 0.168888 0.268302 0.283754 0.258270 0.175016 0.265462 0.256303 0.246553 0.267035 0.197555 0.238338 0.255062 0.211584 0.181384 0.247473 0.182787 0.225316 0.237309 0.242151 0.240001 0.259198 0.219874 0.234423 0.276730 0.224590 0.159665 0.193008 0.136046 0.171788 0.144827 0.299115 0.246300 0.293603 0.245984 0.315522 0.190291 0.239359 0.217826 0.252806 0.182065 0.254080 0.220709 0.208167 0.202390 0.163538 0.169907 0.150584 0.197564 0.271768 0.271456 0.205168 0.210676 0.222152 0.156968 0.175334 0.213628 0.191841 0.180116 0.167213 
0.264646 0.229639 0.205061 0.132165 0.219545 0.132395 0.142795 0.152615 0.000000 0.153374 0.170971 0.195733 0.295135 0.303682 0.164938 0.240186 0.298049 0.358845 0.401260 0.358570 0.417552 0.337549 0.359661 0.332216 0.370681 0.324418 0.316719 0.299931 0.329962 0.387642 0.325975 0.332027 0.352182 0.292818 0.349438 0.302684 0.388570 0.131831 0.121088 0.199717 0.125052 0.135882 0.182737 0.101291 0.098362 0.112854 0.224255 0.201856 0.323258 0.235635 0.267500 0.280863 0.232167 0.309538 0.413026 0.273238 0.448456 0.172680 0.476561 0.408766 0.469934 0.405871 0.458087 0.304330 0.269607 0.195027 0.189765 0.184385 0.197182 0.142489 0.392378 0.391173 0.297786 0.351843 0.383523 0.268512 0.298171 0.194381 0.232447 0.656342 0.198445 0.606028 0.306182 0.284304 0.381219 0.286351 0.708345 0.501226 0.743367 0.292550 0.333086 0.410279 0.486799 0.140669 0.160226 0.162914 0.181076 0.165148 0.176482 0.143375 0.156868 0.153840 0.152756 0.166590 0.160119 0.167457 0.205093 0.209363 0.189155 0.134593 0.184656 0.164994 0.215900 0.187312 0.139993 0.110916 0.123296 0.202207 0.135567 0.166278 0.165180 0.181189 0.150678 0.179883 0.171417 0.178078 0.198166 0.189900 0.155737 0.172295 0.180294 0.202920 0.180622 0.167098 0.180735 0.164469 0.163082 0.182671 0.135715 0.289789 0.142483 0.098908 0.164632 0.471684 0.183434 0.118003 0.354286 0.150386 0.193891 0.137519 0.336026 0.133910 0.199558 0.103846 0.134119 0.084591 0.150239 0.238524 0.133917 0.112809 0.130968 0.094944 0.132314 0.323957 0.198856 0.417144 0.335208 0.398466 0.394840 0.383218 0.394113 0.394230 0.415492 0.393049 0.331279 0.284467 0.226485 0.261693 0.263260 0.283589 0.293192 0.191422 0.203129 0.241984 0.191868 0.258032 0.292417 0.253069 0.195345 0.243088 0.262568 0.276164 0.256456 0.203791 0.247796 0.258615 0.214776 0.184976 0.255722 0.178923 0.218495 0.242421 0.250825 0.238270 0.249943 0.224790 0.228725 0.275592 0.245687 0.200801 0.141011 0.145811 0.155363 0.135764 0.272098 0.200469 0.256548 0.220608 0.284499 0.226689 0.224032 0.254401 0.292739 0.232175 0.266891 0.202906 0.200992 0.216647 0.179317 0.187565 0.165851 0.235543 0.219224 0.271948 0.172986 0.213336 0.242356 0.179768 0.195530 0.136801 0.075080 0.200748 0.172344 
0.232598 0.205422 0.156571 0.159243 0.160499 0.165094 0.179495 0.190097 0.153374 0.000000 0.110649 0.157009 0.303147 0.322153 0.105960 0.282334 0.329019 0.397052 0.354541 0.390726 0.445426 0.378340 0.407047 0.332477 0.410315 0.359982 0.338708 0.322014 0.350234 0.392725 0.356347 0.380114 0.334236 0.332447 0.390339 0.333174 0.427060 0.172833 0.164872 0.244518 0.199426 0.180632 0.209562 0.183111 0.170687 0.138653 0.258601 0.198805 0.338696 0.259427 0.262066 0.284800 0.236741 0.262762 0.371065 0.245669 0.421992 0.182354 0.433744 0.370245 0.460716 0.377446 0.453896 0.280380 0.250957 0.164726 0.149334 0.163619 0.119171 0.148137 0.340258 0.355366 0.258872 0.316960 0.356223 0.241414 0.268455 0.224676 0.246322 0.606558 0.211402 0.540556 0.304949 0.300660 0.349689 0.278327 0.686180 0.453719 0.748297 0.283666 0.281093 0.390727 0.447145 0.169042 0.188285 0.191554 0.217301 0.209809 0.211456 0.200440 0.225097 0.183576 0.211592 0.257941 0.204686 0.196327 0.166042 0.204133 0.179091 0.150185 0.154159 0.119595 0.169984 0.155585 0.141216 0.149639 0.136501 0.198634 0.153820 0.157525 0.169696 0.201929 0.144988 0.150372 0.156319 0.165373 0.160431 0.176538 0.147799 0.160176 0.201541 0.201771 0.158057 0.153502 0.138501 0.180435 0.134902 0.177425 0.191709 0.304718 0.166447 0.230105 0.149729 0.429837 0.311238 0.148358 0.356361 0.189565 0.218114 0.159443 0.365696 0.231352 0.231907 0.169462 0.177506 0.148139 0.115138 0.203571 0.190472 0.147170 0.185889 0.171112 0.220015 0.323314 0.183739 0.373850 0.303820 0.379551 0.362530 0.356722 0.340221 0.354416 0.385845 0.374663 0.311065 0.254733 0.253662 0.282191 0.276019 0.273302 0.285239 0.161899 0.205715 0.198018 0.136409 0.242592 0.269487 0.179979 0.180216 0.219292 0.225084 0.222546 0.214721 0.220040 0.209276 0.236121 0.225747 0.140988 0.194235 0.175316 0.203539 0.201313 0.228969 0.193305 0.205993 0.190534 0.228289 0.222746 0.206573 0.163270 0.168410 0.145776 0.162488 0.165416 0.210551 0.163490 0.188295 0.239861 0.268285 0.200768 0.230493 0.254574 0.281327 0.204587 0.277178 0.197787 0.173583 0.233696 0.173478 0.189030 0.161307 0.252168 0.151309 0.251086 0.135125 0.219295 0.246104 0.208482 0.192528 0.168893 0.183125 0.240881 0.227979 
0.210908 0.222508 0.173464 0.174538 0.155051 0.193210 0.171852 0.206110 0.170971 0.110649 0.000000 0.143975 0.333661 0.344757 0.133739 0.291894 0.319637 0.394738 0.358032 0.377582 0.431918 0.372722 0.415155 0.333285 0.406503 0.358550 0.324848 0.325926 0.349556 0.364245 0.354444 0.373391 0.319242 0.331331 0.386379 0.341484 0.422502 0.180055 0.180102 0.256639 0.217162 0.187719 0.240619 0.207779 0.187301 0.178557 0.261935 0.214025 0.339938 0.280192 0.265273 0.313350 0.238904 0.272674 0.382820 0.251699 0.434260 0.181489 0.447807 0.381069 0.454025 0.399921 0.445966 0.325867 0.293490 0.185179 0.169053 0.134848 0.125430 0.173469 0.345606 0.383142 0.282849 0.335072 0.384193 0.251726 0.286152 0.224716 0.241530 0.639266 0.222549 0.566640 0.319088 0.312045 0.385535 0.297710 0.724750 0.509976 0.767351 0.304454 0.292112 0.423918 0.466926 0.192779 0.184068 0.205293 0.239700 0.202464 0.221685 0.206608 0.238929 0.201416 0.217337 0.260416 0.201679 0.169435 0.205612 0.225651 0.218334 0.160608 0.173029 0.139738 0.180339 0.179990 0.152785 0.158195 0.169362 0.222772 0.161304 0.198517 0.197649 0.233130 0.187154 0.139662 0.177448 0.198966 0.170372 0.212932 0.180084 0.182435 0.227710 0.235816 0.171841 0.170720 0.177430 0.205911 0.167314 0.220799 0.184758 0.308184 0.180905 0.250370 0.211636 0.440825 0.330028 0.162191 0.381842 0.207451 0.202798 0.187774 0.398974 0.258817 0.236527 0.195105 0.213072 0.160909 0.133978 0.257760 0.231920 0.165087 0.219702 0.185777 0.247602 0.374844 0.227363 0.399851 0.342016 0.405055 0.393245 0.394232 0.370792 0.372046 0.422318 0.391981 0.331493 0.290140 0.290039 0.308703 0.296685 0.313297 0.319257 0.191116 0.232961 0.198971 0.152869 0.254448 0.298579 0.206520 0.225716 0.231738 0.257020 0.269902 0.240795 0.233871 0.234260 0.265112 0.235902 0.198343 0.231520 0.197375 0.218258 0.226294 0.236101 0.248383 0.258689 0.239734 0.275251 0.263924 0.181090 0.209381 0.170682 0.193244 0.200452 0.193709 0.178899 0.173955 0.158969 0.290381 0.295633 0.269802 0.264240 0.288599 0.327472 0.252258 0.326302 0.213674 0.248609 0.250078 0.185550 0.188377 0.184624 0.279094 0.156794 0.263493 0.151273 0.261614 0.273883 0.228067 0.214647 0.146836 0.219364 0.234151 0.227478 
0.219297 0.218336 0.155047 0.136032 0.085926 0.147018 0.149943 0.222152 0.195733 0.157009 0.143975 0.000000 0.251827 0.285992 0.180328 0.279324 0.392977 0.440992 0.433184 0.445154 0.486754 0.443469 0.446832 0.403056 0.444335 0.435758 0.375562 0.401681 0.394000 0.426207 0.397578 0.426425 0.397020 0.367073 0.416475 0.388433 0.457599 0.246138 0.223776 0.277071 0.242510 0.240858 0.273035 0.249942 0.223475 0.200761 0.255382 0.240826 0.370872 0.273367 0.283417 0.245235 0.218362 0.337728 0.416938 0.303605 0.458133 0.267509 0.465360 0.427763 0.492578 0.403041 0.482328 0.285762 0.250381 0.213750 0.188097 0.149069 0.120703 0.149523 0.390312 0.405216 0.289542 0.361104 0.388668 0.281268 0.309244 0.237002 0.277707 0.542373 0.170833 0.539837 0.303828 0.276132 0.290715 0.323973 0.622981 0.477860 0.703325 0.300139 0.293671 0.398097 0.440671 0.201859 0.220209 0.237376 0.291412 0.269324 0.272097 0.259897 0.284655 0.237265 0.262128 0.300555 0.267481 0.224484 0.218338 0.245807 0.239602 0.181915 0.191327 0.151339 0.216823 0.206770 0.199466 0.199171 0.213828 0.245646 0.206256 0.206906 0.251706 0.270154 0.243992 0.193341 0.228764 0.238492 0.223519 0.255936 0.215028 0.213448 0.247987 0.262930 0.221429 0.208804 0.237363 0.241007 0.195060 0.246098 0.213659 0.322892 0.165572 0.241089 0.212033 0.415614 0.304688 0.172943 0.384909 0.234675 0.179605 0.172569 0.336154 0.240354 0.224157 0.201185 0.176867 0.172416 0.131112 0.214541 0.210608 0.167195 0.241098 0.195838 0.244275 0.309642 0.156182 0.409242 0.345181 0.412871 0.407839 0.398521 0.396342 0.392320 0.435347 0.447028 0.331616 0.273106 0.265648 0.297408 0.276597 0.288851 0.311550 0.184487 0.218667 0.212000 0.181795 0.238087 0.292720 0.234292 0.190688 0.278405 0.214365 0.224469 0.206350 0.241939 0.205437 0.257241 0.239646 0.175486 0.203266 0.211964 0.250859 0.226536 0.224735 0.223021 0.239562 0.220363 0.238647 0.227275 0.186133 0.179079 0.154885 0.172766 0.171155 0.150304 0.223836 0.150495 0.170441 0.191801 0.223435 0.248410 0.227301 0.219840 0.254755 0.211551 0.254348 0.175614 0.207065 0.262160 0.189321 0.197053 0.198161 0.233544 0.208669 0.244378 0.208388 0.198247 0.182478 0.182475 0.180583 0.152542 0.229664 0.288838 0.261056 
0.342070 0.315001 0.353293 0.238902 0.260378 0.234039 0.277455 0.254044 0.295135 0.303147 0.333661 0.251827 0.000000 0.132700 0.276033 0.228506 0.348159 0.395448 0.432423 0.394497 0.437629 0.387713 0.405326 0.378848 0.397198 0.381635 0.335372 0.363486 0.383592 0.424615 0.344304 0.377067 0.388414 0.329480 0.363432 0.337846 0.403872 0.294140 0.308494 0.320337 0.295280 0.312660 0.308345 0.339499 0.319714 0.314524 0.205058 0.248772 0.273718 0.203750 0.202388 0.216060 0.204768 0.316223 0.398869 0.277624 0.445779 0.313240 0.440478 0.406617 0.448630 0.380283 0.431424 0.290563 0.317423 0.262669 0.285225 0.331589 0.327180 0.295444 0.346898 0.362453 0.270832 0.325959 0.250421 0.311472 0.278432 0.319674 0.340704 0.545881 0.202237 0.433389 0.196130 0.240672 0.309274 0.267676 0.538969 0.401972 0.523889 0.240867 0.221512 0.254984 0.364988 0.275640 0.292598 0.313880 0.306776 0.308671 0.308593 0.300421 0.332820 0.284679 0.312325 0.355571 0.338514 0.334101 0.288122 0.286677 0.302371 0.294302 0.307093 0.305921 0.313711 0.309832 0.336295 0.327928 0.339303 0.372056 0.340309 0.350326 0.351140 0.346539 0.340698 0.371032 0.327829 0.363097 0.388890 0.399111 0.321856 0.353378 0.380649 0.348029 0.335845 0.315634 0.338681 0.350675 0.351845 0.354006 0.331210 0.234418 0.278715 0.342947 0.320655 0.340684 0.386216 0.284848 0.370981 0.244768 0.287104 0.284524 0.255661 0.357442 0.406182 0.307377 0.285724 0.292577 0.310857 0.317685 0.320384 0.288038 0.351117 0.287438 0.332934 0.303858 0.270961 0.381664 0.286632 0.361684 0.355736 0.333047 0.353029 0.351662 0.383217 0.398263 0.263387 0.263398 0.228958 0.231379 0.253005 0.197301 0.229148 0.289439 0.313411 0.342485 0.288822 0.327970 0.245000 0.281863 0.239854 0.305541 0.268800 0.228166 0.270103 0.288605 0.271912 0.262717 0.310739 0.288619 0.313459 0.275568 0.276184 0.264635 0.266478 0.274528 0.262960 0.264028 0.264259 0.253285 0.323005 0.217284 0.310062 0.272585 0.282861 0.243314 0.346015 0.314840 0.330882 0.265929 0.287521 0.305440 0.249542 0.224493 0.199387 0.227312 0.253876 0.348843 0.320236 0.267728 0.290848 0.292121 0.233966 0.176806 0.337880 0.274675 0.309489 0.223503 0.223838 0.230829 0.266409 0.326128 0.332773 0.225958 0.217343 
0.374490 0.357372 0.388649 0.255918 0.308171 0.268188 0.286537 0.278622 0.303682 0.322153 0.344757 0.285992 0.132700 0.000000 0.286408 0.182312 0.352700 0.408765 0.424857 0.388303 0.443883 0.384650 0.436400 0.371377 0.391810 0.389043 0.359846 0.367829 0.401147 0.433045 0.320344 0.396215 0.376210 0.346116 0.390443 0.363745 0.409724 0.318874 0.319192 0.345702 0.316089 0.328943 0.351830 0.358542 0.340752 0.349449 0.232394 0.292278 0.311807 0.236560 0.183017 0.252816 0.220668 0.308996 0.401716 0.293048 0.452317 0.315022 0.455808 0.411181 0.455946 0.382517 0.428456 0.320801 0.355984 0.297305 0.311638 0.354158 0.356979 0.320976 0.371440 0.390302 0.325767 0.344340 0.294685 0.341711 0.297399 0.365743 0.376367 0.586190 0.218952 0.415325 0.179117 0.243275 0.339768 0.223688 0.592828 0.413624 0.506172 0.248071 0.217539 0.256581 0.374228 0.275206 0.304711 0.322563 0.319471 0.310314 0.304980 0.319366 0.348646 0.313619 0.321730 0.368006 0.328931 0.328551 0.328113 0.314108 0.341156 0.317821 0.344042 0.322093 0.330160 0.308297 0.352407 0.333460 0.358028 0.390894 0.358737 0.369174 0.363261 0.371180 0.359258 0.389540 0.344846 0.381914 0.405828 0.413800 0.343814 0.372758 0.402957 0.371455 0.354934 0.319713 0.360933 0.370166 0.370421 0.376873 0.339766 0.230551 0.320753 0.367019 0.341330 0.355178 0.430782 0.298070 0.389465 0.276119 0.314232 0.319577 0.267760 0.389661 0.428541 0.322946 0.329196 0.315710 0.333399 0.349211 0.321953 0.311708 0.370141 0.305954 0.365689 0.334353 0.300206 0.405344 0.329259 0.388994 0.395634 0.370660 0.386363 0.384253 0.402862 0.415739 0.322468 0.314116 0.304045 0.301719 0.318788 0.274156 0.306580 0.328828 0.357548 0.388782 0.309442 0.363416 0.271674 0.301710 0.291087 0.331091 0.305296 0.283388 0.321566 0.312926 0.295844 0.283431 0.362411 0.296946 0.346529 0.321462 0.318955 0.291040 0.303733 0.320304 0.317694 0.313357 0.327295 0.311849 0.349085 0.243603 0.334770 0.313475 0.291393 0.261370 0.340137 0.360640 0.381162 0.317503 0.319319 0.322405 0.272261 0.274208 0.256113 0.265110 0.280770 0.382666 0.357427 0.298590 0.301226 0.302428 0.266745 0.221822 0.360246 0.319555 0.339780 0.263329 0.278938 0.283584 0.306652 0.351873 0.336145 0.215459 0.198334 
0.209944 0.201462 0.229075 0.190771 0.204003 0.182657 0.196564 0.208951 0.164938 0.105960 0.133739 0.180328 0.276033 0.286408 0.000000 0.244690 0.274649 0.327278 0.318026 0.332499 0.383548 0.315626 0.332057 0.278416 0.344642 0.293739 0.279024 0.278190 0.293309 0.325999 0.291003 0.306006 0.311356 0.298770 0.348457 0.289397 0.370993 0.142860 0.194895 0.213372 0.190129 0.191189 0.160185 0.209254 0.174858 0.183606 0.205035 0.162457 0.291821 0.203916 0.208877 0.268966 0.202146 0.223262 0.324267 0.213426 0.370961 0.149526 0.394294 0.330008 0.406576 0.351545 0.397523 0.268831 0.240203 0.145170 0.131246 0.191549 0.168166 0.188689 0.315031 0.325299 0.225973 0.292545 0.317273 0.217947 0.226926 0.198188 0.203538 0.585065 0.200292 0.503425 0.258815 0.285103 0.345671 0.248714 0.664343 0.434637 0.705314 0.243956 0.285386 0.346995 0.420559 0.128587 0.167321 0.192316 0.164539 0.176779 0.193899 0.146090 0.203431 0.175252 0.187787 0.233655 0.206098 0.191030 0.153957 0.170104 0.163383 0.154215 0.156712 0.172332 0.145587 0.145121 0.159058 0.199952 0.182074 0.212724 0.165209 0.211425 0.169230 0.196366 0.166122 0.204174 0.156627 0.185513 0.209848 0.211619 0.163179 0.188620 0.204085 0.192481 0.181830 0.146035 0.165831 0.203323 0.173812 0.183010 0.193247 0.288969 0.187986 0.245441 0.208221 0.420432 0.310006 0.176039 0.341028 0.178217 0.206971 0.180291 0.353968 0.275438 0.294069 0.224636 0.196341 0.171323 0.173113 0.233654 0.236134 0.172422 0.243561 0.187412 0.240988 0.331906 0.193941 0.330334 0.273545 0.337517 0.322040 0.302906 0.322009 0.311048 0.349933 0.321537 0.288686 0.255421 0.244551 0.264543 0.249662 0.272256 0.269441 0.186742 0.212368 0.196724 0.143496 0.239037 0.236296 0.151808 0.170997 0.163764 0.211422 0.223092 0.190204 0.185865 0.191489 0.201566 0.199593 0.208299 0.192277 0.157274 0.191060 0.170158 0.221395 0.204353 0.190884 0.186278 0.198874 0.224244 0.274935 0.217467 0.202989 0.198108 0.182765 0.189110 0.204952 0.195880 0.206770 0.253049 0.260917 0.243855 0.221804 0.242881 0.281411 0.230686 0.280340 0.230831 0.240805 0.205062 0.163077 0.164562 0.170523 0.230380 0.105193 0.235293 0.152990 0.238278 0.249850 0.201323 0.209981 0.203615 0.216693 0.193900 0.200473 
0.340121 0.326865 0.341807 0.249477 0.314933 0.259662 0.238968 0.219454 0.240186 0.282334 0.291894 0.279324 0.228506 0.182312 0.244690 0.000000 0.292055 0.339633 0.400026 0.328531 0.391248 0.320175 0.396627 0.334883 0.292644 0.337978 0.307778 0.295024 0.314204 0.386367 0.238077 0.342259 0.369585 0.326984 0.371496 0.320151 0.401709 0.250424 0.267635 0.295933 0.203241 0.246782 0.269118 0.271304 0.283061 0.271630 0.244420 0.271801 0.353052 0.245211 0.226844 0.283267 0.197967 0.327042 0.435984 0.308589 0.482358 0.264630 0.491097 0.424042 0.475626 0.428562 0.435856 0.322314 0.320606 0.263753 0.292466 0.307796 0.308054 0.276695 0.398790 0.411467 0.323383 0.366973 0.390472 0.304057 0.334146 0.294196 0.304650 0.644771 0.215972 0.517324 0.240309 0.279174 0.379288 0.216070 0.678226 0.474788 0.627739 0.276555 0.257750 0.324600 0.435938 0.222462 0.262358 0.264188 0.254982 0.210052 0.196432 0.244319 0.299552 0.264656 0.260430 0.305228 0.288881 0.291266 0.280714 0.278386 0.297613 0.270614 0.288729 0.277812 0.257049 0.257478 0.293353 0.241285 0.297794 0.357824 0.325146 0.326568 0.317389 0.319835 0.288922 0.339731 0.305765 0.321582 0.354412 0.354244 0.300772 0.328869 0.360326 0.334327 0.312655 0.270319 0.304853 0.317054 0.309503 0.327929 0.297631 0.233899 0.278043 0.299719 0.273797 0.397679 0.359398 0.228564 0.369416 0.209460 0.282321 0.268433 0.297544 0.310832 0.377967 0.254192 0.309677 0.265873 0.286972 0.319409 0.261593 0.267463 0.291054 0.226078 0.293376 0.318143 0.281267 0.441421 0.348398 0.408876 0.423196 0.403908 0.400725 0.417241 0.440605 0.415193 0.345101 0.292789 0.291811 0.278932 0.299235 0.306014 0.318529 0.292956 0.313644 0.362063 0.261950 0.341527 0.309984 0.268213 0.258220 0.281492 0.287420 0.283641 0.296431 0.273219 0.297984 0.267927 0.312848 0.264203 0.312132 0.277435 0.278242 0.291476 0.275019 0.296744 0.293115 0.296628 0.295504 0.326574 0.329625 0.243555 0.295902 0.264937 0.261993 0.230583 0.311474 0.342930 0.374702 0.321478 0.319533 0.303545 0.285255 0.280222 0.289277 0.257054 0.307465 0.362247 0.328652 0.274718 0.270622 0.238028 0.247510 0.243326 0.318745 0.320639 0.293750 0.293429 0.295347 0.265387 0.281263 0.298882 0.265538 0.188793 0.164595 
0.393887 0.377113 0.400352 0.347277 0.401658 0.335759 0.348077 0.287903 0.298049 0.329019 0.319637 0.392977 0.348159 0.352700 0.274649 0.292055 0.000000 0.133851 0.215281 0.121917 0.172070 0.115320 0.215706 0.153283 0.198049 0.097035 0.102846 0.108157 0.187274 0.199940 0.181327 0.110202 0.171925 0.118017 0.174282 0.142562 0.191108 0.227763 0.240805 0.201355 0.243652 0.231775 0.272530 0.280774 0.290638 0.303431 0.231452 0.279328 0.234285 0.269107 0.247052 0.417689 0.333717 0.262674 0.362768 0.237219 0.376244 0.209824 0.394624 0.332106 0.369762 0.348465 0.385904 0.410774 0.401893 0.346025 0.351970 0.378607 0.359631 0.364128 0.326469 0.346183 0.308916 0.284709 0.321626 0.305514 0.302445 0.303025 0.314140 0.690870 0.347234 0.593062 0.329710 0.385151 0.462525 0.295272 0.751927 0.535503 0.751883 0.329825 0.369397 0.412178 0.492589 0.280952 0.225322 0.258609 0.196182 0.197161 0.211675 0.206211 0.250410 0.205471 0.212812 0.258338 0.251405 0.234464 0.325196 0.313626 0.325276 0.306890 0.307738 0.364332 0.309260 0.322498 0.279872 0.278640 0.321551 0.350919 0.288397 0.312911 0.306420 0.304062 0.270658 0.349821 0.287909 0.323023 0.334333 0.357284 0.268518 0.305705 0.335792 0.323455 0.285706 0.273584 0.292440 0.293369 0.344859 0.335282 0.321451 0.305572 0.319946 0.308446 0.353551 0.461217 0.375586 0.280801 0.375245 0.262310 0.352916 0.326275 0.382335 0.324573 0.401616 0.322053 0.364667 0.283607 0.381369 0.436469 0.389863 0.329214 0.335526 0.274541 0.354327 0.396731 0.400814 0.379167 0.292491 0.333306 0.355208 0.341979 0.328180 0.321706 0.378584 0.342784 0.331234 0.327749 0.332006 0.292031 0.313671 0.323960 0.305134 0.354680 0.367551 0.395266 0.298528 0.393510 0.359277 0.335394 0.341130 0.325679 0.362819 0.370046 0.363731 0.350677 0.362931 0.343155 0.357990 0.370416 0.381271 0.325956 0.331937 0.351381 0.372568 0.380425 0.370326 0.370498 0.359975 0.413188 0.414301 0.376376 0.396306 0.351740 0.354490 0.358890 0.342012 0.411291 0.412475 0.434307 0.449870 0.418526 0.415466 0.413845 0.426690 0.390817 0.430793 0.426236 0.432924 0.332377 0.340467 0.325526 0.307644 0.340712 0.311313 0.361724 0.285323 0.421169 0.436932 0.360815 0.363700 0.358512 0.343853 0.240800 0.276430 
0.417257 0.436260 0.454165 0.397323 0.455651 0.393427 0.390970 0.349959 0.358845 0.397052 0.394738 0.440992 0.395448 0.408765 0.327278 0.339633 0.133851 0.000000 0.228347 0.135502 0.113505 0.128524 0.195547 0.145492 0.176977 0.128030 0.134111 0.133163 0.133663 0.117655 0.215058 0.097127 0.285977 0.221841 0.272962 0.246983 0.269907 0.314555 0.312834 0.271342 0.294050 0.317991 0.302811 0.363736 0.365781 0.365768 0.266202 0.344733 0.316443 0.295627 0.301619 0.475301 0.385460 0.338350 0.431827 0.313658 0.424269 0.302722 0.443497 0.394279 0.412215 0.393867 0.437996 0.464947 0.451620 0.404421 0.411803 0.442514 0.415151 0.426672 0.398565 0.388926 0.356980 0.342845 0.370967 0.360485 0.357139 0.357466 0.375032 0.717740 0.393681 0.627931 0.379313 0.426260 0.508168 0.332218 0.771503 0.572728 0.767074 0.370730 0.416742 0.444900 0.532887 0.338097 0.295665 0.283724 0.262290 0.269228 0.282693 0.271319 0.331045 0.276904 0.286983 0.335747 0.336199 0.316967 0.383559 0.364214 0.380146 0.359710 0.363633 0.426116 0.344934 0.384582 0.349642 0.352378 0.392561 0.420778 0.363430 0.384907 0.382576 0.372434 0.342966 0.430825 0.348185 0.396316 0.416485 0.428516 0.342370 0.381283 0.387412 0.391168 0.361125 0.345651 0.375814 0.368323 0.415056 0.398940 0.317517 0.352090 0.368338 0.371946 0.417539 0.502598 0.368881 0.341099 0.381470 0.327163 0.405761 0.374036 0.399686 0.387276 0.425397 0.390190 0.416500 0.337844 0.444660 0.492409 0.458440 0.394696 0.399773 0.334189 0.415711 0.412261 0.446507 0.432771 0.350705 0.385546 0.421406 0.377114 0.391964 0.383135 0.429814 0.402780 0.390746 0.384587 0.381339 0.343063 0.362684 0.374951 0.355572 0.409014 0.415393 0.406170 0.362111 0.404064 0.414631 0.359023 0.391749 0.346101 0.417951 0.422183 0.412711 0.408671 0.411946 0.400520 0.408142 0.425854 0.427287 0.379045 0.391768 0.409180 0.416580 0.434599 0.420896 0.422662 0.409936 0.463285 0.479499 0.429948 0.450026 0.406045 0.399533 0.414929 0.400922 0.460418 0.476745 0.480927 0.503252 0.489976 0.474249 0.460242 0.470864 0.453634 0.482383 0.474370 0.492407 0.362002 0.400042 0.388499 0.373046 0.389480 0.361684 0.411686 0.352660 0.466953 0.482381 0.407127 0.416679 0.413970 0.405760 0.302059 0.336864 
