241 241
0.000000 0.111001 0.190253 0.169900 0.168989 0.194655 0.152548 0.161120 0.142367 0.181134 0.178244 0.153662 0.191468 0.157031 0.151947 0.145567 0.146837 0.170223 0.238692 0.265681 0.151370 0.238650 0.321157 0.326015 0.313473 0.329360 0.288661 0.311050 0.309052 0.286617 0.276081 0.284180 0.298284 0.331639 0.269567 0.326165 0.312703 0.287064 0.327044 0.180008 0.184764 0.216194 0.192892 0.177077 0.185917 0.199947 0.195935 0.191646 0.174822 0.192251 0.183383 0.283562 0.218747 0.205152 0.213593 0.187452 0.233485 0.269112 0.222832 0.320446 0.271725 0.277974 0.277593 0.200433 0.300467 0.277206 0.217169 0.279953 0.271354 0.114829 0.141771 0.129214 0.146830 0.264354 0.266334 0.257538 0.177861 0.242221 0.277537 0.213156 0.178311 0.126970 0.130853 0.431025 0.187429 0.421476 0.278812 0.249334 0.206472 0.477367 0.529607 0.240976 0.436146 0.272101 0.344196 0.332229 0.190694 0.162530 0.159664 0.153752 0.208721 0.189911 0.181433 0.171979 0.181236 0.194244 0.193234 0.177574 0.205379 0.130769 0.149879 0.129035 0.128030 0.136110 0.093778 0.135018 0.187924 0.203392 0.215921 0.190053 0.204609 0.225595 0.207001 0.208988 0.184250 0.200337 0.194034 0.212941 0.220675 0.188303 0.200432 0.221346 0.145172 0.229897 0.187901 0.180100 0.171159 0.193679 0.218571 0.168867 0.296702 0.204613 0.171555 0.149109 0.162827 0.170062 0.160427 0.258483 0.203279 0.182052 0.156625 0.151866 0.127563 0.125511 0.166174 0.195185 0.197698 0.128902 0.170270 0.144913 0.202745 0.247462 0.165589 0.250701 0.280356 0.277805 0.278675 0.258941 0.296770 0.266503 0.164208 0.218557 0.197563 0.194964 0.187205 0.195175 0.178712 0.210023 0.216052 0.191106 0.143567 0.153635 0.139581 0.138157 0.186743 0.140361 0.358707 0.163280 0.118065 0.157273 0.171586 0.133053 0.131652 0.134918 0.125057 0.117735 0.134325 0.158416 0.114746 0.124687 0.173033 0.115434 0.107747 0.109268 0.112822 0.131221 0.168898 0.222917 0.180125 0.193254 0.159631 0.151810 0.151854 0.159138 0.129784 0.135984 0.126034 0.141561 0.109612 0.145922 0.145393 0.140897 0.179738 0.156805 0.169450 0.204292 0.161059 0.151121 0.200753 0.214419 0.199269 0.160078 0.160322 0.174101 0.120620 0.112629 0.176825 0.193094 0.204240 0.234118 0.212525 
0.111001 0.000000 0.201201 0.195026 0.153695 0.172494 0.141755 0.139670 0.123799 0.148861 0.161432 0.119476 0.164338 0.133547 0.102035 0.143491 0.135269 0.158875 0.214835 0.249293 0.141261 0.225488 0.313251 0.307267 0.289728 0.305975 0.273492 0.310812 0.286031 0.257810 0.272015 0.299936 0.275385 0.308654 0.248526 0.319992 0.293075 0.260177 0.322301 0.154106 0.157561 0.175579 0.148479 0.160865 0.195204 0.200229 0.165689 0.160684 0.178139 0.181851 0.119769 0.247985 0.222946 0.170875 0.185969 0.191666 0.203154 0.264189 0.203114 0.295383 0.279613 0.266815 0.218869 0.189887 0.294086 0.300036 0.166028 0.269813 0.286386 0.095740 0.109934 0.127766 0.125638 0.208001 0.247269 0.223881 0.145737 0.193489 0.258003 0.142425 0.119610 0.130737 0.143293 0.422273 0.162592 0.403058 0.256537 0.195201 0.186874 0.467969 0.514263 0.219347 0.446361 0.242826 0.322045 0.322514 0.169146 0.142882 0.165506 0.155561 0.173025 0.155970 0.160237 0.161048 0.155899 0.159822 0.166731 0.165797 0.163185 0.091500 0.097906 0.099571 0.104502 0.103242 0.086553 0.108415 0.168753 0.165245 0.183886 0.153790 0.163132 0.187092 0.176199 0.192450 0.151535 0.178249 0.161318 0.185048 0.188042 0.162153 0.166224 0.187601 0.152501 0.214661 0.161722 0.184961 0.159803 0.168961 0.189686 0.161914 0.311574 0.201720 0.148017 0.129975 0.149822 0.165366 0.142983 0.263010 0.172264 0.187498 0.136846 0.125552 0.093082 0.117596 0.155293 0.183135 0.182840 0.110511 0.143975 0.124832 0.176720 0.224928 0.157603 0.196877 0.230678 0.226733 0.219119 0.205883 0.216862 0.206574 0.148148 0.207273 0.148005 0.150479 0.141534 0.155192 0.121087 0.183357 0.156610 0.147446 0.088901 0.094874 0.112894 0.092589 0.159529 0.124077 0.333315 0.141880 0.116028 0.136712 0.118491 0.129573 0.073708 0.087340 0.097099 0.127971 0.132011 0.120042 0.093684 0.096045 0.148079 0.133575 0.080812 0.123011 0.115311 0.084711 0.112106 0.174583 0.117182 0.146634 0.152074 0.141296 0.138122 0.145813 0.107410 0.154755 0.080336 0.113330 0.110856 0.105456 0.111717 0.093717 0.137788 0.147855 0.134433 0.159265 0.131260 0.118824 0.179937 0.203055 0.180420 0.146489 0.096815 0.146555 0.103760 0.092370 0.162248 0.171238 0.185782 0.219796 0.194659 
0.190253 0.201201 0.000000 0.104303 0.256744 0.248499 0.257047 0.254897 0.254719 0.243840 0.258944 0.245855 0.222288 0.222532 0.238926 0.235106 0.251010 0.238984 0.284641 0.304562 0.215914 0.297183 0.311540 0.325906 0.314518 0.317410 0.298365 0.327216 0.305555 0.308436 0.308907 0.341874 0.298404 0.320201 0.294828 0.336261 0.323405 0.296104 0.339548 0.252207 0.270014 0.267829 0.261043 0.274350 0.271961 0.267299 0.276154 0.256011 0.252862 0.259479 0.215993 0.265378 0.264267 0.244351 0.256746 0.222336 0.230552 0.200701 0.229616 0.244668 0.187223 0.208420 0.216659 0.216316 0.239862 0.220029 0.232583 0.203746 0.210864 0.178825 0.201173 0.222037 0.242894 0.233197 0.251290 0.194143 0.149080 0.225187 0.253389 0.200826 0.172253 0.218137 0.183575 0.300557 0.240291 0.364198 0.267073 0.237997 0.211102 0.382161 0.484851 0.206410 0.394653 0.265676 0.311713 0.248714 0.242969 0.256376 0.282102 0.266909 0.255648 0.279304 0.263654 0.276812 0.253960 0.273541 0.279182 0.278243 0.279576 0.173885 0.184816 0.202080 0.211497 0.203917 0.206667 0.193644 0.258788 0.255359 0.272494 0.244766 0.262339 0.268948 0.261195 0.276522 0.246401 0.264082 0.259768 0.275829 0.268108 0.242213 0.267848 0.275939 0.273049 0.228523 0.240442 0.218805 0.216827 0.287107 0.323919 0.255575 0.243391 0.320165 0.258888 0.242346 0.258588 0.241647 0.231389 0.235219 0.293979 0.306602 0.273482 0.233841 0.222420 0.231945 0.268136 0.263171 0.305128 0.238217 0.274499 0.250212 0.285801 0.274399 0.247752 0.237304 0.264084 0.252018 0.245141 0.244511 0.249411 0.226861 0.207577 0.237975 0.233705 0.232278 0.235431 0.241912 0.214561 0.239133 0.231535 0.186443 0.212814 0.212204 0.216873 0.200213 0.290508 0.270814 0.466748 0.169608 0.173530 0.211174 0.197449 0.168941 0.199319 0.206801 0.178300 0.163479 0.205103 0.200351 0.202780 0.188213 0.257818 0.173959 0.178691 0.165109 0.163629 0.219033 0.228332 0.264686 0.209590 0.233073 0.271370 0.255206 0.256137 0.242404 0.231461 0.191083 0.210572 0.227904 0.175441 0.231304 0.242102 0.226548 0.229358 0.200832 0.246535 0.265123 0.258874 0.220440 0.244606 0.186177 0.234467 0.211362 0.191598 0.233188 0.209289 0.201135 0.251023 0.279377 0.246235 0.258672 0.249500 
0.169900 0.195026 0.104303 0.000000 0.234847 0.235324 0.242665 0.241623 0.238211 0.216988 0.224186 0.229383 0.213153 0.213487 0.238199 0.217117 0.226663 0.232842 0.258101 0.271773 0.199777 0.260524 0.302891 0.297823 0.287912 0.300918 0.273062 0.307389 0.283894 0.272540 0.283803 0.313777 0.268719 0.302705 0.266210 0.316112 0.298986 0.267137 0.318061 0.225633 0.244274 0.244133 0.226177 0.248615 0.248328 0.249943 0.247539 0.235007 0.235833 0.224006 0.205991 0.256689 0.238828 0.221709 0.239894 0.193749 0.216242 0.188072 0.217721 0.218051 0.189960 0.176257 0.179385 0.190240 0.211901 0.203302 0.206760 0.209828 0.215878 0.176742 0.196095 0.198302 0.207607 0.249188 0.252887 0.211328 0.153624 0.216140 0.250532 0.187374 0.172863 0.170826 0.143362 0.330494 0.238929 0.390320 0.270599 0.252687 0.199687 0.379590 0.502159 0.217132 0.341633 0.272462 0.321132 0.268147 0.231821 0.225870 0.239126 0.231513 0.222798 0.239150 0.223964 0.247144 0.220323 0.240721 0.240627 0.243554 0.242674 0.168472 0.188858 0.174658 0.190158 0.190690 0.189586 0.180866 0.247327 0.246892 0.269748 0.238296 0.253860 0.262852 0.249725 0.274652 0.234442 0.259287 0.249676 0.273125 0.264328 0.233033 0.254952 0.274224 0.247090 0.210875 0.216908 0.152980 0.196771 0.255768 0.292293 0.222735 0.233382 0.289685 0.234396 0.207078 0.222719 0.212654 0.207286 0.217603 0.265853 0.291637 0.238242 0.211493 0.208153 0.217111 0.249685 0.263488 0.276533 0.210175 0.240526 0.215614 0.272525 0.222163 0.219188 0.221743 0.249003 0.247347 0.250088 0.239254 0.256902 0.238642 0.195131 0.232306 0.212565 0.220333 0.212876 0.216304 0.194429 0.226618 0.211669 0.174085 0.207761 0.211847 0.198215 0.205943 0.261414 0.248820 0.442986 0.170250 0.168293 0.192955 0.203519 0.167595 0.196216 0.196542 0.173357 0.163777 0.191886 0.190678 0.190301 0.183523 0.244342 0.173274 0.162053 0.149783 0.163744 0.207356 0.212669 0.268420 0.206771 0.234043 0.253749 0.231945 0.250245 0.237287 0.213177 0.170459 0.208957 0.224271 0.173302 0.223319 0.217705 0.215361 0.218258 0.181555 0.239318 0.255923 0.239579 0.198862 0.219129 0.174347 0.217686 0.201490 0.194187 0.218206 0.194716 0.186331 0.239636 0.253988 0.224675 0.231177 0.225015 
0.168989 0.153695 0.256744 0.234847 0.000000 0.060046 0.134693 0.103823 0.131690 0.087957 0.108744 0.109669 0.132790 0.096966 0.122111 0.091415 0.123892 0.078712 0.192969 0.197419 0.094815 0.145680 0.254103 0.226821 0.228048 0.257451 0.215358 0.235640 0.214359 0.190440 0.214124 0.246735 0.204730 0.243027 0.192999 0.261921 0.241395 0.207095 0.266752 0.107346 0.099251 0.128448 0.105465 0.099765 0.126533 0.125047 0.110641 0.108014 0.164266 0.133092 0.144407 0.212251 0.150562 0.132555 0.166215 0.130947 0.179193 0.280069 0.175303 0.337189 0.255057 0.306457 0.256575 0.156036 0.293056 0.306207 0.189358 0.291306 0.300925 0.118930 0.121347 0.121844 0.109001 0.258948 0.242545 0.267008 0.206594 0.230659 0.252317 0.202827 0.174426 0.141945 0.158018 0.473913 0.116424 0.404996 0.177491 0.173922 0.149042 0.508647 0.521775 0.178811 0.450750 0.185148 0.249163 0.309937 0.076607 0.123487 0.133561 0.110411 0.129452 0.127037 0.117679 0.131375 0.115671 0.127349 0.125049 0.124979 0.135256 0.140882 0.125734 0.099880 0.112434 0.113707 0.112231 0.111503 0.104465 0.111551 0.132541 0.102007 0.120330 0.128044 0.093264 0.137171 0.105243 0.128279 0.111965 0.130150 0.149105 0.084987 0.126413 0.135325 0.118155 0.175609 0.094238 0.203892 0.161925 0.131870 0.151562 0.131100 0.307986 0.173912 0.066656 0.086633 0.089239 0.138502 0.112343 0.225408 0.139125 0.162153 0.094153 0.111403 0.138484 0.096102 0.118363 0.155325 0.116491 0.108315 0.119358 0.100091 0.147054 0.211304 0.130010 0.229948 0.273162 0.277003 0.267871 0.274272 0.295070 0.288184 0.148654 0.183993 0.195705 0.171642 0.167360 0.164628 0.178345 0.193476 0.199913 0.181194 0.129495 0.138605 0.100898 0.176468 0.191991 0.190679 0.412373 0.192289 0.131715 0.135834 0.165305 0.164398 0.152623 0.130471 0.129543 0.155373 0.137857 0.146609 0.127564 0.134632 0.107422 0.148187 0.118381 0.134233 0.158025 0.118605 0.160398 0.176179 0.159289 0.185725 0.153578 0.121243 0.154833 0.160858 0.148409 0.148236 0.143405 0.164670 0.133855 0.154180 0.145730 0.173074 0.174643 0.194015 0.158553 0.190986 0.142687 0.101626 0.129686 0.213411 0.137790 0.124721 0.196163 0.094555 0.121470 0.121775 0.113813 0.109694 0.089299 0.105564 0.107386 
0.194655 0.172494 0.248499 0.235324 0.060046 0.000000 0.150638 0.106542 0.149930 0.081835 0.117683 0.127733 0.128648 0.100756 0.134346 0.112630 0.131598 0.071385 0.197789 0.199275 0.090647 0.150165 0.254401 0.228359 0.224142 0.249077 0.214566 0.231219 0.221668 0.201092 0.200037 0.246521 0.201706 0.234803 0.202172 0.276888 0.254439 0.220034 0.276917 0.112788 0.133017 0.134700 0.094111 0.133532 0.123670 0.107522 0.124963 0.124442 0.191872 0.145049 0.146947 0.215841 0.160777 0.140319 0.165951 0.129331 0.196776 0.288304 0.192880 0.340417 0.265469 0.312333 0.251907 0.171002 0.306079 0.319051 0.199480 0.296594 0.314406 0.129220 0.133523 0.160883 0.144131 0.272159 0.245075 0.267022 0.203483 0.238471 0.245511 0.207944 0.169992 0.159078 0.168877 0.467369 0.101696 0.387469 0.157671 0.176105 0.158251 0.506470 0.512107 0.161163 0.437714 0.189103 0.209671 0.296279 0.048215 0.145274 0.150868 0.143245 0.129137 0.148672 0.122125 0.164045 0.125152 0.139300 0.143615 0.147485 0.147140 0.145625 0.123060 0.112361 0.123565 0.107982 0.140849 0.111480 0.101904 0.102423 0.124166 0.090233 0.120616 0.116842 0.087217 0.138697 0.101992 0.125572 0.116844 0.128270 0.133135 0.089569 0.132735 0.117597 0.133299 0.195125 0.092885 0.221463 0.178459 0.147382 0.184418 0.150744 0.296741 0.170062 0.072468 0.106527 0.106905 0.160377 0.122045 0.224902 0.156681 0.174011 0.128454 0.118837 0.149588 0.132770 0.131775 0.142930 0.135072 0.133630 0.152498 0.123910 0.151544 0.215914 0.138006 0.232390 0.273784 0.270251 0.272559 0.274204 0.298799 0.290182 0.128415 0.181912 0.210174 0.190869 0.165177 0.181286 0.187112 0.194968 0.207891 0.181703 0.133871 0.141131 0.113155 0.175388 0.211322 0.203786 0.405655 0.199258 0.130219 0.132845 0.157222 0.155722 0.156404 0.143314 0.130252 0.165058 0.160079 0.157121 0.141900 0.133107 0.120502 0.164804 0.123538 0.142794 0.164235 0.137327 0.163502 0.161315 0.138208 0.165971 0.171959 0.137169 0.153651 0.167213 0.179236 0.156617 0.158083 0.172301 0.153171 0.150857 0.162123 0.174668 0.167328 0.207184 0.154452 0.193810 0.167977 0.120501 0.150384 0.217678 0.135378 0.124557 0.205821 0.115817 0.128030 0.138393 0.119886 0.125574 0.074729 0.106344 0.099203 
0.152548 0.141755 0.257047 0.242665 0.134693 0.150638 0.000000 0.116301 0.067476 0.148991 0.135955 0.105441 0.146692 0.109782 0.098791 0.107646 0.058532 0.122413 0.173898 0.209443 0.137832 0.217386 0.304974 0.315511 0.306897 0.316952 0.277266 0.318209 0.301222 0.270615 0.276940 0.303578 0.289071 0.316175 0.252355 0.319825 0.297227 0.270222 0.324663 0.169550 0.144366 0.185985 0.168496 0.156740 0.195298 0.199392 0.166513 0.121604 0.156915 0.162118 0.158247 0.232122 0.192514 0.145800 0.168775 0.151890 0.204129 0.284412 0.186604 0.367758 0.296001 0.312391 0.294755 0.194841 0.308147 0.314574 0.180734 0.316515 0.304196 0.130152 0.113985 0.106620 0.105933 0.253942 0.240944 0.279168 0.197924 0.232766 0.250834 0.199642 0.187854 0.159306 0.179719 0.414286 0.117832 0.387545 0.212837 0.193389 0.191202 0.462216 0.526546 0.208451 0.439311 0.202635 0.265806 0.320130 0.158850 0.149796 0.191145 0.148326 0.192551 0.171265 0.183104 0.135064 0.173780 0.184236 0.178694 0.168583 0.183381 0.162997 0.148894 0.128341 0.136014 0.132484 0.102600 0.144547 0.139862 0.158193 0.167334 0.144255 0.169730 0.186166 0.165786 0.162157 0.145292 0.138261 0.154228 0.174122 0.188257 0.152177 0.160284 0.172143 0.154210 0.219480 0.149329 0.213883 0.182326 0.165509 0.171115 0.141824 0.311947 0.205316 0.133945 0.144961 0.157706 0.133908 0.133503 0.243178 0.159252 0.146634 0.133895 0.110235 0.114691 0.075762 0.125587 0.151093 0.137672 0.108462 0.144444 0.135168 0.110990 0.217630 0.129853 0.227809 0.261265 0.266487 0.267821 0.261872 0.296138 0.310305 0.140966 0.159047 0.182141 0.166842 0.156939 0.176314 0.175122 0.174967 0.190992 0.216771 0.126260 0.156267 0.118017 0.170516 0.170676 0.160097 0.362984 0.175404 0.128333 0.186986 0.166925 0.135765 0.128162 0.159746 0.139817 0.128374 0.106669 0.181017 0.106650 0.151242 0.104238 0.121510 0.128707 0.153006 0.137432 0.123033 0.156735 0.177045 0.161372 0.145179 0.115415 0.113951 0.087868 0.116093 0.115238 0.164660 0.105845 0.118717 0.111347 0.105710 0.111957 0.118860 0.135147 0.171605 0.139277 0.163551 0.124094 0.108850 0.162983 0.198379 0.136635 0.144090 0.163149 0.130503 0.123131 0.126712 0.115186 0.156981 0.178616 0.196807 0.188208 
0.161120 0.139670 0.254897 0.241623 0.103823 0.106542 0.116301 0.000000 0.088608 0.080663 0.101992 0.091885 0.132478 0.116343 0.125912 0.110061 0.097416 0.097199 0.188247 0.193875 0.135351 0.153059 0.298233 0.274654 0.268639 0.280419 0.254591 0.264562 0.270117 0.242176 0.237457 0.272719 0.224982 0.279797 0.232731 0.300225 0.278396 0.251324 0.302488 0.138233 0.135172 0.152637 0.099001 0.138699 0.155717 0.152164 0.132701 0.115058 0.200157 0.146435 0.154876 0.240736 0.167033 0.169323 0.174477 0.167605 0.239039 0.320657 0.227768 0.384083 0.303735 0.350092 0.291699 0.194254 0.352285 0.352335 0.207641 0.320684 0.352812 0.130988 0.134446 0.129905 0.133481 0.291530 0.263237 0.303000 0.234084 0.272125 0.251430 0.231364 0.194342 0.172056 0.199404 0.467708 0.100828 0.405196 0.182837 0.171585 0.171407 0.494427 0.508574 0.201828 0.451489 0.197624 0.253790 0.327680 0.090380 0.135984 0.120537 0.141173 0.161294 0.140540 0.139277 0.151829 0.143452 0.153455 0.150179 0.155561 0.148457 0.150661 0.155053 0.114261 0.115393 0.121961 0.103781 0.130829 0.115990 0.117324 0.131322 0.102373 0.129054 0.143226 0.129597 0.140752 0.112067 0.123816 0.128401 0.130790 0.155462 0.123062 0.142168 0.135714 0.104423 0.202106 0.129649 0.219511 0.186671 0.119795 0.154837 0.157872 0.302380 0.144866 0.082459 0.094760 0.107422 0.145078 0.132532 0.234731 0.129711 0.124225 0.100182 0.100764 0.107369 0.104656 0.115748 0.157108 0.134131 0.099787 0.134321 0.093648 0.115085 0.231287 0.129637 0.251606 0.291100 0.285994 0.295995 0.301088 0.314194 0.316550 0.161754 0.215452 0.209504 0.206932 0.171680 0.194676 0.191905 0.203354 0.215308 0.224881 0.119977 0.156628 0.124346 0.148794 0.170474 0.138942 0.361133 0.213291 0.129193 0.172898 0.157700 0.183887 0.165704 0.160519 0.150414 0.168431 0.155796 0.188533 0.144045 0.155651 0.081427 0.169646 0.124919 0.142446 0.165598 0.156768 0.148267 0.215559 0.172574 0.165100 0.094933 0.097915 0.114464 0.142153 0.161473 0.172643 0.133392 0.164188 0.145356 0.097707 0.123367 0.123181 0.173904 0.218913 0.165497 0.206989 0.168953 0.122668 0.148387 0.238191 0.155773 0.154641 0.172367 0.134797 0.096737 0.124432 0.087282 0.115178 0.114290 0.151505 0.119247 
0.142367 0.123799 0.254719 0.238211 0.131690 0.149930 0.067476 0.088608 0.000000 0.137921 0.129190 0.110578 0.153570 0.116481 0.111857 0.090724 0.066592 0.126336 0.170827 0.191432 0.131054 0.196909 0.310130 0.312473 0.297133 0.310311 0.275797 0.313441 0.289943 0.264977 0.275264 0.295224 0.278518 0.312156 0.250948 0.322765 0.295510 0.264692 0.322561 0.158269 0.145181 0.180006 0.158508 0.152818 0.191776 0.197237 0.158422 0.141076 0.172644 0.144254 0.149558 0.241282 0.171438 0.160920 0.178691 0.165144 0.219371 0.293996 0.203700 0.369448 0.300027 0.317142 0.292779 0.180817 0.323824 0.327313 0.191643 0.319303 0.316513 0.123675 0.117103 0.111884 0.108858 0.270411 0.253870 0.292497 0.211053 0.251699 0.245707 0.203096 0.190782 0.157412 0.180381 0.439077 0.125041 0.390798 0.201880 0.199478 0.165241 0.464701 0.516446 0.208557 0.441705 0.210829 0.273332 0.321992 0.149536 0.143844 0.167932 0.154358 0.181595 0.158243 0.171150 0.145995 0.162231 0.170498 0.170310 0.165199 0.167823 0.155107 0.152844 0.127154 0.123877 0.136874 0.096412 0.138866 0.147834 0.150380 0.171033 0.141009 0.161066 0.181586 0.171621 0.172097 0.140186 0.157143 0.155217 0.176753 0.182737 0.158675 0.160641 0.171298 0.137296 0.217329 0.154580 0.207449 0.174936 0.154944 0.178353 0.148837 0.305894 0.192249 0.133721 0.127668 0.141082 0.137714 0.132127 0.244815 0.163135 0.153962 0.126678 0.117152 0.104492 0.084231 0.134607 0.161383 0.143396 0.098447 0.147835 0.121229 0.134767 0.227342 0.124105 0.242387 0.276128 0.277728 0.285210 0.275495 0.300465 0.300314 0.162833 0.192731 0.194534 0.188390 0.172700 0.188031 0.186156 0.192898 0.207276 0.207850 0.136057 0.163691 0.127391 0.169284 0.172025 0.132414 0.351784 0.183451 0.135474 0.178332 0.154483 0.159489 0.129564 0.144251 0.143794 0.144073 0.134976 0.168478 0.115505 0.152794 0.109228 0.149146 0.127206 0.146141 0.133995 0.124096 0.157674 0.198962 0.168419 0.161412 0.101011 0.108082 0.100360 0.120397 0.139562 0.172607 0.117183 0.122950 0.117589 0.113889 0.120174 0.115342 0.161448 0.182950 0.137802 0.169626 0.129402 0.126618 0.157944 0.210381 0.141633 0.142365 0.156931 0.141100 0.101082 0.127867 0.118451 0.151300 0.166739 0.180269 0.155671 
0.181134 0.148861 0.243840 0.216988 0.087957 0.081835 0.148991 0.080663 0.137921 0.000000 0.094056 0.112649 0.139591 0.102820 0.140527 0.107857 0.127828 0.097772 0.204383 0.226934 0.112181 0.167408 0.269830 0.233168 0.226464 0.238164 0.221377 0.235218 0.216377 0.200381 0.207692 0.251873 0.201538 0.232491 0.180469 0.257967 0.230334 0.197474 0.253612 0.080141 0.091670 0.115155 0.064209 0.092885 0.099415 0.097537 0.063597 0.074401 0.192461 0.146319 0.136193 0.222265 0.178797 0.145750 0.198367 0.164706 0.218346 0.297311 0.208381 0.348186 0.274121 0.319389 0.269204 0.187183 0.333222 0.326782 0.198710 0.308584 0.330062 0.134921 0.140459 0.137006 0.128022 0.275865 0.251873 0.271943 0.204113 0.246278 0.251307 0.208555 0.174929 0.140271 0.159500 0.490479 0.131587 0.439401 0.206462 0.193475 0.177855 0.520776 0.538809 0.201627 0.446201 0.223360 0.272363 0.345712 0.073016 0.113176 0.102708 0.119321 0.110473 0.099572 0.096697 0.129955 0.087582 0.098803 0.091568 0.104348 0.093798 0.142772 0.137198 0.086969 0.105099 0.111412 0.116464 0.127466 0.090388 0.072295 0.096261 0.071986 0.103614 0.107241 0.079901 0.118060 0.083949 0.092360 0.092905 0.105354 0.120703 0.098122 0.106157 0.109624 0.087903 0.199059 0.110095 0.220647 0.173002 0.079741 0.122068 0.135043 0.323417 0.115267 0.061746 0.069235 0.090927 0.144448 0.102006 0.246723 0.090423 0.119961 0.079026 0.093549 0.111263 0.112789 0.134057 0.158675 0.117352 0.090655 0.106095 0.071096 0.125848 0.232834 0.148020 0.225232 0.270157 0.261270 0.266533 0.270791 0.287599 0.282691 0.162030 0.211506 0.206271 0.203330 0.151919 0.179903 0.178764 0.198547 0.201346 0.187295 0.126694 0.141865 0.125196 0.168921 0.169347 0.158287 0.369064 0.209494 0.127384 0.152347 0.172076 0.177705 0.172105 0.152103 0.131149 0.176119 0.169071 0.176418 0.143915 0.133375 0.106703 0.171771 0.109120 0.146091 0.171335 0.147035 0.165912 0.196816 0.152733 0.184303 0.150404 0.135148 0.158760 0.175027 0.158096 0.183324 0.140874 0.174566 0.151748 0.117217 0.120726 0.137124 0.171571 0.226938 0.183187 0.219341 0.174868 0.121079 0.163624 0.240341 0.157716 0.153383 0.193009 0.123898 0.114337 0.130532 0.081245 0.081416 0.094247 0.145129 0.122612 
0.178244 0.161432 0.258944 0.224186 0.108744 0.117683 0.135955 0.101992 0.129190 0.094056 0.000000 0.101631 0.125316 0.128274 0.156704 0.134361 0.142332 0.120920 0.175494 0.192793 0.141254 0.155879 0.270899 0.258974 0.241767 0.269058 0.223429 0.259337 0.241519 0.207006 0.212102 0.263395 0.214019 0.264750 0.222347 0.296750 0.273599 0.225981 0.295082 0.139083 0.134546 0.172437 0.111112 0.141047 0.154823 0.154695 0.104902 0.116450 0.180774 0.123758 0.142073 0.223207 0.157514 0.131830 0.181143 0.154265 0.199199 0.291392 0.186147 0.353616 0.265648 0.321262 0.276183 0.165489 0.325354 0.302743 0.176538 0.285125 0.304347 0.134478 0.143427 0.149741 0.131413 0.263063 0.240953 0.279479 0.209422 0.230437 0.230636 0.208234 0.190210 0.144152 0.159520 0.482849 0.121125 0.406343 0.190144 0.180613 0.157496 0.494018 0.505884 0.188123 0.467064 0.191696 0.252011 0.315747 0.121228 0.131204 0.124317 0.123062 0.142107 0.135972 0.130137 0.146984 0.129246 0.160029 0.132681 0.151246 0.137740 0.164836 0.142287 0.094995 0.110843 0.125707 0.124550 0.133896 0.142827 0.137262 0.162049 0.132222 0.162196 0.178730 0.137301 0.177231 0.133160 0.155951 0.155054 0.176451 0.187514 0.139190 0.160214 0.176533 0.128269 0.152083 0.092194 0.186679 0.146974 0.105085 0.131007 0.116000 0.292446 0.150566 0.102248 0.090349 0.082931 0.132821 0.103908 0.191034 0.106734 0.176854 0.086902 0.097738 0.113447 0.124543 0.105020 0.148186 0.116677 0.094500 0.088944 0.079105 0.159965 0.175657 0.142007 0.215766 0.249893 0.256755 0.261097 0.264437 0.290630 0.284545 0.146844 0.195387 0.183430 0.180715 0.139443 0.150143 0.179656 0.171305 0.188533 0.193787 0.133285 0.150572 0.113985 0.180204 0.177200 0.181407 0.410833 0.195284 0.119371 0.176456 0.168644 0.177420 0.180533 0.136204 0.130159 0.161358 0.155029 0.175392 0.141609 0.142111 0.110148 0.166130 0.121265 0.148675 0.157350 0.156493 0.167163 0.202442 0.158968 0.183556 0.138827 0.107768 0.141481 0.151151 0.138629 0.201567 0.165742 0.194661 0.168398 0.124859 0.123325 0.161189 0.167003 0.219118 0.144992 0.176613 0.127546 0.103252 0.119110 0.211750 0.129634 0.181765 0.192576 0.145539 0.103278 0.124649 0.128599 0.121038 0.097645 0.118894 0.107954 
0.153662 0.119476 0.245855 0.229383 0.109669 0.127733 0.105441 0.091885 0.110578 0.112649 0.101631 0.000000 0.107202 0.106741 0.075999 0.120862 0.089719 0.116864 0.158356 0.181948 0.135430 0.169773 0.292885 0.289124 0.280367 0.299001 0.257330 0.288104 0.277760 0.244423 0.251865 0.276094 0.255101 0.293066 0.236172 0.304681 0.282124 0.250823 0.309759 0.152200 0.132678 0.176715 0.127396 0.140639 0.158412 0.160018 0.137929 0.114871 0.147362 0.157382 0.120351 0.220937 0.177211 0.131766 0.137313 0.132974 0.198549 0.270415 0.183744 0.350656 0.258536 0.303243 0.271696 0.191038 0.307711 0.316449 0.179238 0.287602 0.305360 0.109391 0.117878 0.111319 0.106622 0.231776 0.236676 0.248690 0.182820 0.213919 0.260199 0.184797 0.165222 0.155405 0.180898 0.414903 0.085961 0.382224 0.193582 0.164142 0.152188 0.452729 0.486109 0.170044 0.437319 0.173067 0.275520 0.301875 0.130937 0.132334 0.147389 0.129178 0.167450 0.150030 0.157412 0.137513 0.156975 0.167325 0.158948 0.159798 0.160536 0.155733 0.125055 0.103931 0.130130 0.125651 0.097146 0.128331 0.144122 0.150908 0.149084 0.130608 0.161589 0.175672 0.155695 0.158732 0.133642 0.145408 0.143863 0.167453 0.180311 0.138281 0.159733 0.164392 0.127939 0.160561 0.095718 0.169104 0.144155 0.131426 0.156031 0.118032 0.275217 0.173738 0.100054 0.116519 0.108041 0.102978 0.092274 0.197772 0.136254 0.151315 0.097167 0.057110 0.084831 0.097375 0.095092 0.128387 0.118934 0.092542 0.125483 0.102103 0.139297 0.171479 0.125246 0.207537 0.251232 0.245629 0.239749 0.248752 0.265877 0.275212 0.126272 0.170475 0.162810 0.150153 0.135213 0.152041 0.145055 0.168658 0.169991 0.194385 0.090676 0.116439 0.100555 0.139391 0.178007 0.166252 0.369360 0.173895 0.105985 0.165822 0.148819 0.145975 0.146073 0.135114 0.128038 0.136213 0.134236 0.160409 0.120624 0.140330 0.109294 0.140336 0.115218 0.147412 0.151390 0.126437 0.129620 0.165546 0.140456 0.143206 0.130007 0.102381 0.102274 0.105654 0.096336 0.166437 0.095229 0.134981 0.129083 0.101848 0.106471 0.101862 0.107748 0.152036 0.137106 0.161451 0.100448 0.084913 0.139036 0.192080 0.149935 0.173193 0.145902 0.140470 0.093094 0.090313 0.107929 0.117377 0.134890 0.158511 0.142885 
0.191468 0.164338 0.222288 0.213153 0.132790 0.128648 0.146692 0.132478 0.153570 0.139591 0.125316 0.107202 0.000000 0.144468 0.142226 0.151729 0.152700 0.128699 0.143436 0.162774 0.124580 0.162399 0.260505 0.259110 0.253386 0.266225 0.227238 0.250966 0.246500 0.231196 0.230979 0.261567 0.203761 0.267027 0.218389 0.281531 0.260783 0.220862 0.277669 0.159352 0.173912 0.183923 0.154466 0.176427 0.158709 0.159152 0.175582 0.158865 0.123281 0.123886 0.099747 0.155477 0.119956 0.094081 0.116790 0.108684 0.157726 0.226510 0.135457 0.311492 0.219370 0.264340 0.229436 0.151313 0.276544 0.259921 0.116941 0.230220 0.247013 0.100635 0.109455 0.169212 0.169985 0.191423 0.161485 0.207311 0.146366 0.164021 0.188079 0.150405 0.152730 0.186714 0.179502 0.404161 0.075027 0.326187 0.130519 0.118137 0.123164 0.433419 0.447981 0.119134 0.452163 0.127558 0.201865 0.252280 0.116173 0.163389 0.160499 0.167560 0.165906 0.180031 0.164521 0.187179 0.159821 0.178906 0.174462 0.181565 0.178671 0.139137 0.124262 0.142656 0.154589 0.142539 0.152096 0.138970 0.165564 0.161926 0.178427 0.151941 0.167600 0.178249 0.167817 0.189050 0.148273 0.177613 0.167180 0.181767 0.183788 0.135949 0.173041 0.176697 0.170374 0.129730 0.098668 0.167189 0.140324 0.191414 0.227306 0.180252 0.235113 0.219529 0.147850 0.126132 0.127489 0.150733 0.151712 0.181004 0.206606 0.215398 0.163778 0.128807 0.148204 0.155466 0.147087 0.166777 0.176297 0.139795 0.189177 0.153967 0.209832 0.176794 0.164517 0.165571 0.200882 0.188365 0.204430 0.203736 0.232849 0.247026 0.118370 0.152308 0.130496 0.130740 0.114094 0.119358 0.133013 0.134452 0.135397 0.161756 0.130221 0.160762 0.135703 0.163643 0.251918 0.232237 0.447495 0.132035 0.118836 0.134749 0.131393 0.140814 0.145044 0.131614 0.124947 0.128773 0.147525 0.143091 0.143965 0.149869 0.147093 0.148495 0.123233 0.138061 0.130074 0.146126 0.123271 0.166966 0.132647 0.122030 0.193987 0.147769 0.129548 0.120178 0.156413 0.181057 0.148974 0.161281 0.158055 0.147945 0.171059 0.175613 0.156962 0.180465 0.129821 0.145942 0.129262 0.095889 0.113021 0.150349 0.119953 0.161542 0.160243 0.155069 0.132812 0.130473 0.166538 0.178755 0.110832 0.105063 0.110728 
0.157031 0.133547 0.222532 0.213487 0.096966 0.100756 0.109782 0.116343 0.116481 0.102820 0.128274 0.106741 0.144468 0.000000 0.116900 0.067264 0.106412 0.085036 0.215713 0.232339 0.064611 0.200031 0.249594 0.269370 0.255772 0.274999 0.229864 0.277834 0.241123 0.218359 0.236017 0.266226 0.238852 0.268464 0.218503 0.293283 0.273251 0.226726 0.294382 0.108330 0.115883 0.153928 0.125997 0.119263 0.125741 0.126026 0.114981 0.087768 0.177420 0.173800 0.126532 0.229577 0.182607 0.136169 0.197672 0.162170 0.177681 0.258704 0.166047 0.327182 0.262564 0.287811 0.246574 0.151722 0.283456 0.311263 0.185326 0.309502 0.294467 0.107450 0.097824 0.114915 0.108853 0.244884 0.225482 0.249139 0.176957 0.218665 0.241011 0.181816 0.167442 0.146592 0.157889 0.452160 0.144048 0.397821 0.213241 0.214556 0.206322 0.508603 0.553223 0.198901 0.437287 0.206233 0.268960 0.325507 0.104571 0.128972 0.157273 0.126478 0.132840 0.147332 0.131827 0.127936 0.122007 0.136593 0.145443 0.133164 0.145731 0.121757 0.112766 0.096656 0.106240 0.099050 0.084164 0.105922 0.097918 0.098111 0.100970 0.078274 0.106373 0.128433 0.095090 0.107423 0.079322 0.086810 0.100240 0.124217 0.132614 0.099031 0.094545 0.114285 0.124036 0.214212 0.112569 0.212625 0.176749 0.141842 0.156514 0.105227 0.316030 0.190015 0.096258 0.116049 0.118021 0.148601 0.104597 0.258983 0.145943 0.149272 0.113283 0.092678 0.122081 0.080662 0.138714 0.141214 0.123652 0.097639 0.119411 0.107739 0.123630 0.227236 0.130838 0.208620 0.254365 0.245171 0.238396 0.241600 0.267664 0.258344 0.145587 0.175411 0.195850 0.182207 0.173640 0.191474 0.188311 0.193090 0.195394 0.154929 0.115008 0.135950 0.096059 0.166098 0.155685 0.155745 0.355229 0.186921 0.124013 0.139463 0.158760 0.154433 0.148177 0.146971 0.127507 0.148371 0.143740 0.161629 0.116158 0.141246 0.100035 0.139046 0.111291 0.130676 0.138860 0.135452 0.161264 0.161227 0.152700 0.150168 0.138903 0.121797 0.140637 0.164139 0.139891 0.142955 0.110622 0.122252 0.105251 0.130704 0.113324 0.129270 0.164610 0.192536 0.173943 0.199572 0.148159 0.112885 0.181979 0.222877 0.168667 0.093672 0.179128 0.086347 0.140734 0.138807 0.100747 0.109311 0.123602 0.159195 0.153820 
0.151947 0.102035 0.238926 0.238199 0.122111 0.134346 0.098791 0.125912 0.111857 0.140527 0.156704 0.075999 0.142226 0.116900 0.000000 0.125773 0.094707 0.115444 0.185183 0.218488 0.136157 0.201709 0.307863 0.307519 0.293313 0.310826 0.271343 0.312517 0.287127 0.259413 0.274260 0.293626 0.285631 0.306614 0.243092 0.314348 0.288460 0.257440 0.316567 0.161230 0.144259 0.182031 0.152615 0.152333 0.175400 0.181979 0.155776 0.132651 0.152450 0.184226 0.115977 0.239194 0.209531 0.147328 0.142139 0.143198 0.212808 0.263204 0.199444 0.331450 0.272164 0.297389 0.260205 0.215608 0.305226 0.335078 0.195776 0.302322 0.307570 0.111488 0.121729 0.095192 0.095547 0.214624 0.252533 0.218646 0.160223 0.205234 0.281082 0.159090 0.139939 0.159473 0.179945 0.379086 0.105953 0.365014 0.219120 0.152377 0.159146 0.429395 0.479135 0.174902 0.435617 0.193788 0.291706 0.286509 0.145964 0.143956 0.184422 0.143680 0.183152 0.159441 0.175102 0.150516 0.169259 0.175581 0.166751 0.166965 0.169462 0.138193 0.118015 0.134310 0.144237 0.132409 0.117796 0.127095 0.148651 0.149175 0.153352 0.137241 0.154215 0.168704 0.155546 0.160347 0.134666 0.150900 0.144341 0.163721 0.174004 0.147162 0.157838 0.156600 0.155261 0.181537 0.141245 0.190880 0.162342 0.148582 0.173199 0.149051 0.299763 0.200066 0.123868 0.141885 0.154432 0.138846 0.122936 0.218110 0.157909 0.156138 0.135088 0.110577 0.101698 0.100650 0.134025 0.145214 0.148680 0.124257 0.153741 0.134134 0.135591 0.200235 0.131182 0.211737 0.259287 0.247508 0.225819 0.234383 0.245991 0.259347 0.138266 0.158879 0.168181 0.156986 0.150378 0.168145 0.137762 0.185956 0.170349 0.192226 0.083844 0.090840 0.121881 0.114333 0.188099 0.172971 0.380313 0.158769 0.109509 0.157727 0.121286 0.127837 0.108222 0.123804 0.123751 0.131231 0.132942 0.142552 0.106939 0.134449 0.139654 0.134635 0.124072 0.138958 0.143799 0.100383 0.127631 0.137009 0.121953 0.129725 0.159120 0.127603 0.101252 0.114911 0.118815 0.162057 0.075800 0.092407 0.101439 0.129780 0.119165 0.113367 0.107814 0.129505 0.137715 0.146177 0.118576 0.107995 0.177631 0.174787 0.162818 0.158044 0.110219 0.133232 0.112609 0.093118 0.133448 0.147012 0.166096 0.200080 0.180448 
0.145567 0.143491 0.235106 0.217117 0.091415 0.112630 0.107646 0.110061 0.090724 0.107857 0.134361 0.120862 0.151729 0.067264 0.125773 0.000000 0.100754 0.091951 0.232628 0.243726 0.082363 0.201685 0.248926 0.256401 0.248655 0.278727 0.226555 0.270402 0.238894 0.218871 0.231720 0.246660 0.233751 0.264568 0.213352 0.288414 0.268382 0.230633 0.288986 0.113350 0.119903 0.159786 0.132561 0.121773 0.146346 0.145269 0.130945 0.110460 0.157818 0.173318 0.138219 0.229295 0.178989 0.144229 0.211353 0.158181 0.185287 0.265025 0.170725 0.331350 0.271078 0.296187 0.249749 0.163351 0.282065 0.304226 0.199071 0.300064 0.303776 0.119486 0.112294 0.098769 0.121138 0.245999 0.239470 0.266049 0.191794 0.229693 0.258950 0.191442 0.178233 0.144531 0.152527 0.470390 0.149894 0.410163 0.216469 0.217222 0.191266 0.530331 0.558944 0.206842 0.456123 0.210900 0.284807 0.330568 0.114762 0.123083 0.156906 0.131458 0.146571 0.145969 0.124224 0.112213 0.125397 0.145060 0.143656 0.127304 0.147847 0.133092 0.137796 0.100246 0.108984 0.110132 0.094739 0.117990 0.084203 0.120249 0.132944 0.099591 0.126291 0.148599 0.120171 0.125474 0.101367 0.113010 0.119526 0.141464 0.155872 0.110552 0.120824 0.140579 0.115379 0.211862 0.138607 0.214374 0.180185 0.153860 0.173133 0.138987 0.315789 0.199078 0.099419 0.114173 0.127402 0.140293 0.119671 0.274331 0.162419 0.152442 0.125724 0.118984 0.142409 0.090659 0.132588 0.172311 0.148256 0.109029 0.136141 0.115208 0.131393 0.254726 0.155061 0.234342 0.272136 0.271522 0.259327 0.254360 0.292091 0.271509 0.168775 0.196378 0.208439 0.202246 0.196112 0.207228 0.199807 0.218013 0.217095 0.173750 0.130941 0.152296 0.103436 0.169800 0.174174 0.147701 0.351500 0.202768 0.149910 0.142516 0.183441 0.171908 0.160484 0.153740 0.139496 0.160950 0.148798 0.176059 0.129110 0.145523 0.127152 0.156024 0.123280 0.139625 0.152462 0.139944 0.161110 0.193213 0.180875 0.177498 0.127985 0.145418 0.155573 0.175699 0.157247 0.118765 0.118862 0.111001 0.104402 0.154380 0.142185 0.143573 0.194260 0.208969 0.192159 0.226160 0.176309 0.124142 0.183366 0.232339 0.181089 0.099146 0.185606 0.096898 0.150669 0.149176 0.094613 0.131184 0.132598 0.151994 0.149204 
0.146837 0.135269 0.251010 0.226663 0.123892 0.131598 0.058532 0.097416 0.066592 0.127828 0.142332 0.089719 0.152700 0.106412 0.094707 0.100754 0.000000 0.106842 0.174032 0.200517 0.127386 0.193374 0.306025 0.313153 0.306333 0.310869 0.279138 0.308619 0.301187 0.274253 0.271098 0.298049 0.273830 0.312824 0.249614 0.318118 0.295103 0.269818 0.321015 0.165464 0.147862 0.181737 0.157832 0.157542 0.179648 0.181987 0.160987 0.130630 0.173138 0.169577 0.157164 0.254589 0.197821 0.167168 0.162065 0.147862 0.229311 0.292520 0.209259 0.362205 0.299870 0.314753 0.288125 0.202921 0.311497 0.334614 0.207483 0.328359 0.329906 0.140591 0.127671 0.097795 0.095780 0.276392 0.266052 0.285961 0.201927 0.250912 0.266852 0.210310 0.193733 0.151081 0.181871 0.402460 0.120549 0.397531 0.214529 0.197574 0.186362 0.456793 0.518061 0.212174 0.410619 0.213893 0.280862 0.319706 0.136906 0.148690 0.167917 0.151349 0.190929 0.168724 0.176893 0.147186 0.169171 0.181266 0.174382 0.171432 0.179565 0.170795 0.150557 0.122237 0.134565 0.129606 0.097753 0.142641 0.138753 0.152376 0.162254 0.138662 0.172162 0.185881 0.167704 0.162629 0.140278 0.144577 0.153328 0.168424 0.184393 0.147916 0.165414 0.171681 0.138579 0.220203 0.142243 0.193389 0.176908 0.148957 0.177765 0.133354 0.298405 0.185168 0.114029 0.134391 0.148592 0.119074 0.113052 0.233027 0.151584 0.142888 0.122916 0.100233 0.113510 0.084883 0.120336 0.146285 0.133174 0.107815 0.146723 0.122716 0.122189 0.208135 0.106633 0.239744 0.280508 0.277208 0.277501 0.271261 0.302943 0.311956 0.148073 0.174875 0.204071 0.187517 0.178832 0.196628 0.185150 0.201537 0.210742 0.223482 0.125339 0.145662 0.120487 0.160990 0.171411 0.150473 0.339197 0.199856 0.130240 0.184919 0.173900 0.148912 0.141975 0.158698 0.149888 0.144144 0.138501 0.174549 0.124330 0.152289 0.110904 0.137943 0.136548 0.162651 0.154706 0.123311 0.153876 0.169415 0.161946 0.158734 0.121007 0.115976 0.098952 0.119172 0.134136 0.159524 0.104508 0.121600 0.117903 0.111901 0.114350 0.109389 0.127729 0.154341 0.145675 0.177011 0.139833 0.133157 0.177357 0.206923 0.157226 0.150594 0.166292 0.144827 0.114804 0.118240 0.101649 0.143998 0.162240 0.195658 0.177554 
0.170223 0.158875 0.238984 0.232842 0.078712 0.071385 0.122413 0.097199 0.126336 0.097772 0.120920 0.116864 0.128699 0.085036 0.115444 0.091951 0.106842 0.000000 0.209391 0.224457 0.075055 0.170597 0.228030 0.248177 0.229041 0.237973 0.201609 0.262801 0.220143 0.200501 0.194112 0.232785 0.229366 0.236317 0.228121 0.300014 0.279575 0.243221 0.303135 0.103035 0.139303 0.161387 0.112762 0.150842 0.120601 0.109975 0.143508 0.113066 0.188617 0.166483 0.148196 0.241931 0.179028 0.154325 0.189073 0.146527 0.199835 0.291380 0.194386 0.332099 0.267989 0.324874 0.269667 0.171465 0.294098 0.336375 0.210814 0.314659 0.328619 0.124050 0.107982 0.128615 0.128450 0.273161 0.249501 0.266326 0.198041 0.245048 0.249625 0.217947 0.183620 0.172028 0.185298 0.463348 0.106179 0.377500 0.177334 0.180425 0.183520 0.510600 0.527861 0.165199 0.448256 0.183618 0.235576 0.325394 0.063777 0.139798 0.148304 0.139667 0.128054 0.158366 0.127207 0.143213 0.120581 0.159867 0.154925 0.156151 0.162667 0.145123 0.111721 0.108146 0.117208 0.086262 0.115335 0.099131 0.071466 0.115553 0.115867 0.077152 0.119010 0.132918 0.092720 0.120249 0.089588 0.104332 0.128994 0.130260 0.141067 0.087390 0.128038 0.118701 0.130582 0.206679 0.111104 0.226765 0.189209 0.152403 0.179115 0.159260 0.306605 0.188647 0.082462 0.106210 0.119458 0.150389 0.128655 0.248181 0.152196 0.149756 0.121160 0.117310 0.148344 0.104400 0.118167 0.148451 0.137703 0.119658 0.142584 0.117371 0.128681 0.232359 0.131994 0.235759 0.279666 0.260038 0.267558 0.271036 0.302931 0.268554 0.150318 0.182228 0.215842 0.195863 0.182571 0.201966 0.194126 0.205061 0.221745 0.174626 0.114990 0.138565 0.085472 0.160101 0.193817 0.185435 0.392389 0.199735 0.122107 0.151654 0.159556 0.161326 0.161179 0.154734 0.141201 0.154923 0.152424 0.175938 0.132620 0.148961 0.102967 0.148239 0.126337 0.141527 0.157285 0.142306 0.160718 0.162514 0.144192 0.158052 0.140018 0.127960 0.133111 0.147219 0.172158 0.153179 0.134010 0.148516 0.122291 0.142325 0.151861 0.156772 0.177949 0.213094 0.169888 0.208089 0.166779 0.115271 0.162045 0.224563 0.156504 0.097477 0.192234 0.106886 0.134773 0.133360 0.094037 0.133591 0.082227 0.141181 0.125023 
