241 241
0.000000 0.169999 0.156793 0.153091 0.251330 0.269968 0.247618 0.282902 0.239544 0.238215 0.239566 0.269476 0.265834 0.222882 0.268496 0.217296 0.239397 0.374768 0.207907 0.341467 0.398383 0.415873 0.423710 0.463362 0.449461 0.474983 0.411679 0.443577 0.404049 0.416146 0.405119 0.427562 0.409870 0.396479 0.380614 0.380795 0.438722 0.407136 0.460843 0.274477 0.322884 0.260831 0.270276 0.298019 0.256649 0.295445 0.267187 0.405465 0.304793 0.304221 0.383352 0.467798 0.395380 0.402856 0.420418 0.261332 0.407628 0.402999 0.287104 0.428568 0.408218 0.320077 0.372143 0.401528 0.187348 0.221817 0.220315 0.366039 0.369256 0.257270 0.338833 0.395333 0.198442 0.267695 0.199588 0.605846 0.268509 0.592141 0.322401 0.395029 0.339501 0.402197 0.514510 0.615229 0.489451 0.474580 0.278392 0.231389 0.237998 0.231334 0.309176 0.286439 0.263268 0.256125 0.300637 0.266318 0.288824 0.292041 0.308565 0.260541 0.317660 0.198528 0.216549 0.268795 0.200232 0.216781 0.192296 0.191005 0.141218 0.212003 0.197141 0.277385 0.280045 0.302698 0.265314 0.320933 0.266240 0.313297 0.272802 0.293169 0.324481 0.299673 0.300844 0.294880 0.290597 0.308872 0.260757 0.304262 0.334317 0.293164 0.270836 0.288769 0.310522 0.310458 0.290685 0.266074 0.282188 0.314570 0.296761 0.316715 0.211821 0.339268 0.224878 0.273745 0.269263 0.233327 0.257983 0.360940 0.261693 0.424391 0.326112 0.254473 0.348173 0.241435 0.246806 0.247845 0.388896 0.241002 0.230520 0.257179 0.296532 0.312746 0.219307 0.245042 0.320295 0.243976 0.397278 0.353247 0.403286 0.396524 0.394108 0.365845 0.419588 0.377862 0.244007 0.331360 0.277290 0.258822 0.296500 0.310621 0.265404 0.274930 0.203440 0.230118 0.148922 0.198585 0.200748 0.241118 0.207707 0.177599 0.251916 0.192913 0.200790 0.187753 0.174685 0.233026 0.173550 0.197827 0.267671 0.181576 0.165771 0.191338 0.238161 0.251461 0.231233 0.262861 0.271664 0.224643 0.187183 0.218187 0.231196 0.208084 0.239397 0.227737 0.227745 0.220352 0.273147 0.231340 0.347609 0.337738 0.253193 0.296390 0.241528 0.340629 0.207616 0.259406 0.241701 0.171491 0.177727 0.217790 0.292229 0.315419 0.297391 0.228751 0.251250 0.268737 0.229724 0.220783 0.206894 0.293549 0.338591 
0.169999 0.000000 0.177097 0.150043 0.271796 0.291307 0.231383 0.251379 0.191642 0.202119 0.203246 0.248946 0.229249 0.192767 0.240210 0.215932 0.237123 0.356631 0.198784 0.326823 0.379541 0.451868 0.441127 0.490750 0.415932 0.438778 0.397186 0.453633 0.377212 0.377925 0.388790 0.398622 0.414542 0.388307 0.355376 0.353481 0.415886 0.372668 0.461909 0.240399 0.254175 0.244998 0.294009 0.258113 0.210559 0.255339 0.170338 0.347594 0.304028 0.317949 0.382254 0.428296 0.401730 0.376070 0.446946 0.241743 0.413250 0.315698 0.273768 0.424853 0.432170 0.236498 0.388269 0.414766 0.202070 0.195733 0.219180 0.302442 0.327963 0.221404 0.284955 0.357594 0.254436 0.176344 0.211269 0.597582 0.242983 0.568788 0.330518 0.364979 0.331257 0.390954 0.497696 0.611092 0.449256 0.460085 0.243085 0.208507 0.255875 0.244837 0.253116 0.235542 0.238860 0.255153 0.252760 0.232351 0.233231 0.258642 0.274878 0.253495 0.249767 0.132647 0.155944 0.229880 0.146685 0.159752 0.154281 0.159094 0.136491 0.182512 0.166190 0.238462 0.254628 0.273983 0.250342 0.283258 0.241129 0.270635 0.222500 0.216281 0.262322 0.258765 0.289113 0.292840 0.251279 0.276545 0.215193 0.290680 0.312237 0.272912 0.227477 0.266182 0.264504 0.262019 0.253705 0.234395 0.235442 0.272275 0.284044 0.269984 0.231660 0.325079 0.192018 0.242637 0.277659 0.212884 0.239785 0.325157 0.255016 0.439906 0.322132 0.225590 0.387905 0.223147 0.247255 0.223935 0.392928 0.220975 0.195246 0.219527 0.283603 0.295788 0.197793 0.211282 0.294117 0.228277 0.315289 0.285018 0.330894 0.311117 0.325592 0.304739 0.311892 0.302857 0.220527 0.321636 0.211850 0.181074 0.266356 0.227235 0.196910 0.211666 0.140717 0.162820 0.183231 0.169231 0.148512 0.207985 0.225178 0.178592 0.176279 0.114760 0.143116 0.154632 0.189970 0.185911 0.147686 0.145122 0.234177 0.208878 0.117607 0.139214 0.171565 0.170813 0.195566 0.177091 0.209169 0.213753 0.185224 0.213942 0.220168 0.185658 0.160954 0.152203 0.186655 0.152277 0.213303 0.218159 0.337519 0.329693 0.205796 0.242997 0.208912 0.274328 0.183211 0.237740 0.197684 0.154164 0.163010 0.180395 0.266701 0.303572 0.266189 0.146012 0.216427 0.225058 0.201619 0.224150 0.202482 0.273715 0.314331 
0.156793 0.177097 0.000000 0.161624 0.269640 0.289937 0.212110 0.236823 0.168177 0.178331 0.174617 0.225934 0.204752 0.160146 0.272089 0.152747 0.172382 0.389002 0.227300 0.342795 0.404407 0.450435 0.460916 0.504925 0.453215 0.460408 0.405897 0.470276 0.385573 0.400131 0.412527 0.432867 0.443780 0.384648 0.365179 0.375450 0.430281 0.402795 0.477987 0.214109 0.280812 0.244489 0.296210 0.235383 0.223322 0.178826 0.269550 0.405909 0.327670 0.339134 0.401500 0.477462 0.408617 0.414825 0.435163 0.272211 0.424535 0.402024 0.270942 0.416676 0.447568 0.320689 0.359245 0.436858 0.133105 0.153850 0.165103 0.369465 0.360106 0.254771 0.320625 0.388809 0.252885 0.232788 0.204637 0.609119 0.228727 0.600826 0.308929 0.381019 0.331585 0.377450 0.512885 0.598907 0.457119 0.502905 0.245069 0.220945 0.290261 0.209455 0.294222 0.259138 0.275730 0.210248 0.263617 0.268385 0.287999 0.275299 0.298869 0.253309 0.283021 0.198790 0.175487 0.259583 0.183828 0.196039 0.139060 0.167282 0.103138 0.173122 0.164603 0.194256 0.195556 0.208303 0.201021 0.247696 0.202579 0.208317 0.185211 0.245816 0.255693 0.207232 0.207139 0.199240 0.229710 0.205309 0.190081 0.198503 0.223376 0.171917 0.213968 0.203523 0.227419 0.259157 0.211154 0.198681 0.229789 0.226230 0.183909 0.238365 0.225847 0.334069 0.148706 0.252598 0.279866 0.166466 0.279670 0.267354 0.196568 0.442698 0.299876 0.179437 0.383064 0.257428 0.212851 0.186248 0.397077 0.180239 0.164696 0.168007 0.229728 0.242668 0.194813 0.211793 0.187893 0.199063 0.402801 0.336593 0.387084 0.399659 0.377816 0.381465 0.414697 0.406790 0.236799 0.284813 0.275131 0.235771 0.265448 0.299265 0.225312 0.277697 0.136692 0.172532 0.175091 0.163811 0.193823 0.254273 0.231139 0.168223 0.229973 0.193850 0.212451 0.166454 0.165408 0.244672 0.144012 0.184645 0.161810 0.143213 0.149241 0.180042 0.222172 0.230914 0.198426 0.228988 0.232067 0.160537 0.132995 0.173324 0.188459 0.143838 0.145980 0.148531 0.128585 0.140552 0.195320 0.237232 0.324531 0.327029 0.230609 0.281815 0.208721 0.310495 0.151676 0.185325 0.264771 0.154811 0.171326 0.181289 0.275512 0.308633 0.266063 0.224461 0.182081 0.212748 0.198642 0.135101 0.194405 0.269566 0.329880 
0.153091 0.150043 0.161624 0.000000 0.195396 0.231222 0.205436 0.232967 0.199771 0.201185 0.228284 0.225765 0.203443 0.207257 0.253557 0.177647 0.230709 0.328863 0.178498 0.293968 0.359253 0.428872 0.419933 0.471154 0.399175 0.428486 0.374047 0.437977 0.361734 0.358531 0.376098 0.385826 0.398411 0.379679 0.332392 0.331213 0.393592 0.349710 0.438924 0.213674 0.251854 0.201154 0.256643 0.234941 0.201930 0.231871 0.227547 0.362705 0.294017 0.310435 0.344969 0.400394 0.370980 0.336189 0.400744 0.212055 0.359918 0.315251 0.244424 0.352498 0.385068 0.270832 0.377750 0.399514 0.155127 0.159484 0.155605 0.353699 0.346140 0.238727 0.288977 0.348535 0.216118 0.238994 0.150117 0.580151 0.265353 0.607422 0.327954 0.358677 0.341722 0.359337 0.526213 0.533217 0.450160 0.484153 0.239556 0.198874 0.230051 0.214462 0.242564 0.215343 0.205753 0.235314 0.238360 0.202614 0.215563 0.228650 0.244960 0.210465 0.241138 0.175931 0.182794 0.221169 0.177257 0.173386 0.143713 0.136770 0.124335 0.186121 0.169811 0.236980 0.235816 0.240226 0.248100 0.288089 0.241401 0.266930 0.226053 0.252772 0.262825 0.240087 0.286860 0.274648 0.247617 0.268447 0.212525 0.287009 0.309542 0.268750 0.224792 0.259033 0.282108 0.270656 0.250268 0.233459 0.231967 0.254436 0.265619 0.266908 0.235170 0.322813 0.207024 0.226895 0.214577 0.195105 0.231971 0.297921 0.199614 0.422563 0.314708 0.193799 0.317358 0.194318 0.229544 0.202233 0.376800 0.192985 0.179274 0.199716 0.278440 0.259544 0.167802 0.180043 0.291250 0.219869 0.372235 0.289920 0.345652 0.354388 0.349388 0.323802 0.364757 0.355614 0.218241 0.294556 0.239473 0.212832 0.255282 0.253866 0.219974 0.232969 0.172484 0.191300 0.217866 0.163114 0.237107 0.237620 0.234880 0.165556 0.253605 0.182479 0.178790 0.163159 0.183465 0.210167 0.146658 0.175920 0.229682 0.204151 0.132291 0.149419 0.191063 0.202693 0.196551 0.216509 0.252880 0.179604 0.173817 0.219515 0.233666 0.180872 0.174731 0.183791 0.170352 0.190728 0.218304 0.217406 0.299042 0.321687 0.223938 0.264652 0.217131 0.303167 0.194137 0.198676 0.234791 0.133700 0.160763 0.176984 0.254022 0.290422 0.261087 0.212171 0.193594 0.250584 0.215228 0.206037 0.209232 0.252837 0.290394 
0.251330 0.271796 0.269640 0.195396 0.000000 0.125645 0.327454 0.320018 0.335377 0.342086 0.343801 0.315099 0.321525 0.325457 0.277471 0.331295 0.329781 0.342008 0.272149 0.342307 0.348406 0.405848 0.400498 0.437874 0.376581 0.394243 0.360733 0.407427 0.337997 0.366741 0.356104 0.350223 0.376828 0.376637 0.343864 0.346070 0.380055 0.345631 0.411794 0.344208 0.333104 0.350718 0.349466 0.358955 0.325636 0.342169 0.276683 0.320102 0.306860 0.310580 0.252000 0.302512 0.256046 0.235761 0.281655 0.304951 0.240916 0.237058 0.240928 0.293775 0.280667 0.259861 0.288332 0.293496 0.296968 0.299157 0.323239 0.314664 0.265472 0.189928 0.265159 0.309855 0.146164 0.222078 0.202309 0.460078 0.323701 0.520266 0.251447 0.340591 0.261071 0.341183 0.429040 0.456947 0.414903 0.364777 0.317141 0.311229 0.339922 0.329978 0.302263 0.333270 0.312479 0.365842 0.316798 0.307171 0.336373 0.345717 0.367411 0.346757 0.348632 0.229191 0.253751 0.266500 0.212518 0.260195 0.239300 0.263481 0.271961 0.258507 0.246471 0.341093 0.348461 0.363851 0.354610 0.395690 0.344390 0.384267 0.334332 0.351897 0.355664 0.348045 0.397210 0.397981 0.334982 0.378552 0.325487 0.399117 0.416278 0.379483 0.343855 0.375824 0.386157 0.358091 0.356292 0.322912 0.354317 0.368563 0.388882 0.384289 0.356622 0.280241 0.312448 0.293581 0.210425 0.326500 0.268159 0.451473 0.324849 0.318453 0.425980 0.328235 0.309479 0.305857 0.300235 0.295166 0.300446 0.345924 0.293212 0.308771 0.384623 0.409229 0.308972 0.336168 0.418441 0.302999 0.331111 0.271956 0.312298 0.312502 0.314128 0.296072 0.315713 0.299700 0.260403 0.331534 0.262173 0.239294 0.282886 0.258905 0.265407 0.214122 0.285430 0.292351 0.257903 0.275392 0.280085 0.211569 0.236287 0.227885 0.266078 0.256613 0.259620 0.234087 0.223222 0.245198 0.260921 0.253148 0.357296 0.252432 0.214042 0.284026 0.273628 0.258991 0.276899 0.268463 0.313393 0.316417 0.330917 0.348785 0.322885 0.308991 0.309191 0.316479 0.311097 0.313148 0.301524 0.253982 0.275430 0.306013 0.317908 0.332233 0.327723 0.389597 0.318281 0.343712 0.302893 0.257568 0.275874 0.267273 0.286312 0.224285 0.287415 0.248450 0.299917 0.353201 0.314407 0.306777 0.293864 0.303277 0.300875 
0.269968 0.291307 0.289937 0.231222 0.125645 0.000000 0.343623 0.337415 0.338666 0.359860 0.332413 0.350695 0.369193 0.340998 0.295921 0.323193 0.346772 0.345661 0.313015 0.358798 0.388617 0.416890 0.429917 0.455825 0.418751 0.426190 0.390071 0.414587 0.358666 0.427172 0.352377 0.364980 0.415357 0.422645 0.396328 0.402775 0.416095 0.404384 0.438352 0.394543 0.376818 0.403248 0.406124 0.424141 0.396152 0.401524 0.335721 0.355970 0.342614 0.332307 0.274181 0.310455 0.304377 0.260454 0.330991 0.368185 0.280912 0.241771 0.280749 0.295401 0.322289 0.303914 0.317701 0.356020 0.323611 0.330149 0.335002 0.343309 0.308327 0.245023 0.292204 0.320326 0.199483 0.274432 0.261898 0.440885 0.318568 0.518049 0.255249 0.315274 0.291942 0.329056 0.434004 0.421992 0.396654 0.381950 0.323507 0.360132 0.366671 0.364266 0.370452 0.396213 0.372865 0.418903 0.366068 0.373709 0.402598 0.410684 0.431997 0.405870 0.419956 0.264780 0.282763 0.289946 0.236902 0.297960 0.277633 0.291929 0.286602 0.278304 0.260170 0.391357 0.386400 0.412752 0.396457 0.442705 0.402898 0.432461 0.378991 0.404529 0.400275 0.395397 0.444981 0.441377 0.381336 0.426649 0.383829 0.447981 0.463784 0.428609 0.396412 0.423643 0.420113 0.405828 0.403441 0.362870 0.416074 0.416583 0.431701 0.432127 0.382615 0.297911 0.322002 0.323947 0.219147 0.370671 0.293633 0.499856 0.365975 0.320911 0.454846 0.343583 0.368056 0.345471 0.321681 0.327043 0.321001 0.381899 0.311143 0.344033 0.398470 0.440020 0.350621 0.388227 0.445783 0.303509 0.349892 0.310109 0.339004 0.333178 0.339734 0.323678 0.346952 0.340633 0.272403 0.364722 0.307553 0.274072 0.313509 0.300277 0.303592 0.277992 0.301507 0.312046 0.295380 0.309404 0.273381 0.252782 0.244828 0.265163 0.292656 0.272823 0.271100 0.264087 0.241883 0.259071 0.288401 0.277643 0.366969 0.278856 0.251940 0.293513 0.271779 0.293381 0.301459 0.298794 0.339456 0.325725 0.345057 0.349376 0.323532 0.326080 0.334991 0.329182 0.347656 0.338285 0.313439 0.279716 0.292984 0.296193 0.305968 0.330615 0.338366 0.389539 0.320939 0.366548 0.316886 0.278814 0.284352 0.302194 0.301652 0.230101 0.309629 0.283164 0.355872 0.349268 0.306842 0.344283 0.317574 0.335311 0.327158 
0.247618 0.231383 0.212110 0.205436 0.327454 0.343623 0.000000 0.093329 0.149188 0.163493 0.166709 0.162241 0.124886 0.155463 0.190740 0.185772 0.116042 0.266127 0.138853 0.198676 0.272192 0.355586 0.343204 0.392993 0.332943 0.375289 0.308639 0.351035 0.298961 0.276335 0.280184 0.304843 0.332995 0.319899 0.272542 0.277180 0.338232 0.294973 0.380511 0.139447 0.198425 0.147269 0.189609 0.167195 0.190652 0.157897 0.213578 0.306424 0.210305 0.220988 0.393728 0.486625 0.364181 0.438396 0.449052 0.159416 0.451061 0.377242 0.221892 0.411144 0.449714 0.283899 0.367949 0.434865 0.169039 0.140289 0.174923 0.360454 0.370828 0.289507 0.324774 0.361650 0.313513 0.255083 0.233253 0.644434 0.171932 0.559846 0.279910 0.252730 0.352920 0.236056 0.462501 0.612871 0.361044 0.435500 0.116634 0.177961 0.211855 0.162120 0.198346 0.193814 0.176738 0.201391 0.168868 0.176556 0.198119 0.194825 0.223258 0.182866 0.213892 0.211265 0.171742 0.203687 0.190698 0.181443 0.147341 0.171178 0.164423 0.189691 0.154170 0.147532 0.165910 0.143207 0.157903 0.219179 0.184166 0.191181 0.151988 0.177220 0.184929 0.132713 0.199592 0.204587 0.166326 0.167997 0.150892 0.201347 0.191454 0.191670 0.160395 0.181678 0.198979 0.212892 0.156754 0.121813 0.176436 0.146377 0.166122 0.197898 0.185533 0.248382 0.159770 0.137509 0.290983 0.134998 0.235608 0.244395 0.191769 0.431354 0.282231 0.102841 0.353963 0.141787 0.202441 0.167548 0.321434 0.140079 0.162045 0.109516 0.228386 0.176296 0.154795 0.215296 0.234575 0.183646 0.425954 0.324442 0.395810 0.394148 0.372229 0.389175 0.413997 0.403888 0.211061 0.255522 0.281095 0.255323 0.270583 0.285914 0.229391 0.262033 0.181471 0.194182 0.254295 0.140110 0.256824 0.267111 0.204702 0.180593 0.242009 0.222938 0.188556 0.186648 0.216807 0.208330 0.177280 0.207212 0.164102 0.208840 0.176649 0.167380 0.223049 0.227594 0.195329 0.225426 0.268311 0.162925 0.196400 0.224115 0.228737 0.211108 0.214919 0.239055 0.213343 0.270476 0.242723 0.263234 0.239159 0.305241 0.226573 0.263259 0.191858 0.255313 0.250458 0.227898 0.199459 0.149081 0.155955 0.138228 0.182180 0.295382 0.202847 0.272991 0.132417 0.203202 0.223578 0.150391 0.203480 0.127519 0.159546 
0.282902 0.251379 0.236823 0.232967 0.320018 0.337415 0.093329 0.000000 0.154246 0.159705 0.161264 0.180551 0.142734 0.184857 0.181420 0.191336 0.110704 0.262986 0.133443 0.209999 0.285327 0.350367 0.345042 0.398794 0.328197 0.354630 0.317419 0.339370 0.276420 0.302376 0.287391 0.297940 0.333747 0.351600 0.280767 0.294067 0.351379 0.311584 0.388542 0.198295 0.194438 0.201682 0.187242 0.195605 0.192628 0.192878 0.212589 0.301291 0.201757 0.232151 0.405894 0.487754 0.377465 0.441425 0.467892 0.178791 0.471029 0.366179 0.250857 0.440791 0.461703 0.287356 0.384026 0.450221 0.235775 0.199920 0.221085 0.381887 0.366776 0.282483 0.335522 0.342714 0.321914 0.234177 0.245217 0.620743 0.138379 0.531142 0.291046 0.216253 0.344311 0.212502 0.417515 0.578711 0.293167 0.407331 0.069193 0.211325 0.233065 0.219542 0.195857 0.220526 0.191900 0.261039 0.185310 0.193376 0.211969 0.224267 0.238273 0.224835 0.227666 0.214813 0.170658 0.218170 0.179628 0.173288 0.165819 0.185714 0.213160 0.167806 0.161243 0.149261 0.162345 0.162689 0.163392 0.200275 0.169841 0.183757 0.133997 0.175411 0.158040 0.128587 0.209482 0.206619 0.147033 0.174354 0.149636 0.209881 0.198561 0.197748 0.166490 0.178045 0.189992 0.179679 0.170362 0.130785 0.194950 0.163995 0.168315 0.168816 0.208242 0.276496 0.172366 0.136619 0.311389 0.181860 0.251358 0.304492 0.226296 0.407792 0.264035 0.109207 0.375421 0.162411 0.230062 0.172929 0.309698 0.200114 0.165008 0.125625 0.206365 0.211400 0.189528 0.239676 0.246013 0.184797 0.414430 0.321650 0.387446 0.385928 0.379513 0.385043 0.410368 0.404682 0.173476 0.254804 0.291914 0.252883 0.262959 0.285993 0.249295 0.258999 0.185085 0.192352 0.244496 0.172256 0.243852 0.269879 0.190785 0.173284 0.216296 0.214561 0.199587 0.182204 0.226321 0.215740 0.202708 0.191777 0.187783 0.239485 0.176093 0.192624 0.221333 0.208742 0.179282 0.182826 0.226249 0.187662 0.225173 0.211534 0.225553 0.265514 0.226730 0.220209 0.239484 0.259665 0.218617 0.275168 0.211926 0.362453 0.203719 0.255546 0.234023 0.227764 0.238534 0.249677 0.210469 0.178396 0.199344 0.168567 0.215889 0.293609 0.184353 0.276133 0.168444 0.200276 0.222818 0.164160 0.221012 0.113299 0.159893 
0.239544 0.191642 0.168177 0.199771 0.335377 0.338666 0.149188 0.154246 0.000000 0.061628 0.067762 0.159659 0.134112 0.127981 0.180337 0.135820 0.149852 0.258180 0.190172 0.251652 0.351724 0.404553 0.404806 0.455956 0.390119 0.397380 0.380763 0.403802 0.345462 0.355392 0.336922 0.357267 0.382812 0.374263 0.311302 0.319502 0.375447 0.345731 0.417753 0.185896 0.212301 0.193695 0.229494 0.198951 0.159399 0.168917 0.204525 0.312918 0.212750 0.226409 0.435846 0.535366 0.413840 0.472137 0.494845 0.219865 0.492350 0.422266 0.274943 0.485226 0.491590 0.281851 0.394436 0.480190 0.177380 0.165080 0.168552 0.378878 0.393965 0.305643 0.357934 0.326998 0.334353 0.256509 0.279335 0.606581 0.136528 0.545460 0.282111 0.248964 0.339391 0.261557 0.475812 0.603451 0.358879 0.444587 0.147234 0.183134 0.221123 0.206029 0.229641 0.199147 0.221361 0.226369 0.216077 0.216555 0.216257 0.224604 0.231996 0.221325 0.210866 0.225158 0.206847 0.192561 0.208668 0.195671 0.174664 0.178804 0.144028 0.186618 0.197774 0.135773 0.148974 0.164614 0.171343 0.186700 0.161855 0.171969 0.126643 0.169087 0.180808 0.176764 0.201684 0.191380 0.163687 0.179550 0.135281 0.204982 0.218790 0.187565 0.159397 0.173609 0.179277 0.193854 0.172869 0.153548 0.183180 0.181236 0.161661 0.174238 0.168589 0.287420 0.146910 0.188928 0.314698 0.134216 0.256936 0.255524 0.226091 0.409449 0.235697 0.120084 0.392355 0.169930 0.203881 0.174320 0.334366 0.156922 0.129532 0.123150 0.215257 0.206709 0.156867 0.193334 0.200205 0.159795 0.405090 0.329532 0.391022 0.396223 0.391812 0.402080 0.412856 0.433690 0.227358 0.278037 0.264376 0.241398 0.250634 0.272773 0.245223 0.302490 0.155923 0.212026 0.234070 0.173596 0.212768 0.261943 0.229591 0.169178 0.188607 0.204800 0.211989 0.199201 0.199432 0.251125 0.192279 0.216705 0.131449 0.231141 0.168686 0.204684 0.203899 0.231407 0.211927 0.226229 0.213314 0.115383 0.131064 0.146535 0.170619 0.219711 0.133729 0.136007 0.174078 0.179053 0.220708 0.270369 0.252003 0.329578 0.196962 0.244571 0.202851 0.223123 0.192780 0.236323 0.203198 0.166234 0.183945 0.159902 0.216220 0.303748 0.193984 0.208942 0.173828 0.136394 0.189987 0.142036 0.187863 0.186965 0.214840 
0.238215 0.202119 0.178331 0.201185 0.342086 0.359860 0.163493 0.159705 0.061628 0.000000 0.101641 0.172812 0.133775 0.139360 0.172609 0.146341 0.163485 0.270363 0.181959 0.261740 0.340056 0.409177 0.400688 0.449266 0.387197 0.398644 0.374974 0.403946 0.343329 0.352481 0.341139 0.358963 0.376133 0.360091 0.286342 0.297133 0.344550 0.315075 0.389835 0.174977 0.204913 0.178055 0.195238 0.180891 0.140907 0.171389 0.201520 0.300534 0.213511 0.233012 0.427387 0.530992 0.404245 0.469361 0.477145 0.193784 0.477840 0.423522 0.289838 0.490865 0.488372 0.277111 0.395250 0.465159 0.187393 0.172353 0.165761 0.366113 0.381913 0.291189 0.348318 0.342413 0.325444 0.254755 0.272615 0.609718 0.158112 0.568483 0.295035 0.260573 0.341528 0.280827 0.488973 0.609118 0.378716 0.457284 0.152090 0.174352 0.225876 0.206057 0.231003 0.190535 0.220459 0.229095 0.217643 0.204703 0.205571 0.202361 0.210536 0.205480 0.198788 0.225677 0.211934 0.207554 0.212794 0.204658 0.186357 0.176429 0.161873 0.202937 0.213723 0.144375 0.153796 0.145920 0.169671 0.177582 0.144034 0.155681 0.140685 0.169339 0.170090 0.170841 0.201065 0.177385 0.174248 0.169521 0.129668 0.193851 0.211343 0.168318 0.140325 0.161063 0.171225 0.181889 0.166983 0.166463 0.158941 0.172759 0.149049 0.152406 0.170993 0.301461 0.146284 0.188332 0.316987 0.134811 0.261594 0.258748 0.229168 0.420972 0.221340 0.128604 0.387718 0.175492 0.216900 0.180842 0.346532 0.174567 0.141921 0.131435 0.219481 0.207744 0.160425 0.185880 0.206211 0.186576 0.404674 0.322156 0.390131 0.393892 0.387931 0.392995 0.414760 0.429446 0.230832 0.277568 0.255144 0.238955 0.248676 0.272538 0.238469 0.304607 0.166913 0.217290 0.242935 0.189597 0.231762 0.251291 0.234386 0.161231 0.191854 0.198999 0.222227 0.199914 0.197906 0.249719 0.178282 0.213842 0.156681 0.236989 0.169794 0.203806 0.212085 0.223974 0.213001 0.225937 0.220251 0.146597 0.143551 0.146334 0.185804 0.226716 0.152445 0.131899 0.165239 0.186661 0.229520 0.281263 0.275317 0.352550 0.220243 0.257334 0.217046 0.239075 0.199949 0.227723 0.211433 0.194915 0.210275 0.169186 0.237786 0.316443 0.220987 0.218206 0.187310 0.159289 0.202668 0.162584 0.225589 0.199837 0.241493 
0.239566 0.203246 0.174617 0.228284 0.343801 0.332413 0.166709 0.161264 0.067762 0.101641 0.000000 0.175864 0.144826 0.139422 0.195786 0.148114 0.143112 0.288607 0.195772 0.241251 0.352492 0.404373 0.398443 0.454023 0.395454 0.404160 0.378641 0.392672 0.346770 0.365550 0.324298 0.337993 0.383648 0.384809 0.333142 0.343225 0.395491 0.364112 0.433133 0.208968 0.221760 0.215330 0.237982 0.212204 0.174906 0.183836 0.217442 0.338954 0.242994 0.250782 0.459379 0.548280 0.437422 0.496438 0.524980 0.230772 0.523265 0.416709 0.295564 0.510582 0.516312 0.300947 0.440175 0.513362 0.189661 0.201416 0.193830 0.412379 0.427273 0.334632 0.392144 0.357347 0.350605 0.269326 0.298639 0.641543 0.146729 0.567200 0.289661 0.266097 0.377247 0.279042 0.492784 0.616671 0.361967 0.463396 0.133258 0.202227 0.204829 0.225390 0.243084 0.217881 0.220996 0.237609 0.212386 0.221957 0.230811 0.239537 0.250621 0.242796 0.233169 0.217881 0.227329 0.232204 0.227990 0.214622 0.180398 0.181211 0.166317 0.190125 0.200767 0.149408 0.158819 0.187594 0.168003 0.192360 0.165680 0.189194 0.145242 0.171872 0.196244 0.190300 0.202823 0.196345 0.184496 0.197768 0.157515 0.207135 0.220914 0.182206 0.178269 0.179689 0.180399 0.213131 0.195995 0.178392 0.203085 0.207164 0.168314 0.190460 0.166916 0.307173 0.161763 0.204213 0.330962 0.145437 0.278095 0.273675 0.251916 0.431727 0.237170 0.133772 0.426413 0.178327 0.210504 0.202017 0.352369 0.174082 0.156897 0.129723 0.242774 0.229914 0.158128 0.207297 0.192402 0.188037 0.435844 0.361934 0.418426 0.430701 0.424562 0.433717 0.440581 0.453042 0.241303 0.323285 0.300311 0.273897 0.293883 0.307250 0.283478 0.322940 0.175945 0.233890 0.232666 0.192299 0.211877 0.306487 0.223796 0.192452 0.219998 0.238352 0.241205 0.225856 0.242327 0.279481 0.220536 0.227140 0.145679 0.256310 0.184707 0.239028 0.218750 0.266101 0.244869 0.246739 0.221103 0.157076 0.124528 0.166735 0.201746 0.260169 0.153042 0.144219 0.197942 0.177206 0.249149 0.310377 0.273840 0.366922 0.248153 0.304601 0.262912 0.278966 0.184682 0.263907 0.206030 0.192923 0.197832 0.188443 0.235154 0.347675 0.235142 0.237786 0.198567 0.157893 0.238240 0.160596 0.197468 0.180171 0.233161 
0.269476 0.248946 0.225934 0.225765 0.315099 0.350695 0.162241 0.180551 0.159659 0.172812 0.175864 0.000000 0.153630 0.154103 0.189688 0.225948 0.189192 0.280552 0.210818 0.220295 0.291321 0.365317 0.355776 0.418948 0.341881 0.388969 0.316205 0.370727 0.312051 0.290623 0.290013 0.305572 0.342488 0.356192 0.307853 0.311029 0.377429 0.308805 0.407412 0.193051 0.251391 0.197119 0.226525 0.143893 0.202839 0.168935 0.213432 0.323122 0.234475 0.238073 0.411032 0.498961 0.375910 0.456420 0.478948 0.235190 0.457096 0.400934 0.236502 0.462290 0.436338 0.265520 0.376022 0.433658 0.221373 0.184177 0.185603 0.368137 0.389179 0.293618 0.322171 0.339499 0.328430 0.272066 0.218068 0.672603 0.196461 0.579166 0.326287 0.283619 0.381670 0.285537 0.470314 0.643687 0.371442 0.455092 0.188183 0.187825 0.196431 0.174123 0.206577 0.198450 0.193350 0.229089 0.161239 0.190272 0.245300 0.191187 0.221607 0.222897 0.203947 0.251107 0.202611 0.212950 0.205392 0.176263 0.145555 0.166755 0.191539 0.222590 0.198037 0.210247 0.196361 0.190110 0.219696 0.294850 0.227478 0.237676 0.199085 0.241528 0.258286 0.194707 0.264699 0.256668 0.247638 0.242707 0.195437 0.260557 0.240706 0.237330 0.220413 0.245343 0.267421 0.271708 0.237681 0.206074 0.226941 0.227943 0.239156 0.259775 0.207669 0.218392 0.139254 0.138980 0.265084 0.163699 0.221748 0.207827 0.164609 0.423360 0.241240 0.158712 0.299357 0.136865 0.205252 0.148003 0.276072 0.138657 0.153016 0.150642 0.229865 0.183109 0.121278 0.172181 0.264753 0.214849 0.419502 0.304376 0.354695 0.402399 0.362047 0.374022 0.408201 0.401050 0.223993 0.291114 0.264581 0.255689 0.241965 0.270240 0.226067 0.275211 0.196573 0.215284 0.282519 0.173120 0.271479 0.285010 0.262160 0.176706 0.256290 0.268216 0.197384 0.186413 0.239854 0.255537 0.207384 0.210759 0.183247 0.248248 0.183766 0.228759 0.245315 0.260949 0.220823 0.234231 0.279157 0.163168 0.197213 0.223877 0.235582 0.211965 0.194663 0.206215 0.186363 0.258494 0.245428 0.317883 0.219211 0.321690 0.217217 0.253106 0.183182 0.259247 0.225490 0.210164 0.203368 0.165198 0.171168 0.153338 0.179781 0.309734 0.196749 0.275835 0.209130 0.212106 0.222641 0.196221 0.250946 0.136935 0.182144 
0.265834 0.229249 0.204752 0.203443 0.321525 0.369193 0.124886 0.142734 0.134112 0.133775 0.144826 0.153630 0.000000 0.159156 0.213689 0.196892 0.165622 0.306056 0.166242 0.242592 0.302143 0.377332 0.365563 0.425368 0.343221 0.367710 0.336436 0.377527 0.321307 0.305734 0.325363 0.331382 0.338433 0.356801 0.289711 0.294684 0.352633 0.306006 0.392706 0.120794 0.199762 0.136306 0.176708 0.101021 0.098611 0.112798 0.204000 0.327564 0.238611 0.270870 0.418021 0.495162 0.396175 0.452021 0.490392 0.173313 0.481901 0.410885 0.281289 0.462404 0.474253 0.305735 0.408638 0.460466 0.184820 0.141762 0.134638 0.397427 0.394821 0.300099 0.353394 0.386067 0.325607 0.271634 0.233310 0.668197 0.201145 0.615165 0.338393 0.310596 0.385045 0.292099 0.511577 0.619221 0.414015 0.495673 0.140804 0.160309 0.177552 0.161365 0.181246 0.139198 0.164693 0.187372 0.175605 0.143040 0.155131 0.157715 0.165888 0.157961 0.155808 0.217044 0.205492 0.259091 0.209041 0.189093 0.133913 0.149054 0.165118 0.216425 0.186895 0.141645 0.133591 0.122692 0.171265 0.204573 0.137548 0.167769 0.135532 0.166241 0.182385 0.150500 0.200911 0.182352 0.173114 0.178508 0.132290 0.199669 0.191735 0.167599 0.157384 0.173533 0.180275 0.204838 0.182039 0.167311 0.181863 0.164694 0.164760 0.183746 0.137915 0.295372 0.142134 0.183447 0.313020 0.076684 0.246062 0.165139 0.167716 0.481531 0.182450 0.117441 0.362284 0.151616 0.198536 0.139582 0.343625 0.101842 0.135386 0.083264 0.243489 0.136256 0.094936 0.132212 0.198176 0.201157 0.423026 0.338230 0.401617 0.399740 0.398087 0.397471 0.419164 0.398131 0.243592 0.293201 0.289505 0.263562 0.286303 0.295753 0.264129 0.270191 0.191722 0.203489 0.246104 0.191881 0.259714 0.293708 0.256526 0.195701 0.270271 0.257140 0.204472 0.206744 0.248250 0.258813 0.210482 0.213423 0.184368 0.254955 0.177716 0.213364 0.252112 0.251101 0.224560 0.228221 0.277940 0.201184 0.142802 0.230687 0.251398 0.213782 0.160902 0.186819 0.160004 0.205281 0.220276 0.287504 0.279041 0.363257 0.254503 0.294009 0.233697 0.273267 0.204510 0.200530 0.218670 0.178408 0.188130 0.167066 0.227781 0.341416 0.236292 0.273729 0.174271 0.214470 0.241842 0.194806 0.245868 0.153132 0.204482 
0.222882 0.192767 0.160146 0.207257 0.325457 0.340998 0.155463 0.184857 0.127981 0.139360 0.139422 0.154103 0.159156 0.000000 0.158621 0.134507 0.156418 0.259529 0.187897 0.240449 0.352802 0.410971 0.414275 0.460086 0.402316 0.431409 0.364175 0.418664 0.352894 0.350185 0.345590 0.370108 0.399660 0.345617 0.330495 0.334753 0.393425 0.354644 0.438276 0.190463 0.264411 0.204917 0.232708 0.206391 0.195090 0.170089 0.185350 0.322564 0.268893 0.252328 0.388342 0.509286 0.374470 0.441126 0.461524 0.254387 0.439247 0.400674 0.269754 0.438795 0.468732 0.275555 0.376652 0.449183 0.156019 0.154205 0.177071 0.326965 0.354182 0.265744 0.308955 0.376904 0.316497 0.248578 0.269331 0.575374 0.128693 0.531096 0.245640 0.280312 0.295787 0.295184 0.453921 0.602780 0.397698 0.424309 0.192116 0.185292 0.235296 0.192081 0.247457 0.229388 0.234020 0.200638 0.206831 0.234820 0.254830 0.245342 0.272420 0.236757 0.252568 0.241823 0.182243 0.229722 0.201042 0.210114 0.154369 0.201987 0.142363 0.199705 0.188957 0.201277 0.205760 0.198939 0.197301 0.240587 0.189787 0.205233 0.181871 0.228303 0.250094 0.217685 0.217825 0.201638 0.225541 0.213213 0.182172 0.222029 0.239019 0.202542 0.193585 0.196429 0.242009 0.251341 0.214768 0.189945 0.217337 0.224885 0.179364 0.230647 0.192526 0.238394 0.099992 0.143177 0.255928 0.142899 0.222639 0.260933 0.175168 0.387410 0.284596 0.146575 0.341988 0.166173 0.148805 0.138834 0.295163 0.151801 0.090726 0.156577 0.191533 0.185763 0.160472 0.212545 0.214921 0.178517 0.379509 0.301680 0.374129 0.375788 0.342884 0.363440 0.383844 0.396690 0.195483 0.255255 0.238963 0.220813 0.243235 0.254535 0.200175 0.283289 0.132314 0.179052 0.206639 0.144689 0.211602 0.257824 0.233942 0.157626 0.221251 0.217185 0.206296 0.194320 0.196065 0.235474 0.183441 0.221093 0.166272 0.206042 0.176771 0.194797 0.197097 0.206468 0.194169 0.214546 0.208674 0.148293 0.160669 0.150690 0.156415 0.160477 0.164362 0.167731 0.170784 0.166909 0.168464 0.222501 0.254618 0.283478 0.214086 0.239012 0.152606 0.237976 0.178898 0.176753 0.223556 0.188497 0.157763 0.126340 0.211513 0.278254 0.227636 0.215852 0.197252 0.169303 0.194344 0.165254 0.236744 0.190407 0.230348 
0.268496 0.240210 0.272089 0.253557 0.277471 0.295921 0.190740 0.181420 0.180337 0.172609 0.195786 0.189688 0.213689 0.158621 0.000000 0.222721 0.181862 0.217128 0.164208 0.214912 0.300196 0.354974 0.354262 0.406166 0.344591 0.363244 0.307933 0.343947 0.297040 0.321133 0.274823 0.278898 0.337829 0.321350 0.288319 0.294606 0.340698 0.293104 0.369394 0.247247 0.260141 0.252008 0.226490 0.261033 0.232249 0.237344 0.143485 0.217716 0.192623 0.157889 0.311166 0.435601 0.301738 0.368408 0.364091 0.230236 0.365569 0.323897 0.206817 0.388904 0.375438 0.176734 0.301804 0.353505 0.240495 0.238813 0.251387 0.259600 0.278663 0.196654 0.228249 0.265455 0.253211 0.210836 0.249951 0.540043 0.114622 0.448073 0.202687 0.185035 0.292480 0.233882 0.361765 0.595622 0.287960 0.347487 0.167084 0.219305 0.242103 0.242410 0.236689 0.259020 0.236857 0.277863 0.219401 0.230230 0.262152 0.257670 0.284548 0.263772 0.268625 0.204457 0.175518 0.183235 0.176305 0.201257 0.203028 0.223483 0.221128 0.183313 0.196934 0.218906 0.255367 0.243197 0.238336 0.276940 0.236138 0.252736 0.212264 0.233045 0.246289 0.237714 0.273643 0.276319 0.219881 0.246984 0.201679 0.282834 0.281674 0.262876 0.225035 0.250382 0.259260 0.246885 0.237440 0.186500 0.238925 0.255063 0.247003 0.243272 0.247847 0.189287 0.174986 0.145563 0.231256 0.209660 0.199187 0.361983 0.263703 0.320740 0.336133 0.214400 0.303953 0.190247 0.209551 0.217083 0.259360 0.248395 0.186720 0.209836 0.247766 0.272008 0.226862 0.291498 0.322815 0.221730 0.302477 0.226755 0.287526 0.292943 0.282813 0.282996 0.317611 0.336613 0.170325 0.227590 0.176217 0.180825 0.184004 0.190319 0.183246 0.219375 0.184187 0.230645 0.240938 0.192912 0.226553 0.185420 0.170879 0.163876 0.182274 0.198620 0.188871 0.178736 0.170807 0.194914 0.209232 0.222155 0.224276 0.208623 0.178472 0.213179 0.170739 0.168595 0.158724 0.187881 0.178636 0.212405 0.242484 0.192551 0.175174 0.244408 0.234635 0.223265 0.258664 0.267616 0.228164 0.244224 0.185557 0.244493 0.195455 0.207164 0.195362 0.229260 0.272616 0.278264 0.171935 0.202881 0.193709 0.142837 0.161595 0.209317 0.174251 0.210784 0.216948 0.211131 0.196849 0.197004 0.220656 0.151970 0.149123 
0.217296 0.215932 0.152747 0.177647 0.331295 0.323193 0.185772 0.191336 0.135820 0.146341 0.148114 0.225948 0.196892 0.134507 0.222721 0.000000 0.144942 0.289894 0.180029 0.283583 0.397562 0.446515 0.448447 0.495671 0.449156 0.455271 0.408165 0.452071 0.381559 0.407760 0.380164 0.403547 0.433017 0.399677 0.358233 0.369795 0.420710 0.392131 0.462539 0.224332 0.276872 0.242028 0.271775 0.252141 0.221968 0.202835 0.241800 0.375378 0.278168 0.287132 0.423099 0.532911 0.438696 0.462512 0.485648 0.266789 0.472340 0.429899 0.302601 0.453292 0.497362 0.318724 0.408749 0.485667 0.146822 0.150927 0.143191 0.394785 0.410132 0.293892 0.365020 0.391405 0.320502 0.291199 0.280206 0.554935 0.172847 0.548866 0.260390 0.308445 0.296913 0.328472 0.490683 0.572750 0.405191 0.449794 0.203105 0.220293 0.271749 0.237566 0.291460 0.265347 0.268889 0.219348 0.272818 0.259841 0.282876 0.275590 0.300623 0.266139 0.288954 0.262999 0.220815 0.268950 0.246512 0.241217 0.183450 0.208885 0.149625 0.217201 0.208381 0.199569 0.211455 0.213667 0.184856 0.243779 0.204962 0.232781 0.197343 0.250208 0.270159 0.243948 0.230239 0.190670 0.228232 0.237161 0.197103 0.220227 0.256372 0.207545 0.214411 0.211355 0.245444 0.262058 0.221213 0.208537 0.236200 0.241678 0.192775 0.245468 0.213647 0.329026 0.166071 0.216166 0.299017 0.169087 0.276501 0.304438 0.216355 0.423990 0.306163 0.171691 0.393832 0.234768 0.181167 0.176495 0.347571 0.201169 0.155398 0.172179 0.221029 0.215954 0.197404 0.245422 0.185689 0.158776 0.415183 0.349993 0.417932 0.414005 0.402375 0.397248 0.439701 0.452241 0.222640 0.259676 0.300927 0.278506 0.293155 0.315085 0.272734 0.330156 0.184124 0.218907 0.210181 0.180820 0.237603 0.294635 0.235264 0.192847 0.256181 0.208139 0.243688 0.225972 0.206634 0.258974 0.189701 0.240356 0.174365 0.204910 0.211811 0.190733 0.226678 0.241930 0.222967 0.241671 0.227862 0.178703 0.154420 0.142731 0.173092 0.220216 0.183125 0.185551 0.189523 0.170550 0.195195 0.227360 0.298203 0.326766 0.223156 0.259956 0.215211 0.264058 0.174829 0.209515 0.263933 0.189454 0.198233 0.200376 0.268397 0.297673 0.238787 0.244383 0.209826 0.197249 0.185932 0.181354 0.207240 0.238467 0.291951 
0.239397 0.237123 0.172382 0.230709 0.329781 0.346772 0.116042 0.110704 0.149852 0.163485 0.143112 0.189192 0.165622 0.156418 0.181862 0.144942 0.000000 0.310441 0.116650 0.243826 0.311584 0.347618 0.366222 0.418255 0.348604 0.358711 0.304826 0.386092 0.289584 0.307770 0.321393 0.341279 0.347605 0.352014 0.320482 0.335592 0.390045 0.348831 0.430294 0.205157 0.242004 0.225798 0.196825 0.224426 0.213062 0.173924 0.220096 0.347955 0.242981 0.253855 0.413967 0.490658 0.387893 0.468558 0.478643 0.198320 0.479465 0.398937 0.253027 0.424530 0.493565 0.312857 0.390804 0.476461 0.172669 0.176992 0.201443 0.375347 0.374635 0.281854 0.347515 0.360422 0.326690 0.262270 0.276984 0.618942 0.142441 0.522873 0.262561 0.253999 0.347171 0.227843 0.457859 0.610595 0.341109 0.450522 0.103750 0.199150 0.241723 0.210710 0.210882 0.245357 0.204261 0.213792 0.198117 0.197162 0.252026 0.244694 0.278239 0.238537 0.262195 0.222744 0.160523 0.248978 0.203794 0.200833 0.164821 0.186152 0.168659 0.131972 0.146059 0.127846 0.146414 0.160700 0.107658 0.194209 0.169547 0.166509 0.116111 0.175995 0.192293 0.141504 0.167070 0.163101 0.145655 0.144709 0.132277 0.166091 0.156762 0.151583 0.178570 0.163127 0.189970 0.196591 0.160819 0.119875 0.183289 0.175219 0.121103 0.171464 0.203902 0.298927 0.154400 0.167465 0.328793 0.160556 0.280730 0.297477 0.242075 0.420726 0.303854 0.125896 0.403998 0.192119 0.210749 0.191797 0.356064 0.190835 0.171325 0.139418 0.213194 0.216000 0.186906 0.258566 0.198952 0.178915 0.412762 0.333397 0.407194 0.404757 0.375648 0.390785 0.428542 0.392710 0.219046 0.258018 0.302124 0.272968 0.281256 0.315146 0.258188 0.264381 0.152272 0.195281 0.207055 0.124949 0.223267 0.282569 0.188316 0.169425 0.221251 0.225271 0.228859 0.205348 0.209548 0.252635 0.188718 0.224245 0.153386 0.205347 0.191179 0.203551 0.224168 0.217814 0.186823 0.206527 0.212648 0.176954 0.183232 0.173648 0.191231 0.254783 0.227739 0.212443 0.226543 0.230736 0.245725 0.289349 0.259941 0.340606 0.241155 0.289065 0.234316 0.276061 0.221467 0.258756 0.230276 0.170416 0.169476 0.161162 0.234485 0.313245 0.226141 0.261113 0.151088 0.204386 0.230524 0.118190 0.176653 0.131938 0.216472 
0.374768 0.356631 0.389002 0.328863 0.342008 0.345661 0.266127 0.262986 0.258180 0.270363 0.288607 0.280552 0.306056 0.259529 0.217128 0.289894 0.310441 0.000000 0.288064 0.182819 0.354608 0.408504 0.413030 0.448792 0.387365 0.439858 0.373467 0.394677 0.360938 0.371566 0.306836 0.322607 0.399731 0.377985 0.358406 0.346174 0.389434 0.363395 0.410475 0.320560 0.346317 0.331607 0.346314 0.361841 0.342025 0.351482 0.291870 0.310429 0.237205 0.184980 0.403195 0.531656 0.387796 0.452053 0.457990 0.316068 0.457907 0.409019 0.260888 0.459490 0.456276 0.285862 0.382862 0.437408 0.356203 0.322858 0.350425 0.371619 0.389719 0.323328 0.343086 0.293103 0.369050 0.341898 0.376889 0.592483 0.219940 0.421132 0.282142 0.178483 0.339533 0.220862 0.417534 0.599534 0.256874 0.378134 0.275268 0.307130 0.324496 0.324104 0.321046 0.342848 0.312326 0.362389 0.306988 0.321936 0.349526 0.352431 0.371597 0.331175 0.366828 0.345191 0.328693 0.255249 0.314144 0.341329 0.318703 0.340538 0.323142 0.330792 0.310735 0.354460 0.351289 0.359075 0.358297 0.391865 0.360414 0.385203 0.347082 0.363656 0.370900 0.359338 0.393998 0.391707 0.344938 0.381556 0.335409 0.406690 0.416721 0.388614 0.344809 0.373441 0.402329 0.371055 0.355590 0.320798 0.362171 0.370564 0.371384 0.377942 0.342403 0.230187 0.320778 0.249896 0.303580 0.309130 0.310085 0.431862 0.342771 0.356165 0.432783 0.296867 0.392754 0.274077 0.313701 0.320604 0.270979 0.323620 0.277498 0.315922 0.354478 0.326728 0.308345 0.368226 0.396708 0.300545 0.407460 0.328335 0.388989 0.395826 0.386099 0.383765 0.402536 0.416181 0.266790 0.320124 0.302893 0.316249 0.271835 0.304158 0.320749 0.342571 0.328292 0.355739 0.388995 0.308969 0.361456 0.271114 0.300553 0.290401 0.304179 0.323269 0.313800 0.325535 0.296487 0.283478 0.328459 0.361458 0.297166 0.347278 0.320986 0.301177 0.303537 0.316476 0.312789 0.326477 0.311387 0.242862 0.338780 0.286979 0.285324 0.348287 0.340620 0.335169 0.359039 0.381698 0.316593 0.319414 0.199188 0.228087 0.274444 0.255850 0.264646 0.285942 0.384239 0.358099 0.299552 0.302050 0.303784 0.267178 0.201748 0.235073 0.223244 0.319512 0.341682 0.261397 0.279929 0.343337 0.347764 0.251422 0.214562 
