239 239
0.000000 0.160263 0.140641 0.218975 0.242618 0.233186 0.267119 0.226773 0.225942 0.227341 0.203028 0.255410 0.250379 0.317033 0.315832 0.367990 0.383405 0.390125 0.418006 0.425916 0.424772 0.414912 0.438244 0.380425 0.409854 0.373292 0.374933 0.368142 0.377731 0.438684 0.367719 0.354436 0.353759 0.422532 0.376811 0.425457 0.242464 0.258307 0.303345 0.244054 0.253248 0.275759 0.241084 0.277922 0.225679 0.250402 0.284410 0.275785 0.429558 0.363947 0.369773 0.415698 0.244738 0.328138 0.372216 0.371133 0.374365 0.343130 0.383398 0.369240 0.176520 0.196337 0.209763 0.207156 0.341926 0.309885 0.347006 0.363325 0.191196 0.279292 0.250208 0.172175 0.185214 0.558284 0.543022 0.302171 0.366097 0.330958 0.315166 0.372204 0.430054 0.287885 0.475847 0.679368 0.563562 0.350414 0.451109 0.435700 0.221970 0.216552 0.290406 0.269168 0.245852 0.282108 0.249666 0.271541 0.254382 0.273590 0.289984 0.245446 0.298775 0.223660 0.185866 0.249492 0.187212 0.180432 0.177996 0.184888 0.131748 0.196544 0.260725 0.263914 0.249056 0.303526 0.250881 0.285228 0.295291 0.296673 0.276100 0.305924 0.284970 0.277567 0.272050 0.287308 0.277623 0.254520 0.293760 0.292505 0.273471 0.250269 0.265221 0.295863 0.280415 0.299849 0.314307 0.212110 0.256545 0.250804 0.219599 0.242390 0.290471 0.341016 0.391166 0.309317 0.240130 0.255751 0.322765 0.226295 0.232477 0.362441 0.305238 0.269163 0.219045 0.184866 0.241764 0.181735 0.235718 0.298644 0.179967 0.256132 0.205112 0.230038 0.304277 0.231411 0.324973 0.370441 0.357112 0.361013 0.334288 0.384542 0.230495 0.314171 0.254638 0.287409 0.262809 0.251156 0.239869 0.286006 0.253156 0.190242 0.215595 0.187384 0.223415 0.192484 0.166700 0.210905 0.190291 0.181126 0.186848 0.175891 0.190420 0.217042 0.163497 0.186282 0.253786 0.171996 0.155650 0.166371 0.154957 0.179531 0.219698 0.316103 0.252828 0.234053 0.210692 0.175413 0.205827 0.183394 0.169150 0.192911 0.151235 0.225438 0.216085 0.214607 0.208483 0.323499 0.311836 0.197420 0.246588 0.226488 0.159852 0.165893 0.203600 0.270725 0.292637 0.278424 0.206245 0.212853 0.184270 0.235081 0.254667 0.214446 0.272168 0.278700 0.177224 0.160134 0.273817 0.314625 0.287849 
0.160263 0.000000 0.139781 0.193984 0.231052 0.219117 0.237932 0.181477 0.192814 0.191151 0.180413 0.210183 0.216397 0.304332 0.290087 0.350549 0.418561 0.407545 0.415131 0.406033 0.451832 0.382829 0.402959 0.366753 0.377339 0.348001 0.359352 0.409178 0.382430 0.408816 0.359252 0.330738 0.328045 0.422831 0.343947 0.427080 0.209661 0.226086 0.237212 0.230699 0.278326 0.283707 0.197676 0.240065 0.252400 0.158913 0.283155 0.236453 0.392050 0.368705 0.342239 0.407419 0.227078 0.357940 0.376637 0.289191 0.394823 0.357327 0.356277 0.379082 0.192107 0.203018 0.185924 0.208217 0.316031 0.262024 0.275179 0.326522 0.224846 0.194363 0.163149 0.178451 0.194320 0.551515 0.521910 0.310006 0.338623 0.270972 0.308704 0.362169 0.382409 0.262197 0.460566 0.659923 0.557061 0.333161 0.411934 0.422232 0.240910 0.230665 0.236379 0.220643 0.224061 0.236932 0.217740 0.218587 0.208305 0.242543 0.258806 0.240486 0.233664 0.225473 0.122756 0.212747 0.137410 0.144318 0.148528 0.149589 0.128932 0.170145 0.223987 0.240305 0.235034 0.266362 0.226119 0.226154 0.253222 0.256222 0.200907 0.245662 0.273452 0.276941 0.235000 0.274190 0.257711 0.213496 0.249217 0.245642 0.238343 0.220711 0.221044 0.255956 0.269292 0.255356 0.302326 0.183525 0.228731 0.259021 0.201699 0.225699 0.258178 0.307590 0.405252 0.306617 0.214478 0.225018 0.360785 0.210313 0.232435 0.365785 0.266945 0.295115 0.186900 0.134910 0.207061 0.178723 0.233364 0.284147 0.160722 0.229062 0.185542 0.198727 0.278753 0.216240 0.261465 0.301929 0.300285 0.299640 0.279911 0.284650 0.208746 0.306144 0.194250 0.214870 0.215351 0.188982 0.167469 0.208526 0.193328 0.133863 0.155804 0.140743 0.192378 0.209645 0.168751 0.191992 0.184218 0.108129 0.135175 0.145095 0.184302 0.174754 0.139337 0.136341 0.222187 0.196555 0.109525 0.158850 0.150660 0.132552 0.160572 0.269428 0.193701 0.233407 0.201684 0.173479 0.202501 0.214220 0.126118 0.178859 0.160218 0.150000 0.142829 0.176874 0.143138 0.313736 0.306028 0.174842 0.228223 0.182472 0.143360 0.152170 0.168726 0.246460 0.282333 0.247148 0.191246 0.136245 0.172587 0.202027 0.212815 0.189833 0.278890 0.298616 0.144965 0.143030 0.255735 0.291587 0.255564 
0.140641 0.139781 0.000000 0.216964 0.217872 0.192283 0.218929 0.187965 0.189758 0.214721 0.181851 0.198332 0.191550 0.270858 0.272596 0.331178 0.396844 0.387126 0.393488 0.388126 0.433232 0.367193 0.394014 0.344906 0.361729 0.333068 0.346884 0.407370 0.367423 0.390009 0.350521 0.309158 0.307165 0.401728 0.322390 0.405499 0.188132 0.201095 0.236222 0.188367 0.241197 0.255812 0.188928 0.218408 0.253172 0.211544 0.273943 0.224580 0.365738 0.338601 0.306976 0.415185 0.198752 0.311573 0.326542 0.289567 0.350332 0.344835 0.376749 0.363557 0.145216 0.169220 0.151258 0.147430 0.325481 0.262500 0.298635 0.318199 0.182058 0.226533 0.221134 0.120041 0.137788 0.532805 0.552998 0.303870 0.330176 0.326259 0.314211 0.330448 0.408446 0.273575 0.482835 0.680977 0.486852 0.346114 0.413156 0.440542 0.215086 0.201459 0.227121 0.202046 0.192094 0.223115 0.189422 0.202605 0.186690 0.214182 0.230642 0.199502 0.226645 0.206970 0.162988 0.203033 0.163429 0.133802 0.126668 0.147421 0.113905 0.170496 0.222153 0.222897 0.231965 0.271071 0.226609 0.223717 0.249148 0.252489 0.237015 0.247525 0.270917 0.257570 0.230453 0.270179 0.253474 0.210624 0.266734 0.253824 0.234783 0.218014 0.217424 0.239303 0.249682 0.252183 0.296120 0.194080 0.211281 0.198179 0.183196 0.215476 0.234339 0.281842 0.386648 0.299688 0.182806 0.204106 0.292650 0.180689 0.214281 0.348289 0.250697 0.291404 0.169568 0.160988 0.187480 0.160335 0.234549 0.247853 0.143611 0.200802 0.156596 0.169063 0.275663 0.206882 0.264678 0.316089 0.315744 0.318604 0.294636 0.331641 0.204026 0.278320 0.217210 0.257629 0.226918 0.200035 0.195382 0.231742 0.211787 0.159865 0.177414 0.219409 0.217154 0.215613 0.153385 0.216711 0.185769 0.168664 0.164203 0.151145 0.168194 0.192959 0.137572 0.163783 0.216894 0.190615 0.122736 0.155031 0.157907 0.139168 0.174737 0.275957 0.232913 0.232724 0.167620 0.161271 0.204597 0.195893 0.154847 0.202808 0.150453 0.164389 0.173884 0.161077 0.179032 0.276250 0.293381 0.183365 0.189963 0.219130 0.123255 0.148464 0.164496 0.233010 0.266290 0.242560 0.190700 0.194681 0.167253 0.180752 0.235210 0.199015 0.240528 0.281547 0.154255 0.151236 0.234622 0.267769 0.242975 
0.218975 0.193984 0.216964 0.000000 0.166078 0.175340 0.168551 0.146434 0.155035 0.176972 0.193141 0.179261 0.198040 0.239541 0.188788 0.314228 0.359586 0.359047 0.361851 0.358285 0.398361 0.352512 0.351686 0.326426 0.342279 0.300888 0.305426 0.370298 0.338893 0.355033 0.333587 0.288673 0.298287 0.366150 0.312147 0.370130 0.226073 0.227495 0.232829 0.245611 0.229705 0.210776 0.222291 0.226887 0.173556 0.154125 0.212271 0.168286 0.407928 0.301752 0.355721 0.404518 0.241706 0.334726 0.352617 0.311221 0.367200 0.296357 0.332537 0.352075 0.187615 0.186804 0.192655 0.204832 0.248258 0.246691 0.255887 0.278123 0.212458 0.198744 0.159296 0.215190 0.225501 0.445992 0.413186 0.172089 0.202670 0.147669 0.212041 0.240071 0.269526 0.162162 0.330410 0.533557 0.508941 0.191316 0.306850 0.309226 0.252363 0.216388 0.241493 0.241527 0.248346 0.238850 0.237902 0.262245 0.223237 0.252475 0.274037 0.262259 0.262205 0.232746 0.192058 0.172339 0.153189 0.187131 0.214773 0.181850 0.189054 0.176961 0.202619 0.227788 0.223258 0.252359 0.217183 0.217323 0.244170 0.235408 0.218172 0.230669 0.257591 0.249578 0.200675 0.263128 0.244483 0.217535 0.233374 0.226127 0.214470 0.183467 0.242228 0.236852 0.226937 0.241439 0.176830 0.140788 0.177048 0.207231 0.191602 0.163783 0.244600 0.327769 0.289968 0.293781 0.168968 0.161617 0.280433 0.179516 0.161404 0.235707 0.261077 0.280608 0.134594 0.155543 0.177864 0.198274 0.183537 0.258380 0.181074 0.263720 0.203308 0.260396 0.278292 0.165593 0.240407 0.298876 0.275218 0.282641 0.293253 0.307533 0.145126 0.199109 0.177602 0.203951 0.182396 0.147647 0.148562 0.184159 0.227052 0.140228 0.164092 0.158482 0.171393 0.170414 0.131630 0.197591 0.164642 0.168144 0.171772 0.161458 0.163750 0.183403 0.189773 0.181952 0.212730 0.175463 0.166735 0.160223 0.158461 0.202671 0.159579 0.221074 0.158542 0.259064 0.177299 0.216474 0.157452 0.209539 0.161307 0.210305 0.196295 0.192176 0.178392 0.222631 0.206194 0.194641 0.224636 0.208461 0.250084 0.161135 0.201763 0.198270 0.125721 0.185572 0.178307 0.153189 0.216154 0.161061 0.227768 0.207216 0.161108 0.157586 0.239075 0.200882 0.139261 0.138936 0.193566 0.181682 0.182826 
0.242618 0.231052 0.217872 0.166078 0.000000 0.095332 0.119741 0.130688 0.154357 0.133807 0.203957 0.147397 0.160754 0.191615 0.246372 0.294728 0.343606 0.345638 0.346461 0.336717 0.388591 0.339062 0.372028 0.312974 0.341049 0.297985 0.278108 0.365027 0.342855 0.350408 0.332746 0.297658 0.304136 0.381116 0.324974 0.395651 0.186238 0.171752 0.230417 0.205101 0.210463 0.204183 0.199509 0.141513 0.247102 0.217107 0.234790 0.207390 0.489506 0.378502 0.447206 0.515826 0.209101 0.417736 0.452609 0.377022 0.460644 0.370985 0.420260 0.452061 0.173833 0.118171 0.174858 0.201986 0.335610 0.330040 0.332589 0.339719 0.258768 0.296344 0.260951 0.248259 0.269872 0.589505 0.492080 0.256839 0.234416 0.207865 0.331658 0.211593 0.343724 0.237280 0.432530 0.632724 0.576432 0.213238 0.325228 0.398458 0.221320 0.183693 0.224235 0.229775 0.189940 0.162751 0.206537 0.244406 0.192679 0.232879 0.267317 0.218142 0.249068 0.189342 0.228240 0.221775 0.193828 0.158032 0.193781 0.158541 0.160020 0.152187 0.145583 0.169097 0.150149 0.226527 0.187099 0.189753 0.178749 0.185953 0.190345 0.206858 0.180654 0.184047 0.171322 0.186174 0.154236 0.175249 0.208366 0.206007 0.169487 0.130919 0.186899 0.173844 0.157610 0.205043 0.245464 0.149871 0.147329 0.290420 0.132196 0.249379 0.224968 0.234211 0.357037 0.292455 0.117239 0.113518 0.364558 0.154276 0.191503 0.310878 0.210716 0.209949 0.150432 0.192525 0.130381 0.153568 0.147131 0.197626 0.166942 0.189676 0.167918 0.231731 0.190756 0.172001 0.316945 0.385160 0.364186 0.356717 0.378387 0.400078 0.214999 0.266065 0.276098 0.300369 0.255470 0.229973 0.260217 0.285321 0.280522 0.152027 0.187140 0.220851 0.274332 0.194011 0.167113 0.232629 0.228720 0.219643 0.212479 0.191616 0.179459 0.239892 0.197916 0.226135 0.101798 0.173341 0.180307 0.200745 0.215983 0.216539 0.207093 0.266044 0.236779 0.182111 0.131457 0.192403 0.195074 0.208973 0.187977 0.240051 0.190274 0.215248 0.207280 0.191123 0.241791 0.220895 0.293945 0.235508 0.222484 0.217867 0.166416 0.161654 0.142670 0.174691 0.288275 0.218580 0.210623 0.247794 0.222232 0.152842 0.183980 0.219312 0.311256 0.248669 0.167107 0.162804 0.136437 0.196563 0.151668 
0.233186 0.219117 0.192283 0.175340 0.095332 0.000000 0.088469 0.138903 0.152347 0.156460 0.188373 0.128826 0.116564 0.180407 0.233335 0.251754 0.329342 0.317933 0.335918 0.303725 0.361984 0.307196 0.345414 0.284738 0.291192 0.277060 0.260041 0.347088 0.308225 0.325045 0.294896 0.253808 0.257538 0.337070 0.272121 0.351611 0.145642 0.130152 0.186847 0.137788 0.177119 0.179098 0.178466 0.147166 0.218771 0.198301 0.196751 0.170603 0.448945 0.334758 0.405563 0.483725 0.151093 0.379005 0.413753 0.350284 0.416743 0.339844 0.395232 0.401797 0.155012 0.156681 0.128892 0.162137 0.324197 0.300321 0.302398 0.334776 0.231314 0.267601 0.238766 0.195628 0.218500 0.588096 0.509475 0.256610 0.232072 0.221962 0.320798 0.216298 0.346461 0.196155 0.423792 0.643427 0.556623 0.237007 0.332712 0.396234 0.199820 0.151768 0.187150 0.181530 0.166636 0.158352 0.166636 0.187669 0.148556 0.182176 0.210827 0.173294 0.200418 0.151456 0.200568 0.191300 0.180069 0.140280 0.162309 0.157907 0.154990 0.178362 0.138387 0.156408 0.147985 0.206092 0.173393 0.154945 0.155141 0.179823 0.166257 0.174651 0.187704 0.189851 0.155577 0.189068 0.180014 0.150181 0.188949 0.199890 0.146654 0.114337 0.164247 0.136992 0.153500 0.186446 0.226401 0.149449 0.128252 0.269939 0.125621 0.219311 0.192901 0.228854 0.394496 0.267402 0.097314 0.119819 0.326377 0.133695 0.186634 0.294834 0.200165 0.240530 0.153327 0.190631 0.103729 0.132454 0.165346 0.166794 0.151936 0.174531 0.145793 0.203048 0.220574 0.171205 0.300898 0.367017 0.359507 0.342619 0.360105 0.381551 0.198313 0.238262 0.260594 0.295991 0.222675 0.220742 0.238905 0.265386 0.244390 0.170487 0.181581 0.241690 0.247488 0.191758 0.168459 0.191579 0.214880 0.210450 0.177082 0.176079 0.187714 0.194248 0.167552 0.196696 0.155084 0.196001 0.168219 0.184197 0.210725 0.158540 0.207672 0.236211 0.249590 0.223162 0.151542 0.183510 0.209979 0.205025 0.194182 0.230830 0.175913 0.202913 0.227070 0.201409 0.255830 0.221641 0.278557 0.237796 0.216463 0.188538 0.141905 0.147885 0.130260 0.168354 0.271690 0.190183 0.180879 0.253353 0.207392 0.125126 0.190774 0.207957 0.277256 0.256819 0.163480 0.154778 0.117369 0.146887 0.142332 
0.267119 0.237932 0.218929 0.168551 0.119741 0.088469 0.000000 0.142007 0.147275 0.150333 0.203956 0.112757 0.133469 0.192703 0.232369 0.265614 0.326216 0.320645 0.344594 0.309918 0.368653 0.304320 0.325625 0.295721 0.299021 0.256090 0.267308 0.350431 0.309542 0.311901 0.326332 0.261178 0.272990 0.356722 0.288198 0.358658 0.159185 0.186934 0.181271 0.190259 0.175671 0.149756 0.180614 0.181301 0.263816 0.198067 0.187708 0.190562 0.451176 0.348424 0.409169 0.490967 0.170907 0.392491 0.433819 0.340798 0.428590 0.355399 0.398250 0.417131 0.219330 0.183677 0.186340 0.206679 0.320636 0.311521 0.321496 0.316785 0.240826 0.266628 0.217657 0.213882 0.230676 0.563637 0.482641 0.266241 0.197543 0.216903 0.311392 0.194741 0.293814 0.201913 0.380500 0.615635 0.522667 0.250831 0.267861 0.369367 0.220424 0.207498 0.185809 0.207084 0.183495 0.176166 0.184216 0.201013 0.171804 0.211120 0.225184 0.214783 0.213696 0.214297 0.204969 0.204161 0.169690 0.158112 0.176988 0.153301 0.202329 0.158965 0.140214 0.153437 0.153996 0.186640 0.159299 0.138301 0.179340 0.172979 0.164536 0.147728 0.197142 0.192291 0.136624 0.197457 0.186195 0.155775 0.178763 0.167321 0.159138 0.122472 0.183334 0.153345 0.156161 0.158559 0.253754 0.160699 0.128211 0.289650 0.171371 0.234234 0.210733 0.287051 0.371914 0.248339 0.102456 0.084455 0.347612 0.153312 0.212237 0.282651 0.227498 0.261277 0.154819 0.197078 0.118346 0.193211 0.186749 0.200299 0.190283 0.232811 0.179219 0.226403 0.231125 0.170520 0.298297 0.359001 0.346530 0.350378 0.356889 0.378068 0.162666 0.237559 0.270536 0.294631 0.246299 0.204451 0.235214 0.264879 0.242628 0.173403 0.178836 0.227898 0.250442 0.178825 0.161538 0.186320 0.194392 0.201396 0.187807 0.171989 0.213931 0.201305 0.192732 0.180919 0.177254 0.225769 0.167492 0.190616 0.213391 0.182516 0.206146 0.211087 0.208580 0.251032 0.175148 0.211052 0.196158 0.219900 0.208104 0.240120 0.209016 0.213060 0.207515 0.226405 0.243709 0.195781 0.333615 0.224768 0.237265 0.199212 0.170459 0.190095 0.159817 0.201370 0.269073 0.170823 0.179200 0.255834 0.201290 0.159898 0.185884 0.205751 0.289241 0.239155 0.158020 0.175221 0.105983 0.148062 0.131762 
0.226773 0.181477 0.187965 0.146434 0.130688 0.138903 0.142007 0.000000 0.058061 0.062451 0.099155 0.117449 0.123514 0.231365 0.206149 0.322359 0.371564 0.370931 0.385777 0.370400 0.416884 0.356737 0.361261 0.349584 0.350156 0.315872 0.308951 0.387258 0.350414 0.362876 0.344471 0.286426 0.293721 0.378899 0.316644 0.382733 0.180495 0.173251 0.195188 0.180360 0.213470 0.208489 0.147839 0.156202 0.243471 0.188006 0.196446 0.205225 0.490511 0.378408 0.433539 0.500726 0.205228 0.425207 0.450472 0.387638 0.452761 0.362440 0.424460 0.441816 0.165763 0.151117 0.153973 0.158259 0.311743 0.329140 0.335173 0.300044 0.262540 0.272211 0.235528 0.219987 0.259729 0.553844 0.496891 0.258897 0.227241 0.208852 0.310371 0.238630 0.367100 0.215648 0.435670 0.625658 0.546871 0.259857 0.326637 0.404656 0.206744 0.192509 0.212663 0.184931 0.206682 0.200562 0.201891 0.201907 0.177484 0.208861 0.217014 0.209203 0.195698 0.194467 0.210878 0.179380 0.193991 0.163935 0.168716 0.170419 0.137562 0.172743 0.124985 0.138829 0.157836 0.172456 0.149033 0.136289 0.160588 0.160033 0.155437 0.165616 0.187871 0.177537 0.148931 0.190548 0.174753 0.146621 0.166306 0.178181 0.159474 0.140917 0.170037 0.166759 0.149469 0.161567 0.264254 0.136999 0.176203 0.292674 0.125767 0.239746 0.176390 0.240773 0.374290 0.221716 0.112078 0.137566 0.363777 0.159393 0.188783 0.307949 0.188070 0.196217 0.122267 0.126544 0.113355 0.139035 0.172091 0.198063 0.135168 0.202412 0.146855 0.182758 0.188604 0.149398 0.302950 0.359343 0.355555 0.358942 0.369749 0.377347 0.213583 0.261194 0.243726 0.265485 0.245143 0.192451 0.222605 0.250250 0.278314 0.145143 0.197293 0.197354 0.242218 0.212379 0.157240 0.239255 0.219609 0.191520 0.198151 0.185879 0.178400 0.234038 0.182168 0.203048 0.124863 0.217011 0.157907 0.185643 0.188444 0.194023 0.188609 0.270522 0.196577 0.153479 0.109660 0.124473 0.138345 0.235389 0.152494 0.207499 0.182661 0.126965 0.129949 0.165937 0.168911 0.233540 0.304419 0.183944 0.226855 0.190642 0.157652 0.174501 0.149606 0.200516 0.280330 0.180306 0.202360 0.192814 0.177484 0.161480 0.129644 0.178275 0.289403 0.264090 0.114769 0.148505 0.170509 0.197360 0.163425 
0.225942 0.192814 0.189758 0.155035 0.154357 0.152347 0.147275 0.058061 0.000000 0.094634 0.126981 0.109534 0.124360 0.240544 0.208310 0.312030 0.376951 0.367973 0.386743 0.365085 0.411400 0.354949 0.364028 0.345076 0.345409 0.314902 0.313154 0.383452 0.345155 0.362281 0.331662 0.263083 0.272909 0.363272 0.287754 0.356516 0.163355 0.163669 0.189518 0.166701 0.181222 0.185178 0.131333 0.159775 0.244884 0.187092 0.197272 0.188353 0.488300 0.370489 0.432910 0.496243 0.180717 0.415559 0.438201 0.390512 0.451043 0.364258 0.434143 0.428915 0.175647 0.171472 0.161771 0.156511 0.307233 0.321547 0.325194 0.315630 0.266722 0.270415 0.236043 0.215680 0.254465 0.557541 0.518172 0.271141 0.238553 0.227692 0.313065 0.256188 0.373112 0.224218 0.447967 0.640482 0.553151 0.274344 0.345959 0.416563 0.211921 0.193826 0.215677 0.178482 0.206972 0.203042 0.192045 0.193464 0.165573 0.188854 0.197887 0.195249 0.185744 0.194706 0.212967 0.194520 0.199405 0.175764 0.167210 0.179897 0.154797 0.188923 0.133291 0.143980 0.156198 0.163641 0.132693 0.131330 0.142343 0.144705 0.156157 0.156142 0.187433 0.164158 0.159776 0.179972 0.156827 0.128895 0.159338 0.167192 0.154198 0.153624 0.147189 0.158881 0.137039 0.141122 0.277410 0.137300 0.175871 0.295221 0.126997 0.245271 0.171767 0.244827 0.385112 0.209301 0.120518 0.137784 0.360171 0.165181 0.201803 0.318992 0.188784 0.186781 0.134707 0.131794 0.122218 0.143486 0.189586 0.199090 0.141774 0.214757 0.151180 0.176604 0.195046 0.174548 0.297735 0.360416 0.345968 0.356821 0.362547 0.381093 0.217440 0.261283 0.236796 0.268229 0.248719 0.194876 0.222300 0.252101 0.282116 0.156594 0.203030 0.216410 0.233428 0.217417 0.150252 0.238729 0.222974 0.187834 0.208714 0.187963 0.188979 0.233086 0.170017 0.201978 0.148973 0.223187 0.160811 0.188818 0.185300 0.193971 0.196582 0.264809 0.204706 0.181451 0.138491 0.136446 0.138444 0.257745 0.160933 0.211353 0.194591 0.146061 0.127842 0.158822 0.178069 0.255206 0.325586 0.192108 0.219493 0.200003 0.184812 0.199480 0.159359 0.220743 0.292297 0.206360 0.219567 0.202974 0.196589 0.175144 0.151244 0.190097 0.305276 0.282877 0.132532 0.164619 0.182579 0.222660 0.193725 
0.227341 0.191151 0.214721 0.176972 0.133807 0.156460 0.150333 0.062451 0.094634 0.000000 0.127632 0.114791 0.134416 0.223724 0.249856 0.324132 0.372308 0.365800 0.397651 0.368693 0.416055 0.362955 0.368107 0.348383 0.361931 0.317991 0.298642 0.372644 0.351884 0.372680 0.355481 0.307156 0.316285 0.392952 0.334146 0.397214 0.194811 0.195246 0.203948 0.201175 0.222032 0.213924 0.162988 0.170377 0.276179 0.199018 0.224440 0.234937 0.502328 0.400159 0.455699 0.527443 0.216178 0.441651 0.478773 0.382050 0.475612 0.404360 0.432186 0.472436 0.177850 0.148493 0.187827 0.181556 0.339787 0.360762 0.365440 0.326646 0.286703 0.301408 0.245978 0.239768 0.277583 0.585942 0.517546 0.266585 0.243705 0.225281 0.345231 0.256298 0.377777 0.238094 0.451699 0.641673 0.558721 0.265615 0.328903 0.422546 0.192879 0.210468 0.225858 0.202680 0.207502 0.198515 0.207330 0.215668 0.197753 0.223080 0.234699 0.229674 0.216898 0.203161 0.203039 0.215195 0.212457 0.170339 0.171542 0.175008 0.159009 0.176976 0.138587 0.148895 0.156575 0.178737 0.153735 0.154605 0.188531 0.176590 0.157575 0.180337 0.190150 0.183744 0.169120 0.193811 0.170750 0.164762 0.166885 0.196808 0.181615 0.165025 0.189319 0.191613 0.157242 0.177175 0.282989 0.150726 0.191434 0.308320 0.136797 0.258901 0.184376 0.257801 0.395613 0.223008 0.126086 0.132870 0.395211 0.168157 0.195445 0.324973 0.202362 0.192073 0.148208 0.146200 0.120111 0.156535 0.175180 0.220442 0.153480 0.220753 0.148695 0.195752 0.182540 0.175777 0.332999 0.384077 0.374564 0.389299 0.398954 0.402755 0.227098 0.303057 0.276737 0.286534 0.283027 0.226948 0.252308 0.281705 0.297621 0.164181 0.217942 0.196381 0.283191 0.208149 0.178817 0.237457 0.251119 0.222741 0.225570 0.210739 0.214642 0.260842 0.208171 0.211475 0.139215 0.240253 0.172587 0.191336 0.222791 0.225879 0.203456 0.305335 0.203286 0.155704 0.148291 0.118647 0.156682 0.234386 0.173043 0.223915 0.194624 0.143455 0.135519 0.187645 0.166226 0.254406 0.339322 0.176861 0.252680 0.191755 0.182880 0.188294 0.176282 0.218734 0.320963 0.218037 0.200216 0.219280 0.186978 0.184816 0.148063 0.222605 0.323261 0.281888 0.131554 0.176014 0.166164 0.215279 0.167532 
0.203028 0.180413 0.181851 0.193141 0.203957 0.188373 0.203956 0.099155 0.126981 0.127632 0.000000 0.194307 0.179713 0.270478 0.237042 0.360853 0.421790 0.414263 0.412257 0.415563 0.459394 0.396735 0.413469 0.372089 0.385770 0.352633 0.349385 0.397908 0.391316 0.416693 0.356516 0.337027 0.340849 0.429275 0.353257 0.429797 0.218234 0.207145 0.251769 0.219391 0.273937 0.279771 0.190174 0.208118 0.243108 0.205183 0.230497 0.226491 0.488629 0.399614 0.416903 0.485170 0.236951 0.410280 0.440396 0.391407 0.440584 0.373337 0.427499 0.423489 0.155980 0.162302 0.157548 0.158531 0.337517 0.339642 0.341261 0.338215 0.275676 0.270752 0.262518 0.222258 0.252467 0.554808 0.495520 0.277787 0.272202 0.262617 0.328503 0.305189 0.384993 0.231255 0.458429 0.655257 0.557236 0.284360 0.366009 0.414085 0.247725 0.229640 0.252423 0.227385 0.242753 0.256181 0.230151 0.242960 0.220288 0.251735 0.260501 0.242700 0.246872 0.209536 0.218759 0.222899 0.217831 0.181321 0.178377 0.195871 0.144276 0.205235 0.185601 0.194886 0.191255 0.218439 0.191957 0.205778 0.216437 0.235316 0.211319 0.242094 0.235139 0.204331 0.212779 0.227685 0.219013 0.204526 0.241656 0.238243 0.214480 0.214571 0.213980 0.239957 0.214940 0.230469 0.304678 0.188174 0.222176 0.291743 0.170644 0.251674 0.235613 0.290444 0.403947 0.299423 0.196029 0.210609 0.378813 0.209970 0.189255 0.338824 0.252740 0.233284 0.175591 0.152424 0.187010 0.127938 0.201154 0.227954 0.148593 0.234158 0.181606 0.218578 0.200854 0.173612 0.326973 0.374405 0.368812 0.382893 0.369867 0.393381 0.227744 0.278982 0.261040 0.295613 0.263858 0.239626 0.255870 0.282856 0.275834 0.191459 0.235427 0.231840 0.248293 0.228252 0.195443 0.245555 0.222141 0.176506 0.204906 0.207720 0.191286 0.234435 0.169343 0.227389 0.173735 0.214006 0.184513 0.208182 0.182134 0.181249 0.215371 0.288311 0.214326 0.155028 0.170573 0.126111 0.147695 0.228019 0.158381 0.159597 0.154481 0.160884 0.179358 0.191122 0.168576 0.277623 0.299883 0.196831 0.230794 0.214464 0.164729 0.180220 0.180813 0.226084 0.286992 0.206510 0.179371 0.206457 0.157784 0.193067 0.186923 0.188886 0.282159 0.277119 0.157485 0.188554 0.227714 0.249796 0.218379 
0.255410 0.210183 0.198332 0.179261 0.147397 0.128826 0.112757 0.117449 0.109534 0.114791 0.194307 0.000000 0.069858 0.222709 0.252286 0.260674 0.332075 0.313263 0.363597 0.307653 0.365462 0.301358 0.308615 0.300999 0.286783 0.268753 0.276184 0.352364 0.293145 0.304408 0.320864 0.231019 0.243016 0.330577 0.256421 0.325946 0.112834 0.130624 0.155017 0.133017 0.142935 0.138993 0.089282 0.114596 0.265869 0.184889 0.202705 0.195446 0.455356 0.353657 0.413396 0.507473 0.156388 0.397658 0.436837 0.357146 0.433283 0.384961 0.407411 0.434868 0.193901 0.166283 0.173493 0.163400 0.324363 0.319455 0.328508 0.321507 0.247634 0.266838 0.225465 0.187359 0.217441 0.613524 0.557681 0.301777 0.262391 0.247301 0.355351 0.254190 0.365587 0.229028 0.446001 0.662025 0.549633 0.300131 0.348611 0.441048 0.155702 0.174737 0.156347 0.139030 0.145684 0.145560 0.129338 0.141672 0.122638 0.137432 0.149342 0.154919 0.138982 0.180106 0.199570 0.225910 0.180620 0.126797 0.150736 0.159665 0.172392 0.185677 0.116756 0.117654 0.137090 0.174314 0.111486 0.096662 0.144899 0.136430 0.142068 0.136091 0.174044 0.153471 0.156250 0.168724 0.141479 0.122367 0.146778 0.155535 0.149615 0.139198 0.146040 0.132990 0.144782 0.150058 0.264346 0.128599 0.154102 0.295799 0.100240 0.233434 0.120186 0.205768 0.411663 0.172224 0.091129 0.105342 0.354285 0.132522 0.197220 0.323631 0.139973 0.193711 0.125938 0.145782 0.062210 0.171195 0.195784 0.184657 0.132789 0.172172 0.108820 0.151503 0.205808 0.195030 0.289850 0.352698 0.334130 0.343062 0.351882 0.364648 0.216899 0.292060 0.265039 0.288811 0.270066 0.188251 0.224399 0.256114 0.245848 0.172518 0.191277 0.227807 0.268398 0.216201 0.164599 0.211328 0.238886 0.227902 0.204787 0.177554 0.229906 0.233436 0.198767 0.183106 0.165335 0.244576 0.148020 0.197003 0.227499 0.205349 0.215617 0.277358 0.246029 0.226554 0.180748 0.161707 0.216108 0.260562 0.193014 0.250599 0.216549 0.171955 0.164295 0.173054 0.197667 0.241627 0.355813 0.192951 0.218174 0.209320 0.175760 0.189784 0.167516 0.222087 0.315273 0.210438 0.216895 0.244797 0.205301 0.171782 0.199512 0.239910 0.338649 0.300796 0.143745 0.169926 0.132850 0.196919 0.164060 
0.250379 0.216397 0.191550 0.198040 0.160754 0.116564 0.133469 0.123514 0.124360 0.134416 0.179713 0.069858 0.000000 0.222734 0.263858 0.278980 0.349786 0.337513 0.375117 0.335266 0.391632 0.316007 0.337476 0.311087 0.304570 0.296772 0.299974 0.367889 0.312230 0.335882 0.329652 0.269103 0.273093 0.361328 0.281631 0.361944 0.125081 0.114567 0.186877 0.128927 0.167243 0.173997 0.093041 0.107365 0.244734 0.188538 0.221013 0.195605 0.455025 0.362906 0.416588 0.511937 0.163599 0.398172 0.441667 0.379350 0.436993 0.376425 0.425500 0.423858 0.171689 0.184757 0.131241 0.125798 0.343323 0.326413 0.337155 0.355734 0.249832 0.277476 0.252244 0.181423 0.217426 0.611416 0.560584 0.311349 0.285103 0.262352 0.352574 0.268110 0.395526 0.236761 0.468780 0.684606 0.563911 0.311312 0.378725 0.451379 0.167617 0.152806 0.170740 0.130984 0.156138 0.165934 0.135830 0.147575 0.144752 0.148717 0.157423 0.152261 0.147016 0.158297 0.204699 0.241287 0.195947 0.128150 0.140636 0.174940 0.156583 0.202642 0.133002 0.127814 0.160656 0.191217 0.129168 0.119786 0.157778 0.158799 0.154841 0.170439 0.189559 0.171976 0.160397 0.188406 0.158920 0.146882 0.169974 0.190918 0.170312 0.156188 0.170486 0.153762 0.154834 0.172792 0.270665 0.133454 0.171853 0.290746 0.073612 0.229121 0.093523 0.156850 0.441123 0.174038 0.112472 0.141538 0.334589 0.142742 0.182945 0.314904 0.128378 0.190720 0.129548 0.125433 0.078797 0.141432 0.197160 0.131708 0.106136 0.125663 0.090848 0.125556 0.189279 0.186788 0.313306 0.371153 0.356588 0.367151 0.367235 0.385380 0.229052 0.274907 0.267128 0.309764 0.267324 0.211060 0.245156 0.273224 0.250673 0.180004 0.191069 0.242437 0.271649 0.239068 0.183115 0.227638 0.246108 0.240935 0.190322 0.194418 0.219539 0.241116 0.199686 0.201086 0.174709 0.240008 0.168339 0.204969 0.227244 0.201102 0.234714 0.261811 0.257850 0.234660 0.188711 0.133597 0.215545 0.258060 0.189698 0.243650 0.192382 0.151550 0.177777 0.152902 0.195030 0.258739 0.333780 0.195489 0.193607 0.204886 0.168272 0.177023 0.157054 0.209180 0.315341 0.219572 0.208576 0.253341 0.213727 0.163930 0.200784 0.224132 0.324230 0.314178 0.166775 0.181934 0.140520 0.187158 0.159787 
0.317033 0.304332 0.270858 0.239541 0.191615 0.180407 0.192703 0.231365 0.240544 0.223724 0.270478 0.222709 0.222734 0.000000 0.209400 0.268194 0.342033 0.315196 0.367805 0.304155 0.363637 0.295069 0.366846 0.308740 0.311252 0.284528 0.209047 0.362661 0.316321 0.336722 0.340003 0.300558 0.299695 0.371346 0.291851 0.368235 0.232408 0.247881 0.272293 0.228577 0.242457 0.246533 0.262207 0.251099 0.281235 0.248880 0.227307 0.228428 0.465111 0.373445 0.442482 0.535995 0.245341 0.393528 0.449599 0.388897 0.436786 0.392642 0.400507 0.422002 0.283656 0.284943 0.255524 0.282953 0.357192 0.334735 0.342066 0.358017 0.276891 0.305537 0.296059 0.270915 0.280676 0.594030 0.475316 0.293611 0.220305 0.256899 0.345069 0.199470 0.281129 0.208741 0.439590 0.575107 0.546347 0.236646 0.299851 0.399250 0.224092 0.243029 0.234782 0.241096 0.195341 0.182208 0.226191 0.277578 0.244344 0.252215 0.283648 0.269075 0.268248 0.270042 0.281585 0.251032 0.257681 0.253170 0.240214 0.269245 0.259460 0.239497 0.272169 0.273114 0.273320 0.332021 0.302143 0.270077 0.303935 0.303205 0.292678 0.295052 0.324314 0.315537 0.281093 0.329665 0.316841 0.277672 0.333777 0.308803 0.288959 0.248941 0.282070 0.292490 0.285037 0.303976 0.213051 0.256877 0.181968 0.255991 0.230402 0.257698 0.279542 0.320286 0.367097 0.337657 0.209772 0.189772 0.341502 0.191483 0.259079 0.275261 0.292035 0.354530 0.236959 0.289334 0.245773 0.267778 0.276375 0.247776 0.249668 0.273905 0.210350 0.274754 0.320608 0.260591 0.320065 0.374906 0.370733 0.367436 0.383000 0.403284 0.243150 0.308072 0.281750 0.317734 0.270303 0.268087 0.274086 0.291589 0.281888 0.270858 0.287585 0.316789 0.283370 0.247714 0.237248 0.260783 0.266142 0.276104 0.252355 0.259535 0.296879 0.245422 0.265131 0.289278 0.247821 0.289651 0.257144 0.255337 0.269133 0.251918 0.253479 0.318359 0.300779 0.312027 0.224864 0.277928 0.284539 0.287841 0.317349 0.349559 0.287070 0.314150 0.309967 0.314984 0.349812 0.179067 0.280831 0.340379 0.308953 0.255807 0.252684 0.223804 0.229299 0.149397 0.285080 0.225068 0.298038 0.295490 0.346801 0.272063 0.271507 0.273237 0.296118 0.284602 0.245900 0.260184 0.149149 0.170023 0.150658 
0.315832 0.290087 0.272596 0.188788 0.246372 0.233335 0.232369 0.206149 0.208310 0.249856 0.237042 0.252286 0.263858 0.209400 0.000000 0.326638 0.380782 0.373026 0.385033 0.363538 0.408120 0.358540 0.382139 0.343601 0.356219 0.311874 0.300376 0.396261 0.357302 0.369912 0.349706 0.310388 0.307637 0.373160 0.317665 0.375436 0.273902 0.284969 0.300594 0.287820 0.296952 0.298766 0.296350 0.280714 0.248964 0.230355 0.193875 0.191989 0.468051 0.331474 0.397674 0.471489 0.283945 0.359231 0.387097 0.369824 0.401772 0.332155 0.377333 0.377094 0.293066 0.285667 0.256104 0.284021 0.241024 0.265381 0.273168 0.204468 0.270319 0.241614 0.250400 0.289954 0.305857 0.505736 0.406174 0.250983 0.163537 0.189512 0.270601 0.251593 0.300943 0.195416 0.358256 0.459276 0.515015 0.190734 0.226097 0.331591 0.300157 0.278834 0.289994 0.291285 0.288456 0.278386 0.289419 0.316675 0.268309 0.303639 0.332664 0.312437 0.316159 0.307792 0.289384 0.200271 0.250199 0.258513 0.280249 0.270903 0.276193 0.275332 0.295941 0.306412 0.315479 0.342310 0.313188 0.296883 0.320587 0.324220 0.311297 0.306867 0.344080 0.343353 0.297261 0.354977 0.338665 0.292035 0.343894 0.318399 0.305858 0.271894 0.308265 0.309025 0.315448 0.315363 0.213181 0.249084 0.207866 0.270131 0.273958 0.266651 0.313911 0.374932 0.305990 0.364059 0.254322 0.243582 0.343799 0.235551 0.269374 0.243558 0.321542 0.369615 0.230058 0.261160 0.258037 0.270197 0.283712 0.302729 0.254487 0.315010 0.255581 0.295856 0.324405 0.252118 0.248987 0.302912 0.295009 0.305347 0.312634 0.336139 0.221285 0.267253 0.208573 0.222817 0.216477 0.185292 0.217039 0.202294 0.277706 0.242466 0.279614 0.299796 0.209027 0.264903 0.210553 0.280352 0.229869 0.250283 0.255925 0.254666 0.267335 0.236926 0.247033 0.280910 0.263865 0.277626 0.241312 0.250113 0.241547 0.246929 0.217814 0.298216 0.216537 0.302619 0.196129 0.278575 0.202392 0.321579 0.281333 0.305522 0.288174 0.258310 0.260953 0.281955 0.306233 0.202603 0.202774 0.327141 0.300769 0.226345 0.254217 0.257717 0.195772 0.189216 0.188227 0.156001 0.307913 0.246018 0.330910 0.266715 0.211516 0.188536 0.240100 0.250877 0.205887 0.230308 0.224216 0.207448 0.195163 
0.367990 0.350549 0.331178 0.314228 0.294728 0.251754 0.265614 0.322359 0.312030 0.324132 0.360853 0.260674 0.278980 0.268194 0.326638 0.000000 0.176489 0.126604 0.200620 0.112541 0.160774 0.105399 0.198966 0.141777 0.089676 0.095131 0.136905 0.190365 0.102447 0.140883 0.159999 0.151029 0.109530 0.188263 0.130233 0.175914 0.211244 0.224271 0.188244 0.215671 0.252836 0.256533 0.270495 0.281854 0.274686 0.256064 0.247368 0.220939 0.400948 0.291468 0.345398 0.428884 0.195802 0.297368 0.362061 0.305854 0.339392 0.320444 0.353708 0.335091 0.353389 0.335653 0.337980 0.344446 0.273874 0.262659 0.303765 0.296109 0.282712 0.277150 0.292915 0.282452 0.291779 0.637223 0.545561 0.372368 0.305157 0.353935 0.424951 0.273083 0.404947 0.283159 0.497011 0.688422 0.592402 0.341525 0.377325 0.451854 0.276060 0.241643 0.183108 0.217797 0.183784 0.197222 0.193103 0.234621 0.192043 0.211529 0.241984 0.235485 0.244752 0.219121 0.292797 0.271805 0.292912 0.287886 0.292219 0.288250 0.340645 0.289823 0.261901 0.256645 0.254221 0.326205 0.268368 0.279637 0.292322 0.312881 0.284755 0.283047 0.312410 0.327919 0.268211 0.311045 0.308494 0.249575 0.313422 0.299486 0.265475 0.254711 0.271673 0.273589 0.323296 0.312293 0.281698 0.298088 0.262092 0.299611 0.265371 0.290331 0.288589 0.348753 0.424719 0.354298 0.264211 0.236925 0.351404 0.245955 0.328924 0.353582 0.304074 0.376891 0.324524 0.340063 0.265480 0.357019 0.364762 0.370723 0.307429 0.315290 0.255377 0.332208 0.398524 0.374696 0.267254 0.305011 0.311916 0.298947 0.294072 0.345956 0.350818 0.408965 0.269334 0.303161 0.302889 0.305963 0.289437 0.279637 0.245748 0.330373 0.343202 0.365255 0.331990 0.313131 0.316250 0.305270 0.335424 0.336458 0.327321 0.303582 0.332177 0.319534 0.321071 0.335414 0.343636 0.353514 0.304364 0.309591 0.326151 0.328305 0.346370 0.405331 0.381955 0.386414 0.350344 0.371062 0.383643 0.321294 0.385016 0.385149 0.358049 0.375185 0.375786 0.360418 0.390544 0.304941 0.364248 0.405623 0.410305 0.309309 0.318690 0.304509 0.285073 0.288030 0.353783 0.313457 0.292069 0.333008 0.309820 0.267306 0.393104 0.404902 0.428151 0.393111 0.335263 0.337735 0.218854 0.224634 0.256194 
0.383405 0.418561 0.396844 0.359586 0.343606 0.329342 0.326216 0.371564 0.376951 0.372308 0.421790 0.332075 0.349786 0.342033 0.380782 0.176489 0.000000 0.119950 0.141441 0.151551 0.122174 0.122278 0.151968 0.099943 0.157882 0.145973 0.195344 0.144375 0.119440 0.122810 0.256530 0.273813 0.248352 0.269580 0.292850 0.286895 0.301508 0.298649 0.321335 0.314115 0.296317 0.314725 0.360520 0.356865 0.274013 0.337382 0.293877 0.297580 0.443049 0.333209 0.385127 0.488343 0.288965 0.355591 0.400566 0.365012 0.407030 0.356090 0.424930 0.400273 0.409041 0.376464 0.393468 0.392669 0.325118 0.314648 0.351936 0.338875 0.343117 0.335966 0.354890 0.372145 0.381762 0.644565 0.558848 0.409686 0.341473 0.393849 0.461238 0.289432 0.408580 0.350967 0.516477 0.687501 0.604826 0.375934 0.398453 0.482115 0.318211 0.273609 0.272621 0.314310 0.280714 0.291500 0.294938 0.339375 0.283833 0.317372 0.357561 0.289749 0.354356 0.276652 0.374103 0.360471 0.349131 0.339860 0.372297 0.329578 0.399932 0.323577 0.332553 0.307386 0.313340 0.410980 0.340762 0.360457 0.375208 0.373986 0.375987 0.366427 0.381439 0.388682 0.335143 0.377544 0.366897 0.342028 0.378225 0.375481 0.344961 0.330184 0.360830 0.359246 0.381128 0.370836 0.334870 0.338077 0.326394 0.367530 0.333858 0.349081 0.374336 0.426150 0.444761 0.390085 0.325636 0.313566 0.386874 0.338988 0.385411 0.387243 0.372966 0.388820 0.372564 0.393999 0.328575 0.416359 0.408704 0.447973 0.367036 0.383962 0.332501 0.413436 0.442484 0.421160 0.323636 0.371639 0.338589 0.335272 0.345873 0.396613 0.397509 0.452254 0.346375 0.368442 0.361179 0.370613 0.356494 0.360128 0.308967 0.375440 0.405334 0.376461 0.395887 0.339449 0.365709 0.351418 0.384015 0.401452 0.406696 0.371747 0.393817 0.388790 0.386647 0.411466 0.391438 0.396920 0.369946 0.389132 0.392553 0.395034 0.396653 0.464450 0.428150 0.418243 0.396698 0.432096 0.430042 0.375242 0.442357 0.437597 0.421637 0.429776 0.424850 0.410979 0.438908 0.354187 0.400830 0.453854 0.464528 0.358072 0.379544 0.362395 0.343772 0.357797 0.402060 0.371724 0.342751 0.386185 0.358290 0.339216 0.440634 0.453392 0.476349 0.427546 0.384367 0.383725 0.286837 0.309522 0.319670 
0.390125 0.407545 0.387126 0.359047 0.345638 0.317933 0.320645 0.370931 0.367973 0.365800 0.414263 0.313263 0.337513 0.315196 0.373026 0.126604 0.119950 0.000000 0.215060 0.128636 0.106849 0.122013 0.180589 0.135354 0.120706 0.128302 0.147343 0.112109 0.091028 0.144030 0.268665 0.245898 0.208277 0.268561 0.228797 0.250211 0.295485 0.294081 0.255418 0.299240 0.261113 0.284978 0.342276 0.341580 0.291629 0.318715 0.272260 0.293694 0.440755 0.336026 0.391718 0.494391 0.285391 0.345315 0.408687 0.365419 0.380020 0.363962 0.403928 0.379746 0.414790 0.388876 0.398179 0.395898 0.332159 0.318553 0.362689 0.343831 0.335522 0.329818 0.344392 0.335039 0.350114 0.663291 0.579982 0.414951 0.353237 0.393960 0.469129 0.310882 0.428658 0.337960 0.533010 0.703383 0.618072 0.387499 0.409359 0.491064 0.270660 0.265246 0.246547 0.276642 0.254170 0.265345 0.255310 0.311776 0.260902 0.283500 0.316293 0.318063 0.318716 0.299375 0.347675 0.326162 0.341530 0.338933 0.345751 0.341959 0.400173 0.325311 0.328919 0.332719 0.329252 0.393065 0.341360 0.341873 0.361531 0.381392 0.357660 0.348596 0.394985 0.406361 0.325809 0.390679 0.376647 0.320325 0.362797 0.364453 0.337703 0.323689 0.351488 0.345408 0.390637 0.373684 0.326387 0.344754 0.318099 0.348794 0.334020 0.340798 0.349735 0.415518 0.466074 0.346416 0.322282 0.293223 0.356349 0.307884 0.379904 0.370445 0.364601 0.398954 0.369438 0.390192 0.317304 0.417876 0.418768 0.436694 0.370273 0.377269 0.312848 0.391172 0.453540 0.418936 0.323009 0.354950 0.345726 0.360532 0.353453 0.394874 0.398169 0.467282 0.321946 0.361213 0.357741 0.353474 0.336582 0.328008 0.299061 0.382760 0.389398 0.375187 0.385149 0.335555 0.364917 0.324354 0.388645 0.383917 0.383041 0.352126 0.378832 0.374639 0.384618 0.383648 0.396997 0.397447 0.355378 0.366964 0.381640 0.390605 0.389127 0.459326 0.430079 0.450233 0.402059 0.422752 0.427079 0.379141 0.432346 0.447575 0.418799 0.424738 0.421469 0.417271 0.436154 0.343855 0.415466 0.452066 0.467614 0.337553 0.375800 0.365368 0.348074 0.333490 0.400093 0.360691 0.340498 0.381199 0.374750 0.331808 0.437435 0.448926 0.477160 0.436105 0.380110 0.388927 0.276824 0.283554 0.314493 
