239 239
0.000000 0.149204 0.142386 0.163085 0.249141 0.225365 0.242494 0.217514 0.213362 0.217593 0.216314 0.195677 0.245164 0.242105 0.240903 0.208942 0.200257 0.200446 0.219163 0.357353 0.379901 0.408171 0.414971 0.414418 0.403098 0.424161 0.368742 0.398105 0.397944 0.372321 0.364669 0.357282 0.383352 0.366377 0.427000 0.342657 0.410165 0.394514 0.233588 0.245800 0.290968 0.258932 0.243923 0.265408 0.267579 0.230361 0.266258 0.248826 0.238583 0.362900 0.275179 0.275676 0.265005 0.290499 0.253868 0.294345 0.345771 0.356469 0.361321 0.322071 0.386194 0.367349 0.287070 0.337508 0.362014 0.253187 0.221262 0.152969 0.197782 0.201476 0.199229 0.328436 0.335003 0.232711 0.177894 0.186338 0.271375 0.239368 0.227445 0.166534 0.544571 0.245660 0.534019 0.291861 0.356409 0.322616 0.308688 0.362447 0.420876 0.278783 0.462529 0.668683 0.317874 0.551046 0.427849 0.252642 0.208146 0.213689 0.278474 0.257771 0.237233 0.270918 0.239419 0.258970 0.244571 0.265550 0.277222 0.285173 0.214667 0.260693 0.196467 0.241386 0.193998 0.173451 0.172428 0.178696 0.192175 0.180036 0.250298 0.241722 0.273562 0.239899 0.291968 0.240137 0.272141 0.283216 0.284680 0.262017 0.292660 0.269636 0.272072 0.266658 0.262823 0.235481 0.274718 0.302386 0.263891 0.245462 0.280375 0.280929 0.262433 0.241496 0.253732 0.284634 0.269645 0.288824 0.191162 0.248004 0.240788 0.209425 0.320710 0.234139 0.381487 0.295893 0.309866 0.216737 0.223708 0.255065 0.215821 0.208643 0.175377 0.174697 0.270856 0.172565 0.242801 0.196629 0.221112 0.317301 0.355985 0.349783 0.375507 0.338319 0.248666 0.254880 0.242529 0.255932 0.231976 0.267501 0.278088 0.245583 0.184917 0.209404 0.287169 0.198282 0.219200 0.187607 0.162841 0.205536 0.227670 0.185832 0.197494 0.181865 0.171007 0.160953 0.184085 0.212461 0.158251 0.177640 0.240931 0.165569 0.158372 0.151049 0.175956 0.215677 0.210244 0.299891 0.211048 0.238712 0.245988 0.211397 0.184497 0.164728 0.190230 0.147751 0.215235 0.203785 0.198924 0.294919 0.252201 0.269801 0.218858 0.187463 0.234330 0.214972 0.155050 0.160711 0.196992 0.264181 0.287505 0.271012 0.205400 0.178003 0.244043 0.211211 0.168833 0.154871 0.265707 0.303910 0.277061 
0.149204 0.000000 0.154937 0.113657 0.248785 0.240287 0.259015 0.171649 0.204269 0.180921 0.182908 0.172529 0.197916 0.218492 0.204561 0.177523 0.152216 0.193784 0.211326 0.336066 0.392242 0.398884 0.391199 0.436119 0.369257 0.389437 0.351414 0.404590 0.363852 0.333012 0.345497 0.357835 0.353674 0.368267 0.394517 0.313553 0.406054 0.369525 0.197660 0.210703 0.228000 0.190808 0.261760 0.267751 0.227061 0.186331 0.225598 0.231752 0.151335 0.310280 0.272142 0.284211 0.222413 0.245196 0.255639 0.260375 0.339888 0.357053 0.334836 0.347659 0.378105 0.386155 0.211923 0.346893 0.370351 0.214479 0.223816 0.119633 0.161905 0.173027 0.193391 0.267039 0.306741 0.195291 0.224512 0.214390 0.187250 0.157073 0.138081 0.169373 0.533484 0.218407 0.509164 0.294328 0.326622 0.260014 0.295983 0.347546 0.370021 0.251109 0.443279 0.646021 0.288777 0.544856 0.410910 0.218982 0.183434 0.228585 0.225199 0.208753 0.211421 0.223278 0.205554 0.208378 0.195692 0.226443 0.245463 0.221989 0.212125 0.240645 0.137509 0.203706 0.141162 0.135271 0.140381 0.140360 0.160874 0.147463 0.210751 0.197979 0.242321 0.221237 0.254450 0.214393 0.214967 0.238546 0.241567 0.193793 0.234807 0.228139 0.256721 0.259231 0.223307 0.190170 0.257531 0.277628 0.240863 0.201619 0.238270 0.234224 0.224513 0.208124 0.206973 0.241721 0.252469 0.242482 0.206951 0.214655 0.243756 0.186405 0.284262 0.222507 0.389719 0.291266 0.341714 0.196763 0.197570 0.275959 0.194243 0.172281 0.126805 0.166444 0.253394 0.150215 0.212450 0.173787 0.187738 0.251193 0.277485 0.291150 0.277199 0.267963 0.185705 0.204342 0.180563 0.201284 0.159973 0.235462 0.201174 0.186266 0.123677 0.144381 0.251588 0.175156 0.185668 0.200416 0.158211 0.183837 0.158126 0.176536 0.180129 0.126845 0.136658 0.169142 0.175568 0.165574 0.130281 0.130144 0.205840 0.184897 0.152450 0.144370 0.125183 0.151398 0.156132 0.247167 0.173689 0.159379 0.188072 0.197797 0.159133 0.117307 0.169091 0.151976 0.144196 0.162024 0.137135 0.273891 0.221640 0.217762 0.183741 0.162870 0.209293 0.178236 0.135252 0.143512 0.158866 0.236912 0.272300 0.240063 0.128733 0.164085 0.203295 0.181303 0.137065 0.132184 0.242873 0.279102 0.244792 
0.142386 0.154937 0.000000 0.125994 0.252237 0.239877 0.257383 0.149285 0.135554 0.159720 0.153923 0.162059 0.183318 0.202110 0.182896 0.141224 0.149214 0.138810 0.155275 0.363043 0.412750 0.391504 0.412701 0.452396 0.405671 0.409121 0.364707 0.420411 0.397968 0.358322 0.369419 0.357360 0.386502 0.396855 0.408355 0.336866 0.410677 0.384664 0.226688 0.192732 0.250010 0.212384 0.266368 0.260889 0.211404 0.199585 0.160320 0.259256 0.238921 0.361249 0.293960 0.305687 0.248435 0.279207 0.249078 0.281214 0.360572 0.366118 0.370164 0.354983 0.375590 0.401661 0.285690 0.322757 0.392422 0.261526 0.215590 0.159869 0.180990 0.140485 0.149176 0.330693 0.350172 0.227246 0.226644 0.184203 0.263140 0.204873 0.228891 0.168027 0.543791 0.204879 0.538983 0.275847 0.340546 0.287157 0.297920 0.336432 0.408956 0.279358 0.456599 0.677214 0.295234 0.532256 0.450333 0.218258 0.198898 0.262282 0.264244 0.232616 0.249265 0.237752 0.241718 0.258737 0.215882 0.235206 0.268923 0.253106 0.195469 0.293754 0.157539 0.230629 0.173210 0.123160 0.150020 0.127014 0.153828 0.148813 0.172919 0.159308 0.186728 0.179530 0.221905 0.179848 0.202701 0.177316 0.186735 0.216587 0.226703 0.185710 0.186689 0.178435 0.203973 0.169290 0.178345 0.201607 0.153469 0.191381 0.201686 0.230670 0.188988 0.177389 0.206730 0.201874 0.165297 0.213891 0.202937 0.226235 0.248615 0.150335 0.237820 0.176113 0.393849 0.270123 0.341141 0.230334 0.164231 0.181481 0.163236 0.144734 0.125237 0.095491 0.207022 0.138506 0.178592 0.174033 0.190470 0.299655 0.356783 0.352713 0.369269 0.363154 0.244435 0.209216 0.203046 0.240702 0.209131 0.235513 0.265155 0.246746 0.120960 0.151965 0.184396 0.177437 0.228267 0.206555 0.150549 0.240245 0.203385 0.160230 0.196812 0.189455 0.148586 0.148859 0.140767 0.220302 0.131855 0.161778 0.144589 0.131165 0.165281 0.171211 0.165810 0.198082 0.186916 0.248288 0.177529 0.204337 0.205892 0.168098 0.126904 0.101987 0.165341 0.102082 0.127355 0.115071 0.123033 0.240565 0.246960 0.253158 0.187992 0.133939 0.166990 0.234661 0.138152 0.153754 0.162327 0.246858 0.278066 0.239416 0.199904 0.132716 0.188109 0.178929 0.146344 0.117787 0.241467 0.293519 0.257684 
0.163085 0.113657 0.125994 0.000000 0.276718 0.223781 0.246941 0.163235 0.183847 0.160328 0.187139 0.167630 0.154466 0.195801 0.153561 0.153238 0.168325 0.147023 0.208771 0.341553 0.396269 0.407532 0.397177 0.441211 0.376306 0.393201 0.358206 0.412903 0.366980 0.338659 0.356400 0.369117 0.363315 0.373131 0.400208 0.316873 0.408359 0.371245 0.190788 0.202584 0.234514 0.179693 0.231822 0.240431 0.184511 0.170689 0.192807 0.238098 0.196729 0.329472 0.281811 0.309979 0.231601 0.254739 0.239687 0.257086 0.349691 0.351176 0.326124 0.337553 0.359666 0.378013 0.241130 0.345374 0.375641 0.199433 0.162672 0.130355 0.174905 0.121254 0.103482 0.323935 0.326132 0.218903 0.225474 0.189996 0.222717 0.191381 0.179712 0.116674 0.553125 0.226241 0.550060 0.309513 0.313480 0.295213 0.301854 0.342397 0.376063 0.255327 0.452641 0.675816 0.300050 0.504836 0.446519 0.212191 0.196844 0.217027 0.226187 0.187392 0.210693 0.219134 0.201189 0.206547 0.192490 0.208466 0.220878 0.204139 0.222867 0.243307 0.148672 0.193367 0.135472 0.110780 0.104527 0.137695 0.164442 0.142366 0.203008 0.169193 0.186739 0.228958 0.260631 0.209687 0.180703 0.230606 0.228500 0.213141 0.224439 0.201852 0.262770 0.232841 0.226256 0.179538 0.257416 0.265958 0.233363 0.208361 0.236290 0.244883 0.231918 0.220499 0.211586 0.216493 0.221590 0.238373 0.209969 0.188655 0.214051 0.171669 0.243045 0.149556 0.399365 0.252276 0.296491 0.174251 0.146148 0.255065 0.163282 0.140889 0.111212 0.128243 0.225650 0.129915 0.178039 0.148599 0.146367 0.269459 0.311502 0.315041 0.321747 0.313053 0.213937 0.217022 0.166268 0.189475 0.177927 0.235946 0.219467 0.200508 0.147254 0.150504 0.207834 0.168603 0.198401 0.205859 0.154681 0.177367 0.199033 0.184197 0.213363 0.135869 0.135902 0.173332 0.175768 0.165863 0.121918 0.133597 0.210534 0.192139 0.147026 0.160286 0.123157 0.164494 0.160004 0.237794 0.161677 0.166852 0.217081 0.196309 0.131225 0.110203 0.182078 0.139294 0.116023 0.119836 0.148404 0.236031 0.224563 0.217951 0.166613 0.123658 0.148423 0.191979 0.117226 0.148011 0.158348 0.228411 0.276011 0.232680 0.188234 0.164241 0.198881 0.170908 0.126408 0.133220 0.228676 0.254928 0.233005 
0.249141 0.248785 0.252237 0.276718 0.000000 0.124263 0.162375 0.306675 0.330295 0.318527 0.312274 0.320526 0.304386 0.326922 0.324021 0.282631 0.302177 0.317328 0.295176 0.349956 0.399631 0.362627 0.383045 0.425441 0.375115 0.372867 0.356521 0.387037 0.364782 0.377943 0.351749 0.377700 0.351977 0.380686 0.377171 0.360504 0.388600 0.372272 0.318499 0.339642 0.328255 0.324665 0.348573 0.338803 0.361461 0.324506 0.332746 0.302381 0.258669 0.297590 0.310578 0.305802 0.294591 0.312572 0.278348 0.267095 0.240082 0.232254 0.248909 0.249075 0.291050 0.276656 0.270115 0.237983 0.263454 0.204386 0.237153 0.213891 0.225124 0.310058 0.326768 0.260134 0.274460 0.172872 0.173374 0.185033 0.226343 0.204986 0.233298 0.273515 0.366393 0.287690 0.430769 0.217132 0.296989 0.267094 0.204771 0.293443 0.325182 0.248583 0.346152 0.571795 0.234011 0.455531 0.297490 0.296150 0.313645 0.367036 0.321658 0.357195 0.337696 0.341992 0.326197 0.349866 0.322301 0.343470 0.386610 0.364637 0.344998 0.384009 0.224649 0.272901 0.252713 0.251902 0.265756 0.252568 0.227198 0.241520 0.313456 0.347961 0.344451 0.325484 0.354368 0.320747 0.317841 0.353581 0.341636 0.319461 0.324327 0.325415 0.350074 0.353260 0.299216 0.303946 0.357254 0.367636 0.338416 0.314964 0.342858 0.319568 0.317122 0.294140 0.330258 0.346990 0.343313 0.341467 0.349184 0.296616 0.265882 0.317708 0.444450 0.329587 0.282405 0.424985 0.334457 0.326726 0.294013 0.409362 0.356761 0.289986 0.275077 0.300055 0.338935 0.301451 0.367709 0.322951 0.353166 0.264879 0.278731 0.283233 0.278674 0.264689 0.261184 0.270585 0.272066 0.280480 0.244290 0.267441 0.259829 0.216898 0.254695 0.267303 0.403316 0.360914 0.201573 0.218753 0.217252 0.258440 0.227237 0.211131 0.212400 0.252133 0.220170 0.198260 0.249462 0.241762 0.256104 0.234791 0.324506 0.225288 0.206804 0.195984 0.277427 0.266339 0.249844 0.334901 0.252955 0.248821 0.270933 0.289691 0.300212 0.260523 0.293534 0.230681 0.301007 0.310010 0.287344 0.383818 0.332552 0.312743 0.320924 0.294632 0.340261 0.287178 0.265251 0.268118 0.267137 0.291242 0.219088 0.278556 0.220813 0.270365 0.314657 0.302025 0.250962 0.245425 0.300905 0.304324 0.293062 
0.225365 0.240287 0.239877 0.223781 0.124263 0.000000 0.112384 0.301309 0.319383 0.307510 0.307696 0.305817 0.269254 0.280412 0.290250 0.275637 0.303610 0.298674 0.296030 0.309677 0.357060 0.358171 0.343584 0.390261 0.336301 0.350252 0.320417 0.363905 0.332070 0.324237 0.317354 0.343607 0.311463 0.335990 0.354563 0.307642 0.361960 0.338441 0.278051 0.305778 0.297165 0.277596 0.313257 0.314626 0.320392 0.292392 0.305363 0.253295 0.246339 0.285288 0.276004 0.278588 0.260499 0.300893 0.241518 0.244195 0.226725 0.229775 0.212054 0.225965 0.263947 0.253618 0.230634 0.259597 0.264587 0.175326 0.171668 0.215031 0.227541 0.268921 0.289459 0.279371 0.281723 0.169585 0.130972 0.144295 0.198900 0.197684 0.204440 0.211600 0.413039 0.293475 0.467428 0.225774 0.305368 0.293745 0.235567 0.305306 0.352673 0.230849 0.384949 0.593786 0.248697 0.408565 0.328434 0.286021 0.276449 0.305963 0.270427 0.298511 0.279462 0.281815 0.274656 0.301766 0.266703 0.292963 0.330119 0.311842 0.309972 0.332176 0.226229 0.236465 0.231831 0.213112 0.235710 0.233969 0.230087 0.220557 0.304328 0.307788 0.324958 0.316504 0.356494 0.308622 0.308203 0.352436 0.344840 0.313296 0.319319 0.309935 0.355004 0.355404 0.300268 0.290516 0.356417 0.372271 0.337721 0.307338 0.346970 0.321887 0.317462 0.288321 0.315346 0.329911 0.348126 0.346521 0.321312 0.262882 0.186669 0.291029 0.400491 0.288969 0.285113 0.385806 0.275065 0.274601 0.264000 0.396989 0.309218 0.262165 0.260132 0.287285 0.346264 0.269388 0.321587 0.276342 0.302817 0.241011 0.279377 0.271005 0.280942 0.267567 0.232868 0.254951 0.239718 0.243403 0.213095 0.252428 0.230368 0.190834 0.254939 0.262150 0.363799 0.338433 0.190315 0.212369 0.204709 0.230291 0.238297 0.206309 0.223866 0.232717 0.208720 0.200247 0.237275 0.220841 0.233178 0.225519 0.317775 0.225827 0.182587 0.193524 0.256228 0.244613 0.245797 0.337469 0.249148 0.242380 0.281472 0.291647 0.273132 0.261562 0.291811 0.230312 0.276110 0.275560 0.280160 0.358803 0.322204 0.300179 0.293793 0.284728 0.307010 0.269805 0.229827 0.246500 0.238731 0.257021 0.203227 0.260703 0.220608 0.261589 0.317688 0.284476 0.234210 0.225303 0.271607 0.268969 0.263635 
0.242494 0.259015 0.257383 0.246941 0.162375 0.112384 0.000000 0.304153 0.335745 0.323368 0.297471 0.318844 0.303176 0.312613 0.332580 0.319737 0.322931 0.290968 0.310845 0.345185 0.383143 0.373954 0.373286 0.405668 0.374218 0.378551 0.346299 0.368532 0.374282 0.378770 0.312772 0.374390 0.324223 0.369803 0.380405 0.358585 0.379102 0.370019 0.340038 0.350232 0.336390 0.320137 0.363519 0.355452 0.378989 0.356108 0.357679 0.276232 0.299317 0.317616 0.306934 0.296988 0.319418 0.304227 0.266809 0.273889 0.245373 0.272609 0.233829 0.266774 0.264700 0.289762 0.270868 0.284558 0.319104 0.201607 0.188637 0.243680 0.236082 0.296232 0.299550 0.304243 0.297303 0.217980 0.177787 0.195490 0.244271 0.245395 0.247891 0.256913 0.394775 0.288267 0.464868 0.228594 0.282434 0.280301 0.262532 0.293874 0.338263 0.234769 0.388266 0.569331 0.255960 0.377549 0.343610 0.291650 0.320518 0.330435 0.331808 0.355426 0.333611 0.326109 0.334288 0.361698 0.328708 0.350924 0.387998 0.376946 0.356966 0.379653 0.251479 0.258750 0.266562 0.248185 0.261184 0.260564 0.247097 0.232440 0.349326 0.344098 0.368320 0.353477 0.397674 0.360634 0.349111 0.386845 0.386908 0.360763 0.359104 0.351669 0.397053 0.393517 0.341014 0.342852 0.399537 0.414045 0.381073 0.353813 0.377423 0.363576 0.358833 0.323353 0.370300 0.371887 0.386013 0.388581 0.344408 0.290226 0.194377 0.330352 0.444275 0.325526 0.286483 0.412390 0.328005 0.311043 0.291910 0.417295 0.341934 0.277839 0.278377 0.314141 0.358138 0.313211 0.363343 0.314015 0.349948 0.274740 0.297094 0.291751 0.309260 0.303760 0.274066 0.270570 0.275943 0.272636 0.244921 0.278895 0.267546 0.248519 0.268785 0.279803 0.394191 0.357679 0.227408 0.219864 0.237492 0.247226 0.262656 0.234433 0.260007 0.243064 0.235069 0.216070 0.258279 0.232760 0.257548 0.247215 0.325859 0.248074 0.223574 0.219415 0.264318 0.242549 0.266067 0.362621 0.270455 0.269826 0.305135 0.292060 0.288057 0.279772 0.315487 0.269986 0.299486 0.308804 0.303137 0.395665 0.337625 0.298264 0.303040 0.288020 0.327126 0.282331 0.249351 0.253666 0.269565 0.270640 0.207881 0.280002 0.252662 0.306073 0.314208 0.277702 0.235800 0.222738 0.300055 0.292810 0.283953 
0.217514 0.171649 0.149285 0.163235 0.306675 0.301309 0.304153 0.000000 0.137304 0.055313 0.059783 0.095769 0.114676 0.141772 0.119969 0.138872 0.133782 0.122316 0.133265 0.314692 0.363016 0.376757 0.362356 0.407780 0.349597 0.354902 0.339994 0.361192 0.343101 0.316756 0.300984 0.322410 0.320010 0.343016 0.355548 0.286399 0.369333 0.335792 0.174414 0.163736 0.190862 0.142593 0.205685 0.201454 0.177236 0.144294 0.147817 0.163013 0.182583 0.279762 0.191099 0.203648 0.196229 0.207589 0.206107 0.293603 0.390164 0.371515 0.424853 0.415674 0.435262 0.443633 0.254169 0.353497 0.431532 0.281657 0.250244 0.146307 0.199995 0.146759 0.150902 0.338833 0.305563 0.272631 0.301504 0.254898 0.266555 0.229468 0.232807 0.213037 0.541673 0.122704 0.489816 0.250885 0.223140 0.206303 0.303737 0.232188 0.359942 0.211456 0.423957 0.618332 0.228867 0.537668 0.398398 0.131922 0.164623 0.201961 0.208045 0.180352 0.200537 0.194226 0.195845 0.196548 0.171866 0.191600 0.210989 0.190885 0.187476 0.233621 0.183712 0.174402 0.176416 0.156996 0.161451 0.163158 0.167246 0.177367 0.120955 0.133084 0.145773 0.152637 0.167464 0.144650 0.132221 0.152232 0.153065 0.150045 0.161490 0.155737 0.177870 0.169252 0.146475 0.120593 0.181793 0.193612 0.165319 0.141257 0.161793 0.173551 0.152825 0.137285 0.162786 0.160975 0.142281 0.155923 0.152943 0.167510 0.281566 0.118838 0.224899 0.198289 0.363869 0.215822 0.349852 0.153904 0.154201 0.186092 0.140071 0.114481 0.121709 0.130966 0.191966 0.128914 0.190243 0.140558 0.175519 0.294802 0.355257 0.347943 0.370953 0.389795 0.238049 0.234020 0.186636 0.217531 0.217728 0.223237 0.244878 0.271843 0.138494 0.190121 0.250315 0.216610 0.236479 0.206190 0.150641 0.232995 0.168589 0.212219 0.190336 0.191070 0.178378 0.179020 0.171027 0.226903 0.172357 0.193919 0.113850 0.206296 0.178957 0.182360 0.186170 0.182345 0.209788 0.253673 0.189557 0.203744 0.190795 0.153629 0.192928 0.146348 0.199928 0.176271 0.120051 0.154306 0.161367 0.214099 0.196946 0.220474 0.180655 0.174482 0.209345 0.181030 0.150700 0.164831 0.141652 0.193722 0.273384 0.176155 0.188950 0.171246 0.122134 0.172220 0.109980 0.140968 0.165766 0.192289 0.159087 
0.213362 0.204269 0.135554 0.183847 0.330295 0.319383 0.335745 0.137304 0.000000 0.137130 0.162431 0.098634 0.210100 0.198869 0.197845 0.144844 0.129418 0.076373 0.152877 0.365342 0.415827 0.395416 0.415474 0.455757 0.412174 0.423529 0.367598 0.425937 0.404565 0.364527 0.362542 0.374211 0.386238 0.400550 0.420751 0.340662 0.416914 0.388919 0.235497 0.197691 0.262793 0.236792 0.275138 0.279637 0.238679 0.218398 0.164959 0.232354 0.224212 0.320510 0.258657 0.261283 0.205669 0.235385 0.210043 0.281220 0.377881 0.398671 0.418836 0.393009 0.406834 0.433658 0.264498 0.349286 0.415353 0.282965 0.258731 0.188738 0.200257 0.145568 0.157392 0.334967 0.328064 0.267178 0.296797 0.260567 0.274228 0.261620 0.244712 0.230356 0.513513 0.161842 0.483751 0.271769 0.285880 0.255619 0.289864 0.315484 0.366448 0.265551 0.444530 0.659905 0.281886 0.545522 0.408647 0.214363 0.207748 0.280886 0.273361 0.251643 0.259876 0.256872 0.249803 0.267622 0.225562 0.251898 0.285512 0.273526 0.204077 0.299099 0.200836 0.229515 0.213751 0.179659 0.196904 0.184182 0.205088 0.192158 0.194630 0.188247 0.200475 0.173909 0.229253 0.198591 0.219236 0.184377 0.223001 0.226259 0.250656 0.218928 0.207229 0.195585 0.216226 0.191801 0.195655 0.219408 0.176523 0.201186 0.237245 0.248661 0.197860 0.198669 0.208276 0.212661 0.188468 0.230058 0.221295 0.207313 0.298652 0.163750 0.258289 0.204831 0.404856 0.314032 0.363750 0.233350 0.193416 0.206411 0.195361 0.163019 0.169810 0.106164 0.210742 0.161716 0.214443 0.200796 0.244799 0.310290 0.363488 0.358313 0.392624 0.409934 0.254265 0.229131 0.226117 0.256586 0.247792 0.243412 0.268339 0.294576 0.172380 0.218323 0.265449 0.237821 0.246707 0.235058 0.181127 0.259907 0.230569 0.187935 0.185443 0.227239 0.200949 0.178269 0.150288 0.247273 0.151516 0.223565 0.142741 0.160223 0.221477 0.192835 0.173467 0.213739 0.215859 0.238143 0.199074 0.222547 0.196423 0.162075 0.173203 0.141697 0.157107 0.142247 0.161400 0.169231 0.173942 0.200994 0.204608 0.225401 0.178208 0.196051 0.193733 0.215896 0.181340 0.192931 0.157821 0.228940 0.264648 0.194898 0.220948 0.165494 0.189691 0.163357 0.180995 0.176149 0.237263 0.273940 0.256163 
0.217593 0.180921 0.159720 0.160328 0.318527 0.307510 0.323368 0.055313 0.137130 0.000000 0.089478 0.121724 0.106818 0.154640 0.120330 0.145040 0.133391 0.132821 0.146622 0.305553 0.360089 0.378165 0.357504 0.402890 0.348211 0.356326 0.335984 0.362425 0.338467 0.315376 0.305461 0.324772 0.322408 0.338202 0.355325 0.267453 0.354831 0.308989 0.158698 0.155397 0.184394 0.146566 0.175911 0.180480 0.162085 0.127821 0.151500 0.174843 0.179937 0.268531 0.191674 0.209794 0.179902 0.218018 0.221447 0.286489 0.383692 0.363853 0.422434 0.406277 0.441860 0.441085 0.249885 0.355391 0.418432 0.274757 0.249924 0.148434 0.198498 0.154266 0.150095 0.328499 0.299610 0.260962 0.294630 0.259477 0.263014 0.227999 0.231101 0.208551 0.545357 0.142674 0.510761 0.263340 0.233519 0.223967 0.306720 0.250882 0.365258 0.219243 0.436437 0.632743 0.239288 0.542173 0.410008 0.135852 0.158298 0.206951 0.209991 0.173140 0.200975 0.196718 0.186479 0.187167 0.160577 0.170217 0.191969 0.179702 0.188290 0.218320 0.189564 0.187843 0.184653 0.168904 0.160418 0.172687 0.183107 0.192578 0.129999 0.145650 0.130453 0.152393 0.159178 0.129531 0.126813 0.135656 0.139496 0.150460 0.151554 0.151735 0.178626 0.158256 0.157552 0.117048 0.172921 0.188399 0.149117 0.125240 0.154191 0.163516 0.149123 0.150505 0.142002 0.154793 0.132020 0.136704 0.156213 0.167610 0.284794 0.120738 0.229049 0.202384 0.375259 0.202505 0.346984 0.159939 0.161910 0.177777 0.157549 0.127461 0.125159 0.135347 0.196763 0.135685 0.202740 0.145313 0.169599 0.289671 0.353107 0.338578 0.372554 0.386649 0.230528 0.237246 0.187541 0.217350 0.215702 0.222496 0.244739 0.273727 0.149892 0.196390 0.261245 0.229047 0.226947 0.210131 0.144298 0.230819 0.170836 0.215352 0.186966 0.200764 0.180500 0.178631 0.181632 0.225907 0.160401 0.191542 0.137740 0.212277 0.180942 0.178486 0.186018 0.190527 0.209319 0.249202 0.191681 0.203117 0.197050 0.167571 0.200814 0.154477 0.203823 0.187810 0.136764 0.147457 0.168350 0.218853 0.209580 0.233009 0.194390 0.181280 0.202440 0.188532 0.177885 0.189797 0.151377 0.213949 0.285702 0.200148 0.197094 0.189929 0.142009 0.184240 0.126167 0.157381 0.178176 0.216696 0.188397 
0.216314 0.182908 0.153923 0.187139 0.312274 0.307696 0.297471 0.059783 0.162431 0.089478 0.000000 0.122434 0.109963 0.155111 0.128642 0.156370 0.156667 0.132466 0.126845 0.314585 0.355655 0.386017 0.358308 0.405310 0.353469 0.359909 0.337078 0.349917 0.352408 0.324974 0.288205 0.319087 0.301443 0.342865 0.362920 0.306784 0.381356 0.352784 0.186419 0.183538 0.199618 0.135023 0.211961 0.204798 0.188069 0.157200 0.160050 0.195891 0.195328 0.303493 0.216643 0.224064 0.223507 0.226648 0.230617 0.315670 0.410011 0.390924 0.445830 0.429736 0.456915 0.464341 0.272081 0.393717 0.460151 0.296945 0.252394 0.168476 0.213143 0.178590 0.172094 0.367384 0.332076 0.297141 0.314568 0.276730 0.293683 0.241951 0.255399 0.230901 0.572015 0.131472 0.508377 0.256698 0.237534 0.220458 0.336138 0.247252 0.368547 0.231537 0.438019 0.632366 0.257533 0.549984 0.414278 0.119713 0.180705 0.186363 0.219298 0.195601 0.199355 0.189859 0.199537 0.209702 0.189875 0.202308 0.226512 0.209856 0.194271 0.237547 0.201202 0.209416 0.193160 0.161212 0.162506 0.165853 0.169258 0.179714 0.132313 0.137670 0.165437 0.149061 0.171789 0.147502 0.148741 0.177987 0.167270 0.153908 0.174601 0.166912 0.178129 0.173015 0.164424 0.139964 0.182905 0.195044 0.159342 0.157160 0.162130 0.190009 0.172803 0.158693 0.179816 0.183438 0.147801 0.169372 0.150072 0.180729 0.294993 0.127812 0.239777 0.220426 0.382954 0.215909 0.379076 0.160592 0.177970 0.180231 0.154633 0.137816 0.139787 0.146366 0.215867 0.145099 0.206455 0.140664 0.186401 0.322958 0.385273 0.365286 0.395106 0.406034 0.268593 0.270127 0.219258 0.255615 0.245337 0.260554 0.274535 0.289246 0.155416 0.208533 0.265677 0.196154 0.275311 0.200064 0.170223 0.230337 0.196844 0.241575 0.228863 0.215771 0.201027 0.216350 0.205226 0.250912 0.196613 0.204293 0.126107 0.227828 0.186078 0.214677 0.216115 0.194641 0.235709 0.286124 0.218506 0.222057 0.199373 0.180764 0.228470 0.164777 0.214773 0.186510 0.137756 0.174108 0.160496 0.254604 0.231242 0.273273 0.233436 0.166853 0.232974 0.184539 0.173813 0.176533 0.166136 0.210108 0.311839 0.211869 0.213457 0.179044 0.141982 0.214136 0.127118 0.166410 0.159182 0.208013 0.162245 
0.195677 0.172529 0.162059 0.167630 0.320526 0.305817 0.318844 0.095769 0.098634 0.121724 0.122434 0.000000 0.189393 0.192555 0.174549 0.153994 0.144764 0.091181 0.161445 0.354058 0.406876 0.403141 0.407941 0.450954 0.390723 0.406469 0.364456 0.414507 0.379654 0.353161 0.342113 0.371432 0.368779 0.384432 0.409803 0.333663 0.419991 0.382776 0.212684 0.198204 0.246303 0.216440 0.264121 0.270449 0.224004 0.186597 0.200216 0.204912 0.199749 0.317879 0.224372 0.231161 0.219253 0.240271 0.223822 0.293637 0.380590 0.392934 0.410618 0.403084 0.421480 0.434295 0.265493 0.364809 0.415648 0.282018 0.253124 0.168452 0.208606 0.150467 0.151916 0.346966 0.330995 0.277949 0.294709 0.268536 0.267032 0.256647 0.232516 0.216697 0.542486 0.164727 0.488037 0.268255 0.265211 0.257859 0.319620 0.296696 0.376452 0.225331 0.445129 0.645760 0.273051 0.545965 0.406911 0.196315 0.194197 0.243265 0.248407 0.223076 0.237513 0.249649 0.225564 0.237201 0.215466 0.235010 0.254376 0.240903 0.204285 0.269614 0.205324 0.216250 0.204427 0.176171 0.173078 0.189889 0.199921 0.182641 0.181283 0.176991 0.215581 0.186031 0.213285 0.187834 0.200028 0.207482 0.227440 0.204840 0.236112 0.228512 0.225337 0.194995 0.209065 0.179922 0.219239 0.248544 0.209817 0.199043 0.235379 0.233549 0.207905 0.209337 0.207141 0.233296 0.205272 0.223644 0.192267 0.211432 0.281463 0.163166 0.274731 0.211773 0.393577 0.290372 0.365414 0.203646 0.186835 0.223041 0.189508 0.166877 0.148369 0.119835 0.226434 0.144121 0.223070 0.176390 0.212406 0.320875 0.363476 0.363644 0.387616 0.387085 0.256201 0.253642 0.234079 0.259350 0.250839 0.260692 0.276729 0.271412 0.184552 0.227820 0.273772 0.190970 0.242511 0.221695 0.187705 0.238342 0.211154 0.214774 0.203829 0.198605 0.201200 0.192111 0.185896 0.226767 0.160727 0.217576 0.163107 0.203481 0.201268 0.176996 0.174509 0.209197 0.226856 0.269679 0.212783 0.222709 0.206200 0.163681 0.206254 0.152561 0.152795 0.148713 0.155136 0.180944 0.162205 0.225774 0.211659 0.234911 0.186793 0.186869 0.213039 0.206071 0.159558 0.172939 0.174168 0.220210 0.279010 0.201353 0.203779 0.154521 0.177088 0.181325 0.150888 0.180906 0.220987 0.242913 0.211719 
0.245164 0.197916 0.183318 0.154466 0.304386 0.269254 0.303176 0.114676 0.210100 0.106818 0.109963 0.189393 0.000000 0.132171 0.067834 0.147352 0.184687 0.175890 0.140491 0.254005 0.305429 0.354071 0.300485 0.357007 0.294803 0.302856 0.291652 0.307298 0.280577 0.267403 0.268452 0.277734 0.264532 0.286734 0.298155 0.237306 0.321982 0.284653 0.107475 0.122287 0.150253 0.086657 0.136572 0.133458 0.094315 0.086766 0.106924 0.182803 0.177931 0.275113 0.197758 0.233931 0.186684 0.258784 0.221580 0.284750 0.377099 0.346529 0.403607 0.387720 0.432750 0.423930 0.257062 0.376300 0.424974 0.273131 0.239292 0.177517 0.201283 0.166412 0.155658 0.346432 0.317704 0.254820 0.285821 0.239779 0.260214 0.218119 0.237770 0.181296 0.600767 0.173707 0.549472 0.293331 0.257507 0.244530 0.348660 0.247880 0.359306 0.225907 0.435502 0.654986 0.251579 0.539882 0.434668 0.100002 0.151140 0.151439 0.152065 0.134775 0.139632 0.138987 0.124286 0.136598 0.117887 0.121098 0.144657 0.134247 0.173316 0.174426 0.176897 0.218405 0.168123 0.119891 0.143548 0.151361 0.178113 0.171728 0.111486 0.115607 0.109276 0.131079 0.169209 0.107724 0.092489 0.137326 0.129552 0.135617 0.130941 0.103506 0.163891 0.144860 0.151867 0.111651 0.159572 0.165859 0.132231 0.117097 0.141251 0.150794 0.142718 0.134299 0.138492 0.127605 0.137494 0.144502 0.128410 0.146655 0.284600 0.093626 0.190923 0.184097 0.401083 0.167212 0.341257 0.127166 0.132417 0.183168 0.115821 0.117964 0.140303 0.162810 0.215764 0.126935 0.160575 0.103010 0.144891 0.281772 0.349803 0.326821 0.357124 0.357304 0.258406 0.259123 0.182902 0.225397 0.218655 0.244892 0.249228 0.238431 0.164543 0.184072 0.257087 0.233671 0.262485 0.208909 0.158428 0.204239 0.217110 0.230991 0.241080 0.198086 0.170305 0.227448 0.221808 0.226692 0.188749 0.173813 0.153820 0.233685 0.188318 0.220984 0.197604 0.208176 0.215372 0.260516 0.196171 0.191020 0.238791 0.225098 0.212447 0.185588 0.241561 0.208751 0.163170 0.161252 0.188441 0.235668 0.242037 0.278232 0.229041 0.182255 0.202022 0.199028 0.168235 0.180534 0.159232 0.216322 0.308288 0.206526 0.238403 0.196838 0.191488 0.233661 0.138411 0.162398 0.128969 0.191726 0.159407 
0.242105 0.218492 0.202110 0.195801 0.326922 0.280412 0.312613 0.141772 0.198869 0.154640 0.155111 0.192555 0.132171 0.000000 0.137252 0.173563 0.205662 0.203856 0.170761 0.261737 0.318935 0.346161 0.328004 0.375228 0.306154 0.346046 0.283976 0.333136 0.304429 0.260568 0.260382 0.271225 0.273450 0.306401 0.340327 0.279187 0.367082 0.337881 0.184743 0.172671 0.224248 0.146811 0.203645 0.205543 0.129057 0.180923 0.151618 0.167231 0.188709 0.287028 0.210977 0.215322 0.167966 0.248692 0.213751 0.254146 0.369002 0.336965 0.407845 0.354029 0.416950 0.392883 0.236643 0.339168 0.390803 0.298081 0.264166 0.184267 0.211020 0.165685 0.165568 0.329344 0.314081 0.263299 0.294025 0.237094 0.261164 0.240539 0.243074 0.179357 0.600483 0.176604 0.519063 0.291146 0.253569 0.242552 0.342441 0.255120 0.348987 0.206333 0.419381 0.629923 0.248303 0.573035 0.407118 0.168368 0.168908 0.177933 0.185874 0.177661 0.175238 0.146504 0.171713 0.219697 0.181722 0.184893 0.199603 0.182237 0.197718 0.233629 0.182378 0.188569 0.155583 0.129436 0.149315 0.169018 0.198907 0.178544 0.187016 0.143716 0.169670 0.196266 0.264537 0.202001 0.175633 0.225587 0.214281 0.211618 0.229620 0.173500 0.237547 0.229835 0.220420 0.172880 0.233489 0.215352 0.211634 0.196625 0.238362 0.242291 0.212990 0.184820 0.202719 0.203742 0.215189 0.233708 0.186577 0.124896 0.235853 0.146786 0.183621 0.146450 0.377220 0.218189 0.265852 0.122611 0.130387 0.257215 0.125150 0.135458 0.151775 0.177175 0.207278 0.136244 0.118825 0.108346 0.154841 0.272318 0.359986 0.325353 0.363674 0.358498 0.235758 0.229296 0.177050 0.188729 0.227725 0.216576 0.240677 0.244614 0.176270 0.192295 0.263813 0.268539 0.255630 0.233914 0.158976 0.238800 0.227943 0.233059 0.224655 0.176336 0.167317 0.216012 0.210411 0.229949 0.188009 0.186413 0.163828 0.224262 0.201368 0.214027 0.208593 0.219685 0.217642 0.262861 0.198760 0.209962 0.248841 0.211056 0.187550 0.222796 0.268863 0.227367 0.171168 0.165537 0.229798 0.175231 0.218446 0.228330 0.166108 0.199466 0.188550 0.179182 0.147663 0.154351 0.137502 0.161991 0.279517 0.178388 0.244380 0.234177 0.188803 0.201192 0.139076 0.158918 0.123389 0.161921 0.149502 
0.240903 0.204561 0.182896 0.153561 0.324021 0.290250 0.332580 0.119969 0.197845 0.120330 0.128642 0.174549 0.067834 0.137252 0.000000 0.136421 0.161918 0.177683 0.148700 0.272527 0.329688 0.365700 0.327930 0.382675 0.309675 0.330719 0.302207 0.340194 0.298133 0.273834 0.292398 0.302490 0.298958 0.305631 0.328744 0.266557 0.352197 0.317844 0.120122 0.106574 0.181169 0.113304 0.160211 0.167534 0.090618 0.090520 0.099861 0.204580 0.182275 0.293822 0.215694 0.244129 0.187423 0.254767 0.211159 0.279470 0.375257 0.356435 0.407255 0.389140 0.415202 0.428461 0.276450 0.367600 0.414160 0.275257 0.242670 0.176392 0.220611 0.125296 0.119718 0.356092 0.336163 0.269742 0.294776 0.242363 0.270768 0.244381 0.244496 0.176127 0.597807 0.181858 0.552010 0.302235 0.279054 0.258529 0.345082 0.261093 0.388229 0.232361 0.457281 0.676748 0.266414 0.552824 0.444583 0.127457 0.145898 0.164166 0.166646 0.127695 0.150969 0.159838 0.131386 0.142707 0.139706 0.138320 0.152664 0.142157 0.152351 0.181413 0.183881 0.233709 0.170750 0.121661 0.134473 0.166554 0.195019 0.167936 0.127472 0.099368 0.109133 0.154071 0.184617 0.124692 0.114610 0.148740 0.151033 0.147765 0.163737 0.133922 0.178513 0.162800 0.156400 0.119266 0.178490 0.170546 0.149007 0.140927 0.163367 0.185032 0.162796 0.151238 0.162372 0.147564 0.146380 0.165635 0.126006 0.163901 0.280538 0.068029 0.144164 0.146012 0.429824 0.169219 0.323253 0.138436 0.124793 0.180007 0.091562 0.121507 0.120858 0.133282 0.217777 0.101450 0.116257 0.086318 0.120677 0.305222 0.359566 0.349269 0.377645 0.358801 0.261234 0.255923 0.205355 0.237781 0.239011 0.256928 0.266227 0.243638 0.171908 0.183830 0.229035 0.194425 0.265123 0.230676 0.175866 0.219951 0.241882 0.237306 0.250391 0.184178 0.186745 0.223655 0.211313 0.234118 0.189142 0.191943 0.162574 0.228772 0.196466 0.220259 0.193521 0.226495 0.214706 0.245335 0.202595 0.206556 0.249563 0.226540 0.187770 0.182107 0.234089 0.184984 0.143590 0.142097 0.185544 0.205107 0.205417 0.265350 0.208224 0.184992 0.177879 0.194322 0.161735 0.168406 0.148906 0.203893 0.308070 0.214601 0.246764 0.205237 0.191619 0.218187 0.160792 0.174564 0.136966 0.183016 0.155793 
0.208942 0.177523 0.141224 0.153238 0.282631 0.275637 0.319737 0.138872 0.144844 0.145040 0.156370 0.153994 0.147352 0.173563 0.136421 0.000000 0.144118 0.139186 0.116390 0.298821 0.361118 0.324187 0.355353 0.406575 0.342940 0.368535 0.303388 0.372935 0.325820 0.293736 0.319543 0.320123 0.323046 0.345040 0.357047 0.299602 0.377150 0.352276 0.154740 0.149904 0.216694 0.175997 0.184602 0.187940 0.167292 0.151025 0.126526 0.231495 0.175337 0.303867 0.233190 0.236093 0.179763 0.252770 0.212721 0.239386 0.336249 0.347044 0.380212 0.360561 0.369257 0.416813 0.254386 0.341855 0.390069 0.249404 0.221340 0.144355 0.168707 0.133235 0.149924 0.307956 0.294806 0.233359 0.255713 0.217661 0.240384 0.226534 0.219227 0.201387 0.546745 0.188004 0.486871 0.273980 0.272713 0.268939 0.313893 0.249891 0.347946 0.264826 0.411091 0.676600 0.253856 0.536789 0.402814 0.148993 0.169185 0.229293 0.194502 0.208955 0.189144 0.191697 0.179838 0.199828 0.164592 0.190671 0.232270 0.215790 0.177765 0.242160 0.149857 0.213549 0.159866 0.134899 0.149110 0.138608 0.151605 0.139397 0.126284 0.136062 0.122848 0.139096 0.175274 0.136095 0.142973 0.140620 0.140479 0.146985 0.178215 0.131837 0.146445 0.135698 0.137830 0.109025 0.145619 0.162756 0.123465 0.130923 0.177612 0.178591 0.141315 0.137016 0.123989 0.161894 0.120768 0.157606 0.172368 0.149945 0.275467 0.114678 0.230058 0.137293 0.387213 0.282617 0.324305 0.169477 0.142537 0.212863 0.154764 0.121565 0.157199 0.104207 0.185570 0.132175 0.171632 0.153939 0.199096 0.274645 0.327146 0.322689 0.347077 0.339191 0.248679 0.230908 0.227096 0.253585 0.246812 0.245947 0.254884 0.213811 0.144560 0.184160 0.233943 0.232232 0.240449 0.159665 0.160733 0.195468 0.205604 0.202369 0.199037 0.196479 0.175150 0.186238 0.187301 0.210912 0.150795 0.199649 0.125166 0.176396 0.179076 0.177635 0.178714 0.204047 0.172716 0.219036 0.170632 0.203135 0.195915 0.208176 0.180196 0.143879 0.169296 0.140247 0.166032 0.147775 0.181178 0.184566 0.206967 0.252284 0.184500 0.176450 0.158081 0.206602 0.154737 0.169218 0.144772 0.235900 0.281892 0.226392 0.222572 0.138342 0.191530 0.220063 0.183425 0.172851 0.166805 0.216009 0.202478 
0.200257 0.152216 0.149214 0.168325 0.302177 0.303610 0.322931 0.133782 0.129418 0.133391 0.156667 0.144764 0.184687 0.205662 0.161918 0.144118 0.000000 0.118720 0.129641 0.334301 0.393094 0.386846 0.389999 0.432495 0.377281 0.400720 0.346557 0.404062 0.369311 0.335011 0.344234 0.357526 0.366855 0.374620 0.392534 0.312474 0.397172 0.363809 0.209154 0.187347 0.244392 0.200914 0.233489 0.242616 0.212059 0.196062 0.177390 0.238610 0.163462 0.310023 0.257139 0.258303 0.192511 0.187367 0.180822 0.278374 0.344616 0.353048 0.392684 0.396670 0.394734 0.444226 0.268080 0.344429 0.406553 0.210624 0.240125 0.147645 0.150829 0.124819 0.160911 0.279066 0.323288 0.219711 0.281895 0.234121 0.220680 0.198420 0.196021 0.216605 0.469818 0.125868 0.450642 0.208261 0.272192 0.196279 0.222717 0.304507 0.330494 0.212343 0.393417 0.591693 0.226544 0.529953 0.357881 0.181215 0.184682 0.255874 0.245022 0.220711 0.233642 0.228104 0.228573 0.241083 0.201118 0.221001 0.257037 0.239530 0.189284 0.277097 0.156594 0.218319 0.200053 0.176798 0.194135 0.172378 0.185063 0.159292 0.179596 0.175836 0.184234 0.180528 0.202496 0.181837 0.193612 0.187953 0.191666 0.189835 0.212028 0.195381 0.196487 0.193675 0.189498 0.163398 0.202035 0.214395 0.190294 0.173935 0.210891 0.215188 0.186579 0.178609 0.193320 0.195283 0.162960 0.194631 0.205200 0.177877 0.257591 0.161736 0.255979 0.200838 0.374882 0.291884 0.333385 0.206364 0.167310 0.220116 0.183593 0.145859 0.141136 0.129122 0.187078 0.164739 0.218537 0.183435 0.219358 0.279429 0.324090 0.326996 0.327720 0.343690 0.222735 0.208966 0.201122 0.228327 0.195529 0.238933 0.231963 0.254225 0.111572 0.135394 0.282311 0.247681 0.211216 0.212908 0.143722 0.213569 0.165728 0.167929 0.159835 0.173487 0.172457 0.168926 0.175407 0.190677 0.143056 0.194001 0.179503 0.175701 0.186735 0.185862 0.136836 0.170909 0.139064 0.187669 0.172338 0.167834 0.163055 0.145544 0.172746 0.105060 0.131689 0.124950 0.166762 0.170056 0.166205 0.226405 0.177595 0.193859 0.156744 0.192957 0.197742 0.207979 0.184314 0.183589 0.137567 0.227446 0.226581 0.209674 0.154526 0.194599 0.180782 0.147085 0.153676 0.127420 0.203852 0.251035 0.221473 
0.200446 0.193784 0.138810 0.147023 0.317328 0.298674 0.290968 0.122316 0.076373 0.132821 0.132466 0.091181 0.175890 0.203856 0.177683 0.139186 0.118720 0.000000 0.130085 0.358468 0.404150 0.394875 0.406965 0.446175 0.405102 0.407404 0.367504 0.405992 0.398018 0.366360 0.342117 0.361186 0.363153 0.389652 0.408641 0.334120 0.409153 0.378970 0.223852 0.200788 0.249145 0.218294 0.246737 0.247782 0.228314 0.201580 0.181343 0.232096 0.216577 0.336235 0.248742 0.258574 0.226865 0.221665 0.199542 0.307785 0.381355 0.395917 0.416841 0.404713 0.409493 0.449689 0.287351 0.368583 0.437047 0.257967 0.225582 0.192428 0.174724 0.135884 0.131264 0.355779 0.346406 0.264613 0.290563 0.257109 0.280756 0.261146 0.255122 0.216692 0.493265 0.153483 0.489702 0.232555 0.275176 0.250270 0.264643 0.294322 0.358170 0.251756 0.436240 0.639535 0.272827 0.507294 0.400297 0.180585 0.200431 0.248670 0.264287 0.241357 0.245751 0.248043 0.236631 0.257023 0.216615 0.239454 0.273606 0.261642 0.203920 0.285640 0.199271 0.243400 0.217685 0.166970 0.190046 0.174416 0.196966 0.188472 0.181112 0.180693 0.192989 0.167795 0.219927 0.185235 0.203755 0.185357 0.211294 0.223574 0.242820 0.219616 0.206982 0.172699 0.205790 0.178798 0.199295 0.230741 0.186518 0.194192 0.221811 0.236426 0.198815 0.189502 0.213208 0.218449 0.173852 0.222112 0.195603 0.193710 0.270435 0.152772 0.272039 0.193435 0.379518 0.280101 0.354916 0.214195 0.159001 0.201619 0.183079 0.140276 0.160590 0.117673 0.197389 0.153769 0.220279 0.179450 0.224800 0.315663 0.371303 0.363505 0.395364 0.407467 0.271492 0.248850 0.241832 0.271323 0.251451 0.263810 0.282730 0.297491 0.167374 0.199399 0.268856 0.220503 0.265326 0.211423 0.173676 0.251888 0.229307 0.195569 0.203469 0.220387 0.204877 0.186975 0.184554 0.233980 0.170216 0.215948 0.154633 0.183078 0.225498 0.204440 0.172365 0.204674 0.203541 0.222893 0.201334 0.215640 0.202522 0.155355 0.196531 0.135345 0.154665 0.150289 0.164978 0.171495 0.155129 0.227626 0.207848 0.232387 0.192757 0.159887 0.187554 0.235629 0.173447 0.180541 0.180680 0.241525 0.266166 0.212280 0.220878 0.163927 0.177313 0.166459 0.164722 0.164977 0.214142 0.262251 0.235873 
