240 240
0.000000 0.177932 0.189043 0.242370 0.267731 0.257362 0.294711 0.248008 0.238322 0.241233 0.226325 0.220435 0.224044 0.393110 0.219504 0.356593 0.358121 0.442390 0.484174 0.486421 0.463092 0.422680 0.432024 0.421916 0.415856 0.417360 0.447140 0.428186 0.496110 0.419869 0.398607 0.483402 0.461576 0.426710 0.485248 0.335168 0.299571 0.270315 0.281573 0.305566 0.290009 0.426825 0.319322 0.320366 0.307753 0.329516 0.285603 0.330137 0.490570 0.413383 0.423102 0.480061 0.440841 0.273821 0.373588 0.424326 0.451500 0.334671 0.387568 0.434424 0.177212 0.226587 0.210592 0.195538 0.218265 0.229091 0.395287 0.358199 0.400303 0.418232 0.211983 0.318836 0.279469 0.205338 0.639017 0.336253 0.416384 0.375314 0.355736 0.423824 0.492351 0.320686 0.538937 0.367602 0.650731 0.516742 0.499562 0.290976 0.241131 0.246640 0.240237 0.319859 0.294533 0.272906 0.310933 0.298703 0.304255 0.299699 0.270609 0.325137 0.248231 0.206526 0.281336 0.209174 0.226212 0.198901 0.206243 0.145744 0.224060 0.204620 0.289148 0.289758 0.315731 0.278066 0.336535 0.279516 0.313815 0.326919 0.285011 0.308841 0.339866 0.315267 0.305871 0.273072 0.317933 0.351160 0.306326 0.284825 0.303624 0.325378 0.326873 0.305069 0.279231 0.330965 0.220133 0.351975 0.233173 0.283171 0.276994 0.241786 0.264948 0.367140 0.445537 0.332777 0.263835 0.232846 0.356536 0.248803 0.256277 0.252883 0.400050 0.328354 0.293925 0.247506 0.236327 0.201600 0.266840 0.303239 0.316538 0.197394 0.277517 0.225059 0.249682 0.325335 0.253413 0.371589 0.417609 0.415123 0.385399 0.443728 0.251860 0.338117 0.292181 0.329370 0.294805 0.282964 0.298423 0.271492 0.325893 0.287950 0.214202 0.208787 0.251763 0.183073 0.239759 0.264463 0.207398 0.200503 0.209066 0.193982 0.181205 0.242648 0.178506 0.204505 0.186364 0.171376 0.181116 0.173250 0.197986 0.250805 0.241796 0.338411 0.242692 0.275043 0.287937 0.255403 0.234059 0.194159 0.227867 0.230618 0.231025 0.208209 0.189425 0.215947 0.247363 0.236510 0.235919 0.227595 0.281713 0.239241 0.263099 0.309046 0.348093 0.252473 0.178921 0.185529 0.227071 0.304406 0.327904 0.307891 0.233619 0.240649 0.207990 0.261230 0.279955 0.238979 0.230990 0.216951 0.279930 0.307212 
0.177932 0.000000 0.137066 0.213447 0.256430 0.242595 0.263798 0.201009 0.235163 0.213354 0.173490 0.232434 0.221707 0.375790 0.210798 0.344021 0.330199 0.460154 0.465447 0.515140 0.432079 0.398336 0.396290 0.407652 0.421541 0.459959 0.419327 0.434513 0.467784 0.413221 0.374064 0.485033 0.441380 0.394298 0.488084 0.267461 0.226329 0.257005 0.304851 0.311682 0.274690 0.369511 0.320112 0.336643 0.266604 0.279723 0.296854 0.313135 0.451662 0.425196 0.400186 0.476940 0.475463 0.257171 0.414567 0.333804 0.451125 0.250214 0.408865 0.412894 0.143733 0.189503 0.168284 0.210371 0.225046 0.205058 0.367408 0.301241 0.316653 0.382130 0.257877 0.222466 0.185886 0.223121 0.631117 0.344290 0.385968 0.304474 0.348544 0.414354 0.435898 0.292823 0.522968 0.339330 0.651857 0.477375 0.486613 0.255408 0.220708 0.263989 0.254113 0.265624 0.245357 0.251350 0.264785 0.244539 0.267547 0.268273 0.266171 0.258659 0.251400 0.140137 0.243143 0.154549 0.169715 0.162226 0.168241 0.143565 0.194689 0.174942 0.251965 0.266830 0.288044 0.263882 0.299083 0.255167 0.253833 0.286289 0.236090 0.232212 0.278995 0.304851 0.267833 0.229482 0.305704 0.329644 0.286712 0.243359 0.281414 0.279657 0.279917 0.269988 0.249071 0.286034 0.240627 0.338584 0.198569 0.252568 0.288403 0.222407 0.247301 0.333241 0.467167 0.327995 0.235924 0.204912 0.401568 0.232349 0.256365 0.230312 0.407565 0.289667 0.319837 0.229703 0.201357 0.149802 0.229771 0.292343 0.301448 0.179173 0.249579 0.205486 0.218197 0.299749 0.239626 0.302238 0.328626 0.343338 0.320858 0.330659 0.228976 0.329766 0.224766 0.251549 0.242308 0.216837 0.240026 0.190982 0.239358 0.224334 0.148175 0.179585 0.219897 0.186504 0.213228 0.184797 0.207537 0.120238 0.147442 0.161540 0.200596 0.193618 0.155054 0.151076 0.218730 0.124812 0.182675 0.173607 0.144419 0.179990 0.183197 0.281736 0.206175 0.185242 0.220879 0.257350 0.225309 0.192834 0.222316 0.198079 0.187444 0.184137 0.136114 0.194313 0.168835 0.160738 0.195399 0.156695 0.219080 0.227261 0.213968 0.252693 0.278940 0.207601 0.164266 0.173125 0.190177 0.280511 0.317377 0.279222 0.219964 0.154016 0.197744 0.228442 0.236464 0.209988 0.236064 0.214145 0.271740 0.274851 
0.189043 0.137066 0.000000 0.230252 0.248604 0.210487 0.228114 0.187883 0.205378 0.180647 0.190831 0.202802 0.162629 0.376916 0.207749 0.327792 0.328613 0.459802 0.467474 0.515844 0.429912 0.404190 0.397910 0.415920 0.429780 0.479646 0.426309 0.434938 0.468195 0.428694 0.372396 0.482351 0.438362 0.391432 0.484823 0.271535 0.210906 0.234588 0.266010 0.276126 0.278236 0.389097 0.327019 0.360468 0.272821 0.289517 0.275063 0.316675 0.432986 0.414158 0.385927 0.501274 0.455762 0.253152 0.399467 0.362617 0.424033 0.283112 0.404897 0.429834 0.153361 0.202317 0.172404 0.150690 0.174251 0.138897 0.384361 0.303055 0.356166 0.388033 0.225343 0.262161 0.226641 0.168014 0.650468 0.358843 0.369306 0.344917 0.352190 0.405285 0.443771 0.297699 0.535225 0.351970 0.600840 0.472809 0.525868 0.245746 0.229133 0.246836 0.232014 0.261208 0.215097 0.245320 0.254951 0.238143 0.240785 0.241973 0.249780 0.233208 0.256120 0.159883 0.228343 0.160005 0.159992 0.130133 0.161362 0.124969 0.193487 0.166597 0.236945 0.240744 0.220310 0.266881 0.299932 0.243526 0.210210 0.264883 0.225023 0.252635 0.262853 0.305819 0.265313 0.210852 0.299360 0.310316 0.272015 0.244486 0.274252 0.272606 0.285792 0.272433 0.257745 0.274955 0.239438 0.332322 0.175907 0.220106 0.250070 0.200563 0.222517 0.281599 0.473378 0.280481 0.197652 0.187303 0.344006 0.203149 0.210381 0.167778 0.380356 0.243433 0.289673 0.190530 0.163016 0.127666 0.180490 0.256045 0.237136 0.150329 0.206235 0.172755 0.166418 0.268405 0.189816 0.319000 0.366479 0.377222 0.345417 0.382725 0.204645 0.295959 0.252555 0.297557 0.253881 0.196182 0.222955 0.209676 0.258944 0.237567 0.172663 0.198222 0.233551 0.180376 0.205006 0.233903 0.212174 0.175250 0.158451 0.157820 0.201150 0.193728 0.142074 0.156830 0.221910 0.127958 0.175799 0.187525 0.139996 0.195224 0.188826 0.269588 0.188759 0.193878 0.252486 0.258692 0.193813 0.149913 0.226086 0.156138 0.178726 0.135928 0.125894 0.206207 0.135494 0.168761 0.142491 0.168008 0.189527 0.211962 0.198724 0.252265 0.274735 0.224753 0.140259 0.173676 0.185680 0.267002 0.321302 0.265940 0.222174 0.221788 0.190646 0.205469 0.230018 0.197476 0.215722 0.223170 0.248312 0.210350 
0.242370 0.213447 0.230252 0.000000 0.193150 0.202555 0.197795 0.168654 0.211542 0.224401 0.150613 0.236151 0.204016 0.277350 0.204032 0.280306 0.218607 0.410500 0.415139 0.459565 0.394634 0.350235 0.379667 0.351881 0.374186 0.421025 0.370304 0.389521 0.411919 0.386272 0.344241 0.427313 0.394851 0.361854 0.430234 0.268219 0.244479 0.278517 0.263279 0.244110 0.202957 0.277837 0.244309 0.244211 0.187970 0.160702 0.156326 0.243907 0.466512 0.346460 0.405420 0.463574 0.419246 0.274770 0.376590 0.354800 0.422481 0.221447 0.336390 0.374394 0.142109 0.157562 0.179516 0.211959 0.213640 0.217474 0.286932 0.278967 0.293784 0.322033 0.243965 0.225211 0.180072 0.253060 0.521424 0.197459 0.237910 0.170367 0.249349 0.287271 0.314370 0.184518 0.380955 0.156666 0.606208 0.357288 0.362149 0.201693 0.240503 0.281622 0.244139 0.273013 0.271064 0.279581 0.269759 0.294252 0.267041 0.282400 0.293070 0.292440 0.263192 0.213174 0.192904 0.170658 0.217024 0.211238 0.205517 0.210287 0.206435 0.226956 0.233528 0.259433 0.265783 0.256609 0.290288 0.251151 0.249917 0.270293 0.218413 0.254370 0.267756 0.294052 0.237152 0.225995 0.299562 0.303285 0.278424 0.253288 0.271588 0.268881 0.264176 0.250342 0.215072 0.277025 0.247852 0.199792 0.159364 0.200564 0.231058 0.217758 0.180079 0.360359 0.338636 0.322218 0.195874 0.216171 0.311089 0.202949 0.184595 0.179192 0.265339 0.289968 0.312275 0.253975 0.151619 0.173400 0.204783 0.234628 0.282819 0.202501 0.290222 0.227304 0.286811 0.304610 0.192644 0.273496 0.343897 0.323437 0.332501 0.353981 0.158090 0.214058 0.200243 0.230505 0.200813 0.164306 0.189280 0.166378 0.207366 0.258644 0.157668 0.201283 0.189982 0.147706 0.220749 0.166705 0.179219 0.185182 0.191306 0.178725 0.149766 0.207033 0.206572 0.203230 0.194091 0.186349 0.180155 0.177250 0.219674 0.179027 0.168073 0.236171 0.163054 0.170182 0.178120 0.288520 0.202742 0.243868 0.173004 0.211645 0.191874 0.196126 0.179026 0.231285 0.211127 0.197488 0.246001 0.226926 0.164317 0.183983 0.164885 0.189713 0.192916 0.174564 0.226269 0.222786 0.137090 0.208751 0.200157 0.170458 0.247241 0.182517 0.259269 0.237628 0.182444 0.171987 0.207142 0.239930 0.245602 0.272631 
0.267731 0.256430 0.248604 0.193150 0.000000 0.107308 0.130672 0.147929 0.190569 0.150116 0.189253 0.177895 0.197430 0.296663 0.183536 0.214703 0.286442 0.385417 0.381102 0.439153 0.385328 0.337104 0.333239 0.308196 0.337646 0.405291 0.330274 0.384900 0.397864 0.382262 0.346682 0.439719 0.410240 0.371354 0.453559 0.258585 0.164723 0.230143 0.232552 0.225841 0.248180 0.371141 0.262893 0.262642 0.235295 0.278841 0.214644 0.309038 0.559290 0.435051 0.511365 0.595018 0.531422 0.231858 0.472726 0.427784 0.477122 0.328470 0.425424 0.475544 0.191092 0.219568 0.187478 0.199943 0.134172 0.200564 0.386085 0.378380 0.387021 0.389163 0.296012 0.338523 0.298103 0.300330 0.689571 0.294829 0.265822 0.239864 0.390909 0.241910 0.394139 0.268445 0.497521 0.274159 0.677774 0.370729 0.464051 0.140045 0.216293 0.235715 0.205158 0.245941 0.252970 0.204503 0.173811 0.267808 0.237361 0.254923 0.240314 0.271990 0.211382 0.250550 0.249010 0.215011 0.223156 0.171723 0.172417 0.176241 0.169065 0.183429 0.164068 0.187240 0.188138 0.167986 0.255773 0.211343 0.212974 0.210111 0.166282 0.216650 0.234668 0.205818 0.197969 0.172764 0.210549 0.202584 0.175821 0.201720 0.214985 0.234086 0.235269 0.195991 0.151005 0.230783 0.205246 0.279415 0.169042 0.160480 0.325061 0.147633 0.275913 0.257424 0.412935 0.314054 0.129978 0.180718 0.407936 0.164962 0.217131 0.202154 0.350810 0.231519 0.232418 0.167328 0.166550 0.214909 0.145904 0.237123 0.211180 0.182464 0.206824 0.182543 0.251014 0.207167 0.195560 0.362338 0.445065 0.412089 0.432170 0.461706 0.235920 0.294956 0.315648 0.343399 0.290007 0.261012 0.295819 0.296050 0.326164 0.316499 0.173118 0.128794 0.312452 0.189232 0.255253 0.250973 0.256285 0.245141 0.236665 0.213202 0.228060 0.270636 0.218373 0.251303 0.196186 0.198182 0.224248 0.242711 0.238130 0.234920 0.245154 0.289108 0.226972 0.256052 0.270281 0.200225 0.151627 0.211784 0.218849 0.165775 0.149046 0.160699 0.214120 0.269319 0.239408 0.229173 0.213994 0.267143 0.272898 0.312277 0.263258 0.303459 0.297792 0.237863 0.180552 0.175355 0.159617 0.192073 0.330665 0.243103 0.233430 0.284878 0.247151 0.174308 0.207052 0.249653 0.144280 0.219201 0.162915 0.209809 
0.257362 0.242595 0.210487 0.202555 0.107308 0.000000 0.097265 0.156467 0.207399 0.150462 0.176813 0.147600 0.193336 0.285240 0.145904 0.211365 0.274479 0.352447 0.342918 0.407656 0.327826 0.311583 0.285434 0.288339 0.325256 0.382904 0.315577 0.344344 0.368058 0.335607 0.290422 0.385985 0.356959 0.309303 0.399833 0.205818 0.169265 0.152932 0.195822 0.197231 0.206735 0.323627 0.219280 0.230477 0.192977 0.252152 0.192652 0.260963 0.512319 0.383296 0.462288 0.555277 0.475480 0.165861 0.428089 0.396254 0.434975 0.296102 0.388159 0.447649 0.183106 0.208067 0.180660 0.178355 0.173447 0.151674 0.369807 0.342322 0.350810 0.382507 0.262113 0.303708 0.268411 0.241861 0.688465 0.296532 0.268387 0.259599 0.379395 0.252043 0.403002 0.227141 0.490698 0.266646 0.657352 0.381170 0.463320 0.122695 0.185035 0.215033 0.167148 0.203840 0.199002 0.182311 0.172761 0.203715 0.183596 0.198329 0.189962 0.218209 0.166536 0.220211 0.212094 0.200110 0.189118 0.152772 0.171875 0.170946 0.198616 0.162577 0.152528 0.172254 0.152599 0.163322 0.229300 0.191503 0.172847 0.200038 0.158065 0.187014 0.194730 0.209247 0.175241 0.158119 0.209260 0.200713 0.199167 0.168230 0.189439 0.206966 0.224665 0.164867 0.127831 0.207089 0.188880 0.261287 0.165325 0.142341 0.304422 0.139941 0.245211 0.250170 0.458204 0.285408 0.106340 0.144841 0.366891 0.144263 0.211159 0.173577 0.337120 0.218483 0.262289 0.144385 0.169405 0.212423 0.113131 0.235786 0.180535 0.167031 0.189675 0.158572 0.220224 0.237576 0.194953 0.341634 0.416427 0.393869 0.409963 0.439296 0.221740 0.267222 0.294882 0.334014 0.250709 0.249201 0.251643 0.268526 0.301231 0.274447 0.191301 0.147528 0.284615 0.192190 0.212079 0.255354 0.241495 0.233445 0.198378 0.195324 0.230185 0.220368 0.185727 0.215895 0.219852 0.184388 0.207226 0.238346 0.174914 0.236569 0.228551 0.258153 0.208235 0.238959 0.284063 0.244084 0.174206 0.202658 0.235415 0.160656 0.176649 0.138222 0.218396 0.256998 0.225821 0.249263 0.222958 0.280009 0.258502 0.281227 0.239966 0.280081 0.265274 0.207024 0.156155 0.161453 0.146183 0.192733 0.314455 0.211805 0.197080 0.289601 0.224410 0.138497 0.215281 0.239140 0.154885 0.209753 0.188704 0.176975 
0.294711 0.263798 0.228114 0.197795 0.130672 0.097265 0.000000 0.162483 0.235899 0.165813 0.195717 0.190903 0.201173 0.284083 0.139210 0.223480 0.277124 0.353655 0.347259 0.413175 0.334845 0.287963 0.310971 0.296236 0.307539 0.383790 0.307629 0.344569 0.352138 0.368942 0.309210 0.408777 0.371785 0.326809 0.409160 0.202989 0.147203 0.209910 0.192236 0.164887 0.212270 0.319087 0.211774 0.242638 0.212086 0.240454 0.191781 0.291911 0.512649 0.396923 0.465097 0.561994 0.495028 0.184690 0.440020 0.383829 0.463862 0.300743 0.404649 0.449709 0.192583 0.190381 0.198033 0.246735 0.200333 0.213096 0.365663 0.353552 0.370429 0.362878 0.272115 0.302863 0.248046 0.254041 0.666638 0.308500 0.230531 0.254559 0.372998 0.225263 0.345801 0.233563 0.445045 0.233016 0.624714 0.311582 0.435335 0.072615 0.219816 0.236690 0.225869 0.199758 0.226636 0.195602 0.188134 0.217451 0.204300 0.228324 0.232903 0.231860 0.232885 0.223000 0.228779 0.188623 0.180697 0.170847 0.164706 0.221143 0.174055 0.167996 0.151932 0.167407 0.170281 0.166075 0.209560 0.175092 0.153570 0.190982 0.137648 0.183675 0.167071 0.218093 0.154085 0.154714 0.216118 0.205906 0.203318 0.174706 0.185341 0.196562 0.190174 0.178856 0.135782 0.176157 0.211259 0.290880 0.178921 0.141402 0.326274 0.187095 0.262322 0.310807 0.434174 0.267419 0.113049 0.169839 0.389470 0.165746 0.239241 0.180104 0.327556 0.247747 0.285011 0.205631 0.173017 0.220698 0.128520 0.215248 0.216813 0.207605 0.250463 0.194409 0.245480 0.250019 0.197040 0.339341 0.408221 0.401836 0.405456 0.435873 0.183770 0.267205 0.307119 0.334753 0.278738 0.233586 0.264702 0.267856 0.302329 0.270413 0.195836 0.178181 0.287686 0.185232 0.203587 0.229800 0.222489 0.227015 0.210157 0.191110 0.240420 0.228874 0.212923 0.200992 0.251401 0.184010 0.213552 0.240685 0.203621 0.235199 0.219423 0.232685 0.191672 0.195674 0.241728 0.275165 0.200632 0.232202 0.224681 0.172898 0.164031 0.187824 0.234087 0.266960 0.237807 0.230982 0.250816 0.269785 0.235450 0.294906 0.219100 0.274864 0.239599 0.218844 0.184905 0.205890 0.177493 0.225806 0.314843 0.195278 0.193101 0.293787 0.218579 0.174558 0.213227 0.240310 0.167784 0.226178 0.199721 0.200013 
0.248008 0.201009 0.187883 0.168654 0.147929 0.156467 0.162483 0.000000 0.154980 0.168175 0.158316 0.182878 0.139187 0.269727 0.201214 0.262959 0.235759 0.420080 0.425876 0.476450 0.401547 0.363177 0.369911 0.350426 0.374507 0.435333 0.373329 0.398866 0.418229 0.395686 0.336106 0.437586 0.397139 0.363542 0.440320 0.222488 0.167298 0.202791 0.237142 0.233722 0.185066 0.330360 0.220385 0.235836 0.231356 0.238113 0.236741 0.318510 0.565057 0.436183 0.498427 0.579799 0.522551 0.231551 0.482764 0.445806 0.513241 0.293188 0.414937 0.485385 0.170959 0.234563 0.173659 0.187335 0.169279 0.174483 0.359353 0.377049 0.388900 0.343795 0.300632 0.312072 0.270906 0.290099 0.646096 0.296546 0.262686 0.245095 0.362172 0.276963 0.424591 0.245758 0.501709 0.271260 0.643697 0.378665 0.471896 0.155876 0.191800 0.224567 0.212045 0.238300 0.204290 0.229847 0.223368 0.223860 0.220705 0.229594 0.230228 0.215056 0.216261 0.235860 0.199689 0.219639 0.204412 0.181548 0.190716 0.150733 0.199985 0.208899 0.145743 0.158209 0.175908 0.181868 0.200197 0.172305 0.157776 0.183878 0.136518 0.182883 0.193889 0.214864 0.178331 0.145963 0.216853 0.232975 0.197977 0.171868 0.185944 0.190794 0.208536 0.186534 0.164457 0.186788 0.173272 0.298889 0.153049 0.194737 0.325683 0.140309 0.263969 0.259533 0.433836 0.236724 0.125136 0.155241 0.403474 0.172114 0.210616 0.179880 0.346057 0.203830 0.213520 0.160135 0.132717 0.140221 0.129115 0.220798 0.207965 0.146125 0.217560 0.160247 0.196223 0.203664 0.167366 0.346630 0.418215 0.414110 0.422885 0.437535 0.235593 0.286313 0.277531 0.303733 0.275790 0.218294 0.251111 0.253154 0.286260 0.318170 0.166296 0.182875 0.275556 0.176624 0.269897 0.198957 0.247056 0.215226 0.221015 0.207863 0.210507 0.262797 0.199528 0.225517 0.241906 0.175630 0.208910 0.212135 0.212610 0.216329 0.249298 0.292879 0.223581 0.238659 0.226154 0.163758 0.119295 0.135397 0.151583 0.134687 0.127432 0.137718 0.172481 0.232729 0.139610 0.140678 0.180867 0.185094 0.229831 0.284394 0.202860 0.253829 0.225727 0.210312 0.171857 0.191355 0.166979 0.224011 0.318235 0.199794 0.230436 0.223176 0.200304 0.184048 0.141506 0.197571 0.149132 0.195914 0.168516 0.183194 
0.238322 0.235163 0.205378 0.211542 0.190569 0.207399 0.235899 0.154980 0.000000 0.166387 0.150560 0.159835 0.089582 0.324484 0.211773 0.332311 0.276779 0.474140 0.479280 0.523698 0.465412 0.413517 0.415440 0.415693 0.425985 0.462928 0.444663 0.458683 0.484662 0.408250 0.390631 0.482204 0.450534 0.414866 0.496059 0.299798 0.271145 0.248447 0.309765 0.316715 0.262587 0.370138 0.298042 0.299715 0.230074 0.272652 0.242533 0.294574 0.569684 0.459297 0.485053 0.561972 0.491884 0.282060 0.448172 0.461469 0.470396 0.299484 0.402982 0.498246 0.214559 0.232471 0.181987 0.159438 0.135424 0.164725 0.378736 0.361894 0.367914 0.397086 0.298910 0.314803 0.301670 0.289935 0.614759 0.318848 0.333850 0.300444 0.344368 0.368822 0.432846 0.306750 0.524868 0.327343 0.655469 0.415038 0.485736 0.250477 0.233278 0.311801 0.235774 0.307723 0.280184 0.290856 0.287249 0.300319 0.281123 0.292812 0.266512 0.305045 0.228248 0.266943 0.257777 0.249256 0.242331 0.202998 0.207579 0.162146 0.236995 0.221941 0.223093 0.223420 0.229522 0.202261 0.266360 0.229681 0.252365 0.254402 0.221433 0.265619 0.290125 0.239626 0.251490 0.220690 0.225438 0.254882 0.203807 0.231871 0.232636 0.273024 0.288063 0.228376 0.228891 0.264805 0.246627 0.346916 0.187967 0.235850 0.338748 0.182497 0.297334 0.290413 0.474228 0.344676 0.212352 0.245037 0.409709 0.258930 0.209403 0.217154 0.382233 0.261147 0.230715 0.215329 0.181697 0.190450 0.203201 0.238578 0.222044 0.177993 0.237943 0.223394 0.269299 0.167698 0.203042 0.354813 0.422055 0.409515 0.406664 0.456759 0.227778 0.249766 0.289197 0.325497 0.260063 0.255659 0.289519 0.281541 0.306467 0.338914 0.195069 0.178063 0.282632 0.205652 0.298853 0.267406 0.215863 0.204283 0.258698 0.226368 0.203315 0.284809 0.170027 0.254036 0.184893 0.212944 0.252774 0.220554 0.197392 0.245699 0.249254 0.275317 0.226689 0.258252 0.231164 0.177127 0.178950 0.182189 0.143246 0.166423 0.206554 0.181459 0.163558 0.182809 0.181308 0.190283 0.186730 0.196488 0.220025 0.267101 0.232465 0.261681 0.270516 0.244912 0.203829 0.218295 0.176411 0.262257 0.309375 0.226346 0.218196 0.254624 0.189990 0.198384 0.216823 0.190460 0.148296 0.201088 0.177051 0.259126 
0.241233 0.213354 0.180647 0.224401 0.150116 0.150462 0.165813 0.168175 0.166387 0.000000 0.172454 0.113320 0.163591 0.343755 0.108326 0.300152 0.327856 0.414660 0.412429 0.470157 0.378110 0.357414 0.337358 0.371639 0.366682 0.412528 0.373509 0.397825 0.415061 0.355050 0.348253 0.441235 0.412838 0.349597 0.450324 0.250718 0.205802 0.187800 0.208287 0.212483 0.270352 0.358869 0.272362 0.277768 0.207980 0.300277 0.248654 0.259157 0.510414 0.405696 0.446022 0.532505 0.476267 0.184870 0.416542 0.389219 0.432260 0.296727 0.401583 0.480803 0.172459 0.198418 0.155864 0.172057 0.122670 0.159371 0.348356 0.335196 0.331923 0.376024 0.253931 0.282636 0.267238 0.254930 0.658533 0.328669 0.326253 0.323373 0.379069 0.297399 0.415237 0.316639 0.491083 0.304688 0.647990 0.416038 0.484250 0.174395 0.195274 0.257426 0.196649 0.219737 0.238044 0.213162 0.216440 0.226815 0.215231 0.239311 0.209025 0.244106 0.200916 0.204740 0.251524 0.213265 0.184838 0.155204 0.158240 0.125183 0.178358 0.164050 0.143226 0.157738 0.140947 0.158980 0.205174 0.156726 0.165955 0.160219 0.129383 0.175282 0.208452 0.166277 0.161518 0.126347 0.163091 0.184656 0.136502 0.153267 0.164364 0.204447 0.208860 0.164590 0.157558 0.182627 0.196149 0.326154 0.173696 0.176485 0.324434 0.130930 0.276571 0.260205 0.466774 0.315247 0.152214 0.196420 0.376530 0.193329 0.230315 0.167427 0.392582 0.238228 0.237391 0.175147 0.144936 0.187037 0.150776 0.215613 0.198489 0.152191 0.192583 0.175889 0.225128 0.199023 0.197365 0.320990 0.385480 0.362513 0.374025 0.410375 0.226134 0.269348 0.294924 0.329877 0.271946 0.267930 0.298008 0.290296 0.301956 0.248545 0.171039 0.142743 0.286494 0.190780 0.228075 0.247408 0.236272 0.225773 0.231735 0.203233 0.222569 0.249731 0.175684 0.233827 0.204725 0.180830 0.212204 0.212858 0.207004 0.243750 0.207201 0.252674 0.201450 0.240391 0.235676 0.215654 0.175170 0.176957 0.213279 0.153480 0.168546 0.174929 0.171788 0.197485 0.198026 0.212031 0.169976 0.211861 0.253366 0.286601 0.269432 0.300320 0.293906 0.243788 0.180050 0.199180 0.171242 0.279896 0.335015 0.264841 0.156283 0.266666 0.157768 0.139533 0.231726 0.262377 0.135580 0.184020 0.171526 0.188546 
0.226325 0.173490 0.190831 0.150613 0.189253 0.176813 0.195717 0.158316 0.150560 0.172454 0.000000 0.185762 0.140149 0.317140 0.196110 0.290967 0.262293 0.451297 0.453549 0.500661 0.429244 0.396800 0.387211 0.399205 0.410769 0.433028 0.426017 0.432807 0.456615 0.384800 0.361833 0.464072 0.424710 0.381237 0.471091 0.282261 0.234327 0.233156 0.266575 0.278290 0.276465 0.363611 0.302222 0.304077 0.222275 0.219074 0.212261 0.297644 0.510874 0.410144 0.455703 0.523117 0.483979 0.258427 0.455807 0.404068 0.459065 0.307470 0.400518 0.466670 0.171826 0.174701 0.179935 0.142874 0.185944 0.145628 0.378689 0.313092 0.308865 0.422682 0.269706 0.251132 0.226554 0.278672 0.559904 0.245476 0.324580 0.232078 0.264572 0.363417 0.392776 0.248007 0.466118 0.266176 0.639019 0.433873 0.427456 0.216863 0.211162 0.287465 0.221707 0.280015 0.248949 0.265526 0.259530 0.274332 0.250177 0.261301 0.258027 0.270474 0.215781 0.220820 0.253019 0.200957 0.230522 0.202303 0.196480 0.176597 0.215737 0.185432 0.208620 0.223842 0.215627 0.211533 0.240033 0.214306 0.226849 0.223253 0.198537 0.227734 0.250099 0.233063 0.224604 0.192151 0.237043 0.253553 0.223336 0.204994 0.212108 0.246325 0.253464 0.220120 0.209172 0.228583 0.233788 0.277512 0.148420 0.207702 0.294026 0.187293 0.254386 0.292212 0.443653 0.323916 0.183274 0.224756 0.380380 0.235461 0.204931 0.190884 0.330627 0.249354 0.249322 0.209456 0.167848 0.160402 0.192973 0.217436 0.230610 0.186625 0.247886 0.208059 0.245604 0.211770 0.191713 0.321341 0.375414 0.345647 0.362294 0.379736 0.210739 0.241295 0.255939 0.302637 0.240019 0.231037 0.261676 0.219971 0.266463 0.293488 0.125779 0.176580 0.245097 0.165308 0.246162 0.192753 0.194096 0.169921 0.197218 0.194108 0.195555 0.220186 0.164155 0.221110 0.204577 0.194925 0.216970 0.216625 0.155324 0.196067 0.158775 0.213590 0.198683 0.194223 0.196051 0.243024 0.185988 0.188133 0.147234 0.179304 0.182600 0.172189 0.118981 0.148886 0.193173 0.209333 0.193482 0.187770 0.174024 0.198756 0.216297 0.225566 0.226545 0.241867 0.212518 0.212341 0.158688 0.265938 0.265634 0.246747 0.226621 0.174540 0.224561 0.192152 0.214386 0.172866 0.179666 0.249333 0.203692 0.234348 
0.220435 0.232434 0.202802 0.236151 0.177895 0.147600 0.190903 0.182878 0.159835 0.113320 0.185762 0.000000 0.149916 0.365886 0.137074 0.308346 0.352236 0.412751 0.398500 0.455818 0.377496 0.342653 0.342572 0.364313 0.366591 0.383150 0.372061 0.391115 0.413996 0.340405 0.347509 0.437632 0.409235 0.359633 0.446049 0.264836 0.224102 0.195450 0.243252 0.245805 0.274793 0.361114 0.292424 0.278245 0.225096 0.327763 0.248908 0.266648 0.518898 0.421462 0.460866 0.533342 0.503439 0.186173 0.424888 0.400601 0.433483 0.321175 0.424272 0.472938 0.194127 0.224413 0.178098 0.144962 0.130203 0.184252 0.371772 0.355472 0.361881 0.406508 0.265436 0.301939 0.289686 0.251191 0.691124 0.335046 0.338553 0.333372 0.414643 0.317425 0.452413 0.302706 0.547485 0.323962 0.681565 0.447314 0.501308 0.196543 0.191701 0.261705 0.212513 0.244929 0.241074 0.206477 0.227619 0.243502 0.223186 0.241627 0.206873 0.252406 0.175380 0.222996 0.265587 0.236226 0.227470 0.167133 0.179226 0.146736 0.189918 0.187662 0.157515 0.156325 0.177554 0.131246 0.229983 0.166532 0.203256 0.210503 0.164346 0.206474 0.241652 0.195102 0.185310 0.162876 0.175832 0.223881 0.180438 0.187666 0.188935 0.233704 0.245815 0.180182 0.177515 0.226459 0.188935 0.329770 0.188784 0.223696 0.331831 0.147061 0.285990 0.297281 0.474836 0.335457 0.166144 0.198626 0.404567 0.212961 0.215987 0.197226 0.423912 0.267972 0.243850 0.202639 0.191997 0.224407 0.164790 0.269090 0.240494 0.172982 0.228617 0.192369 0.254833 0.210969 0.240078 0.362350 0.417099 0.395401 0.393972 0.449912 0.267826 0.303933 0.318934 0.351531 0.307120 0.306152 0.326400 0.312567 0.338449 0.278795 0.201097 0.160125 0.315192 0.235508 0.238905 0.290233 0.267775 0.250685 0.246184 0.225810 0.246877 0.277697 0.200681 0.245351 0.241542 0.204741 0.228982 0.237634 0.219565 0.249953 0.262658 0.302813 0.251676 0.287347 0.276494 0.190303 0.221172 0.180588 0.234973 0.200563 0.207293 0.204715 0.182860 0.166433 0.227487 0.253669 0.228018 0.228658 0.303509 0.314398 0.302711 0.346191 0.342513 0.261083 0.194691 0.199219 0.194368 0.287455 0.355847 0.290397 0.161899 0.280657 0.127547 0.157798 0.273634 0.289105 0.154184 0.153707 0.150646 0.226032 
0.224044 0.221707 0.162629 0.204016 0.197430 0.193336 0.201173 0.139187 0.089582 0.163591 0.140149 0.149916 0.000000 0.304230 0.189829 0.296238 0.275769 0.461895 0.470409 0.514105 0.458612 0.397072 0.420027 0.392302 0.413583 0.448343 0.417698 0.447241 0.471842 0.419682 0.383942 0.476744 0.440089 0.407594 0.482977 0.285273 0.249673 0.248503 0.278850 0.282329 0.264562 0.391939 0.288006 0.298946 0.260027 0.256565 0.229866 0.319249 0.557102 0.457632 0.482840 0.578084 0.509646 0.276229 0.463733 0.447978 0.474691 0.328560 0.427987 0.508318 0.221209 0.203839 0.195828 0.152492 0.123206 0.155029 0.404125 0.380278 0.391256 0.409518 0.295725 0.323376 0.302345 0.287022 0.590657 0.274914 0.325536 0.296958 0.316280 0.346959 0.426621 0.292364 0.518479 0.321228 0.609862 0.427615 0.477871 0.212212 0.226217 0.273503 0.241877 0.298136 0.268989 0.275114 0.278456 0.288566 0.268117 0.278753 0.272359 0.291869 0.230030 0.271705 0.276934 0.255220 0.247733 0.187943 0.197557 0.153601 0.227741 0.216781 0.207907 0.218278 0.223686 0.196240 0.256551 0.214959 0.235540 0.242800 0.205841 0.262860 0.282111 0.242706 0.240706 0.206105 0.232697 0.270644 0.217224 0.224479 0.222633 0.256515 0.274858 0.232501 0.218282 0.256565 0.216813 0.340582 0.169979 0.221486 0.305366 0.173544 0.282076 0.306833 0.446750 0.306444 0.176547 0.223045 0.401569 0.238209 0.186146 0.178906 0.360349 0.245864 0.227813 0.202913 0.157560 0.180708 0.177404 0.227082 0.218216 0.169443 0.245998 0.198657 0.245826 0.190789 0.165736 0.363210 0.432323 0.420004 0.413299 0.460407 0.230776 0.267925 0.311817 0.348327 0.287527 0.277021 0.309546 0.287508 0.326114 0.342442 0.190910 0.186556 0.307813 0.199492 0.290004 0.268490 0.227026 0.216865 0.251222 0.232388 0.216367 0.269716 0.195336 0.247229 0.213526 0.217062 0.259207 0.236677 0.195996 0.235593 0.236105 0.257986 0.232120 0.251639 0.240896 0.190498 0.184383 0.158289 0.149544 0.177034 0.173454 0.153076 0.156301 0.180782 0.186502 0.188871 0.192282 0.174902 0.202535 0.237844 0.231576 0.271688 0.270140 0.270596 0.193995 0.203004 0.206083 0.277257 0.313393 0.247071 0.221309 0.254231 0.189086 0.217764 0.204754 0.194806 0.189938 0.217983 0.155866 0.236074 
0.393110 0.375790 0.376916 0.277350 0.296663 0.285240 0.284083 0.269727 0.324484 0.343755 0.317140 0.365886 0.304230 0.000000 0.310026 0.196451 0.163015 0.436765 0.418931 0.477178 0.420250 0.387264 0.395156 0.325230 0.427582 0.462797 0.341712 0.425034 0.444547 0.406875 0.372318 0.448624 0.420358 0.390777 0.441598 0.367978 0.334911 0.352378 0.367151 0.373200 0.245186 0.335195 0.252919 0.195373 0.282928 0.270365 0.238881 0.315245 0.570656 0.417786 0.486331 0.582612 0.493049 0.337675 0.448629 0.440152 0.493895 0.304451 0.411056 0.458411 0.316100 0.312663 0.331709 0.376335 0.374906 0.344315 0.351666 0.369860 0.387124 0.312308 0.366697 0.319936 0.367355 0.399840 0.640030 0.304274 0.191663 0.260207 0.371106 0.239670 0.330043 0.238348 0.448236 0.268279 0.653423 0.271077 0.408418 0.295164 0.326008 0.336283 0.341991 0.340587 0.360590 0.330212 0.322567 0.368767 0.344298 0.369470 0.351088 0.383723 0.349745 0.366396 0.269784 0.335167 0.361794 0.336517 0.362923 0.339312 0.351047 0.330600 0.374213 0.371115 0.382476 0.377739 0.415306 0.381775 0.375740 0.407755 0.367397 0.387986 0.396124 0.416737 0.368582 0.356290 0.428445 0.441140 0.409197 0.367637 0.396072 0.425139 0.395770 0.378783 0.341227 0.401384 0.356904 0.246456 0.337584 0.267328 0.324436 0.325718 0.330165 0.448141 0.380881 0.446968 0.314304 0.312786 0.414368 0.289171 0.332521 0.340488 0.289956 0.409213 0.446693 0.338604 0.293713 0.348466 0.334061 0.373123 0.342319 0.328426 0.389730 0.323376 0.383759 0.410965 0.320766 0.352330 0.425733 0.415685 0.411949 0.434658 0.285660 0.339035 0.322631 0.342159 0.334905 0.321054 0.319174 0.338048 0.325460 0.368719 0.346880 0.326091 0.292592 0.310228 0.353484 0.323862 0.328283 0.343815 0.334268 0.345563 0.316560 0.305542 0.347966 0.383220 0.368481 0.340651 0.338725 0.310409 0.320712 0.322797 0.343383 0.377975 0.334154 0.349780 0.331532 0.362260 0.253894 0.352671 0.300508 0.330891 0.305160 0.276258 0.381244 0.404973 0.356237 0.349442 0.376317 0.397564 0.339549 0.344534 0.290033 0.273554 0.299435 0.315249 0.317775 0.319786 0.283240 0.212878 0.256246 0.235772 0.385535 0.340312 0.418752 0.363123 0.273175 0.297463 0.360571 0.363922 0.368854 0.356683 
0.219504 0.210798 0.207749 0.204032 0.183536 0.145904 0.139210 0.201214 0.211773 0.108326 0.196110 0.137074 0.189829 0.310026 0.000000 0.262854 0.303368 0.343202 0.352077 0.406702 0.309915 0.295991 0.291452 0.314369 0.307272 0.344027 0.307555 0.322165 0.356945 0.331844 0.315202 0.401939 0.371056 0.305573 0.394298 0.221313 0.196164 0.200377 0.163140 0.161363 0.217541 0.311842 0.217238 0.225640 0.193217 0.285947 0.214624 0.226177 0.432584 0.348969 0.395144 0.474653 0.426706 0.152659 0.352425 0.349232 0.390926 0.253423 0.375287 0.423919 0.153582 0.176593 0.138100 0.201940 0.172235 0.201313 0.307123 0.311707 0.312261 0.337649 0.230883 0.241502 0.247741 0.212954 0.639019 0.311694 0.280484 0.308603 0.376234 0.264733 0.362402 0.272375 0.472054 0.262930 0.627652 0.370367 0.458248 0.132560 0.176103 0.215539 0.198918 0.165783 0.213711 0.180743 0.199037 0.207976 0.194126 0.214435 0.212812 0.230359 0.197194 0.173618 0.236921 0.179047 0.168375 0.159576 0.159795 0.179888 0.151579 0.154102 0.160576 0.187351 0.186549 0.163718 0.218981 0.168356 0.180261 0.197103 0.145007 0.173920 0.202338 0.212773 0.160337 0.139159 0.211799 0.217521 0.198693 0.168679 0.192740 0.207348 0.198892 0.187426 0.149402 0.187824 0.199141 0.310193 0.195532 0.171652 0.297141 0.172825 0.246064 0.324270 0.456904 0.316040 0.179842 0.174760 0.362667 0.182567 0.219060 0.189210 0.381498 0.283633 0.300843 0.231244 0.179663 0.207717 0.175534 0.247185 0.246747 0.179450 0.251411 0.193650 0.248491 0.269189 0.208719 0.290814 0.345259 0.343970 0.330499 0.374566 0.211119 0.279248 0.273946 0.307796 0.272505 0.258568 0.280805 0.264723 0.285999 0.200875 0.194866 0.146832 0.255249 0.181545 0.173005 0.246466 0.224085 0.203112 0.198404 0.175869 0.205719 0.216893 0.187032 0.208451 0.203494 0.164004 0.201011 0.183229 0.192685 0.236915 0.218205 0.254222 0.197259 0.210619 0.237460 0.285014 0.229017 0.213758 0.226282 0.207089 0.189617 0.199856 0.205426 0.217713 0.248563 0.235604 0.252248 0.250832 0.267782 0.280780 0.258418 0.301459 0.297907 0.215886 0.169783 0.172996 0.179423 0.252228 0.309120 0.243868 0.108709 0.252274 0.173258 0.157419 0.250955 0.266681 0.178354 0.183257 0.207607 0.224305 
0.356593 0.344021 0.327792 0.280306 0.214703 0.211365 0.223480 0.262959 0.332311 0.300152 0.290967 0.308346 0.296238 0.196451 0.262854 0.000000 0.253188 0.359687 0.350590 0.416316 0.363674 0.328432 0.316167 0.234119 0.333750 0.409297 0.250079 0.365050 0.390065 0.397598 0.349922 0.435803 0.399744 0.344779 0.431708 0.314604 0.212685 0.267131 0.280633 0.284339 0.259544 0.381100 0.263454 0.242599 0.268391 0.302251 0.212602 0.331146 0.544743 0.440145 0.516883 0.626387 0.535185 0.283193 0.458417 0.450717 0.512791 0.344895 0.458464 0.465459 0.280905 0.279730 0.310105 0.326749 0.321467 0.297407 0.418636 0.393265 0.406790 0.416609 0.324518 0.357329 0.343937 0.324506 0.702284 0.344107 0.258549 0.298844 0.412869 0.228494 0.326388 0.246686 0.515015 0.297963 0.654740 0.345882 0.474863 0.235712 0.279778 0.248181 0.278432 0.269734 0.277145 0.221553 0.205179 0.316089 0.277583 0.288909 0.306880 0.305264 0.307825 0.320859 0.291044 0.294146 0.315074 0.283488 0.301724 0.292247 0.269178 0.273569 0.308901 0.307805 0.316982 0.308908 0.378580 0.344180 0.310178 0.345046 0.303619 0.336684 0.340039 0.368048 0.324956 0.301403 0.372708 0.376070 0.357701 0.321154 0.348505 0.377481 0.355146 0.332981 0.286623 0.347652 0.310831 0.251882 0.291804 0.211584 0.297969 0.262656 0.296745 0.356903 0.428385 0.371240 0.238543 0.224068 0.395261 0.218767 0.297267 0.285157 0.322967 0.325646 0.391722 0.265594 0.268454 0.326472 0.278743 0.341708 0.278538 0.280729 0.306154 0.238308 0.308017 0.354291 0.298841 0.373704 0.455708 0.432551 0.446681 0.473874 0.279119 0.352872 0.328246 0.368841 0.313446 0.310066 0.298087 0.318081 0.340398 0.328985 0.308344 0.274445 0.333323 0.275548 0.298094 0.318000 0.308987 0.317600 0.291574 0.298240 0.317237 0.286370 0.303720 0.331154 0.331129 0.293184 0.294814 0.311194 0.290681 0.292466 0.317856 0.359433 0.316025 0.315901 0.348367 0.341876 0.255750 0.310133 0.323542 0.279478 0.272457 0.243492 0.361623 0.397752 0.352838 0.346127 0.353488 0.389763 0.342620 0.344079 0.298882 0.311264 0.329527 0.290391 0.283655 0.250162 0.263184 0.169414 0.338716 0.260507 0.338667 0.341726 0.390894 0.312636 0.306710 0.314675 0.315892 0.341158 0.311406 0.281292 
0.358121 0.330199 0.328613 0.218607 0.286442 0.274479 0.277124 0.235759 0.276779 0.327856 0.262293 0.352236 0.275769 0.163015 0.303368 0.253188 0.000000 0.434637 0.430201 0.478518 0.419535 0.370597 0.396475 0.353103 0.411281 0.457157 0.386586 0.418071 0.436597 0.411427 0.363520 0.441678 0.403160 0.376555 0.442784 0.350338 0.314633 0.334489 0.343594 0.346200 0.222967 0.296047 0.227250 0.221328 0.222502 0.228714 0.223056 0.280898 0.549897 0.393054 0.466176 0.551367 0.443116 0.331226 0.415992 0.435805 0.483294 0.258088 0.390228 0.438776 0.269830 0.272844 0.289687 0.338856 0.328771 0.299385 0.279899 0.312403 0.327191 0.231707 0.321444 0.285416 0.295732 0.354245 0.596910 0.294235 0.190376 0.224628 0.325777 0.299383 0.359204 0.231603 0.418427 0.236039 0.622194 0.265356 0.395727 0.290375 0.312201 0.340892 0.320660 0.336363 0.334888 0.334088 0.323574 0.362819 0.334299 0.347910 0.357450 0.360401 0.353033 0.333523 0.228970 0.291131 0.306822 0.298573 0.311128 0.315165 0.322082 0.317489 0.342980 0.352761 0.351128 0.365302 0.395663 0.362657 0.344762 0.373913 0.332134 0.363362 0.359067 0.395751 0.349735 0.325833 0.407053 0.409969 0.388030 0.342480 0.373459 0.394774 0.371561 0.357030 0.318727 0.366135 0.349976 0.249172 0.286722 0.244141 0.310068 0.314995 0.304761 0.419193 0.357505 0.404865 0.294398 0.283979 0.391860 0.270331 0.308364 0.305520 0.284557 0.362577 0.413457 0.308947 0.261797 0.297370 0.300701 0.339705 0.338433 0.289422 0.354837 0.293103 0.333642 0.366305 0.291374 0.291596 0.373449 0.360403 0.366301 0.397936 0.255774 0.302343 0.241456 0.256943 0.248497 0.211302 0.214541 0.252380 0.235497 0.328448 0.278313 0.295871 0.246765 0.248631 0.327113 0.253315 0.268953 0.291339 0.295815 0.295214 0.278394 0.278173 0.285708 0.323747 0.320861 0.280408 0.291866 0.280793 0.286385 0.253989 0.279302 0.333102 0.251859 0.263064 0.248933 0.335934 0.221897 0.314863 0.227085 0.270738 0.282736 0.252986 0.321556 0.349647 0.289491 0.291913 0.317760 0.342047 0.275358 0.298097 0.224569 0.200518 0.258231 0.254106 0.289486 0.293875 0.225366 0.219732 0.222482 0.178110 0.357483 0.286576 0.378908 0.312126 0.233137 0.215077 0.309915 0.333853 0.344302 0.354083 
0.442390 0.460154 0.459802 0.410500 0.385417 0.352447 0.353655 0.420080 0.474140 0.414660 0.451297 0.412751 0.461895 0.436765 0.343202 0.359687 0.434637 0.000000 0.141655 0.120951 0.134573 0.137707 0.138743 0.168871 0.139348 0.122660 0.233397 0.103163 0.160105 0.302858 0.235655 0.310883 0.290896 0.263347 0.290706 0.284274 0.310932 0.334472 0.297289 0.320593 0.285224 0.338756 0.314964 0.322059 0.337602 0.499611 0.403653 0.332887 0.509538 0.391117 0.452717 0.573351 0.525092 0.319987 0.400068 0.420120 0.507951 0.355407 0.417967 0.469827 0.426958 0.414271 0.434071 0.466833 0.436888 0.449813 0.383990 0.366996 0.422657 0.399074 0.383232 0.382995 0.394737 0.397835 0.773557 0.475366 0.404003 0.454184 0.543362 0.351677 0.492166 0.387974 0.614492 0.394555 0.725593 0.469889 0.570627 0.353487 0.312673 0.311665 0.300421 0.277904 0.310259 0.284785 0.300322 0.347276 0.305993 0.319192 0.354907 0.356998 0.332178 0.393663 0.369802 0.386750 0.403636 0.379226 0.382168 0.446587 0.361931 0.404290 0.367869 0.370750 0.414913 0.365904 0.440005 0.383114 0.385580 0.426801 0.370731 0.403497 0.392002 0.441683 0.366334 0.371273 0.435879 0.450916 0.420887 0.360593 0.398996 0.405826 0.412758 0.379933 0.364911 0.417530 0.337165 0.378783 0.389299 0.357069 0.398858 0.374766 0.386050 0.462059 0.540575 0.390486 0.358775 0.336450 0.407815 0.345512 0.428092 0.397070 0.426318 0.408784 0.446814 0.410127 0.412419 0.442457 0.355910 0.517824 0.479564 0.416128 0.421019 0.353698 0.437934 0.497223 0.471224 0.377825 0.452209 0.422466 0.413256 0.464715 0.443332 0.519796 0.370809 0.417675 0.405635 0.406768 0.366456 0.387134 0.380235 0.342528 0.430866 0.379539 0.441868 0.414970 0.366078 0.452522 0.439506 0.434605 0.433045 0.400322 0.436377 0.424883 0.432009 0.431811 0.448859 0.401422 0.415121 0.432463 0.438727 0.442086 0.459664 0.504707 0.445885 0.431879 0.487799 0.503828 0.454929 0.473346 0.481200 0.427337 0.419594 0.438450 0.484562 0.499840 0.478035 0.473468 0.469007 0.488149 0.505447 0.530373 0.485122 0.498356 0.508885 0.382864 0.422318 0.407534 0.393645 0.380448 0.459952 0.409856 0.376229 0.440677 0.416241 0.370031 0.491054 0.508870 0.423323 0.450509 0.431978 0.424913 
