242 242
0.000000 0.108934 0.084739 0.103860 0.195502 0.205833 0.134824 0.158059 0.140882 0.133622 0.137622 0.123081 0.145961 0.158044 0.147911 0.133073 0.100625 0.142025 0.134562 0.157628 0.214001 0.140752 0.223523 0.216014 0.259100 0.306761 0.304770 0.286987 0.303551 0.271708 0.282941 0.255220 0.264050 0.270233 0.298166 0.282901 0.268803 0.245210 0.243888 0.317397 0.290620 0.258188 0.151743 0.155807 0.158116 0.162284 0.158856 0.176944 0.181018 0.118250 0.169584 0.263263 0.202426 0.294013 0.278452 0.266356 0.314787 0.166067 0.288934 0.218876 0.189556 0.293317 0.299990 0.165312 0.263819 0.268943 0.161917 0.180511 0.118444 0.109426 0.126179 0.135513 0.123407 0.136902 0.207615 0.246390 0.223500 0.145794 0.202880 0.258122 0.179846 0.142267 0.129318 0.141471 0.423691 0.160784 0.219751 0.256224 0.193861 0.225106 0.285833 0.185657 0.343698 0.515188 0.218300 0.445958 0.321706 0.167249 0.140783 0.154350 0.170742 0.153676 0.164509 0.153890 0.157869 0.147656 0.166246 0.163871 0.162183 0.160781 0.176244 0.096839 0.094351 0.108066 0.098607 0.102771 0.086563 0.160641 0.141287 0.166251 0.193791 0.164330 0.162230 0.177349 0.151503 0.184248 0.173103 0.186515 0.177553 0.149548 0.188872 0.202351 0.176467 0.179108 0.182628 0.160204 0.187409 0.184934 0.152118 0.212253 0.159485 0.183443 0.164977 0.185837 0.159472 0.200369 0.145978 0.127873 0.254527 0.147570 0.260412 0.168312 0.186006 0.134493 0.124199 0.091315 0.142009 0.116481 0.150978 0.178425 0.179504 0.109233 0.141000 0.127160 0.175170 0.221855 0.155656 0.196077 0.214159 0.218397 0.205108 0.216926 0.206122 0.147082 0.206069 0.153151 0.120576 0.183137 0.156435 0.125954 0.147147 0.088044 0.093578 0.118616 0.112156 0.156979 0.122453 0.332684 0.141763 0.114913 0.136127 0.128772 0.073391 0.095834 0.127392 0.130192 0.118330 0.147206 0.132815 0.115212 0.083397 0.111610 0.110612 0.172577 0.110231 0.129096 0.116266 0.146093 0.149439 0.117003 0.137681 0.117366 0.117237 0.111828 0.153876 0.079383 0.109970 0.106139 0.109675 0.093406 0.136025 0.147003 0.231027 0.216593 0.158229 0.129981 0.114822 0.142073 0.137414 0.103897 0.108910 0.178119 0.202805 0.178943 0.203035 0.223975 0.101948 0.091310 0.160863 0.168423 0.217765 0.192358 
0.108934 0.000000 0.087499 0.102534 0.179205 0.194241 0.140997 0.128552 0.099367 0.117174 0.115159 0.114222 0.132956 0.146531 0.128026 0.109349 0.113674 0.117325 0.102161 0.126596 0.240025 0.153411 0.232359 0.232067 0.271563 0.305137 0.314538 0.303506 0.308997 0.277264 0.297502 0.267191 0.276040 0.268315 0.305626 0.294236 0.270668 0.248532 0.253750 0.317854 0.295693 0.272075 0.164204 0.142724 0.156893 0.148869 0.118580 0.189805 0.191872 0.175453 0.187555 0.273416 0.211903 0.318483 0.274583 0.278609 0.297484 0.180311 0.291922 0.267710 0.184814 0.287893 0.295093 0.210724 0.244239 0.288938 0.190389 0.155596 0.138197 0.114924 0.089748 0.087790 0.099500 0.102909 0.259719 0.270326 0.246971 0.170349 0.252030 0.266628 0.165286 0.200009 0.113556 0.121660 0.434813 0.159019 0.214432 0.264559 0.226070 0.232493 0.320208 0.202849 0.357460 0.540843 0.225321 0.421329 0.319461 0.163182 0.144723 0.135073 0.187609 0.160474 0.172540 0.169653 0.180223 0.154917 0.165903 0.169565 0.162337 0.171323 0.199456 0.120868 0.119839 0.125619 0.090737 0.104015 0.067004 0.135311 0.115988 0.142411 0.172670 0.140204 0.148166 0.139706 0.129118 0.172985 0.146820 0.138220 0.161424 0.131953 0.143518 0.159529 0.125847 0.145724 0.154354 0.141988 0.135163 0.163394 0.145599 0.219627 0.167586 0.177117 0.142823 0.156591 0.123009 0.180092 0.119454 0.142843 0.241135 0.162780 0.260221 0.132659 0.131266 0.115937 0.106105 0.086470 0.111562 0.070665 0.124213 0.146472 0.149841 0.097326 0.120726 0.123162 0.122127 0.218774 0.131566 0.232892 0.275298 0.264426 0.261438 0.287277 0.277395 0.152037 0.186723 0.178422 0.157839 0.185389 0.201121 0.153774 0.184336 0.099873 0.114968 0.115926 0.116898 0.115833 0.115572 0.321206 0.167739 0.107586 0.173677 0.116295 0.127944 0.105605 0.109041 0.101039 0.161160 0.111013 0.095697 0.123717 0.116623 0.153893 0.143491 0.186023 0.158737 0.136621 0.153815 0.162748 0.100458 0.087426 0.121193 0.088575 0.104394 0.105022 0.121854 0.082295 0.073771 0.090990 0.083635 0.087526 0.125448 0.155642 0.217045 0.223164 0.191392 0.140657 0.097447 0.116642 0.166391 0.103513 0.117305 0.185192 0.208765 0.175615 0.195303 0.190402 0.102500 0.087376 0.115350 0.147778 0.220049 0.193694 
0.084739 0.087499 0.000000 0.070183 0.181220 0.197048 0.150687 0.154899 0.123110 0.119045 0.138490 0.118642 0.120007 0.147649 0.115356 0.112671 0.118424 0.123498 0.097015 0.154662 0.217301 0.138189 0.219519 0.221762 0.263070 0.312567 0.309718 0.292306 0.306285 0.276780 0.285039 0.259589 0.273923 0.279313 0.311609 0.286559 0.277762 0.245715 0.245390 0.318672 0.291310 0.259180 0.147505 0.149753 0.147765 0.134565 0.137221 0.187427 0.187143 0.147381 0.177743 0.273132 0.208309 0.287747 0.277439 0.259967 0.306955 0.166692 0.290624 0.238196 0.192851 0.279714 0.297158 0.185392 0.269094 0.289385 0.154950 0.130618 0.131999 0.114796 0.088569 0.103158 0.084330 0.072713 0.255688 0.258272 0.248635 0.171736 0.237734 0.262682 0.176407 0.176549 0.088610 0.112009 0.439198 0.167651 0.233706 0.250914 0.230534 0.233616 0.303097 0.200081 0.365134 0.551851 0.236440 0.410072 0.320569 0.163729 0.145413 0.144066 0.171014 0.139640 0.163899 0.151026 0.155091 0.144808 0.154169 0.152255 0.155139 0.148306 0.175572 0.114019 0.108103 0.105502 0.085939 0.081526 0.078052 0.152892 0.124672 0.168780 0.193893 0.157450 0.139535 0.168110 0.146894 0.176590 0.156566 0.164484 0.175447 0.139272 0.185114 0.192212 0.167872 0.174567 0.176354 0.167493 0.162619 0.178783 0.154471 0.218674 0.145434 0.164129 0.136396 0.160730 0.106243 0.177065 0.127794 0.121793 0.220410 0.134741 0.250726 0.146794 0.169310 0.118701 0.106842 0.082032 0.118641 0.087944 0.151068 0.158721 0.146473 0.095550 0.121775 0.102058 0.157872 0.194580 0.123463 0.212918 0.246842 0.248830 0.230300 0.259020 0.251230 0.139192 0.190925 0.149489 0.141319 0.185158 0.173160 0.145734 0.160984 0.109659 0.111810 0.136047 0.125716 0.130069 0.111153 0.312600 0.159640 0.118886 0.138315 0.139614 0.116168 0.102458 0.131207 0.129841 0.131243 0.149420 0.138682 0.126341 0.091090 0.132502 0.126849 0.174299 0.137568 0.125306 0.131679 0.163680 0.153312 0.095029 0.142558 0.099219 0.115676 0.089727 0.148350 0.079511 0.099034 0.088861 0.084730 0.098867 0.122930 0.141285 0.209929 0.232556 0.168112 0.124951 0.088568 0.103026 0.144895 0.096170 0.114054 0.177535 0.214590 0.177577 0.179456 0.200597 0.098280 0.102796 0.147943 0.133105 0.203733 0.186579 
0.103860 0.102534 0.070183 0.000000 0.138813 0.164094 0.164510 0.156611 0.129941 0.137660 0.150373 0.126697 0.145547 0.151824 0.137755 0.127001 0.141335 0.131133 0.112966 0.159447 0.219028 0.131545 0.212552 0.217616 0.253962 0.300004 0.301142 0.283561 0.300533 0.265540 0.278586 0.250542 0.265922 0.265329 0.302634 0.279003 0.266607 0.237633 0.236731 0.310447 0.283649 0.250810 0.145081 0.146353 0.139591 0.155245 0.151603 0.188778 0.177537 0.157524 0.171461 0.246714 0.201265 0.279807 0.266398 0.238563 0.289512 0.155631 0.259291 0.218426 0.178770 0.249416 0.274704 0.191768 0.272769 0.297066 0.163301 0.119478 0.151782 0.123426 0.099296 0.116672 0.107294 0.102620 0.259054 0.257715 0.256710 0.177404 0.242776 0.253484 0.153843 0.182715 0.090594 0.104286 0.414485 0.183974 0.226848 0.261555 0.253346 0.243062 0.327864 0.211933 0.382458 0.553445 0.245548 0.382248 0.324868 0.169158 0.137806 0.142594 0.168428 0.146636 0.164241 0.143014 0.149650 0.140563 0.157145 0.152833 0.143420 0.158099 0.169273 0.132953 0.130941 0.122229 0.102988 0.098246 0.088440 0.163614 0.140801 0.169430 0.197926 0.165697 0.162919 0.177881 0.158424 0.187092 0.169019 0.178683 0.177365 0.151409 0.190087 0.204190 0.177238 0.177951 0.190898 0.165127 0.179363 0.186311 0.159632 0.228758 0.161261 0.148896 0.155485 0.177843 0.128794 0.199691 0.135068 0.116027 0.214506 0.138287 0.260908 0.166395 0.187053 0.127415 0.124799 0.114457 0.139376 0.107808 0.163614 0.181206 0.166484 0.103487 0.133193 0.115953 0.177236 0.193926 0.148874 0.213443 0.257400 0.253548 0.237538 0.268143 0.262890 0.156220 0.198416 0.166837 0.155322 0.187625 0.184261 0.158221 0.172977 0.122118 0.135220 0.151698 0.114916 0.155238 0.135526 0.335729 0.176559 0.120166 0.168843 0.144340 0.132675 0.117935 0.132448 0.126224 0.156892 0.149536 0.137851 0.127412 0.110243 0.145206 0.152022 0.198573 0.152233 0.144421 0.155734 0.176496 0.155045 0.114221 0.149304 0.120741 0.124131 0.109679 0.150394 0.114879 0.112267 0.116625 0.109354 0.118800 0.145849 0.150844 0.211325 0.233446 0.190841 0.152099 0.124605 0.126841 0.159577 0.100862 0.115485 0.182750 0.210060 0.182619 0.187009 0.220737 0.115382 0.118421 0.153278 0.153303 0.207184 0.188247 
0.195502 0.179205 0.181220 0.138813 0.000000 0.095759 0.206392 0.232373 0.242373 0.245961 0.239617 0.237592 0.214471 0.221351 0.224550 0.213135 0.236754 0.215930 0.226143 0.231347 0.257245 0.199858 0.258738 0.251112 0.262487 0.300763 0.295231 0.285697 0.298569 0.271663 0.281492 0.270171 0.270657 0.282301 0.312688 0.283999 0.281041 0.262923 0.265544 0.313592 0.296435 0.265267 0.223784 0.242764 0.246435 0.244466 0.233525 0.235520 0.223525 0.205446 0.220790 0.187918 0.216666 0.216501 0.188420 0.176279 0.204528 0.222766 0.176024 0.179038 0.189994 0.210936 0.202635 0.206149 0.217757 0.209012 0.141733 0.136296 0.188231 0.195791 0.196799 0.195573 0.205908 0.221969 0.248423 0.252026 0.210488 0.153947 0.235303 0.250448 0.106635 0.186752 0.170151 0.142256 0.331238 0.237508 0.179862 0.269093 0.250782 0.190615 0.304314 0.198043 0.320267 0.502754 0.215792 0.340542 0.320450 0.229967 0.223969 0.230685 0.221012 0.237845 0.225706 0.219014 0.239790 0.217634 0.231478 0.238920 0.240878 0.240800 0.256817 0.187899 0.163204 0.192896 0.173986 0.188735 0.189902 0.238449 0.236309 0.245067 0.279837 0.244154 0.244028 0.273914 0.236171 0.260220 0.246845 0.266952 0.244740 0.232569 0.270813 0.281067 0.257485 0.262968 0.270586 0.231310 0.267455 0.271793 0.246926 0.208490 0.215061 0.152051 0.252193 0.288892 0.221429 0.288722 0.232454 0.205548 0.209461 0.221159 0.214798 0.262282 0.290145 0.236294 0.210478 0.206595 0.218983 0.216353 0.245441 0.259218 0.273748 0.209065 0.238013 0.229224 0.271282 0.219290 0.217224 0.221372 0.252615 0.249401 0.238252 0.256987 0.238185 0.194009 0.230722 0.215361 0.193848 0.226137 0.211528 0.206126 0.174499 0.207024 0.210595 0.180557 0.198058 0.259174 0.247358 0.442772 0.169122 0.167406 0.192452 0.166803 0.196389 0.172438 0.163149 0.190906 0.189704 0.243683 0.173168 0.163697 0.206588 0.212043 0.206429 0.266501 0.201869 0.208300 0.205672 0.233516 0.251389 0.229510 0.249776 0.214083 0.210707 0.219914 0.169378 0.208516 0.173007 0.222148 0.216276 0.215505 0.216753 0.180553 0.212761 0.232920 0.254693 0.238892 0.217951 0.233551 0.219046 0.190493 0.200319 0.217456 0.173978 0.216205 0.196772 0.192588 0.193550 0.185362 0.238261 0.251261 0.229100 0.223122 
0.205833 0.194241 0.197048 0.164094 0.095759 0.000000 0.209750 0.236072 0.255484 0.256651 0.230287 0.245339 0.241336 0.243025 0.258973 0.251667 0.250508 0.246975 0.219720 0.244440 0.266975 0.232468 0.263162 0.266545 0.290261 0.312506 0.317914 0.315402 0.324691 0.293746 0.316739 0.311225 0.263721 0.307702 0.336277 0.310209 0.316168 0.301538 0.304841 0.331141 0.322421 0.308223 0.272988 0.278616 0.283395 0.291565 0.278397 0.259205 0.238866 0.247769 0.267684 0.207604 0.247275 0.225251 0.229279 0.198981 0.250289 0.269201 0.210970 0.181373 0.217958 0.217300 0.238978 0.236914 0.247177 0.235526 0.164119 0.150323 0.195915 0.227174 0.215301 0.216154 0.226578 0.231726 0.270672 0.269290 0.247029 0.196377 0.263096 0.263561 0.148168 0.223278 0.204038 0.185266 0.321754 0.230207 0.185022 0.252106 0.238905 0.219774 0.294316 0.195971 0.329421 0.484904 0.223755 0.313904 0.311233 0.236454 0.257971 0.255058 0.269183 0.279972 0.256548 0.266061 0.287887 0.266187 0.278516 0.284856 0.283753 0.292732 0.296245 0.211081 0.181998 0.223080 0.198906 0.207218 0.197347 0.277855 0.263430 0.277769 0.317818 0.289006 0.282642 0.305125 0.271502 0.298213 0.284571 0.302971 0.282527 0.276722 0.310122 0.319642 0.296981 0.301830 0.302149 0.262617 0.303247 0.310655 0.264128 0.217353 0.232441 0.153470 0.283456 0.321558 0.250489 0.309390 0.242306 0.236383 0.251947 0.243472 0.227515 0.288520 0.308077 0.257892 0.222129 0.219142 0.244836 0.237230 0.249324 0.268963 0.293618 0.241894 0.268738 0.262631 0.291840 0.223279 0.216591 0.250839 0.271024 0.270418 0.259404 0.281982 0.269261 0.200593 0.257012 0.234591 0.216001 0.247148 0.239388 0.229876 0.218783 0.218114 0.224951 0.212199 0.220494 0.282664 0.263944 0.461135 0.200573 0.194375 0.205427 0.194591 0.205630 0.195961 0.181128 0.209058 0.198627 0.248567 0.195902 0.186192 0.209784 0.207431 0.224168 0.290150 0.228410 0.229246 0.228027 0.257146 0.257359 0.237261 0.249137 0.226118 0.214386 0.222326 0.188037 0.224140 0.206009 0.240912 0.240688 0.233689 0.225815 0.201186 0.223522 0.222975 0.251258 0.242375 0.222671 0.249732 0.230302 0.204144 0.200721 0.222474 0.177241 0.232561 0.182287 0.197580 0.193385 0.179107 0.262297 0.285928 0.246720 0.237628 
0.134824 0.140997 0.150687 0.164510 0.206392 0.209750 0.000000 0.128182 0.129754 0.118510 0.135649 0.139031 0.139472 0.139864 0.148952 0.148024 0.097412 0.151183 0.132683 0.141518 0.154545 0.143632 0.193662 0.150862 0.245499 0.281030 0.283875 0.277750 0.282206 0.256317 0.269455 0.254341 0.239681 0.253143 0.285018 0.265662 0.262745 0.231212 0.237089 0.294145 0.273798 0.248991 0.172251 0.170048 0.180166 0.180839 0.166077 0.123865 0.140254 0.115893 0.122152 0.236213 0.161255 0.309012 0.231929 0.269721 0.278368 0.184841 0.267365 0.234579 0.188370 0.277766 0.269091 0.141880 0.222461 0.242856 0.160729 0.178173 0.107598 0.123421 0.135429 0.138664 0.140961 0.148960 0.195902 0.194871 0.201785 0.147432 0.196360 0.218700 0.194490 0.152498 0.161013 0.167500 0.362124 0.080390 0.133366 0.164907 0.116479 0.173289 0.213347 0.121186 0.257380 0.435216 0.105896 0.424287 0.244720 0.141483 0.163015 0.158608 0.183882 0.179404 0.178433 0.176711 0.193582 0.169736 0.175745 0.182050 0.187452 0.189209 0.203146 0.121420 0.114355 0.145381 0.141646 0.156886 0.135031 0.160837 0.169887 0.172583 0.200608 0.172935 0.169790 0.187447 0.152844 0.187022 0.175245 0.185715 0.170470 0.158560 0.196417 0.197779 0.182707 0.184778 0.184656 0.151760 0.177478 0.191536 0.166088 0.126461 0.133240 0.152107 0.173576 0.215266 0.161144 0.205961 0.131586 0.139612 0.198149 0.134309 0.173544 0.182554 0.195874 0.160754 0.100796 0.113554 0.137875 0.137395 0.129729 0.148402 0.176331 0.132731 0.177819 0.180582 0.191170 0.167068 0.135888 0.185166 0.231076 0.215506 0.220786 0.239711 0.258452 0.105196 0.137443 0.123334 0.113162 0.138670 0.137647 0.120517 0.177091 0.105239 0.120287 0.140583 0.135201 0.230880 0.210257 0.412881 0.125098 0.097911 0.146866 0.117424 0.124487 0.115647 0.101801 0.120651 0.139254 0.153831 0.125118 0.120303 0.138885 0.119896 0.111658 0.155146 0.109815 0.107842 0.113895 0.119201 0.180232 0.159420 0.110936 0.134577 0.131641 0.128086 0.159811 0.116616 0.141992 0.133697 0.152431 0.142433 0.104193 0.124044 0.152427 0.159096 0.125465 0.110750 0.147478 0.165616 0.107963 0.150617 0.149720 0.138487 0.129764 0.115411 0.183160 0.157637 0.102467 0.099366 0.155144 0.174282 0.146803 0.151671 
0.158059 0.128552 0.154899 0.156611 0.232373 0.236072 0.128182 0.000000 0.123561 0.111394 0.082507 0.135791 0.095411 0.102144 0.106134 0.100481 0.128273 0.107480 0.123714 0.079487 0.195096 0.116470 0.135068 0.192636 0.212716 0.251184 0.247116 0.244572 0.273979 0.230219 0.247216 0.215296 0.192516 0.216978 0.260098 0.246913 0.256119 0.225965 0.229638 0.295938 0.275083 0.245350 0.127744 0.131081 0.146043 0.137743 0.106675 0.183989 0.158200 0.155182 0.156427 0.299440 0.201354 0.362140 0.286267 0.333912 0.352875 0.148027 0.349357 0.272608 0.173378 0.313942 0.334363 0.206581 0.280435 0.302620 0.228999 0.201050 0.143377 0.121123 0.132384 0.089177 0.133779 0.144198 0.274149 0.252575 0.280410 0.214019 0.261070 0.252069 0.234957 0.221860 0.174480 0.189589 0.474006 0.090033 0.194842 0.167967 0.155327 0.269874 0.255000 0.167057 0.329005 0.503551 0.177158 0.458987 0.236836 0.082777 0.141795 0.134198 0.151384 0.157070 0.103503 0.136892 0.164313 0.136845 0.148855 0.156223 0.152235 0.164552 0.188789 0.131314 0.134465 0.137919 0.104292 0.122986 0.110112 0.107866 0.100337 0.106001 0.166222 0.135272 0.133400 0.139923 0.107428 0.152842 0.120222 0.132548 0.132495 0.113717 0.138351 0.134537 0.119640 0.141321 0.150574 0.102627 0.121506 0.151338 0.126930 0.178677 0.097946 0.208332 0.146464 0.156607 0.142477 0.189367 0.079254 0.102998 0.260242 0.095124 0.224872 0.141473 0.150489 0.104591 0.104198 0.135821 0.090031 0.109242 0.098365 0.149506 0.127136 0.112599 0.126675 0.149012 0.130922 0.214787 0.127080 0.240304 0.291939 0.275583 0.283052 0.305609 0.295694 0.148712 0.194394 0.189295 0.194047 0.196034 0.212272 0.182179 0.203361 0.116007 0.136682 0.161936 0.084961 0.184163 0.194750 0.400724 0.202773 0.123396 0.156160 0.167920 0.158043 0.134283 0.151301 0.134283 0.172622 0.074503 0.135117 0.155132 0.151803 0.152346 0.163261 0.189054 0.170657 0.146964 0.163768 0.174900 0.122893 0.129431 0.141133 0.103069 0.090091 0.098571 0.148269 0.138753 0.139775 0.148048 0.140609 0.162751 0.177242 0.209035 0.149228 0.224633 0.198835 0.153850 0.155436 0.155746 0.141208 0.109632 0.109069 0.115643 0.217199 0.153244 0.232085 0.179637 0.116848 0.122716 0.096415 0.123905 0.133458 0.099572 
0.140882 0.099367 0.123110 0.129941 0.242373 0.255484 0.129754 0.123561 0.000000 0.088225 0.114469 0.067041 0.146215 0.132627 0.134795 0.109351 0.097506 0.106843 0.058549 0.121172 0.172800 0.137328 0.215449 0.175832 0.269547 0.306877 0.312994 0.304579 0.314457 0.275838 0.298669 0.267967 0.267583 0.275060 0.302264 0.293614 0.271691 0.248831 0.252115 0.317458 0.294474 0.268036 0.167160 0.142216 0.153984 0.163202 0.119627 0.156113 0.160938 0.157140 0.144434 0.283724 0.185227 0.366402 0.294548 0.311989 0.318711 0.179052 0.315796 0.294468 0.194025 0.307530 0.313963 0.179527 0.258491 0.315700 0.213786 0.193443 0.149222 0.112766 0.105163 0.090396 0.103868 0.104869 0.252921 0.239982 0.278336 0.197320 0.240872 0.250420 0.220899 0.198981 0.157397 0.177859 0.415378 0.116374 0.209926 0.212070 0.192006 0.228052 0.281146 0.189769 0.344699 0.527273 0.207587 0.439172 0.265603 0.156785 0.147354 0.146618 0.190340 0.169165 0.180954 0.172015 0.182258 0.157759 0.172936 0.176256 0.164981 0.180763 0.199077 0.147161 0.154305 0.145353 0.126687 0.133524 0.101861 0.144831 0.132341 0.137893 0.173340 0.148459 0.155419 0.140605 0.142233 0.183758 0.162934 0.149431 0.164783 0.143483 0.152645 0.166322 0.136425 0.153776 0.171801 0.150300 0.147061 0.169693 0.153668 0.217433 0.146820 0.212490 0.161548 0.167388 0.139544 0.203968 0.132030 0.142899 0.252676 0.155595 0.240501 0.155260 0.145388 0.131618 0.108824 0.112436 0.125938 0.074483 0.121136 0.146381 0.134282 0.106754 0.141309 0.156011 0.109573 0.214300 0.127704 0.227038 0.270910 0.266839 0.260976 0.295626 0.309055 0.138974 0.157692 0.174060 0.173534 0.173769 0.190364 0.166772 0.215841 0.124795 0.154328 0.160476 0.117281 0.167541 0.157968 0.362521 0.174257 0.126705 0.185773 0.134626 0.127297 0.137662 0.127113 0.104886 0.178940 0.103467 0.120377 0.136795 0.121105 0.155608 0.159829 0.174547 0.170935 0.140498 0.159744 0.144295 0.112700 0.111457 0.086906 0.100063 0.126339 0.108251 0.163769 0.104611 0.110125 0.101393 0.109612 0.118027 0.132491 0.170002 0.195538 0.210497 0.161322 0.122063 0.132055 0.126642 0.138658 0.125666 0.138356 0.160796 0.197524 0.134614 0.205499 0.186483 0.120818 0.124660 0.113722 0.153916 0.194676 0.186446 
0.133622 0.117174 0.119045 0.137660 0.245961 0.256651 0.118510 0.111394 0.088225 0.000000 0.068464 0.080345 0.085267 0.106230 0.089460 0.112243 0.102792 0.125367 0.093728 0.115222 0.162248 0.131788 0.182747 0.160180 0.235073 0.282034 0.280088 0.269614 0.277973 0.258855 0.262508 0.239611 0.234873 0.246580 0.283375 0.260083 0.250484 0.203055 0.209341 0.280550 0.247017 0.221897 0.122313 0.115059 0.116585 0.116648 0.111073 0.173149 0.129347 0.137212 0.133927 0.299001 0.204585 0.369518 0.283820 0.327398 0.335590 0.135890 0.336286 0.294098 0.196626 0.339286 0.333352 0.181190 0.271357 0.324249 0.217195 0.198553 0.155891 0.117892 0.125421 0.120723 0.114507 0.107087 0.259964 0.232653 0.273757 0.204668 0.250501 0.236686 0.230694 0.203403 0.154805 0.183130 0.446333 0.108348 0.207955 0.185095 0.179198 0.248581 0.291074 0.165419 0.349558 0.517343 0.188642 0.445409 0.267678 0.108708 0.120383 0.131257 0.156355 0.125292 0.145923 0.137430 0.135795 0.120538 0.124855 0.129210 0.132249 0.125999 0.152694 0.146229 0.146060 0.134051 0.125570 0.118852 0.106799 0.105705 0.105182 0.118314 0.129399 0.104439 0.100225 0.107824 0.104759 0.125236 0.121192 0.118535 0.131244 0.099123 0.130800 0.142389 0.114152 0.115288 0.121951 0.120772 0.107728 0.114230 0.115481 0.204225 0.127203 0.214431 0.112893 0.147173 0.144837 0.136994 0.086958 0.100928 0.253871 0.114261 0.236653 0.121806 0.120010 0.107539 0.095041 0.091867 0.091111 0.093154 0.125016 0.142655 0.124849 0.095230 0.134823 0.115220 0.127051 0.215414 0.130824 0.224432 0.275684 0.271179 0.272876 0.293536 0.303042 0.158029 0.183264 0.159844 0.165089 0.169367 0.186978 0.161071 0.212361 0.117028 0.147287 0.170113 0.128203 0.166842 0.153036 0.362475 0.173316 0.111777 0.176724 0.163067 0.137277 0.133156 0.136672 0.134275 0.172316 0.099217 0.157853 0.136369 0.134717 0.151250 0.164806 0.186124 0.161916 0.145534 0.157327 0.151241 0.114060 0.091519 0.094389 0.077148 0.096369 0.092990 0.191700 0.117853 0.143276 0.096190 0.100840 0.116586 0.153744 0.196269 0.187076 0.238456 0.172423 0.135799 0.128848 0.139511 0.132204 0.128711 0.140544 0.158086 0.218833 0.145487 0.225439 0.213328 0.092580 0.118368 0.104085 0.118999 0.161871 0.144431 
0.137622 0.115159 0.138490 0.150373 0.239617 0.230287 0.135649 0.082507 0.114469 0.068464 0.000000 0.086760 0.079610 0.099578 0.091480 0.115002 0.125685 0.107986 0.095408 0.096699 0.187506 0.133578 0.152762 0.186695 0.234654 0.271121 0.272352 0.266217 0.278516 0.252526 0.267691 0.240504 0.209172 0.235637 0.270849 0.258080 0.266565 0.230177 0.235647 0.298178 0.276677 0.249979 0.136672 0.133968 0.136474 0.130997 0.114734 0.198347 0.145074 0.153473 0.167563 0.318479 0.225542 0.381624 0.302541 0.347495 0.366249 0.153869 0.365315 0.290148 0.192494 0.349614 0.349650 0.205398 0.302528 0.318926 0.234769 0.199164 0.162194 0.132906 0.128357 0.100685 0.131676 0.123617 0.290016 0.261354 0.302131 0.231763 0.279385 0.250346 0.243161 0.229455 0.169438 0.196492 0.467936 0.100703 0.203785 0.182969 0.171413 0.271774 0.286695 0.169940 0.345200 0.509949 0.201411 0.450700 0.254060 0.089877 0.134294 0.140644 0.159884 0.139537 0.130461 0.141981 0.152319 0.138805 0.145177 0.148868 0.152688 0.147411 0.168636 0.153052 0.152898 0.144028 0.112131 0.112752 0.101949 0.103624 0.092375 0.114588 0.141226 0.120458 0.116184 0.136996 0.102133 0.142365 0.128492 0.129815 0.134597 0.111891 0.139457 0.148255 0.122875 0.128864 0.130130 0.122610 0.119472 0.135231 0.104511 0.200695 0.128393 0.217443 0.117646 0.153092 0.154997 0.145261 0.082230 0.094209 0.278353 0.106923 0.232871 0.127533 0.124719 0.099470 0.099715 0.105517 0.082927 0.103095 0.111473 0.153059 0.131643 0.098273 0.132168 0.123117 0.115179 0.228018 0.127449 0.250043 0.301231 0.294290 0.298365 0.312845 0.314504 0.159773 0.213592 0.192657 0.190559 0.201933 0.213482 0.190903 0.222929 0.118905 0.155014 0.164534 0.122890 0.167347 0.136520 0.358805 0.211873 0.127891 0.171492 0.182274 0.163277 0.147890 0.166389 0.153143 0.185886 0.080528 0.167609 0.163180 0.154500 0.146697 0.182891 0.213066 0.187460 0.165558 0.171073 0.164229 0.092424 0.077897 0.113231 0.087114 0.080788 0.098921 0.169816 0.131833 0.143883 0.103688 0.121467 0.121758 0.171495 0.216808 0.177796 0.241606 0.204684 0.166842 0.122960 0.159834 0.135080 0.119913 0.122554 0.147091 0.236967 0.154361 0.233625 0.206234 0.095303 0.122648 0.086734 0.114120 0.150231 0.117860 
0.123081 0.114222 0.118642 0.126697 0.237592 0.245339 0.139031 0.135791 0.067041 0.080345 0.086760 0.000000 0.135131 0.125651 0.124650 0.115781 0.110465 0.090227 0.066461 0.125066 0.169916 0.130417 0.194997 0.168779 0.264592 0.307764 0.309957 0.294749 0.307755 0.274494 0.287372 0.262329 0.253117 0.273483 0.293950 0.286876 0.269012 0.247573 0.250330 0.320568 0.292820 0.262488 0.155962 0.143100 0.150021 0.155091 0.139168 0.171944 0.143332 0.148484 0.160101 0.293239 0.202130 0.367608 0.298717 0.316103 0.335499 0.170746 0.335194 0.292390 0.179879 0.322746 0.326121 0.190019 0.273735 0.318617 0.218643 0.195165 0.157476 0.115839 0.110535 0.110421 0.106863 0.103310 0.269081 0.252485 0.291707 0.210184 0.258127 0.245052 0.225330 0.202316 0.155312 0.178080 0.440836 0.123519 0.208305 0.201046 0.198576 0.252614 0.293099 0.163827 0.348186 0.517176 0.207462 0.441403 0.273014 0.147491 0.141549 0.152798 0.179537 0.156169 0.176802 0.160486 0.168460 0.153947 0.165426 0.167941 0.161492 0.165311 0.185831 0.150852 0.155003 0.144338 0.125247 0.121287 0.095700 0.135963 0.122461 0.145981 0.166938 0.145658 0.147640 0.154158 0.138968 0.179052 0.168739 0.150674 0.163864 0.138271 0.166388 0.183180 0.155352 0.157360 0.174377 0.156854 0.156751 0.168897 0.136745 0.215288 0.151758 0.205696 0.150955 0.174676 0.146147 0.190873 0.131939 0.125625 0.262632 0.138964 0.242102 0.159078 0.152807 0.124442 0.115541 0.102215 0.129442 0.082847 0.129925 0.156668 0.140030 0.096578 0.144503 0.137205 0.133576 0.223562 0.121897 0.241542 0.279238 0.283930 0.274233 0.299729 0.299017 0.160491 0.191169 0.185610 0.184316 0.191954 0.206381 0.183227 0.206800 0.134513 0.161570 0.159826 0.126385 0.168867 0.130391 0.350775 0.182321 0.133890 0.177254 0.158021 0.128726 0.141452 0.142323 0.132720 0.166505 0.108219 0.147512 0.132996 0.121973 0.156872 0.171044 0.196579 0.177700 0.156672 0.166497 0.159976 0.098169 0.082786 0.099148 0.102297 0.121132 0.098260 0.171332 0.115785 0.116273 0.104661 0.117641 0.114270 0.158561 0.181179 0.193486 0.213475 0.167292 0.126997 0.130100 0.141330 0.142591 0.109601 0.122213 0.155807 0.209264 0.139534 0.202659 0.203860 0.098705 0.125812 0.117130 0.148348 0.177911 0.153439 
0.145961 0.132956 0.120007 0.145547 0.214471 0.241336 0.139472 0.095411 0.146215 0.085267 0.079610 0.135131 0.000000 0.092155 0.047532 0.100421 0.139328 0.104532 0.124993 0.096381 0.203156 0.109750 0.166983 0.202687 0.190122 0.243444 0.231369 0.224293 0.236837 0.219090 0.214495 0.198379 0.202532 0.205957 0.249906 0.217985 0.234216 0.178553 0.186857 0.256125 0.229340 0.196623 0.078573 0.090434 0.090862 0.063042 0.073526 0.190158 0.144603 0.134091 0.143796 0.294544 0.205612 0.345222 0.272492 0.316302 0.348426 0.109615 0.339610 0.267160 0.184646 0.329974 0.323574 0.196097 0.291828 0.306450 0.217355 0.190070 0.151284 0.138147 0.135378 0.106111 0.126468 0.115548 0.273793 0.249743 0.270755 0.201496 0.255670 0.249732 0.218887 0.206222 0.138240 0.157106 0.489956 0.130828 0.227488 0.205826 0.193487 0.283140 0.289197 0.177154 0.351881 0.539662 0.200898 0.444894 0.272121 0.072315 0.110844 0.118350 0.108956 0.098406 0.095577 0.085944 0.097741 0.087125 0.086553 0.090570 0.101537 0.092975 0.120851 0.135474 0.134001 0.125079 0.084966 0.102703 0.113590 0.079621 0.077036 0.088610 0.126599 0.080480 0.071921 0.101497 0.071569 0.106458 0.079899 0.098081 0.116568 0.082988 0.110186 0.115305 0.091186 0.100390 0.104720 0.097206 0.098715 0.108994 0.087525 0.198590 0.109229 0.218082 0.078469 0.120776 0.132592 0.116111 0.061257 0.068010 0.255857 0.089688 0.245404 0.089104 0.119745 0.078596 0.092059 0.109701 0.042496 0.111066 0.130025 0.154699 0.115000 0.089291 0.104054 0.099696 0.124463 0.230162 0.146027 0.223193 0.276303 0.263949 0.267728 0.285836 0.280109 0.160632 0.210251 0.178304 0.176931 0.196444 0.199197 0.175063 0.184796 0.124790 0.140501 0.164135 0.123083 0.165667 0.155269 0.365427 0.207424 0.125647 0.151148 0.175566 0.168984 0.129035 0.173550 0.165735 0.174352 0.105140 0.169291 0.168328 0.144910 0.163608 0.169921 0.194493 0.168184 0.151252 0.151266 0.182500 0.146752 0.109738 0.156554 0.094681 0.091520 0.108661 0.179349 0.138279 0.149262 0.126032 0.118507 0.134561 0.169719 0.225163 0.180124 0.267693 0.217673 0.173370 0.129158 0.143353 0.145584 0.123426 0.129941 0.162925 0.238541 0.156876 0.258454 0.224833 0.113350 0.128961 0.079607 0.080815 0.144423 0.122037 
0.158044 0.146531 0.147649 0.151824 0.221351 0.243025 0.139864 0.102144 0.132627 0.106230 0.099578 0.125651 0.092155 0.000000 0.096664 0.125446 0.154654 0.130462 0.138918 0.118972 0.174096 0.138455 0.154241 0.169721 0.205630 0.252119 0.255958 0.238743 0.266251 0.220926 0.238061 0.204192 0.200343 0.209447 0.260843 0.237998 0.249044 0.218653 0.220412 0.293616 0.270674 0.223277 0.135610 0.131645 0.137270 0.103669 0.114573 0.178100 0.121997 0.139846 0.129677 0.288475 0.183708 0.350616 0.264102 0.317944 0.337133 0.158467 0.325646 0.273838 0.162683 0.321967 0.299723 0.173700 0.259530 0.282897 0.234819 0.206369 0.157411 0.140668 0.147523 0.119554 0.130151 0.127590 0.260699 0.238475 0.278068 0.206837 0.249227 0.228624 0.227505 0.205521 0.142051 0.157049 0.481627 0.119367 0.217642 0.188964 0.179726 0.273205 0.269658 0.155789 0.328486 0.506376 0.186738 0.465355 0.251471 0.119223 0.128489 0.121941 0.139551 0.133710 0.110104 0.126790 0.157095 0.136282 0.139826 0.130362 0.146841 0.135339 0.168170 0.140268 0.136684 0.120639 0.092773 0.109008 0.121122 0.136868 0.106180 0.139373 0.193895 0.148377 0.135125 0.168476 0.129673 0.175813 0.135084 0.162548 0.166976 0.130524 0.167891 0.157583 0.152685 0.163494 0.173708 0.137203 0.158641 0.173687 0.126538 0.151102 0.090842 0.184133 0.104279 0.130491 0.114622 0.152289 0.099985 0.088229 0.209084 0.081165 0.190963 0.106000 0.174935 0.085799 0.095524 0.112369 0.096557 0.122352 0.102287 0.145346 0.115840 0.092904 0.088911 0.113687 0.158078 0.175326 0.140544 0.213670 0.279364 0.258658 0.260918 0.288479 0.281800 0.144819 0.193978 0.148937 0.177582 0.168890 0.186709 0.160837 0.191122 0.130645 0.148591 0.185681 0.111330 0.175040 0.179062 0.406782 0.192463 0.117348 0.174944 0.174801 0.176949 0.127601 0.158290 0.151231 0.172984 0.107808 0.163013 0.153566 0.153807 0.164625 0.169440 0.200553 0.181828 0.148938 0.157059 0.180787 0.134068 0.118347 0.138738 0.088241 0.106756 0.093588 0.197266 0.162660 0.165350 0.123097 0.121646 0.158142 0.165339 0.216944 0.144915 0.218772 0.175363 0.125777 0.137509 0.134009 0.127793 0.101903 0.107645 0.117924 0.209617 0.128527 0.226908 0.200639 0.101707 0.122549 0.125905 0.120105 0.117628 0.106874 
0.147911 0.128026 0.115356 0.137755 0.224550 0.258973 0.148952 0.106134 0.134795 0.089460 0.091480 0.124650 0.047532 0.096664 0.000000 0.092235 0.121453 0.100954 0.125154 0.103110 0.209955 0.107248 0.169518 0.207447 0.200300 0.251100 0.247887 0.231357 0.249410 0.223574 0.223486 0.199743 0.217670 0.219276 0.257846 0.225775 0.238157 0.199024 0.201895 0.271515 0.246683 0.210430 0.085682 0.077960 0.086171 0.060378 0.068607 0.175805 0.155395 0.133818 0.140593 0.290782 0.189716 0.342458 0.276893 0.314629 0.344572 0.113284 0.339209 0.280698 0.189991 0.319365 0.325330 0.205533 0.284872 0.319674 0.216355 0.187384 0.162950 0.129574 0.119537 0.118630 0.098410 0.089372 0.277111 0.258465 0.278485 0.206887 0.257240 0.268053 0.220919 0.208889 0.130004 0.154817 0.483899 0.135930 0.234589 0.219514 0.205257 0.276723 0.309579 0.182554 0.367293 0.554159 0.212145 0.447944 0.291979 0.093245 0.102830 0.100789 0.115924 0.089930 0.108327 0.089668 0.099062 0.097976 0.095518 0.095849 0.097724 0.095530 0.123270 0.137672 0.140992 0.124340 0.085494 0.096083 0.104924 0.088921 0.066690 0.104775 0.135547 0.089916 0.084479 0.108031 0.087105 0.124837 0.097414 0.109081 0.117113 0.087289 0.120898 0.117365 0.100728 0.111162 0.117330 0.109012 0.104426 0.120663 0.087048 0.204983 0.122001 0.215146 0.059192 0.089124 0.106406 0.111579 0.073842 0.070272 0.242426 0.098443 0.241079 0.079351 0.114346 0.063628 0.091601 0.093315 0.053872 0.090824 0.131015 0.154587 0.083606 0.071161 0.074222 0.081644 0.111289 0.227118 0.139981 0.233774 0.278676 0.275112 0.274066 0.295441 0.279159 0.167019 0.197935 0.181505 0.182648 0.199774 0.205087 0.178652 0.184682 0.125722 0.135751 0.162904 0.123453 0.143791 0.127132 0.364780 0.206272 0.133336 0.163486 0.176005 0.172735 0.136049 0.167802 0.154749 0.178949 0.112661 0.164786 0.164935 0.143169 0.173735 0.166343 0.183216 0.175742 0.153181 0.156132 0.187340 0.150320 0.092139 0.153612 0.093207 0.101449 0.095942 0.179497 0.134804 0.134683 0.109540 0.101643 0.127514 0.155230 0.203372 0.191782 0.255343 0.207022 0.159427 0.127054 0.124424 0.140768 0.120146 0.124815 0.159753 0.239598 0.161442 0.248815 0.235526 0.124224 0.135170 0.075946 0.046489 0.142043 0.122226 
0.133073 0.109349 0.112671 0.127001 0.213135 0.251667 0.148024 0.100481 0.109351 0.112243 0.115002 0.115781 0.100421 0.125446 0.092235 0.000000 0.116051 0.066142 0.105835 0.084326 0.215497 0.064235 0.198990 0.220881 0.219861 0.268277 0.267393 0.253542 0.272824 0.228464 0.237997 0.216362 0.239103 0.234334 0.264950 0.252624 0.234039 0.215737 0.225655 0.291057 0.271193 0.225198 0.106448 0.114648 0.116552 0.112149 0.086253 0.177023 0.173441 0.125986 0.135365 0.257963 0.165125 0.325436 0.261586 0.286910 0.312470 0.111319 0.306431 0.246661 0.151281 0.282120 0.310196 0.184783 0.261557 0.308547 0.194773 0.171994 0.127500 0.096747 0.113604 0.079359 0.107014 0.111622 0.244650 0.225209 0.249071 0.176359 0.221314 0.241015 0.192955 0.181580 0.144765 0.155612 0.454047 0.143176 0.218362 0.212966 0.213837 0.260749 0.273228 0.205125 0.326039 0.554957 0.198518 0.437123 0.269577 0.103320 0.127350 0.125663 0.130821 0.145285 0.135037 0.120115 0.134893 0.115676 0.129840 0.142989 0.129922 0.143641 0.160202 0.111324 0.133309 0.107847 0.095144 0.104071 0.083648 0.086466 0.097540 0.095994 0.126458 0.092943 0.095659 0.108184 0.076579 0.126017 0.092643 0.090872 0.100070 0.077776 0.099197 0.112179 0.085542 0.102115 0.122300 0.097407 0.086172 0.112436 0.123997 0.212591 0.110398 0.211285 0.138377 0.153117 0.102941 0.189327 0.094698 0.114511 0.239010 0.116521 0.257051 0.142488 0.148336 0.111501 0.091753 0.120365 0.089996 0.079345 0.134751 0.137167 0.120821 0.096543 0.116538 0.133044 0.122565 0.224491 0.129445 0.208019 0.248478 0.237464 0.240148 0.267616 0.257794 0.144642 0.174326 0.189921 0.187324 0.192589 0.194771 0.173047 0.154434 0.114270 0.134743 0.131788 0.095706 0.152480 0.153606 0.354058 0.186008 0.123145 0.138726 0.153265 0.147347 0.125608 0.147113 0.141706 0.159754 0.099481 0.137843 0.138091 0.133799 0.160262 0.135306 0.159222 0.140730 0.127457 0.151484 0.149935 0.136549 0.112064 0.140397 0.098607 0.106104 0.113036 0.141537 0.109456 0.104053 0.123021 0.111526 0.128698 0.162843 0.191284 0.185500 0.252190 0.197866 0.146689 0.123328 0.116864 0.146221 0.112415 0.129826 0.180423 0.222277 0.167465 0.237145 0.202581 0.139203 0.137582 0.099791 0.106881 0.157800 0.152011 
0.100625 0.113674 0.118424 0.141335 0.236754 0.250508 0.097412 0.128273 0.097506 0.102792 0.125685 0.110465 0.139328 0.154654 0.121453 0.116051 0.000000 0.124134 0.093568 0.115394 0.184469 0.135059 0.200841 0.179978 0.258720 0.302929 0.305418 0.291262 0.308389 0.270158 0.284867 0.257082 0.266960 0.272902 0.292590 0.285583 0.261811 0.239878 0.241906 0.312006 0.286105 0.255710 0.159281 0.142647 0.149939 0.153834 0.132084 0.151512 0.183555 0.115116 0.145974 0.261975 0.197632 0.329771 0.271453 0.295028 0.322807 0.172709 0.301172 0.259029 0.214130 0.302851 0.333255 0.194202 0.265035 0.301180 0.160498 0.188973 0.114065 0.120785 0.094260 0.125504 0.094242 0.115787 0.213310 0.251811 0.218199 0.158357 0.202511 0.280265 0.214784 0.157521 0.157657 0.177559 0.379715 0.105704 0.164971 0.219527 0.152147 0.177422 0.260090 0.158005 0.310412 0.480977 0.175159 0.435165 0.292393 0.145298 0.141908 0.143382 0.181129 0.158722 0.171001 0.167579 0.174021 0.150752 0.162478 0.165594 0.163446 0.168255 0.193974 0.116313 0.127169 0.146985 0.132812 0.142201 0.116545 0.143401 0.131970 0.146790 0.164010 0.146145 0.147530 0.148206 0.136485 0.167424 0.154098 0.150095 0.155504 0.134118 0.158897 0.168646 0.149801 0.148001 0.162914 0.146407 0.136219 0.155578 0.155556 0.180488 0.139703 0.188984 0.146276 0.170951 0.147016 0.200553 0.123335 0.141229 0.243865 0.153605 0.216574 0.155462 0.156360 0.134090 0.110190 0.100594 0.128044 0.099499 0.130430 0.141418 0.146543 0.123468 0.151623 0.151023 0.135425 0.197606 0.129635 0.210120 0.241069 0.224143 0.231875 0.244633 0.257959 0.137188 0.157677 0.166629 0.136922 0.184463 0.169099 0.135035 0.190611 0.083195 0.089791 0.125967 0.120854 0.185170 0.171107 0.378614 0.157560 0.108895 0.156867 0.126358 0.106174 0.121840 0.129754 0.130815 0.140106 0.138780 0.133132 0.141965 0.098316 0.126386 0.100721 0.134542 0.105254 0.129482 0.120492 0.128907 0.156507 0.126368 0.100601 0.115876 0.120453 0.113082 0.159472 0.074466 0.100126 0.119999 0.117705 0.112346 0.106046 0.127876 0.212193 0.194939 0.144290 0.116544 0.137348 0.139810 0.150426 0.141887 0.144395 0.176459 0.173906 0.161838 0.203472 0.207766 0.111740 0.091952 0.132785 0.145674 0.199054 0.179468 
0.142025 0.117325 0.123498 0.131133 0.215930 0.246975 0.151183 0.107480 0.106843 0.125367 0.107986 0.090227 0.104532 0.130462 0.100954 0.066142 0.124134 0.000000 0.100015 0.090261 0.231335 0.081273 0.199432 0.232687 0.209966 0.255963 0.254862 0.246616 0.275703 0.224485 0.237015 0.215696 0.228903 0.229562 0.246045 0.245340 0.224292 0.210471 0.222432 0.286380 0.266036 0.227965 0.111647 0.117574 0.119436 0.127396 0.108040 0.157614 0.171971 0.136656 0.142647 0.264763 0.169625 0.328887 0.269342 0.294700 0.327911 0.111875 0.315167 0.248663 0.161734 0.280345 0.302543 0.197311 0.273396 0.298330 0.220718 0.195424 0.139439 0.110527 0.097030 0.079018 0.118661 0.103971 0.245544 0.238671 0.264674 0.190353 0.236672 0.257477 0.195409 0.190204 0.141970 0.149582 0.471492 0.148036 0.221773 0.215371 0.215578 0.279668 0.292909 0.189730 0.358754 0.559535 0.205709 0.455486 0.284030 0.112319 0.121401 0.129579 0.143905 0.143628 0.136326 0.123407 0.142351 0.124761 0.131122 0.140619 0.124045 0.145030 0.153128 0.135306 0.144104 0.133365 0.097787 0.106066 0.093482 0.093600 0.097598 0.082671 0.143900 0.101598 0.117245 0.129388 0.096979 0.145602 0.116699 0.095777 0.114040 0.098949 0.111787 0.135432 0.110578 0.118575 0.138836 0.108271 0.110115 0.137312 0.115443 0.209395 0.135600 0.212391 0.149441 0.168994 0.135981 0.197419 0.097015 0.111766 0.254298 0.124656 0.271275 0.157924 0.150796 0.122885 0.117014 0.139497 0.093881 0.088924 0.127729 0.167108 0.144558 0.106842 0.132373 0.148726 0.129787 0.250542 0.152446 0.232748 0.268665 0.258113 0.253704 0.291242 0.271213 0.166464 0.194544 0.204278 0.197642 0.216193 0.215275 0.187017 0.172317 0.128725 0.149783 0.137690 0.101996 0.170506 0.145146 0.350953 0.201305 0.147543 0.140933 0.170358 0.159190 0.136860 0.159019 0.146220 0.173703 0.125739 0.153957 0.150962 0.137386 0.159767 0.168933 0.190384 0.172736 0.158091 0.178410 0.176319 0.125693 0.114755 0.154119 0.122749 0.125757 0.128393 0.118041 0.117067 0.102673 0.138353 0.139154 0.142115 0.191079 0.207033 0.198616 0.254251 0.223613 0.173820 0.133445 0.154678 0.153862 0.120130 0.126462 0.180762 0.231184 0.178665 0.247889 0.212031 0.147917 0.146608 0.092958 0.128077 0.149317 0.146686 
