235 235
0.000000 0.173986 0.126909 0.147547 0.188211 0.221987 0.198740 0.199308 0.186999 0.218283 0.244079 0.223582 0.186630 0.235057 0.198153 0.164658 0.209543 0.304196 0.345038 0.304165 0.441296 0.429717 0.435554 0.426928 0.476539 0.402322 0.424412 0.441881 0.396642 0.376269 0.393138 0.431806 0.386183 0.402729 0.378799 0.344694 0.446833 0.405286 0.449998 0.235023 0.248906 0.210422 0.240373 0.294888 0.251680 0.205556 0.248523 0.264902 0.255594 0.165800 0.337859 0.298392 0.311781 0.247231 0.287851 0.410562 0.430195 0.431197 0.237907 0.377303 0.397579 0.303258 0.409203 0.415606 0.229112 0.374070 0.374908 0.398414 0.230706 0.244500 0.177189 0.155480 0.211186 0.192883 0.215321 0.292451 0.334478 0.316182 0.213762 0.275095 0.346956 0.248869 0.236907 0.171990 0.151013 0.206598 0.575184 0.236927 0.547109 0.318557 0.354294 0.282090 0.399445 0.478106 0.695646 0.313372 0.347269 0.436576 0.442182 0.239316 0.252404 0.240325 0.245842 0.228756 0.249545 0.246723 0.227445 0.216855 0.249565 0.267335 0.249563 0.241425 0.235024 0.262682 0.129786 0.153580 0.223231 0.143629 0.157581 0.151454 0.156828 0.158577 0.133598 0.180331 0.163507 0.269259 0.246149 0.279773 0.237235 0.236708 0.263536 0.268162 0.220297 0.213939 0.259167 0.286010 0.285973 0.248072 0.273625 0.212608 0.310988 0.267822 0.224930 0.262870 0.263135 0.250881 0.231878 0.233136 0.268746 0.268112 0.230811 0.188821 0.235908 0.207728 0.314257 0.246258 0.425000 0.233495 0.373043 0.239480 0.377503 0.273556 0.215950 0.188671 0.215299 0.204856 0.283658 0.330538 0.223795 0.276000 0.319376 0.299955 0.317391 0.314282 0.293276 0.299834 0.213618 0.312022 0.205153 0.229062 0.225231 0.176715 0.259324 0.219470 0.204765 0.159169 0.179592 0.146469 0.201285 0.175193 0.171922 0.193208 0.195612 0.138706 0.151750 0.185756 0.193033 0.179762 0.145563 0.142790 0.230826 0.205337 0.115982 0.167552 0.158744 0.136751 0.167116 0.266228 0.192346 0.243011 0.209904 0.180081 0.210091 0.222538 0.128426 0.157856 0.150782 0.183358 0.148421 0.207055 0.210794 0.297686 0.238216 0.235567 0.201966 0.262039 0.176958 0.259063 0.259929 0.219765 0.197399 0.256104 0.258260 0.304947 0.268177 
0.173986 0.000000 0.139032 0.157840 0.164451 0.143341 0.174233 0.171774 0.176296 0.201213 0.219606 0.200294 0.155788 0.264142 0.152889 0.160546 0.149463 0.341416 0.376060 0.324139 0.436473 0.446194 0.420136 0.443702 0.487157 0.436240 0.441845 0.454556 0.429119 0.396660 0.385128 0.441085 0.416964 0.428365 0.374041 0.362937 0.443941 0.416007 0.462472 0.208662 0.271831 0.233245 0.239326 0.282843 0.228115 0.218596 0.172568 0.278185 0.282803 0.262674 0.392769 0.318388 0.330284 0.267341 0.302721 0.457242 0.470371 0.416295 0.265790 0.378131 0.406844 0.386798 0.400083 0.428906 0.309627 0.343357 0.414240 0.418000 0.280762 0.233803 0.194155 0.163169 0.118518 0.151440 0.162685 0.357135 0.379536 0.345055 0.244531 0.307990 0.374912 0.244926 0.197887 0.223752 0.248652 0.196877 0.584811 0.222039 0.578171 0.296766 0.367333 0.311673 0.439966 0.490305 0.727170 0.317832 0.325838 0.440953 0.483279 0.238310 0.284570 0.204147 0.283948 0.249718 0.206471 0.254136 0.280066 0.231432 0.252054 0.288957 0.247798 0.272306 0.211395 0.318723 0.193199 0.169760 0.250327 0.178010 0.190598 0.135272 0.163913 0.139064 0.102255 0.168613 0.160169 0.204563 0.198473 0.244321 0.200129 0.222460 0.192953 0.204906 0.181400 0.241531 0.249232 0.204912 0.195384 0.225361 0.201760 0.186657 0.222176 0.169185 0.210092 0.201096 0.224950 0.206498 0.194392 0.225973 0.221561 0.233827 0.225929 0.145067 0.243075 0.163450 0.258004 0.188127 0.424408 0.232988 0.365713 0.207215 0.379451 0.210021 0.175899 0.157894 0.164586 0.204735 0.179997 0.325126 0.193542 0.323880 0.371657 0.385133 0.381419 0.363729 0.367378 0.399681 0.227032 0.273838 0.265952 0.298518 0.223703 0.227046 0.255891 0.288790 0.268065 0.167499 0.172413 0.190689 0.244645 0.161620 0.222035 0.168822 0.209922 0.206275 0.160349 0.159058 0.151752 0.236071 0.138973 0.178441 0.159117 0.138547 0.144417 0.179883 0.185205 0.175235 0.215140 0.265255 0.192349 0.146297 0.155615 0.131087 0.170695 0.177242 0.113852 0.143661 0.145798 0.125352 0.138460 0.188558 0.229108 0.255950 0.263967 0.272209 0.201511 0.295807 0.175706 0.267052 0.256526 0.132071 0.191437 0.173733 0.237000 0.319103 0.281793 
0.126909 0.139032 0.000000 0.097651 0.175894 0.195790 0.173182 0.203340 0.178433 0.167989 0.215466 0.164824 0.178758 0.248476 0.169303 0.179193 0.156550 0.300878 0.345510 0.301308 0.445853 0.429585 0.440521 0.429010 0.477442 0.404923 0.424214 0.446978 0.395004 0.383886 0.400972 0.450866 0.392602 0.403431 0.394434 0.343681 0.444739 0.402894 0.447392 0.222511 0.253480 0.196110 0.220339 0.261416 0.201383 0.185180 0.209680 0.278892 0.258858 0.213625 0.356380 0.304886 0.334643 0.253030 0.290991 0.392025 0.452657 0.412263 0.234445 0.362984 0.392405 0.329996 0.384335 0.403490 0.260000 0.368878 0.388740 0.400311 0.211413 0.175422 0.187875 0.158876 0.164933 0.131225 0.114046 0.350668 0.350758 0.333704 0.236886 0.274966 0.352787 0.244557 0.206096 0.208451 0.194262 0.154146 0.592805 0.240904 0.588903 0.330954 0.337364 0.316246 0.403240 0.485722 0.725992 0.322758 0.360309 0.431981 0.477784 0.229695 0.235647 0.219791 0.242487 0.200556 0.249984 0.237337 0.222455 0.208323 0.224721 0.236317 0.235077 0.218219 0.240715 0.262987 0.146557 0.160950 0.208685 0.145981 0.147283 0.120641 0.113285 0.151103 0.117121 0.178786 0.153219 0.205709 0.250020 0.281815 0.228280 0.195454 0.251311 0.249412 0.210290 0.233926 0.243997 0.288021 0.254721 0.246828 0.261246 0.196083 0.292406 0.256080 0.227604 0.257818 0.257412 0.254233 0.239944 0.233558 0.236124 0.258300 0.231034 0.167085 0.203946 0.188816 0.265697 0.163114 0.431211 0.219855 0.318636 0.196545 0.350162 0.230054 0.178528 0.152707 0.168784 0.156125 0.255458 0.283377 0.177641 0.291339 0.320480 0.333990 0.339967 0.344537 0.314872 0.346526 0.188918 0.278588 0.231012 0.272442 0.234638 0.192286 0.256316 0.237289 0.216569 0.163314 0.199092 0.216180 0.212001 0.167863 0.215298 0.196556 0.228174 0.145419 0.146093 0.185863 0.187802 0.176773 0.132328 0.146437 0.232543 0.208053 0.118130 0.160415 0.171990 0.129638 0.178860 0.252284 0.174503 0.244915 0.179575 0.139576 0.214016 0.212925 0.118233 0.126351 0.159673 0.133308 0.160720 0.178093 0.195100 0.253594 0.236462 0.232458 0.179736 0.255689 0.171822 0.244339 0.245972 0.200945 0.206871 0.235781 0.197565 0.274802 0.252197 
0.147547 0.157840 0.097651 0.000000 0.195883 0.198194 0.197633 0.223650 0.187831 0.207628 0.221454 0.198925 0.201440 0.248440 0.182433 0.202140 0.172291 0.293453 0.319300 0.289514 0.418299 0.408622 0.415269 0.407890 0.456753 0.385319 0.413854 0.426025 0.379475 0.363381 0.371613 0.429130 0.373406 0.386372 0.368577 0.322183 0.424181 0.382785 0.426806 0.208425 0.246503 0.214425 0.196696 0.268499 0.228618 0.195550 0.225138 0.267285 0.243822 0.221631 0.352731 0.288087 0.302690 0.234825 0.269821 0.383736 0.438950 0.385321 0.207816 0.329397 0.345462 0.303144 0.337296 0.368770 0.263112 0.365058 0.398233 0.382911 0.226877 0.171762 0.205616 0.166814 0.177376 0.157234 0.153825 0.342538 0.346379 0.335924 0.232530 0.280722 0.338712 0.210287 0.194549 0.234300 0.198591 0.145783 0.557946 0.259404 0.585992 0.316431 0.349780 0.346263 0.434085 0.508377 0.725146 0.330042 0.366505 0.438133 0.466617 0.237288 0.226558 0.210670 0.235083 0.208330 0.227898 0.232197 0.209185 0.193619 0.223530 0.236823 0.206199 0.232776 0.214501 0.248277 0.172984 0.180274 0.216365 0.174901 0.171277 0.140903 0.134830 0.157239 0.120742 0.183311 0.167470 0.237515 0.242756 0.282890 0.235970 0.232600 0.257862 0.262875 0.222208 0.248576 0.259428 0.281993 0.268198 0.243707 0.264423 0.208360 0.306635 0.262010 0.220573 0.254403 0.278877 0.245698 0.229884 0.228132 0.250838 0.263407 0.232857 0.203554 0.221868 0.189305 0.286841 0.192741 0.407548 0.214351 0.303852 0.222046 0.363088 0.256239 0.187424 0.174579 0.196576 0.173039 0.279143 0.282504 0.215295 0.280795 0.334469 0.343090 0.335868 0.338695 0.313689 0.352965 0.213060 0.286646 0.231941 0.273914 0.239309 0.208601 0.248787 0.246890 0.226131 0.189480 0.214151 0.233945 0.232131 0.163761 0.248857 0.195917 0.227287 0.176523 0.160924 0.179981 0.176466 0.206654 0.144697 0.175513 0.225479 0.200184 0.131355 0.165585 0.168968 0.146720 0.188772 0.279257 0.194802 0.241722 0.177666 0.167839 0.215296 0.207114 0.163886 0.171567 0.181258 0.167230 0.185783 0.213744 0.210017 0.275584 0.255776 0.259107 0.212005 0.292565 0.173334 0.246726 0.254797 0.201064 0.203980 0.237440 0.228323 0.282962 0.257852 
0.188211 0.164451 0.175894 0.195883 0.000000 0.146985 0.060093 0.066604 0.101128 0.124891 0.154150 0.131534 0.123106 0.174298 0.155904 0.145914 0.130945 0.231197 0.247858 0.216121 0.392286 0.391797 0.406458 0.389660 0.439872 0.374875 0.380892 0.390367 0.368469 0.322784 0.348090 0.408742 0.343101 0.369177 0.363122 0.308721 0.401146 0.362924 0.404111 0.181746 0.205502 0.154563 0.190373 0.219347 0.192815 0.155935 0.163062 0.257190 0.173567 0.198750 0.301374 0.205604 0.219428 0.214421 0.294104 0.515182 0.527054 0.475949 0.215189 0.443981 0.474451 0.407079 0.468120 0.472530 0.270801 0.378618 0.443284 0.461383 0.303742 0.272047 0.216448 0.160536 0.157625 0.163161 0.166589 0.367085 0.328613 0.379632 0.295856 0.345148 0.314198 0.326017 0.276006 0.248245 0.249811 0.271057 0.583947 0.131012 0.524536 0.269556 0.237933 0.222172 0.385620 0.454881 0.663087 0.245965 0.271621 0.344954 0.427099 0.143768 0.216914 0.201258 0.220879 0.191279 0.221026 0.207898 0.209836 0.184572 0.205934 0.223755 0.217258 0.201733 0.203144 0.250467 0.219654 0.201480 0.184792 0.202712 0.190206 0.169395 0.175758 0.177974 0.142686 0.182926 0.193642 0.162501 0.167889 0.184601 0.158821 0.144597 0.169853 0.170134 0.124736 0.166879 0.176942 0.199486 0.187404 0.162051 0.177101 0.133133 0.217462 0.183535 0.157121 0.171762 0.177862 0.170445 0.150360 0.181167 0.177557 0.172338 0.169479 0.143863 0.181655 0.132242 0.246178 0.217835 0.393051 0.143991 0.375901 0.196610 0.318976 0.192088 0.152734 0.123168 0.120047 0.186919 0.191344 0.302657 0.154946 0.317088 0.375106 0.381885 0.373977 0.378010 0.387759 0.397955 0.218793 0.267856 0.255743 0.278504 0.254304 0.233029 0.242221 0.263219 0.292895 0.207077 0.230284 0.210063 0.253125 0.164124 0.182723 0.228091 0.205115 0.206226 0.192979 0.193642 0.184169 0.243019 0.187111 0.211085 0.129557 0.225476 0.163851 0.193507 0.196558 0.199951 0.197977 0.271785 0.206833 0.156904 0.112053 0.128268 0.143824 0.245912 0.159448 0.131195 0.133479 0.170209 0.174960 0.214123 0.262498 0.229623 0.208823 0.235728 0.195710 0.210183 0.155172 0.208342 0.185829 0.138291 0.183081 0.158225 0.172448 0.205893 0.171821 
0.221987 0.143341 0.195790 0.198194 0.146985 0.000000 0.144974 0.176397 0.106836 0.224860 0.209747 0.212545 0.153278 0.216842 0.154974 0.139932 0.083243 0.252163 0.298226 0.254566 0.439780 0.443527 0.419084 0.440718 0.485173 0.437443 0.451875 0.455774 0.430466 0.384265 0.397611 0.434958 0.410481 0.426693 0.376178 0.361846 0.444667 0.414598 0.458091 0.210004 0.280586 0.254370 0.234906 0.299801 0.251882 0.232156 0.175027 0.238649 0.246884 0.240894 0.341555 0.278270 0.278884 0.215370 0.273633 0.522658 0.513289 0.450190 0.263941 0.414002 0.442230 0.423859 0.430290 0.458098 0.279196 0.369809 0.458531 0.440182 0.307603 0.281483 0.215892 0.170347 0.126512 0.156043 0.166761 0.355693 0.348949 0.392255 0.283909 0.334588 0.365524 0.316704 0.277288 0.280729 0.259494 0.273508 0.555630 0.175322 0.521313 0.291550 0.306081 0.275584 0.394627 0.477748 0.710203 0.301254 0.274728 0.379180 0.439482 0.233775 0.299466 0.224589 0.288227 0.264937 0.192710 0.269528 0.283903 0.235978 0.264537 0.301308 0.252600 0.289143 0.214606 0.318285 0.251038 0.214173 0.242276 0.233484 0.228845 0.190988 0.210817 0.195843 0.154164 0.219777 0.206694 0.214821 0.187635 0.248803 0.214092 0.236462 0.197749 0.239142 0.207232 0.247146 0.270854 0.223498 0.209062 0.233505 0.229546 0.205789 0.239255 0.188897 0.215274 0.217150 0.257412 0.211585 0.213082 0.222055 0.228716 0.248627 0.238582 0.178425 0.221377 0.172022 0.275987 0.216914 0.432965 0.235279 0.384796 0.196799 0.353095 0.247476 0.205137 0.172013 0.190808 0.257285 0.155541 0.323931 0.188778 0.328025 0.383218 0.388256 0.380050 0.376667 0.375247 0.418764 0.212199 0.234444 0.269285 0.302213 0.242847 0.263087 0.258084 0.285255 0.314649 0.233553 0.224545 0.249793 0.262776 0.193187 0.248431 0.201589 0.200099 0.244004 0.213589 0.189565 0.159715 0.265417 0.160430 0.240999 0.154941 0.172392 0.201537 0.237169 0.205923 0.186320 0.228816 0.256949 0.213291 0.167385 0.168671 0.172192 0.135523 0.228661 0.153502 0.173635 0.182761 0.177463 0.187245 0.206637 0.248037 0.213822 0.221203 0.244026 0.189516 0.253979 0.166360 0.244601 0.210840 0.138528 0.188141 0.164854 0.245283 0.292884 0.275822 
0.198740 0.174233 0.173182 0.197633 0.060093 0.144974 0.000000 0.099403 0.129082 0.116497 0.167190 0.130795 0.134282 0.166507 0.161366 0.144243 0.141107 0.226585 0.259891 0.219089 0.396311 0.387373 0.406747 0.383027 0.432892 0.371914 0.381946 0.390342 0.362334 0.326824 0.349709 0.403588 0.344531 0.362191 0.349010 0.286458 0.383809 0.331954 0.376095 0.170198 0.198235 0.159398 0.175142 0.194969 0.175074 0.138048 0.165028 0.256018 0.186868 0.195662 0.288785 0.206392 0.225755 0.194758 0.293221 0.510573 0.520138 0.458216 0.189056 0.432222 0.459726 0.408174 0.472661 0.469106 0.265893 0.378424 0.452047 0.446436 0.296638 0.272737 0.213960 0.166337 0.178365 0.169793 0.163419 0.354198 0.322037 0.368000 0.281274 0.335461 0.329496 0.316901 0.278828 0.246443 0.247879 0.264127 0.586484 0.152170 0.546653 0.281898 0.249619 0.241036 0.391971 0.467912 0.679031 0.256360 0.286498 0.364644 0.439408 0.148303 0.221910 0.200573 0.222493 0.183022 0.223222 0.209858 0.199738 0.171168 0.181084 0.202617 0.201582 0.190270 0.201486 0.234468 0.219921 0.205988 0.199743 0.206542 0.198588 0.180473 0.173288 0.185692 0.160242 0.198037 0.208623 0.143997 0.165506 0.175043 0.140747 0.138057 0.150325 0.153883 0.138019 0.166036 0.166301 0.198063 0.173745 0.171585 0.166583 0.127028 0.209149 0.164160 0.138004 0.158682 0.169166 0.163633 0.162440 0.157141 0.168377 0.150856 0.171411 0.143008 0.181668 0.132198 0.249190 0.221159 0.405145 0.144808 0.371169 0.208754 0.330758 0.191863 0.170009 0.135628 0.127838 0.180253 0.197247 0.310699 0.180994 0.309916 0.374119 0.379601 0.362256 0.374337 0.378646 0.399901 0.222217 0.266751 0.246463 0.279318 0.256160 0.230452 0.239951 0.263023 0.294964 0.211800 0.238294 0.228126 0.242957 0.156632 0.186386 0.230198 0.200182 0.216310 0.193505 0.191483 0.193257 0.242177 0.173086 0.208467 0.154557 0.230255 0.165004 0.195844 0.192549 0.199139 0.206235 0.265144 0.207838 0.186167 0.142791 0.139906 0.143409 0.268461 0.166720 0.149054 0.129840 0.161220 0.182691 0.222512 0.272820 0.233657 0.221817 0.248083 0.209499 0.225896 0.163339 0.228947 0.211860 0.157848 0.219418 0.160237 0.182873 0.231809 0.203580 
0.199308 0.171774 0.203340 0.223650 0.066604 0.176397 0.099403 0.000000 0.132691 0.120096 0.169677 0.141250 0.135326 0.188358 0.174992 0.172881 0.143323 0.268332 0.277281 0.262853 0.390914 0.384456 0.417398 0.385665 0.436750 0.379714 0.386673 0.378238 0.379620 0.308948 0.345156 0.392113 0.322819 0.369022 0.374621 0.331935 0.415052 0.382207 0.418500 0.203804 0.214392 0.145334 0.211554 0.223159 0.205641 0.171017 0.177219 0.291480 0.210950 0.210986 0.326519 0.234587 0.242544 0.245559 0.324074 0.527249 0.555284 0.504938 0.225391 0.460776 0.504487 0.400781 0.492412 0.496389 0.289196 0.423140 0.450314 0.493705 0.319723 0.272618 0.231099 0.189719 0.153880 0.198629 0.190405 0.399799 0.358365 0.412201 0.323808 0.378609 0.343504 0.341126 0.300886 0.260354 0.274232 0.289356 0.617232 0.141549 0.544763 0.277004 0.253841 0.237605 0.395203 0.470560 0.678644 0.277708 0.276799 0.346860 0.444771 0.128406 0.199430 0.219134 0.233895 0.209424 0.232807 0.203738 0.223968 0.205372 0.218107 0.241608 0.238140 0.223593 0.211877 0.254317 0.211309 0.221154 0.223769 0.221433 0.208598 0.174169 0.177089 0.180758 0.164034 0.185307 0.195390 0.184702 0.165353 0.191317 0.163511 0.162994 0.198442 0.186917 0.142570 0.168783 0.192012 0.201422 0.193175 0.182087 0.194757 0.154497 0.220238 0.179058 0.175661 0.178706 0.177990 0.192633 0.174222 0.200618 0.202708 0.188331 0.166796 0.157416 0.196116 0.142315 0.264021 0.242946 0.414445 0.136686 0.409063 0.203292 0.335711 0.206790 0.169207 0.149599 0.125710 0.200828 0.184526 0.335094 0.181661 0.348904 0.401820 0.415626 0.393671 0.410175 0.418697 0.425116 0.231553 0.311727 0.290985 0.302181 0.294555 0.264650 0.284762 0.297079 0.312656 0.227817 0.228925 0.207946 0.296767 0.186090 0.213083 0.261299 0.248452 0.234676 0.218974 0.235200 0.222472 0.270566 0.214333 0.220609 0.142750 0.249090 0.179210 0.199743 0.232753 0.233581 0.212004 0.307596 0.238895 0.159750 0.152798 0.122309 0.164351 0.243296 0.181556 0.150067 0.141301 0.193569 0.174325 0.241394 0.301263 0.274775 0.246734 0.294650 0.254663 0.264929 0.182607 0.226050 0.225675 0.157358 0.193364 0.140252 0.179391 0.222962 0.174168 
0.186999 0.176296 0.178433 0.187831 0.101128 0.106836 0.129082 0.132691 0.000000 0.202289 0.206844 0.187165 0.163295 0.219088 0.170167 0.157712 0.098515 0.249707 0.270657 0.246954 0.443629 0.436029 0.432448 0.435769 0.483265 0.415598 0.433940 0.445420 0.404492 0.364426 0.398491 0.420024 0.392728 0.410626 0.375509 0.356709 0.452453 0.410693 0.451901 0.215665 0.263107 0.231968 0.229553 0.290960 0.240467 0.197897 0.216490 0.255704 0.216635 0.214631 0.340276 0.240905 0.248146 0.235810 0.290617 0.511813 0.510348 0.463750 0.246990 0.428144 0.462633 0.409690 0.450224 0.459895 0.281506 0.389305 0.447223 0.442723 0.304642 0.275419 0.226485 0.165814 0.169007 0.165844 0.164739 0.372994 0.353310 0.404699 0.298364 0.354895 0.351895 0.315481 0.288354 0.275574 0.246997 0.263834 0.583787 0.176810 0.522184 0.288535 0.283777 0.277177 0.404377 0.478233 0.692963 0.292651 0.296838 0.385229 0.435643 0.213891 0.258675 0.238500 0.261365 0.234687 0.216292 0.266006 0.251333 0.228110 0.249491 0.268051 0.250814 0.254058 0.218299 0.286688 0.227810 0.223001 0.228344 0.227006 0.219170 0.188485 0.185964 0.204557 0.148463 0.215958 0.198901 0.235031 0.202775 0.231864 0.202626 0.216085 0.227083 0.247411 0.199634 0.223873 0.255343 0.247726 0.213776 0.225951 0.255790 0.194821 0.274783 0.228681 0.215945 0.223183 0.254821 0.226415 0.226061 0.225848 0.252740 0.243329 0.208108 0.194759 0.228754 0.176231 0.296973 0.229965 0.422127 0.217200 0.389890 0.195244 0.350187 0.258646 0.203062 0.176966 0.194947 0.223644 0.206064 0.333011 0.179107 0.342067 0.391476 0.389305 0.387496 0.401869 0.386713 0.413909 0.233154 0.285687 0.272487 0.309843 0.275186 0.267387 0.279028 0.295362 0.289702 0.244119 0.217420 0.243721 0.258730 0.202295 0.227095 0.232498 0.219101 0.212128 0.215917 0.207118 0.198447 0.242903 0.175553 0.234764 0.179831 0.223459 0.190505 0.215052 0.189049 0.188080 0.225210 0.289436 0.231227 0.159616 0.173657 0.129258 0.152634 0.237556 0.164625 0.166299 0.184084 0.196025 0.174578 0.237463 0.253188 0.242740 0.225313 0.251739 0.202708 0.248512 0.188049 0.235031 0.214033 0.181229 0.165449 0.172483 0.230925 0.259066 0.226770 
0.218283 0.201213 0.167989 0.207628 0.124891 0.224860 0.116497 0.120096 0.202289 0.000000 0.144144 0.072714 0.162848 0.193578 0.161674 0.199456 0.187680 0.272430 0.305491 0.268456 0.348078 0.329060 0.380146 0.321511 0.383781 0.314822 0.323927 0.330931 0.300216 0.287024 0.298828 0.369199 0.282103 0.307259 0.336596 0.255638 0.349928 0.307471 0.344237 0.136337 0.162396 0.094301 0.140248 0.144033 0.102372 0.093403 0.117242 0.280139 0.198079 0.194198 0.298177 0.213051 0.251424 0.204221 0.291906 0.476597 0.533225 0.473833 0.161630 0.414582 0.460636 0.373026 0.463689 0.452183 0.276210 0.402377 0.425095 0.454079 0.293442 0.259294 0.215244 0.199981 0.170832 0.182923 0.171444 0.375681 0.342164 0.362417 0.276061 0.335269 0.338659 0.308355 0.259227 0.237289 0.257268 0.225611 0.646413 0.184551 0.587547 0.313630 0.275068 0.261220 0.383922 0.465881 0.703267 0.269332 0.313129 0.368167 0.464834 0.106508 0.162069 0.181732 0.159727 0.143069 0.208643 0.148103 0.145954 0.126586 0.129647 0.152659 0.159930 0.142116 0.185966 0.187899 0.205985 0.191630 0.235287 0.187282 0.181267 0.128046 0.154633 0.163541 0.178378 0.192846 0.184074 0.121227 0.141852 0.183368 0.117145 0.100407 0.151441 0.142724 0.106399 0.149417 0.144123 0.181490 0.159524 0.165401 0.154869 0.120949 0.183507 0.145679 0.129695 0.150090 0.154274 0.157301 0.144725 0.153792 0.139878 0.157369 0.141906 0.134155 0.157475 0.103700 0.209058 0.201393 0.433414 0.109504 0.366539 0.204511 0.336458 0.141697 0.126513 0.127976 0.063655 0.154953 0.206392 0.323718 0.202111 0.303770 0.368665 0.376105 0.351502 0.361550 0.369127 0.384580 0.221388 0.299487 0.279572 0.303938 0.281071 0.236326 0.267356 0.270832 0.257229 0.199533 0.239112 0.239711 0.281983 0.172575 0.235910 0.247574 0.259447 0.213061 0.183592 0.244455 0.238116 0.242359 0.204779 0.190019 0.170974 0.252508 0.153257 0.205519 0.237717 0.211427 0.225942 0.276852 0.212111 0.234663 0.189524 0.166828 0.226866 0.268045 0.200305 0.179308 0.171355 0.178462 0.205450 0.231596 0.309248 0.252389 0.255795 0.298150 0.248226 0.275452 0.173171 0.231282 0.217914 0.188036 0.240053 0.138330 0.129407 0.204361 0.171283 
0.244079 0.219606 0.215466 0.221454 0.154150 0.209747 0.167190 0.169677 0.206844 0.144144 0.000000 0.148061 0.148229 0.183688 0.188163 0.220884 0.217196 0.247460 0.271205 0.236067 0.356678 0.347733 0.372088 0.353839 0.406266 0.331454 0.375979 0.362065 0.331005 0.280588 0.295001 0.382807 0.296322 0.333638 0.346956 0.303740 0.399726 0.367977 0.398228 0.189167 0.246398 0.163224 0.195384 0.225077 0.139765 0.197664 0.163923 0.263168 0.183843 0.209210 0.313958 0.229680 0.231658 0.182275 0.260237 0.483035 0.539698 0.462018 0.229671 0.381437 0.442106 0.388084 0.446430 0.422218 0.257744 0.362590 0.397414 0.419389 0.323856 0.289466 0.228008 0.212406 0.186632 0.179765 0.179353 0.357192 0.340674 0.377139 0.286421 0.312358 0.328987 0.321432 0.258909 0.266625 0.266739 0.215211 0.648886 0.189157 0.556287 0.312970 0.272876 0.261608 0.374716 0.450359 0.677792 0.268165 0.273905 0.359077 0.436998 0.183921 0.194883 0.172486 0.201708 0.193395 0.223336 0.156552 0.239262 0.196383 0.199867 0.217201 0.219086 0.198917 0.212820 0.256533 0.244875 0.197211 0.206473 0.200054 0.172701 0.140951 0.162355 0.184647 0.186696 0.216339 0.191505 0.184341 0.213569 0.288650 0.222139 0.193826 0.244598 0.232896 0.194137 0.235796 0.253173 0.259171 0.249040 0.242498 0.237275 0.190028 0.234437 0.230449 0.215620 0.240383 0.262863 0.232055 0.200987 0.221933 0.222328 0.254760 0.205888 0.136290 0.133710 0.159009 0.199652 0.159104 0.407270 0.176770 0.288078 0.197701 0.263245 0.149650 0.134163 0.147196 0.145897 0.167173 0.251963 0.236409 0.206363 0.296042 0.344238 0.390725 0.353274 0.352186 0.363144 0.396383 0.214951 0.279007 0.257605 0.301115 0.247284 0.250370 0.237014 0.264092 0.269076 0.211100 0.276150 0.266887 0.276585 0.172480 0.249026 0.250158 0.241846 0.192411 0.182494 0.232497 0.227091 0.247732 0.201223 0.206408 0.178750 0.241465 0.179787 0.221219 0.232218 0.222604 0.238175 0.280680 0.215598 0.223850 0.158430 0.189103 0.218353 0.293637 0.242591 0.188420 0.201990 0.180004 0.252574 0.238378 0.307817 0.183276 0.231222 0.245432 0.178150 0.246948 0.148737 0.174153 0.190753 0.188960 0.242277 0.209456 0.185955 0.175489 0.163202 
0.223582 0.200294 0.164824 0.198925 0.131534 0.212545 0.130795 0.141250 0.187165 0.072714 0.148061 0.000000 0.154427 0.206718 0.150543 0.175702 0.191050 0.287345 0.295862 0.280028 0.366113 0.353677 0.391428 0.349765 0.410079 0.328996 0.352623 0.365425 0.317344 0.311952 0.324654 0.384640 0.318270 0.325852 0.344544 0.285324 0.380845 0.341471 0.380423 0.118712 0.193991 0.121916 0.134852 0.179915 0.096671 0.096275 0.110497 0.257815 0.219916 0.196960 0.316560 0.232557 0.262870 0.203578 0.267114 0.474920 0.536392 0.471403 0.167877 0.413969 0.464362 0.395578 0.444861 0.455190 0.295450 0.394019 0.443801 0.441789 0.295736 0.262584 0.236985 0.185425 0.190843 0.138410 0.131379 0.384050 0.360908 0.381173 0.291291 0.341367 0.373568 0.316136 0.260775 0.263868 0.262518 0.224399 0.644085 0.194664 0.591991 0.324960 0.299366 0.278516 0.416090 0.490646 0.727448 0.286954 0.326245 0.400452 0.476717 0.138007 0.174347 0.158140 0.173841 0.133291 0.182122 0.168961 0.150623 0.148079 0.146230 0.159685 0.155730 0.149073 0.162294 0.193895 0.210033 0.199794 0.250618 0.202556 0.182665 0.129678 0.143188 0.180063 0.162139 0.210600 0.181319 0.120164 0.166879 0.200974 0.135056 0.123809 0.164953 0.165657 0.132570 0.161942 0.178804 0.197899 0.178694 0.169984 0.175353 0.128736 0.188252 0.163712 0.154305 0.170998 0.178095 0.178360 0.163183 0.177870 0.161041 0.180696 0.139024 0.139332 0.176631 0.075808 0.158017 0.159982 0.464324 0.147078 0.344708 0.189559 0.327746 0.129323 0.100184 0.131737 0.081716 0.126966 0.190229 0.317617 0.193868 0.327121 0.386637 0.386464 0.374093 0.385617 0.384005 0.405008 0.234227 0.281817 0.279911 0.324588 0.277909 0.256065 0.279122 0.287284 0.260938 0.198728 0.240515 0.255511 0.284498 0.191439 0.262783 0.254840 0.269860 0.197386 0.200578 0.241161 0.226902 0.250333 0.204609 0.207264 0.182151 0.248318 0.173428 0.212330 0.236626 0.207082 0.245665 0.261082 0.219482 0.243361 0.197915 0.138321 0.226814 0.266366 0.197158 0.157172 0.184719 0.156741 0.202353 0.214301 0.277162 0.219860 0.216631 0.284549 0.226700 0.259852 0.162546 0.219358 0.228166 0.189373 0.238510 0.134786 0.073235 0.195384 0.168134 
0.186630 0.155788 0.178758 0.201440 0.123106 0.153278 0.134282 0.135326 0.163295 0.162848 0.148229 0.154427 0.000000 0.152206 0.144398 0.100153 0.130289 0.222459 0.250799 0.226246 0.398026 0.400326 0.392006 0.392203 0.443093 0.385829 0.414109 0.404479 0.382478 0.330659 0.351790 0.384019 0.354947 0.384903 0.335395 0.322998 0.410529 0.380053 0.423769 0.184345 0.255427 0.185298 0.198861 0.231078 0.197712 0.188860 0.162420 0.214826 0.224752 0.178731 0.310229 0.260991 0.244472 0.184588 0.256200 0.488400 0.501334 0.441734 0.246209 0.405855 0.420739 0.384383 0.420725 0.449002 0.263943 0.360605 0.409597 0.429641 0.276588 0.266079 0.163863 0.168113 0.154673 0.149741 0.172155 0.314380 0.326509 0.339687 0.255775 0.295560 0.363350 0.307527 0.250591 0.239696 0.232117 0.260420 0.554456 0.124335 0.511149 0.236842 0.270174 0.231084 0.364844 0.435247 0.650004 0.237689 0.229381 0.382920 0.407685 0.187244 0.229132 0.186364 0.237447 0.219078 0.195550 0.196858 0.245514 0.197489 0.223614 0.261213 0.229859 0.240466 0.184572 0.286802 0.233140 0.175499 0.220016 0.193445 0.203463 0.148757 0.195169 0.180006 0.138390 0.193461 0.181678 0.193629 0.192376 0.236150 0.185960 0.213613 0.203115 0.200452 0.176732 0.222238 0.242803 0.214441 0.197243 0.220382 0.208001 0.176116 0.236450 0.197470 0.188215 0.193361 0.237642 0.209153 0.184461 0.211188 0.218098 0.225257 0.190943 0.097755 0.137844 0.138504 0.249048 0.169681 0.373301 0.173814 0.327831 0.145583 0.281833 0.204314 0.145605 0.087042 0.151244 0.203175 0.204424 0.251495 0.174940 0.289044 0.357757 0.360905 0.342955 0.328919 0.348590 0.368355 0.188109 0.246249 0.229664 0.271547 0.212135 0.212222 0.234720 0.244456 0.273000 0.174353 0.203573 0.207185 0.247839 0.152406 0.214478 0.209392 0.211237 0.199610 0.187098 0.189579 0.188909 0.227393 0.175259 0.215212 0.161829 0.199407 0.170411 0.215778 0.213947 0.187069 0.188683 0.240840 0.188085 0.193111 0.143592 0.155841 0.148369 0.226093 0.135373 0.158213 0.163457 0.164063 0.162477 0.165050 0.216348 0.203872 0.178174 0.231738 0.147820 0.226819 0.120353 0.202698 0.218904 0.160333 0.229986 0.158910 0.180515 0.222862 0.198099 
0.235057 0.264142 0.248476 0.248440 0.174298 0.216842 0.166507 0.188358 0.219088 0.193578 0.183688 0.206718 0.152206 0.000000 0.203859 0.193308 0.213771 0.187207 0.211761 0.179639 0.347738 0.345747 0.340943 0.338261 0.394945 0.334707 0.351497 0.335634 0.326937 0.265658 0.313159 0.355455 0.269614 0.328571 0.316166 0.288512 0.365835 0.333613 0.360815 0.240220 0.252868 0.213484 0.246292 0.221471 0.251168 0.224803 0.227185 0.175199 0.164814 0.140906 0.211601 0.189183 0.155895 0.133438 0.186964 0.421387 0.422662 0.350853 0.224078 0.324242 0.353666 0.314341 0.376655 0.362357 0.171163 0.291537 0.322771 0.340836 0.261851 0.270620 0.131743 0.151736 0.199999 0.233734 0.244311 0.253534 0.217174 0.270877 0.192997 0.221657 0.257861 0.250521 0.214009 0.207102 0.196864 0.244293 0.521959 0.110925 0.431331 0.194904 0.177825 0.164094 0.273798 0.345984 0.585626 0.162720 0.178690 0.278371 0.334835 0.162184 0.235897 0.235935 0.228684 0.249093 0.270489 0.211252 0.253863 0.217545 0.217492 0.273573 0.257670 0.257205 0.247967 0.281900 0.198582 0.171426 0.177581 0.172589 0.196192 0.195996 0.216932 0.199611 0.215807 0.179566 0.191434 0.236024 0.230999 0.270822 0.228715 0.225793 0.264923 0.246277 0.205701 0.227088 0.240222 0.267277 0.267620 0.215953 0.241020 0.194813 0.276551 0.253824 0.219172 0.244124 0.252818 0.231883 0.181910 0.233132 0.247808 0.237844 0.243512 0.169861 0.140497 0.202773 0.347934 0.255240 0.310402 0.167777 0.293623 0.203680 0.248641 0.299154 0.240049 0.178585 0.201930 0.280863 0.308362 0.245017 0.216493 0.220910 0.277828 0.284943 0.251529 0.275667 0.274851 0.308955 0.164403 0.219837 0.173301 0.203171 0.180388 0.177565 0.181015 0.186493 0.215688 0.224972 0.236072 0.223872 0.181020 0.159698 0.179125 0.192938 0.188343 0.185276 0.173943 0.167868 0.196917 0.191508 0.202335 0.217351 0.218423 0.203847 0.173195 0.192492 0.173294 0.207539 0.166639 0.235689 0.155889 0.288118 0.206589 0.233692 0.187345 0.241777 0.208717 0.226574 0.217314 0.250083 0.259930 0.222102 0.239547 0.246644 0.188373 0.202506 0.189759 0.218649 0.137676 0.157739 0.169451 0.190604 0.214974 0.244865 0.260932 0.145690 0.148049 
0.198153 0.152889 0.169303 0.182433 0.155904 0.154974 0.161366 0.174992 0.170167 0.161674 0.188163 0.150543 0.144398 0.203859 0.000000 0.158090 0.152503 0.294335 0.312786 0.299024 0.386892 0.388986 0.345177 0.379224 0.435899 0.366166 0.396327 0.402010 0.349199 0.342988 0.343227 0.388536 0.345587 0.370514 0.326115 0.321669 0.406542 0.379377 0.415739 0.160511 0.234800 0.192827 0.176553 0.204608 0.178523 0.163545 0.134741 0.255264 0.251979 0.192179 0.329354 0.254276 0.256656 0.192737 0.239171 0.467174 0.484125 0.433448 0.174548 0.383174 0.421620 0.356049 0.393451 0.444982 0.273948 0.366766 0.439673 0.417603 0.274022 0.246281 0.184439 0.145088 0.115595 0.147564 0.164995 0.331826 0.318677 0.345833 0.252201 0.307451 0.344462 0.276173 0.234518 0.247655 0.237632 0.239720 0.594537 0.206308 0.526723 0.299623 0.297660 0.295135 0.377773 0.445756 0.732769 0.278267 0.276613 0.380791 0.436480 0.164905 0.248184 0.186917 0.206048 0.224051 0.186772 0.202590 0.214158 0.174519 0.203063 0.247839 0.197954 0.230596 0.189227 0.261157 0.192837 0.163075 0.231961 0.198082 0.174596 0.146264 0.164033 0.150215 0.116475 0.165757 0.152472 0.133659 0.150072 0.192824 0.148554 0.157047 0.153619 0.152463 0.123280 0.163934 0.195713 0.157445 0.145885 0.151038 0.160149 0.118794 0.176817 0.129805 0.142457 0.155319 0.195660 0.153375 0.147840 0.133374 0.175311 0.172717 0.190702 0.163818 0.164434 0.123228 0.246130 0.149305 0.422089 0.174493 0.350121 0.214518 0.360066 0.225578 0.165186 0.134807 0.143345 0.213166 0.188291 0.319926 0.182011 0.294607 0.367824 0.353078 0.346582 0.331466 0.343559 0.373951 0.209716 0.252691 0.270148 0.302836 0.250483 0.268633 0.267682 0.277419 0.230317 0.201698 0.194984 0.237825 0.262267 0.177427 0.228001 0.218783 0.216272 0.215730 0.190351 0.204507 0.203937 0.229737 0.163456 0.220730 0.137768 0.190239 0.169754 0.197070 0.195444 0.193103 0.223972 0.236605 0.187581 0.202898 0.160678 0.165678 0.198796 0.204065 0.159879 0.185103 0.199768 0.158947 0.199682 0.235875 0.263047 0.198099 0.225617 0.276340 0.202378 0.272495 0.158074 0.257641 0.245831 0.127609 0.172189 0.162694 0.178712 0.235324 0.222930 
0.164658 0.160546 0.179193 0.202140 0.145914 0.139932 0.144243 0.172881 0.157712 0.199456 0.220884 0.175702 0.100153 0.193308 0.158090 0.000000 0.129362 0.250127 0.287946 0.237867 0.422239 0.421469 0.414254 0.415649 0.462909 0.401904 0.430126 0.434906 0.394506 0.367456 0.382485 0.405415 0.392291 0.401496 0.352235 0.333671 0.427185 0.389863 0.434114 0.202724 0.262716 0.216953 0.217819 0.261983 0.225117 0.209896 0.190340 0.220760 0.257383 0.175419 0.333518 0.280144 0.279671 0.206292 0.274663 0.468060 0.477574 0.440724 0.239785 0.419772 0.416355 0.370993 0.419045 0.471440 0.285228 0.366032 0.427616 0.431949 0.228742 0.263100 0.162720 0.166546 0.172094 0.135680 0.171719 0.296093 0.347023 0.307416 0.232812 0.288325 0.387232 0.301571 0.248986 0.211922 0.207255 0.261238 0.507012 0.139913 0.485052 0.223732 0.294896 0.212086 0.357123 0.423367 0.637487 0.243397 0.255038 0.394495 0.385873 0.200390 0.273983 0.209056 0.259533 0.232519 0.216239 0.240573 0.256733 0.211244 0.232795 0.271575 0.242492 0.253089 0.201094 0.296448 0.207587 0.166891 0.233782 0.187884 0.215513 0.188206 0.208615 0.184243 0.164783 0.199384 0.171567 0.199322 0.195117 0.222633 0.197994 0.209881 0.204502 0.207350 0.183100 0.209122 0.231246 0.216450 0.210181 0.206965 0.200306 0.175951 0.236594 0.206950 0.188260 0.196178 0.230882 0.202865 0.192289 0.209253 0.210519 0.212326 0.223955 0.140643 0.192033 0.174259 0.275172 0.216444 0.403308 0.206258 0.354773 0.190261 0.303259 0.234125 0.195955 0.155891 0.179145 0.231378 0.196902 0.284577 0.176813 0.296535 0.369449 0.345926 0.347665 0.318559 0.334931 0.348457 0.195466 0.226582 0.237112 0.280125 0.223216 0.206562 0.256864 0.247760 0.271934 0.143597 0.179361 0.174886 0.225740 0.154832 0.179624 0.180074 0.172616 0.185596 0.182720 0.180927 0.186553 0.204023 0.153449 0.209906 0.198572 0.190964 0.182697 0.201610 0.200560 0.145944 0.182323 0.200652 0.185524 0.227992 0.171941 0.174558 0.138004 0.217547 0.112148 0.181171 0.197392 0.182075 0.179039 0.164395 0.184178 0.244153 0.191909 0.209500 0.170076 0.211628 0.146924 0.244937 0.227891 0.165588 0.230654 0.189692 0.218986 0.272024 0.241816 
0.209543 0.149463 0.156550 0.172291 0.130945 0.083243 0.141107 0.143323 0.098515 0.187680 0.217196 0.191050 0.130289 0.213771 0.152503 0.129362 0.000000 0.244443 0.278245 0.252405 0.429421 0.430630 0.421132 0.431298 0.474798 0.429500 0.433857 0.433791 0.423120 0.361483 0.384283 0.419986 0.384529 0.414508 0.386295 0.354600 0.437702 0.403524 0.444036 0.216171 0.265572 0.233999 0.234514 0.265687 0.242610 0.214303 0.194138 0.251389 0.246598 0.232350 0.359494 0.266916 0.276165 0.241581 0.294825 0.510849 0.527064 0.464785 0.257523 0.426565 0.451756 0.411375 0.434193 0.475782 0.304467 0.391345 0.466948 0.464277 0.280279 0.245221 0.188067 0.182626 0.115227 0.147563 0.139994 0.379290 0.369948 0.393709 0.281280 0.350297 0.374395 0.309508 0.273663 0.279981 0.271038 0.269968 0.531922 0.167146 0.527228 0.248986 0.295816 0.270189 0.386593 0.469372 0.688738 0.292839 0.286968 0.388812 0.431157 0.196592 0.263506 0.229503 0.278423 0.253700 0.213935 0.261123 0.272171 0.226493 0.251114 0.288358 0.257740 0.276115 0.215822 0.303441 0.254354 0.213051 0.258558 0.238209 0.233121 0.177070 0.202824 0.185040 0.146507 0.210436 0.202139 0.209182 0.180897 0.238330 0.199335 0.219758 0.200966 0.227296 0.191644 0.243758 0.261974 0.225496 0.187480 0.222028 0.231297 0.191522 0.253270 0.201312 0.207604 0.206534 0.240150 0.214309 0.202275 0.229708 0.234468 0.239546 0.210158 0.160301 0.207540 0.163152 0.292292 0.208182 0.405939 0.200741 0.376298 0.174812 0.331380 0.232901 0.194309 0.148480 0.166041 0.235575 0.178325 0.305765 0.153839 0.334125 0.400001 0.396848 0.385785 0.385227 0.380511 0.421485 0.214138 0.250356 0.288724 0.321529 0.266836 0.267032 0.280869 0.301992 0.317263 0.212911 0.206901 0.231005 0.284262 0.185265 0.247657 0.210291 0.219478 0.236477 0.217581 0.199822 0.196308 0.250892 0.183116 0.233161 0.169241 0.198628 0.204592 0.242188 0.219408 0.185116 0.218852 0.239887 0.216447 0.180190 0.173221 0.149912 0.139067 0.217826 0.146701 0.177978 0.180060 0.183087 0.166703 0.189507 0.220816 0.245168 0.224395 0.251757 0.208664 0.251279 0.192619 0.257826 0.228554 0.176379 0.203060 0.145382 0.224060 0.281537 0.254596 
0.304196 0.341416 0.300878 0.293453 0.231197 0.252163 0.226585 0.268332 0.249707 0.272430 0.247460 0.287345 0.222459 0.187207 0.294335 0.250127 0.244443 0.000000 0.127927 0.074619 0.409587 0.389118 0.421339 0.384325 0.429695 0.377783 0.396406 0.390849 0.372975 0.308524 0.376190 0.420675 0.335443 0.369257 0.379475 0.320463 0.394833 0.354372 0.394568 0.298680 0.310368 0.286835 0.305393 0.302370 0.329915 0.308553 0.304116 0.272848 0.198382 0.241272 0.266298 0.200464 0.197517 0.211619 0.269003 0.506037 0.508519 0.433775 0.304420 0.396590 0.427774 0.393003 0.461041 0.433376 0.234494 0.368030 0.417944 0.406615 0.287128 0.311139 0.244632 0.276620 0.315850 0.289336 0.312682 0.338069 0.279963 0.353665 0.263754 0.315965 0.240291 0.330191 0.302574 0.276600 0.259975 0.331727 0.537196 0.197489 0.423576 0.279663 0.191017 0.235969 0.325942 0.394408 0.512011 0.235149 0.215167 0.250561 0.357574 0.269405 0.311991 0.304341 0.295648 0.305279 0.342547 0.298752 0.321022 0.274627 0.302273 0.343782 0.327999 0.330727 0.322694 0.351185 0.305211 0.281296 0.230334 0.278642 0.294638 0.285430 0.306360 0.298007 0.296167 0.305377 0.302545 0.331235 0.339025 0.362388 0.329944 0.325401 0.340445 0.355667 0.316862 0.341276 0.337884 0.367379 0.360563 0.319372 0.352807 0.307900 0.392931 0.354504 0.312421 0.343225 0.369837 0.326357 0.307102 0.329596 0.341444 0.345853 0.324894 0.269788 0.220379 0.284967 0.399593 0.312761 0.333037 0.241129 0.363237 0.278070 0.252764 0.346227 0.296886 0.237259 0.282793 0.322697 0.340870 0.300067 0.264956 0.278251 0.350386 0.347133 0.323586 0.344278 0.341582 0.371875 0.221131 0.266197 0.230131 0.255844 0.256577 0.245436 0.190398 0.222778 0.287068 0.304334 0.333919 0.318676 0.238351 0.233694 0.235405 0.263489 0.224010 0.281473 0.279871 0.263892 0.294420 0.256151 0.266670 0.302705 0.278658 0.304884 0.266940 0.268910 0.256482 0.273317 0.260088 0.314301 0.258407 0.312806 0.209580 0.300549 0.224018 0.336639 0.305344 0.287940 0.281333 0.307040 0.324919 0.259964 0.282723 0.298010 0.246278 0.197002 0.220933 0.249165 0.226703 0.211307 0.173686 0.304888 0.316576 0.314226 0.323733 0.219647 0.211268 
