241 241
0.000000 0.170282 0.153715 0.181024 0.154751 0.279017 0.251422 0.272172 0.237582 0.228971 0.236634 0.211574 0.267124 0.263174 0.221439 0.270992 0.217088 0.211786 0.241827 0.342070 0.376697 0.210799 0.342025 0.399190 0.417960 0.465848 0.449559 0.473732 0.412580 0.445839 0.443298 0.404865 0.403952 0.397786 0.398162 0.428577 0.410334 0.402007 0.382656 0.463771 0.442771 0.258217 0.272956 0.259172 0.270823 0.293974 0.278452 0.267704 0.409526 0.306357 0.307172 0.294858 0.469928 0.395987 0.459976 0.421697 0.262389 0.357794 0.407512 0.289023 0.432350 0.370962 0.416006 0.399111 0.278551 0.245079 0.169835 0.216764 0.187664 0.219836 0.371937 0.379290 0.343173 0.384025 0.401622 0.198871 0.202538 0.305749 0.267974 0.256542 0.185411 0.196823 0.610711 0.321034 0.399238 0.340470 0.471560 0.681594 0.514589 0.352093 0.384507 0.495877 0.279875 0.230377 0.237409 0.231175 0.306547 0.282183 0.261596 0.263737 0.286255 0.291438 0.287664 0.302905 0.258760 0.311812 0.237701 0.288433 0.216772 0.270306 0.200376 0.190295 0.189534 0.197741 0.139488 0.214906 0.196043 0.276719 0.277316 0.265919 0.303097 0.322306 0.267599 0.300684 0.311146 0.313069 0.272893 0.296350 0.325953 0.300646 0.293482 0.261357 0.305071 0.293594 0.272834 0.290924 0.312294 0.313336 0.292514 0.268108 0.315401 0.210734 0.336498 0.223631 0.270712 0.263898 0.231696 0.252324 0.351795 0.254787 0.425961 0.318774 0.252906 0.272245 0.223531 0.339272 0.238113 0.245170 0.381694 0.314084 0.281784 0.236653 0.256017 0.189503 0.246291 0.287470 0.188347 0.238679 0.311947 0.363133 0.355556 0.400145 0.395143 0.397620 0.380764 0.240532 0.324224 0.279630 0.315441 0.282004 0.270947 0.286029 0.260226 0.312440 0.264529 0.275786 0.205430 0.229481 0.151350 0.200889 0.203581 0.211035 0.175811 0.231220 0.253995 0.198425 0.185883 0.173583 0.199068 0.178734 0.173997 0.189554 0.240774 0.231553 0.321306 0.253755 0.232951 0.264079 0.245192 0.185241 0.232161 0.206863 0.195471 0.181588 0.158197 0.236793 0.226475 0.225855 0.217739 0.269992 0.228140 0.314990 0.268812 0.345925 0.337088 0.252546 0.296186 0.330092 0.217774 0.292173 0.314233 0.295393 0.223723 0.230566 0.199091 0.268445 0.229531 0.185987 0.169238 0.293884 0.309912 
0.170282 0.000000 0.179111 0.131120 0.154243 0.287529 0.279495 0.297127 0.193243 0.227376 0.203431 0.192437 0.250610 0.229526 0.190207 0.242474 0.167003 0.223961 0.240049 0.315243 0.360324 0.202334 0.330180 0.384465 0.453370 0.493159 0.421041 0.441058 0.400971 0.455265 0.414584 0.382499 0.391022 0.403631 0.439142 0.402504 0.416489 0.397281 0.362117 0.465774 0.424396 0.228728 0.243359 0.247647 0.291976 0.298894 0.263812 0.171758 0.355152 0.307237 0.323363 0.256380 0.432802 0.407874 0.457542 0.456104 0.247680 0.397934 0.320796 0.281158 0.433232 0.392195 0.396269 0.420104 0.238907 0.254761 0.137725 0.181059 0.202764 0.197920 0.308302 0.352324 0.288696 0.304235 0.367141 0.258920 0.247409 0.213942 0.178652 0.159078 0.195294 0.214779 0.602972 0.329229 0.370041 0.333748 0.417145 0.664234 0.499335 0.325021 0.361935 0.458369 0.245633 0.212125 0.253433 0.244493 0.255685 0.236208 0.242286 0.234194 0.235519 0.257414 0.258720 0.273271 0.255975 0.249287 0.242503 0.267745 0.157890 0.233748 0.148644 0.156456 0.161303 0.162525 0.138229 0.187392 0.168793 0.242560 0.256736 0.227631 0.277114 0.288275 0.245998 0.244558 0.271833 0.275747 0.227518 0.223762 0.268889 0.264991 0.257875 0.221163 0.295187 0.276682 0.234685 0.271380 0.269245 0.269645 0.260371 0.240306 0.278105 0.230402 0.323894 0.190615 0.241556 0.275052 0.213899 0.235391 0.320931 0.251298 0.446962 0.313298 0.226706 0.241458 0.197147 0.382991 0.222540 0.245610 0.389152 0.278548 0.307281 0.221263 0.221292 0.189743 0.244440 0.277477 0.172431 0.209926 0.289410 0.338008 0.290067 0.315386 0.333173 0.329195 0.306868 0.218619 0.316487 0.215264 0.241272 0.232866 0.208202 0.230077 0.183457 0.229555 0.198512 0.215459 0.142656 0.159976 0.181854 0.173413 0.146571 0.228441 0.179064 0.204411 0.176972 0.200080 0.155732 0.192536 0.200077 0.210568 0.175583 0.139315 0.172738 0.175372 0.266980 0.170990 0.198335 0.177923 0.248882 0.185220 0.220657 0.186466 0.231586 0.130898 0.172766 0.162675 0.154459 0.188239 0.151001 0.209730 0.216791 0.300597 0.240403 0.339063 0.330252 0.205410 0.242251 0.263695 0.183577 0.270294 0.304334 0.269082 0.211973 0.148158 0.190919 0.226730 0.201812 0.155408 0.151021 0.276858 0.278922 
0.153715 0.179111 0.000000 0.142015 0.161674 0.289304 0.271984 0.292774 0.169726 0.146708 0.179016 0.179624 0.225292 0.203502 0.159603 0.274367 0.165267 0.174947 0.176728 0.354085 0.391256 0.228120 0.342906 0.404882 0.447954 0.503059 0.453531 0.458640 0.405235 0.468923 0.445541 0.387612 0.411069 0.395998 0.447350 0.433672 0.441146 0.389957 0.367997 0.462622 0.434714 0.253025 0.213681 0.243576 0.291004 0.288147 0.291053 0.271154 0.410714 0.326991 0.340703 0.276066 0.480137 0.410282 0.496831 0.438252 0.273374 0.395031 0.406700 0.273611 0.421606 0.361144 0.435655 0.436901 0.290802 0.241425 0.180130 0.201754 0.133809 0.153356 0.376269 0.398089 0.324684 0.365113 0.395332 0.251635 0.206105 0.299227 0.234406 0.259106 0.185855 0.200929 0.615701 0.309416 0.385529 0.334690 0.462794 0.700507 0.515167 0.332458 0.343975 0.464565 0.246617 0.219901 0.284948 0.205993 0.291942 0.254973 0.274526 0.265384 0.285610 0.258119 0.270357 0.292737 0.251201 0.277749 0.215538 0.321698 0.177767 0.261384 0.185806 0.139495 0.167513 0.145345 0.103539 0.178369 0.166286 0.196999 0.196489 0.176147 0.210697 0.252378 0.206671 0.229684 0.199311 0.211517 0.188955 0.250983 0.259474 0.210936 0.235299 0.193651 0.203410 0.176064 0.217879 0.208629 0.231069 0.264153 0.215782 0.203868 0.230310 0.222338 0.331272 0.148698 0.249609 0.273298 0.166108 0.272802 0.260629 0.188572 0.447248 0.289286 0.179269 0.241071 0.231963 0.372514 0.253151 0.210963 0.391243 0.213313 0.197984 0.177827 0.169676 0.103261 0.184484 0.221185 0.152243 0.206709 0.183805 0.332773 0.340310 0.405007 0.400489 0.383113 0.411044 0.232648 0.278737 0.278157 0.313357 0.234580 0.232480 0.272308 0.238141 0.301801 0.226095 0.279478 0.141119 0.173933 0.174880 0.167589 0.196668 0.231698 0.166607 0.267178 0.233415 0.176106 0.166626 0.165548 0.157303 0.142085 0.185580 0.179736 0.225905 0.210473 0.270779 0.233597 0.201288 0.231658 0.151059 0.133588 0.191116 0.144220 0.183144 0.118841 0.112460 0.147304 0.150233 0.129501 0.141798 0.193173 0.234918 0.257225 0.266364 0.323310 0.327853 0.231521 0.282931 0.301425 0.183016 0.278072 0.309204 0.266617 0.198555 0.228459 0.153294 0.214582 0.200643 0.166519 0.132797 0.270985 0.292125 
0.181024 0.131120 0.142015 0.000000 0.101498 0.313965 0.255020 0.279358 0.180505 0.198280 0.176792 0.181745 0.221521 0.169042 0.182861 0.256909 0.184109 0.196035 0.232738 0.312276 0.361377 0.199670 0.314645 0.384133 0.455960 0.492053 0.421593 0.438738 0.401331 0.458711 0.410696 0.386357 0.397212 0.409828 0.456667 0.407592 0.415104 0.410771 0.357174 0.461390 0.419687 0.214651 0.227792 0.224767 0.254678 0.264718 0.265785 0.219762 0.372363 0.312135 0.344920 0.260590 0.414142 0.396318 0.480107 0.435759 0.242165 0.382253 0.347369 0.279530 0.405764 0.387636 0.411333 0.421115 0.221269 0.183641 0.147210 0.194063 0.145571 0.133303 0.368926 0.368149 0.289853 0.340985 0.371797 0.252753 0.215631 0.250597 0.216648 0.203336 0.129266 0.160699 0.622001 0.343715 0.354143 0.337859 0.425069 0.685286 0.511483 0.337351 0.377120 0.453094 0.235947 0.218932 0.235851 0.222114 0.249692 0.205569 0.234820 0.222348 0.227806 0.230180 0.231890 0.239732 0.238688 0.223324 0.245747 0.265534 0.166845 0.219363 0.153023 0.124196 0.117019 0.154423 0.120270 0.185724 0.159638 0.227233 0.230305 0.190818 0.212028 0.287906 0.233639 0.201499 0.255860 0.254125 0.215854 0.242601 0.251879 0.230078 0.254840 0.202312 0.288004 0.261455 0.234516 0.263496 0.261470 0.273965 0.261499 0.247770 0.244198 0.228214 0.318129 0.168695 0.210508 0.238362 0.192485 0.211776 0.270083 0.165407 0.453211 0.267132 0.190214 0.227427 0.179454 0.327699 0.194508 0.201925 0.363177 0.232922 0.277403 0.182336 0.173316 0.141976 0.236416 0.243069 0.143864 0.158958 0.258393 0.290309 0.304441 0.350285 0.355801 0.360534 0.355492 0.195405 0.284191 0.241235 0.284492 0.242604 0.187063 0.213120 0.200130 0.247398 0.213263 0.226666 0.165784 0.168275 0.202636 0.190882 0.220281 0.230066 0.172842 0.196210 0.224473 0.203172 0.151175 0.193239 0.193971 0.213100 0.168834 0.133890 0.187338 0.181280 0.255560 0.195147 0.181152 0.185562 0.249226 0.143788 0.215777 0.152939 0.221781 0.121740 0.152293 0.129675 0.161768 0.136441 0.161256 0.181583 0.202793 0.256451 0.241549 0.299998 0.336032 0.191170 0.242169 0.259967 0.177706 0.256092 0.308345 0.254814 0.212932 0.212485 0.183063 0.221209 0.189880 0.142223 0.151104 0.256768 0.263949 
0.154751 0.154243 0.161674 0.101498 0.000000 0.289199 0.198338 0.235535 0.200668 0.201970 0.202362 0.192332 0.227039 0.204229 0.207215 0.258056 0.208460 0.199564 0.233762 0.305743 0.334871 0.182003 0.299172 0.362752 0.428843 0.471986 0.402572 0.428998 0.376269 0.438326 0.395844 0.365787 0.377346 0.380745 0.435461 0.389035 0.398703 0.385402 0.337221 0.441466 0.400252 0.204102 0.214976 0.203248 0.255667 0.272013 0.250945 0.229896 0.369922 0.295809 0.312898 0.243172 0.405265 0.376980 0.466642 0.407288 0.216430 0.348629 0.319856 0.250520 0.357433 0.384544 0.421461 0.405169 0.235538 0.176567 0.165855 0.213208 0.155017 0.160692 0.362661 0.364913 0.297001 0.337142 0.358003 0.217554 0.203819 0.253818 0.244466 0.209776 0.130634 0.151062 0.584830 0.328275 0.366476 0.346318 0.456738 0.663882 0.534152 0.345145 0.384214 0.459600 0.244021 0.199282 0.228144 0.213393 0.243275 0.214255 0.207973 0.202942 0.216565 0.229556 0.226951 0.242099 0.211736 0.238812 0.220920 0.252887 0.186881 0.226946 0.182704 0.145467 0.138914 0.161266 0.126981 0.191074 0.173851 0.238025 0.236264 0.211706 0.244332 0.289731 0.243357 0.238946 0.264300 0.268634 0.228347 0.257505 0.267533 0.244587 0.252379 0.215181 0.288423 0.269299 0.228546 0.261470 0.283639 0.274774 0.253650 0.237487 0.258430 0.231873 0.326242 0.207314 0.228282 0.212574 0.195197 0.231527 0.292593 0.195686 0.428901 0.306401 0.196595 0.222167 0.170731 0.312475 0.195723 0.227241 0.375464 0.260106 0.300342 0.192582 0.202208 0.169992 0.251342 0.272357 0.152931 0.177526 0.283438 0.287687 0.295345 0.361438 0.353467 0.356535 0.364204 0.219268 0.290886 0.244088 0.287680 0.248501 0.221020 0.237989 0.217905 0.259111 0.223213 0.238688 0.176294 0.195244 0.219486 0.167132 0.240148 0.239442 0.169107 0.238901 0.259736 0.202860 0.166664 0.187746 0.182660 0.205332 0.173482 0.152412 0.197973 0.211750 0.283077 0.209469 0.202263 0.221436 0.246814 0.172210 0.236123 0.184467 0.216079 0.169793 0.163727 0.175624 0.184636 0.171256 0.189316 0.217694 0.217469 0.278524 0.260962 0.301376 0.328689 0.228359 0.269292 0.297577 0.180283 0.258268 0.295301 0.263183 0.208082 0.217345 0.181738 0.253054 0.220313 0.168890 0.167943 0.256694 0.268637 
0.279017 0.287529 0.289304 0.313965 0.289199 0.000000 0.143967 0.192218 0.352121 0.374652 0.364906 0.363371 0.375396 0.365769 0.351444 0.301693 0.342229 0.346721 0.338827 0.383683 0.406639 0.299591 0.410145 0.404652 0.439705 0.487686 0.430884 0.428942 0.411356 0.445998 0.419044 0.381257 0.407558 0.431386 0.475128 0.406987 0.436090 0.414987 0.402279 0.454325 0.435506 0.362374 0.391199 0.398128 0.392325 0.382549 0.351044 0.299398 0.350563 0.358320 0.355612 0.342862 0.343066 0.264803 0.303753 0.297564 0.356606 0.283344 0.295294 0.296692 0.336152 0.272663 0.287036 0.298741 0.230480 0.272146 0.246503 0.260049 0.328147 0.354039 0.309532 0.324995 0.300771 0.299202 0.330283 0.196887 0.212901 0.266080 0.237791 0.270241 0.312568 0.269235 0.414608 0.249342 0.348161 0.236339 0.378257 0.523117 0.396015 0.273339 0.354676 0.412992 0.337901 0.360017 0.409555 0.390028 0.362921 0.401731 0.381269 0.367238 0.392218 0.388003 0.410543 0.430793 0.406444 0.407163 0.390933 0.428730 0.261539 0.315715 0.236702 0.288761 0.304072 0.290472 0.297613 0.267439 0.277032 0.356990 0.374382 0.394478 0.392977 0.403196 0.365023 0.361496 0.404750 0.389612 0.344934 0.367591 0.371815 0.374367 0.345085 0.347210 0.407289 0.386951 0.363139 0.380510 0.388570 0.368089 0.367293 0.339681 0.397290 0.390731 0.317942 0.335822 0.338590 0.303654 0.362844 0.301435 0.499981 0.374346 0.328461 0.466467 0.369037 0.338342 0.348420 0.373719 0.368145 0.340267 0.328933 0.434886 0.459526 0.403272 0.352244 0.342006 0.387525 0.377083 0.342278 0.394411 0.428708 0.384353 0.313164 0.327941 0.332624 0.328411 0.306568 0.285616 0.343040 0.308446 0.302547 0.318438 0.317895 0.327267 0.286347 0.305788 0.315757 0.252191 0.296967 0.304560 0.241656 0.308175 0.273948 0.252986 0.248508 0.293532 0.265013 0.240442 0.254776 0.228684 0.287809 0.257501 0.236156 0.314620 0.311096 0.287767 0.372788 0.265276 0.293581 0.286560 0.399893 0.355337 0.333472 0.348673 0.271140 0.298043 0.259703 0.344563 0.326408 0.356665 0.326456 0.320883 0.277576 0.427066 0.369631 0.321429 0.338046 0.338190 0.360730 0.395506 0.310445 0.338376 0.252018 0.320084 0.290722 0.256952 0.309604 0.361118 0.345688 0.290677 0.285366 0.347318 0.340196 
0.251422 0.279495 0.271984 0.255020 0.198338 0.143967 0.000000 0.130051 0.341247 0.357558 0.348381 0.342598 0.322689 0.325622 0.329919 0.288348 0.341164 0.323665 0.334712 0.339638 0.356706 0.277686 0.354012 0.360320 0.414357 0.448157 0.388254 0.403770 0.371289 0.417007 0.383000 0.351205 0.366663 0.392986 0.435039 0.361629 0.386107 0.390925 0.357694 0.423563 0.397478 0.317335 0.351062 0.357249 0.351694 0.353299 0.296387 0.285976 0.337386 0.316807 0.321850 0.303715 0.308990 0.263154 0.346206 0.288208 0.312159 0.259204 0.247252 0.254391 0.300828 0.298658 0.292224 0.299992 0.196061 0.192667 0.246426 0.259837 0.297983 0.303323 0.331941 0.332238 0.281541 0.307458 0.328254 0.148864 0.167850 0.239027 0.233102 0.241675 0.241573 0.205926 0.462807 0.253227 0.354616 0.266125 0.406738 0.532629 0.437530 0.287194 0.371172 0.432167 0.323846 0.317978 0.342309 0.335265 0.308264 0.337748 0.317856 0.311490 0.341129 0.332423 0.348739 0.369084 0.351932 0.350523 0.351516 0.373309 0.261772 0.276820 0.221136 0.245388 0.268735 0.268729 0.276222 0.267197 0.252706 0.344879 0.352338 0.348937 0.369420 0.400857 0.349991 0.349029 0.398170 0.389139 0.339101 0.359840 0.363847 0.355257 0.342802 0.330918 0.403379 0.383288 0.351140 0.381647 0.391319 0.366339 0.363484 0.330107 0.376139 0.356841 0.287792 0.318170 0.299587 0.211619 0.330375 0.271263 0.450896 0.325325 0.324343 0.423108 0.333199 0.306916 0.295305 0.305901 0.310671 0.303067 0.301174 0.392661 0.442747 0.349738 0.314736 0.323573 0.365690 0.380708 0.304779 0.338409 0.414762 0.312961 0.287148 0.329346 0.321066 0.330685 0.314371 0.263808 0.330490 0.276988 0.286635 0.298278 0.281598 0.286442 0.253264 0.274005 0.277766 0.226194 0.293436 0.298961 0.258824 0.282888 0.286743 0.242452 0.234189 0.262934 0.276205 0.233849 0.241586 0.229001 0.270625 0.255945 0.210114 0.290649 0.284227 0.282451 0.373479 0.269250 0.286726 0.279309 0.379976 0.334620 0.331137 0.317450 0.243997 0.296272 0.256598 0.315597 0.323399 0.317953 0.317238 0.306279 0.254988 0.397608 0.354531 0.284275 0.317667 0.327473 0.343795 0.389325 0.275880 0.298176 0.232402 0.296249 0.279338 0.258571 0.298019 0.360162 0.324025 0.270392 0.260868 0.312427 0.305486 
0.272172 0.297127 0.292774 0.279358 0.235535 0.192218 0.130051 0.000000 0.344279 0.377101 0.366700 0.356790 0.356972 0.374551 0.344401 0.307157 0.363320 0.366738 0.353318 0.361845 0.358741 0.322376 0.368336 0.400601 0.426917 0.466699 0.430239 0.437375 0.401731 0.424703 0.431559 0.371697 0.361598 0.428667 0.471863 0.376117 0.425236 0.438000 0.411053 0.446030 0.433771 0.387908 0.402129 0.410304 0.411608 0.403319 0.321371 0.345498 0.374309 0.353563 0.343974 0.371324 0.317103 0.314860 0.393020 0.342295 0.377113 0.308106 0.250259 0.294531 0.304204 0.331415 0.322476 0.366564 0.225918 0.212120 0.279090 0.271155 0.325866 0.334639 0.361352 0.352075 0.309528 0.346117 0.340800 0.204904 0.229155 0.289349 0.286091 0.289518 0.292296 0.266546 0.446416 0.259351 0.329958 0.301533 0.392000 0.508318 0.445611 0.297150 0.358687 0.414785 0.331540 0.366822 0.367583 0.370450 0.376962 0.400305 0.378000 0.378873 0.407924 0.399160 0.414638 0.434110 0.411931 0.422501 0.404262 0.427202 0.292201 0.301018 0.246337 0.283082 0.297340 0.300146 0.290649 0.287589 0.265447 0.397323 0.392044 0.388788 0.421907 0.450619 0.410610 0.397386 0.439650 0.440188 0.386009 0.414923 0.411169 0.405085 0.392135 0.391449 0.454930 0.435197 0.406265 0.432286 0.428897 0.416867 0.413392 0.371981 0.426932 0.383475 0.304732 0.327886 0.329278 0.218927 0.375651 0.296744 0.498898 0.367698 0.327647 0.452406 0.348850 0.326324 0.341221 0.366113 0.349017 0.324764 0.322062 0.430286 0.467293 0.384212 0.350516 0.354797 0.374931 0.395647 0.352900 0.389505 0.443078 0.323641 0.325952 0.350762 0.346787 0.357318 0.356144 0.276205 0.366186 0.320667 0.323486 0.316134 0.321541 0.317299 0.286609 0.314927 0.314588 0.289950 0.309951 0.319838 0.300701 0.317253 0.279777 0.252479 0.273009 0.282481 0.303846 0.268517 0.272463 0.250599 0.296019 0.285220 0.256962 0.298861 0.281896 0.307245 0.404678 0.306112 0.313805 0.309918 0.391293 0.348801 0.331808 0.334021 0.267737 0.318565 0.302685 0.341625 0.336427 0.354313 0.341813 0.318386 0.282672 0.440384 0.371590 0.301794 0.306909 0.315310 0.341997 0.389527 0.310614 0.311093 0.238650 0.318773 0.319279 0.293184 0.350066 0.356214 0.315639 0.271244 0.256852 0.343968 0.327228 
0.237582 0.193243 0.169726 0.180505 0.200668 0.352121 0.341247 0.344279 0.000000 0.149416 0.061651 0.101579 0.155257 0.135136 0.126237 0.181475 0.152090 0.175954 0.152718 0.239161 0.257757 0.192662 0.252222 0.353323 0.403310 0.455168 0.391639 0.396807 0.380899 0.403217 0.384469 0.347946 0.335111 0.357482 0.414494 0.357754 0.381469 0.379414 0.315387 0.419431 0.381134 0.196375 0.187115 0.195015 0.227005 0.224050 0.176781 0.206287 0.316682 0.210316 0.225100 0.221442 0.541938 0.418016 0.556057 0.500661 0.222384 0.462978 0.427959 0.275404 0.491800 0.397466 0.465431 0.482556 0.316998 0.283043 0.163868 0.224462 0.180344 0.167905 0.385625 0.344119 0.361747 0.373090 0.329985 0.336866 0.288397 0.298965 0.260085 0.259545 0.236021 0.278718 0.616925 0.282862 0.251387 0.346855 0.406051 0.646048 0.478700 0.259020 0.285589 0.363069 0.149711 0.183490 0.215508 0.203263 0.228760 0.196233 0.220985 0.214726 0.215085 0.211895 0.221012 0.227051 0.220724 0.206902 0.207527 0.252922 0.210304 0.191747 0.211033 0.173959 0.179145 0.183154 0.144806 0.192166 0.200643 0.140022 0.151770 0.150714 0.169405 0.192360 0.165386 0.151612 0.176460 0.176451 0.130978 0.175816 0.186503 0.181679 0.171589 0.140119 0.208922 0.190492 0.165102 0.178817 0.183051 0.200177 0.179197 0.158256 0.186470 0.164586 0.285314 0.146458 0.185861 0.310673 0.134718 0.250855 0.249421 0.220960 0.414239 0.225969 0.120014 0.149690 0.149629 0.384522 0.164638 0.200801 0.329392 0.195098 0.204558 0.153404 0.124259 0.146844 0.179944 0.208602 0.139778 0.188231 0.196320 0.310422 0.332255 0.401014 0.391518 0.397179 0.439337 0.224763 0.274571 0.265942 0.291014 0.264205 0.209279 0.240861 0.243051 0.274719 0.245495 0.305084 0.159931 0.213644 0.236151 0.175616 0.215792 0.232277 0.169440 0.258785 0.190762 0.237302 0.199902 0.201815 0.190344 0.232228 0.200880 0.204362 0.208256 0.239136 0.278004 0.235848 0.214926 0.229566 0.157817 0.130064 0.169107 0.219880 0.256651 0.166086 0.199156 0.134064 0.135022 0.173778 0.177807 0.219822 0.271840 0.229420 0.210583 0.248679 0.329595 0.194433 0.243076 0.212679 0.159855 0.214758 0.304309 0.191139 0.221004 0.214207 0.192621 0.134858 0.189714 0.122432 0.159953 0.189300 0.178666 
0.228971 0.227376 0.146708 0.198280 0.201970 0.374652 0.357558 0.377101 0.149416 0.000000 0.147446 0.109096 0.212860 0.216705 0.155688 0.223435 0.144685 0.153756 0.173065 0.262872 0.311062 0.203756 0.319250 0.402525 0.451363 0.501640 0.454681 0.468437 0.402861 0.469810 0.446847 0.397381 0.399002 0.407998 0.441882 0.427355 0.440069 0.392005 0.370451 0.463221 0.433455 0.257634 0.215810 0.239602 0.297354 0.304437 0.252755 0.247867 0.356124 0.286205 0.287776 0.221211 0.547719 0.440875 0.540355 0.472369 0.271902 0.431148 0.444284 0.289037 0.451809 0.386892 0.479175 0.459223 0.320573 0.292024 0.206461 0.223305 0.153363 0.158863 0.372466 0.363501 0.347955 0.353836 0.382072 0.326847 0.287688 0.302868 0.290701 0.267685 0.250407 0.280028 0.587564 0.304477 0.320413 0.330178 0.414837 0.662246 0.501758 0.313802 0.288694 0.398776 0.241370 0.224225 0.300224 0.226699 0.296401 0.270034 0.280424 0.268869 0.289547 0.270792 0.282630 0.305227 0.256297 0.294222 0.219296 0.321885 0.221328 0.248018 0.240508 0.195525 0.214804 0.200288 0.156401 0.228627 0.214294 0.214674 0.215038 0.202580 0.220863 0.256463 0.221051 0.243320 0.203817 0.244801 0.213361 0.256326 0.279885 0.240972 0.242419 0.212622 0.216738 0.195820 0.223565 0.224112 0.262796 0.277603 0.220141 0.220534 0.236381 0.236263 0.332038 0.180383 0.225572 0.324194 0.175659 0.284005 0.278705 0.218077 0.454009 0.330394 0.204224 0.242491 0.236552 0.391103 0.248633 0.199823 0.364894 0.250611 0.220432 0.206850 0.195947 0.114402 0.186521 0.225947 0.171217 0.258992 0.160492 0.330587 0.340985 0.405983 0.396833 0.393523 0.457294 0.217940 0.239548 0.277967 0.312874 0.249928 0.246050 0.278303 0.271389 0.294803 0.255813 0.326212 0.188065 0.238609 0.230288 0.171027 0.256161 0.262350 0.197858 0.287547 0.257270 0.208258 0.218805 0.195834 0.163587 0.178130 0.243765 0.190663 0.237229 0.239735 0.261210 0.258703 0.218527 0.249168 0.170057 0.175333 0.178921 0.188206 0.237786 0.157572 0.160863 0.174627 0.183647 0.180014 0.189027 0.210666 0.255770 0.212891 0.222595 0.302815 0.312271 0.223765 0.251204 0.256154 0.169495 0.251939 0.296493 0.217522 0.210141 0.245445 0.183140 0.207621 0.183483 0.198188 0.191477 0.264470 0.284765 
0.236634 0.203431 0.179016 0.176792 0.202362 0.364906 0.348381 0.366700 0.061651 0.147446 0.000000 0.130639 0.169416 0.134214 0.137394 0.174459 0.149693 0.193685 0.167017 0.235637 0.271610 0.184935 0.263942 0.341388 0.407440 0.448284 0.388030 0.397609 0.374982 0.403408 0.377553 0.345711 0.340339 0.359188 0.409602 0.360135 0.374464 0.364160 0.289786 0.401575 0.349871 0.176969 0.174921 0.178247 0.193182 0.199424 0.191535 0.202363 0.303445 0.212497 0.233127 0.200958 0.536846 0.408060 0.548600 0.482489 0.195988 0.450893 0.428777 0.290935 0.495818 0.397145 0.474398 0.466914 0.310028 0.284601 0.165835 0.222452 0.189638 0.174042 0.371910 0.337226 0.350958 0.359897 0.346204 0.327659 0.290796 0.294061 0.257282 0.256665 0.230079 0.271820 0.619696 0.296387 0.264338 0.348622 0.413541 0.659168 0.493271 0.270170 0.301875 0.384292 0.155497 0.174080 0.221425 0.202387 0.229363 0.187106 0.219820 0.202759 0.203611 0.186431 0.198341 0.205251 0.203981 0.194132 0.205297 0.236451 0.214008 0.206455 0.213967 0.185154 0.177154 0.190865 0.162642 0.207488 0.216745 0.147047 0.154958 0.161597 0.149939 0.181688 0.146355 0.143980 0.155480 0.158774 0.143632 0.174863 0.174713 0.174586 0.180255 0.133306 0.196318 0.170430 0.144703 0.164697 0.173832 0.187279 0.171737 0.169956 0.176217 0.166792 0.300120 0.145323 0.186036 0.313251 0.134793 0.255673 0.251374 0.223865 0.427133 0.211759 0.127955 0.151063 0.156587 0.379622 0.170942 0.213719 0.343053 0.193878 0.193324 0.170677 0.132100 0.149940 0.197762 0.213396 0.145424 0.180561 0.201247 0.318701 0.323393 0.397745 0.379457 0.392127 0.434276 0.229151 0.273708 0.255488 0.290623 0.264863 0.208701 0.239603 0.239856 0.273229 0.237311 0.306461 0.169534 0.218071 0.244718 0.190840 0.234308 0.238140 0.162308 0.258292 0.195089 0.238476 0.199427 0.199729 0.199312 0.237623 0.203211 0.203361 0.216213 0.236996 0.271092 0.228095 0.215008 0.228901 0.188133 0.141962 0.184489 0.225291 0.279180 0.172613 0.209896 0.150647 0.130692 0.163736 0.183977 0.228337 0.282191 0.233559 0.223946 0.273673 0.353654 0.217948 0.255778 0.228604 0.167921 0.236985 0.317392 0.218655 0.237329 0.222267 0.210084 0.159031 0.203086 0.140737 0.176646 0.202767 0.212170 
0.211574 0.192437 0.179624 0.181745 0.192332 0.363371 0.342598 0.356790 0.101579 0.109096 0.130639 0.000000 0.209226 0.192018 0.166099 0.226470 0.163331 0.126552 0.184221 0.258197 0.282358 0.186032 0.293003 0.393906 0.455089 0.499520 0.433370 0.450154 0.405088 0.459089 0.421660 0.386448 0.378098 0.408530 0.427182 0.408686 0.423896 0.392705 0.367058 0.471058 0.429377 0.236038 0.222980 0.235465 0.287649 0.295212 0.220759 0.222737 0.356444 0.246547 0.256047 0.244222 0.538056 0.438196 0.539854 0.488863 0.256040 0.447825 0.430673 0.274654 0.474179 0.407130 0.469901 0.464714 0.317807 0.286009 0.185606 0.233479 0.167966 0.169737 0.392190 0.369298 0.370190 0.378227 0.367346 0.326185 0.299148 0.296722 0.285807 0.257243 0.237373 0.271590 0.615926 0.300717 0.296957 0.363493 0.424293 0.659900 0.501524 0.305101 0.310161 0.403269 0.220434 0.213803 0.258802 0.241651 0.270105 0.240806 0.259648 0.245119 0.257985 0.256753 0.265920 0.272715 0.255864 0.260020 0.224525 0.291079 0.230102 0.234624 0.233786 0.192775 0.190136 0.208670 0.150907 0.224172 0.206602 0.202637 0.209680 0.195863 0.241329 0.239661 0.209642 0.222841 0.233775 0.253344 0.205640 0.233726 0.264426 0.257155 0.234985 0.201777 0.247331 0.236143 0.224483 0.230397 0.260319 0.261323 0.235414 0.233413 0.261155 0.205835 0.325908 0.196365 0.233092 0.307557 0.180610 0.261305 0.301099 0.232515 0.442252 0.303488 0.204942 0.223628 0.200905 0.398465 0.216391 0.199266 0.361371 0.261509 0.242795 0.205081 0.199500 0.134748 0.208083 0.244737 0.154914 0.225483 0.210671 0.340034 0.356299 0.407956 0.405080 0.419627 0.433802 0.239124 0.291542 0.283128 0.322012 0.283845 0.257238 0.283250 0.276465 0.306225 0.280300 0.302209 0.204593 0.248903 0.222679 0.193967 0.249071 0.246727 0.206723 0.264223 0.234037 0.240265 0.221142 0.214187 0.203849 0.229821 0.222433 0.192715 0.233888 0.254717 0.293791 0.261139 0.237529 0.249702 0.160367 0.131654 0.179584 0.230464 0.247546 0.168912 0.170374 0.168548 0.185266 0.198866 0.175914 0.241952 0.262145 0.242094 0.227443 0.293750 0.324205 0.214362 0.257469 0.249598 0.193478 0.242818 0.310643 0.219224 0.199451 0.227336 0.172856 0.191163 0.199528 0.162100 0.198499 0.248016 0.233564 
0.267124 0.250610 0.225292 0.221521 0.227039 0.375396 0.322689 0.356972 0.155257 0.212860 0.169416 0.209226 0.000000 0.152290 0.151668 0.189310 0.228069 0.207995 0.185691 0.256242 0.281163 0.209905 0.221940 0.296645 0.365968 0.420814 0.346824 0.390888 0.318603 0.373084 0.345934 0.316786 0.291889 0.302485 0.387970 0.309267 0.345427 0.363294 0.315388 0.417999 0.386902 0.206663 0.195644 0.200083 0.224329 0.227269 0.188479 0.217317 0.329166 0.234266 0.237360 0.189206 0.509528 0.383215 0.568740 0.486386 0.235942 0.400083 0.407946 0.239431 0.468493 0.381354 0.418365 0.440274 0.338022 0.301031 0.207072 0.234864 0.220723 0.186169 0.376102 0.356238 0.329027 0.353968 0.344110 0.333358 0.271548 0.300046 0.278887 0.277358 0.206547 0.224524 0.681549 0.324590 0.283191 0.388180 0.392939 0.702915 0.472446 0.278633 0.285158 0.374895 0.186906 0.190120 0.192743 0.176139 0.208427 0.199988 0.192953 0.190591 0.244623 0.206268 0.192717 0.222023 0.223043 0.204795 0.218413 0.260608 0.204152 0.212825 0.207026 0.144350 0.165606 0.187658 0.188549 0.222880 0.197062 0.208287 0.194003 0.158982 0.190201 0.294820 0.228230 0.199809 0.250155 0.237462 0.198264 0.244292 0.261004 0.196127 0.249641 0.195595 0.259606 0.236033 0.222608 0.246117 0.267505 0.274525 0.239472 0.206814 0.230136 0.200905 0.219244 0.140166 0.136437 0.266511 0.161950 0.219382 0.205881 0.163386 0.425798 0.233610 0.155297 0.179701 0.144680 0.298190 0.133342 0.203405 0.274638 0.155324 0.279428 0.136129 0.149851 0.192657 0.165957 0.219163 0.148875 0.170600 0.255055 0.245425 0.310469 0.409540 0.370669 0.370599 0.409710 0.219221 0.285006 0.269390 0.314007 0.257073 0.204378 0.217357 0.261523 0.276168 0.231023 0.281455 0.196927 0.217621 0.281621 0.171440 0.271910 0.261063 0.176403 0.265055 0.256815 0.257634 0.188620 0.240017 0.233581 0.247918 0.227773 0.228172 0.245683 0.244387 0.286075 0.264624 0.221888 0.236572 0.225086 0.191934 0.233458 0.213410 0.302004 0.249058 0.251427 0.192980 0.204376 0.185735 0.256612 0.245905 0.318697 0.183268 0.232909 0.217358 0.322932 0.216321 0.253944 0.250190 0.152556 0.180106 0.310180 0.195832 0.273895 0.280164 0.262074 0.208101 0.221762 0.158844 0.179135 0.139618 0.168508 
0.263174 0.229526 0.203502 0.169042 0.204229 0.365769 0.325622 0.374551 0.135136 0.216705 0.134214 0.192018 0.152290 0.000000 0.158799 0.215885 0.181399 0.169941 0.163991 0.300231 0.311316 0.164347 0.245566 0.301471 0.373580 0.422361 0.342315 0.364928 0.334229 0.375288 0.330000 0.321571 0.323611 0.330663 0.388245 0.330937 0.334897 0.359143 0.292795 0.396848 0.357776 0.131931 0.122128 0.137231 0.172268 0.180269 0.226812 0.204482 0.332830 0.239324 0.272464 0.211386 0.500697 0.401089 0.565671 0.497058 0.172379 0.433286 0.414685 0.283472 0.467491 0.414226 0.467259 0.464055 0.309088 0.272613 0.197300 0.244231 0.184608 0.144285 0.403504 0.378024 0.357579 0.373458 0.391320 0.326102 0.271320 0.302859 0.274011 0.272735 0.194457 0.232472 0.677784 0.339597 0.314072 0.391972 0.438475 0.734289 0.516890 0.301327 0.341903 0.420336 0.141126 0.158780 0.172305 0.158800 0.177926 0.136430 0.162139 0.139905 0.153067 0.149876 0.153907 0.161221 0.157029 0.151631 0.165074 0.194907 0.206105 0.259190 0.208894 0.131136 0.146649 0.181931 0.164391 0.216540 0.186881 0.138826 0.130896 0.108454 0.123033 0.204216 0.137025 0.126474 0.166906 0.167010 0.133645 0.167511 0.183598 0.150351 0.174148 0.131197 0.197735 0.165659 0.158273 0.173600 0.179177 0.205876 0.183025 0.167170 0.165778 0.132354 0.296869 0.141314 0.181217 0.311753 0.075981 0.242560 0.159605 0.163376 0.487562 0.173422 0.115210 0.150715 0.113781 0.356410 0.147989 0.196263 0.342910 0.129250 0.193290 0.100535 0.082278 0.148144 0.207423 0.235493 0.109818 0.127567 0.189216 0.328643 0.340860 0.404702 0.391363 0.403142 0.402973 0.241152 0.289618 0.291651 0.337831 0.287736 0.230069 0.265386 0.266156 0.299151 0.265228 0.271251 0.192429 0.203322 0.244014 0.191569 0.259960 0.255515 0.197285 0.242560 0.272820 0.262120 0.206447 0.250048 0.233540 0.254843 0.219673 0.213353 0.254558 0.241768 0.266226 0.254115 0.226415 0.230238 0.245900 0.141029 0.252921 0.216193 0.273756 0.201874 0.205260 0.160604 0.186767 0.159407 0.202905 0.221748 0.289053 0.222871 0.222378 0.278848 0.368963 0.255378 0.296028 0.266040 0.167526 0.230688 0.344583 0.236273 0.219305 0.276762 0.223341 0.215510 0.245648 0.181454 0.198111 0.154610 0.176662 
0.221439 0.190207 0.159603 0.182861 0.207215 0.351444 0.329919 0.344401 0.126237 0.155688 0.137394 0.166099 0.151668 0.158799 0.000000 0.157980 0.104276 0.171993 0.159146 0.232715 0.263735 0.191550 0.243706 0.353975 0.408926 0.458849 0.403545 0.430342 0.364191 0.416928 0.399559 0.354993 0.344125 0.361132 0.390369 0.369821 0.398059 0.352222 0.334180 0.429020 0.398868 0.220313 0.190709 0.204830 0.232213 0.236871 0.231467 0.184325 0.325509 0.268927 0.253099 0.190875 0.513686 0.376404 0.527826 0.465033 0.254133 0.423650 0.403301 0.272224 0.442074 0.379164 0.429660 0.449437 0.289367 0.278422 0.165864 0.169198 0.156594 0.153765 0.330520 0.342979 0.310162 0.316497 0.381266 0.318369 0.262661 0.271861 0.248964 0.239762 0.230815 0.268667 0.584881 0.249053 0.284436 0.302185 0.384782 0.641855 0.458824 0.250536 0.243467 0.401979 0.193480 0.185326 0.228473 0.189612 0.246440 0.225500 0.232210 0.232063 0.252386 0.230835 0.240506 0.266168 0.234612 0.247462 0.189886 0.290912 0.180882 0.228837 0.199685 0.152285 0.198125 0.183239 0.140529 0.200311 0.186628 0.200551 0.203454 0.171926 0.200990 0.243494 0.192605 0.220987 0.209560 0.206465 0.182653 0.231833 0.252303 0.218933 0.229639 0.183742 0.224189 0.203657 0.196515 0.199971 0.242627 0.254588 0.217406 0.192392 0.226669 0.186985 0.238697 0.097816 0.142554 0.253806 0.141782 0.219763 0.253308 0.174672 0.394647 0.273163 0.146343 0.180159 0.184076 0.337238 0.165641 0.150403 0.293165 0.207612 0.228261 0.147533 0.155544 0.140452 0.139668 0.186198 0.136369 0.205750 0.208222 0.258751 0.302055 0.377978 0.358390 0.345108 0.399752 0.192850 0.251619 0.238882 0.282948 0.219252 0.202413 0.230950 0.219489 0.254566 0.197602 0.284331 0.130950 0.178065 0.207768 0.144016 0.209085 0.235491 0.156868 0.251643 0.222563 0.215513 0.192511 0.196979 0.195131 0.204850 0.223901 0.189880 0.195301 0.189136 0.244421 0.207905 0.193699 0.213676 0.195164 0.158768 0.156998 0.157809 0.236364 0.139199 0.182038 0.159785 0.164606 0.165857 0.162827 0.168412 0.224189 0.206458 0.179456 0.256720 0.284061 0.212832 0.240440 0.230195 0.123735 0.209721 0.280404 0.225349 0.242637 0.214762 0.227843 0.170742 0.192479 0.146637 0.133531 0.192272 0.208198 
0.270992 0.242474 0.274367 0.256909 0.258056 0.301693 0.288348 0.307157 0.181475 0.223435 0.174459 0.226470 0.189310 0.215885 0.157980 0.000000 0.201320 0.226991 0.184071 0.196107 0.222176 0.168728 0.221802 0.306907 0.359148 0.411533 0.350606 0.368217 0.313972 0.348218 0.341879 0.304957 0.279243 0.323734 0.362915 0.283332 0.342656 0.331897 0.297287 0.385763 0.353015 0.226428 0.251165 0.255450 0.226519 0.228715 0.172082 0.145810 0.222932 0.196677 0.162194 0.137836 0.444267 0.307772 0.445711 0.370492 0.232010 0.339256 0.330283 0.211903 0.395137 0.306908 0.338165 0.356195 0.274142 0.284080 0.145280 0.136047 0.243725 0.243111 0.266498 0.228740 0.231931 0.257148 0.270879 0.261653 0.225325 0.208548 0.216045 0.203179 0.263918 0.253926 0.552485 0.204994 0.186304 0.302766 0.287534 0.598003 0.363356 0.170298 0.187004 0.292437 0.169346 0.223815 0.239096 0.244192 0.237504 0.259223 0.237351 0.229855 0.262208 0.227064 0.256680 0.281885 0.265061 0.266390 0.256732 0.289681 0.176846 0.182312 0.178016 0.203507 0.223854 0.205946 0.222024 0.186649 0.197649 0.219304 0.255376 0.261805 0.245195 0.280119 0.238216 0.234713 0.275413 0.254679 0.213204 0.237780 0.250114 0.240284 0.224917 0.203874 0.283954 0.263582 0.229682 0.253394 0.261795 0.252401 0.241967 0.189479 0.257947 0.245109 0.188279 0.176544 0.143296 0.231944 0.211554 0.198350 0.357845 0.263310 0.326485 0.330070 0.214148 0.173572 0.191310 0.300283 0.187776 0.212380 0.257375 0.308412 0.326918 0.246584 0.210278 0.232071 0.220892 0.241252 0.201960 0.288471 0.317735 0.250523 0.230290 0.298685 0.264633 0.288582 0.344484 0.167667 0.222346 0.180024 0.210893 0.186094 0.162728 0.173193 0.185152 0.193392 0.186180 0.224492 0.186005 0.231942 0.243686 0.194814 0.229814 0.174043 0.166733 0.194751 0.185996 0.198426 0.179407 0.175200 0.204809 0.212337 0.199261 0.212267 0.172165 0.194522 0.238353 0.172094 0.158992 0.190573 0.295141 0.242957 0.175686 0.245187 0.250610 0.216135 0.226266 0.232515 0.223713 0.258126 0.266322 0.228757 0.247918 0.249560 0.189064 0.186169 0.247812 0.193875 0.207519 0.220902 0.141214 0.162612 0.211263 0.173806 0.224591 0.216097 0.259480 0.211349 0.197009 0.192306 0.188173 0.155643 0.155296 
0.217088 0.167003 0.165267 0.184109 0.208460 0.342229 0.341164 0.363320 0.152090 0.144685 0.149693 0.163331 0.228069 0.181399 0.104276 0.201320 0.000000 0.178772 0.151315 0.262677 0.304348 0.188830 0.279978 0.371338 0.433158 0.478565 0.419654 0.445921 0.384265 0.448151 0.411262 0.380560 0.382284 0.392430 0.412238 0.408576 0.414265 0.368792 0.343721 0.444905 0.407689 0.231957 0.209362 0.223979 0.255904 0.267582 0.265307 0.179472 0.349006 0.289413 0.291200 0.212903 0.490118 0.393314 0.501817 0.463852 0.248118 0.437385 0.388157 0.305515 0.439820 0.383864 0.447861 0.451189 0.238698 0.274747 0.165870 0.167763 0.137358 0.140117 0.309537 0.363430 0.300398 0.296203 0.406559 0.310465 0.259027 0.240604 0.217690 0.212698 0.237716 0.268121 0.534775 0.234102 0.311949 0.253666 0.376482 0.609269 0.445475 0.255125 0.269852 0.416802 0.208942 0.202008 0.276101 0.212485 0.268904 0.239070 0.255183 0.248805 0.263575 0.240008 0.251311 0.276584 0.247187 0.260111 0.206518 0.300375 0.171643 0.244150 0.193448 0.194104 0.214049 0.188836 0.169811 0.207613 0.178311 0.199789 0.214252 0.194359 0.207506 0.230122 0.205216 0.217803 0.211671 0.213976 0.190421 0.218997 0.240618 0.220133 0.215920 0.184231 0.227675 0.214080 0.196793 0.203392 0.236303 0.243523 0.211205 0.201191 0.219215 0.222855 0.265601 0.142144 0.199206 0.281291 0.179468 0.242830 0.280332 0.221772 0.424829 0.309714 0.176428 0.214693 0.216608 0.363388 0.226552 0.196058 0.315563 0.238570 0.238008 0.200678 0.185461 0.145639 0.191163 0.206319 0.178785 0.235553 0.203207 0.292810 0.308226 0.360143 0.361633 0.331425 0.380298 0.201972 0.231851 0.245573 0.290403 0.230012 0.222013 0.251706 0.211439 0.256077 0.202790 0.281752 0.121157 0.144237 0.182019 0.169955 0.174696 0.240765 0.159314 0.236592 0.185607 0.186544 0.186961 0.188116 0.192234 0.196463 0.209654 0.149402 0.189265 0.152839 0.202267 0.162157 0.191483 0.187100 0.233510 0.180339 0.165054 0.191476 0.227141 0.114730 0.140417 0.185429 0.201426 0.185804 0.180102 0.167002 0.190284 0.249005 0.195401 0.306214 0.286614 0.208597 0.216936 0.214450 0.152116 0.255422 0.254638 0.236845 0.217247 0.167507 0.215551 0.206090 0.166707 0.170638 0.137706 0.231387 0.254427 
0.211786 0.223961 0.174947 0.196035 0.199564 0.346721 0.323665 0.366738 0.175954 0.153756 0.193685 0.126552 0.207995 0.169941 0.171993 0.226991 0.178772 0.000000 0.139030 0.338527 0.351392 0.132086 0.296475 0.321106 0.382963 0.435272 0.374953 0.418396 0.335487 0.408278 0.361237 0.328150 0.348422 0.349648 0.364066 0.356268 0.374015 0.325808 0.316963 0.419361 0.392756 0.178711 0.181505 0.187693 0.233345 0.236144 0.263565 0.215847 0.346605 0.279791 0.266255 0.215492 0.497878 0.403787 0.512020 0.482634 0.178565 0.407698 0.384750 0.244296 0.415228 0.406766 0.453887 0.454254 0.331225 0.297864 0.187029 0.215833 0.139712 0.177131 0.355507 0.356615 0.341230 0.347230 0.390615 0.294375 0.254810 0.289644 0.278285 0.257938 0.226371 0.241630 0.661637 0.320462 0.325199 0.398391 0.434075 0.751233 0.523906 0.310779 0.301513 0.429208 0.189003 0.183308 0.250972 0.203321 0.234822 0.231368 0.198202 0.202062 0.233783 0.213885 0.232251 0.254085 0.198013 0.242541 0.167652 0.255004 0.207607 0.255809 0.227214 0.160129 0.176385 0.172020 0.141218 0.182605 0.180419 0.150794 0.149672 0.157549 0.170706 0.220405 0.159203 0.194964 0.196752 0.201381 0.157203 0.198278 0.232100 0.186062 0.177860 0.155820 0.168183 0.172688 0.179847 0.180878 0.223890 0.235832 0.172622 0.170250 0.206177 0.179728 0.315770 0.180651 0.214157 0.317952 0.140797 0.273381 0.285123 0.212954 0.454977 0.320800 0.159809 0.191786 0.191150 0.386646 0.204480 0.206862 0.405303 0.256422 0.232509 0.193748 0.158173 0.135240 0.197006 0.255830 0.165626 0.244253 0.201997 0.379298 0.347459 0.400546 0.401746 0.379275 0.400648 0.256972 0.292420 0.306116 0.337368 0.294556 0.293957 0.313657 0.300494 0.325201 0.279541 0.267423 0.193341 0.234992 0.201306 0.153655 0.255712 0.206114 0.226567 0.229509 0.279191 0.257514 0.217461 0.237637 0.222903 0.232087 0.220973 0.211330 0.241343 0.253045 0.288406 0.262516 0.242404 0.276735 0.182178 0.173442 0.256555 0.241554 0.180031 0.176573 0.153824 0.218673 0.243910 0.219121 0.219231 0.291827 0.302021 0.267631 0.263136 0.308018 0.369096 0.291995 0.333213 0.326101 0.186041 0.275756 0.341785 0.278491 0.155027 0.269879 0.122373 0.262858 0.278833 0.230771 0.218892 0.205902 0.231078 
