241 241
0.000000 0.119785 0.129451 0.119029 0.204817 0.182327 0.198205 0.167884 0.182301 0.178757 0.207130 0.162996 0.167469 0.189210 0.186735 0.183256 0.168061 0.161518 0.156235 0.182097 0.256770 0.285145 0.163627 0.255478 0.259439 0.311923 0.314424 0.349907 0.333994 0.349885 0.307235 0.329179 0.303463 0.304243 0.298736 0.292804 0.317841 0.353377 0.304896 0.286874 0.348561 0.334129 0.305828 0.349773 0.191105 0.195076 0.203724 0.187355 0.196083 0.211286 0.204093 0.183191 0.201829 0.186960 0.204540 0.304259 0.228791 0.218980 0.251080 0.289576 0.239848 0.342071 0.298093 0.342655 0.312298 0.261195 0.304971 0.322724 0.295764 0.232009 0.269560 0.298444 0.289896 0.136044 0.154594 0.152886 0.286006 0.287746 0.191826 0.261445 0.292390 0.299109 0.145973 0.143826 0.189983 0.188673 0.139122 0.465738 0.455376 0.236868 0.299440 0.266484 0.306292 0.514405 0.382314 0.471932 0.293097 0.357197 0.172551 0.168512 0.162077 0.199717 0.181337 0.214146 0.205010 0.195572 0.186228 0.215131 0.176915 0.202987 0.139848 0.194678 0.145365 0.155453 0.136364 0.146249 0.165610 0.145033 0.203248 0.198225 0.184737 0.216892 0.200053 0.240081 0.199453 0.213990 0.227389 0.200732 0.217176 0.238859 0.222330 0.210725 0.220618 0.229794 0.221356 0.241168 0.205978 0.217253 0.224579 0.234727 0.218323 0.200089 0.231171 0.218984 0.234247 0.242970 0.157607 0.190953 0.162643 0.177570 0.318748 0.211110 0.180072 0.197837 0.243477 0.171247 0.179412 0.167308 0.209279 0.188367 0.163013 0.159846 0.132535 0.132294 0.171492 0.202108 0.204925 0.134984 0.151445 0.161320 0.261760 0.304635 0.269933 0.303506 0.299588 0.300839 0.320175 0.176413 0.235137 0.213181 0.210160 0.200199 0.208700 0.191936 0.232945 0.205959 0.111836 0.150550 0.148354 0.194325 0.376621 0.175583 0.125522 0.169264 0.184125 0.143031 0.144479 0.133705 0.125933 0.141827 0.169671 0.123730 0.122958 0.115232 0.115231 0.141371 0.183271 0.174526 0.191643 0.175394 0.194264 0.209859 0.170595 0.138271 0.159881 0.142392 0.135779 0.117288 0.164042 0.152841 0.149351 0.253950 0.245617 0.173013 0.238849 0.144657 0.173518 0.169964 0.126994 0.214579 0.230005 0.213410 0.174377 0.152208 0.186165 0.126895 0.119518 0.164950 0.157103 0.185467 0.201034 
0.119785 0.000000 0.091720 0.114050 0.219204 0.212403 0.222838 0.143825 0.170345 0.163394 0.184509 0.152528 0.142366 0.155979 0.170276 0.157718 0.144112 0.106989 0.153359 0.170900 0.231696 0.268367 0.153469 0.242486 0.234375 0.327596 0.319946 0.360842 0.308754 0.326192 0.292000 0.304799 0.280436 0.274730 0.283575 0.289203 0.294280 0.328976 0.289417 0.264358 0.341716 0.313097 0.278224 0.344432 0.163784 0.167201 0.157772 0.169855 0.206563 0.212314 0.173316 0.151999 0.170156 0.188652 0.194697 0.266025 0.227742 0.182955 0.218569 0.283894 0.218185 0.315644 0.287619 0.342096 0.339743 0.291873 0.311968 0.316479 0.322656 0.178132 0.283626 0.289634 0.308618 0.135118 0.133372 0.145753 0.223285 0.266906 0.156955 0.207618 0.218722 0.279849 0.194721 0.180106 0.127619 0.113519 0.154523 0.457114 0.436341 0.235110 0.276158 0.207385 0.297191 0.505822 0.369403 0.485585 0.261138 0.348064 0.151653 0.175123 0.164784 0.164863 0.169483 0.176992 0.169531 0.159276 0.173343 0.171625 0.167274 0.188094 0.098667 0.171739 0.101950 0.118267 0.112075 0.111611 0.137181 0.117110 0.172571 0.176019 0.151040 0.193112 0.179648 0.209312 0.176715 0.174927 0.194691 0.163376 0.174673 0.199364 0.204943 0.199598 0.192569 0.203617 0.203113 0.217664 0.172495 0.193199 0.196293 0.201310 0.188767 0.173116 0.198345 0.201482 0.199705 0.227327 0.123710 0.197190 0.143148 0.171455 0.336331 0.209097 0.156064 0.175139 0.272945 0.158559 0.175270 0.149957 0.177606 0.195075 0.142960 0.132657 0.097036 0.125618 0.160957 0.190526 0.190418 0.116741 0.131125 0.135051 0.238442 0.233435 0.212254 0.230966 0.244249 0.234668 0.233327 0.160186 0.223955 0.159899 0.162036 0.152016 0.166151 0.129815 0.168911 0.159535 0.127632 0.122028 0.098102 0.165883 0.349037 0.153714 0.124344 0.146213 0.126374 0.140952 0.091772 0.103964 0.138327 0.140735 0.127737 0.101690 0.144153 0.087783 0.133416 0.090934 0.120648 0.119061 0.119186 0.140942 0.126267 0.159865 0.156920 0.114243 0.126302 0.120059 0.085420 0.120322 0.114572 0.117316 0.099254 0.250032 0.232307 0.141286 0.188964 0.122901 0.152584 0.148595 0.113425 0.193338 0.218471 0.194980 0.160811 0.136987 0.158020 0.110033 0.097990 0.161428 0.154054 0.170890 0.178518 
0.129451 0.091720 0.000000 0.076299 0.238806 0.195627 0.212258 0.160842 0.166248 0.147430 0.166486 0.132218 0.127031 0.128274 0.158878 0.122730 0.122022 0.127063 0.132930 0.167029 0.234586 0.274377 0.149357 0.237824 0.240237 0.332594 0.321812 0.363244 0.312427 0.327469 0.295169 0.304638 0.287381 0.277733 0.292658 0.297561 0.302504 0.330908 0.297439 0.263230 0.341100 0.312183 0.277407 0.343303 0.157759 0.159530 0.149142 0.157444 0.183491 0.191374 0.143286 0.136426 0.146376 0.198204 0.200177 0.278485 0.235286 0.190222 0.218181 0.292718 0.223489 0.308170 0.279191 0.362616 0.330634 0.286211 0.312579 0.299910 0.319108 0.198218 0.289317 0.311192 0.315881 0.093890 0.089456 0.076214 0.275309 0.277835 0.185104 0.218596 0.256335 0.283095 0.189575 0.162633 0.159938 0.151773 0.121355 0.473462 0.476833 0.250131 0.271002 0.248223 0.294169 0.523697 0.393847 0.444649 0.276801 0.381208 0.155463 0.170273 0.152921 0.148504 0.167903 0.175266 0.165122 0.154078 0.164319 0.157427 0.168746 0.185763 0.114655 0.163443 0.117091 0.114383 0.088913 0.112363 0.137610 0.121133 0.163323 0.162415 0.133300 0.153219 0.181074 0.207912 0.168383 0.149758 0.180791 0.157670 0.178492 0.189452 0.204296 0.175651 0.188883 0.193753 0.197821 0.205745 0.171606 0.187122 0.188385 0.202992 0.188357 0.179844 0.179542 0.174609 0.191695 0.234307 0.113948 0.175232 0.130240 0.113289 0.340553 0.184388 0.136672 0.168912 0.235157 0.144447 0.144574 0.113543 0.154640 0.176857 0.126238 0.114478 0.087359 0.094840 0.161914 0.169308 0.155610 0.102228 0.116315 0.108167 0.207822 0.274769 0.228558 0.265868 0.268532 0.267217 0.278876 0.151161 0.207373 0.181147 0.177570 0.144468 0.161160 0.152173 0.186380 0.173405 0.146285 0.135616 0.161064 0.137180 0.327128 0.173140 0.128346 0.148589 0.167453 0.151105 0.114691 0.110637 0.142061 0.139522 0.142325 0.099545 0.149605 0.093179 0.127839 0.099016 0.144001 0.137932 0.149482 0.136010 0.143271 0.177748 0.156455 0.101937 0.124513 0.097296 0.086512 0.107250 0.096045 0.090379 0.105166 0.226466 0.250782 0.135663 0.194008 0.095414 0.111207 0.155628 0.104953 0.191650 0.231884 0.191956 0.160211 0.130229 0.145338 0.105718 0.111062 0.148284 0.157353 0.157410 0.141281 
0.119029 0.114050 0.076299 0.000000 0.222175 0.149525 0.176821 0.177581 0.169102 0.157695 0.180297 0.140632 0.147204 0.155669 0.163369 0.146723 0.137701 0.153203 0.141805 0.173157 0.238103 0.262223 0.143738 0.231362 0.236717 0.320626 0.314265 0.355971 0.304422 0.322904 0.284731 0.299178 0.279646 0.269564 0.285569 0.283791 0.295622 0.323135 0.286992 0.256061 0.333957 0.305490 0.269953 0.336134 0.156317 0.157030 0.162559 0.150230 0.189548 0.200374 0.165564 0.147544 0.162113 0.201904 0.190857 0.280539 0.227735 0.185034 0.219923 0.265380 0.217636 0.300448 0.256323 0.354233 0.311849 0.266962 0.278893 0.267565 0.296264 0.207025 0.295008 0.320390 0.311651 0.106413 0.115500 0.108692 0.281356 0.279160 0.193307 0.232805 0.263943 0.274736 0.165707 0.159011 0.183885 0.162307 0.113574 0.447086 0.481527 0.243867 0.283480 0.274372 0.285084 0.504737 0.413679 0.413985 0.291168 0.378854 0.148565 0.168085 0.152436 0.156783 0.160591 0.176783 0.160616 0.150720 0.153664 0.168518 0.158959 0.180355 0.138055 0.171111 0.143009 0.133422 0.107542 0.125041 0.150291 0.137613 0.175529 0.171485 0.150397 0.178650 0.182786 0.213258 0.177797 0.175136 0.195238 0.170695 0.190167 0.201731 0.206902 0.191135 0.192047 0.201491 0.203975 0.219468 0.173712 0.191615 0.204596 0.207198 0.189581 0.178695 0.193745 0.192939 0.200688 0.246685 0.147509 0.159756 0.136790 0.137701 0.327150 0.208138 0.144711 0.167983 0.230005 0.149202 0.162373 0.146457 0.175593 0.195920 0.135717 0.133947 0.122568 0.116083 0.175942 0.193574 0.177090 0.110901 0.122032 0.123090 0.207516 0.287804 0.231384 0.279068 0.275078 0.274599 0.290831 0.170754 0.216219 0.190444 0.190710 0.170343 0.181596 0.169011 0.200301 0.188903 0.164778 0.125298 0.180905 0.163683 0.351520 0.192841 0.131042 0.183452 0.196363 0.157778 0.143347 0.129047 0.144837 0.137161 0.171647 0.115778 0.149853 0.106123 0.130988 0.121625 0.159267 0.165971 0.167246 0.158118 0.170353 0.192852 0.174053 0.128629 0.134242 0.118782 0.125330 0.123168 0.125710 0.116899 0.127318 0.228871 0.253511 0.166010 0.224110 0.133840 0.136515 0.172479 0.110665 0.198798 0.228341 0.198768 0.159790 0.134464 0.150382 0.125160 0.129458 0.151802 0.157644 0.163227 0.162754 
0.204817 0.219204 0.238806 0.222175 0.000000 0.115069 0.165583 0.224783 0.266216 0.275732 0.267772 0.278622 0.280228 0.259327 0.277626 0.268369 0.239694 0.257196 0.252223 0.258283 0.313042 0.334394 0.234529 0.324155 0.311053 0.346612 0.356942 0.386484 0.340989 0.344293 0.324026 0.330667 0.309316 0.333418 0.325260 0.333954 0.325169 0.347096 0.329090 0.319388 0.366189 0.352438 0.322433 0.369462 0.269411 0.289551 0.280197 0.293287 0.289960 0.285495 0.292933 0.273603 0.273379 0.273995 0.283181 0.291209 0.288906 0.265209 0.253925 0.218687 0.251628 0.263981 0.227076 0.232142 0.227066 0.217182 0.227446 0.260763 0.237638 0.255718 0.213392 0.220291 0.228614 0.237283 0.260438 0.269946 0.257656 0.277811 0.164428 0.248937 0.249583 0.281550 0.152203 0.160705 0.188260 0.217573 0.197741 0.326831 0.398881 0.199312 0.294118 0.260715 0.290087 0.415564 0.315837 0.433606 0.293336 0.271192 0.276295 0.302713 0.287271 0.299407 0.295972 0.289219 0.292829 0.274807 0.295763 0.298049 0.289605 0.314830 0.187818 0.254278 0.184590 0.226560 0.228102 0.221775 0.214845 0.209974 0.268046 0.275622 0.286304 0.288392 0.277051 0.307567 0.275638 0.272009 0.290334 0.261779 0.281364 0.288070 0.295638 0.289945 0.270201 0.291754 0.296706 0.304881 0.278814 0.285531 0.294575 0.288492 0.281769 0.260906 0.298445 0.289970 0.295048 0.247163 0.252749 0.237826 0.264700 0.273529 0.265574 0.339199 0.277679 0.261769 0.276534 0.277575 0.259700 0.246677 0.311015 0.325557 0.291890 0.251363 0.238420 0.249552 0.285217 0.277645 0.323438 0.255943 0.267599 0.284297 0.295664 0.278551 0.263026 0.276115 0.279093 0.270473 0.276233 0.226280 0.258612 0.258757 0.255557 0.257681 0.265378 0.236867 0.256196 0.205658 0.178732 0.236090 0.218505 0.308695 0.494038 0.185813 0.187366 0.229440 0.216156 0.183978 0.224089 0.193115 0.177544 0.221652 0.217860 0.219810 0.187675 0.194271 0.178539 0.237674 0.249947 0.224273 0.213424 0.230943 0.229210 0.256654 0.264932 0.249867 0.244051 0.267513 0.227828 0.189132 0.263028 0.260507 0.245411 0.263310 0.269189 0.281828 0.313209 0.251647 0.278252 0.254768 0.233541 0.267412 0.205271 0.257099 0.231445 0.237426 0.251853 0.226474 0.218465 0.238970 0.239979 0.267690 0.295523 
0.182327 0.212403 0.195627 0.149525 0.115069 0.000000 0.105284 0.224749 0.251057 0.251561 0.252851 0.262510 0.265109 0.229967 0.239365 0.240230 0.229630 0.256527 0.232237 0.250843 0.284619 0.299048 0.217296 0.284434 0.278533 0.326753 0.323806 0.357644 0.311666 0.325664 0.296189 0.306959 0.286813 0.294777 0.295844 0.306243 0.292163 0.327520 0.307749 0.288056 0.343524 0.325335 0.290541 0.345626 0.240897 0.261567 0.242088 0.265441 0.264902 0.266810 0.261633 0.244885 0.250602 0.255918 0.244861 0.281413 0.260098 0.241133 0.238124 0.204413 0.238999 0.234067 0.190991 0.267303 0.221976 0.201535 0.190468 0.228711 0.219046 0.227942 0.238506 0.227306 0.234661 0.210712 0.221145 0.237147 0.275284 0.279225 0.170816 0.239377 0.261016 0.277143 0.115681 0.131411 0.189300 0.201693 0.154146 0.358285 0.427087 0.195683 0.296876 0.275950 0.293099 0.410845 0.348511 0.372568 0.299523 0.291546 0.243018 0.256134 0.248795 0.256071 0.263613 0.244206 0.257576 0.234865 0.258200 0.258109 0.258534 0.275352 0.182972 0.225937 0.179227 0.210514 0.204971 0.206605 0.211862 0.196715 0.255885 0.259675 0.253276 0.273485 0.263711 0.301971 0.262352 0.262497 0.286742 0.253934 0.271655 0.280993 0.293058 0.285678 0.265259 0.287950 0.290572 0.301947 0.267381 0.283125 0.290719 0.283736 0.275079 0.250236 0.284200 0.287412 0.292643 0.228271 0.235679 0.165166 0.237432 0.237723 0.252517 0.305379 0.249864 0.240133 0.225320 0.238524 0.227811 0.220082 0.279779 0.308018 0.253071 0.226763 0.222422 0.232951 0.264095 0.277556 0.292257 0.224828 0.229467 0.245321 0.237516 0.288450 0.245688 0.280233 0.273793 0.275926 0.284517 0.212712 0.252469 0.235861 0.242836 0.233145 0.237707 0.214962 0.234881 0.193021 0.195116 0.215398 0.224175 0.276617 0.467548 0.188092 0.182741 0.210632 0.223101 0.182967 0.214026 0.188741 0.178534 0.207536 0.208779 0.206934 0.187675 0.176660 0.162027 0.225800 0.232989 0.226229 0.222173 0.228349 0.226547 0.257120 0.258873 0.230245 0.228073 0.238184 0.226332 0.187063 0.240489 0.233567 0.232641 0.234809 0.256723 0.261172 0.307303 0.234479 0.251624 0.238626 0.207294 0.239962 0.192581 0.238255 0.220748 0.225435 0.235472 0.210346 0.202132 0.232783 0.230417 0.254327 0.267764 
0.198205 0.222838 0.212258 0.176821 0.165583 0.105284 0.000000 0.227300 0.254162 0.260208 0.266451 0.276333 0.275689 0.258496 0.261642 0.276949 0.271459 0.270394 0.265771 0.264496 0.293817 0.294327 0.253229 0.287049 0.293431 0.340402 0.346214 0.372717 0.343879 0.355207 0.320518 0.345628 0.302754 0.338432 0.288011 0.333787 0.302336 0.353225 0.346759 0.330016 0.364065 0.354073 0.337765 0.370515 0.293714 0.299896 0.274362 0.304643 0.310733 0.306358 0.312662 0.299764 0.299193 0.281533 0.260565 0.313288 0.286733 0.291716 0.268497 0.226751 0.272481 0.243939 0.217337 0.312348 0.273688 0.246217 0.230269 0.236548 0.260282 0.260992 0.272207 0.257413 0.294200 0.229833 0.242913 0.247933 0.299911 0.299010 0.217334 0.264115 0.292250 0.293142 0.162443 0.182967 0.231542 0.237909 0.201054 0.349345 0.430018 0.201627 0.278432 0.262553 0.287490 0.393520 0.359912 0.342965 0.288772 0.310360 0.279248 0.269504 0.275327 0.301044 0.304785 0.276882 0.309895 0.287357 0.304773 0.314151 0.298922 0.318434 0.213615 0.244345 0.199110 0.243485 0.223926 0.231553 0.226610 0.202622 0.299037 0.291809 0.282000 0.316106 0.299277 0.343437 0.311449 0.304514 0.329388 0.292521 0.317802 0.322452 0.335280 0.325276 0.306443 0.330498 0.333470 0.343904 0.311905 0.325395 0.325659 0.325854 0.316679 0.284286 0.326552 0.326433 0.334932 0.236430 0.240436 0.165757 0.271327 0.268593 0.255781 0.327521 0.259698 0.250888 0.271362 0.261461 0.240733 0.245427 0.307711 0.327747 0.275322 0.238164 0.235575 0.254945 0.267279 0.287566 0.312793 0.259680 0.257699 0.280677 0.240087 0.307724 0.278158 0.301238 0.296786 0.299624 0.312705 0.218636 0.280618 0.263798 0.254988 0.261726 0.257533 0.237984 0.264255 0.240851 0.229859 0.238827 0.218010 0.301761 0.487394 0.221715 0.211324 0.223815 0.243682 0.213385 0.220264 0.213578 0.198603 0.227049 0.218070 0.225537 0.213447 0.204419 0.197889 0.228014 0.227283 0.245365 0.251492 0.251313 0.249973 0.282533 0.256743 0.240051 0.230848 0.239023 0.243112 0.222367 0.260163 0.259260 0.251582 0.245515 0.245219 0.263762 0.306594 0.239790 0.268733 0.250626 0.221771 0.243296 0.195949 0.255271 0.254971 0.268882 0.282154 0.208793 0.193522 0.265137 0.251713 0.280388 0.304954 
0.167884 0.143825 0.160842 0.177581 0.224783 0.224749 0.227300 0.000000 0.140113 0.147382 0.154173 0.139128 0.127359 0.150837 0.151246 0.160191 0.160474 0.105539 0.163762 0.155760 0.169762 0.210531 0.157679 0.213703 0.165690 0.304289 0.301944 0.339355 0.302021 0.307544 0.278515 0.292888 0.265148 0.276720 0.260937 0.274956 0.277237 0.307833 0.286517 0.252845 0.320573 0.299302 0.272334 0.322733 0.186801 0.184334 0.178525 0.194869 0.190977 0.180790 0.194987 0.182131 0.179446 0.131917 0.152965 0.202197 0.188840 0.132356 0.193469 0.253007 0.173543 0.331152 0.289130 0.330271 0.298060 0.261154 0.286445 0.297000 0.286516 0.151666 0.237958 0.258006 0.273096 0.146176 0.152592 0.160086 0.210436 0.209896 0.158383 0.197799 0.211780 0.236767 0.210377 0.181677 0.131035 0.133161 0.180993 0.393072 0.358057 0.144724 0.179982 0.126151 0.223180 0.429831 0.277258 0.464645 0.163710 0.265760 0.177607 0.199319 0.171879 0.193749 0.196516 0.194001 0.209326 0.184031 0.202174 0.203843 0.187411 0.218824 0.148374 0.135451 0.122717 0.157562 0.168064 0.149296 0.160878 0.163967 0.174838 0.185518 0.183345 0.192376 0.187611 0.218351 0.188052 0.184376 0.199664 0.166385 0.192894 0.204351 0.211862 0.200841 0.187158 0.201231 0.212749 0.214600 0.191777 0.200958 0.200893 0.205657 0.190669 0.166409 0.204387 0.193117 0.208468 0.135493 0.111805 0.163144 0.150699 0.173059 0.248880 0.218074 0.142997 0.144084 0.213422 0.145153 0.133721 0.127078 0.195420 0.208944 0.172263 0.107952 0.120872 0.146608 0.139981 0.158408 0.188394 0.142454 0.157102 0.192280 0.179778 0.254214 0.200262 0.248400 0.230980 0.231896 0.258477 0.114018 0.151308 0.146553 0.140597 0.118257 0.131975 0.122254 0.148489 0.191958 0.151724 0.146378 0.131430 0.244481 0.434019 0.133475 0.105446 0.158351 0.123198 0.125930 0.133972 0.123741 0.109325 0.128633 0.150830 0.139411 0.134734 0.131449 0.127683 0.148267 0.129075 0.120620 0.119556 0.116409 0.123540 0.129349 0.095641 0.134175 0.141616 0.137543 0.123525 0.152429 0.141234 0.161928 0.150990 0.165834 0.169631 0.117901 0.135624 0.156658 0.175469 0.114755 0.161943 0.150251 0.138975 0.126028 0.188061 0.189723 0.177896 0.110099 0.105694 0.148318 0.171254 0.166883 0.186777 
0.182301 0.170345 0.166248 0.169102 0.266216 0.251057 0.254162 0.140113 0.000000 0.073614 0.083569 0.134594 0.120028 0.101541 0.109588 0.113103 0.108589 0.142115 0.115377 0.086838 0.213882 0.210187 0.126059 0.146252 0.210759 0.268402 0.264182 0.306584 0.262802 0.295424 0.247255 0.266368 0.234038 0.231884 0.204894 0.231865 0.223110 0.277512 0.277233 0.245641 0.320644 0.298531 0.266058 0.325754 0.137574 0.141873 0.101135 0.157385 0.156190 0.150663 0.148066 0.146966 0.115651 0.197988 0.170432 0.260666 0.183765 0.170038 0.227927 0.321966 0.216434 0.388463 0.358581 0.422667 0.379268 0.326919 0.376319 0.336193 0.357226 0.222101 0.301014 0.323209 0.356879 0.144301 0.146205 0.155076 0.296499 0.272017 0.231256 0.270011 0.282680 0.271642 0.252943 0.211807 0.210175 0.210042 0.204261 0.515658 0.414235 0.210801 0.180371 0.168194 0.165279 0.548966 0.355250 0.500488 0.175006 0.332490 0.154188 0.146961 0.145071 0.169460 0.148072 0.110684 0.176603 0.148698 0.163494 0.176430 0.147663 0.202226 0.163961 0.166544 0.143797 0.148852 0.129894 0.114432 0.115510 0.121847 0.116930 0.127244 0.107899 0.134200 0.114825 0.180675 0.146731 0.144433 0.150711 0.117040 0.152185 0.166256 0.151508 0.143138 0.145413 0.142386 0.150164 0.145889 0.148372 0.153416 0.163019 0.170975 0.148129 0.112587 0.148559 0.132144 0.164536 0.192304 0.118324 0.224226 0.100989 0.152897 0.293089 0.199201 0.085387 0.074117 0.280971 0.101149 0.150603 0.135771 0.151483 0.160216 0.112013 0.112075 0.145979 0.117113 0.105745 0.160003 0.134717 0.120089 0.116294 0.158415 0.231619 0.318288 0.259285 0.314503 0.296282 0.297672 0.329886 0.160410 0.213859 0.225383 0.210499 0.184372 0.204615 0.210608 0.229952 0.219257 0.174921 0.091648 0.174315 0.194679 0.420487 0.219095 0.133912 0.166043 0.175929 0.181855 0.157211 0.144488 0.163731 0.144927 0.185775 0.152278 0.145957 0.128996 0.148034 0.163480 0.164096 0.177120 0.186151 0.159104 0.177723 0.190003 0.162747 0.156384 0.095849 0.105267 0.149723 0.151403 0.158942 0.150671 0.174120 0.159108 0.242936 0.166732 0.206452 0.165527 0.165976 0.150498 0.116527 0.123395 0.235036 0.165867 0.159514 0.167895 0.127908 0.126507 0.133217 0.101571 0.140754 0.103145 0.132242 
0.178757 0.163394 0.147430 0.157695 0.275732 0.251561 0.260208 0.147382 0.073614 0.000000 0.064681 0.143219 0.117910 0.093714 0.115572 0.088475 0.101756 0.133446 0.095357 0.084354 0.210252 0.214440 0.100395 0.159028 0.208717 0.260570 0.242681 0.286333 0.243102 0.275112 0.228766 0.227747 0.217579 0.203116 0.195944 0.227691 0.218109 0.258804 0.238675 0.205865 0.280646 0.258932 0.222465 0.285762 0.114508 0.106153 0.113564 0.104909 0.135472 0.133712 0.118240 0.132137 0.115761 0.174556 0.141467 0.227741 0.153601 0.142051 0.190121 0.297694 0.184975 0.357983 0.325291 0.391952 0.341373 0.298506 0.344589 0.309985 0.322975 0.199840 0.274573 0.308684 0.318449 0.132165 0.118354 0.131958 0.277595 0.258313 0.219719 0.245424 0.258198 0.270271 0.228414 0.188190 0.186986 0.183210 0.167733 0.515353 0.438420 0.214384 0.191356 0.189420 0.182467 0.553471 0.357684 0.490269 0.199562 0.334518 0.132371 0.142613 0.118520 0.136607 0.138774 0.120700 0.135552 0.115003 0.131443 0.144513 0.115555 0.162177 0.148596 0.141292 0.139919 0.128579 0.117323 0.119903 0.139722 0.117800 0.106623 0.120524 0.103708 0.114776 0.111174 0.158217 0.129071 0.120354 0.141799 0.109614 0.130327 0.137198 0.146586 0.145414 0.124429 0.131339 0.143098 0.137848 0.119660 0.130701 0.138911 0.160436 0.120849 0.092179 0.116020 0.126680 0.144771 0.189550 0.115247 0.217375 0.095905 0.138371 0.331326 0.184045 0.071118 0.087907 0.259803 0.094725 0.148854 0.119441 0.146863 0.172337 0.100824 0.118335 0.148149 0.101566 0.124474 0.162541 0.121640 0.115736 0.106170 0.145076 0.224938 0.316987 0.245566 0.295329 0.296797 0.286153 0.316542 0.159978 0.201764 0.208646 0.181494 0.179722 0.175748 0.190753 0.213430 0.192191 0.186309 0.107481 0.188164 0.199392 0.429455 0.205332 0.140873 0.143336 0.176701 0.175028 0.137632 0.137313 0.165064 0.144759 0.155052 0.134242 0.157062 0.124435 0.143238 0.125543 0.170896 0.171224 0.180939 0.152186 0.171107 0.199377 0.173202 0.158451 0.117119 0.100557 0.151822 0.142527 0.156126 0.153993 0.182453 0.175187 0.242315 0.153127 0.189134 0.167020 0.159602 0.137324 0.110251 0.139402 0.229048 0.148081 0.130067 0.146357 0.100782 0.131092 0.130434 0.103890 0.134586 0.120516 0.116642 
0.207130 0.184509 0.166486 0.180297 0.267772 0.252851 0.266451 0.154173 0.083569 0.064681 0.000000 0.160542 0.124493 0.087469 0.125782 0.102793 0.105869 0.147055 0.117737 0.076487 0.215638 0.216462 0.095502 0.162280 0.215412 0.252003 0.244393 0.289621 0.237937 0.266199 0.227643 0.235281 0.204910 0.213494 0.204563 0.211993 0.214645 0.249688 0.259383 0.216653 0.297654 0.273969 0.236822 0.297639 0.119661 0.142290 0.101411 0.141276 0.132029 0.115117 0.133623 0.135938 0.132905 0.204432 0.156234 0.233083 0.157057 0.150729 0.209209 0.306924 0.203878 0.361632 0.332080 0.401258 0.356092 0.305982 0.359836 0.323590 0.337483 0.212023 0.288250 0.314808 0.333546 0.174320 0.156569 0.163432 0.292265 0.261772 0.216930 0.254415 0.270675 0.263786 0.240281 0.197755 0.184090 0.195965 0.179851 0.509040 0.418634 0.228042 0.170293 0.192140 0.163153 0.551928 0.332519 0.476877 0.204029 0.319485 0.155845 0.161023 0.153637 0.159642 0.173647 0.124500 0.148335 0.131240 0.155102 0.157221 0.155804 0.174892 0.153808 0.163104 0.138664 0.129401 0.129436 0.113821 0.121915 0.117241 0.103572 0.113348 0.126767 0.119246 0.107779 0.151985 0.121334 0.110659 0.133071 0.096804 0.130691 0.126325 0.148567 0.140055 0.114264 0.130487 0.142494 0.135512 0.125709 0.128625 0.137747 0.144322 0.129424 0.097407 0.126276 0.120762 0.126244 0.210943 0.127237 0.237140 0.121713 0.160402 0.320363 0.181301 0.078035 0.065529 0.277359 0.113802 0.173525 0.131555 0.165975 0.185881 0.137481 0.127949 0.161466 0.141111 0.139697 0.150091 0.142147 0.143290 0.131712 0.165461 0.231279 0.315430 0.249232 0.297076 0.289963 0.291985 0.321486 0.137738 0.199239 0.225425 0.203799 0.179263 0.195293 0.202004 0.223322 0.192918 0.184065 0.120077 0.188835 0.220975 0.424065 0.213490 0.140669 0.140113 0.169914 0.166199 0.152271 0.138978 0.176478 0.169635 0.167231 0.149696 0.175038 0.130734 0.153027 0.145574 0.175164 0.166786 0.174325 0.144760 0.149308 0.179385 0.181748 0.192280 0.117826 0.136047 0.168672 0.162791 0.171361 0.172939 0.186105 0.161693 0.280580 0.181031 0.181943 0.169975 0.175605 0.152095 0.129851 0.161418 0.233881 0.146165 0.129753 0.148461 0.123830 0.140017 0.150105 0.110128 0.148859 0.126997 0.133417 
0.162996 0.152528 0.132218 0.140632 0.278622 0.262510 0.276333 0.139128 0.134594 0.143219 0.160542 0.000000 0.093691 0.157812 0.143302 0.144581 0.119657 0.105565 0.117119 0.132849 0.185575 0.223362 0.149612 0.232937 0.189133 0.329415 0.328140 0.367106 0.327889 0.338704 0.296971 0.321454 0.289742 0.289123 0.287705 0.295873 0.310276 0.337602 0.293511 0.269199 0.342434 0.318380 0.289702 0.347558 0.180769 0.153867 0.180623 0.165927 0.207102 0.211930 0.175996 0.162473 0.130400 0.166167 0.172737 0.247664 0.202957 0.155016 0.218486 0.304504 0.198398 0.393546 0.334814 0.391895 0.340699 0.305048 0.339198 0.329680 0.335131 0.191843 0.276294 0.337914 0.323927 0.115200 0.113133 0.113183 0.272370 0.256852 0.212366 0.248507 0.259924 0.268657 0.237911 0.208886 0.202166 0.181962 0.191861 0.449282 0.419824 0.225986 0.227828 0.207040 0.260157 0.499451 0.371012 0.476947 0.218339 0.345020 0.159886 0.204068 0.158085 0.181948 0.143399 0.195872 0.196164 0.170247 0.177242 0.193908 0.158814 0.212957 0.174015 0.161357 0.165992 0.156696 0.144013 0.142388 0.168691 0.154816 0.157791 0.154464 0.143868 0.161588 0.150916 0.188020 0.161509 0.168501 0.178619 0.155236 0.182733 0.199208 0.174334 0.161867 0.180033 0.178645 0.166215 0.180744 0.165900 0.167278 0.186145 0.202434 0.166339 0.164051 0.174496 0.160085 0.183905 0.232794 0.125424 0.228091 0.123398 0.149508 0.335699 0.214862 0.142883 0.168712 0.270444 0.167168 0.142742 0.141439 0.165993 0.154520 0.141632 0.116882 0.120562 0.079995 0.131148 0.155859 0.142637 0.115075 0.143291 0.166029 0.228673 0.298824 0.243846 0.290776 0.285926 0.286912 0.318704 0.148546 0.171202 0.193885 0.176658 0.165791 0.185651 0.186592 0.203688 0.232999 0.174058 0.127495 0.184364 0.177842 0.380035 0.185927 0.136014 0.199532 0.178203 0.143859 0.168911 0.148035 0.136144 0.112661 0.192558 0.112726 0.129834 0.136461 0.163221 0.129338 0.168274 0.172581 0.184705 0.150374 0.172016 0.155419 0.123116 0.121078 0.135881 0.115682 0.113311 0.119996 0.108161 0.116940 0.125867 0.209111 0.226095 0.129960 0.173238 0.141150 0.133602 0.147371 0.135618 0.172574 0.211508 0.143495 0.156183 0.135928 0.141135 0.130213 0.134750 0.105206 0.138491 0.123131 0.164714 
0.167469 0.142366 0.127031 0.147204 0.280228 0.265109 0.275689 0.127359 0.120028 0.117910 0.124493 0.093691 0.000000 0.093100 0.113543 0.096008 0.120838 0.111689 0.135185 0.125160 0.174446 0.202676 0.142164 0.197959 0.172613 0.302035 0.295215 0.335269 0.290582 0.299172 0.277975 0.282803 0.260163 0.257579 0.252131 0.264670 0.270845 0.299226 0.270464 0.220232 0.302988 0.267596 0.240408 0.298295 0.132785 0.124213 0.124898 0.125856 0.143817 0.149589 0.126571 0.106636 0.119825 0.183278 0.137737 0.222974 0.159297 0.143277 0.229934 0.319450 0.217591 0.395365 0.349747 0.408815 0.357667 0.327038 0.359789 0.361671 0.354647 0.191815 0.288019 0.346198 0.340727 0.135138 0.123322 0.114397 0.278589 0.248424 0.218780 0.258562 0.268713 0.252892 0.246520 0.215721 0.189738 0.184549 0.195899 0.482932 0.446374 0.223712 0.199027 0.192891 0.216250 0.508991 0.375728 0.483842 0.222054 0.355060 0.129903 0.158922 0.140211 0.135308 0.152599 0.157590 0.146365 0.130636 0.141973 0.135881 0.145655 0.164024 0.161493 0.142445 0.155471 0.142698 0.126621 0.138423 0.158080 0.159287 0.115876 0.114078 0.113967 0.113702 0.129762 0.141540 0.114808 0.109981 0.123942 0.114626 0.135563 0.137508 0.151249 0.129580 0.143697 0.137180 0.142983 0.154899 0.116857 0.126496 0.133237 0.149908 0.133664 0.131495 0.135458 0.118493 0.125005 0.218174 0.103678 0.228876 0.093504 0.154063 0.326214 0.143722 0.094261 0.114390 0.271670 0.121971 0.154545 0.128062 0.129394 0.127373 0.114396 0.101063 0.097543 0.098366 0.133275 0.151661 0.131904 0.101011 0.109188 0.121944 0.229800 0.304358 0.240108 0.294159 0.284162 0.290773 0.314995 0.169463 0.199424 0.187928 0.188985 0.152253 0.169441 0.176242 0.198986 0.227797 0.182635 0.137097 0.174781 0.175009 0.379035 0.184046 0.118961 0.188330 0.142459 0.173604 0.155437 0.141103 0.144723 0.141874 0.183137 0.123143 0.167708 0.119296 0.144300 0.143176 0.161926 0.176542 0.173943 0.155187 0.168909 0.162389 0.130399 0.144727 0.102998 0.097511 0.125528 0.153790 0.101558 0.106374 0.123181 0.199588 0.254127 0.143078 0.162231 0.136519 0.146901 0.139355 0.136148 0.167920 0.233879 0.155142 0.176434 0.153149 0.140289 0.098409 0.126263 0.113791 0.154906 0.111699 0.126788 
0.189210 0.155979 0.128274 0.155669 0.259327 0.229967 0.258496 0.150837 0.101541 0.093714 0.087469 0.157812 0.093100 0.000000 0.098388 0.050632 0.106524 0.151666 0.110385 0.103037 0.221265 0.244254 0.117083 0.180569 0.220793 0.258753 0.244102 0.291313 0.240082 0.253535 0.233237 0.229455 0.215917 0.211728 0.215500 0.218995 0.213492 0.246895 0.251422 0.192655 0.275990 0.247369 0.211949 0.271863 0.083920 0.097593 0.068421 0.097858 0.105190 0.103242 0.067890 0.065729 0.078711 0.202757 0.155508 0.237980 0.167234 0.154668 0.230775 0.315017 0.219068 0.368544 0.338093 0.417560 0.373033 0.313867 0.364177 0.350908 0.344326 0.209236 0.311846 0.326394 0.349373 0.145692 0.136990 0.123841 0.294151 0.267615 0.215758 0.261008 0.275059 0.267732 0.233611 0.198651 0.186743 0.197554 0.167520 0.531121 0.473695 0.245187 0.221750 0.208872 0.209894 0.565167 0.378807 0.483607 0.239125 0.371962 0.119442 0.107639 0.126326 0.106171 0.135054 0.101700 0.104632 0.094012 0.108486 0.099636 0.126786 0.129108 0.148327 0.176467 0.141940 0.132968 0.107831 0.115181 0.141959 0.132681 0.085041 0.083098 0.081954 0.088678 0.094541 0.136577 0.087304 0.077944 0.102785 0.076616 0.111550 0.115342 0.125537 0.105189 0.125471 0.115086 0.118307 0.123530 0.099738 0.108690 0.112870 0.129501 0.118064 0.103842 0.109371 0.106286 0.117718 0.212624 0.097119 0.233063 0.064467 0.141452 0.346717 0.121805 0.065458 0.082671 0.274226 0.095201 0.153545 0.107387 0.094648 0.126383 0.083580 0.098448 0.118429 0.118248 0.139473 0.165305 0.121913 0.095517 0.074069 0.105677 0.247250 0.305759 0.239075 0.295609 0.278009 0.283107 0.306807 0.172324 0.228666 0.218982 0.215127 0.162413 0.191508 0.190584 0.213901 0.197222 0.175404 0.130619 0.178297 0.173696 0.382202 0.222244 0.135175 0.159502 0.183385 0.187568 0.158954 0.137140 0.185582 0.176689 0.185833 0.150437 0.180260 0.112882 0.153590 0.154591 0.174848 0.182344 0.181129 0.161813 0.163038 0.196574 0.187266 0.166817 0.097576 0.116289 0.147467 0.159315 0.134782 0.126391 0.143537 0.192699 0.287436 0.186205 0.214472 0.136764 0.152238 0.154085 0.130363 0.174045 0.255979 0.168723 0.159721 0.149374 0.130344 0.122233 0.138586 0.130423 0.165767 0.084273 0.085030 
0.186735 0.170276 0.158878 0.163369 0.277626 0.239365 0.261642 0.151246 0.109588 0.115572 0.125782 0.143302 0.113543 0.098388 0.000000 0.103622 0.135632 0.169315 0.140269 0.128505 0.189017 0.205908 0.149920 0.167484 0.184963 0.270118 0.264120 0.312000 0.257105 0.286604 0.237620 0.256816 0.233809 0.220056 0.215108 0.225044 0.227912 0.281634 0.269837 0.237110 0.317541 0.293133 0.242434 0.316039 0.145880 0.142937 0.117510 0.148749 0.163713 0.163779 0.111846 0.137769 0.124176 0.191113 0.130691 0.238510 0.168172 0.140726 0.211739 0.310518 0.197423 0.377089 0.342014 0.417049 0.361941 0.293348 0.351283 0.344733 0.320222 0.186108 0.278514 0.302412 0.323605 0.160313 0.142891 0.138024 0.281910 0.256464 0.223525 0.245633 0.270296 0.244972 0.245177 0.204515 0.204893 0.199302 0.170172 0.523056 0.437862 0.234796 0.202835 0.194120 0.205602 0.535469 0.353767 0.507031 0.204841 0.339841 0.139815 0.130839 0.132117 0.145107 0.154777 0.118469 0.168799 0.147335 0.157434 0.145605 0.154078 0.180545 0.173151 0.147779 0.146499 0.130121 0.116120 0.131492 0.157957 0.140958 0.147062 0.137229 0.113852 0.143180 0.149845 0.209319 0.160015 0.146050 0.171559 0.139963 0.173045 0.190166 0.187612 0.174680 0.180921 0.179518 0.180833 0.170308 0.164778 0.176909 0.186959 0.199523 0.177732 0.148020 0.171872 0.171197 0.187821 0.162652 0.100990 0.198100 0.108767 0.124625 0.312749 0.159587 0.106678 0.120418 0.225794 0.086693 0.142137 0.111952 0.113468 0.185091 0.091723 0.102395 0.121354 0.131534 0.109658 0.155451 0.123016 0.099407 0.082975 0.121033 0.189522 0.309829 0.230442 0.301284 0.274400 0.279450 0.311588 0.156068 0.212297 0.195502 0.192631 0.149745 0.160631 0.192293 0.201614 0.206894 0.200166 0.119175 0.190681 0.184800 0.426655 0.207172 0.126400 0.187152 0.179505 0.188386 0.144101 0.137212 0.169996 0.162239 0.185955 0.148519 0.175586 0.126774 0.156719 0.166120 0.176270 0.183167 0.197325 0.160555 0.170364 0.195822 0.160850 0.146440 0.114411 0.100474 0.175084 0.178953 0.131881 0.129988 0.168840 0.155030 0.234717 0.135458 0.183586 0.146078 0.142819 0.136131 0.107402 0.126273 0.225574 0.138469 0.192151 0.181408 0.155579 0.109722 0.132355 0.129711 0.157337 0.133689 0.127733 
0.183256 0.157718 0.122730 0.146723 0.268369 0.240230 0.276949 0.160191 0.113103 0.088475 0.102793 0.144581 0.096008 0.050632 0.103622 0.000000 0.097151 0.131700 0.106955 0.109877 0.227418 0.238839 0.113788 0.183367 0.224951 0.266640 0.257519 0.305229 0.247323 0.266199 0.237842 0.238811 0.231368 0.212854 0.231912 0.232892 0.239838 0.262918 0.255430 0.213728 0.291606 0.265054 0.226041 0.291634 0.091393 0.083945 0.085986 0.092425 0.118396 0.123296 0.065283 0.067383 0.073505 0.187223 0.166474 0.245597 0.177767 0.150564 0.224129 0.310108 0.201840 0.365244 0.335786 0.416576 0.367972 0.311595 0.363132 0.339677 0.346238 0.218852 0.303790 0.340911 0.338614 0.128626 0.106517 0.095897 0.297190 0.276286 0.220598 0.261157 0.275835 0.286705 0.235156 0.196347 0.198449 0.197467 0.164651 0.523361 0.478836 0.252384 0.235831 0.221390 0.221960 0.566836 0.394949 0.485498 0.248577 0.381891 0.110140 0.118243 0.107030 0.097036 0.116773 0.115316 0.105960 0.104734 0.103999 0.102479 0.109337 0.131738 0.148639 0.184815 0.148901 0.131972 0.100705 0.125277 0.151888 0.131935 0.094795 0.086392 0.071442 0.087869 0.111926 0.145149 0.096948 0.090489 0.115755 0.093045 0.118710 0.134074 0.134643 0.116583 0.126016 0.126251 0.129176 0.125200 0.113347 0.119531 0.125540 0.149869 0.129335 0.116744 0.120883 0.111625 0.129224 0.220215 0.097376 0.230157 0.045387 0.113304 0.365572 0.116476 0.078383 0.106717 0.259911 0.104864 0.143389 0.098136 0.084269 0.120539 0.068285 0.097762 0.100705 0.096324 0.140518 0.164664 0.089173 0.076378 0.061848 0.086826 0.243383 0.310317 0.249562 0.297119 0.289403 0.294309 0.316447 0.178655 0.215054 0.213279 0.206834 0.171145 0.194049 0.195107 0.219373 0.196760 0.173459 0.131204 0.187228 0.150433 0.380989 0.220123 0.142155 0.172574 0.197090 0.187043 0.148618 0.143820 0.178536 0.164038 0.190157 0.144242 0.174510 0.122898 0.154995 0.152569 0.184912 0.177532 0.188328 0.162726 0.166748 0.200781 0.185225 0.146768 0.107789 0.102996 0.143157 0.143596 0.116771 0.108205 0.135595 0.204884 0.274050 0.170918 0.200035 0.134006 0.131385 0.148551 0.127012 0.171135 0.256782 0.172997 0.151792 0.150956 0.122601 0.133327 0.144732 0.128461 0.165095 0.080478 0.049301 
0.168061 0.144112 0.122022 0.137701 0.239694 0.229630 0.271459 0.160474 0.108589 0.101756 0.105869 0.119657 0.120838 0.106524 0.135632 0.097151 0.000000 0.127293 0.070865 0.090406 0.234714 0.251837 0.067995 0.215455 0.240274 0.284707 0.281783 0.326009 0.270822 0.291339 0.243903 0.254233 0.246472 0.230927 0.255954 0.249672 0.253576 0.284090 0.251014 0.231077 0.312474 0.291319 0.241045 0.313376 0.112622 0.122482 0.133526 0.124679 0.130362 0.130614 0.118942 0.110198 0.091483 0.188604 0.185946 0.244955 0.185686 0.144605 0.188581 0.275609 0.175962 0.346838 0.306126 0.372719 0.333495 0.282577 0.328587 0.300718 0.330427 0.197448 0.278760 0.329538 0.312899 0.123928 0.117124 0.120433 0.263265 0.240691 0.188442 0.232484 0.238242 0.258400 0.205820 0.174314 0.179789 0.175418 0.166168 0.493862 0.433826 0.236253 0.229686 0.230997 0.206883 0.554160 0.351461 0.475782 0.223334 0.353425 0.137136 0.166549 0.134275 0.155724 0.134663 0.144549 0.143409 0.123870 0.138154 0.152490 0.135256 0.169457 0.127924 0.168526 0.142592 0.114748 0.111311 0.105028 0.123729 0.111419 0.091159 0.103512 0.105150 0.090803 0.102346 0.134841 0.098429 0.101212 0.104272 0.080841 0.111454 0.134141 0.112206 0.096354 0.106837 0.113917 0.104960 0.118360 0.105530 0.108688 0.129570 0.139912 0.114689 0.103619 0.123588 0.091089 0.118771 0.229405 0.121272 0.228364 0.090114 0.111393 0.342892 0.198384 0.102089 0.121562 0.257652 0.124777 0.159355 0.111169 0.151343 0.156498 0.119746 0.100220 0.130437 0.085910 0.145922 0.147627 0.128779 0.104214 0.113610 0.141465 0.242559 0.275452 0.223056 0.265046 0.262453 0.254602 0.287540 0.156797 0.190792 0.210719 0.194098 0.185517 0.204161 0.202088 0.209843 0.164377 0.141786 0.103455 0.179678 0.161036 0.371244 0.200020 0.132485 0.146720 0.170316 0.164749 0.155004 0.134050 0.158179 0.152000 0.171200 0.123133 0.147643 0.117549 0.139606 0.144185 0.173261 0.146190 0.151772 0.136380 0.163162 0.162333 0.177945 0.149358 0.114162 0.122830 0.118199 0.112014 0.132990 0.120116 0.138293 0.199812 0.272656 0.159712 0.204224 0.132096 0.125323 0.155713 0.120593 0.194419 0.240546 0.180477 0.098129 0.098894 0.090804 0.150933 0.149417 0.088118 0.115440 0.105876 0.113025 
0.161518 0.106989 0.127063 0.153203 0.257196 0.256527 0.270394 0.105539 0.142115 0.133446 0.147055 0.105565 0.111689 0.151666 0.169315 0.131700 0.127293 0.000000 0.136221 0.128242 0.201287 0.237067 0.148094 0.220206 0.196816 0.326501 0.322818 0.361722 0.315251 0.333833 0.292211 0.308220 0.288653 0.278949 0.288863 0.294632 0.308198 0.329114 0.284413 0.260879 0.338121 0.310527 0.277764 0.340463 0.173447 0.155093 0.166397 0.162571 0.188905 0.196293 0.166914 0.157753 0.143830 0.161541 0.199648 0.257848 0.221682 0.158732 0.228565 0.279678 0.212965 0.352233 0.315932 0.365633 0.345374 0.318589 0.322784 0.324324 0.356310 0.208269 0.283880 0.322005 0.326685 0.102532 0.102942 0.124765 0.228945 0.271179 0.168531 0.217891 0.217095 0.303752 0.230645 0.193275 0.149680 0.144532 0.191550 0.409927 0.395063 0.177685 0.238557 0.164324 0.273257 0.465026 0.333669 0.473621 0.210878 0.308938 0.155180 0.199372 0.155739 0.171891 0.160931 0.186514 0.188427 0.163893 0.176923 0.181664 0.157819 0.208438 0.147025 0.177153 0.136390 0.159484 0.153484 0.143142 0.161828 0.135862 0.157086 0.160700 0.144422 0.158133 0.161492 0.179375 0.159752 0.161280 0.166319 0.150263 0.168817 0.183414 0.173896 0.163639 0.171591 0.166730 0.173819 0.184059 0.157118 0.162202 0.177834 0.189006 0.167582 0.161509 0.171462 0.149678 0.170147 0.194469 0.104185 0.203253 0.132740 0.158576 0.323698 0.212401 0.135540 0.162977 0.263080 0.167690 0.150030 0.131559 0.167200 0.166690 0.145721 0.119925 0.107926 0.107312 0.142452 0.152037 0.157482 0.133952 0.144617 0.161960 0.212418 0.264015 0.226235 0.257358 0.264668 0.239775 0.262332 0.147772 0.172154 0.179149 0.165910 0.161057 0.179332 0.146101 0.181277 0.205531 0.136296 0.132530 0.121443 0.196536 0.397344 0.168770 0.117704 0.167908 0.129681 0.135066 0.129415 0.130275 0.139387 0.140519 0.150050 0.112629 0.142668 0.132078 0.150009 0.104739 0.135815 0.107438 0.112334 0.139085 0.128893 0.139664 0.123838 0.124791 0.130823 0.122618 0.078856 0.108247 0.129294 0.125817 0.118999 0.230113 0.208907 0.125713 0.151587 0.146549 0.148613 0.162191 0.154298 0.191480 0.186264 0.175470 0.170343 0.162594 0.145736 0.121070 0.098857 0.138920 0.181667 0.144170 0.156957 
