246 246
0.000000 0.184108 0.194748 0.167121 0.266792 0.286896 0.245910 0.273132 0.254770 0.246713 0.252985 0.254874 0.228331 0.285023 0.282307 0.279781 0.234636 0.231557 0.257568 0.397024 0.223877 0.361480 0.416704 0.431195 0.480419 0.484124 0.477532 0.470384 0.492762 0.458335 0.424568 0.434287 0.412024 0.418308 0.445655 0.497367 0.399701 0.399686 0.478338 0.426798 0.479826 0.273399 0.338413 0.303764 0.275681 0.302501 0.310251 0.270959 0.307918 0.290125 0.284081 0.427997 0.317308 0.320520 0.311034 0.336529 0.294547 0.405162 0.332995 0.492041 0.375406 0.305942 0.453428 0.428713 0.338489 0.392281 0.421203 0.296461 0.260420 0.184071 0.215870 0.201381 0.222462 0.236448 0.389792 0.396704 0.391542 0.360744 0.321592 0.283523 0.198015 0.209741 0.634812 0.626197 0.338809 0.418441 0.378419 0.425125 0.493266 0.325510 0.710269 0.537934 0.370688 0.403152 0.501772 0.295786 0.245087 0.245754 0.323413 0.298206 0.276842 0.315255 0.302840 0.305492 0.301937 0.319041 0.274026 0.329022 0.252891 0.210717 0.231732 0.215508 0.230984 0.203766 0.202315 0.153963 0.228645 0.211159 0.291605 0.293219 0.281937 0.341276 0.283073 0.317050 0.330474 0.331485 0.288803 0.343131 0.316552 0.319185 0.311986 0.310007 0.327433 0.276729 0.353157 0.309115 0.288815 0.325078 0.330082 0.283514 0.300968 0.315990 0.335868 0.354100 0.237600 0.288944 0.280456 0.272751 0.447079 0.269609 0.287695 0.237095 0.253820 0.257777 0.403282 0.289807 0.253133 0.205527 0.270616 0.206623 0.261959 0.308066 0.322830 0.337183 0.384817 0.258102 0.421214 0.374166 0.425515 0.410687 0.387640 0.445040 0.400029 0.295802 0.300257 0.286860 0.302794 0.274773 0.315086 0.330269 0.281573 0.291702 0.219684 0.243838 0.214652 0.258716 0.221051 0.189448 0.239305 0.270026 0.216144 0.230934 0.208957 0.215840 0.200757 0.213397 0.185441 0.210879 0.284405 0.178051 0.188186 0.247751 0.341057 0.270831 0.249252 0.281073 0.294972 0.260686 0.241224 0.199542 0.247901 0.222471 0.211800 0.196780 0.222332 0.173447 0.242654 0.241007 0.236051 0.288418 0.245872 0.334953 0.288950 0.364986 0.357033 0.270538 0.315691 0.256635 0.350708 0.191480 0.308222 0.334240 0.314053 0.237661 0.245035 0.212379 0.285341 0.246328 0.309942 0.317749 0.237120 0.223957 0.285070 0.312493 0.309978 0.356719 
0.184108 0.000000 0.134099 0.157057 0.286456 0.307186 0.212295 0.253182 0.199009 0.236458 0.210977 0.211751 0.199512 0.230736 0.256900 0.236871 0.174240 0.222967 0.247568 0.371856 0.211039 0.339942 0.394929 0.478682 0.468915 0.459651 0.516339 0.431600 0.455640 0.479326 0.393689 0.390715 0.422706 0.470866 0.415479 0.460513 0.370412 0.367711 0.481342 0.388509 0.485327 0.233070 0.263788 0.221934 0.254359 0.313844 0.265548 0.219027 0.263093 0.275804 0.177167 0.364566 0.323806 0.338119 0.264914 0.277465 0.295988 0.400825 0.310823 0.446294 0.410452 0.288536 0.445275 0.451765 0.247665 0.405735 0.433619 0.248469 0.262765 0.141716 0.166968 0.208651 0.223198 0.203768 0.317583 0.362998 0.341657 0.297330 0.220797 0.183802 0.200850 0.220132 0.623309 0.596260 0.340921 0.381868 0.302110 0.407619 0.431665 0.290799 0.685230 0.515631 0.335401 0.373059 0.481258 0.254268 0.218166 0.273380 0.261454 0.242214 0.247713 0.261616 0.240839 0.264508 0.265856 0.281656 0.263112 0.254741 0.248984 0.140385 0.163162 0.152893 0.166410 0.160362 0.166965 0.142856 0.192974 0.174850 0.248479 0.264153 0.259053 0.295618 0.251129 0.249293 0.280091 0.282970 0.232343 0.274118 0.270504 0.301405 0.300755 0.263172 0.288853 0.225135 0.324873 0.283520 0.239473 0.278591 0.275567 0.245220 0.248733 0.294051 0.283047 0.333187 0.198892 0.249831 0.283430 0.259083 0.458499 0.232572 0.247533 0.202370 0.228273 0.226402 0.403204 0.325934 0.227584 0.149983 0.227337 0.196155 0.250381 0.287742 0.298669 0.304210 0.348829 0.236914 0.329690 0.297318 0.344448 0.345341 0.316603 0.325868 0.315725 0.221328 0.240364 0.213751 0.236040 0.189234 0.278866 0.236243 0.204603 0.221111 0.147102 0.165211 0.176738 0.218651 0.240266 0.186693 0.218647 0.183821 0.207391 0.211839 0.120991 0.146302 0.160747 0.205291 0.156580 0.149838 0.245263 0.123397 0.179370 0.181911 0.277207 0.177268 0.203892 0.185267 0.218746 0.254914 0.222937 0.193120 0.228779 0.191765 0.237807 0.135011 0.194795 0.178405 0.160282 0.194228 0.156960 0.218839 0.224621 0.310020 0.250148 0.348646 0.341151 0.212683 0.251409 0.214441 0.273450 0.171617 0.277397 0.315660 0.278891 0.220003 0.153327 0.195050 0.233856 0.210063 0.311456 0.336128 0.233474 0.210802 0.269947 0.271161 0.284495 0.325259 
0.194748 0.134099 0.000000 0.103749 0.261703 0.289127 0.228710 0.245224 0.184753 0.206467 0.182486 0.214594 0.187539 0.177393 0.226732 0.174444 0.190319 0.164601 0.239402 0.372382 0.208046 0.323707 0.394986 0.481263 0.472177 0.460227 0.516086 0.433215 0.453801 0.482831 0.397900 0.390873 0.429108 0.489067 0.420881 0.460720 0.365486 0.364612 0.477395 0.384295 0.480827 0.219168 0.266540 0.206294 0.231214 0.278970 0.211064 0.193927 0.219566 0.277706 0.226418 0.382878 0.328649 0.359999 0.269165 0.288119 0.274958 0.406447 0.311874 0.427765 0.394140 0.287011 0.417834 0.438319 0.278947 0.400457 0.434751 0.230606 0.191022 0.151215 0.170266 0.149589 0.173223 0.138639 0.378514 0.379604 0.361835 0.297841 0.257722 0.222896 0.134406 0.165786 0.641969 0.641085 0.354930 0.364560 0.340488 0.398159 0.438740 0.294793 0.706199 0.527051 0.347351 0.387512 0.519277 0.244309 0.224832 0.255493 0.255852 0.211473 0.240530 0.251102 0.233782 0.237801 0.239689 0.247321 0.245933 0.228598 0.252881 0.158425 0.172197 0.157051 0.155781 0.127019 0.121165 0.123237 0.190595 0.165039 0.232287 0.236606 0.260683 0.294991 0.237778 0.205109 0.263311 0.260642 0.219690 0.257362 0.234760 0.300540 0.265148 0.259799 0.274414 0.205658 0.304502 0.267158 0.239307 0.270314 0.279597 0.252829 0.246275 0.253645 0.270858 0.327140 0.175645 0.217849 0.246225 0.171595 0.464272 0.195227 0.232666 0.184470 0.199846 0.164553 0.376615 0.294620 0.187658 0.126351 0.177841 0.146724 0.241220 0.252101 0.235076 0.271368 0.300974 0.188470 0.377516 0.313066 0.346367 0.368260 0.339571 0.375122 0.364818 0.247695 0.250576 0.192545 0.218985 0.206102 0.274247 0.254486 0.220297 0.232602 0.169851 0.172526 0.194471 0.230706 0.241429 0.180194 0.210013 0.231167 0.211151 0.245109 0.173852 0.156167 0.155904 0.199210 0.142028 0.155649 0.244142 0.125518 0.173077 0.186626 0.265267 0.201429 0.186939 0.192562 0.249748 0.254042 0.191807 0.149360 0.223117 0.156979 0.227195 0.124155 0.205331 0.157509 0.167251 0.140969 0.166686 0.189662 0.210188 0.264857 0.251026 0.309034 0.346103 0.197848 0.250773 0.193333 0.268902 0.170846 0.263030 0.319076 0.264768 0.220749 0.217611 0.186952 0.227636 0.196945 0.264962 0.295325 0.212340 0.219400 0.245810 0.207669 0.264029 0.295215 
0.167121 0.157057 0.103749 0.000000 0.203985 0.244400 0.243546 0.241393 0.206210 0.210292 0.209070 0.236581 0.199056 0.219329 0.232398 0.210724 0.215111 0.182812 0.240351 0.344824 0.189258 0.307129 0.372006 0.452736 0.446153 0.438327 0.494139 0.412802 0.442908 0.461085 0.375869 0.368675 0.398694 0.466526 0.400914 0.438718 0.344203 0.342278 0.455942 0.362561 0.459332 0.207756 0.259774 0.225834 0.208332 0.285833 0.239983 0.207554 0.237143 0.262205 0.235952 0.379465 0.311553 0.326634 0.250588 0.309794 0.252561 0.360914 0.290579 0.417819 0.358737 0.256763 0.368268 0.401976 0.283112 0.396185 0.416687 0.244686 0.184265 0.169373 0.178094 0.158811 0.186697 0.166075 0.370645 0.375205 0.363966 0.303853 0.260127 0.250193 0.134845 0.154894 0.604294 0.638196 0.338324 0.376971 0.371229 0.375870 0.470145 0.311389 0.684522 0.549508 0.354619 0.393766 0.507603 0.252343 0.203903 0.246409 0.248618 0.219678 0.211836 0.245184 0.221436 0.235892 0.233323 0.248855 0.216794 0.244145 0.226459 0.186335 0.191496 0.186588 0.180164 0.148376 0.143298 0.130130 0.195348 0.178915 0.243317 0.242979 0.254254 0.297254 0.247959 0.243787 0.272377 0.275675 0.232791 0.273625 0.249422 0.295359 0.281448 0.257597 0.277714 0.219075 0.318428 0.275443 0.233260 0.293360 0.280686 0.241729 0.241620 0.274217 0.276438 0.334192 0.214755 0.235631 0.219223 0.202644 0.439727 0.201698 0.227196 0.174624 0.200321 0.205787 0.388683 0.318439 0.197912 0.177525 0.207336 0.175782 0.256101 0.282530 0.263158 0.297547 0.297977 0.227109 0.387400 0.302415 0.360527 0.364646 0.338891 0.382936 0.372324 0.249416 0.255577 0.226353 0.243303 0.223093 0.267378 0.265792 0.229100 0.243577 0.180166 0.199293 0.169758 0.251726 0.250868 0.175608 0.252615 0.266935 0.210046 0.245628 0.191780 0.188145 0.170345 0.186411 0.154819 0.185238 0.238400 0.139351 0.177582 0.217265 0.292551 0.214925 0.207478 0.228512 0.265130 0.252164 0.189319 0.179015 0.243399 0.189055 0.221143 0.173556 0.226654 0.168287 0.191237 0.176667 0.195839 0.226756 0.224496 0.287403 0.269908 0.309695 0.337426 0.235141 0.277635 0.226515 0.306968 0.166477 0.264181 0.304653 0.272483 0.215610 0.222240 0.185681 0.260505 0.227620 0.273194 0.321964 0.212478 0.216828 0.249535 0.240951 0.263110 0.301739 
0.266792 0.286456 0.261703 0.203985 0.000000 0.134196 0.290866 0.347965 0.349919 0.368276 0.357020 0.357713 0.351656 0.312328 0.328616 0.333878 0.351055 0.342684 0.342795 0.363112 0.286130 0.361832 0.365924 0.433701 0.422790 0.407085 0.465960 0.395337 0.413118 0.435159 0.356590 0.382821 0.407115 0.461964 0.369048 0.417309 0.361442 0.364121 0.433328 0.363811 0.437942 0.324470 0.346968 0.325081 0.366659 0.367528 0.370722 0.337549 0.353722 0.304591 0.291571 0.341485 0.329318 0.331548 0.309958 0.345072 0.279274 0.266703 0.296060 0.317487 0.265582 0.257777 0.308530 0.294016 0.277054 0.305533 0.308304 0.202984 0.199629 0.252277 0.276213 0.305419 0.303133 0.313282 0.335598 0.337224 0.283380 0.284703 0.240261 0.236416 0.247426 0.210402 0.478117 0.548083 0.259471 0.360790 0.344262 0.360214 0.415731 0.270980 0.548515 0.448820 0.291929 0.376705 0.382220 0.332809 0.323625 0.362617 0.314163 0.345246 0.325232 0.330204 0.349687 0.340253 0.357412 0.378046 0.360661 0.358776 0.359075 0.241776 0.267477 0.225564 0.273804 0.250226 0.275709 0.284578 0.272197 0.259172 0.352423 0.361090 0.366359 0.411208 0.356587 0.356815 0.409650 0.399719 0.346837 0.372335 0.363477 0.411484 0.409968 0.350380 0.394409 0.338231 0.430525 0.391531 0.359169 0.402515 0.373980 0.336824 0.370776 0.402643 0.400454 0.292028 0.326447 0.308163 0.215882 0.335499 0.332358 0.342231 0.313192 0.301766 0.318789 0.303684 0.310515 0.463133 0.359625 0.303029 0.321728 0.333822 0.373597 0.393883 0.419919 0.432289 0.322658 0.314669 0.351528 0.290904 0.332465 0.327126 0.316425 0.338986 0.319611 0.279877 0.304153 0.285908 0.290684 0.255953 0.302673 0.278161 0.283138 0.229586 0.299803 0.304573 0.288492 0.226125 0.252292 0.240414 0.275822 0.281610 0.241503 0.262757 0.271995 0.273260 0.246223 0.275672 0.275395 0.265908 0.373561 0.226614 0.214850 0.289423 0.384481 0.275814 0.293916 0.285440 0.331372 0.387837 0.333882 0.344367 0.338430 0.325314 0.250384 0.303485 0.335961 0.264720 0.331536 0.325738 0.326414 0.315149 0.263154 0.409373 0.365884 0.289209 0.323880 0.335804 0.352533 0.345175 0.400091 0.289400 0.302241 0.238348 0.303480 0.286995 0.262118 0.303841 0.368496 0.332143 0.274604 0.268418 0.319370 0.306635 0.371974 0.383866 0.318856 0.315618 
0.286896 0.307186 0.289127 0.244400 0.134196 0.000000 0.296266 0.358598 0.354767 0.389372 0.377108 0.345203 0.367998 0.353335 0.366696 0.385960 0.375922 0.335443 0.363039 0.368315 0.329407 0.379218 0.407734 0.444588 0.445965 0.441423 0.482247 0.440668 0.444924 0.439905 0.378568 0.446772 0.442443 0.497457 0.381676 0.449837 0.417503 0.424231 0.453117 0.426130 0.463706 0.397937 0.393627 0.373925 0.422889 0.415715 0.441182 0.413308 0.417936 0.328571 0.353741 0.379618 0.364504 0.352212 0.379650 0.349714 0.310883 0.291120 0.337953 0.326543 0.314863 0.300833 0.313365 0.339994 0.323663 0.339676 0.376200 0.234248 0.219561 0.287048 0.322694 0.335898 0.330918 0.347003 0.366698 0.355694 0.331242 0.315168 0.293973 0.292565 0.300506 0.273634 0.458027 0.548159 0.265089 0.336273 0.330346 0.350469 0.400858 0.275704 0.524302 0.456199 0.303169 0.365156 0.403313 0.340137 0.376447 0.387519 0.387188 0.411777 0.388948 0.381987 0.420013 0.408242 0.425419 0.446128 0.424444 0.434606 0.415824 0.278305 0.300393 0.253188 0.315884 0.291655 0.305445 0.301465 0.294328 0.274345 0.407882 0.402983 0.412752 0.463191 0.420532 0.407405 0.453432 0.452973 0.396348 0.421733 0.415681 0.464425 0.459046 0.401875 0.447288 0.401956 0.483140 0.445454 0.416820 0.438267 0.426648 0.381115 0.437583 0.451277 0.453536 0.311990 0.336316 0.340826 0.226515 0.380814 0.336351 0.360958 0.334299 0.350913 0.360970 0.339751 0.332941 0.486515 0.398247 0.322623 0.360399 0.367474 0.386606 0.410990 0.454217 0.462680 0.336166 0.316388 0.372413 0.332217 0.361844 0.350688 0.346771 0.372270 0.363409 0.327233 0.324838 0.328763 0.324686 0.292339 0.335810 0.321557 0.323321 0.296716 0.318541 0.328289 0.326580 0.272093 0.260330 0.280434 0.293272 0.310598 0.278417 0.307072 0.289925 0.287972 0.279690 0.303193 0.304298 0.293037 0.384658 0.266925 0.264187 0.316278 0.417721 0.314571 0.322760 0.318428 0.362181 0.401582 0.345284 0.358769 0.340231 0.344725 0.276590 0.327943 0.366388 0.313407 0.345958 0.365533 0.353905 0.329369 0.292929 0.454984 0.385652 0.309270 0.315371 0.325292 0.352426 0.357554 0.402437 0.298663 0.318268 0.246050 0.327966 0.325854 0.299597 0.359023 0.366031 0.325922 0.257759 0.274212 0.361205 0.333811 0.405687 0.432834 0.353263 0.344778 
0.245910 0.212295 0.228710 0.243546 0.290866 0.296266 0.000000 0.190962 0.167301 0.211715 0.174409 0.199696 0.213762 0.202539 0.217894 0.222436 0.152499 0.202971 0.201327 0.274831 0.200757 0.278034 0.355736 0.414218 0.415820 0.407392 0.457553 0.400479 0.399285 0.409348 0.343122 0.374528 0.371226 0.427540 0.362968 0.405753 0.327097 0.338106 0.419930 0.354409 0.423585 0.253259 0.261863 0.240673 0.274806 0.243276 0.279561 0.249497 0.252866 0.200880 0.172452 0.272398 0.243466 0.241971 0.184719 0.163277 0.160386 0.351075 0.239693 0.460106 0.371725 0.274580 0.416941 0.408338 0.219938 0.333225 0.390656 0.234729 0.252039 0.141592 0.177013 0.209497 0.209988 0.216769 0.288878 0.281625 0.295799 0.276352 0.222099 0.178187 0.238581 0.248639 0.511599 0.478657 0.194600 0.235079 0.168820 0.281913 0.310064 0.183008 0.566014 0.374544 0.155165 0.221314 0.358609 0.197691 0.236681 0.287885 0.269320 0.267645 0.276072 0.266831 0.290771 0.261493 0.278492 0.299797 0.289444 0.289010 0.260383 0.209091 0.180227 0.169090 0.214143 0.208211 0.236032 0.209595 0.202334 0.224577 0.229309 0.254444 0.252420 0.285933 0.245706 0.244671 0.275834 0.266374 0.214965 0.262235 0.254974 0.288688 0.282049 0.232751 0.261679 0.222279 0.296827 0.273104 0.248185 0.263913 0.258174 0.211768 0.275235 0.259757 0.273337 0.197607 0.157211 0.200252 0.228371 0.252410 0.332934 0.195784 0.186375 0.213716 0.202758 0.176724 0.262570 0.314563 0.252950 0.170184 0.201742 0.219799 0.205319 0.232757 0.281689 0.307882 0.255692 0.189727 0.345627 0.269846 0.334106 0.310469 0.328385 0.349077 0.375734 0.197574 0.199617 0.162275 0.187882 0.164423 0.203070 0.205606 0.181772 0.254746 0.156679 0.183108 0.200014 0.189902 0.197610 0.146271 0.222415 0.164788 0.180008 0.177738 0.184581 0.189276 0.176132 0.179183 0.204831 0.200360 0.239380 0.184222 0.178256 0.167954 0.232836 0.156569 0.162335 0.168716 0.178435 0.284342 0.202334 0.240119 0.133314 0.217718 0.236380 0.178445 0.229103 0.216698 0.195557 0.244358 0.226964 0.165115 0.183348 0.279645 0.181728 0.220776 0.250252 0.165960 0.190924 0.182338 0.190636 0.219924 0.206070 0.201159 0.169950 0.241845 0.180142 0.254751 0.181587 0.173010 0.268873 0.227813 0.205298 0.237486 0.242237 0.270343 0.222295 0.210090 
0.273132 0.253182 0.245224 0.241393 0.347965 0.358598 0.190962 0.000000 0.145892 0.189332 0.172698 0.145768 0.222313 0.160788 0.169922 0.176466 0.186987 0.196808 0.123694 0.294000 0.183646 0.213176 0.327902 0.391607 0.391997 0.376790 0.440744 0.377179 0.417228 0.388384 0.332317 0.328902 0.340344 0.415674 0.327854 0.391867 0.332793 0.340126 0.435105 0.365312 0.449864 0.202262 0.253956 0.163372 0.226345 0.228880 0.219759 0.219084 0.158122 0.249189 0.241666 0.364980 0.265125 0.263407 0.230688 0.276109 0.215529 0.446890 0.304397 0.551131 0.467259 0.263681 0.468364 0.514500 0.324529 0.419316 0.505623 0.344099 0.305445 0.187993 0.184735 0.196738 0.133000 0.197328 0.398411 0.380857 0.411244 0.372020 0.333055 0.293573 0.273179 0.296484 0.677665 0.565701 0.290561 0.263835 0.237540 0.238275 0.389169 0.265568 0.727417 0.489029 0.270248 0.242661 0.457893 0.140593 0.213280 0.247102 0.243181 0.250291 0.202712 0.173362 0.265303 0.234237 0.253148 0.288501 0.237334 0.269350 0.209429 0.249152 0.195775 0.212406 0.219667 0.169598 0.206831 0.174123 0.167390 0.181313 0.161664 0.184697 0.164922 0.251461 0.207216 0.208300 0.201524 0.206694 0.163322 0.229929 0.175064 0.200707 0.205152 0.194349 0.184865 0.169785 0.197184 0.172271 0.196857 0.233772 0.229742 0.148836 0.209637 0.178911 0.227091 0.275231 0.168627 0.159385 0.319761 0.217562 0.403987 0.130366 0.121847 0.180657 0.165523 0.198100 0.346586 0.238132 0.166452 0.213244 0.145322 0.169733 0.161498 0.232275 0.209411 0.210068 0.330010 0.192524 0.441025 0.356434 0.431486 0.412536 0.425009 0.454396 0.443731 0.310017 0.284695 0.256066 0.291312 0.291701 0.288719 0.320924 0.268085 0.311068 0.169559 0.209516 0.127662 0.307572 0.219375 0.187208 0.259275 0.247441 0.253130 0.249689 0.241720 0.232867 0.208788 0.199084 0.215487 0.247854 0.113142 0.195421 0.221448 0.240464 0.282231 0.253096 0.223376 0.252076 0.267294 0.196574 0.149313 0.210532 0.227032 0.216108 0.231137 0.210668 0.265936 0.211344 0.227109 0.210479 0.265115 0.269932 0.307144 0.230430 0.248451 0.240798 0.334173 0.260080 0.299539 0.231058 0.291006 0.172813 0.189965 0.326534 0.241956 0.231765 0.280294 0.243606 0.204884 0.246766 0.349104 0.277709 0.141957 0.216834 0.161408 0.207871 0.148445 0.217462 
0.254770 0.199009 0.184753 0.206210 0.349919 0.354767 0.167301 0.145892 0.000000 0.155684 0.064239 0.072082 0.105507 0.133615 0.161501 0.139455 0.156494 0.139744 0.157267 0.267484 0.200364 0.260325 0.364647 0.428898 0.439272 0.421244 0.478542 0.403200 0.411263 0.425468 0.358636 0.365801 0.377101 0.446147 0.371424 0.411504 0.323036 0.330954 0.434609 0.358803 0.437876 0.200707 0.218908 0.164795 0.200146 0.235935 0.203797 0.165817 0.173138 0.188389 0.212668 0.325546 0.224447 0.238201 0.229011 0.236118 0.236610 0.453922 0.314681 0.557232 0.478724 0.284485 0.505179 0.508982 0.290651 0.409973 0.496319 0.326370 0.290639 0.168259 0.171257 0.184903 0.168871 0.172417 0.396224 0.355251 0.410823 0.372573 0.307953 0.267257 0.243203 0.287233 0.635146 0.572722 0.291587 0.259290 0.242260 0.271763 0.418703 0.243021 0.665257 0.492342 0.266760 0.294201 0.465361 0.155209 0.190709 0.236548 0.235520 0.203193 0.227888 0.222384 0.221968 0.218984 0.229170 0.235870 0.228874 0.213283 0.215755 0.234870 0.214914 0.216669 0.201418 0.179531 0.184244 0.149611 0.197203 0.205846 0.143761 0.156021 0.178476 0.195874 0.168899 0.153665 0.181002 0.181118 0.133490 0.189244 0.185104 0.210516 0.198057 0.174606 0.189511 0.143275 0.228075 0.195268 0.167932 0.190893 0.203570 0.162411 0.193725 0.169285 0.182942 0.294479 0.154026 0.192183 0.320882 0.227373 0.424235 0.125090 0.153268 0.156014 0.171743 0.175675 0.342175 0.221230 0.160596 0.140486 0.129022 0.151643 0.185960 0.215818 0.205834 0.206702 0.319973 0.164113 0.419809 0.341268 0.403869 0.404954 0.416710 0.430765 0.451165 0.274401 0.271228 0.214945 0.248158 0.250680 0.259356 0.282731 0.253096 0.313166 0.163707 0.219108 0.181395 0.271802 0.243099 0.175425 0.272651 0.196403 0.244719 0.220808 0.212269 0.217421 0.204526 0.195357 0.198235 0.222771 0.136753 0.173696 0.206108 0.243968 0.285764 0.241475 0.220013 0.235633 0.222824 0.162259 0.118625 0.135282 0.175545 0.226352 0.261434 0.168896 0.229775 0.203801 0.140654 0.180167 0.184812 0.227491 0.279813 0.237299 0.218920 0.256395 0.339808 0.200925 0.251270 0.205887 0.219722 0.188802 0.221635 0.314887 0.199741 0.227915 0.220261 0.197295 0.139798 0.196605 0.320032 0.295402 0.146631 0.193152 0.166819 0.180103 0.194052 0.220126 
0.246713 0.236458 0.206467 0.210292 0.368276 0.389372 0.211715 0.189332 0.155684 0.000000 0.152151 0.187850 0.113073 0.237777 0.220136 0.223830 0.148696 0.088476 0.176611 0.318939 0.210641 0.326242 0.415185 0.477836 0.452900 0.474785 0.526538 0.470287 0.485547 0.494172 0.409541 0.412926 0.428420 0.474813 0.442432 0.481278 0.380575 0.387367 0.479846 0.410588 0.494449 0.265607 0.297715 0.270269 0.247758 0.319035 0.265552 0.246974 0.186444 0.266191 0.257326 0.367440 0.299800 0.301042 0.229095 0.268106 0.240365 0.433638 0.293468 0.564524 0.446721 0.299585 0.466417 0.494235 0.300201 0.399897 0.474081 0.327459 0.299327 0.214296 0.181558 0.159225 0.136642 0.164318 0.384176 0.376463 0.423442 0.360283 0.313731 0.300753 0.259016 0.289598 0.601384 0.567014 0.313808 0.328700 0.296116 0.363431 0.424644 0.303549 0.677520 0.514279 0.322907 0.296619 0.476502 0.247426 0.232859 0.322898 0.307467 0.280202 0.290913 0.287273 0.300835 0.280300 0.293168 0.316306 0.266417 0.305069 0.229317 0.267421 0.227757 0.249609 0.242604 0.203226 0.221179 0.163339 0.235198 0.219142 0.221745 0.221460 0.201563 0.264434 0.228210 0.250076 0.211072 0.253429 0.220287 0.287734 0.247629 0.236915 0.222766 0.250231 0.244640 0.219774 0.251162 0.202043 0.230158 0.273846 0.285375 0.228715 0.237544 0.215497 0.262538 0.343743 0.189437 0.233144 0.335998 0.226674 0.466982 0.213636 0.249338 0.245292 0.259760 0.215801 0.374687 0.238828 0.216877 0.192021 0.203209 0.119884 0.195511 0.232800 0.219455 0.168557 0.341190 0.199105 0.426227 0.353964 0.412827 0.412056 0.405213 0.453551 0.471724 0.288907 0.258487 0.255646 0.289486 0.280469 0.276094 0.306586 0.265783 0.337524 0.194804 0.246601 0.179376 0.280710 0.273979 0.204108 0.301747 0.264695 0.213968 0.214139 0.202886 0.257713 0.226005 0.170807 0.168309 0.253329 0.166256 0.213655 0.251809 0.245723 0.267525 0.265966 0.226047 0.255402 0.229395 0.176735 0.179051 0.182872 0.185545 0.196752 0.246208 0.163703 0.180746 0.165284 0.191890 0.187967 0.200231 0.215729 0.262120 0.220526 0.229451 0.312409 0.322625 0.230499 0.257611 0.198835 0.263217 0.217810 0.260252 0.304384 0.222394 0.216943 0.253504 0.190189 0.215157 0.186856 0.313155 0.286336 0.148021 0.202569 0.176169 0.257811 0.271182 0.311772 
0.252985 0.210977 0.182486 0.209070 0.357020 0.377108 0.174409 0.172698 0.064239 0.152151 0.000000 0.106006 0.134475 0.124281 0.175349 0.137432 0.154451 0.149303 0.170112 0.280769 0.191186 0.272427 0.352268 0.432133 0.439898 0.413759 0.471187 0.400483 0.412031 0.425281 0.355482 0.363611 0.377503 0.440365 0.372508 0.410509 0.297523 0.308641 0.415922 0.326803 0.408318 0.182575 0.211757 0.170926 0.184342 0.210412 0.185168 0.147230 0.174281 0.202715 0.209613 0.312100 0.225097 0.244849 0.207756 0.249281 0.253145 0.443738 0.312718 0.551907 0.465868 0.300654 0.509432 0.505152 0.285389 0.408911 0.480050 0.318416 0.291143 0.171355 0.176543 0.194394 0.190344 0.179139 0.382412 0.348018 0.398988 0.362475 0.302914 0.264955 0.236608 0.279621 0.636400 0.595585 0.303839 0.271306 0.260948 0.291714 0.424435 0.252372 0.676962 0.506010 0.276739 0.309115 0.478009 0.159918 0.181267 0.241750 0.238118 0.193754 0.228090 0.225109 0.212155 0.192693 0.205814 0.213199 0.212547 0.201567 0.213340 0.234979 0.219072 0.220947 0.210423 0.190708 0.181593 0.168286 0.212062 0.221408 0.150808 0.158660 0.176389 0.185781 0.149828 0.147135 0.160318 0.163928 0.147542 0.178607 0.179108 0.208829 0.184106 0.184728 0.178630 0.137280 0.219376 0.173703 0.148537 0.180686 0.191816 0.175589 0.169652 0.156379 0.160499 0.309525 0.151729 0.192766 0.323223 0.230925 0.437836 0.134607 0.154496 0.162652 0.179301 0.182043 0.354016 0.208569 0.178985 0.142605 0.136179 0.155053 0.204988 0.221371 0.207448 0.211963 0.328775 0.191031 0.419244 0.334010 0.402936 0.392121 0.407408 0.433098 0.447013 0.264698 0.272775 0.215526 0.248615 0.247300 0.256397 0.282942 0.246399 0.315588 0.173931 0.223457 0.197781 0.261055 0.248268 0.167155 0.271125 0.199766 0.246851 0.215605 0.206607 0.228574 0.205158 0.204815 0.182987 0.219472 0.163292 0.175562 0.208976 0.242286 0.278766 0.234458 0.220752 0.235003 0.230337 0.192810 0.152257 0.146663 0.190031 0.232882 0.285673 0.176528 0.231089 0.214670 0.135523 0.169433 0.192092 0.234900 0.290080 0.241529 0.232962 0.281241 0.363958 0.225430 0.264764 0.220665 0.236515 0.216062 0.243350 0.327530 0.226286 0.243485 0.228372 0.215147 0.163100 0.208613 0.337324 0.315323 0.166976 0.232244 0.167574 0.190971 0.207445 0.248125 
0.254874 0.211751 0.214594 0.236581 0.357713 0.345203 0.199696 0.145768 0.072082 0.187850 0.106006 0.000000 0.140089 0.127567 0.178291 0.149204 0.186888 0.152400 0.150497 0.298917 0.203248 0.248301 0.363809 0.425575 0.450892 0.415526 0.474163 0.408258 0.416362 0.411223 0.357868 0.376284 0.372034 0.427889 0.347608 0.421384 0.345974 0.356397 0.448313 0.377500 0.452014 0.215788 0.228864 0.155132 0.223186 0.238637 0.217677 0.181992 0.188006 0.227671 0.226132 0.352564 0.253964 0.261969 0.261820 0.256905 0.265646 0.477993 0.346461 0.569407 0.495166 0.306282 0.531660 0.534447 0.311129 0.458130 0.531390 0.343272 0.290372 0.195035 0.202277 0.199120 0.164201 0.210876 0.431532 0.386561 0.446521 0.408291 0.341061 0.280849 0.264683 0.306325 0.669410 0.593638 0.299344 0.275767 0.258023 0.288368 0.427750 0.266238 0.707614 0.508665 0.300302 0.300064 0.483994 0.137220 0.210500 0.215985 0.250527 0.222161 0.227365 0.218086 0.237867 0.231184 0.243554 0.254577 0.251564 0.237000 0.225629 0.224695 0.236615 0.237033 0.221823 0.184263 0.185054 0.172680 0.198895 0.207504 0.156772 0.164259 0.176441 0.204115 0.174632 0.173535 0.212012 0.198960 0.152927 0.205519 0.199400 0.213194 0.205177 0.196128 0.208397 0.166385 0.231570 0.190469 0.188410 0.189445 0.224186 0.188068 0.215125 0.178200 0.200709 0.314473 0.166955 0.207794 0.337373 0.254723 0.447511 0.138725 0.144877 0.159582 0.180597 0.204260 0.359043 0.215977 0.178596 0.161531 0.134393 0.172565 0.189339 0.245132 0.229881 0.200277 0.355380 0.192313 0.452866 0.376556 0.433392 0.425439 0.450924 0.460116 0.471264 0.312372 0.315782 0.255205 0.295136 0.284098 0.305144 0.319404 0.294093 0.334486 0.184743 0.240838 0.200383 0.319113 0.233576 0.198187 0.267434 0.228759 0.280985 0.267978 0.248243 0.248197 0.232682 0.236792 0.227245 0.233171 0.151217 0.190664 0.212971 0.275909 0.324582 0.277886 0.255373 0.257291 0.234173 0.165823 0.162843 0.128420 0.209393 0.269400 0.259613 0.193875 0.248684 0.218113 0.148963 0.205414 0.185608 0.255748 0.321058 0.286478 0.260067 0.278906 0.378809 0.255370 0.315397 0.269807 0.279172 0.203028 0.240484 0.360752 0.242443 0.223691 0.250220 0.208536 0.162010 0.246646 0.357095 0.313361 0.168154 0.205431 0.147433 0.187734 0.185382 0.237925 
0.228331 0.199512 0.187539 0.199056 0.351656 0.367998 0.213762 0.222313 0.105507 0.113073 0.134475 0.140089 0.000000 0.212866 0.216248 0.197025 0.167852 0.104338 0.187830 0.290468 0.191412 0.300673 0.405988 0.481621 0.466333 0.469341 0.523910 0.447159 0.465975 0.482762 0.397781 0.405280 0.428919 0.459067 0.423420 0.470066 0.376415 0.381454 0.487864 0.397423 0.487636 0.242378 0.278569 0.245973 0.242391 0.309124 0.253842 0.210832 0.228350 0.233177 0.229979 0.366329 0.259556 0.268019 0.252080 0.272089 0.255580 0.440550 0.312216 0.553178 0.462383 0.284418 0.487790 0.496356 0.302295 0.419518 0.477492 0.325062 0.292214 0.191401 0.176468 0.172640 0.179816 0.174506 0.402905 0.381021 0.436383 0.381686 0.305840 0.294365 0.244429 0.279736 0.632662 0.568727 0.309091 0.304048 0.297020 0.340881 0.434915 0.256524 0.677284 0.514318 0.312994 0.318602 0.472711 0.225529 0.221201 0.280639 0.279338 0.248709 0.268461 0.283371 0.266811 0.265030 0.275259 0.281774 0.264928 0.268431 0.233282 0.243198 0.236108 0.241368 0.231474 0.199123 0.195013 0.157174 0.230246 0.210678 0.207514 0.215214 0.216100 0.246000 0.215350 0.227904 0.240683 0.261538 0.211498 0.270674 0.263935 0.261570 0.226915 0.241489 0.271034 0.207399 0.287458 0.242651 0.230241 0.270170 0.267737 0.240445 0.241796 0.237548 0.256538 0.336623 0.205550 0.239884 0.317666 0.240337 0.454052 0.213807 0.229283 0.207711 0.225832 0.208315 0.372011 0.261143 0.214600 0.167037 0.206039 0.139272 0.216281 0.252523 0.236617 0.221314 0.349662 0.187197 0.421595 0.368196 0.420933 0.419427 0.416234 0.447757 0.446255 0.291942 0.292408 0.265382 0.293058 0.284992 0.297377 0.316091 0.290554 0.311305 0.211311 0.256320 0.201578 0.276765 0.257924 0.213066 0.276964 0.240314 0.246799 0.234070 0.196434 0.223957 0.227642 0.210129 0.184577 0.245779 0.190312 0.201092 0.228682 0.260749 0.301452 0.267241 0.243595 0.254439 0.240727 0.166812 0.182701 0.137204 0.185340 0.238903 0.254069 0.173607 0.177780 0.173041 0.192578 0.206550 0.185593 0.247925 0.268182 0.249259 0.235129 0.302019 0.333600 0.221016 0.265692 0.212319 0.257196 0.197021 0.249624 0.319553 0.226348 0.204505 0.233717 0.178004 0.197591 0.204535 0.309984 0.307199 0.191274 0.177202 0.182602 0.241550 0.253588 0.275818 
0.285023 0.230736 0.177393 0.219329 0.312328 0.353335 0.202539 0.160788 0.133615 0.237777 0.124281 0.127567 0.212866 0.000000 0.151722 0.076085 0.213196 0.198242 0.158930 0.330559 0.173638 0.252049 0.292381 0.380047 0.409954 0.347649 0.418066 0.339602 0.350767 0.361257 0.302357 0.308822 0.322961 0.402023 0.304596 0.345631 0.261945 0.275760 0.379808 0.291221 0.373723 0.123918 0.172972 0.100493 0.147140 0.155567 0.107739 0.097832 0.122573 0.214864 0.207016 0.322425 0.232618 0.272126 0.217946 0.295612 0.253062 0.437119 0.311340 0.515427 0.446223 0.283559 0.499640 0.486759 0.297192 0.435552 0.489343 0.316126 0.277599 0.204049 0.211600 0.213513 0.180067 0.194773 0.404743 0.369097 0.393026 0.361911 0.301307 0.255675 0.207166 0.239334 0.700272 0.638457 0.337491 0.298642 0.283731 0.288121 0.417441 0.261366 0.743338 0.505550 0.291394 0.337482 0.504739 0.113978 0.172892 0.176573 0.170732 0.151301 0.157218 0.158389 0.154486 0.137236 0.148546 0.159481 0.167656 0.149957 0.195610 0.218844 0.204885 0.200938 0.192840 0.134515 0.161941 0.186239 0.204970 0.195830 0.126958 0.126344 0.148827 0.193930 0.122683 0.107127 0.160589 0.150512 0.112630 0.154292 0.123744 0.189970 0.166293 0.176155 0.164398 0.128518 0.191436 0.152299 0.138125 0.163259 0.175213 0.154642 0.164075 0.158899 0.166797 0.296881 0.142040 0.168559 0.325199 0.210974 0.467960 0.100345 0.116532 0.113338 0.142946 0.150247 0.361803 0.214164 0.132964 0.161358 0.067576 0.186331 0.212466 0.242451 0.191246 0.220618 0.344636 0.214245 0.424204 0.327989 0.398009 0.380673 0.397531 0.416855 0.414135 0.299387 0.301074 0.213941 0.262065 0.254296 0.286356 0.291583 0.259206 0.275322 0.191599 0.210973 0.198919 0.303895 0.241267 0.184494 0.237819 0.252848 0.265831 0.279103 0.253425 0.226378 0.196064 0.252232 0.217142 0.201443 0.180512 0.162681 0.218698 0.250182 0.292175 0.244664 0.227384 0.221394 0.277051 0.243948 0.202565 0.175151 0.257277 0.250823 0.283463 0.211090 0.272647 0.236425 0.179551 0.188946 0.215812 0.246567 0.330005 0.263208 0.270085 0.267855 0.401341 0.269834 0.320927 0.264602 0.291645 0.205543 0.247637 0.354883 0.235016 0.235901 0.277039 0.222058 0.220418 0.269572 0.378330 0.334959 0.198679 0.252569 0.142884 0.134718 0.148350 0.219255 
0.282307 0.256900 0.226732 0.232398 0.328616 0.366696 0.217894 0.169922 0.161501 0.220136 0.175349 0.178291 0.216248 0.151722 0.000000 0.157191 0.235285 0.228182 0.191912 0.291298 0.217910 0.229400 0.303624 0.387012 0.399403 0.380152 0.439874 0.355628 0.403236 0.393385 0.323890 0.301319 0.317109 0.415654 0.319258 0.393672 0.320643 0.323993 0.430090 0.323120 0.429505 0.211653 0.260423 0.172518 0.205683 0.239930 0.149094 0.207806 0.173151 0.197250 0.221641 0.336957 0.247734 0.249346 0.193595 0.283586 0.242930 0.429111 0.277836 0.522334 0.410662 0.245499 0.481133 0.454765 0.275044 0.391591 0.451972 0.348082 0.309049 0.212828 0.224337 0.225042 0.195173 0.191896 0.383815 0.366052 0.407126 0.335771 0.306135 0.284156 0.210064 0.228835 0.700734 0.603545 0.333985 0.293360 0.281411 0.294215 0.405073 0.240349 0.722476 0.486477 0.287003 0.292986 0.473554 0.194198 0.193973 0.211612 0.214449 0.204104 0.199297 0.166689 0.251554 0.211460 0.198037 0.227982 0.229261 0.210076 0.223186 0.259704 0.209271 0.212825 0.183997 0.147545 0.171808 0.194637 0.228476 0.203088 0.213216 0.199331 0.222693 0.303679 0.232330 0.205470 0.257794 0.244598 0.203398 0.267890 0.200904 0.270457 0.259665 0.256028 0.249797 0.200198 0.245397 0.240663 0.227638 0.276820 0.280783 0.212221 0.234586 0.243741 0.268092 0.224860 0.143473 0.141695 0.272224 0.167842 0.436708 0.161542 0.184476 0.149206 0.137722 0.150674 0.284545 0.296327 0.140961 0.177487 0.154046 0.199576 0.170405 0.228058 0.182782 0.268930 0.254108 0.218470 0.435387 0.317225 0.370549 0.380788 0.389154 0.427706 0.418748 0.274507 0.263373 0.207940 0.222296 0.266878 0.252277 0.282440 0.236094 0.286771 0.201793 0.222231 0.175973 0.295883 0.273038 0.182329 0.280219 0.264295 0.266785 0.257939 0.277147 0.205080 0.193732 0.239045 0.212696 0.218531 0.187058 0.189365 0.233814 0.251182 0.295501 0.272198 0.228605 0.242719 0.288932 0.230321 0.166883 0.199252 0.240655 0.218397 0.310184 0.255278 0.304807 0.258238 0.210985 0.191171 0.264862 0.253177 0.327102 0.191084 0.243032 0.224843 0.332318 0.225052 0.263595 0.189155 0.259673 0.173579 0.185792 0.320477 0.204710 0.282918 0.286327 0.267461 0.215063 0.229386 0.343509 0.315930 0.197492 0.254142 0.217481 0.196416 0.143453 0.186868 
0.279781 0.236871 0.174444 0.210724 0.333878 0.385960 0.222436 0.176466 0.139455 0.223830 0.137432 0.149204 0.197025 0.076085 0.157191 0.000000 0.187616 0.201069 0.169475 0.320049 0.170839 0.252866 0.311867 0.398317 0.421039 0.377278 0.445042 0.353842 0.379155 0.397059 0.331225 0.313905 0.349273 0.418346 0.342934 0.376777 0.300360 0.305727 0.411098 0.317044 0.411259 0.136546 0.204951 0.129266 0.141466 0.191992 0.102371 0.100874 0.114933 0.237681 0.210253 0.341352 0.252163 0.283869 0.217416 0.291627 0.243892 0.434484 0.287101 0.514320 0.446654 0.292297 0.481045 0.490863 0.317038 0.425896 0.476342 0.318242 0.280126 0.202623 0.196770 0.189763 0.201336 0.149425 0.413579 0.388561 0.411783 0.367943 0.311292 0.282366 0.199552 0.239157 0.696697 0.643500 0.348939 0.323323 0.301121 0.304225 0.450445 0.269572 0.753008 0.530956 0.309055 0.350584 0.517278 0.146942 0.165011 0.191152 0.185583 0.141183 0.169117 0.180052 0.159626 0.155130 0.159948 0.166960 0.163792 0.156945 0.171776 0.224232 0.212370 0.216530 0.194704 0.136393 0.151729 0.170319 0.223096 0.192947 0.144549 0.136613 0.174921 0.210759 0.140961 0.131002 0.173193 0.173818 0.139306 0.189210 0.155959 0.206081 0.185782 0.180536 0.185273 0.136578 0.196309 0.170612 0.163202 0.187960 0.211786 0.173813 0.189061 0.169191 0.189342 0.305014 0.147572 0.187946 0.320145 0.168106 0.498937 0.122533 0.155010 0.118130 0.154797 0.140554 0.353648 0.209851 0.106530 0.139229 0.086479 0.153938 0.214754 0.244280 0.135712 0.201491 0.338749 0.206280 0.437012 0.351382 0.415943 0.404123 0.412618 0.437823 0.414009 0.299434 0.296014 0.236286 0.273371 0.273709 0.297960 0.307812 0.274123 0.279213 0.198251 0.209454 0.198944 0.305658 0.267051 0.203091 0.256520 0.279463 0.271582 0.288511 0.265220 0.211037 0.212504 0.239778 0.216116 0.219342 0.191679 0.183404 0.226172 0.248460 0.275388 0.261293 0.233607 0.236753 0.288712 0.252595 0.210589 0.145776 0.259690 0.222964 0.281927 0.207330 0.265228 0.211233 0.192275 0.165701 0.210900 0.227938 0.296702 0.230116 0.230875 0.286358 0.378672 0.263757 0.306026 0.242270 0.274815 0.193510 0.236485 0.355632 0.245003 0.227249 0.284441 0.230189 0.221184 0.252677 0.363568 0.350833 0.198780 0.251786 0.137532 0.076103 0.158852 0.211449 
0.234636 0.174240 0.190319 0.215111 0.351055 0.375922 0.152499 0.186987 0.156494 0.148696 0.154451 0.186888 0.167852 0.213196 0.235285 0.187616 0.000000 0.138570 0.154513 0.310924 0.195133 0.284066 0.383309 0.459820 0.447748 0.449054 0.503057 0.433077 0.462616 0.472211 0.392648 0.382805 0.413198 0.444666 0.423425 0.450794 0.352886 0.357052 0.461413 0.377015 0.469101 0.237917 0.279205 0.231727 0.230406 0.281766 0.239395 0.224323 0.202878 0.278879 0.187827 0.360142 0.303145 0.303672 0.220728 0.216213 0.210295 0.395609 0.295360 0.506902 0.453251 0.314820 0.453322 0.508722 0.306660 0.396422 0.465275 0.245475 0.281438 0.171061 0.178908 0.143414 0.186345 0.143911 0.319995 0.376332 0.332783 0.311240 0.250650 0.226631 0.246099 0.277467 0.550210 0.529832 0.242547 0.319682 0.229585 0.357195 0.385845 0.245911 0.625842 0.457559 0.263518 0.277877 0.420543 0.214701 0.209826 0.298745 0.277344 0.248271 0.263098 0.257769 0.272775 0.248978 0.261492 0.287710 0.256423 0.268752 0.216039 0.221881 0.176857 0.200210 0.228762 0.201015 0.220954 0.175728 0.214301 0.182712 0.206910 0.221674 0.208060 0.235807 0.211736 0.222817 0.217691 0.220483 0.195738 0.245964 0.225543 0.229178 0.223751 0.221587 0.213563 0.189422 0.249042 0.221054 0.201157 0.246831 0.249386 0.206750 0.224430 0.191358 0.224500 0.275405 0.150932 0.203812 0.291839 0.228409 0.435474 0.183323 0.220023 0.224988 0.234623 0.188912 0.324747 0.257270 0.208890 0.162042 0.192879 0.150065 0.198360 0.210641 0.226005 0.212062 0.300397 0.188105 0.378736 0.318471 0.397417 0.376593 0.359897 0.376293 0.393419 0.254790 0.237071 0.229454 0.260273 0.220856 0.274495 0.265152 0.211153 0.291076 0.125874 0.150650 0.175736 0.242448 0.252211 0.165193 0.250501 0.192180 0.190415 0.184672 0.166942 0.195745 0.193167 0.198636 0.162031 0.221169 0.211657 0.194508 0.216342 0.156783 0.207309 0.167010 0.196402 0.191933 0.193202 0.240046 0.184811 0.187868 0.171026 0.198490 0.233214 0.119212 0.148483 0.143864 0.209699 0.193683 0.189582 0.172196 0.195048 0.254233 0.200638 0.313917 0.294729 0.212906 0.222284 0.179481 0.219399 0.209706 0.262317 0.261859 0.243356 0.224286 0.175764 0.223283 0.212442 0.170026 0.299803 0.304484 0.177113 0.246914 0.202571 0.231762 0.236777 0.293279 
0.231557 0.222967 0.164601 0.182812 0.342684 0.335443 0.202971 0.196808 0.139744 0.088476 0.149303 0.152400 0.104338 0.198242 0.228182 0.201069 0.138570 0.000000 0.151971 0.299221 0.188100 0.291925 0.407336 0.466752 0.455769 0.464603 0.515107 0.462035 0.466564 0.470260 0.392393 0.417004 0.414264 0.458312 0.413865 0.467701 0.367708 0.379688 0.472272 0.402766 0.479137 0.252073 0.282400 0.248630 0.247519 0.284060 0.255257 0.227508 0.205364 0.265509 0.248533 0.387423 0.288209 0.297608 0.257345 0.253588 0.229522 0.437178 0.315773 0.551830 0.459960 0.311826 0.470255 0.513246 0.327681 0.423792 0.500165 0.298740 0.260831 0.220936 0.194443 0.153079 0.123887 0.155060 0.409706 0.399129 0.426055 0.377609 0.320974 0.300431 0.241954 0.285285 0.577962 0.575067 0.269537 0.319673 0.291615 0.342122 0.417723 0.289129 0.663921 0.506896 0.316065 0.311679 0.468864 0.208442 0.225080 0.283798 0.296999 0.268374 0.274485 0.278093 0.288630 0.265482 0.277530 0.302533 0.271958 0.291321 0.230579 0.269958 0.226958 0.254710 0.246935 0.187552 0.211759 0.155050 0.225707 0.214196 0.206024 0.216075 0.194518 0.253834 0.212964 0.232575 0.214462 0.241374 0.204202 0.279050 0.251662 0.239627 0.200761 0.238889 0.246974 0.204694 0.266241 0.214791 0.222327 0.255211 0.271537 0.217191 0.245659 0.202856 0.253644 0.337377 0.170114 0.219516 0.304047 0.217977 0.440137 0.178710 0.214584 0.223534 0.239749 0.178511 0.352691 0.234363 0.204715 0.180248 0.176927 0.135618 0.187234 0.221328 0.216504 0.192156 0.323061 0.162468 0.428861 0.360635 0.430692 0.417128 0.410445 0.456346 0.468187 0.309923 0.284641 0.275185 0.308339 0.285582 0.301207 0.324602 0.279326 0.340405 0.190373 0.225980 0.187667 0.304632 0.246764 0.196429 0.291998 0.264885 0.223752 0.234986 0.214389 0.249988 0.231289 0.209202 0.192295 0.246026 0.180728 0.217279 0.258267 0.233654 0.250626 0.250931 0.230332 0.247924 0.238436 0.190131 0.185307 0.157478 0.180162 0.226381 0.235326 0.156638 0.177809 0.172449 0.189183 0.192958 0.177971 0.199032 0.233926 0.253580 0.234895 0.304951 0.338698 0.229621 0.268132 0.220943 0.263192 0.202787 0.273993 0.308479 0.242334 0.217979 0.252724 0.188489 0.203417 0.191426 0.289785 0.274467 0.188304 0.217926 0.155349 0.235497 0.244058 0.301176 
