242 242
0.000000 0.127113 0.107793 0.127559 0.216407 0.209313 0.176157 0.191787 0.188540 0.218882 0.175760 0.171072 0.175144 0.176688 0.158281 0.197717 0.191287 0.169907 0.215582 0.170976 0.164499 0.301229 0.174211 0.269632 0.274706 0.310506 0.324704 0.326908 0.359316 0.363560 0.348884 0.363170 0.320140 0.346571 0.343414 0.317782 0.316424 0.302470 0.314119 0.316332 0.368575 0.321021 0.300395 0.366436 0.351390 0.321079 0.200958 0.204013 0.240413 0.213617 0.196819 0.220519 0.213973 0.204717 0.239958 0.246608 0.265809 0.304906 0.252393 0.313275 0.361349 0.328436 0.208687 0.273456 0.320526 0.227166 0.340742 0.309317 0.282119 0.312230 0.302979 0.130700 0.176562 0.163145 0.143160 0.158538 0.162818 0.302925 0.291483 0.202287 0.152602 0.150471 0.242975 0.199623 0.145991 0.490788 0.211353 0.481354 0.248245 0.281559 0.374987 0.229168 0.541561 0.401299 0.269631 0.393563 0.376550 0.213736 0.175715 0.168543 0.230962 0.207930 0.189547 0.200589 0.204989 0.216612 0.223117 0.185893 0.210902 0.147355 0.205938 0.154411 0.164705 0.144311 0.144098 0.154780 0.106631 0.176485 0.153849 0.206680 0.192653 0.227686 0.211062 0.252807 0.224225 0.238857 0.211110 0.229036 0.251484 0.229892 0.233913 0.221060 0.233272 0.205328 0.253329 0.221496 0.217859 0.230171 0.211569 0.224546 0.243147 0.230436 0.246602 0.164332 0.208930 0.185477 0.231292 0.335112 0.188920 0.208237 0.164166 0.250482 0.178624 0.186873 0.173502 0.283000 0.215039 0.169413 0.166790 0.138318 0.138954 0.210135 0.211562 0.141194 0.182547 0.157609 0.223386 0.321318 0.284720 0.317504 0.320711 0.315949 0.317314 0.294977 0.302764 0.225195 0.251359 0.221534 0.219399 0.202710 0.239374 0.245724 0.217022 0.172911 0.118043 0.160172 0.156180 0.199960 0.381364 0.186222 0.132443 0.178855 0.195025 0.168179 0.152127 0.179879 0.139777 0.192388 0.128865 0.120683 0.130096 0.150540 0.185872 0.248108 0.204343 0.187126 0.224004 0.180253 0.145396 0.159956 0.168958 0.149592 0.154658 0.144355 0.163007 0.171827 0.161847 0.160009 0.201054 0.177753 0.266777 0.257872 0.193739 0.182716 0.248794 0.152129 0.181909 0.178402 0.135328 0.143038 0.171779 0.242247 0.185487 0.181875 0.161389 0.196153 0.230635 0.233781 0.174635 0.167030 0.193218 0.208655 
0.127113 0.000000 0.122572 0.120588 0.232016 0.235497 0.149275 0.177633 0.170629 0.193616 0.142806 0.158845 0.147983 0.154325 0.137984 0.162259 0.163580 0.127933 0.182928 0.109834 0.159200 0.281712 0.162236 0.254305 0.246581 0.290546 0.342063 0.333915 0.348102 0.376154 0.321576 0.338541 0.303954 0.348171 0.317135 0.292747 0.284503 0.299076 0.331815 0.316498 0.342020 0.303102 0.274448 0.359265 0.328426 0.291361 0.171587 0.173858 0.196640 0.165044 0.176934 0.221882 0.204271 0.131747 0.240148 0.251562 0.229987 0.297911 0.228190 0.302448 0.360596 0.358214 0.188371 0.306229 0.327585 0.216272 0.332993 0.338055 0.296325 0.303428 0.323298 0.109567 0.133709 0.126520 0.139750 0.152007 0.139286 0.234084 0.251307 0.163515 0.205783 0.188689 0.159653 0.133354 0.162573 0.480602 0.181441 0.459725 0.244566 0.216602 0.322525 0.206123 0.531840 0.386455 0.244182 0.370094 0.365754 0.189777 0.183641 0.171786 0.192089 0.171014 0.175323 0.173001 0.166287 0.185064 0.177345 0.174081 0.195527 0.104244 0.180594 0.106733 0.124873 0.111095 0.118001 0.117399 0.097929 0.144823 0.123254 0.182699 0.156442 0.201025 0.187928 0.219494 0.183036 0.203731 0.171142 0.184883 0.209784 0.196294 0.214400 0.207107 0.202711 0.169632 0.227474 0.197258 0.181856 0.198400 0.181762 0.187129 0.207761 0.209923 0.209609 0.126667 0.178199 0.172248 0.199152 0.353221 0.162009 0.183248 0.142745 0.280214 0.163746 0.180935 0.153735 0.289725 0.181071 0.146992 0.136405 0.101104 0.130517 0.196234 0.194742 0.121306 0.152700 0.135310 0.194457 0.243953 0.222219 0.260036 0.242080 0.256410 0.244569 0.228988 0.230824 0.167210 0.193371 0.168652 0.172918 0.135741 0.208208 0.176316 0.167072 0.101837 0.134565 0.127900 0.102277 0.168916 0.351717 0.162076 0.129957 0.154120 0.132131 0.153383 0.084117 0.133040 0.106723 0.165341 0.151406 0.140985 0.133918 0.095213 0.123882 0.189153 0.124574 0.148275 0.168981 0.163940 0.117770 0.132029 0.131891 0.124048 0.174545 0.087889 0.125732 0.119601 0.118527 0.121371 0.151911 0.166635 0.261574 0.241430 0.151441 0.146750 0.194146 0.127516 0.157805 0.157502 0.119850 0.124640 0.134115 0.228303 0.170843 0.107613 0.144331 0.165776 0.231381 0.256372 0.169394 0.162617 0.175979 0.183359 
0.107793 0.122572 0.000000 0.115262 0.220768 0.218716 0.155824 0.144802 0.160178 0.178207 0.123968 0.113440 0.129960 0.128915 0.127284 0.147039 0.140290 0.123556 0.210136 0.128646 0.131326 0.301565 0.172878 0.261206 0.263106 0.300758 0.338122 0.339477 0.337228 0.378925 0.335731 0.340643 0.306529 0.354560 0.328255 0.292876 0.294001 0.295120 0.336340 0.324796 0.342085 0.302770 0.281653 0.356613 0.330990 0.303349 0.181586 0.157754 0.199521 0.170837 0.173074 0.209374 0.212573 0.193856 0.245107 0.258028 0.244385 0.305730 0.236760 0.310965 0.377544 0.333270 0.200210 0.289997 0.326737 0.206936 0.323315 0.326506 0.272620 0.321439 0.321448 0.127084 0.157039 0.132152 0.099047 0.099886 0.111138 0.293712 0.277490 0.190759 0.183215 0.149230 0.225026 0.168008 0.132966 0.494133 0.180271 0.484964 0.239380 0.257043 0.363045 0.224405 0.555344 0.402629 0.251695 0.364697 0.395696 0.183840 0.199821 0.149226 0.206589 0.174726 0.152671 0.186410 0.170571 0.180629 0.185680 0.159763 0.216723 0.137608 0.190216 0.135087 0.142277 0.102482 0.117765 0.114181 0.075974 0.143993 0.126326 0.147446 0.129183 0.160964 0.161593 0.195131 0.165483 0.164826 0.146298 0.186083 0.194870 0.166519 0.172127 0.155447 0.183744 0.148921 0.180910 0.142817 0.168589 0.171216 0.161282 0.181860 0.177874 0.153671 0.184503 0.112116 0.186044 0.187500 0.167722 0.348497 0.133433 0.175572 0.155648 0.260402 0.177671 0.154279 0.122970 0.287001 0.142895 0.127177 0.116701 0.095061 0.079480 0.159742 0.162146 0.106947 0.130581 0.130456 0.137719 0.313683 0.262858 0.295072 0.310977 0.309121 0.298610 0.294065 0.311556 0.211184 0.237601 0.184771 0.199130 0.178250 0.210960 0.225961 0.206201 0.131125 0.131478 0.133862 0.150887 0.125552 0.337191 0.188746 0.120192 0.195298 0.176625 0.166606 0.145364 0.180728 0.124582 0.126591 0.107645 0.122359 0.139124 0.132491 0.163628 0.207735 0.181764 0.156814 0.188075 0.149296 0.101026 0.101761 0.118917 0.117376 0.135870 0.095605 0.139151 0.103180 0.103185 0.095115 0.141672 0.174164 0.242785 0.249432 0.173857 0.159502 0.223748 0.109825 0.130402 0.186376 0.118424 0.133201 0.140360 0.234918 0.156955 0.171514 0.118416 0.141543 0.220905 0.216392 0.116406 0.152319 0.127558 0.160217 
0.127559 0.120588 0.115262 0.000000 0.235329 0.186605 0.186776 0.177282 0.166239 0.190383 0.150987 0.146454 0.153673 0.168144 0.142195 0.162825 0.152833 0.155448 0.210236 0.161032 0.147865 0.277012 0.152834 0.244161 0.250591 0.285263 0.335090 0.328366 0.339191 0.371290 0.317142 0.334873 0.296623 0.347256 0.311215 0.292321 0.279325 0.293805 0.336172 0.312142 0.336102 0.300384 0.266368 0.351243 0.320569 0.282780 0.164080 0.163456 0.195120 0.170225 0.157338 0.210290 0.200354 0.177117 0.240232 0.250472 0.232436 0.278697 0.228355 0.268508 0.373687 0.328566 0.177089 0.280640 0.292870 0.204540 0.281004 0.310652 0.310328 0.337025 0.327494 0.136441 0.175823 0.143431 0.110300 0.130952 0.120953 0.297523 0.294948 0.204424 0.174634 0.167469 0.209771 0.193719 0.119088 0.470364 0.210355 0.509621 0.255359 0.289682 0.376720 0.241340 0.531009 0.436187 0.279902 0.373067 0.400228 0.193154 0.177338 0.159447 0.189134 0.162583 0.166069 0.161221 0.157499 0.174391 0.173922 0.165362 0.187231 0.146336 0.180863 0.151776 0.140933 0.117308 0.114001 0.132318 0.102933 0.159611 0.146243 0.178052 0.156042 0.186943 0.191254 0.223041 0.182876 0.203940 0.178658 0.199644 0.211811 0.191446 0.216046 0.198862 0.202159 0.170972 0.229007 0.197451 0.182711 0.198831 0.187850 0.187671 0.202989 0.201586 0.210259 0.153309 0.182881 0.181730 0.190921 0.344014 0.151688 0.176660 0.130409 0.236066 0.155485 0.167601 0.151568 0.292264 0.179545 0.140354 0.139446 0.128307 0.120712 0.200229 0.182489 0.115503 0.145100 0.126529 0.196062 0.302204 0.243528 0.279912 0.293999 0.290369 0.289031 0.270519 0.300654 0.200567 0.230774 0.200216 0.190673 0.178591 0.215429 0.210843 0.199307 0.155630 0.175241 0.132332 0.191689 0.166651 0.353128 0.205035 0.139017 0.195320 0.207957 0.196668 0.154946 0.182649 0.139416 0.168475 0.157925 0.138640 0.148977 0.129580 0.175989 0.222931 0.178498 0.168051 0.204143 0.183297 0.134690 0.137114 0.141091 0.124614 0.172339 0.131899 0.166921 0.131047 0.132193 0.121542 0.164844 0.172257 0.240211 0.267351 0.183314 0.174952 0.233301 0.139613 0.142392 0.181910 0.117600 0.133394 0.147415 0.241214 0.169086 0.178154 0.141106 0.157870 0.214537 0.254799 0.159381 0.166078 0.168969 0.168154 
0.216407 0.232016 0.220768 0.235329 0.000000 0.179012 0.238481 0.280683 0.290560 0.283240 0.289811 0.293354 0.295192 0.288300 0.289762 0.272227 0.280912 0.277859 0.257519 0.270816 0.263582 0.357437 0.248481 0.344891 0.333489 0.336295 0.367423 0.377766 0.358293 0.408497 0.360242 0.362449 0.342086 0.378752 0.348575 0.328468 0.350130 0.350686 0.388481 0.362559 0.366289 0.349992 0.350217 0.390927 0.375421 0.342342 0.282781 0.303819 0.305086 0.295221 0.308168 0.300209 0.301818 0.247334 0.308265 0.308007 0.271913 0.232172 0.267796 0.240882 0.245363 0.239903 0.283870 0.229434 0.240535 0.254653 0.277070 0.249848 0.225893 0.232292 0.240500 0.206254 0.220949 0.233156 0.247898 0.252404 0.274218 0.276632 0.228147 0.175340 0.161790 0.169665 0.238456 0.200615 0.207952 0.344882 0.277508 0.424524 0.211366 0.279270 0.334728 0.244597 0.439566 0.334399 0.241520 0.370272 0.287850 0.276299 0.319499 0.303047 0.289200 0.313741 0.309996 0.285224 0.288935 0.297329 0.311124 0.304173 0.329455 0.197631 0.270968 0.196277 0.241024 0.231284 0.240486 0.234606 0.236778 0.228835 0.221777 0.288135 0.299704 0.302081 0.291245 0.323818 0.285595 0.304993 0.275355 0.296683 0.303932 0.293430 0.310280 0.303188 0.285790 0.277418 0.319620 0.295326 0.294378 0.297155 0.275814 0.302229 0.313954 0.304000 0.310587 0.266134 0.273076 0.244044 0.354603 0.282036 0.292455 0.276310 0.273010 0.286544 0.291362 0.272815 0.257754 0.264552 0.323596 0.305403 0.263988 0.251633 0.262102 0.289533 0.336538 0.269092 0.303581 0.280062 0.320680 0.297756 0.282036 0.310872 0.295964 0.299535 0.289437 0.287095 0.265261 0.277443 0.279070 0.272623 0.283118 0.253870 0.283848 0.274618 0.219432 0.242236 0.188478 0.250146 0.232981 0.320778 0.504933 0.198104 0.197709 0.244002 0.230666 0.207415 0.233104 0.231688 0.214175 0.293936 0.197733 0.187939 0.189716 0.251306 0.237789 0.297423 0.227936 0.246036 0.274594 0.281783 0.263176 0.263864 0.258601 0.282000 0.216451 0.240161 0.259102 0.277573 0.265639 0.274241 0.262270 0.230126 0.280885 0.286556 0.287258 0.298669 0.329868 0.264874 0.291817 0.270649 0.247473 0.255595 0.254209 0.219509 0.245624 0.223457 0.250741 0.265059 0.254536 0.238047 0.252352 0.254078 0.279412 0.307645 
0.209313 0.235497 0.218716 0.186605 0.179012 0.000000 0.240590 0.267129 0.273925 0.281953 0.274330 0.290303 0.289823 0.258304 0.277129 0.271416 0.290342 0.263698 0.258289 0.284789 0.278107 0.314571 0.268658 0.304760 0.314483 0.336485 0.360736 0.366124 0.368282 0.393566 0.363615 0.374056 0.338315 0.361266 0.365108 0.321343 0.355793 0.350072 0.382510 0.357560 0.373058 0.368774 0.353822 0.388688 0.377384 0.359155 0.309138 0.314925 0.316480 0.288646 0.320363 0.322954 0.277172 0.284654 0.305566 0.293803 0.288371 0.240989 0.290731 0.230932 0.332697 0.291308 0.308232 0.261625 0.244210 0.257172 0.251330 0.275235 0.290657 0.273293 0.312334 0.230542 0.229088 0.263748 0.239451 0.243824 0.254976 0.321942 0.294337 0.233549 0.173176 0.195180 0.266172 0.247451 0.212221 0.368414 0.265059 0.458184 0.213117 0.280472 0.346437 0.227791 0.414627 0.382175 0.262715 0.368518 0.329753 0.269802 0.283421 0.290274 0.307963 0.315737 0.319295 0.301920 0.303003 0.314057 0.328755 0.314021 0.333550 0.226292 0.260916 0.212893 0.259627 0.226475 0.235972 0.244932 0.223105 0.240815 0.214165 0.305515 0.294880 0.332608 0.314641 0.361907 0.320801 0.346572 0.307900 0.335497 0.341019 0.323866 0.352480 0.341183 0.324446 0.314275 0.361145 0.335041 0.329587 0.334213 0.300449 0.340450 0.344463 0.343202 0.353050 0.252050 0.264575 0.239887 0.354386 0.270429 0.273053 0.264617 0.266455 0.281220 0.274123 0.251676 0.256715 0.257443 0.319863 0.287210 0.249910 0.247601 0.267403 0.299794 0.325221 0.272332 0.298065 0.269138 0.326865 0.329554 0.298757 0.323063 0.323894 0.318782 0.321317 0.308352 0.318600 0.282077 0.290879 0.272142 0.274795 0.255010 0.292276 0.283247 0.257549 0.258298 0.243829 0.252651 0.231308 0.313599 0.497865 0.238484 0.224052 0.238398 0.260042 0.252265 0.240459 0.233483 0.232952 0.280316 0.225737 0.209273 0.218652 0.241465 0.261596 0.330180 0.269772 0.268849 0.302192 0.272276 0.253075 0.256461 0.243533 0.251229 0.214963 0.256958 0.280301 0.274235 0.265667 0.272748 0.258619 0.231419 0.261625 0.261258 0.267957 0.279697 0.322734 0.252046 0.282486 0.265734 0.235286 0.229437 0.254434 0.209931 0.270691 0.253562 0.284298 0.297912 0.213738 0.233311 0.280036 0.266693 0.292706 0.318139 
0.176157 0.149275 0.155824 0.186776 0.238481 0.240590 0.000000 0.148608 0.156384 0.165064 0.131713 0.143929 0.133123 0.153896 0.155811 0.158660 0.167976 0.107457 0.095765 0.110882 0.171431 0.224324 0.168270 0.228033 0.176322 0.281119 0.320531 0.317473 0.329035 0.356117 0.317348 0.321708 0.291950 0.322062 0.307139 0.279451 0.289113 0.287002 0.321796 0.303259 0.323038 0.303060 0.273440 0.339924 0.317050 0.287999 0.196716 0.193581 0.208543 0.188420 0.204678 0.192075 0.161616 0.131463 0.201043 0.196485 0.203367 0.264688 0.180996 0.302359 0.346017 0.311790 0.211604 0.271494 0.299298 0.216112 0.310891 0.297410 0.248068 0.267851 0.283261 0.106363 0.122934 0.139735 0.152537 0.158122 0.160451 0.220785 0.227844 0.165389 0.222000 0.191466 0.172500 0.138051 0.189562 0.415805 0.094341 0.378753 0.152366 0.133235 0.244485 0.138019 0.454329 0.291282 0.121530 0.282815 0.280858 0.166410 0.210227 0.181286 0.210463 0.202467 0.205606 0.200847 0.193792 0.198254 0.212340 0.197123 0.228165 0.153855 0.141647 0.128347 0.166017 0.160488 0.174776 0.156282 0.148792 0.170345 0.171763 0.194177 0.191685 0.202836 0.198011 0.230811 0.194282 0.210803 0.176014 0.204546 0.216419 0.201862 0.223204 0.211244 0.199390 0.183066 0.225837 0.207884 0.203341 0.202111 0.177159 0.218650 0.216070 0.204142 0.220328 0.116564 0.151284 0.126793 0.236574 0.262616 0.151687 0.153200 0.157441 0.219089 0.152172 0.139851 0.133068 0.194369 0.202328 0.179330 0.112837 0.125573 0.152172 0.163924 0.195386 0.148676 0.195720 0.163408 0.214136 0.265746 0.209872 0.251952 0.260077 0.242282 0.242760 0.246914 0.293033 0.152808 0.173708 0.145855 0.136594 0.128084 0.156292 0.154783 0.201649 0.135101 0.160532 0.154486 0.138481 0.251216 0.440312 0.139280 0.110452 0.166542 0.129728 0.138013 0.139914 0.159273 0.143617 0.175015 0.140766 0.133429 0.135877 0.153555 0.126856 0.173314 0.126877 0.122140 0.136392 0.100660 0.138145 0.149519 0.149393 0.144183 0.181285 0.127818 0.159510 0.145465 0.137007 0.167546 0.116230 0.141445 0.174859 0.176149 0.118984 0.122531 0.140112 0.162736 0.181823 0.118881 0.169590 0.168905 0.097018 0.145620 0.198203 0.143245 0.199135 0.187251 0.208651 0.179284 0.155077 0.178919 0.174274 0.195004 
0.191787 0.177633 0.144802 0.177282 0.280683 0.267129 0.148608 0.000000 0.077563 0.087234 0.104797 0.141534 0.125332 0.089890 0.151358 0.104567 0.116945 0.112958 0.138267 0.151592 0.119359 0.221021 0.132652 0.152320 0.223126 0.237606 0.279687 0.274465 0.294724 0.318396 0.272044 0.305738 0.256150 0.273320 0.275626 0.242806 0.238950 0.238454 0.286671 0.275654 0.287255 0.291070 0.261264 0.338235 0.314021 0.278953 0.142867 0.148681 0.183491 0.103864 0.164293 0.157599 0.178177 0.174933 0.193075 0.190619 0.238972 0.337381 0.225698 0.374943 0.444024 0.397856 0.167022 0.340675 0.394854 0.193858 0.352118 0.371396 0.314527 0.335804 0.371710 0.134876 0.162413 0.137018 0.152211 0.102021 0.154785 0.312336 0.319632 0.242266 0.265616 0.221850 0.251806 0.221114 0.212717 0.546203 0.103083 0.437085 0.221907 0.177141 0.287752 0.187365 0.580525 0.372836 0.201023 0.268017 0.350290 0.093358 0.152541 0.153027 0.169460 0.175565 0.154999 0.152558 0.155281 0.166110 0.181804 0.154670 0.209439 0.169952 0.173910 0.149512 0.155210 0.114134 0.132885 0.118499 0.120429 0.120004 0.125936 0.131736 0.111640 0.141138 0.120070 0.189636 0.150652 0.158335 0.122545 0.160203 0.174599 0.137452 0.159653 0.149953 0.153895 0.129970 0.153732 0.137338 0.156768 0.156749 0.119586 0.165005 0.157203 0.139351 0.172647 0.123725 0.106930 0.190446 0.172467 0.307290 0.089223 0.076138 0.112657 0.289698 0.102577 0.157234 0.140860 0.252076 0.155939 0.115731 0.116285 0.152659 0.121969 0.165370 0.138218 0.124171 0.138550 0.119368 0.147289 0.332477 0.271337 0.318334 0.329020 0.310654 0.312122 0.318035 0.332861 0.235690 0.253861 0.220011 0.212941 0.221088 0.222205 0.240471 0.228283 0.156627 0.185173 0.096556 0.184069 0.199629 0.424487 0.229892 0.140794 0.173071 0.184974 0.194781 0.178584 0.194430 0.170544 0.084293 0.154227 0.154095 0.174600 0.170357 0.186711 0.212791 0.196871 0.167057 0.200295 0.172080 0.164217 0.113456 0.099161 0.109128 0.165032 0.156967 0.192342 0.164985 0.154177 0.157162 0.203848 0.240742 0.163780 0.255039 0.188766 0.174935 0.214382 0.171416 0.172444 0.156303 0.120344 0.118014 0.117715 0.247216 0.166454 0.219023 0.174843 0.134520 0.264051 0.201274 0.106063 0.145249 0.107198 0.136526 
0.188540 0.170629 0.160178 0.166239 0.290560 0.273925 0.156384 0.077563 0.000000 0.067715 0.112646 0.149722 0.123043 0.114796 0.144895 0.097099 0.092032 0.124365 0.149545 0.142167 0.098512 0.227402 0.105629 0.168166 0.221590 0.203637 0.271822 0.251811 0.278933 0.297142 0.251952 0.284447 0.237137 0.261346 0.235049 0.225408 0.209267 0.234565 0.268971 0.247558 0.267707 0.249663 0.217235 0.295483 0.271704 0.232821 0.119738 0.111093 0.142870 0.118338 0.109139 0.140172 0.147415 0.161884 0.160993 0.166926 0.198888 0.311823 0.192551 0.339666 0.410985 0.357658 0.121966 0.310848 0.361142 0.171230 0.324696 0.335205 0.286117 0.320982 0.331040 0.133092 0.149575 0.135627 0.139677 0.123302 0.126133 0.291904 0.301979 0.229903 0.238917 0.196579 0.226813 0.195806 0.174481 0.545809 0.133066 0.463619 0.226046 0.200374 0.307886 0.168431 0.585403 0.376050 0.203894 0.282051 0.352671 0.086052 0.149473 0.124954 0.142860 0.141607 0.144299 0.128054 0.119998 0.131703 0.149049 0.120723 0.167770 0.154455 0.146986 0.146003 0.133904 0.109062 0.120964 0.124919 0.121228 0.145957 0.122916 0.125105 0.108161 0.121288 0.116126 0.165207 0.125652 0.148606 0.114403 0.137023 0.143563 0.105154 0.153669 0.152292 0.130842 0.119701 0.144316 0.143246 0.125589 0.127072 0.097283 0.142768 0.122288 0.133376 0.151169 0.119997 0.102513 0.179042 0.165158 0.348555 0.074448 0.091775 0.095364 0.268305 0.096913 0.155377 0.123861 0.252591 0.151289 0.104539 0.123245 0.155293 0.105529 0.168357 0.125271 0.120450 0.128994 0.109485 0.162087 0.330738 0.256580 0.302661 0.308507 0.311556 0.299764 0.304055 0.322821 0.217486 0.242094 0.188667 0.182325 0.199647 0.215674 0.222792 0.199791 0.157798 0.196999 0.113487 0.198261 0.204270 0.433753 0.215879 0.148393 0.149823 0.185044 0.188091 0.167664 0.162173 0.146902 0.119036 0.165011 0.149916 0.175010 0.130890 0.180856 0.196736 0.191499 0.160153 0.209713 0.182962 0.166333 0.116253 0.121645 0.105631 0.160628 0.158754 0.180155 0.162611 0.169478 0.160359 0.198136 0.222978 0.182161 0.255272 0.177947 0.161371 0.196629 0.172925 0.165597 0.143353 0.115127 0.115309 0.113773 0.241425 0.134477 0.223327 0.151000 0.105027 0.248984 0.217394 0.107091 0.138670 0.125025 0.120812 
0.218882 0.193616 0.178207 0.190383 0.283240 0.281953 0.165064 0.087234 0.067715 0.000000 0.128002 0.167524 0.131463 0.119455 0.167130 0.091316 0.107101 0.146401 0.146509 0.156494 0.120994 0.229956 0.100314 0.170943 0.229352 0.210688 0.262563 0.253800 0.279266 0.300750 0.246334 0.275932 0.235393 0.257191 0.243286 0.212786 0.219447 0.217874 0.268779 0.251481 0.258527 0.271715 0.237400 0.314243 0.288656 0.248548 0.124794 0.148555 0.152809 0.105934 0.147417 0.121406 0.164647 0.165805 0.165968 0.180178 0.218728 0.321762 0.211979 0.347346 0.421276 0.373450 0.131810 0.318643 0.377519 0.188147 0.338121 0.351166 0.300857 0.327939 0.347455 0.145844 0.141989 0.148680 0.183241 0.136542 0.165808 0.307514 0.303312 0.227478 0.252214 0.207213 0.234453 0.194509 0.187659 0.540289 0.117844 0.442444 0.241093 0.203733 0.270615 0.180618 0.585140 0.350543 0.184884 0.238105 0.337194 0.054551 0.169117 0.161186 0.141642 0.166215 0.179939 0.137096 0.137159 0.143825 0.162772 0.162205 0.181556 0.160124 0.171452 0.145594 0.135666 0.123484 0.133827 0.118310 0.153745 0.127044 0.121594 0.117489 0.131378 0.125039 0.111704 0.159789 0.115885 0.139432 0.101030 0.137592 0.133492 0.099112 0.155488 0.146204 0.120703 0.115351 0.141229 0.139595 0.132616 0.136408 0.102759 0.149316 0.132960 0.126583 0.132375 0.133333 0.101278 0.199767 0.200770 0.338133 0.082379 0.069123 0.117701 0.287244 0.117595 0.181754 0.137866 0.253668 0.171233 0.142379 0.134463 0.170268 0.146339 0.156046 0.146286 0.149243 0.165287 0.136449 0.166071 0.329994 0.261409 0.305362 0.311365 0.304899 0.306419 0.305121 0.325297 0.236307 0.254654 0.213205 0.204457 0.213270 0.221273 0.234536 0.200862 0.163008 0.195206 0.125418 0.200271 0.226630 0.429743 0.225200 0.149185 0.146589 0.179623 0.187195 0.174219 0.175889 0.148207 0.134858 0.183402 0.160826 0.183399 0.152004 0.176866 0.180359 0.185543 0.153135 0.190046 0.193184 0.201402 0.128796 0.123846 0.142992 0.169754 0.176926 0.189456 0.179335 0.169442 0.180728 0.191930 0.237864 0.168890 0.295095 0.176363 0.190589 0.190595 0.177690 0.182911 0.159735 0.135294 0.145686 0.136052 0.247011 0.133957 0.236746 0.153991 0.128774 0.265732 0.207326 0.113364 0.153506 0.131585 0.138105 
0.175760 0.142806 0.123968 0.150987 0.289811 0.274330 0.131713 0.104797 0.112646 0.128002 0.000000 0.100939 0.045526 0.054492 0.067057 0.102758 0.103254 0.092813 0.141357 0.122904 0.129650 0.198092 0.155913 0.194164 0.174478 0.272552 0.313396 0.310713 0.330368 0.353881 0.304798 0.313269 0.292878 0.315815 0.299340 0.272401 0.269249 0.272636 0.316666 0.296507 0.313124 0.294138 0.253560 0.332346 0.303327 0.274208 0.151991 0.139517 0.167963 0.128455 0.143389 0.175041 0.130891 0.160998 0.162457 0.169053 0.249737 0.342846 0.230278 0.373066 0.438697 0.389066 0.174177 0.350094 0.389193 0.202835 0.378416 0.372605 0.302702 0.355923 0.367130 0.125627 0.175638 0.130590 0.136824 0.118917 0.126910 0.303796 0.320088 0.240844 0.265335 0.225067 0.236416 0.206629 0.208709 0.511566 0.108439 0.452971 0.224549 0.190636 0.323085 0.177591 0.528501 0.381532 0.207011 0.288032 0.362688 0.123980 0.158987 0.148584 0.177454 0.147690 0.158443 0.162631 0.146979 0.157701 0.152124 0.154990 0.184559 0.171938 0.140269 0.163022 0.149330 0.130380 0.131481 0.141884 0.102250 0.156956 0.154440 0.119847 0.112022 0.135283 0.140344 0.160705 0.126258 0.144702 0.113759 0.149798 0.158403 0.146898 0.161929 0.147353 0.150697 0.122354 0.170598 0.146737 0.139758 0.149756 0.131642 0.154760 0.153238 0.136224 0.150378 0.109705 0.137458 0.186782 0.157758 0.328622 0.093240 0.116874 0.107073 0.282832 0.117955 0.153350 0.130330 0.249672 0.133311 0.103088 0.095299 0.104264 0.100181 0.150943 0.131434 0.099657 0.136151 0.109120 0.139300 0.321896 0.258915 0.301499 0.314077 0.307182 0.308739 0.312126 0.345351 0.205847 0.226466 0.198333 0.179995 0.191008 0.191804 0.212846 0.240514 0.164758 0.190437 0.132848 0.175438 0.171926 0.382241 0.203571 0.128672 0.201266 0.148181 0.166303 0.160930 0.190124 0.158253 0.088528 0.172106 0.151973 0.155078 0.148859 0.188483 0.214436 0.190446 0.165209 0.172869 0.128191 0.146751 0.089743 0.094949 0.088978 0.198725 0.130618 0.167358 0.098396 0.093446 0.118502 0.170943 0.218197 0.185197 0.243517 0.140340 0.135998 0.158472 0.139818 0.156973 0.144411 0.117464 0.131820 0.118717 0.234373 0.178647 0.176614 0.150882 0.141139 0.234894 0.223611 0.105866 0.137574 0.114038 0.127001 
0.171072 0.158845 0.113440 0.146454 0.293354 0.290303 0.143929 0.141534 0.149722 0.167524 0.100939 0.000000 0.095982 0.129674 0.074770 0.163893 0.149506 0.115507 0.161519 0.110675 0.123421 0.232250 0.156991 0.243143 0.196832 0.302831 0.343664 0.341746 0.339991 0.381936 0.340547 0.350274 0.308585 0.356361 0.333227 0.301625 0.298935 0.305806 0.336028 0.328149 0.350176 0.307464 0.283970 0.359343 0.333012 0.302216 0.188402 0.159908 0.207057 0.188451 0.172498 0.220505 0.178818 0.175019 0.211731 0.213150 0.227903 0.317890 0.205228 0.349004 0.410207 0.355269 0.202998 0.316733 0.353939 0.217988 0.344994 0.347228 0.286765 0.351255 0.335511 0.142646 0.166449 0.127639 0.121793 0.106492 0.118943 0.284946 0.314065 0.220710 0.249028 0.217783 0.223359 0.210961 0.198810 0.472918 0.129028 0.442614 0.236194 0.217149 0.316301 0.211089 0.524277 0.387750 0.231846 0.299236 0.361710 0.177451 0.213302 0.165111 0.213437 0.187538 0.149881 0.192479 0.177101 0.191483 0.199325 0.165764 0.219493 0.181347 0.166750 0.173017 0.162737 0.143107 0.149916 0.149285 0.114503 0.177802 0.162724 0.161498 0.150993 0.170153 0.160334 0.197966 0.176226 0.187681 0.163660 0.192535 0.209184 0.187128 0.184090 0.170532 0.190510 0.165064 0.190780 0.157335 0.174821 0.175894 0.173425 0.182461 0.184398 0.169068 0.193116 0.129621 0.161642 0.196043 0.183270 0.351062 0.149095 0.175290 0.158356 0.275797 0.171306 0.147225 0.145199 0.264290 0.170359 0.146590 0.119710 0.124801 0.083704 0.159436 0.145936 0.119049 0.155836 0.147554 0.124206 0.311001 0.253395 0.288619 0.302749 0.298363 0.299301 0.291265 0.348711 0.200151 0.225095 0.182236 0.190244 0.193407 0.192614 0.210478 0.242506 0.174455 0.184617 0.134303 0.194790 0.182488 0.382448 0.192665 0.140668 0.209094 0.185622 0.157295 0.142207 0.200236 0.164237 0.119052 0.135980 0.169520 0.151895 0.134046 0.180098 0.192240 0.192986 0.156035 0.162287 0.127298 0.124508 0.111448 0.141216 0.118771 0.186276 0.118865 0.132640 0.111174 0.111962 0.120769 0.145852 0.189846 0.215518 0.235344 0.149610 0.133086 0.175968 0.145900 0.136093 0.152424 0.141527 0.154545 0.118708 0.219856 0.164788 0.185018 0.143339 0.149099 0.229938 0.208554 0.110854 0.145232 0.128997 0.169830 
0.175144 0.147983 0.129960 0.153673 0.295192 0.289823 0.133123 0.125332 0.123043 0.131463 0.045526 0.095982 0.000000 0.078084 0.086833 0.098112 0.099609 0.101180 0.136804 0.117671 0.140977 0.211908 0.149490 0.207467 0.180982 0.264136 0.315275 0.307867 0.329490 0.349176 0.302448 0.309966 0.288663 0.316529 0.293842 0.270969 0.266266 0.273327 0.313811 0.290928 0.311033 0.283327 0.237145 0.318884 0.281300 0.251983 0.139450 0.128823 0.158242 0.131564 0.131218 0.157239 0.142767 0.152907 0.166811 0.179625 0.239532 0.333587 0.224840 0.364921 0.428501 0.373588 0.155628 0.340046 0.375916 0.218058 0.377589 0.368163 0.298532 0.360474 0.353758 0.122770 0.173520 0.130000 0.141475 0.136406 0.128954 0.291779 0.308879 0.227943 0.258166 0.224764 0.227143 0.198431 0.203236 0.509485 0.121866 0.471203 0.233893 0.203056 0.329146 0.184470 0.535717 0.393680 0.211731 0.303555 0.373307 0.125694 0.166716 0.145701 0.175517 0.139816 0.157215 0.154291 0.136581 0.139800 0.140201 0.151125 0.169728 0.168349 0.147790 0.161935 0.147722 0.138689 0.131866 0.144196 0.117047 0.166161 0.166609 0.119595 0.119163 0.120988 0.137387 0.150255 0.116446 0.131487 0.121667 0.144264 0.146378 0.140913 0.159438 0.136814 0.153073 0.116701 0.163085 0.131579 0.124593 0.141980 0.139024 0.137631 0.143680 0.126035 0.132944 0.106823 0.139591 0.185960 0.158299 0.342298 0.098980 0.120121 0.111630 0.277938 0.124937 0.158905 0.131738 0.262162 0.131839 0.117201 0.103630 0.100829 0.101515 0.155853 0.133983 0.103689 0.145030 0.111928 0.141763 0.316966 0.249837 0.295248 0.306524 0.297014 0.303472 0.303477 0.340050 0.194478 0.221065 0.194590 0.174229 0.183195 0.186547 0.206345 0.237220 0.164788 0.192746 0.142990 0.184344 0.178068 0.381472 0.191737 0.123619 0.198084 0.148671 0.161005 0.151376 0.190597 0.150645 0.109965 0.173907 0.150450 0.149787 0.148623 0.184594 0.205936 0.182723 0.161502 0.170178 0.134584 0.148029 0.084131 0.107354 0.099064 0.214020 0.130802 0.164186 0.104467 0.086810 0.109300 0.170287 0.219358 0.206502 0.263694 0.153936 0.146124 0.165317 0.141115 0.150297 0.144351 0.140789 0.153065 0.122023 0.243830 0.184796 0.177343 0.160000 0.146831 0.250571 0.237679 0.117878 0.160324 0.115577 0.130331 
0.176688 0.154325 0.128915 0.168144 0.288300 0.258304 0.153896 0.089890 0.114796 0.119455 0.054492 0.129674 0.078084 0.000000 0.098280 0.088852 0.101583 0.101104 0.146598 0.146309 0.122040 0.216205 0.151203 0.169595 0.212533 0.262160 0.302144 0.295201 0.329201 0.340808 0.297478 0.310744 0.280351 0.294880 0.299115 0.262153 0.266438 0.259769 0.298997 0.287961 0.309778 0.301154 0.266051 0.338592 0.313576 0.282482 0.153675 0.149725 0.172143 0.111272 0.153074 0.169932 0.161659 0.173438 0.183156 0.183653 0.266440 0.357361 0.250849 0.390164 0.458734 0.411103 0.173982 0.359902 0.411381 0.212354 0.390767 0.387881 0.337327 0.353803 0.390387 0.144973 0.180983 0.149264 0.146831 0.113344 0.150458 0.328159 0.342473 0.260611 0.273308 0.239635 0.259304 0.220917 0.219044 0.536212 0.114166 0.461917 0.230195 0.194177 0.323097 0.188582 0.565882 0.388737 0.227850 0.288616 0.370745 0.101499 0.131434 0.157198 0.179642 0.156373 0.166020 0.159076 0.156981 0.161840 0.163851 0.159401 0.187888 0.166733 0.174684 0.170480 0.161375 0.122085 0.123683 0.134150 0.110544 0.147235 0.142305 0.116867 0.103682 0.144129 0.131326 0.163859 0.133767 0.149979 0.118280 0.150086 0.165052 0.148121 0.159875 0.147641 0.157379 0.129344 0.168662 0.140578 0.147560 0.159585 0.140461 0.162571 0.164996 0.138011 0.156413 0.115440 0.139445 0.202110 0.165824 0.338715 0.091913 0.098195 0.103349 0.307160 0.114746 0.158921 0.144692 0.257511 0.138504 0.107364 0.109127 0.118334 0.114306 0.168163 0.140469 0.107113 0.141424 0.100782 0.129119 0.341712 0.280633 0.323132 0.337953 0.320148 0.330838 0.333814 0.353326 0.232221 0.250187 0.228118 0.214347 0.214923 0.226312 0.239887 0.250009 0.174256 0.187716 0.136498 0.167684 0.179831 0.378542 0.238260 0.142908 0.191788 0.177761 0.200999 0.183314 0.206361 0.169945 0.087151 0.186559 0.158507 0.182214 0.172428 0.206868 0.237369 0.213593 0.185843 0.188550 0.158823 0.175164 0.095769 0.088419 0.105672 0.189288 0.149006 0.183065 0.117052 0.107046 0.134429 0.193766 0.245289 0.195132 0.267382 0.180961 0.184146 0.206390 0.135476 0.174221 0.150228 0.130301 0.131183 0.134548 0.265898 0.173223 0.196543 0.157740 0.152655 0.260901 0.229644 0.120564 0.146909 0.095362 0.124596 
0.158281 0.137984 0.127284 0.142195 0.289762 0.277129 0.155811 0.151358 0.144895 0.167130 0.067057 0.074770 0.086833 0.098280 0.000000 0.151133 0.138856 0.120222 0.170467 0.125621 0.106174 0.211779 0.149556 0.218814 0.187960 0.297386 0.344203 0.338038 0.344971 0.380242 0.330387 0.343489 0.306877 0.351194 0.321650 0.295196 0.292959 0.303471 0.326950 0.321273 0.345955 0.304597 0.282015 0.362479 0.331225 0.296725 0.176565 0.160663 0.201062 0.177048 0.168422 0.218255 0.157847 0.166742 0.181707 0.188587 0.245873 0.329610 0.225624 0.355172 0.423291 0.376396 0.194305 0.336876 0.377511 0.200078 0.362295 0.362965 0.303632 0.355686 0.351549 0.135480 0.175065 0.130608 0.126723 0.125473 0.121075 0.304369 0.329078 0.235211 0.253725 0.227168 0.228015 0.214139 0.199532 0.502793 0.138211 0.446657 0.233359 0.223739 0.330414 0.181206 0.527222 0.391070 0.232670 0.307814 0.363758 0.166503 0.186944 0.170949 0.202258 0.174275 0.160827 0.180535 0.173179 0.183997 0.183382 0.167037 0.206029 0.172816 0.164819 0.173511 0.161576 0.140171 0.135873 0.152544 0.105769 0.174270 0.154935 0.154751 0.139354 0.179804 0.168066 0.191510 0.168407 0.191263 0.159655 0.183673 0.204612 0.192874 0.193682 0.170968 0.189548 0.159523 0.207766 0.176435 0.175885 0.182879 0.179114 0.182810 0.198370 0.178174 0.192343 0.137392 0.166226 0.188604 0.189642 0.343221 0.147820 0.165008 0.139491 0.288806 0.152202 0.150627 0.143162 0.266564 0.173011 0.136662 0.126411 0.112811 0.091339 0.170076 0.149770 0.107001 0.157567 0.131768 0.149900 0.316263 0.270363 0.306533 0.313310 0.311594 0.318286 0.306408 0.337484 0.215479 0.242823 0.206474 0.204285 0.206605 0.212583 0.229844 0.232832 0.180435 0.182758 0.142005 0.191352 0.182360 0.369198 0.203084 0.147323 0.199205 0.169211 0.170449 0.143367 0.184067 0.165437 0.119624 0.163729 0.161877 0.148052 0.135214 0.191931 0.216557 0.200453 0.174882 0.181226 0.130634 0.150356 0.111516 0.133891 0.105070 0.193872 0.130191 0.137572 0.115666 0.121330 0.128973 0.175557 0.203530 0.212620 0.235479 0.147123 0.136757 0.175352 0.143136 0.151350 0.158223 0.121008 0.134119 0.139238 0.233222 0.162932 0.178699 0.140246 0.159985 0.225001 0.227482 0.135171 0.131971 0.130457 0.162727 
0.197717 0.162259 0.147039 0.162825 0.272227 0.271416 0.158660 0.104567 0.097099 0.091316 0.102758 0.163893 0.098112 0.088852 0.151133 0.000000 0.052448 0.126022 0.155670 0.159540 0.111808 0.257504 0.121667 0.189844 0.234230 0.210614 0.269524 0.253939 0.294586 0.302802 0.249212 0.262407 0.241124 0.261037 0.237728 0.224359 0.217900 0.225016 0.273308 0.241900 0.256063 0.262969 0.211162 0.291100 0.260557 0.222338 0.087509 0.101668 0.128658 0.071807 0.102631 0.107948 0.163636 0.150166 0.176604 0.199592 0.241007 0.329984 0.227721 0.353938 0.437915 0.391192 0.121569 0.327154 0.382149 0.205095 0.365996 0.358595 0.325714 0.340605 0.364562 0.147048 0.168244 0.152177 0.151297 0.116250 0.143942 0.309071 0.305968 0.225992 0.244723 0.207422 0.231973 0.196263 0.174190 0.560577 0.148671 0.499096 0.256541 0.219673 0.328186 0.201505 0.597087 0.397840 0.227436 0.309809 0.391422 0.080469 0.112701 0.132079 0.120293 0.110332 0.139028 0.094510 0.098672 0.096014 0.102906 0.131426 0.133765 0.153387 0.183948 0.147551 0.137910 0.091119 0.110497 0.118389 0.123079 0.147060 0.136897 0.084860 0.083576 0.092210 0.097423 0.142778 0.081275 0.107172 0.079229 0.116679 0.121377 0.090107 0.130307 0.108550 0.131307 0.092749 0.127867 0.101115 0.105023 0.123477 0.107869 0.118586 0.114623 0.110313 0.123146 0.100758 0.119563 0.188226 0.129588 0.364530 0.067957 0.085933 0.074765 0.282225 0.097448 0.158817 0.111022 0.275346 0.096409 0.085948 0.102240 0.124262 0.121735 0.170160 0.124588 0.098986 0.111226 0.075731 0.136209 0.319431 0.250337 0.298788 0.309738 0.291782 0.296740 0.298687 0.313814 0.229270 0.247668 0.224430 0.200126 0.200686 0.221660 0.224326 0.205609 0.156942 0.183553 0.135329 0.186681 0.175996 0.384294 0.233268 0.142030 0.166149 0.192229 0.210674 0.189401 0.194193 0.144704 0.116171 0.187312 0.159820 0.187448 0.160761 0.190790 0.214646 0.190597 0.169128 0.206215 0.196462 0.173240 0.105083 0.101485 0.121233 0.195579 0.152860 0.188653 0.139991 0.128176 0.130849 0.193624 0.254850 0.200629 0.301011 0.203471 0.194529 0.222408 0.140580 0.157700 0.159988 0.134666 0.141391 0.131974 0.268167 0.164974 0.216562 0.154080 0.134761 0.291028 0.250905 0.134269 0.170554 0.085280 0.086643 
0.191287 0.163580 0.140290 0.152833 0.280912 0.290342 0.167976 0.116945 0.092032 0.107101 0.103254 0.149506 0.099609 0.101583 0.138856 0.052448 0.000000 0.118752 0.164853 0.138228 0.108850 0.251986 0.117908 0.193032 0.237639 0.221527 0.277463 0.267590 0.298761 0.316767 0.256317 0.274688 0.245856 0.283786 0.246948 0.239929 0.218704 0.239212 0.281816 0.249243 0.271821 0.266761 0.226215 0.306550 0.277965 0.236362 0.094832 0.087397 0.142787 0.089738 0.096503 0.127901 0.174744 0.149417 0.187282 0.207541 0.233737 0.324332 0.210281 0.351028 0.436209 0.385202 0.124795 0.324645 0.380590 0.211035 0.354655 0.360596 0.317302 0.356035 0.352851 0.145077 0.180113 0.142947 0.133546 0.130587 0.112073 0.311614 0.312602 0.230241 0.245971 0.204784 0.233513 0.207306 0.171030 0.551735 0.153345 0.504932 0.264210 0.233042 0.350347 0.206535 0.598056 0.414561 0.239833 0.331233 0.401997 0.103798 0.124228 0.112093 0.127604 0.100487 0.120407 0.099034 0.108808 0.105213 0.105505 0.113325 0.136335 0.153235 0.192235 0.154227 0.136491 0.091810 0.102920 0.129123 0.114075 0.157225 0.136278 0.087912 0.073176 0.091178 0.115554 0.150904 0.093651 0.120188 0.096103 0.123776 0.139759 0.108269 0.139413 0.120138 0.131792 0.097338 0.129127 0.110957 0.118421 0.134665 0.121532 0.132349 0.126121 0.115372 0.134058 0.101176 0.133824 0.183772 0.096002 0.383481 0.081035 0.110518 0.076987 0.267395 0.107887 0.148848 0.101256 0.270607 0.085637 0.070984 0.101282 0.105558 0.098842 0.168864 0.091485 0.079292 0.079522 0.063486 0.121033 0.323412 0.260488 0.305339 0.310401 0.303228 0.307671 0.304460 0.312552 0.222446 0.255831 0.215067 0.202061 0.203911 0.223745 0.229223 0.204711 0.150311 0.181421 0.136304 0.196144 0.151679 0.381925 0.230105 0.148252 0.179720 0.205524 0.214382 0.191029 0.198215 0.151630 0.124502 0.181126 0.160550 0.181710 0.158491 0.184961 0.201649 0.197073 0.169381 0.209868 0.193965 0.152358 0.101445 0.111833 0.108004 0.195809 0.148150 0.181066 0.120946 0.130563 0.111474 0.175681 0.229634 0.213354 0.287381 0.194970 0.178557 0.206793 0.137198 0.135292 0.153971 0.131647 0.137099 0.123410 0.269052 0.156602 0.214756 0.155258 0.126550 0.279966 0.262875 0.131885 0.170120 0.081483 0.050230 
0.169907 0.127933 0.123556 0.155448 0.277859 0.263698 0.107457 0.112958 0.124365 0.146401 0.092813 0.115507 0.101180 0.101104 0.120222 0.126022 0.118752 0.000000 0.119399 0.087627 0.134781 0.207672 0.155268 0.195358 0.190353 0.277532 0.322179 0.318686 0.328113 0.360098 0.313596 0.333132 0.288472 0.324088 0.310039 0.278539 0.272330 0.279893 0.307725 0.308241 0.326914 0.286590 0.267503 0.345600 0.319378 0.283888 0.169973 0.148721 0.197792 0.143927 0.156062 0.182214 0.177412 0.132726 0.213056 0.199884 0.221520 0.300948 0.203132 0.336419 0.405039 0.360376 0.198561 0.318701 0.343528 0.214788 0.341003 0.348227 0.291538 0.317132 0.336924 0.120344 0.126289 0.128645 0.124142 0.124611 0.119300 0.259923 0.280365 0.202239 0.250054 0.207004 0.205538 0.185452 0.200969 0.475166 0.096988 0.438048 0.198382 0.184904 0.299704 0.169195 0.519844 0.360827 0.193805 0.315363 0.344759 0.149136 0.165198 0.147841 0.188347 0.167383 0.153341 0.175838 0.160450 0.174319 0.176900 0.153765 0.208539 0.169548 0.165198 0.143861 0.152922 0.114120 0.139321 0.138427 0.104047 0.156171 0.139433 0.158104 0.130561 0.160969 0.162362 0.195635 0.168285 0.168272 0.148030 0.183923 0.198072 0.176083 0.178899 0.160643 0.187808 0.152145 0.191218 0.163868 0.163514 0.180210 0.157811 0.180407 0.182977 0.154689 0.185430 0.074265 0.105808 0.157218 0.167613 0.311727 0.113133 0.134739 0.129111 0.247565 0.121404 0.115533 0.103151 0.220170 0.146896 0.106814 0.063205 0.091216 0.105972 0.137338 0.129247 0.101983 0.134615 0.112589 0.155467 0.288622 0.230651 0.277266 0.285625 0.274535 0.266819 0.274240 0.307263 0.179439 0.211934 0.163614 0.166332 0.160267 0.188010 0.187630 0.216741 0.128344 0.164323 0.111347 0.154003 0.186651 0.386959 0.192210 0.118118 0.182401 0.166095 0.172727 0.159291 0.177047 0.152239 0.121455 0.154864 0.163549 0.166470 0.135601 0.143055 0.179632 0.157285 0.142396 0.160334 0.118026 0.101576 0.101602 0.089248 0.072985 0.183233 0.101993 0.145532 0.106810 0.109126 0.112596 0.119504 0.169795 0.194091 0.215318 0.148954 0.110772 0.165648 0.119856 0.116964 0.150291 0.137443 0.118238 0.092921 0.216101 0.194119 0.160861 0.176278 0.158624 0.236001 0.218575 0.134463 0.178914 0.119076 0.129279 
