245 245
0.000000 0.112139 0.122304 0.110626 0.190742 0.170321 0.157929 0.171799 0.168293 0.194000 0.159326 0.152458 0.159125 0.159891 0.179681 0.174551 0.152741 0.190372 0.156859 0.151630 0.145469 0.146496 0.170078 0.237491 0.263911 0.151039 0.237264 0.240650 0.275812 0.291570 0.318627 0.322587 0.310259 0.324924 0.284934 0.306863 0.305646 0.283353 0.271464 0.280208 0.295116 0.281420 0.328300 0.283490 0.267069 0.266519 0.322896 0.309910 0.284428 0.323425 0.178685 0.183122 0.215013 0.191920 0.175886 0.183103 0.193876 0.173194 0.190406 0.172606 0.182403 0.211280 0.216346 0.211390 0.186911 0.267988 0.221568 0.318722 0.269888 0.276990 0.290133 0.184302 0.243386 0.277124 0.200079 0.299348 0.275617 0.251995 0.269823 0.128918 0.141782 0.146727 0.145881 0.263757 0.265598 0.178163 0.242078 0.269895 0.277144 0.135748 0.212873 0.175484 0.130892 0.427721 0.186992 0.419596 0.220972 0.248613 0.235982 0.328117 0.205614 0.473987 0.354077 0.526936 0.434418 0.343243 0.330792 0.189831 0.157773 0.188015 0.180059 0.170715 0.201208 0.179359 0.192425 0.195782 0.190993 0.198628 0.203315 0.165823 0.190419 0.131042 0.182588 0.146219 0.129306 0.128251 0.136578 0.153724 0.135518 0.191249 0.186254 0.186875 0.224785 0.186807 0.214404 0.203160 0.223859 0.207668 0.198434 0.205926 0.215571 0.182877 0.207732 0.229295 0.198663 0.210873 0.219183 0.199030 0.217377 0.219780 0.143837 0.227850 0.149800 0.186570 0.178435 0.154003 0.168821 0.191422 0.216259 0.167343 0.170892 0.185655 0.161375 0.168390 0.159019 0.255326 0.126813 0.192324 0.195224 0.201714 0.244594 0.164951 0.281040 0.249905 0.279604 0.279437 0.278026 0.258479 0.296171 0.163813 0.217990 0.194890 0.195005 0.178885 0.209810 0.182747 0.190938 0.154336 0.103352 0.140440 0.137689 0.186955 0.139453 0.364063 0.164122 0.146559 0.118506 0.134018 0.147519 0.132688 0.135980 0.125915 0.134165 0.159121 0.115386 0.125940 0.108805 0.131700 0.169986 0.162360 0.177809 0.180869 0.159438 0.152423 0.126850 0.152256 0.159500 0.130896 0.145316 0.134822 0.136491 0.127123 0.142456 0.110101 0.155530 0.146366 0.145586 0.141834 0.207859 0.185060 0.170604 0.204897 0.161482 0.221893 0.125708 0.151159 0.200195 0.214178 0.160094 0.160312 0.173505 0.121089 0.113363 0.232671 0.211528 
0.112139 0.000000 0.084968 0.103682 0.200356 0.193927 0.134006 0.157775 0.151325 0.170128 0.127805 0.140816 0.133108 0.137612 0.146401 0.148315 0.116832 0.162270 0.131711 0.100121 0.141659 0.133705 0.157476 0.212210 0.245860 0.139948 0.222355 0.215017 0.258143 0.298466 0.308823 0.335432 0.285458 0.301534 0.270164 0.309078 0.281580 0.253628 0.268844 0.298335 0.272173 0.282217 0.304183 0.268066 0.245171 0.243343 0.317334 0.289572 0.256985 0.319520 0.151836 0.155337 0.173521 0.146175 0.158593 0.193983 0.163063 0.141801 0.158949 0.177922 0.117474 0.210623 0.221278 0.181813 0.189317 0.262128 0.201223 0.292265 0.276731 0.264502 0.312489 0.166188 0.268985 0.217015 0.188554 0.291875 0.297418 0.262058 0.283932 0.126231 0.135791 0.124371 0.138089 0.206291 0.245261 0.144637 0.191673 0.201401 0.256501 0.179506 0.141311 0.105006 0.142470 0.418099 0.160496 0.399687 0.217299 0.193112 0.223739 0.282998 0.184340 0.463114 0.339674 0.510039 0.442638 0.320129 0.319529 0.167003 0.165820 0.153409 0.158045 0.159033 0.164489 0.153665 0.157193 0.166371 0.164272 0.173730 0.160205 0.156261 0.176895 0.091243 0.158143 0.109213 0.099043 0.104117 0.103491 0.125842 0.108090 0.160758 0.164606 0.166624 0.193837 0.164426 0.181629 0.160762 0.184456 0.190471 0.186292 0.177056 0.188813 0.149398 0.189395 0.205458 0.176274 0.183403 0.185788 0.164053 0.184471 0.185267 0.153557 0.211051 0.117367 0.158622 0.181492 0.134147 0.155983 0.165785 0.186705 0.158521 0.145690 0.161702 0.146660 0.162363 0.139808 0.258509 0.092222 0.178494 0.178750 0.175118 0.220230 0.155535 0.215788 0.195143 0.228681 0.212716 0.217018 0.203713 0.215004 0.146230 0.205142 0.149354 0.153260 0.120370 0.181991 0.126217 0.146119 0.094033 0.118702 0.112003 0.093136 0.158624 0.122993 0.336012 0.141003 0.158195 0.115037 0.129352 0.133433 0.073435 0.086206 0.096692 0.130709 0.118582 0.093567 0.095151 0.080361 0.084416 0.111161 0.110096 0.109737 0.116569 0.150994 0.139998 0.117355 0.137491 0.144726 0.106842 0.118617 0.111571 0.153094 0.079395 0.112821 0.110356 0.107041 0.104894 0.111086 0.093344 0.190719 0.160030 0.133381 0.157927 0.129863 0.173399 0.109258 0.118020 0.178490 0.200982 0.146307 0.096046 0.145331 0.102529 0.091821 0.216585 0.191722 
0.122304 0.084968 0.000000 0.070656 0.219758 0.180365 0.150145 0.154976 0.136605 0.153362 0.123193 0.122948 0.119109 0.138714 0.119700 0.114989 0.117469 0.175699 0.113094 0.118421 0.124517 0.097775 0.154744 0.216564 0.253042 0.138555 0.218709 0.220776 0.262387 0.301754 0.311717 0.339176 0.290312 0.304281 0.274651 0.316508 0.283054 0.257986 0.277917 0.311504 0.281084 0.285667 0.307593 0.277266 0.245788 0.244954 0.318404 0.290379 0.257876 0.320137 0.147636 0.149601 0.176009 0.138771 0.148480 0.173844 0.134134 0.128400 0.136867 0.188274 0.146725 0.218960 0.237284 0.186494 0.181222 0.271212 0.207445 0.285064 0.274870 0.257647 0.304105 0.166875 0.264407 0.236553 0.191989 0.277507 0.294771 0.266969 0.291320 0.088397 0.103202 0.084016 0.072932 0.254489 0.257143 0.170928 0.201290 0.236362 0.261386 0.176029 0.175524 0.140677 0.110944 0.434739 0.167256 0.437706 0.231671 0.228915 0.231662 0.299990 0.198153 0.480203 0.360512 0.546897 0.406914 0.318310 0.351169 0.163628 0.161309 0.138474 0.158609 0.158913 0.163153 0.150722 0.154599 0.153055 0.151433 0.157053 0.147432 0.159221 0.176320 0.105945 0.151458 0.105291 0.085036 0.081655 0.104295 0.126856 0.110467 0.152573 0.152919 0.169489 0.194238 0.157912 0.169159 0.165558 0.175971 0.191323 0.165755 0.175610 0.180516 0.138791 0.185962 0.194079 0.168114 0.176752 0.189037 0.163561 0.166733 0.178525 0.156284 0.216650 0.107383 0.144341 0.162001 0.123158 0.144909 0.136508 0.160412 0.104914 0.128228 0.157757 0.134322 0.134186 0.105803 0.248153 0.081879 0.158626 0.145756 0.157465 0.192392 0.123008 0.254179 0.211292 0.233826 0.245265 0.247583 0.228984 0.257164 0.137657 0.189749 0.163506 0.148173 0.140533 0.184346 0.144742 0.159903 0.111798 0.137119 0.126149 0.150899 0.130570 0.110853 0.317673 0.158800 0.160996 0.118769 0.138599 0.161128 0.115896 0.105399 0.101740 0.129305 0.130400 0.091307 0.100097 0.085857 0.090279 0.132027 0.125935 0.137257 0.130863 0.155215 0.126373 0.094619 0.143106 0.144866 0.093828 0.099244 0.089476 0.148747 0.079881 0.125552 0.098694 0.088590 0.104738 0.084571 0.099598 0.168299 0.166582 0.131777 0.167531 0.124145 0.177403 0.112963 0.120089 0.176108 0.213227 0.147343 0.147877 0.134198 0.097786 0.102281 0.202449 0.185240 
0.110626 0.103682 0.070656 0.000000 0.202963 0.137575 0.164287 0.156858 0.145881 0.166422 0.135129 0.129435 0.137694 0.150706 0.146115 0.138250 0.138556 0.183426 0.126295 0.141349 0.131100 0.112583 0.159736 0.217607 0.239796 0.131191 0.211819 0.216711 0.252778 0.292822 0.300489 0.330487 0.281095 0.298395 0.262996 0.307375 0.276147 0.248544 0.263298 0.301888 0.272804 0.277991 0.298506 0.265630 0.237191 0.235791 0.309830 0.282203 0.249028 0.311539 0.144619 0.145548 0.172692 0.150978 0.139713 0.178394 0.155639 0.137679 0.151291 0.189114 0.156460 0.210282 0.220129 0.202865 0.171625 0.244525 0.199827 0.277733 0.264794 0.235958 0.286571 0.155247 0.245099 0.216429 0.177340 0.246661 0.272243 0.270929 0.285252 0.099809 0.116924 0.108044 0.103748 0.257518 0.256477 0.176160 0.212967 0.240850 0.252145 0.153068 0.181348 0.148131 0.104551 0.409330 0.184012 0.439852 0.224900 0.252796 0.242076 0.325620 0.211287 0.462788 0.378821 0.548555 0.379293 0.322989 0.346934 0.169581 0.158381 0.145590 0.145885 0.150257 0.163767 0.142248 0.148539 0.156466 0.152269 0.160216 0.157323 0.148080 0.169372 0.126543 0.157684 0.123034 0.102955 0.099089 0.114818 0.137080 0.125435 0.163422 0.160166 0.169572 0.197767 0.165546 0.182243 0.175949 0.186938 0.192261 0.179058 0.177058 0.187040 0.150930 0.190326 0.207123 0.176767 0.191511 0.191481 0.164930 0.180213 0.186284 0.160744 0.227569 0.138531 0.160959 0.146956 0.128152 0.161636 0.156433 0.178229 0.128103 0.135332 0.155472 0.137779 0.151218 0.136486 0.259185 0.115180 0.181588 0.166355 0.176758 0.192721 0.149524 0.264161 0.211572 0.245036 0.255406 0.251911 0.235810 0.265952 0.155534 0.197946 0.174259 0.166844 0.154901 0.186581 0.157630 0.171743 0.136070 0.152260 0.114875 0.167299 0.156398 0.135852 0.339753 0.175951 0.170154 0.120549 0.143753 0.168510 0.131958 0.131392 0.118340 0.126148 0.156846 0.105305 0.122044 0.096927 0.110345 0.144980 0.151741 0.152246 0.156079 0.156347 0.127008 0.114566 0.149506 0.160273 0.119081 0.121741 0.109957 0.149909 0.115236 0.146359 0.112220 0.117330 0.118259 0.110082 0.118967 0.186297 0.182497 0.158833 0.190927 0.152064 0.204994 0.115516 0.127794 0.182465 0.208836 0.145275 0.154005 0.137977 0.116180 0.119133 0.206691 0.188170 
0.190742 0.200356 0.219758 0.202963 0.000000 0.104061 0.205389 0.244811 0.254139 0.245665 0.252297 0.255152 0.258049 0.252000 0.240545 0.249998 0.243175 0.220558 0.220242 0.236569 0.232725 0.248555 0.236668 0.282384 0.301888 0.214279 0.294831 0.280925 0.289743 0.327832 0.308124 0.353578 0.310816 0.313127 0.295310 0.325641 0.301659 0.304844 0.305776 0.340470 0.295526 0.314005 0.316259 0.300109 0.291478 0.301318 0.333815 0.320081 0.293102 0.336984 0.249314 0.266979 0.265010 0.258370 0.271753 0.270293 0.272630 0.253482 0.253183 0.252961 0.214061 0.263293 0.262701 0.252892 0.220556 0.199206 0.228047 0.242416 0.185181 0.206715 0.208233 0.248264 0.198395 0.215812 0.215512 0.238260 0.218009 0.194637 0.208967 0.220015 0.221494 0.241244 0.251681 0.232239 0.250058 0.148395 0.224270 0.224081 0.252603 0.140218 0.199982 0.196968 0.182463 0.296928 0.238052 0.361490 0.180739 0.236004 0.172685 0.282237 0.209268 0.377920 0.286758 0.481314 0.391675 0.310346 0.246456 0.240151 0.281998 0.276019 0.260929 0.274228 0.266303 0.250897 0.270384 0.263291 0.275828 0.289770 0.276041 0.267556 0.292564 0.172890 0.230842 0.207489 0.200905 0.210280 0.202882 0.194948 0.192514 0.247597 0.255022 0.255877 0.283514 0.254697 0.269201 0.259121 0.265324 0.273312 0.269225 0.247709 0.269483 0.243325 0.275128 0.285222 0.260706 0.272820 0.264787 0.264814 0.275980 0.272569 0.273078 0.225704 0.233351 0.237735 0.216162 0.245344 0.213601 0.283235 0.320237 0.252440 0.256090 0.239967 0.255664 0.238904 0.227930 0.231250 0.220420 0.258065 0.300773 0.283088 0.270393 0.244986 0.251509 0.236095 0.262417 0.248419 0.243986 0.243042 0.248421 0.205330 0.235548 0.231183 0.240702 0.213644 0.238270 0.228738 0.185779 0.210777 0.165876 0.215881 0.200090 0.288545 0.268676 0.469011 0.168797 0.188052 0.172119 0.167949 0.176198 0.198281 0.205667 0.177337 0.203441 0.199094 0.201385 0.186835 0.177812 0.217981 0.226922 0.204690 0.193601 0.208599 0.269198 0.253523 0.245767 0.254687 0.240985 0.230818 0.230812 0.245968 0.189077 0.209012 0.226324 0.174484 0.242163 0.229967 0.240505 0.225663 0.287962 0.262500 0.245227 0.263864 0.257496 0.284412 0.220752 0.219040 0.243475 0.185022 0.210130 0.190091 0.230988 0.207648 0.200092 0.256205 0.247221 
0.170321 0.193927 0.180365 0.137575 0.104061 0.000000 0.205563 0.231268 0.231873 0.232215 0.239653 0.240609 0.244453 0.238621 0.213721 0.224004 0.226641 0.211533 0.210899 0.235543 0.214500 0.224115 0.230396 0.255821 0.269100 0.198171 0.258122 0.250721 0.261786 0.297683 0.299459 0.327729 0.284112 0.296722 0.269991 0.305889 0.279902 0.268920 0.280743 0.312494 0.265840 0.282937 0.298762 0.281149 0.262891 0.265221 0.313704 0.295709 0.264149 0.315523 0.222604 0.241085 0.241336 0.223414 0.245869 0.246648 0.243858 0.227292 0.232049 0.236056 0.204043 0.236794 0.237400 0.235791 0.191825 0.186601 0.216156 0.215862 0.187888 0.174593 0.203576 0.221782 0.184301 0.178376 0.189405 0.210037 0.201274 0.216934 0.213925 0.196007 0.194550 0.205588 0.221815 0.248170 0.251733 0.153004 0.215198 0.234034 0.249596 0.106649 0.186574 0.181538 0.142305 0.326639 0.236487 0.387399 0.178340 0.250523 0.190087 0.302639 0.197855 0.375333 0.317065 0.498527 0.338617 0.319494 0.265660 0.228968 0.239090 0.235860 0.221233 0.244606 0.224660 0.217328 0.237607 0.229562 0.237341 0.251360 0.239145 0.239075 0.256170 0.167365 0.204725 0.192880 0.173207 0.188707 0.189428 0.192536 0.179498 0.237001 0.240849 0.244164 0.278750 0.242764 0.266229 0.250367 0.258983 0.271217 0.265665 0.243561 0.266327 0.231043 0.269943 0.282814 0.255757 0.270009 0.260782 0.251605 0.263016 0.270629 0.246987 0.207942 0.218374 0.214086 0.150373 0.220691 0.193535 0.251831 0.288453 0.219518 0.231318 0.220206 0.219678 0.210002 0.203763 0.213526 0.206051 0.258179 0.272045 0.269564 0.218025 0.216263 0.260372 0.220511 0.247361 0.251850 0.248881 0.237757 0.255831 0.192599 0.229557 0.219259 0.215024 0.193595 0.225679 0.205626 0.173315 0.210142 0.180094 0.197030 0.205734 0.259239 0.246663 0.445316 0.169228 0.178690 0.167047 0.166456 0.185109 0.195031 0.195333 0.172397 0.190141 0.189381 0.188698 0.182296 0.161107 0.206070 0.211017 0.205583 0.200920 0.205699 0.251492 0.230082 0.228719 0.248665 0.235869 0.212350 0.214081 0.218786 0.168357 0.207225 0.222536 0.172091 0.221601 0.221879 0.215847 0.214530 0.270683 0.250629 0.237833 0.254350 0.238075 0.279168 0.199909 0.197241 0.217897 0.173073 0.200154 0.192530 0.215617 0.192959 0.185112 0.228729 0.222669 
0.157929 0.134006 0.150145 0.164287 0.205389 0.205563 0.000000 0.127890 0.135060 0.139724 0.114910 0.129043 0.117375 0.134429 0.138910 0.148670 0.094412 0.082667 0.147605 0.096932 0.151533 0.132333 0.140708 0.154110 0.191820 0.143477 0.193709 0.150101 0.244581 0.278339 0.287319 0.311819 0.276492 0.280200 0.254421 0.280308 0.268232 0.253347 0.251567 0.284589 0.252825 0.264853 0.281714 0.262706 0.231249 0.236658 0.293680 0.273231 0.248334 0.295560 0.172066 0.169441 0.180416 0.163245 0.180716 0.176991 0.180430 0.168303 0.164777 0.124729 0.115358 0.171784 0.169394 0.103307 0.103370 0.234479 0.160469 0.306722 0.229462 0.267899 0.275501 0.184394 0.242832 0.233118 0.187782 0.276090 0.267141 0.220555 0.254185 0.135454 0.137930 0.140966 0.149405 0.194625 0.193595 0.146523 0.183124 0.194935 0.217286 0.193941 0.151309 0.123422 0.166872 0.357800 0.080262 0.328092 0.131906 0.115697 0.172597 0.211968 0.120997 0.391674 0.254122 0.430822 0.421841 0.242529 0.244232 0.140869 0.185266 0.177640 0.183573 0.182253 0.177399 0.175814 0.192837 0.173948 0.180576 0.193689 0.187751 0.172854 0.203251 0.137078 0.125544 0.145134 0.140659 0.156103 0.136664 0.146188 0.151011 0.159382 0.170777 0.172220 0.200040 0.172552 0.183234 0.175369 0.186101 0.194655 0.185953 0.169974 0.183646 0.157226 0.196326 0.199584 0.181753 0.183757 0.187335 0.189775 0.187013 0.190526 0.166948 0.126094 0.103346 0.132849 0.150589 0.139452 0.114754 0.173541 0.214974 0.160636 0.131284 0.131818 0.133762 0.123177 0.117493 0.172383 0.112556 0.148660 0.176105 0.189268 0.166150 0.135881 0.235477 0.184013 0.222952 0.229593 0.214255 0.219584 0.237933 0.104549 0.137790 0.129818 0.122534 0.112012 0.137700 0.119191 0.176044 0.119877 0.140691 0.134597 0.121671 0.230574 0.208851 0.416739 0.124141 0.141094 0.096928 0.116266 0.119805 0.123980 0.125280 0.115237 0.119627 0.139804 0.129433 0.128900 0.121758 0.138265 0.119288 0.111796 0.109172 0.113655 0.180614 0.133511 0.158018 0.110251 0.088174 0.127059 0.134094 0.127955 0.160414 0.115619 0.144457 0.140847 0.132669 0.123559 0.151507 0.141663 0.176336 0.119751 0.106431 0.125894 0.110807 0.123936 0.148910 0.086520 0.138198 0.129025 0.171182 0.125280 0.161702 0.102058 0.098507 0.147007 0.152095 
0.171799 0.157775 0.154976 0.156858 0.244811 0.231268 0.127890 0.000000 0.067880 0.077297 0.092183 0.123587 0.110554 0.082147 0.095233 0.106181 0.098316 0.122521 0.100127 0.128423 0.108330 0.124256 0.079508 0.194885 0.192861 0.117113 0.134446 0.191322 0.211867 0.246636 0.262403 0.284784 0.242882 0.272052 0.228925 0.244918 0.245893 0.213680 0.215080 0.260036 0.206913 0.246205 0.256230 0.255493 0.225794 0.228974 0.295539 0.273892 0.244076 0.300339 0.127804 0.130265 0.161519 0.093855 0.146395 0.146716 0.137378 0.136491 0.105426 0.185253 0.154552 0.169754 0.169429 0.177959 0.134893 0.297838 0.200435 0.359962 0.283762 0.331684 0.349874 0.147820 0.303649 0.270963 0.172598 0.312030 0.332245 0.278248 0.330575 0.132826 0.089306 0.134306 0.145465 0.272512 0.251633 0.213277 0.248731 0.259297 0.250767 0.234705 0.220698 0.193491 0.189388 0.469685 0.089941 0.380148 0.192919 0.154672 0.268678 0.253206 0.166769 0.500098 0.325942 0.498816 0.456333 0.234919 0.305456 0.082753 0.139691 0.155765 0.121715 0.137232 0.102785 0.136615 0.163556 0.147920 0.155620 0.174123 0.163172 0.136482 0.189398 0.152831 0.154328 0.138066 0.103687 0.123230 0.106611 0.107261 0.113903 0.106764 0.118081 0.106166 0.166097 0.135170 0.138494 0.138764 0.151970 0.139032 0.132963 0.132481 0.129574 0.112780 0.138572 0.136295 0.119145 0.150296 0.156211 0.143692 0.135449 0.150797 0.128301 0.177435 0.109536 0.097307 0.206772 0.094038 0.171280 0.146855 0.156383 0.141794 0.079039 0.069711 0.094310 0.138861 0.125544 0.223428 0.135556 0.149688 0.126925 0.129376 0.213390 0.127521 0.294367 0.238237 0.281663 0.290280 0.274040 0.281644 0.303288 0.147732 0.194331 0.193091 0.188629 0.193046 0.194704 0.180724 0.202359 0.137011 0.162734 0.084844 0.161856 0.184203 0.194286 0.404928 0.202063 0.136983 0.123023 0.167129 0.168550 0.157654 0.147062 0.134212 0.133832 0.172766 0.140841 0.153288 0.120127 0.151508 0.151559 0.162635 0.170287 0.163642 0.123601 0.102465 0.128898 0.141276 0.149217 0.144715 0.102870 0.098548 0.148493 0.138317 0.170831 0.139220 0.147960 0.138300 0.140002 0.162492 0.149318 0.159903 0.166760 0.198781 0.153619 0.188341 0.108320 0.103182 0.115288 0.215941 0.147835 0.189853 0.116141 0.116802 0.122684 0.133250 0.099433 
0.168293 0.151325 0.136605 0.145881 0.254139 0.231873 0.135060 0.067880 0.000000 0.059791 0.099333 0.132809 0.109318 0.103136 0.087166 0.082296 0.108478 0.131565 0.095251 0.121352 0.089983 0.122834 0.078123 0.191806 0.195762 0.094049 0.144622 0.189662 0.182276 0.227394 0.250044 0.266658 0.224527 0.253822 0.211938 0.234489 0.210669 0.186958 0.211362 0.245263 0.202209 0.222048 0.239378 0.220852 0.190328 0.192009 0.259876 0.238583 0.204606 0.264682 0.105818 0.097599 0.127328 0.104607 0.098347 0.127516 0.108877 0.122765 0.106574 0.163930 0.142674 0.143088 0.149308 0.164187 0.130110 0.276058 0.171957 0.332350 0.251718 0.301741 0.315944 0.108110 0.277868 0.253425 0.152963 0.288201 0.301294 0.255219 0.295994 0.120660 0.109585 0.107821 0.123079 0.255894 0.239931 0.203542 0.226963 0.237637 0.250024 0.213262 0.199905 0.169266 0.155147 0.470242 0.115920 0.402113 0.196595 0.173147 0.262813 0.268357 0.147713 0.504885 0.327840 0.518578 0.447545 0.247492 0.307802 0.076400 0.134659 0.125266 0.116038 0.129395 0.110891 0.113945 0.125613 0.117125 0.123403 0.136299 0.133317 0.107231 0.152401 0.138552 0.131930 0.119082 0.097527 0.110042 0.111713 0.129585 0.108933 0.098136 0.112198 0.103206 0.146729 0.120032 0.131061 0.119133 0.126329 0.135662 0.135536 0.114496 0.120377 0.103949 0.133169 0.129153 0.126782 0.129448 0.147540 0.124804 0.105765 0.133829 0.119792 0.173480 0.106858 0.092244 0.200098 0.089231 0.158819 0.130394 0.149472 0.127944 0.066512 0.082208 0.087936 0.136649 0.110285 0.222214 0.136846 0.151677 0.113870 0.145024 0.207019 0.128603 0.293999 0.226518 0.268971 0.273662 0.264271 0.270062 0.291589 0.146404 0.182472 0.167957 0.161964 0.175935 0.190561 0.159558 0.177927 0.137403 0.173872 0.099353 0.175547 0.188557 0.187490 0.414057 0.189669 0.134961 0.130145 0.161617 0.164780 0.149801 0.128016 0.127056 0.134830 0.144249 0.124636 0.132649 0.116055 0.115920 0.158028 0.157110 0.166203 0.157436 0.151181 0.120041 0.127066 0.153507 0.159804 0.146058 0.104508 0.092626 0.145444 0.141133 0.162216 0.131426 0.144677 0.152476 0.143123 0.171045 0.145484 0.148203 0.156733 0.188924 0.140416 0.172055 0.103834 0.099546 0.127787 0.210915 0.122246 0.194060 0.092449 0.120280 0.119932 0.104268 0.106309 
0.194000 0.170128 0.153362 0.166422 0.245665 0.232215 0.139724 0.077297 0.059791 0.000000 0.110291 0.148813 0.113778 0.105422 0.080666 0.095469 0.126869 0.127555 0.099347 0.133754 0.111290 0.130527 0.070673 0.196515 0.197799 0.089924 0.148996 0.195491 0.188675 0.228970 0.250393 0.269594 0.220280 0.244912 0.211274 0.229606 0.217654 0.197468 0.196915 0.245053 0.198853 0.225004 0.230731 0.239604 0.199300 0.207686 0.274703 0.251444 0.217446 0.274641 0.111196 0.131370 0.133198 0.093128 0.132054 0.124575 0.123265 0.126135 0.122768 0.191606 0.145267 0.145046 0.159590 0.164127 0.128626 0.284319 0.189604 0.335561 0.262150 0.307577 0.329218 0.117585 0.284857 0.248669 0.168074 0.301346 0.314121 0.267159 0.309489 0.159775 0.121821 0.143138 0.151796 0.269174 0.242350 0.200327 0.234768 0.248767 0.243012 0.223428 0.204911 0.180384 0.166009 0.463509 0.100966 0.384550 0.208264 0.174898 0.262496 0.235396 0.156922 0.502607 0.303807 0.508787 0.434388 0.207901 0.294114 0.047778 0.151674 0.146532 0.120180 0.162121 0.115275 0.123069 0.137423 0.128259 0.141785 0.149199 0.145060 0.144969 0.164091 0.143232 0.150641 0.118981 0.109897 0.121130 0.105745 0.112984 0.108874 0.095254 0.105186 0.100478 0.139702 0.112374 0.122602 0.119303 0.114916 0.137104 0.130464 0.104322 0.119339 0.100586 0.132452 0.126937 0.123986 0.127295 0.131346 0.131206 0.114842 0.115946 0.134759 0.192979 0.116516 0.090927 0.217785 0.113561 0.175428 0.145649 0.182278 0.148046 0.072086 0.060838 0.105455 0.158745 0.120046 0.221806 0.147986 0.139445 0.133022 0.149465 0.211773 0.136655 0.291663 0.228845 0.269434 0.274252 0.268933 0.269906 0.295208 0.126112 0.180490 0.187137 0.178511 0.184473 0.192055 0.176668 0.178394 0.139857 0.170934 0.111682 0.174353 0.208033 0.200699 0.407308 0.196573 0.130507 0.128691 0.152790 0.162581 0.153442 0.140844 0.127624 0.156903 0.154721 0.139011 0.130842 0.121044 0.134714 0.161009 0.152259 0.159084 0.136182 0.169429 0.136062 0.147165 0.152254 0.165978 0.177221 0.113067 0.125075 0.153828 0.155721 0.169862 0.150732 0.157629 0.149008 0.159667 0.172507 0.157514 0.148579 0.152486 0.191696 0.166091 0.164125 0.130688 0.118533 0.148392 0.215169 0.121898 0.203563 0.113628 0.126734 0.136694 0.105287 0.098252 
0.159326 0.127805 0.123193 0.135129 0.252297 0.239653 0.114910 0.092183 0.099333 0.110291 0.000000 0.091356 0.040897 0.046862 0.090281 0.092088 0.082875 0.125375 0.108601 0.105376 0.114599 0.086329 0.105117 0.161008 0.175056 0.136517 0.170226 0.153280 0.241156 0.276853 0.293445 0.314653 0.269639 0.277414 0.260352 0.279506 0.265215 0.239568 0.243706 0.285333 0.245791 0.263291 0.277266 0.259680 0.219424 0.223294 0.291859 0.265841 0.240768 0.293593 0.133984 0.123701 0.147063 0.111250 0.128215 0.155655 0.128316 0.111334 0.109861 0.177272 0.142326 0.144585 0.152304 0.155559 0.153729 0.303829 0.206319 0.373446 0.287348 0.330497 0.344280 0.152714 0.312788 0.294059 0.182390 0.335929 0.333881 0.270505 0.327851 0.120305 0.105247 0.111960 0.111723 0.267538 0.239318 0.213611 0.247602 0.257659 0.224821 0.235470 0.208584 0.177012 0.186917 0.441736 0.094367 0.392989 0.196477 0.165919 0.246986 0.282982 0.158620 0.458412 0.334218 0.498525 0.439232 0.251252 0.316863 0.106790 0.143119 0.130795 0.146896 0.143094 0.141927 0.143987 0.145057 0.140236 0.142913 0.147265 0.135705 0.138112 0.166866 0.153016 0.125953 0.133245 0.116985 0.118805 0.125089 0.136532 0.136851 0.101457 0.103866 0.121352 0.138374 0.119061 0.124869 0.127256 0.135455 0.140830 0.129155 0.127429 0.132811 0.103399 0.140535 0.151326 0.127764 0.132147 0.146438 0.133384 0.131776 0.129085 0.114792 0.190721 0.098483 0.123820 0.209589 0.086891 0.169255 0.118221 0.146141 0.141539 0.081095 0.102727 0.107091 0.137376 0.116244 0.223091 0.093461 0.137863 0.122269 0.122560 0.207298 0.112581 0.286209 0.229095 0.268327 0.278505 0.273095 0.277980 0.293420 0.154833 0.184769 0.177626 0.162265 0.168732 0.171301 0.165391 0.212631 0.145479 0.166858 0.117947 0.153924 0.160897 0.146914 0.367015 0.181024 0.165279 0.114642 0.161365 0.146530 0.143274 0.141731 0.133444 0.128545 0.170689 0.124934 0.143180 0.114204 0.133992 0.143468 0.165729 0.166123 0.160106 0.092530 0.070933 0.082401 0.095198 0.114681 0.134617 0.081916 0.083117 0.176381 0.115424 0.148906 0.136347 0.088829 0.085965 0.108075 0.115971 0.143495 0.144143 0.128007 0.162929 0.125119 0.142354 0.120874 0.106264 0.140492 0.207538 0.156454 0.153390 0.122410 0.081611 0.106404 0.144191 0.122133 
0.152458 0.140816 0.122948 0.129435 0.255152 0.240609 0.129043 0.123587 0.132809 0.148813 0.091356 0.000000 0.088491 0.115098 0.146977 0.135891 0.103305 0.144812 0.108629 0.097595 0.106597 0.057845 0.121281 0.171424 0.206432 0.136823 0.214749 0.175200 0.268781 0.305100 0.300864 0.340146 0.302819 0.312426 0.273702 0.316302 0.296975 0.266629 0.273519 0.301767 0.285813 0.292779 0.311898 0.271056 0.248910 0.251713 0.316884 0.293518 0.266906 0.321696 0.167664 0.142107 0.184159 0.167038 0.155005 0.194268 0.164197 0.151064 0.119971 0.156967 0.156625 0.188560 0.190729 0.165279 0.150220 0.281465 0.184084 0.364085 0.292566 0.309264 0.315733 0.179395 0.282716 0.292513 0.192794 0.304928 0.311134 0.256478 0.300580 0.105787 0.090588 0.105350 0.106413 0.251434 0.238307 0.195588 0.230016 0.239091 0.248606 0.219760 0.197614 0.168526 0.177945 0.410438 0.116185 0.384616 0.207527 0.191684 0.226844 0.278767 0.189117 0.457641 0.340876 0.522252 0.435963 0.264124 0.317185 0.157105 0.191830 0.168936 0.181209 0.133039 0.181010 0.171546 0.182177 0.172547 0.176220 0.187269 0.180937 0.147216 0.199956 0.161850 0.151297 0.146170 0.126775 0.134758 0.131322 0.154802 0.143118 0.145127 0.142565 0.138277 0.173688 0.148854 0.165475 0.168182 0.184249 0.160280 0.149408 0.164897 0.164489 0.143742 0.153165 0.169460 0.136234 0.172808 0.186348 0.158717 0.161151 0.170431 0.155540 0.215894 0.116868 0.146336 0.210236 0.114494 0.178646 0.162860 0.168706 0.138790 0.132379 0.155751 0.155314 0.131501 0.130948 0.238612 0.113340 0.146912 0.134440 0.109437 0.212711 0.127977 0.276450 0.225135 0.258220 0.268854 0.264998 0.258979 0.293560 0.138149 0.157138 0.164163 0.173563 0.173065 0.172670 0.166255 0.214522 0.154583 0.160172 0.116811 0.170453 0.168851 0.158228 0.365564 0.173405 0.175614 0.126466 0.134264 0.139261 0.126849 0.157840 0.138163 0.104917 0.178955 0.105103 0.149313 0.127134 0.121629 0.155375 0.159321 0.170513 0.159848 0.113786 0.112447 0.111948 0.086817 0.114468 0.113849 0.101378 0.108369 0.162782 0.104468 0.117230 0.110461 0.102690 0.104481 0.110326 0.117898 0.138505 0.143458 0.137363 0.161122 0.121755 0.160562 0.138397 0.107157 0.161058 0.195840 0.142996 0.161800 0.129200 0.121549 0.124969 0.194174 0.185957 
0.159125 0.133108 0.119109 0.137694 0.258049 0.244453 0.117375 0.110554 0.109318 0.113778 0.040897 0.088491 0.000000 0.068299 0.085377 0.089766 0.090766 0.121361 0.111884 0.102364 0.125969 0.094021 0.114738 0.160622 0.186725 0.131537 0.181493 0.158683 0.233847 0.274743 0.293471 0.310786 0.268077 0.275480 0.257002 0.280458 0.260881 0.237649 0.244970 0.283019 0.249388 0.258918 0.276044 0.250189 0.202756 0.208535 0.280075 0.245646 0.220531 0.275263 0.122589 0.114750 0.139058 0.113938 0.117742 0.134124 0.116974 0.098281 0.110318 0.173910 0.136525 0.147934 0.160755 0.162615 0.165349 0.296714 0.203212 0.366733 0.280921 0.324727 0.331717 0.135794 0.304631 0.292047 0.195412 0.336818 0.330622 0.268540 0.317178 0.125646 0.120817 0.115252 0.108626 0.257926 0.231361 0.203094 0.239973 0.248405 0.234783 0.229651 0.201862 0.171865 0.182541 0.441519 0.107344 0.409534 0.205469 0.177810 0.246427 0.288507 0.164569 0.465397 0.345024 0.511542 0.442023 0.265028 0.326459 0.108410 0.149297 0.124530 0.147917 0.143212 0.144981 0.136932 0.135446 0.124162 0.128690 0.131945 0.125470 0.135702 0.153898 0.150729 0.133735 0.133839 0.124858 0.119050 0.128543 0.145934 0.148193 0.105095 0.104928 0.118900 0.129645 0.104734 0.112937 0.122946 0.124975 0.138969 0.119521 0.131207 0.124611 0.098648 0.131620 0.144756 0.114068 0.121982 0.136549 0.117675 0.123748 0.113876 0.116972 0.201817 0.096788 0.125901 0.211912 0.087133 0.169516 0.113499 0.147440 0.144049 0.086650 0.105004 0.113129 0.143378 0.118829 0.233987 0.091728 0.142513 0.124606 0.125908 0.213367 0.130466 0.283100 0.222462 0.264131 0.273339 0.269556 0.271249 0.291131 0.156441 0.182769 0.176333 0.158512 0.163235 0.168028 0.159308 0.210909 0.146838 0.170060 0.127877 0.162867 0.167471 0.152802 0.366514 0.171912 0.168056 0.110642 0.161463 0.142934 0.136454 0.146830 0.132530 0.133455 0.171508 0.115650 0.137755 0.111899 0.134413 0.150360 0.163663 0.160559 0.156727 0.114932 0.095294 0.091349 0.094377 0.121781 0.137152 0.077519 0.092454 0.191279 0.117251 0.148337 0.142646 0.096259 0.080693 0.100788 0.116478 0.146113 0.152026 0.141274 0.171492 0.134950 0.149699 0.139801 0.110475 0.156809 0.216609 0.163760 0.155768 0.129067 0.092163 0.117839 0.160748 0.143747 
0.159891 0.137612 0.138714 0.150706 0.252000 0.238621 0.134429 0.082147 0.103136 0.105422 0.046862 0.115098 0.068299 0.000000 0.079719 0.091997 0.090422 0.130630 0.114883 0.125309 0.109011 0.095804 0.096433 0.186183 0.191567 0.133501 0.151643 0.185685 0.233859 0.264770 0.294139 0.305100 0.265260 0.276212 0.251036 0.263059 0.266554 0.239025 0.234320 0.270850 0.222148 0.257090 0.276195 0.266496 0.230001 0.235065 0.297800 0.275395 0.248754 0.299962 0.137094 0.133785 0.151328 0.098449 0.137824 0.155564 0.131516 0.116528 0.114321 0.199531 0.153032 0.162632 0.165326 0.171406 0.166257 0.316618 0.224440 0.379222 0.300299 0.345459 0.363034 0.153893 0.321502 0.288459 0.191591 0.347769 0.347469 0.300293 0.348065 0.129047 0.100880 0.132960 0.125380 0.288616 0.259983 0.230839 0.268649 0.278007 0.248663 0.242693 0.228392 0.195530 0.196276 0.462977 0.099926 0.401767 0.201343 0.170342 0.270223 0.284019 0.169206 0.489411 0.340989 0.504388 0.447353 0.251768 0.324583 0.089248 0.121495 0.139075 0.138149 0.150181 0.129971 0.141797 0.151982 0.144510 0.148479 0.155533 0.146849 0.142644 0.169687 0.148373 0.155092 0.144177 0.111912 0.113368 0.119968 0.130107 0.128693 0.103397 0.102970 0.115173 0.141443 0.120579 0.130646 0.128186 0.142177 0.139845 0.130456 0.134872 0.139099 0.111383 0.140191 0.150646 0.122804 0.130125 0.154272 0.141468 0.143473 0.135106 0.106218 0.199147 0.103853 0.127111 0.215077 0.088156 0.182453 0.118329 0.153773 0.154467 0.082048 0.088698 0.105783 0.142110 0.129819 0.230475 0.105609 0.153131 0.131495 0.114448 0.226363 0.127210 0.303808 0.248349 0.286885 0.299402 0.292658 0.297030 0.310823 0.158451 0.213344 0.203542 0.191763 0.189302 0.200727 0.189828 0.221798 0.154751 0.164749 0.123002 0.147980 0.168550 0.136405 0.362732 0.210696 0.152174 0.127088 0.181446 0.176142 0.163068 0.157808 0.147893 0.152778 0.185554 0.141552 0.152759 0.122662 0.154676 0.146375 0.182302 0.186600 0.170509 0.093761 0.096843 0.077969 0.113122 0.139999 0.159600 0.087715 0.098624 0.169804 0.131297 0.162065 0.143779 0.104340 0.096202 0.121780 0.121654 0.172422 0.166302 0.162781 0.204098 0.166316 0.183071 0.122275 0.120896 0.146451 0.235016 0.152204 0.170723 0.133609 0.095152 0.122541 0.149330 0.117538 
0.179681 0.146401 0.119700 0.146115 0.240545 0.213721 0.138910 0.095233 0.087166 0.080666 0.090281 0.146977 0.085377 0.079719 0.000000 0.047887 0.111281 0.137920 0.100691 0.139407 0.105768 0.125720 0.096486 0.202272 0.224486 0.110275 0.166013 0.201835 0.189333 0.229208 0.265742 0.272004 0.223221 0.234350 0.217837 0.233782 0.213170 0.197215 0.204660 0.250205 0.198727 0.217082 0.229195 0.234540 0.178351 0.186141 0.256021 0.227945 0.195517 0.251828 0.079318 0.090790 0.114072 0.063869 0.092450 0.099968 0.063139 0.061740 0.073517 0.191971 0.134468 0.155392 0.177407 0.195269 0.163100 0.293113 0.204881 0.343241 0.270601 0.314665 0.345698 0.109802 0.293242 0.265714 0.184359 0.328181 0.321768 0.290083 0.325169 0.135486 0.106899 0.127036 0.116736 0.272753 0.248850 0.200818 0.242684 0.254538 0.248243 0.219011 0.205330 0.184021 0.156433 0.485328 0.130402 0.435145 0.225444 0.191825 0.280888 0.286029 0.176161 0.515780 0.346839 0.534323 0.442003 0.270103 0.342377 0.072121 0.103710 0.098150 0.095510 0.128324 0.095538 0.085969 0.097841 0.086299 0.090496 0.098003 0.092734 0.119638 0.122391 0.139939 0.164972 0.124751 0.084418 0.102387 0.108826 0.133245 0.124629 0.079097 0.078316 0.089419 0.126797 0.081156 0.095633 0.102842 0.106126 0.117178 0.099228 0.116850 0.106493 0.082827 0.111192 0.117082 0.091355 0.104908 0.119588 0.105386 0.100395 0.108805 0.089788 0.196208 0.090287 0.107688 0.216146 0.061483 0.168967 0.078936 0.120994 0.131774 0.061292 0.077268 0.089276 0.141883 0.099423 0.242627 0.109567 0.154409 0.114837 0.124114 0.228022 0.145324 0.284955 0.221828 0.265865 0.274800 0.263049 0.266584 0.284138 0.158386 0.208796 0.199770 0.177153 0.176035 0.195756 0.174057 0.184093 0.139716 0.164934 0.123493 0.167448 0.166248 0.155037 0.370191 0.206382 0.156206 0.125231 0.174626 0.185487 0.168932 0.149272 0.128415 0.165599 0.173333 0.140678 0.130648 0.106666 0.144382 0.163022 0.168514 0.167545 0.150562 0.148150 0.133407 0.109344 0.156848 0.172746 0.156043 0.094719 0.108037 0.179591 0.138069 0.171542 0.149245 0.125712 0.115329 0.118337 0.135323 0.165166 0.177592 0.180260 0.216207 0.172343 0.195732 0.129258 0.118899 0.161583 0.236858 0.150270 0.190348 0.121628 0.112622 0.128376 0.143091 0.121109 
0.174551 0.148315 0.114989 0.138250 0.249998 0.224004 0.148670 0.106181 0.082296 0.095469 0.092088 0.135891 0.089766 0.091997 0.047887 0.000000 0.105276 0.146599 0.092631 0.121744 0.102217 0.126194 0.103475 0.209153 0.219514 0.107921 0.168542 0.206699 0.199850 0.242514 0.270426 0.285969 0.230506 0.247595 0.222665 0.254716 0.222604 0.198675 0.218551 0.258536 0.223233 0.225355 0.245365 0.238764 0.199339 0.201764 0.271848 0.245900 0.209625 0.271674 0.086614 0.078731 0.129264 0.080493 0.088123 0.113406 0.060133 0.063536 0.069025 0.177742 0.134334 0.166136 0.185234 0.192662 0.161704 0.289469 0.189132 0.340491 0.275155 0.313066 0.341991 0.113462 0.291562 0.279418 0.189715 0.317663 0.323605 0.283397 0.315808 0.119746 0.119829 0.098285 0.090036 0.276075 0.257828 0.206556 0.243540 0.256271 0.266954 0.221250 0.208172 0.184515 0.154224 0.479659 0.135616 0.440181 0.232871 0.203964 0.274819 0.306725 0.181715 0.518689 0.362644 0.548989 0.445338 0.290271 0.351864 0.093490 0.113431 0.089962 0.103363 0.111353 0.108429 0.090065 0.099553 0.095670 0.096071 0.101719 0.095905 0.103765 0.125306 0.140727 0.173156 0.123543 0.085157 0.095225 0.118785 0.143074 0.124192 0.088914 0.082257 0.106004 0.136188 0.091095 0.108729 0.110220 0.124980 0.126662 0.110544 0.117848 0.117921 0.087429 0.122351 0.118869 0.101356 0.117952 0.139788 0.119331 0.112199 0.121019 0.089447 0.202960 0.091328 0.120760 0.213312 0.043824 0.165057 0.059514 0.088999 0.104996 0.074083 0.100084 0.097916 0.132577 0.090671 0.237790 0.092750 0.153858 0.082898 0.111412 0.224121 0.138877 0.290289 0.232606 0.273280 0.277441 0.274460 0.273010 0.293870 0.165166 0.196051 0.193452 0.180390 0.181787 0.199261 0.177941 0.184128 0.135251 0.163836 0.124001 0.176344 0.144048 0.126475 0.369937 0.205308 0.172133 0.133243 0.175460 0.190285 0.172792 0.139110 0.135693 0.154902 0.177929 0.136322 0.137777 0.116670 0.142692 0.173352 0.165169 0.175472 0.155591 0.152173 0.137086 0.092092 0.154276 0.172079 0.137564 0.092648 0.095578 0.179791 0.134749 0.165877 0.134779 0.108688 0.119168 0.101072 0.128708 0.145062 0.154500 0.173627 0.205220 0.158562 0.182463 0.124409 0.111750 0.158452 0.238041 0.143774 0.190600 0.114948 0.123829 0.134764 0.140913 0.121564 
0.152741 0.116832 0.117469 0.138556 0.243175 0.226641 0.094412 0.098316 0.108478 0.126869 0.082875 0.103305 0.090766 0.090422 0.111281 0.105276 0.000000 0.105969 0.105559 0.075008 0.119061 0.088359 0.115764 0.157705 0.180809 0.134559 0.168643 0.164330 0.244090 0.282759 0.288879 0.318798 0.276391 0.294893 0.254019 0.286585 0.273639 0.240430 0.248862 0.274650 0.252212 0.272733 0.288816 0.250080 0.233022 0.234367 0.302163 0.278834 0.247878 0.307210 0.149788 0.130509 0.174638 0.125892 0.138512 0.159025 0.135585 0.130124 0.113281 0.147137 0.118661 0.186012 0.175802 0.135411 0.132156 0.266801 0.180837 0.346261 0.255617 0.298947 0.318422 0.174879 0.284354 0.268683 0.188409 0.302944 0.311980 0.258718 0.300876 0.109643 0.109567 0.105011 0.118447 0.228929 0.234341 0.180117 0.210573 0.219277 0.257901 0.220619 0.182107 0.154653 0.178287 0.411786 0.085126 0.379993 0.173188 0.162832 0.211707 0.262326 0.150677 0.449739 0.315600 0.483467 0.434878 0.274036 0.300051 0.129964 0.148306 0.147799 0.155171 0.135540 0.138016 0.154840 0.164841 0.154386 0.156692 0.169822 0.157867 0.134655 0.187904 0.153217 0.147634 0.136366 0.101529 0.127420 0.123401 0.138139 0.125331 0.140987 0.140169 0.141624 0.171288 0.137097 0.146657 0.159381 0.173018 0.156321 0.141367 0.162559 0.155854 0.131193 0.157088 0.169965 0.143035 0.165893 0.177813 0.157010 0.159502 0.161928 0.129168 0.159061 0.066229 0.094424 0.166477 0.096083 0.142031 0.129411 0.153464 0.116036 0.099071 0.119133 0.107303 0.102154 0.091086 0.195495 0.083128 0.124990 0.116987 0.137023 0.168098 0.124312 0.257832 0.204359 0.247391 0.254118 0.236376 0.244891 0.262696 0.124484 0.169097 0.146796 0.149518 0.142995 0.166280 0.131778 0.191537 0.115125 0.144722 0.098613 0.138502 0.174372 0.162932 0.371238 0.171321 0.160838 0.104681 0.142929 0.151200 0.142876 0.132526 0.125344 0.131039 0.157878 0.117482 0.138230 0.112903 0.123397 0.126881 0.127240 0.138870 0.138575 0.127344 0.100908 0.107825 0.100943 0.104668 0.094113 0.092425 0.066388 0.163378 0.092628 0.132297 0.126352 0.098818 0.100175 0.103805 0.099789 0.135371 0.117122 0.134999 0.159617 0.099184 0.148463 0.106317 0.082912 0.137097 0.189981 0.170293 0.143480 0.138069 0.091637 0.088356 0.157478 0.141663 
0.190372 0.162270 0.175699 0.183426 0.220558 0.211533 0.082667 0.122521 0.131565 0.127555 0.125375 0.144812 0.121361 0.130630 0.137920 0.146599 0.105969 0.000000 0.142533 0.141015 0.150013 0.150777 0.127755 0.142364 0.161613 0.123263 0.161871 0.139509 0.219032 0.255939 0.258172 0.295327 0.250730 0.262751 0.224821 0.250153 0.243669 0.228768 0.228580 0.260751 0.201643 0.245785 0.264198 0.238834 0.216488 0.221758 0.279905 0.258756 0.219218 0.275969 0.157795 0.172277 0.182603 0.153534 0.175140 0.158641 0.173548 0.160152 0.157275 0.123736 0.099196 0.143585 0.119145 0.114654 0.108328 0.223965 0.133614 0.308256 0.217285 0.261325 0.258622 0.162553 0.232871 0.227656 0.150006 0.273159 0.256611 0.213973 0.243784 0.168028 0.136981 0.169088 0.173626 0.189778 0.159817 0.144692 0.162077 0.182947 0.186468 0.193524 0.148868 0.139951 0.177423 0.400472 0.074213 0.323703 0.146547 0.117083 0.223281 0.199149 0.122514 0.430004 0.252121 0.445255 0.449675 0.200632 0.250311 0.115022 0.161362 0.178292 0.163071 0.185683 0.150051 0.157897 0.177383 0.154926 0.172487 0.186554 0.176960 0.176903 0.192846 0.136753 0.122068 0.135943 0.140585 0.152078 0.140286 0.134655 0.136586 0.153338 0.173289 0.163822 0.196013 0.164892 0.176510 0.165780 0.176119 0.187030 0.183392 0.162908 0.176479 0.146479 0.189880 0.191345 0.175429 0.179834 0.181722 0.171106 0.180375 0.174700 0.170789 0.127951 0.119598 0.096821 0.164505 0.141416 0.137898 0.189016 0.225026 0.177623 0.146490 0.118417 0.126104 0.149020 0.149688 0.177791 0.145806 0.162742 0.173889 0.207593 0.173130 0.162296 0.217654 0.163835 0.198323 0.208861 0.202655 0.201183 0.231098 0.115698 0.150634 0.128845 0.117977 0.131734 0.132853 0.131266 0.160182 0.158971 0.171653 0.134409 0.162390 0.248639 0.228461 0.448799 0.130393 0.125522 0.117191 0.138759 0.142899 0.142715 0.129792 0.122993 0.145002 0.141214 0.141156 0.147954 0.121490 0.143893 0.121237 0.137659 0.123739 0.131212 0.191282 0.146021 0.164922 0.127775 0.118819 0.154741 0.142228 0.128921 0.178162 0.146503 0.158519 0.155941 0.152760 0.145964 0.168490 0.173867 0.161615 0.129564 0.127805 0.144003 0.127567 0.149361 0.136433 0.094097 0.111834 0.148664 0.158769 0.158213 0.152971 0.131285 0.128568 0.104632 0.110591 
