242 242
0.000000 0.158360 0.180539 0.151916 0.278077 0.270376 0.233745 0.258295 0.232963 0.240611 0.242574 0.215331 0.232780 0.219123 0.212168 0.218280 0.241357 0.342253 0.208774 0.340945 0.426082 0.459035 0.452262 0.445410 0.446447 0.406519 0.402128 0.403728 0.412215 0.478937 0.400589 0.382779 0.459928 0.441443 0.408449 0.323709 0.260501 0.270459 0.294032 0.297174 0.258833 0.295411 0.245104 0.278554 0.407303 0.305703 0.306839 0.295940 0.320014 0.276473 0.329374 0.385488 0.316425 0.470549 0.405074 0.458020 0.262609 0.359473 0.409175 0.288386 0.322346 0.374534 0.417912 0.278384 0.244624 0.216353 0.200191 0.188541 0.209770 0.220986 0.219978 0.367841 0.370353 0.339624 0.379131 0.396859 0.303555 0.268108 0.254599 0.196905 0.607844 0.270769 0.594592 0.324597 0.395904 0.357641 0.339949 0.403349 0.467267 0.308523 0.515198 0.353026 0.616049 0.380902 0.476148 0.279404 0.237452 0.231386 0.286269 0.263526 0.257527 0.300947 0.266476 0.289662 0.291531 0.308346 0.261763 0.291496 0.198140 0.214762 0.191248 0.188671 0.197129 0.140806 0.212314 0.196073 0.279576 0.269334 0.267488 0.325260 0.269755 0.302452 0.274929 0.326448 0.300952 0.297154 0.292794 0.262312 0.307607 0.336190 0.292567 0.313858 0.313407 0.292991 0.284237 0.300230 0.319862 0.339243 0.273802 0.268781 0.235097 0.258219 0.308205 0.359612 0.260294 0.326841 0.273352 0.248873 0.247155 0.388570 0.287577 0.241004 0.230831 0.258022 0.192599 0.296540 0.311396 0.191286 0.270044 0.218505 0.243325 0.321615 0.370050 0.244269 0.399420 0.354223 0.403965 0.397352 0.391336 0.395594 0.367253 0.421139 0.379019 0.242526 0.329335 0.278076 0.313153 0.282589 0.284993 0.258726 0.297040 0.310731 0.274845 0.204182 0.229458 0.149510 0.198989 0.208083 0.227015 0.200974 0.192768 0.175040 0.202428 0.196049 0.181535 0.164834 0.175862 0.166180 0.237363 0.229810 0.328648 0.250624 0.230216 0.262198 0.273302 0.224610 0.188589 0.220641 0.233129 0.206981 0.223846 0.223156 0.201534 0.198213 0.181704 0.206928 0.229548 0.227647 0.222228 0.346997 0.338634 0.207673 0.257602 0.240361 0.170118 0.177017 0.217158 0.290924 0.315807 0.296029 0.222123 0.229800 0.250935 0.270433 0.228285 0.186856 0.169683 0.222140 0.207023 0.292968 0.338432 0.309004 
0.158360 0.000000 0.141779 0.161785 0.285173 0.290611 0.214199 0.185351 0.146597 0.179673 0.176484 0.180471 0.156732 0.165560 0.174731 0.153104 0.173945 0.354626 0.229047 0.343688 0.463528 0.441133 0.456341 0.471984 0.448703 0.387632 0.402505 0.457603 0.446154 0.460367 0.389145 0.367226 0.460098 0.432969 0.404784 0.281620 0.245153 0.297138 0.292074 0.234562 0.225469 0.178084 0.284448 0.292591 0.407963 0.328814 0.342106 0.277699 0.311640 0.275208 0.314351 0.404176 0.314886 0.481834 0.418134 0.493478 0.274291 0.397152 0.426922 0.273107 0.323439 0.362446 0.435813 0.291782 0.242234 0.201936 0.167437 0.135857 0.122128 0.154016 0.165313 0.371758 0.361942 0.322412 0.359992 0.390494 0.296949 0.232898 0.257948 0.203653 0.610896 0.230325 0.603825 0.311670 0.382323 0.323018 0.332461 0.378714 0.458318 0.313439 0.513316 0.332492 0.600038 0.339772 0.505079 0.245707 0.291305 0.210451 0.260230 0.277049 0.212369 0.264733 0.269751 0.290301 0.276176 0.300573 0.255707 0.328224 0.199756 0.194778 0.138747 0.166271 0.142261 0.103543 0.173790 0.164478 0.195927 0.176692 0.202550 0.250412 0.204751 0.228402 0.186602 0.256636 0.207520 0.199588 0.231108 0.191922 0.199756 0.224554 0.205829 0.229458 0.260922 0.212577 0.231825 0.186087 0.240228 0.335179 0.252909 0.280926 0.168281 0.281659 0.242081 0.265882 0.195580 0.298920 0.240980 0.215240 0.185434 0.397242 0.202943 0.180986 0.164413 0.167920 0.104470 0.228507 0.241351 0.154748 0.197451 0.195140 0.210462 0.187960 0.340017 0.199195 0.405333 0.337756 0.388744 0.400867 0.397224 0.379148 0.383253 0.416757 0.408719 0.236138 0.283324 0.276653 0.309374 0.233488 0.271835 0.236026 0.265135 0.299808 0.278552 0.136364 0.170881 0.174879 0.164754 0.231801 0.267998 0.176043 0.194416 0.166660 0.158972 0.183324 0.144071 0.149432 0.187312 0.192122 0.222141 0.208165 0.276598 0.230492 0.197790 0.228118 0.232522 0.159962 0.134193 0.174166 0.190060 0.143598 0.130046 0.154842 0.161921 0.184586 0.116347 0.182091 0.148985 0.127333 0.140756 0.324340 0.329493 0.151153 0.183107 0.264585 0.154937 0.172603 0.181438 0.275788 0.309883 0.265195 0.196141 0.225868 0.182546 0.213251 0.197249 0.166158 0.131230 0.135891 0.195092 0.269856 0.331109 0.291830 
0.180539 0.141779 0.000000 0.099519 0.309281 0.276446 0.221523 0.238609 0.200097 0.178193 0.208708 0.182684 0.172274 0.184808 0.193699 0.158545 0.231252 0.311418 0.198165 0.311357 0.446084 0.460673 0.424192 0.463562 0.413820 0.387988 0.418008 0.466640 0.420293 0.451251 0.409416 0.357798 0.460242 0.419071 0.374942 0.262282 0.226137 0.258485 0.267768 0.208810 0.191818 0.217535 0.286599 0.267716 0.370670 0.314503 0.346255 0.262939 0.281146 0.264490 0.291392 0.393033 0.304157 0.414938 0.367558 0.474711 0.242450 0.380800 0.411402 0.278261 0.272816 0.388186 0.409164 0.220899 0.181546 0.193440 0.164278 0.147917 0.168697 0.136068 0.116536 0.364807 0.348951 0.288258 0.337467 0.366929 0.250379 0.216481 0.202655 0.160302 0.617371 0.248853 0.613197 0.344919 0.350079 0.328702 0.335560 0.384103 0.420140 0.284920 0.507628 0.335750 0.566446 0.373319 0.497699 0.235990 0.241386 0.227238 0.210116 0.236582 0.257434 0.247291 0.225974 0.231774 0.237041 0.246939 0.242910 0.271476 0.152285 0.152297 0.125863 0.116173 0.154987 0.118509 0.184048 0.159165 0.228943 0.192036 0.255572 0.289418 0.234135 0.202439 0.216469 0.251862 0.229906 0.259212 0.252878 0.201941 0.288389 0.297466 0.264073 0.264109 0.273570 0.261135 0.239288 0.247706 0.265756 0.318846 0.212494 0.241940 0.194667 0.217789 0.221393 0.277236 0.170449 0.278315 0.226199 0.205557 0.164508 0.367119 0.286276 0.186436 0.158480 0.174702 0.142757 0.249881 0.233055 0.146344 0.202113 0.168281 0.163186 0.265987 0.297575 0.183685 0.366710 0.304479 0.336259 0.348789 0.354901 0.359421 0.329163 0.362734 0.353063 0.196719 0.288395 0.240584 0.282530 0.244871 0.213503 0.200198 0.265638 0.247060 0.226199 0.165101 0.167999 0.201422 0.189058 0.227388 0.196907 0.203674 0.167471 0.192426 0.195723 0.150103 0.214559 0.122115 0.165662 0.177195 0.184185 0.178871 0.264001 0.192643 0.180298 0.184795 0.239729 0.183433 0.144953 0.218429 0.215207 0.152877 0.150107 0.172360 0.130681 0.219041 0.120448 0.197388 0.163376 0.137735 0.164199 0.300083 0.334396 0.135136 0.166545 0.216207 0.132746 0.166679 0.178480 0.255501 0.306742 0.255931 0.211909 0.210667 0.197489 0.221086 0.187667 0.142329 0.150699 0.206212 0.211286 0.256849 0.286417 0.262460 
0.151916 0.161785 0.099519 0.000000 0.282961 0.233190 0.234746 0.234150 0.203629 0.203578 0.229635 0.193337 0.187795 0.207296 0.197393 0.176945 0.231102 0.303578 0.179049 0.294841 0.423507 0.433477 0.402986 0.441000 0.396740 0.365223 0.386679 0.443292 0.401663 0.428686 0.381562 0.335598 0.438069 0.397348 0.352387 0.253972 0.201771 0.257998 0.274020 0.235659 0.204027 0.233421 0.273032 0.251220 0.365549 0.296272 0.312365 0.243290 0.300494 0.241661 0.279696 0.348152 0.281037 0.404526 0.339988 0.459715 0.214309 0.345739 0.362910 0.247081 0.274447 0.381594 0.416399 0.234015 0.176662 0.210265 0.169989 0.154479 0.180351 0.160327 0.156812 0.354911 0.348594 0.291415 0.330046 0.351393 0.249832 0.241068 0.205444 0.148945 0.581899 0.266036 0.609655 0.328217 0.360963 0.355866 0.342088 0.362169 0.448594 0.298160 0.528565 0.340918 0.535714 0.377642 0.485541 0.242207 0.230631 0.215717 0.216430 0.206950 0.234411 0.240030 0.204028 0.217739 0.229400 0.246271 0.212907 0.255920 0.177060 0.173164 0.144347 0.135865 0.159334 0.124025 0.186188 0.170239 0.239189 0.213137 0.248338 0.290782 0.242877 0.238896 0.228183 0.266440 0.243025 0.274996 0.249825 0.214085 0.288428 0.309825 0.261236 0.285394 0.273681 0.252591 0.234056 0.267497 0.270060 0.324161 0.228683 0.215424 0.196806 0.233545 0.250028 0.298162 0.199937 0.316819 0.221231 0.230011 0.203236 0.378140 0.309190 0.194882 0.181251 0.202082 0.170138 0.278599 0.259796 0.153358 0.212808 0.168693 0.180085 0.290968 0.294915 0.220264 0.374209 0.292261 0.348101 0.356682 0.349226 0.351925 0.326620 0.367665 0.357901 0.218284 0.294200 0.240013 0.282386 0.246886 0.234328 0.214119 0.257524 0.255667 0.234245 0.173328 0.192301 0.216861 0.163628 0.235362 0.235441 0.200663 0.182528 0.183925 0.181623 0.175947 0.204175 0.133135 0.169217 0.173000 0.192082 0.207714 0.288849 0.203539 0.197680 0.217616 0.253011 0.181333 0.173609 0.220438 0.234006 0.181931 0.178644 0.182664 0.156418 0.212919 0.167177 0.217069 0.185516 0.171950 0.190965 0.299782 0.323895 0.192994 0.198891 0.234769 0.134132 0.160248 0.178089 0.254053 0.292160 0.261055 0.205438 0.212948 0.194819 0.252377 0.215974 0.166323 0.164350 0.205832 0.207545 0.253957 0.291583 0.264587 
0.278077 0.285173 0.309281 0.282961 0.000000 0.181259 0.274754 0.348557 0.368938 0.359248 0.352133 0.357875 0.321510 0.338307 0.343181 0.354792 0.331955 0.370721 0.293968 0.397720 0.449483 0.412056 0.421654 0.435954 0.410781 0.368552 0.426934 0.472814 0.428576 0.426173 0.401156 0.389702 0.437623 0.419673 0.392717 0.368171 0.392216 0.391289 0.380064 0.405494 0.364853 0.376005 0.345053 0.340016 0.334493 0.348407 0.344148 0.334387 0.347128 0.308577 0.301015 0.269862 0.302021 0.337990 0.278581 0.299168 0.351912 0.278804 0.285969 0.284867 0.303943 0.266598 0.282588 0.225429 0.265490 0.252416 0.269139 0.325385 0.323258 0.348248 0.367609 0.294146 0.251721 0.286898 0.282984 0.311940 0.253783 0.229495 0.260920 0.264543 0.411137 0.320759 0.482374 0.243773 0.332767 0.299105 0.229168 0.331053 0.363375 0.277195 0.388436 0.262658 0.511332 0.337898 0.333069 0.331558 0.408083 0.385406 0.398773 0.377913 0.406019 0.383860 0.365443 0.391008 0.408839 0.431288 0.404290 0.427808 0.247593 0.281137 0.282378 0.297262 0.283831 0.292467 0.257249 0.270865 0.354303 0.391735 0.366310 0.398700 0.360416 0.356936 0.340878 0.365317 0.368585 0.398201 0.337942 0.342949 0.403142 0.414284 0.375226 0.385264 0.360996 0.360517 0.374672 0.388172 0.384644 0.310768 0.333448 0.299214 0.360495 0.299653 0.424177 0.501004 0.372785 0.470171 0.332300 0.336169 0.330409 0.327295 0.460989 0.401390 0.327158 0.346998 0.337547 0.379608 0.452296 0.338369 0.412967 0.362436 0.392856 0.429617 0.380729 0.331113 0.318529 0.298770 0.336656 0.312602 0.317675 0.313596 0.314919 0.312123 0.296257 0.280757 0.342411 0.294102 0.285584 0.305846 0.314079 0.272841 0.302919 0.291673 0.242751 0.288174 0.298608 0.241177 0.300779 0.245621 0.287492 0.235293 0.262834 0.222942 0.281071 0.263327 0.254070 0.243708 0.232171 0.219785 0.300212 0.280657 0.374372 0.255679 0.283426 0.276515 0.303231 0.350593 0.350202 0.351186 0.323533 0.341472 0.327965 0.307999 0.346271 0.268123 0.292715 0.326451 0.318746 0.350382 0.321573 0.309684 0.327729 0.328167 0.382521 0.322341 0.296808 0.302539 0.301707 0.325317 0.243384 0.308110 0.283536 0.248587 0.325692 0.353334 0.335716 0.281844 0.276627 0.307826 0.298874 0.338055 0.341464 0.329425 
0.270376 0.290611 0.276446 0.233190 0.181259 0.000000 0.283902 0.344828 0.373633 0.363083 0.334440 0.354493 0.361600 0.359830 0.362946 0.323283 0.347839 0.351807 0.314131 0.360241 0.432017 0.424223 0.421227 0.416082 0.422426 0.360590 0.424792 0.469647 0.417202 0.430331 0.423444 0.398495 0.428537 0.418444 0.406280 0.378464 0.405841 0.408286 0.399066 0.426197 0.399924 0.404037 0.354360 0.311882 0.358070 0.344857 0.333416 0.362778 0.336252 0.295056 0.309633 0.276388 0.319968 0.313847 0.262980 0.381316 0.371000 0.299949 0.282791 0.282743 0.306183 0.320035 0.314424 0.222291 0.210129 0.263232 0.306653 0.324856 0.318188 0.332780 0.338085 0.343640 0.309353 0.293036 0.328416 0.321381 0.275100 0.276216 0.278801 0.261461 0.441883 0.319514 0.519029 0.254963 0.316573 0.312299 0.291978 0.331384 0.378044 0.261550 0.435806 0.286914 0.423847 0.344657 0.383185 0.326625 0.368217 0.365616 0.397967 0.374740 0.418567 0.367371 0.375667 0.405609 0.411942 0.434088 0.409148 0.424733 0.265986 0.297951 0.279009 0.292474 0.294211 0.288362 0.278751 0.260921 0.394156 0.388357 0.397397 0.446072 0.405088 0.392352 0.381827 0.404432 0.399020 0.442452 0.384143 0.386385 0.450114 0.464808 0.426592 0.424028 0.409380 0.406455 0.419413 0.434306 0.436029 0.299259 0.326229 0.219613 0.374168 0.296039 0.422161 0.501852 0.367668 0.457487 0.322578 0.323125 0.328561 0.322438 0.469742 0.385748 0.313723 0.347007 0.351904 0.399240 0.442041 0.350968 0.408953 0.353462 0.390210 0.446254 0.326600 0.304504 0.350073 0.310784 0.339503 0.333675 0.329482 0.340630 0.324743 0.348336 0.341946 0.273096 0.364806 0.308232 0.308067 0.305638 0.305742 0.274887 0.315551 0.301846 0.279467 0.303038 0.313601 0.295179 0.310985 0.245707 0.275232 0.261776 0.272878 0.241423 0.289475 0.277823 0.278866 0.253191 0.252142 0.244781 0.273128 0.298645 0.404928 0.294400 0.302735 0.300075 0.339834 0.328264 0.346544 0.350964 0.324255 0.328397 0.325083 0.304871 0.318181 0.263380 0.312601 0.349609 0.331567 0.350070 0.339079 0.292974 0.297984 0.320013 0.367623 0.317891 0.280019 0.284966 0.304308 0.302281 0.230676 0.309696 0.310620 0.284014 0.358212 0.351571 0.308099 0.265197 0.251621 0.344818 0.316716 0.336963 0.328381 0.318983 
0.233745 0.214199 0.221523 0.234746 0.274754 0.283902 0.000000 0.181206 0.206074 0.169469 0.193373 0.207491 0.212339 0.145164 0.223795 0.194190 0.190524 0.211861 0.190326 0.261849 0.392621 0.399302 0.385887 0.388897 0.374877 0.329962 0.357295 0.404169 0.370531 0.390583 0.362928 0.313470 0.399775 0.370207 0.340458 0.252838 0.264312 0.249827 0.229908 0.270634 0.241878 0.245370 0.184765 0.191855 0.262321 0.229613 0.230293 0.180006 0.156796 0.149944 0.259888 0.341155 0.233840 0.447763 0.388705 0.443492 0.260643 0.363889 0.386211 0.263567 0.215362 0.324279 0.362472 0.223329 0.240313 0.150278 0.172038 0.203080 0.202422 0.206882 0.221442 0.279045 0.284687 0.268368 0.278488 0.304337 0.214983 0.171046 0.183974 0.241698 0.490362 0.110428 0.456542 0.187297 0.223207 0.161184 0.233083 0.265151 0.296317 0.175401 0.361403 0.148003 0.564332 0.209830 0.341745 0.187489 0.271977 0.233141 0.260809 0.267005 0.274501 0.257809 0.256277 0.282691 0.272218 0.294930 0.280756 0.304407 0.206393 0.205230 0.200958 0.230687 0.195973 0.203248 0.193606 0.217083 0.221562 0.251828 0.241457 0.274530 0.235975 0.235669 0.205949 0.251715 0.244330 0.270062 0.220578 0.212598 0.283772 0.284929 0.255699 0.254597 0.247154 0.234004 0.263232 0.247974 0.262824 0.192361 0.191560 0.223726 0.207825 0.176058 0.264046 0.349138 0.244557 0.313881 0.177643 0.176169 0.170315 0.255366 0.302261 0.245145 0.145532 0.193663 0.212545 0.227640 0.273993 0.194819 0.280608 0.219083 0.278185 0.297329 0.249531 0.180144 0.335892 0.261017 0.325365 0.328415 0.300756 0.308048 0.319054 0.336401 0.362643 0.153043 0.208447 0.192544 0.219908 0.194511 0.183065 0.159486 0.196412 0.199016 0.246017 0.151406 0.176613 0.196443 0.190525 0.185714 0.212232 0.174367 0.179329 0.143957 0.175878 0.194299 0.187087 0.179312 0.172696 0.170362 0.172318 0.160456 0.229613 0.148588 0.156146 0.162670 0.169782 0.192220 0.235062 0.168143 0.128311 0.212023 0.203794 0.182690 0.187185 0.227450 0.174196 0.223319 0.191851 0.237694 0.220182 0.211355 0.243833 0.222508 0.264250 0.169424 0.216916 0.212870 0.132760 0.198939 0.193378 0.162232 0.233802 0.174220 0.224838 0.174307 0.167068 0.149473 0.148268 0.198343 0.229395 0.210301 0.199192 0.200219 
0.258295 0.185351 0.238609 0.234150 0.348557 0.344828 0.181206 0.000000 0.181832 0.166898 0.142094 0.216998 0.143525 0.176714 0.171265 0.188320 0.118628 0.279710 0.175838 0.207065 0.375335 0.382190 0.368743 0.372096 0.371250 0.324237 0.329658 0.395875 0.372045 0.383259 0.362763 0.322324 0.415679 0.388373 0.353375 0.246938 0.219791 0.225164 0.218216 0.214981 0.213861 0.153003 0.266434 0.238456 0.351491 0.251956 0.252787 0.224700 0.266914 0.206668 0.308536 0.433140 0.296024 0.536499 0.488823 0.565873 0.222827 0.455248 0.497630 0.258056 0.316491 0.407463 0.458341 0.329512 0.293807 0.210408 0.179101 0.189081 0.127991 0.188664 0.217250 0.383650 0.396145 0.361245 0.365020 0.370216 0.321853 0.282140 0.288691 0.288763 0.647340 0.141000 0.541702 0.279348 0.254603 0.226719 0.364815 0.229929 0.375203 0.256687 0.472018 0.260259 0.635712 0.233902 0.438583 0.134799 0.233920 0.197793 0.245507 0.200462 0.201575 0.172470 0.219184 0.260230 0.248696 0.284602 0.232413 0.302774 0.243333 0.213171 0.166940 0.204582 0.167925 0.171240 0.163338 0.178500 0.156929 0.155872 0.159489 0.243271 0.199949 0.202489 0.158517 0.222320 0.169786 0.197569 0.185490 0.164177 0.199535 0.189114 0.203365 0.223406 0.221704 0.183689 0.202025 0.171507 0.220553 0.267797 0.157222 0.313848 0.142474 0.267994 0.239621 0.249140 0.215116 0.308646 0.119588 0.206781 0.193469 0.336755 0.225890 0.163023 0.160139 0.139124 0.165141 0.229790 0.206184 0.177761 0.200921 0.178371 0.244886 0.202853 0.323784 0.183984 0.429093 0.345339 0.419648 0.423645 0.397637 0.391126 0.412913 0.437870 0.430729 0.227736 0.282862 0.300763 0.325820 0.277265 0.282856 0.281678 0.279241 0.310227 0.303325 0.164203 0.200815 0.237886 0.122515 0.208592 0.248139 0.245584 0.234992 0.216798 0.193682 0.240651 0.187376 0.191880 0.215302 0.232579 0.224320 0.231288 0.278279 0.242307 0.215938 0.243742 0.255196 0.142833 0.206288 0.208826 0.216393 0.209014 0.160481 0.144693 0.154395 0.224869 0.203123 0.255928 0.221150 0.205433 0.257280 0.236834 0.323341 0.248176 0.235628 0.230097 0.175806 0.171656 0.152341 0.186180 0.314696 0.232888 0.224380 0.268854 0.164632 0.196847 0.235764 0.178160 0.174907 0.137519 0.211580 0.145353 0.211845 0.162779 
0.232963 0.146597 0.200097 0.203629 0.368938 0.373633 0.206074 0.181832 0.000000 0.150648 0.181206 0.110222 0.159330 0.144102 0.153113 0.086216 0.169393 0.264230 0.203100 0.317869 0.460946 0.439936 0.457412 0.473055 0.449918 0.397858 0.414994 0.451446 0.444566 0.468278 0.391169 0.370051 0.460879 0.431631 0.399081 0.290310 0.240805 0.302311 0.308131 0.258490 0.240497 0.179814 0.244993 0.256778 0.356779 0.288134 0.290252 0.225613 0.265077 0.234535 0.307969 0.420196 0.286371 0.547758 0.467127 0.538465 0.272478 0.434854 0.464147 0.290590 0.293840 0.389446 0.480847 0.317884 0.289532 0.224059 0.175002 0.152404 0.128408 0.157137 0.168568 0.371452 0.409264 0.350050 0.351487 0.382540 0.303783 0.289757 0.269930 0.281073 0.580438 0.182254 0.545572 0.304959 0.319258 0.285431 0.325337 0.351783 0.411369 0.295258 0.499363 0.314514 0.616657 0.287315 0.460571 0.239548 0.305808 0.230670 0.274879 0.282991 0.198356 0.279485 0.272863 0.294449 0.287856 0.312583 0.260954 0.328311 0.258653 0.234050 0.195789 0.214426 0.200017 0.158125 0.225664 0.211380 0.213398 0.202427 0.191466 0.255190 0.220059 0.241671 0.211591 0.277484 0.238433 0.214559 0.238712 0.210493 0.215078 0.240135 0.222756 0.262498 0.275594 0.217105 0.227630 0.207894 0.254334 0.336702 0.229980 0.330801 0.178211 0.293078 0.272546 0.283624 0.224706 0.341325 0.244299 0.203766 0.212023 0.369369 0.226215 0.210877 0.179100 0.195016 0.115149 0.232916 0.217075 0.174466 0.232079 0.218649 0.264925 0.162040 0.338157 0.193390 0.414025 0.343387 0.401146 0.405620 0.397553 0.393491 0.392654 0.437433 0.455766 0.220710 0.241780 0.281930 0.314908 0.253187 0.283261 0.273191 0.269233 0.297843 0.326861 0.188036 0.238658 0.229731 0.171110 0.261694 0.288008 0.208613 0.197438 0.197484 0.165612 0.247061 0.177422 0.207900 0.244831 0.214368 0.235979 0.238834 0.267091 0.257475 0.219167 0.247810 0.221960 0.173353 0.177763 0.140024 0.181374 0.190892 0.161753 0.201079 0.177799 0.236668 0.156991 0.174229 0.188719 0.182565 0.193397 0.306989 0.313498 0.214628 0.212684 0.238962 0.197277 0.211883 0.171991 0.252741 0.296947 0.218192 0.207451 0.243916 0.188316 0.211328 0.182087 0.199514 0.191549 0.141715 0.193466 0.262033 0.303753 0.284599 
0.240611 0.179673 0.178193 0.203578 0.359248 0.363083 0.169469 0.166898 0.150648 0.000000 0.101513 0.133793 0.165766 0.148198 0.192623 0.145787 0.164173 0.237187 0.184550 0.262718 0.402951 0.427021 0.389699 0.405711 0.379463 0.345825 0.365570 0.418770 0.377980 0.399443 0.362143 0.287232 0.397569 0.345910 0.315775 0.205129 0.178115 0.195265 0.200312 0.179041 0.141850 0.170945 0.263951 0.195326 0.302027 0.214394 0.235656 0.203855 0.243188 0.244995 0.321220 0.431702 0.307616 0.537681 0.475028 0.546300 0.194711 0.454426 0.482539 0.293323 0.280941 0.401028 0.476370 0.307847 0.282387 0.223928 0.174199 0.188938 0.184304 0.173208 0.166271 0.369849 0.385335 0.352526 0.357027 0.345594 0.294967 0.256439 0.258542 0.273960 0.612675 0.158477 0.572274 0.296529 0.262122 0.251374 0.343934 0.281758 0.410180 0.245629 0.490917 0.269583 0.611858 0.300663 0.460389 0.152421 0.226854 0.207116 0.191193 0.221494 0.229513 0.218660 0.205744 0.206971 0.202370 0.211194 0.207116 0.241104 0.228849 0.205501 0.187924 0.177714 0.192466 0.164767 0.205889 0.216154 0.145119 0.161670 0.168385 0.177665 0.143192 0.141008 0.141665 0.170115 0.170556 0.175405 0.175350 0.130382 0.192664 0.210255 0.161024 0.172144 0.182764 0.167699 0.159702 0.148990 0.153553 0.302841 0.189655 0.319637 0.136057 0.264148 0.182790 0.256787 0.229814 0.219693 0.149398 0.217900 0.180460 0.347197 0.197671 0.175456 0.142573 0.131161 0.151935 0.219685 0.206679 0.150181 0.225690 0.160944 0.185062 0.205180 0.325694 0.187665 0.409670 0.325192 0.394016 0.397598 0.379646 0.391255 0.396985 0.418626 0.433308 0.232228 0.277081 0.258651 0.291720 0.269214 0.243329 0.241440 0.250765 0.274908 0.307360 0.169081 0.217892 0.243138 0.191690 0.236857 0.258513 0.240357 0.202187 0.201801 0.204214 0.215452 0.240543 0.172307 0.203530 0.201240 0.214450 0.235711 0.277988 0.226099 0.215382 0.227840 0.221554 0.147499 0.144897 0.147201 0.187516 0.229083 0.122579 0.139337 0.149461 0.278944 0.172889 0.225121 0.134443 0.165901 0.187377 0.276763 0.356808 0.200441 0.228488 0.212356 0.197343 0.214065 0.170785 0.239269 0.319439 0.221576 0.236845 0.220751 0.188430 0.161141 0.203797 0.141713 0.176736 0.163840 0.226946 0.200023 0.242505 0.211930 
0.242574 0.176484 0.208708 0.229635 0.352133 0.334440 0.193373 0.142094 0.181206 0.101513 0.000000 0.135695 0.179179 0.176547 0.170473 0.147953 0.144193 0.279278 0.197228 0.241050 0.399711 0.437448 0.397152 0.393334 0.396506 0.348143 0.360836 0.407347 0.384610 0.409688 0.388207 0.333828 0.429230 0.396819 0.364730 0.221296 0.214907 0.237735 0.229692 0.210099 0.175579 0.182337 0.298751 0.219461 0.339637 0.242997 0.252713 0.254632 0.249747 0.255840 0.355665 0.462675 0.337525 0.553850 0.500992 0.581010 0.231499 0.482905 0.526945 0.298039 0.303572 0.444846 0.474185 0.331065 0.282514 0.241115 0.196522 0.191742 0.159449 0.201165 0.193301 0.415096 0.429649 0.395331 0.401061 0.359287 0.329699 0.269701 0.284311 0.298965 0.643267 0.147446 0.569770 0.291574 0.266390 0.247479 0.378421 0.279254 0.413606 0.259080 0.493486 0.290583 0.618003 0.290627 0.465344 0.132931 0.204753 0.225466 0.217515 0.220941 0.238689 0.212329 0.221948 0.231558 0.239052 0.250837 0.243945 0.261600 0.219862 0.214358 0.180958 0.181481 0.186808 0.168192 0.191904 0.202092 0.149393 0.154425 0.168141 0.193761 0.166382 0.166092 0.145457 0.196045 0.189592 0.195845 0.184684 0.157943 0.207460 0.221333 0.181121 0.180950 0.213849 0.196461 0.203812 0.169652 0.191149 0.307534 0.204376 0.332582 0.146071 0.279519 0.196024 0.270712 0.251471 0.234846 0.141572 0.212084 0.200498 0.351908 0.204168 0.173924 0.156410 0.128366 0.166627 0.241728 0.227848 0.162541 0.231601 0.157586 0.205387 0.191678 0.349682 0.187940 0.439714 0.363845 0.421185 0.433258 0.410980 0.426763 0.436688 0.443333 0.455870 0.241507 0.321725 0.302774 0.313940 0.306732 0.286658 0.275198 0.294862 0.308501 0.324608 0.177012 0.233367 0.233460 0.193383 0.225084 0.256394 0.270763 0.240361 0.245088 0.232393 0.227414 0.258771 0.186088 0.207258 0.241576 0.219873 0.266383 0.320496 0.266957 0.246013 0.247314 0.222628 0.156958 0.126337 0.168007 0.203804 0.261534 0.144199 0.127087 0.165529 0.252775 0.187160 0.239258 0.145458 0.197580 0.178269 0.274023 0.370046 0.185569 0.263520 0.205786 0.194359 0.200629 0.189041 0.235531 0.349538 0.234470 0.216883 0.239117 0.198620 0.158344 0.238235 0.141624 0.188622 0.162237 0.199209 0.179404 0.233209 0.182096 
0.215331 0.180471 0.182684 0.193337 0.357875 0.354493 0.207491 0.216998 0.110222 0.133793 0.135695 0.000000 0.174551 0.162272 0.123281 0.101762 0.181387 0.261530 0.184113 0.292501 0.452196 0.452690 0.434317 0.461368 0.422685 0.386052 0.414698 0.435290 0.427133 0.457201 0.389594 0.365369 0.467518 0.426451 0.385212 0.271520 0.234614 0.291616 0.298358 0.245933 0.205045 0.222513 0.261998 0.225386 0.354049 0.249385 0.258280 0.245022 0.267151 0.247044 0.326573 0.425425 0.303030 0.536777 0.458435 0.534857 0.254416 0.448769 0.484298 0.275837 0.295227 0.408933 0.468802 0.314760 0.283438 0.234326 0.170901 0.166103 0.172350 0.167168 0.166032 0.388394 0.421278 0.370041 0.373947 0.368316 0.295688 0.283900 0.256579 0.270931 0.608585 0.183504 0.546434 0.301716 0.295907 0.286832 0.358346 0.331638 0.420815 0.250175 0.499754 0.304916 0.614023 0.309608 0.456524 0.218961 0.264065 0.244683 0.243345 0.260233 0.222742 0.274895 0.247054 0.260560 0.268956 0.277751 0.258134 0.295327 0.234579 0.223471 0.192992 0.188704 0.208362 0.152254 0.221148 0.203052 0.198960 0.194188 0.206831 0.237031 0.207727 0.219717 0.203347 0.260942 0.253658 0.219358 0.230634 0.198424 0.245422 0.276511 0.228230 0.259643 0.258346 0.231564 0.230646 0.230262 0.248183 0.329239 0.237331 0.313147 0.182195 0.268893 0.249630 0.305590 0.237872 0.314468 0.225618 0.203434 0.205418 0.366124 0.248331 0.208673 0.184087 0.199301 0.134921 0.252072 0.236358 0.156994 0.246083 0.193218 0.229813 0.213629 0.347159 0.184277 0.409279 0.356622 0.408541 0.405736 0.404055 0.418428 0.403929 0.431878 0.430706 0.241616 0.293944 0.284651 0.321597 0.284926 0.286462 0.276611 0.290142 0.307399 0.301077 0.204589 0.250025 0.222653 0.194686 0.246647 0.263817 0.239088 0.191105 0.214898 0.205709 0.240246 0.229914 0.196416 0.222262 0.197069 0.231400 0.253406 0.300499 0.259159 0.236705 0.247779 0.232917 0.178564 0.133175 0.157536 0.182957 0.232231 0.174063 0.189096 0.165035 0.246083 0.168786 0.171690 0.189474 0.200184 0.180015 0.297978 0.326585 0.204285 0.239125 0.227798 0.174042 0.192178 0.193338 0.243698 0.311609 0.221083 0.195562 0.224219 0.206835 0.196756 0.200315 0.165370 0.199772 0.186100 0.170414 0.245805 0.269299 0.234991 
0.232780 0.156732 0.172274 0.187795 0.321510 0.361600 0.212339 0.143525 0.159330 0.165766 0.179179 0.174551 0.000000 0.161686 0.110664 0.155030 0.130795 0.304528 0.106890 0.284891 0.406522 0.365459 0.386569 0.419408 0.369074 0.346370 0.360727 0.405153 0.388519 0.403815 0.341525 0.323105 0.422853 0.396505 0.338321 0.244607 0.182636 0.206173 0.210191 0.184688 0.171421 0.141082 0.262829 0.261921 0.344658 0.264383 0.268220 0.203098 0.284731 0.237314 0.267400 0.380219 0.252157 0.493084 0.430458 0.510014 0.183328 0.404996 0.443988 0.228246 0.288736 0.386993 0.462880 0.281227 0.251839 0.191164 0.150973 0.163556 0.119057 0.149467 0.166667 0.347554 0.362036 0.323275 0.316054 0.360859 0.272268 0.256625 0.248157 0.248310 0.616743 0.212481 0.548507 0.310038 0.308411 0.305034 0.353239 0.282835 0.391754 0.300318 0.463954 0.288269 0.607111 0.286671 0.455613 0.169881 0.254215 0.193033 0.233891 0.210056 0.193740 0.212769 0.201234 0.224938 0.237143 0.258786 0.206139 0.270958 0.200802 0.179980 0.151576 0.167445 0.154560 0.119907 0.171604 0.157912 0.142364 0.150392 0.155355 0.199868 0.154318 0.162159 0.128134 0.202945 0.146245 0.150201 0.156950 0.123735 0.161022 0.178982 0.160842 0.201189 0.202918 0.159705 0.139696 0.135481 0.179121 0.310471 0.170024 0.310344 0.128751 0.266554 0.232295 0.255574 0.153240 0.311953 0.181292 0.220019 0.160224 0.373055 0.234320 0.171025 0.137813 0.147453 0.116353 0.206358 0.192458 0.147650 0.188857 0.172463 0.220403 0.197334 0.330872 0.183642 0.383245 0.310173 0.386585 0.370967 0.363934 0.348490 0.361730 0.392802 0.382617 0.215104 0.258719 0.282535 0.315647 0.261375 0.286205 0.278540 0.278510 0.289774 0.242686 0.162931 0.205497 0.198525 0.137086 0.182371 0.221515 0.227245 0.216458 0.212213 0.212668 0.226037 0.197687 0.175968 0.203663 0.203849 0.231224 0.195391 0.245130 0.208288 0.193270 0.230147 0.223749 0.163606 0.170361 0.202965 0.235979 0.202929 0.146646 0.162510 0.165875 0.212277 0.163580 0.189189 0.204783 0.162974 0.205234 0.276379 0.356892 0.196402 0.174997 0.235175 0.174053 0.192279 0.163921 0.266753 0.317305 0.253889 0.153767 0.252382 0.136783 0.218806 0.246625 0.208322 0.193928 0.132309 0.179129 0.188831 0.244179 0.230947 
0.219123 0.165560 0.184808 0.207296 0.338307 0.359830 0.145164 0.176714 0.144102 0.148198 0.176547 0.162272 0.161686 0.000000 0.175028 0.132228 0.144491 0.258215 0.184419 0.272465 0.436152 0.432696 0.419423 0.449525 0.411486 0.379131 0.397442 0.419230 0.416623 0.438022 0.364987 0.341331 0.440708 0.404137 0.363463 0.270617 0.222807 0.256879 0.267637 0.231725 0.216961 0.196559 0.225802 0.264580 0.345976 0.287218 0.288287 0.214079 0.210649 0.200732 0.308205 0.383584 0.285988 0.493653 0.439558 0.502223 0.246491 0.440302 0.437480 0.303385 0.298736 0.385708 0.450522 0.237050 0.270188 0.169429 0.171766 0.137394 0.176206 0.137699 0.174975 0.310139 0.323349 0.303856 0.296386 0.401727 0.244886 0.220415 0.216567 0.269667 0.529214 0.143276 0.506841 0.234720 0.305194 0.219814 0.250355 0.339859 0.372176 0.236969 0.442991 0.253373 0.599333 0.265219 0.403460 0.203525 0.279762 0.214541 0.242149 0.255173 0.222043 0.250166 0.250694 0.266022 0.254922 0.282455 0.249580 0.304779 0.215282 0.220762 0.194571 0.213743 0.188545 0.169297 0.204876 0.176600 0.198261 0.192887 0.198405 0.226725 0.202164 0.214989 0.187240 0.236247 0.215852 0.213369 0.209912 0.180639 0.223666 0.237685 0.199621 0.234501 0.238939 0.206814 0.214124 0.182163 0.216634 0.267226 0.198534 0.286527 0.179188 0.249095 0.231849 0.284203 0.224027 0.317835 0.209866 0.196360 0.184108 0.316375 0.243514 0.201809 0.161375 0.182847 0.144974 0.208333 0.221623 0.180078 0.240460 0.201266 0.238825 0.205527 0.296435 0.179515 0.371103 0.310451 0.387892 0.362574 0.363447 0.334058 0.351863 0.365937 0.382014 0.202197 0.233129 0.247913 0.291197 0.233917 0.253346 0.215940 0.265700 0.258368 0.282983 0.121709 0.146089 0.180801 0.166963 0.237290 0.237544 0.187714 0.165817 0.188317 0.194800 0.215187 0.197807 0.189407 0.207624 0.207710 0.189263 0.153699 0.210059 0.162994 0.190785 0.188006 0.185234 0.174020 0.180328 0.139174 0.164176 0.193707 0.170874 0.174652 0.164643 0.225049 0.117060 0.144603 0.202736 0.187522 0.184608 0.303454 0.287670 0.212487 0.220883 0.232431 0.202839 0.203774 0.151776 0.252780 0.254464 0.234419 0.214088 0.170393 0.182068 0.202735 0.163983 0.169898 0.138608 0.169387 0.236090 0.226002 0.279717 0.247713 
0.212168 0.174731 0.193699 0.197393 0.343181 0.362946 0.223795 0.171265 0.153113 0.192623 0.170473 0.123281 0.110664 0.175028 0.000000 0.141802 0.139131 0.334207 0.133613 0.293485 0.404468 0.369013 0.381046 0.415636 0.367741 0.332604 0.360376 0.377108 0.381850 0.402994 0.326747 0.319003 0.418937 0.392588 0.346848 0.257259 0.189680 0.238788 0.241833 0.209993 0.188731 0.180517 0.235238 0.265492 0.345922 0.283552 0.269677 0.218348 0.313425 0.238606 0.278147 0.391665 0.258413 0.500064 0.443537 0.509806 0.182695 0.411803 0.458816 0.247060 0.311594 0.408701 0.455843 0.327095 0.294823 0.217850 0.170355 0.134960 0.125440 0.173514 0.158996 0.353405 0.390475 0.342142 0.345031 0.389439 0.290638 0.278952 0.258592 0.244412 0.649827 0.222379 0.574445 0.317804 0.321714 0.314908 0.388832 0.302527 0.429880 0.288251 0.520665 0.308812 0.641376 0.297636 0.474777 0.192054 0.257199 0.207255 0.235757 0.203406 0.170165 0.223798 0.208200 0.239636 0.238263 0.262006 0.203524 0.263072 0.216475 0.219920 0.163204 0.177256 0.174234 0.141012 0.182031 0.180913 0.153081 0.158915 0.128313 0.222585 0.162608 0.196876 0.160046 0.233659 0.188350 0.140871 0.177715 0.157358 0.171599 0.214809 0.183530 0.227944 0.237014 0.173308 0.178767 0.167179 0.220913 0.315409 0.218799 0.318978 0.143344 0.276575 0.253165 0.290161 0.216278 0.331324 0.193827 0.206872 0.190903 0.406464 0.238836 0.197066 0.185856 0.160897 0.134292 0.261040 0.234622 0.166737 0.223111 0.187913 0.248682 0.208441 0.382973 0.227699 0.408677 0.349008 0.412801 0.400979 0.402015 0.379514 0.379887 0.429909 0.400483 0.258015 0.292394 0.305605 0.336550 0.295704 0.313384 0.299844 0.318771 0.324468 0.270535 0.192772 0.233417 0.200788 0.154104 0.208015 0.232641 0.258155 0.241530 0.236128 0.224177 0.236967 0.233233 0.198998 0.218801 0.227813 0.237232 0.250272 0.294097 0.259821 0.241355 0.275882 0.264093 0.209284 0.172062 0.224196 0.253080 0.239455 0.193623 0.201119 0.195160 0.180392 0.174088 0.158740 0.245183 0.219126 0.221832 0.309928 0.365079 0.214765 0.250128 0.251160 0.187115 0.192223 0.187085 0.274710 0.338959 0.279635 0.157963 0.264528 0.152397 0.261073 0.273333 0.228311 0.216661 0.150093 0.147936 0.207235 0.238047 0.230281 
0.218280 0.153104 0.158545 0.176945 0.354792 0.323283 0.194190 0.188320 0.086216 0.145787 0.147953 0.101762 0.155030 0.132228 0.141802 0.000000 0.144298 0.254792 0.179901 0.282235 0.448266 0.441274 0.449466 0.451324 0.442569 0.381180 0.402005 0.436693 0.432597 0.454791 0.401495 0.357472 0.454283 0.420594 0.391316 0.275160 0.240163 0.269874 0.271987 0.248554 0.221826 0.199949 0.258138 0.256694 0.374710 0.277007 0.287738 0.252069 0.247661 0.220148 0.339972 0.424374 0.308181 0.536158 0.465072 0.552746 0.266069 0.448137 0.473918 0.303105 0.319603 0.411138 0.489777 0.289151 0.251879 0.194802 0.188122 0.146779 0.117914 0.148652 0.140454 0.395613 0.410275 0.365790 0.372901 0.391685 0.311385 0.289557 0.281983 0.278115 0.555449 0.172888 0.550430 0.260595 0.307293 0.279467 0.296545 0.327416 0.401904 0.279365 0.489800 0.304041 0.572622 0.298159 0.450699 0.201645 0.269704 0.235737 0.263289 0.267391 0.220469 0.270848 0.258404 0.282360 0.273332 0.299177 0.265845 0.313330 0.262978 0.238843 0.181668 0.206987 0.190014 0.149465 0.216838 0.207667 0.198408 0.196682 0.185214 0.245194 0.204984 0.224385 0.196244 0.269079 0.242013 0.190965 0.227328 0.195790 0.221664 0.255267 0.212136 0.245549 0.261983 0.220441 0.235558 0.193277 0.245728 0.327447 0.214720 0.298368 0.168602 0.275849 0.241003 0.300813 0.213972 0.303280 0.207882 0.181247 0.172899 0.345830 0.223579 0.199596 0.153353 0.169656 0.130510 0.219120 0.213042 0.165860 0.240892 0.194941 0.242583 0.186362 0.318601 0.157298 0.417154 0.350027 0.418431 0.414724 0.404016 0.402658 0.398143 0.440673 0.453186 0.221362 0.256673 0.301575 0.334736 0.277871 0.299921 0.277678 0.292599 0.314606 0.329994 0.183730 0.217044 0.211481 0.180060 0.234918 0.278945 0.217879 0.208592 0.207195 0.203778 0.238529 0.205267 0.211037 0.249262 0.227534 0.225738 0.224630 0.248785 0.240878 0.222005 0.240477 0.228714 0.176983 0.155295 0.143790 0.173488 0.219508 0.171384 0.169727 0.149406 0.224880 0.149498 0.171553 0.185886 0.187980 0.172615 0.296583 0.327771 0.173838 0.207818 0.261820 0.188542 0.198678 0.198824 0.266862 0.297914 0.236672 0.210315 0.244183 0.207881 0.197183 0.184714 0.180774 0.180169 0.181376 0.208977 0.235997 0.290303 0.261947 
0.241357 0.173945 0.231252 0.231102 0.331955 0.347839 0.190524 0.118628 0.169393 0.164173 0.144193 0.181387 0.130795 0.144491 0.139131 0.144298 0.000000 0.289184 0.117386 0.243145 0.366690 0.339176 0.349575 0.385784 0.338441 0.289643 0.297261 0.351586 0.347835 0.354591 0.354449 0.320379 0.418661 0.390589 0.348677 0.240736 0.224707 0.195853 0.178785 0.222080 0.213881 0.172378 0.264676 0.241837 0.347945 0.242470 0.255111 0.221621 0.269535 0.211327 0.293434 0.416167 0.280994 0.495281 0.472159 0.536364 0.198289 0.429161 0.482017 0.254346 0.314621 0.394508 0.466016 0.309710 0.276407 0.192103 0.154246 0.174068 0.121906 0.175984 0.200267 0.376914 0.375967 0.349584 0.356881 0.361465 0.311187 0.261469 0.288232 0.276258 0.619664 0.143030 0.524927 0.263801 0.253840 0.242766 0.347496 0.227289 0.355203 0.265545 0.457763 0.235717 0.611291 0.248176 0.451844 0.102926 0.240832 0.209847 0.244429 0.203444 0.214050 0.197127 0.196405 0.252264 0.243504 0.277962 0.238964 0.296723 0.223933 0.199624 0.164448 0.185637 0.128658 0.169653 0.132708 0.146582 0.127817 0.166626 0.107157 0.196055 0.170431 0.176759 0.115831 0.191923 0.140370 0.162341 0.145137 0.132131 0.166339 0.156363 0.164362 0.190859 0.196862 0.160395 0.183372 0.122422 0.172505 0.298316 0.167058 0.329398 0.160975 0.281250 0.242243 0.295125 0.241023 0.301932 0.139861 0.212062 0.189503 0.354995 0.229260 0.190502 0.170520 0.138202 0.149453 0.211966 0.214223 0.177570 0.228590 0.185765 0.257150 0.199078 0.334411 0.178619 0.415692 0.334225 0.409013 0.406397 0.374771 0.376692 0.392691 0.430342 0.394506 0.218596 0.255827 0.303566 0.332851 0.270792 0.291587 0.273177 0.281160 0.315450 0.265067 0.152709 0.194271 0.207583 0.124959 0.188760 0.231448 0.221958 0.226584 0.211448 0.212124 0.223396 0.206985 0.191620 0.212546 0.224369 0.224531 0.215940 0.231796 0.217806 0.186795 0.206135 0.213868 0.176345 0.185584 0.175073 0.192510 0.255476 0.161913 0.157929 0.177593 0.214673 0.181828 0.207626 0.213827 0.226430 0.231975 0.259272 0.342930 0.221915 0.258493 0.229261 0.170868 0.171198 0.160674 0.234067 0.314399 0.224726 0.144819 0.261689 0.150339 0.205174 0.230318 0.192234 0.182054 0.119298 0.177744 0.130446 0.215767 0.188076 
0.342253 0.354626 0.311418 0.303578 0.370721 0.351807 0.211861 0.279710 0.264230 0.237187 0.279278 0.261530 0.304528 0.258215 0.334207 0.254792 0.289184 0.000000 0.276621 0.226959 0.398037 0.434454 0.388793 0.399072 0.383690 0.336084 0.387247 0.429638 0.378618 0.402651 0.386595 0.330897 0.401889 0.362071 0.336046 0.320257 0.314334 0.308642 0.307656 0.341131 0.321094 0.316463 0.276891 0.203819 0.272446 0.204159 0.201906 0.218004 0.217983 0.205537 0.313961 0.400588 0.276808 0.524745 0.447105 0.527638 0.313687 0.410966 0.443303 0.267762 0.243229 0.382521 0.433500 0.290864 0.316587 0.250111 0.286646 0.332212 0.326588 0.297631 0.322960 0.346725 0.362487 0.324947 0.322138 0.249499 0.275603 0.281437 0.267021 0.339861 0.555013 0.202601 0.441064 0.285707 0.196644 0.240713 0.310178 0.266624 0.334480 0.226978 0.408612 0.239519 0.579573 0.219957 0.369836 0.276678 0.319476 0.312978 0.316760 0.308307 0.353000 0.308370 0.300809 0.333069 0.328443 0.357053 0.339128 0.362166 0.315191 0.302540 0.295920 0.316573 0.308546 0.308026 0.314674 0.312841 0.338609 0.329993 0.349379 0.374190 0.341533 0.336353 0.327643 0.348150 0.341914 0.371854 0.328254 0.318485 0.389383 0.400673 0.354634 0.381439 0.348817 0.337081 0.340246 0.353217 0.356783 0.233032 0.225399 0.296597 0.296705 0.277098 0.345725 0.414930 0.322455 0.388145 0.248420 0.285333 0.285567 0.259498 0.408979 0.308447 0.247203 0.293322 0.313895 0.323669 0.324927 0.289293 0.353694 0.289356 0.335173 0.356611 0.307942 0.272040 0.383794 0.286152 0.361820 0.357282 0.333375 0.353764 0.352057 0.383258 0.399123 0.227403 0.272135 0.235922 0.260975 0.263763 0.230331 0.251013 0.196254 0.227598 0.292784 0.290330 0.313000 0.342145 0.288259 0.281021 0.306143 0.271826 0.272815 0.272469 0.306037 0.310455 0.314618 0.276382 0.275699 0.265244 0.267984 0.274967 0.325589 0.263254 0.265418 0.265422 0.253602 0.218148 0.314536 0.233867 0.226536 0.311806 0.275522 0.283790 0.244325 0.346081 0.317000 0.333653 0.293585 0.320391 0.338233 0.220169 0.246655 0.350233 0.322796 0.267918 0.292325 0.293147 0.235136 0.215990 0.226731 0.178843 0.340353 0.274392 0.311882 0.223399 0.227198 0.231184 0.267101 0.315572 0.327002 0.253993 0.222345 0.214892 
