240 240
0.000000 0.116230 0.090693 0.112794 0.136509 0.150831 0.146972 0.155218 0.156724 0.141679 0.105584 0.151252 0.265294 0.152155 0.240561 0.317847 0.325164 0.358740 0.306329 0.323970 0.289797 0.278501 0.272390 0.281085 0.287346 0.301694 0.288038 0.260929 0.339978 0.310859 0.275993 0.341861 0.162844 0.165600 0.185907 0.169050 0.204669 0.210173 0.172237 0.168004 0.187617 0.193476 0.126103 0.264277 0.226509 0.237904 0.181467 0.281225 0.216139 0.312199 0.296924 0.284805 0.338470 0.336547 0.178241 0.288611 0.308642 0.203730 0.312685 0.176342 0.280604 0.102898 0.118696 0.144137 0.145098 0.221299 0.264835 0.237518 0.155068 0.205384 0.277157 0.151177 0.126695 0.112189 0.450120 0.172187 0.430676 0.231046 0.273234 0.240211 0.293618 0.196419 0.499562 0.549567 0.257806 0.347628 0.343962 0.179745 0.150697 0.173642 0.163284 0.182190 0.162923 0.168840 0.168001 0.175244 0.164036 0.167604 0.157771 0.176068 0.173661 0.182814 0.169297 0.166296 0.186881 0.097973 0.104630 0.169818 0.118162 0.105599 0.110860 0.136160 0.171582 0.149329 0.178352 0.208311 0.175737 0.193744 0.162641 0.174429 0.198864 0.186595 0.197275 0.191218 0.202471 0.160767 0.187119 0.171858 0.192005 0.195601 0.200538 0.187770 0.172010 0.197471 0.199613 0.199127 0.170484 0.193500 0.141286 0.165684 0.171923 0.192877 0.168238 0.332230 0.208380 0.154221 0.173041 0.136027 0.172738 0.147284 0.276822 0.175606 0.192615 0.141520 0.129572 0.150682 0.124344 0.186616 0.129727 0.134036 0.186352 0.235145 0.167203 0.231652 0.210212 0.246038 0.228814 0.241888 0.232402 0.230731 0.182594 0.160679 0.128708 0.196904 0.167153 0.158113 0.094259 0.125736 0.120380 0.096661 0.163688 0.338182 0.170726 0.123355 0.145270 0.140276 0.144638 0.103382 0.139754 0.101398 0.156819 0.142995 0.132111 0.125094 0.090966 0.119243 0.117285 0.178898 0.117822 0.140045 0.125794 0.158436 0.159502 0.150373 0.124448 0.147474 0.126472 0.118333 0.164194 0.083809 0.119761 0.119218 0.114307 0.112213 0.200709 0.170678 0.247032 0.229239 0.170264 0.139167 0.183439 0.122987 0.152151 0.148286 0.112695 0.192010 0.215796 0.194369 0.159588 0.101986 0.136442 0.156613 0.164554 0.140122 0.109598 0.097068 0.167705 0.175545 0.197432 0.206630 
0.116230 0.000000 0.093157 0.109262 0.118060 0.107668 0.122592 0.140646 0.135222 0.117082 0.121741 0.125157 0.285119 0.163676 0.247591 0.324209 0.333364 0.362365 0.321099 0.327066 0.293218 0.279238 0.282509 0.291309 0.284079 0.310865 0.288648 0.268805 0.338160 0.314239 0.288572 0.345421 0.173579 0.151343 0.189885 0.166473 0.199157 0.198528 0.157127 0.125905 0.200935 0.202664 0.185782 0.291046 0.232337 0.245220 0.198665 0.289555 0.225334 0.335717 0.289287 0.294614 0.355907 0.314074 0.190687 0.275305 0.309181 0.196235 0.304671 0.222962 0.258466 0.120458 0.124056 0.093969 0.108273 0.277457 0.288262 0.261771 0.181013 0.236997 0.283731 0.212845 0.159149 0.176791 0.462756 0.170402 0.454857 0.225678 0.281380 0.247831 0.281413 0.213993 0.521673 0.576520 0.265604 0.342801 0.372921 0.174267 0.153282 0.189687 0.142461 0.197411 0.167353 0.187292 0.147438 0.182060 0.178295 0.188770 0.162931 0.172397 0.176578 0.187376 0.178046 0.153934 0.208868 0.129823 0.130126 0.179238 0.134932 0.097395 0.106721 0.134546 0.144568 0.122858 0.153396 0.185103 0.149986 0.156088 0.138317 0.176342 0.184448 0.157368 0.147797 0.173563 0.160663 0.140816 0.135100 0.159942 0.156816 0.164713 0.191636 0.161986 0.152262 0.168693 0.145176 0.174682 0.177761 0.183657 0.116267 0.181065 0.148741 0.162605 0.127830 0.328580 0.186308 0.126582 0.166735 0.149319 0.148195 0.118473 0.274690 0.138728 0.136322 0.122422 0.110725 0.119809 0.075726 0.155745 0.125464 0.128537 0.131220 0.230287 0.140544 0.297275 0.248548 0.279193 0.293794 0.291686 0.282678 0.306427 0.224919 0.174725 0.168172 0.199609 0.214430 0.196082 0.108901 0.123274 0.126297 0.141462 0.121468 0.325368 0.163049 0.114057 0.184011 0.124030 0.157541 0.112694 0.106891 0.099549 0.119841 0.101953 0.116210 0.131777 0.125278 0.165084 0.153672 0.195091 0.170405 0.147528 0.165883 0.176339 0.109229 0.121472 0.093308 0.131867 0.096369 0.112058 0.128863 0.089362 0.131775 0.079368 0.098238 0.097732 0.182172 0.187490 0.229782 0.236517 0.206333 0.150835 0.210767 0.105383 0.125685 0.176319 0.111788 0.198492 0.221854 0.188522 0.147216 0.161864 0.111967 0.133335 0.151610 0.146695 0.108501 0.093480 0.121635 0.153955 0.194390 0.205859 
0.090693 0.093157 0.000000 0.076176 0.131423 0.130614 0.147521 0.127504 0.121683 0.121225 0.126261 0.132183 0.272891 0.149277 0.236927 0.319716 0.328519 0.360951 0.309830 0.325045 0.292700 0.285250 0.275197 0.289975 0.295463 0.303575 0.295480 0.260769 0.339158 0.309741 0.274976 0.340527 0.156833 0.157938 0.186448 0.156994 0.182845 0.190415 0.141318 0.143872 0.196922 0.199123 0.155684 0.276433 0.233818 0.252992 0.188540 0.289824 0.221191 0.304539 0.294318 0.276241 0.358805 0.326641 0.177191 0.283142 0.309660 0.205767 0.295887 0.195986 0.286182 0.109647 0.122697 0.108135 0.075816 0.273130 0.276186 0.265830 0.183876 0.216380 0.280840 0.187883 0.158311 0.150197 0.467769 0.179229 0.472498 0.246758 0.269148 0.249455 0.292173 0.212922 0.518054 0.591541 0.274160 0.344585 0.378375 0.175596 0.154105 0.168813 0.151270 0.181012 0.146127 0.168208 0.166138 0.172965 0.159488 0.163151 0.152605 0.160525 0.158843 0.164221 0.154634 0.167376 0.184429 0.113254 0.121544 0.162131 0.112963 0.090827 0.110870 0.136161 0.161423 0.131317 0.179630 0.206403 0.167206 0.179033 0.156058 0.176944 0.188140 0.166358 0.174728 0.187718 0.191998 0.147915 0.176924 0.170593 0.185853 0.186678 0.201710 0.186842 0.178007 0.177496 0.173581 0.190091 0.155727 0.172559 0.128958 0.154157 0.141316 0.165072 0.110943 0.337729 0.183587 0.136196 0.168509 0.129012 0.142305 0.111700 0.266444 0.151753 0.173772 0.123956 0.112870 0.125662 0.093182 0.152761 0.114631 0.106280 0.166703 0.205016 0.131330 0.272499 0.226321 0.250914 0.263560 0.266097 0.265261 0.276372 0.209612 0.175435 0.150620 0.198356 0.185149 0.171976 0.117290 0.145436 0.134346 0.159759 0.134191 0.317537 0.172846 0.127913 0.147467 0.149637 0.174080 0.109025 0.137409 0.098579 0.158821 0.147645 0.127047 0.136967 0.097815 0.143088 0.136717 0.181481 0.148884 0.134798 0.142278 0.176735 0.163223 0.136166 0.100630 0.153044 0.106335 0.096477 0.159099 0.085624 0.133467 0.105576 0.094736 0.111033 0.177695 0.178704 0.223904 0.248460 0.181966 0.134135 0.188883 0.096099 0.111727 0.153567 0.103390 0.189240 0.230251 0.189957 0.158407 0.158023 0.129204 0.143139 0.159812 0.143749 0.104850 0.109717 0.155592 0.139164 0.189340 0.199619 
0.112794 0.109262 0.076176 0.000000 0.144221 0.138802 0.160301 0.155364 0.146299 0.136046 0.152616 0.140496 0.260401 0.143291 0.230598 0.312145 0.320791 0.353654 0.301738 0.320296 0.282400 0.277491 0.267004 0.282862 0.281832 0.297188 0.285178 0.252908 0.331991 0.303024 0.267493 0.333334 0.155149 0.155339 0.184474 0.149710 0.188783 0.199239 0.164317 0.159785 0.200799 0.189612 0.168383 0.278309 0.226175 0.236523 0.183311 0.262635 0.215505 0.297203 0.284631 0.253192 0.350267 0.308505 0.166967 0.263871 0.275981 0.192161 0.263715 0.204623 0.292621 0.128043 0.134316 0.124176 0.108958 0.279245 0.277331 0.276942 0.192168 0.231337 0.272290 0.196767 0.182514 0.160553 0.440866 0.198883 0.476682 0.240705 0.281629 0.261769 0.282683 0.228413 0.499086 0.594657 0.288740 0.350521 0.375573 0.182972 0.147183 0.166880 0.151325 0.179131 0.154583 0.156561 0.158738 0.174847 0.152256 0.158296 0.149030 0.165493 0.161095 0.168700 0.165816 0.157586 0.178683 0.136970 0.145007 0.170163 0.133127 0.110664 0.124123 0.149490 0.173958 0.148479 0.181226 0.211570 0.176194 0.193724 0.169382 0.188943 0.200746 0.181663 0.189587 0.190741 0.200210 0.161785 0.187095 0.172539 0.190122 0.203057 0.205719 0.187987 0.177537 0.192750 0.191845 0.199537 0.174392 0.157280 0.135130 0.173846 0.162218 0.184200 0.135654 0.323726 0.207707 0.144056 0.166824 0.123954 0.160518 0.144935 0.278845 0.173432 0.192899 0.134183 0.132013 0.148673 0.115144 0.174490 0.120533 0.121868 0.187625 0.205353 0.160239 0.285394 0.229151 0.264355 0.276615 0.272576 0.272638 0.288163 0.217219 0.189344 0.167842 0.202980 0.198852 0.187319 0.132745 0.163575 0.124124 0.179376 0.161355 0.340692 0.184568 0.131149 0.183207 0.157019 0.184386 0.128765 0.135764 0.115259 0.159214 0.148643 0.130388 0.139300 0.121686 0.158966 0.165398 0.209824 0.167086 0.158167 0.170202 0.191611 0.165256 0.137192 0.121429 0.161315 0.130632 0.118284 0.161969 0.124515 0.157863 0.122048 0.124902 0.125301 0.197076 0.196691 0.227012 0.251763 0.208443 0.165135 0.219518 0.134547 0.137342 0.171456 0.110325 0.197674 0.226936 0.197910 0.157894 0.166865 0.133300 0.148775 0.181969 0.172125 0.125230 0.129280 0.160867 0.160774 0.195003 0.203482 
0.136509 0.118060 0.131423 0.144221 0.000000 0.096621 0.050741 0.097444 0.098604 0.117011 0.115310 0.122643 0.187576 0.147274 0.183790 0.295600 0.302877 0.337270 0.290207 0.299402 0.279420 0.259114 0.257782 0.242321 0.261808 0.282379 0.279570 0.240667 0.313833 0.286514 0.259455 0.314925 0.144007 0.132844 0.158247 0.136996 0.164746 0.164586 0.137461 0.117650 0.187261 0.125396 0.153427 0.234842 0.153655 0.161126 0.157758 0.324520 0.219687 0.399367 0.307616 0.353671 0.414086 0.367486 0.164497 0.332903 0.368809 0.193451 0.357850 0.198141 0.288137 0.119661 0.123785 0.112541 0.118363 0.287469 0.255825 0.301760 0.229082 0.265372 0.239650 0.223889 0.195040 0.189190 0.478187 0.102518 0.424037 0.210838 0.187783 0.268130 0.197702 0.169031 0.495678 0.538342 0.207299 0.271285 0.341479 0.116558 0.136034 0.150222 0.141035 0.168164 0.140061 0.157419 0.152210 0.152258 0.154273 0.155193 0.139115 0.149113 0.151988 0.155993 0.144442 0.148228 0.176570 0.162751 0.155007 0.132996 0.142858 0.124869 0.134371 0.147728 0.111487 0.105274 0.132206 0.150700 0.129997 0.135899 0.106151 0.139911 0.148073 0.137813 0.139274 0.140473 0.145346 0.114072 0.138070 0.131170 0.137616 0.143583 0.160055 0.140238 0.123333 0.143764 0.127522 0.140754 0.132307 0.223194 0.092656 0.179800 0.124652 0.152163 0.149238 0.309873 0.154546 0.087969 0.110324 0.102549 0.146732 0.124369 0.238827 0.128687 0.133404 0.099561 0.090724 0.093443 0.096033 0.126594 0.104644 0.123347 0.131843 0.220962 0.120786 0.306310 0.246063 0.286895 0.298087 0.290875 0.293380 0.315866 0.215720 0.189757 0.181242 0.183489 0.203152 0.228804 0.120237 0.179089 0.126421 0.165186 0.166432 0.369421 0.176775 0.122455 0.189762 0.173183 0.157886 0.141878 0.135692 0.132200 0.084808 0.163919 0.143825 0.148185 0.142415 0.153671 0.178400 0.202256 0.179624 0.157429 0.172719 0.163425 0.096003 0.074441 0.085621 0.101260 0.086347 0.086544 0.188061 0.123742 0.159174 0.146849 0.094054 0.090054 0.148798 0.153460 0.176674 0.232320 0.173967 0.131523 0.150275 0.135527 0.153132 0.136993 0.113394 0.148564 0.222161 0.136107 0.168221 0.165790 0.143111 0.132103 0.094295 0.134801 0.086805 0.113614 0.108189 0.120965 0.140593 0.131142 
0.150831 0.107668 0.130614 0.138802 0.096621 0.000000 0.123179 0.156475 0.143620 0.117475 0.104395 0.116260 0.219377 0.147459 0.229924 0.325282 0.334120 0.364121 0.324478 0.335347 0.294097 0.286761 0.285997 0.284115 0.293441 0.312934 0.291956 0.269890 0.339881 0.315198 0.286521 0.343932 0.178793 0.152325 0.196135 0.164716 0.204469 0.208987 0.174620 0.129420 0.165525 0.170638 0.167352 0.244496 0.200169 0.202453 0.152548 0.300648 0.195868 0.389042 0.311973 0.330690 0.387195 0.336041 0.192231 0.300997 0.335175 0.206332 0.325495 0.188459 0.273085 0.136079 0.121179 0.099973 0.112958 0.269597 0.253595 0.296510 0.209681 0.245815 0.264904 0.211557 0.200046 0.179168 0.441577 0.122850 0.413481 0.222275 0.224034 0.243811 0.256551 0.201132 0.491911 0.561889 0.215524 0.282143 0.339933 0.168175 0.158344 0.202022 0.157222 0.202689 0.179053 0.193391 0.143561 0.193412 0.182913 0.193056 0.167940 0.182332 0.186206 0.196949 0.190541 0.158476 0.210457 0.172005 0.158044 0.158673 0.155871 0.136510 0.141500 0.167593 0.157176 0.142755 0.151093 0.186775 0.160759 0.177675 0.154475 0.181822 0.197711 0.176834 0.161079 0.178911 0.178385 0.155605 0.148284 0.164730 0.166501 0.185392 0.200826 0.165375 0.163741 0.174405 0.159312 0.182530 0.155069 0.223981 0.122228 0.189147 0.170914 0.176996 0.146395 0.330650 0.213637 0.141531 0.165901 0.151757 0.141422 0.138998 0.253115 0.164617 0.153776 0.140673 0.114038 0.137068 0.079753 0.139992 0.141571 0.164033 0.117703 0.224767 0.137135 0.295613 0.240802 0.275262 0.287139 0.282519 0.284151 0.315154 0.214613 0.174604 0.184517 0.184159 0.200948 0.230407 0.134347 0.172865 0.126658 0.183091 0.176390 0.368768 0.187881 0.134079 0.197300 0.141854 0.148357 0.146785 0.111869 0.111063 0.112212 0.129113 0.160741 0.144316 0.127878 0.166229 0.170422 0.181409 0.182395 0.148990 0.170209 0.153315 0.122194 0.119626 0.118527 0.091277 0.106805 0.114255 0.175393 0.112586 0.125884 0.119632 0.107487 0.108468 0.144636 0.149703 0.205329 0.223481 0.169730 0.127985 0.166969 0.141396 0.132889 0.145448 0.135216 0.171092 0.208024 0.141295 0.154529 0.174178 0.135789 0.140144 0.134708 0.124224 0.128948 0.133928 0.122081 0.162506 0.190161 0.199414 
0.146972 0.122592 0.147521 0.160301 0.050741 0.123179 0.000000 0.085026 0.097474 0.122324 0.136967 0.115739 0.204778 0.143402 0.161512 0.281717 0.290218 0.325857 0.283894 0.297602 0.268373 0.250072 0.255641 0.220162 0.250583 0.275008 0.286296 0.252586 0.320094 0.296415 0.267539 0.321670 0.145993 0.142775 0.162315 0.146330 0.164099 0.160414 0.139916 0.121648 0.211478 0.154242 0.164930 0.256483 0.173363 0.175210 0.178813 0.338259 0.239048 0.405190 0.321514 0.369616 0.432858 0.388173 0.164796 0.342324 0.389559 0.202533 0.369621 0.217467 0.320426 0.137579 0.141397 0.107590 0.133045 0.310202 0.278749 0.322641 0.247606 0.287804 0.266460 0.245276 0.208079 0.209367 0.501356 0.107948 0.432757 0.216285 0.193859 0.293288 0.199359 0.179767 0.530325 0.544063 0.208762 0.272013 0.349296 0.096369 0.144303 0.125333 0.149449 0.170427 0.148366 0.146320 0.159346 0.137452 0.151301 0.161842 0.148671 0.153437 0.157640 0.164432 0.155604 0.152578 0.179865 0.157944 0.163231 0.164735 0.154070 0.117645 0.127764 0.139227 0.112270 0.097921 0.124149 0.153688 0.131140 0.141079 0.110752 0.140283 0.154473 0.139383 0.139722 0.147055 0.151008 0.121066 0.132510 0.138704 0.140370 0.141391 0.167522 0.149810 0.132090 0.155082 0.129371 0.146605 0.134498 0.228222 0.093294 0.194121 0.124425 0.159728 0.162418 0.319519 0.152073 0.087194 0.093527 0.099292 0.152026 0.137927 0.246466 0.133705 0.130521 0.103775 0.103789 0.089534 0.109114 0.135303 0.097199 0.128935 0.122423 0.240955 0.136167 0.324892 0.266335 0.306955 0.320397 0.303196 0.314001 0.334268 0.237443 0.217504 0.203579 0.215528 0.228193 0.237860 0.127258 0.176750 0.130174 0.158301 0.173863 0.365373 0.161494 0.135975 0.181372 0.194438 0.190139 0.156850 0.161475 0.150250 0.083997 0.177732 0.149753 0.173500 0.164439 0.155428 0.195653 0.223849 0.201247 0.176763 0.183493 0.177517 0.097269 0.101885 0.081292 0.122019 0.092085 0.102241 0.179540 0.140712 0.173821 0.154477 0.111015 0.102270 0.179583 0.176458 0.186181 0.254695 0.218600 0.176188 0.194616 0.131450 0.169232 0.142307 0.125591 0.153865 0.251582 0.164415 0.163485 0.184466 0.149559 0.143105 0.113619 0.169158 0.101525 0.130564 0.090835 0.118874 0.120465 0.124311 
0.155218 0.140646 0.127504 0.155364 0.097444 0.156475 0.085026 0.000000 0.050349 0.104965 0.150439 0.108913 0.242195 0.116339 0.179122 0.242550 0.245212 0.289533 0.238044 0.251656 0.231309 0.214287 0.209720 0.213223 0.217489 0.231192 0.250005 0.199934 0.274575 0.245454 0.210035 0.269541 0.083512 0.096656 0.121404 0.098096 0.104055 0.101726 0.066774 0.077055 0.201935 0.154933 0.143217 0.236343 0.166226 0.188832 0.153394 0.312308 0.217014 0.365145 0.289025 0.335477 0.413891 0.369266 0.116024 0.311148 0.361649 0.194904 0.347007 0.207392 0.309049 0.140382 0.145430 0.111577 0.123475 0.292209 0.266006 0.288346 0.214892 0.259272 0.265693 0.219554 0.185492 0.196143 0.524779 0.140415 0.468566 0.241234 0.219162 0.304785 0.207218 0.189343 0.559034 0.578200 0.235888 0.291869 0.368468 0.076612 0.118902 0.106907 0.125379 0.114654 0.104649 0.099824 0.134103 0.100082 0.090607 0.103436 0.093301 0.090799 0.095579 0.102975 0.097638 0.126086 0.128525 0.146929 0.142728 0.174644 0.131902 0.087881 0.113893 0.140581 0.083557 0.080658 0.093369 0.135386 0.086804 0.101409 0.075331 0.110167 0.114298 0.084808 0.104087 0.124601 0.113628 0.087900 0.096254 0.099057 0.107764 0.111477 0.128497 0.116753 0.102336 0.107641 0.104773 0.116425 0.114455 0.229896 0.063941 0.179766 0.082885 0.124792 0.138699 0.343185 0.121932 0.064582 0.081674 0.072022 0.150766 0.105127 0.261225 0.092683 0.124057 0.082143 0.096475 0.044951 0.116848 0.118911 0.073085 0.104466 0.131296 0.243938 0.155986 0.303848 0.237435 0.283774 0.293637 0.276043 0.281610 0.304768 0.234843 0.213406 0.189507 0.210371 0.213042 0.196111 0.132519 0.174128 0.129440 0.177263 0.171360 0.372312 0.164568 0.134569 0.157975 0.186314 0.199696 0.135815 0.174693 0.149503 0.111166 0.178573 0.152184 0.178931 0.153447 0.173780 0.180446 0.202556 0.180155 0.160687 0.162302 0.195565 0.155294 0.142501 0.114940 0.168353 0.100591 0.114751 0.187627 0.146081 0.181422 0.157714 0.133649 0.122445 0.172789 0.189091 0.189580 0.284875 0.232809 0.184110 0.208886 0.136762 0.152285 0.151906 0.129021 0.171768 0.253555 0.166874 0.157945 0.204624 0.148651 0.128195 0.155894 0.197555 0.121381 0.137509 0.082522 0.082731 0.098902 0.128820 
0.156724 0.135222 0.121683 0.146299 0.098604 0.143620 0.097474 0.050349 0.000000 0.095809 0.130865 0.106066 0.236889 0.112901 0.181638 0.255716 0.262494 0.303214 0.245077 0.264058 0.235841 0.229456 0.210661 0.229408 0.231364 0.238623 0.254073 0.215164 0.290012 0.262974 0.224003 0.289148 0.090824 0.083723 0.135987 0.092667 0.116981 0.121431 0.063982 0.072495 0.187061 0.165668 0.142550 0.243705 0.176427 0.196425 0.149040 0.307307 0.200403 0.361630 0.293239 0.332931 0.412631 0.363876 0.119595 0.308690 0.360402 0.200633 0.336286 0.216735 0.301386 0.138564 0.136805 0.125529 0.095537 0.295020 0.274315 0.295382 0.219397 0.259311 0.284327 0.221646 0.196839 0.195767 0.517249 0.145361 0.474050 0.248793 0.233056 0.296856 0.219715 0.194657 0.560592 0.592875 0.245690 0.312405 0.378445 0.099061 0.109660 0.117340 0.106712 0.121707 0.095405 0.108222 0.116482 0.113465 0.094630 0.104659 0.103759 0.099855 0.100662 0.106415 0.100486 0.109303 0.131101 0.146989 0.144227 0.182899 0.130463 0.088955 0.124515 0.150801 0.093910 0.070922 0.111383 0.144265 0.097035 0.114944 0.092247 0.117818 0.133006 0.103141 0.116093 0.125684 0.125427 0.092971 0.106681 0.112859 0.119029 0.124774 0.148941 0.128615 0.115835 0.119768 0.110560 0.127903 0.127814 0.227115 0.045786 0.175416 0.062705 0.092216 0.110208 0.361544 0.116139 0.077945 0.105455 0.073963 0.141212 0.095751 0.255914 0.082633 0.119130 0.067704 0.096299 0.057716 0.095399 0.086394 0.061362 0.085192 0.117610 0.239583 0.148749 0.307983 0.247632 0.290476 0.294712 0.287183 0.292523 0.314082 0.243126 0.205213 0.193667 0.212967 0.218224 0.195412 0.133317 0.172638 0.130562 0.186718 0.148365 0.371023 0.180790 0.141159 0.170617 0.185699 0.203698 0.142386 0.162475 0.142876 0.119407 0.173213 0.153275 0.173926 0.151237 0.183477 0.175605 0.190077 0.186985 0.161624 0.165502 0.199697 0.159587 0.145848 0.097241 0.164645 0.097185 0.102030 0.188020 0.142177 0.174683 0.142448 0.115641 0.125567 0.151784 0.165187 0.201730 0.271917 0.220457 0.169224 0.194101 0.133623 0.130929 0.146448 0.126253 0.169324 0.254638 0.171367 0.150411 0.203706 0.150603 0.120959 0.154430 0.185577 0.132372 0.144019 0.079406 0.047239 0.109823 0.130274 
0.141679 0.117082 0.121225 0.136046 0.117011 0.117475 0.122324 0.104965 0.095809 0.000000 0.126339 0.069624 0.249960 0.066561 0.213642 0.278092 0.281349 0.322198 0.266581 0.287150 0.240225 0.242660 0.226955 0.251561 0.246408 0.265478 0.248312 0.238802 0.309108 0.287328 0.237066 0.308932 0.109920 0.120192 0.159379 0.122773 0.128750 0.128791 0.116927 0.088674 0.186798 0.183084 0.131347 0.241017 0.182194 0.191051 0.141383 0.271002 0.172512 0.341737 0.274938 0.301230 0.367272 0.328112 0.114653 0.277773 0.324037 0.157816 0.295613 0.193328 0.274899 0.112803 0.101410 0.084494 0.120257 0.259764 0.237242 0.263783 0.185418 0.229371 0.254212 0.191270 0.176889 0.171891 0.488570 0.153351 0.429803 0.233855 0.227354 0.283305 0.204517 0.218796 0.549112 0.595669 0.221334 0.286804 0.349749 0.107699 0.134944 0.163897 0.132594 0.135360 0.152170 0.135726 0.132737 0.141364 0.124453 0.139588 0.120850 0.133891 0.148687 0.156794 0.148437 0.133468 0.166290 0.125095 0.116914 0.166067 0.113103 0.099878 0.103178 0.122006 0.089330 0.103054 0.100374 0.132336 0.096508 0.102472 0.079136 0.109648 0.131727 0.096648 0.094898 0.104895 0.112214 0.080916 0.087596 0.103598 0.106793 0.127648 0.137453 0.112672 0.101758 0.121789 0.090004 0.116473 0.118063 0.226235 0.088429 0.187209 0.144838 0.159071 0.110487 0.339804 0.196901 0.101484 0.119557 0.119815 0.158522 0.110645 0.276255 0.148764 0.153845 0.117945 0.099336 0.094912 0.084639 0.127172 0.111318 0.138884 0.129087 0.240754 0.141934 0.271437 0.219214 0.265875 0.260607 0.258273 0.251056 0.283195 0.226717 0.191303 0.199285 0.204894 0.206670 0.160977 0.122352 0.140121 0.101649 0.177584 0.158563 0.360514 0.124272 0.130690 0.144375 0.162325 0.169738 0.132011 0.149480 0.120918 0.106185 0.145702 0.137309 0.145872 0.142397 0.171166 0.145377 0.166655 0.149815 0.134850 0.161124 0.159985 0.145744 0.131151 0.118654 0.151089 0.105170 0.122003 0.149880 0.116853 0.127923 0.109938 0.131425 0.137230 0.139729 0.169007 0.198016 0.269823 0.214721 0.159174 0.200213 0.133507 0.126910 0.153044 0.119101 0.191683 0.238419 0.178031 0.095122 0.191931 0.097174 0.088056 0.159471 0.189325 0.149453 0.148286 0.103311 0.111843 0.128008 0.161890 
0.105584 0.121741 0.126261 0.152616 0.115310 0.104395 0.136967 0.150439 0.130865 0.126339 0.000000 0.136319 0.234897 0.147638 0.218328 0.320499 0.327840 0.359274 0.312384 0.331015 0.289783 0.286236 0.276225 0.285834 0.292597 0.306525 0.283222 0.260870 0.336027 0.307880 0.275149 0.337373 0.171720 0.153587 0.193623 0.161457 0.187165 0.194230 0.165095 0.141344 0.161199 0.198101 0.121922 0.255247 0.219459 0.224773 0.156662 0.276403 0.211065 0.347908 0.288809 0.312374 0.361505 0.340768 0.186942 0.315153 0.319555 0.230237 0.320657 0.205487 0.280928 0.119187 0.130182 0.137040 0.124776 0.226725 0.269101 0.230652 0.166811 0.215531 0.300954 0.165889 0.147518 0.142297 0.404103 0.115199 0.390594 0.174904 0.235900 0.189667 0.271367 0.168660 0.458827 0.513371 0.209066 0.314995 0.305645 0.158354 0.153956 0.197146 0.154395 0.194535 0.168664 0.186603 0.160105 0.183721 0.179885 0.185561 0.161830 0.172335 0.175820 0.188052 0.177939 0.157454 0.206225 0.144992 0.124063 0.175493 0.158558 0.142593 0.142082 0.160918 0.155885 0.142615 0.161144 0.178518 0.159234 0.165044 0.149113 0.167725 0.181808 0.168059 0.163485 0.171192 0.165930 0.146403 0.162081 0.156285 0.161699 0.176629 0.187966 0.166855 0.160551 0.170465 0.149352 0.168533 0.150480 0.200321 0.131856 0.170271 0.155973 0.179998 0.156177 0.320335 0.211264 0.135025 0.161966 0.151634 0.149069 0.129910 0.230454 0.165100 0.164564 0.144135 0.117983 0.139803 0.106534 0.154580 0.142536 0.159741 0.144289 0.209667 0.141429 0.261315 0.223732 0.272785 0.254238 0.261823 0.237491 0.259287 0.207515 0.163714 0.144008 0.198361 0.179413 0.203507 0.089518 0.136488 0.132096 0.120907 0.194285 0.387206 0.181289 0.116649 0.166338 0.133072 0.134026 0.128936 0.138892 0.110771 0.150750 0.141211 0.148498 0.151771 0.103274 0.134450 0.106420 0.138331 0.111049 0.138291 0.127403 0.138850 0.169523 0.139340 0.135524 0.108892 0.124607 0.121767 0.171862 0.078468 0.094851 0.107240 0.128262 0.137395 0.176938 0.143696 0.227541 0.206803 0.153520 0.124647 0.146505 0.147641 0.148650 0.160302 0.153707 0.189699 0.184020 0.173520 0.169207 0.115363 0.162487 0.143900 0.152595 0.120592 0.120206 0.098427 0.143088 0.154821 0.180115 0.196580 
0.151252 0.125157 0.132183 0.140496 0.122643 0.116260 0.115739 0.108913 0.106066 0.069624 0.136319 0.000000 0.261185 0.086634 0.215265 0.271569 0.267371 0.307856 0.259102 0.291018 0.236091 0.227880 0.227259 0.240002 0.241114 0.257902 0.238385 0.235957 0.304288 0.282508 0.241136 0.303516 0.115957 0.124079 0.165236 0.126076 0.150483 0.148717 0.133551 0.112754 0.166856 0.182192 0.144440 0.241384 0.193329 0.188022 0.150301 0.278461 0.177831 0.346044 0.283454 0.310089 0.368056 0.346264 0.116427 0.282012 0.333587 0.169557 0.294003 0.207294 0.288652 0.124976 0.117692 0.084505 0.112379 0.260235 0.252169 0.280803 0.201434 0.240854 0.272511 0.200516 0.186572 0.174315 0.506784 0.159984 0.441136 0.237168 0.229908 0.303648 0.214885 0.202783 0.570650 0.600289 0.225310 0.302698 0.353195 0.118510 0.128524 0.162922 0.136912 0.149892 0.150128 0.127524 0.116552 0.142464 0.127818 0.148441 0.129969 0.135447 0.146198 0.156802 0.150189 0.118045 0.158353 0.137036 0.143673 0.170173 0.140948 0.102415 0.113942 0.125788 0.098337 0.102994 0.086637 0.152867 0.106647 0.136848 0.102009 0.131482 0.153599 0.123137 0.101512 0.121186 0.138772 0.104480 0.115862 0.123556 0.125426 0.145843 0.162516 0.121660 0.114491 0.140029 0.118041 0.145274 0.143200 0.225385 0.093229 0.188354 0.157116 0.176126 0.143646 0.336928 0.205465 0.102837 0.122324 0.117223 0.148251 0.123661 0.289946 0.165270 0.157350 0.129925 0.123377 0.099037 0.095573 0.151834 0.117897 0.155353 0.137895 0.266898 0.165240 0.290724 0.246128 0.285015 0.283376 0.286084 0.273569 0.308680 0.239547 0.212973 0.210300 0.230300 0.228988 0.180514 0.137479 0.146826 0.108290 0.179688 0.177542 0.356300 0.136553 0.157560 0.147316 0.181376 0.198477 0.144459 0.154763 0.135017 0.133950 0.164148 0.146065 0.160869 0.146940 0.171101 0.180971 0.200354 0.185404 0.169142 0.190956 0.188983 0.134494 0.154705 0.122568 0.167083 0.130730 0.137771 0.124040 0.125911 0.118430 0.110451 0.147642 0.160605 0.183157 0.188837 0.210182 0.273169 0.241872 0.187611 0.228091 0.142891 0.165120 0.162091 0.127799 0.192547 0.247841 0.190617 0.102579 0.198263 0.083814 0.099655 0.183506 0.204501 0.158650 0.157229 0.097495 0.133364 0.138115 0.156637 
0.265294 0.285119 0.272891 0.260401 0.187576 0.219377 0.204778 0.242195 0.236889 0.249960 0.234897 0.261185 0.000000 0.238825 0.148236 0.336702 0.328991 0.369193 0.324732 0.360594 0.311870 0.304593 0.305136 0.250418 0.323550 0.329464 0.318379 0.295032 0.354350 0.333859 0.309122 0.349535 0.257230 0.251674 0.272870 0.258235 0.273832 0.277044 0.272896 0.263994 0.244593 0.183640 0.233284 0.262791 0.194768 0.147843 0.215025 0.341299 0.247395 0.433661 0.328362 0.375476 0.441436 0.379258 0.260602 0.342897 0.383794 0.221754 0.377385 0.228457 0.315809 0.232768 0.244701 0.263136 0.266352 0.314962 0.271050 0.336032 0.276670 0.292159 0.235047 0.256967 0.281336 0.251544 0.494790 0.167860 0.339237 0.238205 0.145212 0.296341 0.190679 0.185034 0.487778 0.405690 0.165321 0.189747 0.310548 0.219596 0.245262 0.236504 0.250594 0.258042 0.263647 0.246361 0.268187 0.235152 0.254882 0.269951 0.252158 0.255517 0.267934 0.276112 0.273746 0.256992 0.281974 0.270428 0.263195 0.199408 0.263839 0.244941 0.264611 0.262021 0.275655 0.252178 0.275151 0.305338 0.280325 0.296926 0.271452 0.287999 0.297583 0.284673 0.292140 0.281575 0.300466 0.267866 0.291372 0.276766 0.290847 0.307816 0.298256 0.283834 0.256587 0.295165 0.286811 0.297161 0.198610 0.250495 0.231434 0.247537 0.268333 0.295837 0.259807 0.285436 0.306331 0.229690 0.208049 0.223438 0.243365 0.250200 0.220393 0.281122 0.299971 0.235499 0.212678 0.244615 0.245522 0.234503 0.231002 0.266486 0.277911 0.266136 0.235394 0.334912 0.277705 0.316063 0.329540 0.312489 0.324718 0.341368 0.259612 0.251113 0.257811 0.220486 0.249694 0.289411 0.250881 0.304370 0.236698 0.279146 0.331079 0.522049 0.242101 0.231668 0.265635 0.246991 0.233931 0.255589 0.251555 0.251661 0.205441 0.266323 0.252142 0.231400 0.235360 0.242416 0.262973 0.278337 0.263887 0.249653 0.260474 0.242975 0.235306 0.173460 0.243090 0.209021 0.231375 0.196451 0.273775 0.272524 0.287956 0.276659 0.245734 0.233431 0.232601 0.208135 0.158413 0.181224 0.202361 0.199294 0.210234 0.276826 0.259922 0.224201 0.229785 0.156156 0.203932 0.168969 0.286936 0.260087 0.302611 0.272689 0.182653 0.215945 0.212743 0.234833 0.252966 0.250623 0.204673 0.155332 
0.152155 0.163676 0.149277 0.143291 0.147274 0.147459 0.143402 0.116339 0.112901 0.066561 0.147638 0.086634 0.238825 0.000000 0.195427 0.237711 0.245878 0.285608 0.231496 0.244114 0.203016 0.209112 0.198800 0.222517 0.208990 0.223914 0.236347 0.228201 0.289466 0.269528 0.217550 0.282313 0.093576 0.139342 0.152036 0.135724 0.104556 0.100595 0.138904 0.115476 0.167790 0.161411 0.120320 0.221673 0.156605 0.167747 0.136070 0.248684 0.157333 0.296799 0.246788 0.279727 0.339165 0.305070 0.100455 0.242508 0.306494 0.142787 0.268392 0.176517 0.265806 0.113327 0.100501 0.114025 0.143964 0.251746 0.222930 0.255847 0.172656 0.224675 0.240987 0.176413 0.174960 0.158035 0.486405 0.156443 0.409232 0.232754 0.205608 0.289746 0.186825 0.200652 0.547248 0.579449 0.224083 0.262837 0.342859 0.087059 0.130651 0.148600 0.136151 0.106556 0.148184 0.120621 0.146593 0.133568 0.095844 0.139838 0.125864 0.129152 0.142534 0.155042 0.150964 0.136828 0.150572 0.118029 0.110525 0.169092 0.111978 0.109813 0.107318 0.107660 0.103164 0.133972 0.102777 0.149607 0.110265 0.127540 0.094348 0.116803 0.137169 0.104492 0.128021 0.111183 0.125344 0.092734 0.122679 0.118638 0.127953 0.136592 0.140936 0.129504 0.102422 0.139940 0.111481 0.126671 0.119232 0.221215 0.114863 0.179240 0.164308 0.197182 0.147891 0.341991 0.206717 0.122640 0.111076 0.117596 0.160718 0.133090 0.278274 0.182138 0.190767 0.153481 0.128939 0.118845 0.123369 0.160124 0.129862 0.164079 0.171540 0.255762 0.158443 0.254081 0.209757 0.250427 0.246268 0.233563 0.244726 0.271168 0.224632 0.196577 0.195692 0.213473 0.208060 0.138486 0.142224 0.149538 0.102764 0.184520 0.209952 0.394130 0.115649 0.134430 0.119015 0.163371 0.180646 0.126450 0.149092 0.133388 0.146250 0.145021 0.143401 0.140578 0.141391 0.178119 0.160147 0.174959 0.152747 0.141657 0.151065 0.171299 0.189895 0.166999 0.149618 0.167723 0.141100 0.145642 0.156252 0.148107 0.149593 0.125051 0.172454 0.162195 0.168211 0.174130 0.194632 0.265447 0.226114 0.179458 0.212479 0.164608 0.168041 0.147016 0.121797 0.183449 0.231806 0.175153 0.067993 0.195191 0.116682 0.104825 0.181540 0.201692 0.156791 0.164155 0.131150 0.142986 0.107606 0.152546 
0.240561 0.247591 0.236927 0.230598 0.183790 0.229924 0.161512 0.179122 0.181638 0.213642 0.218328 0.215265 0.148236 0.195427 0.000000 0.269940 0.262586 0.308187 0.259916 0.318198 0.269757 0.247064 0.244161 0.168530 0.250518 0.277569 0.303904 0.271934 0.337954 0.311794 0.274676 0.335499 0.198681 0.210754 0.233405 0.202223 0.211436 0.211325 0.210921 0.208861 0.247339 0.196341 0.217593 0.292032 0.202038 0.182827 0.210982 0.356737 0.255928 0.408067 0.336718 0.387843 0.464713 0.405536 0.216505 0.347591 0.406259 0.216781 0.381877 0.256103 0.344769 0.207908 0.226769 0.223101 0.234950 0.335325 0.315943 0.344347 0.272206 0.305241 0.311789 0.276466 0.262418 0.253689 0.532642 0.166404 0.411501 0.259306 0.191843 0.321675 0.163289 0.189456 0.556935 0.508670 0.198629 0.246740 0.354318 0.167921 0.209108 0.173322 0.207434 0.203111 0.206345 0.163360 0.233137 0.149910 0.194330 0.227981 0.212045 0.209741 0.213521 0.228774 0.219646 0.223416 0.243979 0.233362 0.225113 0.221035 0.231498 0.199386 0.215507 0.192092 0.222846 0.180668 0.218257 0.272160 0.245908 0.250040 0.219057 0.244538 0.252546 0.226362 0.249835 0.241948 0.251013 0.220936 0.250665 0.239689 0.253310 0.267586 0.263019 0.248177 0.212870 0.251561 0.236773 0.253505 0.159229 0.232104 0.184899 0.221747 0.216653 0.235988 0.212931 0.315029 0.253576 0.170737 0.154627 0.162812 0.214307 0.209327 0.245206 0.225297 0.259386 0.184094 0.190590 0.198558 0.210227 0.192663 0.171159 0.215313 0.235018 0.257738 0.214815 0.353872 0.289282 0.330697 0.344746 0.331015 0.334616 0.361092 0.277693 0.241440 0.245243 0.253926 0.260891 0.254558 0.224437 0.275568 0.195610 0.255160 0.292597 0.490197 0.208065 0.207932 0.219407 0.235733 0.235035 0.223447 0.243134 0.223681 0.179060 0.240183 0.218328 0.231806 0.216335 0.220041 0.244403 0.267625 0.246020 0.236839 0.235557 0.256414 0.221536 0.183024 0.209420 0.228030 0.196273 0.173436 0.236953 0.256910 0.280516 0.241299 0.244508 0.233357 0.228188 0.220216 0.151061 0.250918 0.240388 0.208314 0.241443 0.256320 0.240129 0.210861 0.201314 0.126235 0.260672 0.198554 0.243393 0.258890 0.275927 0.233881 0.212402 0.231890 0.198587 0.218267 0.207261 0.195894 0.131588 0.124681 
0.317847 0.324209 0.319716 0.312145 0.295600 0.325282 0.281717 0.242550 0.255716 0.278092 0.320499 0.271569 0.336702 0.237711 0.269940 0.000000 0.096546 0.082587 0.093278 0.156001 0.105828 0.090335 0.096609 0.129215 0.097027 0.076542 0.212048 0.170945 0.230224 0.213667 0.198387 0.220094 0.231719 0.217035 0.191433 0.227591 0.212798 0.225896 0.262834 0.265068 0.247599 0.210566 0.264725 0.250648 0.237537 0.242792 0.247948 0.348318 0.246959 0.375880 0.295540 0.333952 0.420375 0.390746 0.224062 0.300616 0.360922 0.250668 0.364877 0.262516 0.309617 0.301854 0.306654 0.296362 0.306897 0.321451 0.285977 0.319229 0.287058 0.274842 0.297680 0.289090 0.287107 0.277917 0.588542 0.295564 0.503631 0.353785 0.299622 0.412889 0.255866 0.289423 0.632512 0.636526 0.323565 0.346308 0.427654 0.243832 0.214713 0.221825 0.206320 0.196775 0.213880 0.198445 0.249329 0.212359 0.203277 0.234576 0.204038 0.214287 0.220602 0.241801 0.243388 0.219798 0.235349 0.277333 0.288078 0.267529 0.286619 0.260381 0.262398 0.248967 0.250281 0.250085 0.243756 0.303950 0.260500 0.292648 0.254922 0.277567 0.273813 0.245208 0.302495 0.255835 0.287757 0.258066 0.281805 0.250184 0.271665 0.273752 0.292968 0.263652 0.254594 0.268280 0.295892 0.289379 0.255989 0.301341 0.251760 0.280296 0.266997 0.299001 0.304161 0.407626 0.268361 0.245570 0.231711 0.235188 0.300754 0.280241 0.327862 0.277616 0.291740 0.278565 0.287982 0.243619 0.312967 0.324744 0.246456 0.300415 0.327846 0.329287 0.335744 0.353070 0.292823 0.318049 0.343585 0.318990 0.324931 0.356610 0.310499 0.295136 0.286365 0.301727 0.288259 0.252087 0.301843 0.303775 0.258085 0.305149 0.365312 0.557536 0.270765 0.302317 0.259676 0.319403 0.329137 0.290090 0.299716 0.304237 0.302243 0.315930 0.295626 0.311878 0.311286 0.322123 0.333793 0.360345 0.329775 0.322032 0.311224 0.350734 0.339426 0.324483 0.323248 0.341824 0.295977 0.309004 0.290541 0.336690 0.344629 0.327629 0.330374 0.322639 0.354161 0.348687 0.289619 0.362220 0.370842 0.344523 0.364730 0.336109 0.348548 0.270425 0.295307 0.280543 0.348418 0.301780 0.253835 0.326461 0.279032 0.254718 0.344952 0.370915 0.308793 0.316676 0.285716 0.284708 0.225548 0.255632 
0.325164 0.333364 0.328519 0.320791 0.302877 0.334120 0.290218 0.245212 0.262494 0.281349 0.327840 0.267371 0.328991 0.245878 0.262586 0.096546 0.000000 0.086720 0.093259 0.185476 0.128357 0.099569 0.129491 0.119766 0.154171 0.118224 0.176122 0.165041 0.206213 0.187315 0.185659 0.204659 0.226727 0.215734 0.193410 0.223136 0.261757 0.258502 0.260365 0.269823 0.279369 0.224032 0.268070 0.215234 0.251794 0.241502 0.245151 0.307896 0.231601 0.354492 0.266556 0.304814 0.381666 0.356238 0.207841 0.283399 0.334835 0.242831 0.334931 0.251697 0.279171 0.308274 0.312644 0.302979 0.320288 0.298387 0.268487 0.306240 0.288112 0.267216 0.289809 0.285205 0.288773 0.278285 0.581668 0.300148 0.484088 0.351729 0.291571 0.414678 0.226846 0.288898 0.620431 0.618098 0.316052 0.325297 0.406772 0.244777 0.217915 0.280469 0.245459 0.199237 0.228272 0.198886 0.249280 0.212437 0.213176 0.235609 0.205342 0.219625 0.226535 0.245494 0.248709 0.214675 0.240522 0.286732 0.293066 0.271658 0.296213 0.263902 0.270256 0.250264 0.245519 0.258326 0.238208 0.293615 0.250023 0.286422 0.254396 0.270041 0.265090 0.237696 0.293717 0.256585 0.280740 0.255033 0.277912 0.240627 0.262564 0.278337 0.284612 0.252712 0.248442 0.260579 0.293250 0.287367 0.257151 0.311843 0.254100 0.288595 0.277220 0.306884 0.315952 0.380111 0.329281 0.248449 0.235204 0.249917 0.311043 0.294859 0.330201 0.285454 0.321568 0.281367 0.298489 0.249393 0.318968 0.334554 0.258260 0.311084 0.333365 0.337121 0.344721 0.325061 0.278692 0.299950 0.313247 0.311146 0.294577 0.331531 0.297959 0.299404 0.295666 0.303035 0.288887 0.255676 0.310777 0.338682 0.264923 0.333875 0.371158 0.563306 0.286240 0.313155 0.279588 0.322544 0.329933 0.303500 0.309433 0.309579 0.305915 0.329306 0.305212 0.320129 0.313642 0.324974 0.341028 0.372126 0.335258 0.330824 0.322255 0.353673 0.339341 0.332648 0.334255 0.353923 0.304911 0.315420 0.281276 0.343652 0.342020 0.332218 0.338199 0.333558 0.364972 0.355066 0.287169 0.355391 0.382547 0.357545 0.377427 0.346645 0.355898 0.298515 0.303504 0.279151 0.346267 0.309246 0.259037 0.331542 0.276859 0.251527 0.355102 0.378717 0.319768 0.324673 0.293841 0.297974 0.230453 0.256865 
0.358740 0.362365 0.360951 0.353654 0.337270 0.364121 0.325857 0.289533 0.303214 0.322198 0.359274 0.307856 0.369193 0.285608 0.308187 0.082587 0.086720 0.000000 0.102475 0.154739 0.126242 0.101213 0.134709 0.158876 0.128984 0.094464 0.222704 0.188258 0.228766 0.211518 0.238780 0.227751 0.271262 0.259303 0.244535 0.271803 0.275972 0.280252 0.314527 0.315407 0.287970 0.256151 0.310495 0.266691 0.281907 0.275023 0.290072 0.359492 0.281109 0.396938 0.316497 0.352223 0.432487 0.409014 0.265942 0.327678 0.374297 0.289771 0.382653 0.301581 0.329659 0.347225 0.352394 0.338517 0.345034 0.335660 0.303872 0.342040 0.327235 0.304195 0.319241 0.325895 0.326738 0.315494 0.597328 0.336632 0.521727 0.387101 0.332345 0.441890 0.278210 0.326524 0.641338 0.646290 0.354522 0.369827 0.441632 0.291390 0.236770 0.284746 0.247727 0.250990 0.263000 0.241806 0.281234 0.257441 0.259604 0.279561 0.247385 0.262851 0.268660 0.291763 0.292619 0.250180 0.278269 0.322342 0.331451 0.315282 0.337765 0.302799 0.305774 0.291485 0.299461 0.297148 0.285161 0.353192 0.302393 0.340638 0.304858 0.327894 0.323295 0.294087 0.343648 0.308943 0.337814 0.305127 0.328725 0.297608 0.320486 0.322275 0.341491 0.310879 0.299036 0.315608 0.344477 0.338801 0.299530 0.345517 0.294795 0.321829 0.316510 0.348267 0.349040 0.416260 0.332029 0.288321 0.276868 0.288512 0.341320 0.327376 0.360349 0.323903 0.333209 0.319213 0.329917 0.291466 0.353403 0.372044 0.295544 0.348040 0.366631 0.372599 0.376140 0.366711 0.327499 0.345573 0.358435 0.343884 0.340329 0.379259 0.341087 0.336579 0.326514 0.342522 0.331153 0.297840 0.341402 0.347914 0.302771 0.345669 0.403529 0.590038 0.311143 0.345109 0.300857 0.359824 0.367404 0.340354 0.340794 0.344711 0.343383 0.359053 0.337373 0.355086 0.351623 0.358686 0.374895 0.412147 0.371179 0.365871 0.356244 0.391575 0.371036 0.364313 0.364951 0.383318 0.335449 0.350514 0.320001 0.379975 0.381572 0.370660 0.370400 0.364063 0.402479 0.393905 0.326598 0.389205 0.413333 0.389780 0.411566 0.378181 0.388086 0.317902 0.341265 0.322548 0.380850 0.347259 0.299723 0.363629 0.316351 0.298191 0.386798 0.409876 0.350254 0.356636 0.331552 0.338964 0.277639 0.300425 
