236 236
0.000000 0.164773 0.174020 0.143993 0.263508 0.255327 0.227083 0.253322 0.231533 0.238114 0.211733 0.266368 0.261232 0.261456 0.219473 0.259324 0.226421 0.216007 0.204772 0.215301 0.235648 0.359649 0.328808 0.328337 0.394132 0.431418 0.438135 0.437184 0.426805 0.391309 0.422363 0.385546 0.381088 0.380559 0.388903 0.453271 0.377629 0.364845 0.364362 0.433299 0.387753 0.436712 0.281089 0.262632 0.289455 0.288544 0.266959 0.385815 0.284425 0.359752 0.297841 0.440851 0.374870 0.378612 0.424981 0.395022 0.250791 0.335706 0.381422 0.380562 0.272490 0.383807 0.353806 0.393187 0.378810 0.184309 0.204366 0.218548 0.215261 0.342809 0.351818 0.348588 0.243901 0.355794 0.372808 0.187686 0.198056 0.257688 0.241624 0.176921 0.189564 0.569906 0.264845 0.311122 0.377297 0.343527 0.326247 0.382708 0.299022 0.636322 0.485949 0.697117 0.578744 0.361111 0.274454 0.224248 0.229926 0.278276 0.252773 0.250357 0.291321 0.256906 0.281160 0.262809 0.283545 0.300171 0.253347 0.309493 0.232227 0.283211 0.191213 0.257024 0.192272 0.207697 0.184664 0.189394 0.136789 0.202212 0.296635 0.258060 0.315856 0.260003 0.294871 0.307658 0.286139 0.292020 0.295900 0.289373 0.282137 0.302242 0.253185 0.298667 0.287904 0.263251 0.283515 0.283176 0.259122 0.306501 0.293038 0.311055 0.206305 0.323788 0.221385 0.266221 0.255384 0.229210 0.248775 0.254092 0.400790 0.323468 0.249289 0.265283 0.218611 0.330618 0.240878 0.242144 0.374672 0.316470 0.279899 0.235520 0.224596 0.190835 0.250977 0.190933 0.245646 0.293509 0.307764 0.185800 0.264592 0.211544 0.236549 0.322417 0.356089 0.374135 0.332305 0.379106 0.372341 0.365159 0.342421 0.353092 0.262040 0.295183 0.270438 0.258713 0.280895 0.259788 0.191216 0.193386 0.231183 0.198968 0.174370 0.197420 0.192936 0.180753 0.224630 0.193489 0.265433 0.180114 0.186107 0.226869 0.220764 0.222263 0.254730 0.263151 0.242268 0.218546 0.182355 0.216238 0.175766 0.200458 0.232918 0.224627 0.221233 0.318458 0.271484 0.332217 0.323090 0.245552 0.284300 0.233083 0.329522 0.233184 0.163556 0.170180 0.209379 0.279337 0.303206 0.289149 0.212196 0.218830 0.188724 0.241702 0.280870 0.288325 0.284016 0.298838 
0.164773 0.000000 0.124556 0.142488 0.262189 0.273014 0.200368 0.240298 0.227655 0.198882 0.189085 0.218831 0.241841 0.225878 0.191269 0.233903 0.198872 0.172488 0.216344 0.214482 0.232912 0.342139 0.314495 0.301013 0.433673 0.427739 0.419543 0.468022 0.395090 0.379487 0.390081 0.371533 0.389045 0.425462 0.395913 0.423933 0.370300 0.342220 0.339622 0.435979 0.355652 0.440736 0.207948 0.288356 0.252328 0.251433 0.250829 0.329128 0.245978 0.361065 0.283060 0.402102 0.378736 0.350756 0.416819 0.419198 0.234644 0.367080 0.385913 0.296310 0.259996 0.405227 0.368532 0.365521 0.389918 0.199554 0.210861 0.194388 0.216427 0.286404 0.324053 0.309810 0.211519 0.283850 0.333497 0.240391 0.231555 0.168229 0.148274 0.183855 0.199766 0.561940 0.238625 0.317687 0.347674 0.281892 0.318801 0.371072 0.271195 0.614773 0.468928 0.675648 0.568866 0.342754 0.238321 0.204303 0.251255 0.229473 0.232427 0.251310 0.246453 0.225795 0.227577 0.216855 0.253516 0.269928 0.250971 0.243020 0.235959 0.262531 0.126319 0.217020 0.141631 0.151247 0.149371 0.155459 0.133983 0.175845 0.269236 0.244336 0.278417 0.235344 0.234829 0.267734 0.208145 0.253839 0.285474 0.287212 0.243703 0.271890 0.210009 0.286133 0.268828 0.222713 0.261860 0.248922 0.229602 0.266919 0.280039 0.266814 0.229616 0.310655 0.192291 0.236546 0.262818 0.211367 0.230058 0.247341 0.413029 0.320677 0.221790 0.231869 0.191317 0.368865 0.239032 0.218155 0.376389 0.278890 0.309335 0.219645 0.190157 0.140665 0.215498 0.186766 0.241744 0.280533 0.291763 0.168186 0.239175 0.193831 0.206269 0.297491 0.329893 0.298967 0.269062 0.309756 0.293439 0.308974 0.287936 0.284612 0.200167 0.220996 0.224374 0.195364 0.253422 0.199155 0.164795 0.146920 0.197737 0.215614 0.175511 0.192925 0.139727 0.150614 0.180518 0.139711 0.233677 0.206635 0.140653 0.166107 0.171815 0.189516 0.172943 0.200273 0.243099 0.208300 0.180313 0.212005 0.130798 0.185912 0.155741 0.148158 0.184433 0.301805 0.242488 0.320347 0.316865 0.199842 0.234647 0.202786 0.264691 0.188299 0.147453 0.158580 0.175969 0.255563 0.291659 0.258006 0.197926 0.141660 0.178085 0.209565 0.287152 0.307285 0.265653 0.263247 
0.174020 0.124556 0.000000 0.093991 0.287661 0.256649 0.212398 0.232606 0.200842 0.203167 0.179282 0.168568 0.213075 0.167862 0.180986 0.246207 0.169388 0.183169 0.189456 0.160612 0.225204 0.341153 0.297082 0.297244 0.439420 0.433358 0.422360 0.469783 0.398835 0.382869 0.389609 0.379246 0.397588 0.444904 0.397626 0.425696 0.387557 0.340891 0.340230 0.435103 0.354727 0.439407 0.194720 0.252707 0.203699 0.213599 0.254218 0.348833 0.252083 0.366372 0.286739 0.382685 0.367736 0.337953 0.436715 0.400635 0.232560 0.351918 0.379846 0.323452 0.260682 0.391893 0.361502 0.376598 0.390767 0.146321 0.165483 0.136306 0.116416 0.340215 0.340009 0.323194 0.230866 0.315277 0.340418 0.236212 0.200504 0.204008 0.189687 0.124409 0.148693 0.577085 0.241440 0.327950 0.329743 0.311062 0.318452 0.362089 0.269438 0.631849 0.471830 0.700176 0.526433 0.353584 0.229384 0.215206 0.234618 0.202983 0.227989 0.253031 0.238026 0.217672 0.224496 0.209819 0.230796 0.240524 0.238065 0.221708 0.243198 0.265286 0.142827 0.202921 0.141999 0.142973 0.119088 0.147993 0.115482 0.174199 0.206318 0.248283 0.281165 0.227008 0.195174 0.250066 0.231558 0.221581 0.287977 0.255528 0.242834 0.260519 0.194337 0.282106 0.257559 0.226274 0.257527 0.253046 0.238164 0.235936 0.243184 0.258133 0.228775 0.299763 0.169931 0.204479 0.226338 0.191861 0.205505 0.166634 0.418523 0.276312 0.185595 0.217473 0.174959 0.317663 0.197336 0.159971 0.348578 0.236127 0.283020 0.182371 0.152919 0.119773 0.169323 0.141563 0.230819 0.246414 0.230473 0.141937 0.198359 0.163443 0.158400 0.269564 0.284419 0.342217 0.283742 0.310880 0.324721 0.329770 0.305737 0.326119 0.224545 0.264625 0.232922 0.175146 0.250240 0.210041 0.181516 0.210391 0.206014 0.216158 0.166378 0.195611 0.142145 0.144289 0.173452 0.143823 0.234703 0.208317 0.131846 0.173519 0.169474 0.171948 0.175899 0.230043 0.243406 0.176836 0.139280 0.214337 0.117009 0.194023 0.125035 0.158951 0.134450 0.257487 0.238709 0.282406 0.314085 0.181894 0.229294 0.179470 0.257046 0.206714 0.123267 0.157614 0.171068 0.241201 0.289930 0.245137 0.201663 0.197608 0.174085 0.189141 0.239889 0.265860 0.246029 0.248247 
0.143993 0.142488 0.093991 0.000000 0.262667 0.217290 0.223859 0.227008 0.201860 0.223696 0.188394 0.206784 0.217667 0.200279 0.200662 0.241503 0.181445 0.202369 0.190497 0.175448 0.224098 0.313077 0.280731 0.283073 0.409125 0.405408 0.398962 0.446767 0.377128 0.354786 0.372214 0.356393 0.365697 0.420961 0.378575 0.402528 0.358798 0.317966 0.316190 0.412202 0.331422 0.416482 0.212096 0.251156 0.228241 0.226923 0.238637 0.343323 0.231469 0.322649 0.262399 0.374395 0.347495 0.313374 0.422660 0.373198 0.203320 0.317191 0.333757 0.296976 0.229146 0.357488 0.353822 0.384135 0.370966 0.151496 0.175305 0.158146 0.153859 0.327939 0.333854 0.321339 0.222822 0.305437 0.325687 0.202243 0.186877 0.226621 0.190789 0.123371 0.139803 0.543681 0.256768 0.311349 0.340108 0.337374 0.324389 0.339277 0.283058 0.614047 0.491545 0.697068 0.499956 0.355487 0.235464 0.191836 0.223420 0.208625 0.196961 0.228232 0.230131 0.194391 0.209635 0.192697 0.222174 0.238893 0.206151 0.234609 0.214083 0.248983 0.166846 0.208796 0.166980 0.164047 0.135931 0.150685 0.117117 0.174644 0.236028 0.239376 0.281236 0.233586 0.231096 0.261507 0.245169 0.234049 0.280429 0.267968 0.238501 0.261617 0.204701 0.279954 0.262033 0.217439 0.252412 0.242829 0.225237 0.248111 0.260535 0.261168 0.229590 0.304175 0.202026 0.219125 0.200865 0.190962 0.220251 0.193784 0.394555 0.314076 0.190047 0.211632 0.163947 0.299639 0.221298 0.195639 0.359084 0.259885 0.303187 0.189035 0.173027 0.164949 0.194529 0.167550 0.242932 0.273011 0.254929 0.147513 0.207193 0.161203 0.173222 0.291842 0.282240 0.348448 0.269666 0.322759 0.331368 0.322297 0.300896 0.328546 0.222291 0.263318 0.233260 0.205358 0.239601 0.216078 0.155279 0.225849 0.223415 0.222378 0.159785 0.191898 0.168638 0.154486 0.198469 0.169531 0.226237 0.197832 0.144041 0.180105 0.196165 0.187835 0.208051 0.241496 0.239628 0.174208 0.166626 0.213830 0.160150 0.209754 0.169606 0.180102 0.166245 0.276999 0.255004 0.283118 0.302480 0.215352 0.251901 0.207835 0.290485 0.225842 0.125366 0.151417 0.168786 0.239645 0.275031 0.251418 0.195319 0.198816 0.170325 0.185666 0.248240 0.289555 0.243225 0.252049 
0.263508 0.262189 0.287661 0.262667 0.000000 0.164403 0.254303 0.327493 0.349567 0.328143 0.335054 0.321031 0.346292 0.342686 0.324621 0.271174 0.301706 0.319670 0.323162 0.333649 0.311487 0.365238 0.373516 0.336914 0.406379 0.381690 0.403291 0.448060 0.393963 0.377090 0.383950 0.369104 0.400986 0.444727 0.401679 0.396887 0.376029 0.364987 0.380449 0.408052 0.367808 0.415980 0.341324 0.371574 0.385859 0.354884 0.315550 0.308691 0.312960 0.249123 0.279622 0.312265 0.244512 0.256176 0.276169 0.272312 0.332696 0.260313 0.264293 0.262454 0.262870 0.287394 0.247179 0.261956 0.274760 0.308017 0.305275 0.329830 0.347878 0.269809 0.280290 0.231394 0.180106 0.259236 0.283724 0.183175 0.195607 0.213390 0.240767 0.285875 0.249677 0.382655 0.300061 0.228645 0.306911 0.277568 0.216318 0.304846 0.259755 0.475815 0.359237 0.588826 0.469744 0.312269 0.311081 0.332597 0.388528 0.376914 0.357942 0.387005 0.363242 0.345532 0.370166 0.341477 0.389272 0.410481 0.385131 0.385610 0.366971 0.407449 0.231313 0.281314 0.211883 0.260772 0.262959 0.263899 0.271355 0.235535 0.368410 0.345397 0.374422 0.338326 0.334462 0.364274 0.338823 0.347694 0.374725 0.377237 0.314838 0.358071 0.321872 0.382411 0.362629 0.333201 0.352502 0.337273 0.311408 0.369025 0.366840 0.361867 0.370356 0.290854 0.310249 0.313386 0.278377 0.340610 0.280430 0.351369 0.293903 0.450821 0.343022 0.309249 0.325170 0.356296 0.314658 0.309744 0.309611 0.413036 0.439447 0.381617 0.303434 0.286750 0.326509 0.318753 0.362284 0.361188 0.430854 0.318512 0.393673 0.341823 0.371576 0.414247 0.356559 0.291202 0.273626 0.308828 0.285256 0.290494 0.290563 0.273678 0.268680 0.259974 0.283028 0.280514 0.276041 0.223524 0.280377 0.247891 0.208443 0.226029 0.228042 0.221797 0.261532 0.229309 0.251365 0.245330 0.347810 0.241836 0.291305 0.276536 0.260962 0.262992 0.256194 0.279404 0.369005 0.325384 0.325767 0.327549 0.270866 0.306637 0.313400 0.294318 0.329167 0.408390 0.349586 0.285967 0.305927 0.303334 0.323024 0.336653 0.366411 0.301353 0.276687 0.280896 0.279927 0.303072 0.227619 0.287846 0.261860 0.228274 0.280837 0.303600 0.270572 0.237801 0.317955 0.306667 
0.255327 0.273014 0.256649 0.217290 0.164403 0.000000 0.264134 0.326915 0.355505 0.314977 0.334056 0.320609 0.332909 0.352505 0.323550 0.277711 0.339928 0.341451 0.342244 0.306928 0.328677 0.326197 0.341366 0.323131 0.392880 0.393573 0.393306 0.427926 0.393149 0.366262 0.393825 0.330157 0.398047 0.442275 0.389853 0.400534 0.396953 0.372482 0.379267 0.398227 0.379527 0.408969 0.338301 0.386341 0.404155 0.380903 0.289000 0.330128 0.339148 0.255454 0.296074 0.290232 0.284860 0.240637 0.348811 0.306784 0.349200 0.276655 0.259823 0.226738 0.260554 0.299559 0.294050 0.288631 0.330266 0.309417 0.300679 0.317322 0.319405 0.315228 0.304081 0.282659 0.224645 0.300780 0.291735 0.185427 0.204590 0.255452 0.256480 0.268993 0.244711 0.411921 0.302084 0.240928 0.293499 0.292506 0.275087 0.306802 0.246803 0.469143 0.402546 0.587180 0.393602 0.321314 0.307868 0.340241 0.351486 0.375853 0.354630 0.399226 0.348140 0.353859 0.382972 0.348411 0.391126 0.412403 0.388931 0.398774 0.379638 0.403207 0.245873 0.267950 0.217618 0.275210 0.259926 0.272826 0.270227 0.256873 0.393005 0.374500 0.419592 0.379458 0.367145 0.411260 0.381827 0.374996 0.423234 0.418822 0.357927 0.404603 0.361909 0.425981 0.406690 0.373519 0.401208 0.380719 0.342014 0.394684 0.410816 0.410591 0.365769 0.280704 0.305612 0.308135 0.206531 0.353765 0.277293 0.347750 0.299746 0.438896 0.327746 0.301551 0.320607 0.350184 0.304568 0.308255 0.306280 0.410882 0.447831 0.367718 0.292034 0.290606 0.326398 0.334223 0.355698 0.381706 0.422872 0.331244 0.390070 0.333829 0.369198 0.431800 0.309818 0.320145 0.283753 0.309401 0.303799 0.299286 0.296951 0.313466 0.282638 0.281856 0.283420 0.285242 0.288850 0.256050 0.290919 0.255008 0.233539 0.227502 0.249055 0.245095 0.251531 0.243813 0.241009 0.257940 0.350980 0.263194 0.278347 0.252045 0.276816 0.280646 0.278571 0.315244 0.366900 0.306715 0.324458 0.329918 0.289952 0.328316 0.313337 0.308495 0.328846 0.421335 0.355827 0.272606 0.279389 0.285266 0.308382 0.318911 0.364907 0.297593 0.259931 0.266950 0.283431 0.283767 0.216907 0.290793 0.286639 0.261078 0.317462 0.333593 0.230433 0.241309 0.318151 0.298874 
0.227083 0.200368 0.212398 0.223859 0.254303 0.264134 0.000000 0.170975 0.202097 0.180811 0.198079 0.182696 0.200441 0.202847 0.133060 0.107341 0.201504 0.140103 0.212504 0.186359 0.178209 0.244670 0.246876 0.194037 0.367167 0.369932 0.364979 0.407269 0.359151 0.332662 0.348801 0.309509 0.334165 0.379322 0.345851 0.362229 0.339165 0.292980 0.304001 0.371367 0.317784 0.375502 0.216852 0.237097 0.257816 0.231223 0.179125 0.244284 0.171066 0.319178 0.220325 0.417403 0.308241 0.363863 0.413560 0.375814 0.246318 0.343690 0.361117 0.318449 0.247065 0.376546 0.304026 0.340443 0.360696 0.193264 0.192212 0.197688 0.210718 0.261410 0.253334 0.265038 0.200682 0.260827 0.283435 0.253056 0.217725 0.162094 0.176905 0.220751 0.231011 0.452823 0.105958 0.174868 0.207877 0.151356 0.218630 0.243770 0.166258 0.499560 0.335219 0.545103 0.519728 0.196094 0.175268 0.214845 0.260019 0.246976 0.253878 0.263482 0.244352 0.242674 0.269119 0.227947 0.259537 0.281491 0.269111 0.268689 0.238645 0.292093 0.197378 0.177460 0.156552 0.195190 0.190150 0.185437 0.195394 0.180035 0.236218 0.227257 0.257328 0.220152 0.219701 0.239661 0.222200 0.229198 0.262449 0.255993 0.203837 0.233588 0.197129 0.269126 0.249194 0.220897 0.239520 0.217664 0.186187 0.241413 0.233591 0.246151 0.225736 0.182187 0.144758 0.183629 0.212179 0.196912 0.168769 0.234274 0.295307 0.304306 0.174273 0.165576 0.198391 0.289057 0.165829 0.160224 0.242553 0.267226 0.288625 0.235131 0.135769 0.158192 0.181491 0.205561 0.189818 0.221418 0.264587 0.185531 0.270699 0.208053 0.266911 0.291116 0.238369 0.315132 0.244359 0.305892 0.308368 0.280124 0.301202 0.338717 0.182252 0.208354 0.186977 0.150796 0.185302 0.231816 0.181356 0.162550 0.177117 0.175112 0.135759 0.170189 0.176621 0.164768 0.189568 0.187491 0.218672 0.181963 0.210663 0.164937 0.155248 0.151314 0.157293 0.163727 0.264846 0.182741 0.222151 0.163723 0.167208 0.217479 0.197048 0.183284 0.229352 0.266421 0.174837 0.198135 0.233253 0.156762 0.176967 0.173071 0.181600 0.164875 0.207187 0.202643 0.127849 0.189318 0.186320 0.156508 0.219966 0.164308 0.232237 0.209715 0.248307 0.208780 0.196760 0.185964 
0.253322 0.240298 0.232606 0.227008 0.327493 0.326915 0.170975 0.000000 0.176543 0.139211 0.211480 0.153326 0.162360 0.166630 0.135234 0.176298 0.136448 0.168082 0.166297 0.183512 0.115122 0.268444 0.199421 0.254183 0.353832 0.357065 0.346110 0.400556 0.348867 0.322097 0.350842 0.285658 0.313475 0.377636 0.353375 0.360938 0.340307 0.304455 0.312153 0.388858 0.333466 0.404442 0.157517 0.218485 0.207971 0.142703 0.228594 0.330915 0.211617 0.405430 0.279465 0.503799 0.389003 0.460056 0.529348 0.473742 0.214712 0.430845 0.464724 0.389001 0.244553 0.474806 0.381601 0.432875 0.464504 0.179063 0.122130 0.179278 0.209501 0.358048 0.345497 0.369484 0.290976 0.339975 0.349542 0.326280 0.267514 0.268766 0.276566 0.257658 0.279398 0.599749 0.138085 0.261851 0.242322 0.214359 0.340563 0.216721 0.246047 0.643575 0.440785 0.647621 0.590893 0.218802 0.133875 0.197990 0.231783 0.237253 0.196487 0.193074 0.168687 0.213127 0.253501 0.198407 0.241528 0.277232 0.224792 0.257773 0.195079 0.296483 0.237284 0.230306 0.200775 0.207765 0.163304 0.164282 0.166754 0.158301 0.169014 0.153700 0.232900 0.191836 0.193703 0.190388 0.196167 0.161026 0.183160 0.189580 0.175981 0.166951 0.156000 0.190372 0.155971 0.179045 0.193287 0.172626 0.133646 0.177388 0.162846 0.210581 0.196979 0.252370 0.155636 0.153730 0.298586 0.136731 0.257824 0.205542 0.365116 0.305944 0.122567 0.118828 0.175828 0.375817 0.197461 0.185886 0.319989 0.216321 0.215453 0.157925 0.153185 0.198351 0.134711 0.159284 0.153607 0.224431 0.201700 0.173461 0.194469 0.173711 0.239398 0.200216 0.308492 0.404079 0.324961 0.396862 0.399112 0.373986 0.390469 0.405939 0.285292 0.309286 0.262185 0.237193 0.263520 0.289904 0.118818 0.228944 0.283841 0.202824 0.173556 0.236651 0.220575 0.197397 0.249836 0.235621 0.104088 0.179029 0.225439 0.215037 0.220827 0.208313 0.235964 0.245599 0.186054 0.135422 0.199725 0.203111 0.194985 0.248511 0.222249 0.215258 0.196773 0.221750 0.238289 0.227513 0.303580 0.244355 0.275961 0.214326 0.275083 0.225077 0.173515 0.167502 0.145573 0.180140 0.298601 0.226073 0.217398 0.254846 0.229629 0.154610 0.322563 0.258891 0.141230 0.158032 
0.231533 0.227655 0.200842 0.201860 0.349567 0.355505 0.202097 0.176543 0.000000 0.180033 0.109446 0.228952 0.213234 0.216221 0.156636 0.219325 0.153318 0.138358 0.148859 0.082616 0.161569 0.294923 0.301261 0.251118 0.436721 0.413871 0.438316 0.481666 0.436797 0.386348 0.429918 0.383203 0.397815 0.432432 0.426448 0.446037 0.372061 0.356255 0.362885 0.438139 0.382794 0.453736 0.257421 0.297064 0.256250 0.174789 0.251700 0.343218 0.219227 0.396649 0.275283 0.517594 0.420963 0.443177 0.507803 0.445191 0.266662 0.414886 0.437656 0.422650 0.278214 0.458694 0.368299 0.457396 0.439162 0.149086 0.126116 0.154052 0.168547 0.352799 0.349691 0.387849 0.283832 0.332386 0.366700 0.316484 0.276838 0.282618 0.264674 0.249650 0.276234 0.533748 0.176230 0.286984 0.302826 0.271710 0.303660 0.332995 0.283892 0.603901 0.465297 0.685580 0.570008 0.269004 0.232874 0.223692 0.303960 0.272951 0.278044 0.196118 0.273457 0.268622 0.292254 0.241908 0.285936 0.311409 0.258487 0.298484 0.218975 0.327143 0.255235 0.249197 0.236286 0.232842 0.193526 0.197661 0.157290 0.218587 0.214148 0.186666 0.248038 0.216436 0.237981 0.239508 0.247728 0.232515 0.221219 0.209309 0.231447 0.227448 0.206178 0.209700 0.189139 0.215525 0.217136 0.210128 0.211746 0.227213 0.201233 0.247784 0.240981 0.323411 0.182857 0.223290 0.318571 0.176660 0.286478 0.219634 0.425358 0.344655 0.205205 0.239148 0.240730 0.389397 0.198905 0.209069 0.350228 0.254705 0.224138 0.210681 0.177091 0.187111 0.193825 0.114007 0.188514 0.226398 0.211856 0.175998 0.231429 0.218319 0.265960 0.158363 0.324297 0.393131 0.329293 0.385212 0.385841 0.378895 0.375285 0.433005 0.274208 0.305974 0.244249 0.246161 0.261100 0.315628 0.167693 0.249323 0.264869 0.251825 0.195879 0.201026 0.246265 0.216839 0.264857 0.246370 0.155024 0.170704 0.186207 0.228774 0.229911 0.214354 0.240773 0.214673 0.169060 0.170987 0.176503 0.137712 0.155282 0.169778 0.180730 0.192978 0.184516 0.214579 0.221743 0.294736 0.295447 0.221977 0.242003 0.191305 0.255733 0.238842 0.196521 0.208188 0.170364 0.245299 0.279589 0.210672 0.198704 0.236949 0.179436 0.182525 0.289798 0.264223 0.252240 0.275726 
0.238114 0.198882 0.203167 0.223696 0.328143 0.314977 0.180811 0.139211 0.180033 0.000000 0.132858 0.119323 0.172261 0.139634 0.134719 0.186221 0.174217 0.168880 0.165918 0.145484 0.138589 0.274874 0.231399 0.258520 0.384213 0.410359 0.379517 0.429627 0.373682 0.359771 0.372489 0.307293 0.342470 0.386602 0.362784 0.384193 0.366312 0.315269 0.325777 0.402430 0.343860 0.406847 0.143441 0.228503 0.205281 0.175648 0.208675 0.315771 0.241839 0.432728 0.319463 0.516751 0.412020 0.468851 0.541638 0.494759 0.222378 0.456337 0.492994 0.393446 0.284849 0.490657 0.417255 0.445234 0.485987 0.184547 0.156362 0.195105 0.188578 0.389032 0.349346 0.400742 0.317283 0.375310 0.335893 0.336681 0.297188 0.252864 0.269731 0.249766 0.288069 0.594392 0.140915 0.271008 0.248423 0.231798 0.353711 0.260987 0.245607 0.626831 0.458630 0.655199 0.570221 0.272775 0.126944 0.195606 0.203009 0.209856 0.214858 0.234023 0.206177 0.214064 0.223553 0.204532 0.232171 0.243871 0.238402 0.224694 0.212102 0.253643 0.209821 0.221121 0.220166 0.206382 0.177639 0.181871 0.167085 0.183498 0.180272 0.161782 0.183343 0.158486 0.156890 0.181934 0.161013 0.181632 0.195531 0.189506 0.173310 0.188627 0.149793 0.200811 0.176548 0.169038 0.172412 0.186083 0.170418 0.197031 0.161842 0.181482 0.165260 0.290292 0.158031 0.197970 0.316119 0.143792 0.265568 0.243938 0.403183 0.234335 0.130752 0.136514 0.153222 0.406528 0.201752 0.192029 0.333169 0.210343 0.200395 0.174034 0.150264 0.151298 0.125526 0.164863 0.183769 0.236173 0.225869 0.161457 0.230369 0.155253 0.203536 0.194865 0.332817 0.412358 0.342672 0.395964 0.406298 0.385321 0.412624 0.428528 0.287047 0.295001 0.292600 0.234737 0.279144 0.307682 0.189381 0.203734 0.292388 0.214645 0.185419 0.260595 0.233553 0.218098 0.270126 0.218642 0.146732 0.251234 0.236037 0.210131 0.253908 0.236386 0.236503 0.209791 0.162142 0.153333 0.124652 0.164242 0.178979 0.231700 0.147727 0.141231 0.196164 0.279264 0.249177 0.259958 0.351648 0.240750 0.292735 0.256047 0.263209 0.196667 0.191939 0.196992 0.182027 0.226868 0.331376 0.226110 0.206305 0.225133 0.193432 0.189091 0.334196 0.291151 0.172320 0.172659 
0.211733 0.189085 0.179282 0.188394 0.335054 0.334056 0.198079 0.211480 0.109446 0.132858 0.000000 0.202116 0.209290 0.186057 0.164177 0.215829 0.166892 0.154344 0.117305 0.098360 0.171736 0.267238 0.276811 0.244116 0.437249 0.424615 0.429552 0.476001 0.410079 0.385026 0.398757 0.360568 0.395620 0.413541 0.405512 0.431759 0.368483 0.348693 0.353520 0.442612 0.365652 0.443101 0.230550 0.282856 0.241647 0.216489 0.217887 0.334339 0.234565 0.397510 0.287110 0.501862 0.411319 0.429300 0.497898 0.452553 0.245423 0.423571 0.452546 0.403585 0.263309 0.454020 0.383956 0.440024 0.434845 0.161002 0.169383 0.162298 0.163788 0.365036 0.347511 0.395378 0.293831 0.350909 0.349389 0.311233 0.284778 0.272548 0.245901 0.230769 0.262074 0.559978 0.173946 0.280984 0.276149 0.268839 0.334464 0.311282 0.236367 0.603509 0.462898 0.667090 0.566367 0.290549 0.208747 0.208225 0.259457 0.237260 0.252443 0.218837 0.266896 0.239290 0.254007 0.229965 0.263743 0.272459 0.253764 0.257801 0.220091 0.289867 0.227146 0.230087 0.225417 0.218534 0.188690 0.204135 0.150272 0.211736 0.232390 0.199552 0.225944 0.200157 0.212240 0.244823 0.219180 0.245965 0.244139 0.212611 0.219274 0.251946 0.191141 0.238412 0.228622 0.212352 0.219708 0.222325 0.222768 0.249256 0.221742 0.238071 0.206802 0.312694 0.197087 0.227792 0.297409 0.179039 0.257682 0.230486 0.411240 0.314763 0.203423 0.217018 0.200149 0.389042 0.194291 0.198943 0.345274 0.264591 0.245962 0.208225 0.178390 0.159664 0.195295 0.132606 0.209930 0.244641 0.230379 0.156819 0.245018 0.190512 0.228671 0.213369 0.329313 0.383985 0.338060 0.386977 0.381001 0.380839 0.381968 0.404459 0.270880 0.306953 0.272657 0.249577 0.277463 0.285846 0.190122 0.240487 0.254366 0.233785 0.201843 0.229159 0.210758 0.215463 0.240006 0.235563 0.182405 0.221839 0.188064 0.220729 0.240972 0.227326 0.236275 0.220104 0.164117 0.176873 0.131366 0.153366 0.163134 0.163511 0.167740 0.188939 0.201055 0.246214 0.224851 0.282384 0.307700 0.210913 0.250272 0.203723 0.248684 0.222173 0.171949 0.188030 0.187575 0.233976 0.293251 0.214017 0.183080 0.213547 0.164226 0.198599 0.288288 0.282680 0.234288 0.225054 
0.266368 0.218831 0.168568 0.206784 0.321031 0.320609 0.182696 0.153326 0.228952 0.119323 0.202116 0.000000 0.144617 0.073596 0.159977 0.190170 0.165624 0.197352 0.180137 0.189531 0.152797 0.298604 0.229359 0.260387 0.342529 0.375013 0.315739 0.376766 0.309372 0.310686 0.294139 0.283039 0.297037 0.364260 0.301423 0.312829 0.329093 0.235407 0.248807 0.337163 0.262410 0.332087 0.092935 0.146777 0.102983 0.118792 0.192517 0.287462 0.200783 0.396955 0.288713 0.468352 0.363529 0.425058 0.520692 0.464642 0.161046 0.410383 0.448993 0.368569 0.262113 0.446216 0.397529 0.418839 0.447178 0.201727 0.175045 0.181432 0.171151 0.364859 0.332906 0.351819 0.271160 0.337475 0.330749 0.304618 0.257159 0.232536 0.254056 0.194844 0.225473 0.623724 0.182581 0.307267 0.268789 0.255054 0.364751 0.259369 0.235614 0.658198 0.453139 0.675812 0.561802 0.307860 0.108052 0.162076 0.163342 0.143085 0.150468 0.210991 0.150820 0.133008 0.146442 0.126066 0.142389 0.154327 0.160202 0.143112 0.186950 0.188225 0.208052 0.233649 0.187766 0.182200 0.132832 0.167168 0.181473 0.193344 0.120456 0.141805 0.179531 0.113781 0.098092 0.140312 0.146323 0.113712 0.179226 0.158385 0.161486 0.151649 0.119922 0.174558 0.145920 0.125002 0.146684 0.153382 0.144293 0.137258 0.150210 0.154406 0.140029 0.270343 0.134487 0.159511 0.302376 0.105071 0.239158 0.203344 0.418905 0.180900 0.094787 0.107542 0.109539 0.363943 0.202403 0.141943 0.331437 0.144778 0.201657 0.130130 0.126751 0.150085 0.066227 0.180803 0.203672 0.234368 0.189015 0.138624 0.179589 0.113452 0.157012 0.219852 0.320292 0.387522 0.297410 0.363235 0.368267 0.342926 0.363438 0.375781 0.273218 0.296655 0.279312 0.193740 0.260483 0.254107 0.189887 0.236883 0.277973 0.224195 0.170867 0.249208 0.212858 0.184148 0.242319 0.190077 0.173316 0.256039 0.215955 0.224217 0.231757 0.212169 0.204266 0.255473 0.234423 0.187294 0.169397 0.225819 0.200938 0.261124 0.178936 0.170787 0.181406 0.256533 0.257648 0.246596 0.368069 0.251783 0.295302 0.247891 0.274151 0.217203 0.184606 0.197445 0.173609 0.229870 0.326291 0.218648 0.225376 0.251910 0.213382 0.177689 0.350565 0.311338 0.138317 0.169329 
0.261232 0.241841 0.213075 0.217667 0.346292 0.332909 0.200441 0.162360 0.213234 0.172261 0.209290 0.144617 0.000000 0.148648 0.144484 0.180896 0.186299 0.216369 0.202629 0.218608 0.181682 0.267849 0.210358 0.230748 0.344744 0.360065 0.342608 0.393400 0.322048 0.295907 0.321381 0.273447 0.286975 0.372701 0.323668 0.358303 0.332397 0.289899 0.292875 0.382112 0.289630 0.383238 0.160839 0.219410 0.136765 0.160888 0.179431 0.304553 0.176041 0.386156 0.252955 0.470994 0.351084 0.430378 0.525029 0.450937 0.225449 0.372777 0.426728 0.379455 0.223929 0.414364 0.355892 0.390154 0.410744 0.209072 0.185163 0.174637 0.175678 0.343259 0.331964 0.363670 0.277767 0.321927 0.321951 0.311893 0.250411 0.257646 0.261064 0.192436 0.209210 0.626270 0.190596 0.307201 0.269905 0.257767 0.357632 0.270481 0.221331 0.643513 0.439147 0.653457 0.599560 0.268592 0.184578 0.176751 0.193718 0.190150 0.187343 0.218699 0.153843 0.183392 0.238135 0.192645 0.185108 0.216483 0.215367 0.197914 0.207975 0.253868 0.244027 0.205348 0.198217 0.169945 0.141078 0.183128 0.186597 0.213662 0.180736 0.209868 0.284467 0.217108 0.190987 0.228444 0.231063 0.184837 0.254167 0.245407 0.235750 0.231687 0.185262 0.249998 0.227015 0.209208 0.235079 0.225389 0.196416 0.217175 0.229199 0.250596 0.202880 0.203128 0.130953 0.133100 0.249895 0.157090 0.210288 0.155823 0.395590 0.238349 0.153812 0.177340 0.143630 0.281994 0.194193 0.139087 0.259258 0.149709 0.277164 0.133658 0.146501 0.163474 0.144673 0.190143 0.164605 0.221713 0.177457 0.146110 0.127672 0.116738 0.167493 0.261489 0.232664 0.397084 0.285655 0.335791 0.380925 0.341456 0.352777 0.376371 0.249511 0.292546 0.241562 0.189374 0.228963 0.260220 0.165528 0.261585 0.274026 0.252146 0.171125 0.249159 0.191759 0.180923 0.246269 0.205481 0.180130 0.241192 0.223606 0.236503 0.231704 0.214004 0.227072 0.269247 0.223345 0.157719 0.191750 0.219551 0.240886 0.287880 0.189349 0.203526 0.179813 0.188898 0.235962 0.209658 0.305993 0.213844 0.244775 0.177838 0.249275 0.199517 0.162921 0.167263 0.147305 0.174120 0.296369 0.193158 0.265228 0.260224 0.252076 0.197719 0.320238 0.297632 0.130520 0.162363 
0.261456 0.225878 0.167862 0.200279 0.342686 0.352505 0.202847 0.166630 0.216221 0.139634 0.186057 0.073596 0.148648 0.000000 0.150695 0.201526 0.153535 0.173136 0.170222 0.191467 0.161032 0.287045 0.228065 0.272191 0.361653 0.387491 0.345052 0.404878 0.325210 0.321603 0.313423 0.307950 0.323958 0.380944 0.322286 0.346805 0.338645 0.276361 0.281355 0.370248 0.289595 0.370818 0.121451 0.172567 0.099026 0.110596 0.215647 0.308029 0.201008 0.394883 0.263521 0.468425 0.373562 0.429008 0.526085 0.462523 0.169015 0.411306 0.454659 0.392243 0.270362 0.450264 0.387719 0.437686 0.435073 0.178533 0.194355 0.136514 0.132477 0.375084 0.353296 0.373080 0.287509 0.346795 0.367514 0.314118 0.259812 0.261723 0.261647 0.189296 0.225867 0.621264 0.191244 0.316247 0.291949 0.269608 0.361577 0.272754 0.242871 0.668238 0.476135 0.698765 0.576916 0.318407 0.137214 0.156280 0.175666 0.135118 0.161531 0.184628 0.172374 0.139959 0.153177 0.150139 0.154863 0.163368 0.157856 0.152153 0.164206 0.195809 0.214043 0.250181 0.204475 0.185219 0.134363 0.183320 0.164383 0.211486 0.120414 0.166519 0.197017 0.132888 0.122904 0.164399 0.160215 0.147341 0.195445 0.178071 0.166111 0.173300 0.128000 0.195854 0.164682 0.151491 0.168504 0.175702 0.162045 0.159681 0.159984 0.178221 0.136958 0.276490 0.139794 0.177020 0.296916 0.077242 0.234705 0.161598 0.449292 0.184395 0.117487 0.145917 0.114438 0.343551 0.187181 0.133744 0.321335 0.133705 0.199496 0.102808 0.131074 0.129833 0.083627 0.148799 0.205382 0.236492 0.132381 0.110913 0.131107 0.094567 0.130796 0.202318 0.313051 0.401430 0.322832 0.383385 0.379194 0.367106 0.380194 0.376604 0.276335 0.319446 0.276159 0.218619 0.273581 0.259691 0.188605 0.252459 0.281082 0.247276 0.190188 0.256623 0.197373 0.202280 0.249668 0.210011 0.182074 0.250601 0.210595 0.243933 0.231348 0.219053 0.222003 0.267442 0.243240 0.195431 0.139729 0.224683 0.196994 0.253076 0.158379 0.186078 0.161545 0.222445 0.216727 0.263485 0.343670 0.246610 0.281564 0.224996 0.258339 0.212348 0.176553 0.183201 0.162095 0.214649 0.325287 0.227572 0.215926 0.261850 0.222813 0.169489 0.334475 0.324174 0.144665 0.163731 
0.219473 0.191269 0.180986 0.200662 0.324621 0.323550 0.133060 0.135234 0.156636 0.134719 0.164177 0.159977 0.144484 0.150695 0.000000 0.149990 0.139493 0.098700 0.162056 0.131856 0.147184 0.245131 0.225023 0.220692 0.386844 0.379864 0.382069 0.431501 0.377032 0.340325 0.373395 0.322456 0.344340 0.373674 0.376148 0.391747 0.323489 0.310803 0.315227 0.395150 0.332074 0.410432 0.182617 0.221582 0.194820 0.157793 0.219772 0.302173 0.180345 0.363392 0.250676 0.479909 0.350669 0.417129 0.491995 0.432836 0.241823 0.401361 0.411399 0.379626 0.252883 0.444351 0.354259 0.406074 0.423803 0.149283 0.153598 0.145879 0.169286 0.305823 0.318015 0.330972 0.251442 0.290501 0.355440 0.302004 0.245522 0.237238 0.233018 0.221491 0.257580 0.535330 0.124879 0.230615 0.263689 0.226276 0.278138 0.274050 0.219344 0.583603 0.422568 0.625858 0.559825 0.220865 0.183655 0.175380 0.228796 0.218933 0.222625 0.192554 0.195174 0.223469 0.245837 0.195152 0.234740 0.263155 0.227944 0.241987 0.181080 0.286776 0.235068 0.219680 0.194246 0.202210 0.148602 0.179199 0.138479 0.190858 0.187709 0.186591 0.229828 0.180449 0.208989 0.194332 0.216654 0.204780 0.206928 0.191749 0.212026 0.200428 0.170586 0.211758 0.192965 0.181111 0.185947 0.201383 0.178515 0.211818 0.169902 0.219355 0.186367 0.222585 0.096733 0.137017 0.243823 0.136283 0.214106 0.165848 0.360257 0.280412 0.140096 0.170964 0.180903 0.324867 0.142999 0.131420 0.277751 0.204967 0.228246 0.146100 0.086541 0.130410 0.148489 0.137700 0.139083 0.186174 0.178033 0.134781 0.194558 0.153146 0.205127 0.212049 0.249898 0.359418 0.284458 0.355275 0.354824 0.336418 0.344964 0.373510 0.227967 0.268148 0.211591 0.194725 0.229219 0.268893 0.138605 0.206163 0.246749 0.223905 0.150995 0.211532 0.199059 0.186715 0.226217 0.215905 0.159944 0.199870 0.191475 0.189947 0.179545 0.187635 0.208082 0.201925 0.191661 0.140485 0.155320 0.148935 0.137030 0.198886 0.160914 0.166516 0.167520 0.204124 0.182169 0.239705 0.267661 0.209733 0.230538 0.147678 0.228222 0.215837 0.182937 0.152523 0.118913 0.200252 0.264169 0.218159 0.229756 0.206895 0.219353 0.183314 0.290717 0.272422 0.176427 0.190761 
0.259324 0.233903 0.246207 0.241503 0.271174 0.277711 0.107341 0.176298 0.219325 0.186221 0.215829 0.190170 0.180896 0.201526 0.149990 0.000000 0.200824 0.189212 0.216420 0.211393 0.171852 0.202875 0.200312 0.171594 0.333920 0.326013 0.324939 0.379797 0.322003 0.287419 0.314736 0.254334 0.303599 0.341661 0.315714 0.337075 0.300684 0.269472 0.275375 0.346443 0.272701 0.342708 0.207579 0.213377 0.247781 0.223720 0.157329 0.203578 0.130375 0.290775 0.182450 0.409966 0.282079 0.348317 0.411740 0.341545 0.218602 0.318823 0.342844 0.307109 0.195951 0.357045 0.284660 0.318782 0.333906 0.227849 0.199628 0.225364 0.238980 0.244126 0.210773 0.259549 0.186011 0.232889 0.251973 0.240280 0.204731 0.200846 0.193751 0.245418 0.237342 0.498651 0.112617 0.187002 0.173271 0.161731 0.272341 0.216850 0.162653 0.537797 0.337064 0.559932 0.548168 0.174712 0.159330 0.206290 0.232736 0.244558 0.225134 0.266110 0.207690 0.218130 0.251003 0.212665 0.244689 0.272068 0.253448 0.255055 0.243131 0.278846 0.198284 0.176770 0.169657 0.193877 0.193648 0.198381 0.214305 0.174966 0.231697 0.226053 0.263095 0.223925 0.220936 0.241569 0.221428 0.225679 0.261309 0.263744 0.207265 0.235053 0.189263 0.271311 0.251501 0.211570 0.237930 0.224556 0.176269 0.241969 0.234722 0.230818 0.238918 0.178253 0.168640 0.140490 0.217891 0.200725 0.189686 0.249374 0.297418 0.326286 0.205092 0.165277 0.184458 0.287785 0.197615 0.203008 0.244255 0.298585 0.316649 0.239989 0.175661 0.201226 0.199890 0.222803 0.215719 0.239071 0.259041 0.193462 0.282236 0.215595 0.279013 0.314696 0.239826 0.285874 0.214123 0.273729 0.276071 0.243939 0.268926 0.316111 0.168959 0.198300 0.177300 0.155660 0.175630 0.208536 0.186142 0.218815 0.178240 0.163156 0.155868 0.191094 0.181757 0.170936 0.186601 0.215105 0.217026 0.201619 0.207747 0.163521 0.183915 0.155310 0.181840 0.174665 0.286238 0.203150 0.231172 0.188086 0.207748 0.231929 0.227126 0.217904 0.250953 0.247719 0.190034 0.174344 0.232629 0.191920 0.200305 0.189764 0.217291 0.167760 0.196770 0.186746 0.137600 0.153827 0.199190 0.168463 0.210142 0.198977 0.248039 0.204106 0.271539 0.206695 0.140936 0.140290 
0.226421 0.198872 0.169388 0.181445 0.301706 0.339928 0.201504 0.136448 0.153318 0.174217 0.166892 0.165624 0.186299 0.153535 0.139493 0.200824 0.000000 0.153066 0.109066 0.149659 0.126379 0.303688 0.268963 0.289957 0.384228 0.341337 0.377822 0.432370 0.366483 0.321670 0.350803 0.340589 0.343999 0.386097 0.370653 0.382130 0.321738 0.308641 0.321284 0.398704 0.322023 0.410562 0.195366 0.204772 0.183094 0.137349 0.250490 0.326319 0.192322 0.354496 0.237874 0.463646 0.367724 0.404932 0.476443 0.425058 0.180642 0.382904 0.413781 0.354880 0.215052 0.442399 0.361425 0.435185 0.413000 0.156299 0.115585 0.140892 0.162181 0.323642 0.314600 0.338665 0.250274 0.293303 0.340865 0.275876 0.234208 0.246488 0.237230 0.219889 0.241783 0.568229 0.203242 0.289248 0.289730 0.285841 0.328055 0.265993 0.282728 0.644676 0.430946 0.701836 0.562970 0.264926 0.167429 0.183323 0.251069 0.229126 0.205483 0.188355 0.206524 0.198000 0.222442 0.179926 0.233835 0.256540 0.202216 0.238492 0.192679 0.269162 0.196959 0.231039 0.198187 0.177669 0.148508 0.151392 0.115089 0.164661 0.136466 0.153206 0.194195 0.153748 0.160862 0.156159 0.167750 0.143744 0.158194 0.149170 0.153137 0.162576 0.122323 0.159090 0.134103 0.144198 0.157431 0.154079 0.150835 0.177890 0.133290 0.174704 0.190676 0.292000 0.162951 0.163744 0.293460 0.125504 0.255417 0.145953 0.405028 0.312417 0.145450 0.176914 0.191634 0.346696 0.211387 0.156167 0.351363 0.230454 0.228725 0.166902 0.132606 0.172378 0.147124 0.110753 0.200808 0.200038 0.188349 0.144405 0.184997 0.169490 0.217532 0.196755 0.312142 0.360144 0.292474 0.367081 0.348928 0.342557 0.342507 0.359901 0.266478 0.299332 0.245311 0.245995 0.262286 0.232817 0.131111 0.233298 0.257122 0.174745 0.174128 0.217098 0.213917 0.190588 0.227062 0.222249 0.134251 0.187541 0.191952 0.218807 0.185363 0.185270 0.221291 0.213136 0.199658 0.153876 0.163975 0.193961 0.158260 0.183759 0.183904 0.200274 0.157499 0.197487 0.223667 0.260803 0.331264 0.245437 0.268623 0.195498 0.267868 0.228323 0.169815 0.184100 0.155499 0.251598 0.297604 0.243793 0.149068 0.237874 0.153548 0.132609 0.316698 0.279155 0.180852 0.220893 
0.216007 0.172488 0.183169 0.202369 0.319670 0.341451 0.140103 0.168082 0.138358 0.168880 0.154344 0.197352 0.216369 0.173136 0.098700 0.189212 0.153066 0.000000 0.167751 0.124897 0.133129 0.274992 0.251254 0.226777 0.413023 0.404253 0.406859 0.453081 0.394913 0.362288 0.387696 0.359198 0.376625 0.396370 0.394877 0.412038 0.343022 0.324118 0.328720 0.414957 0.343625 0.423635 0.214535 0.248106 0.224828 0.188367 0.252305 0.326824 0.203818 0.360566 0.270238 0.465506 0.369219 0.416080 0.472634 0.432453 0.236347 0.417257 0.411108 0.370081 0.286003 0.467784 0.361219 0.425597 0.427674 0.133428 0.170117 0.132011 0.171056 0.292795 0.340137 0.305764 0.235109 0.279599 0.378903 0.300324 0.248080 0.215362 0.212347 0.232806 0.262169 0.487800 0.132984 0.218386 0.283089 0.206231 0.232404 0.315483 0.224860 0.554271 0.410107 0.610883 0.552126 0.245305 0.192856 0.194789 0.272860 0.235020 0.245761 0.216232 0.239770 0.242039 0.259258 0.211345 0.247986 0.276081 0.243486 0.257004 0.200398 0.299228 0.211154 0.232126 0.190349 0.215178 0.188313 0.182602 0.164363 0.195478 0.194696 0.189151 0.216151 0.194356 0.206201 0.202630 0.204263 0.206611 0.209648 0.205757 0.199181 0.193775 0.171093 0.215714 0.204021 0.182431 0.190164 0.196330 0.185911 0.205034 0.172777 0.206024 0.218838 0.252709 0.141583 0.187626 0.274055 0.173321 0.240750 0.215609 0.390396 0.316162 0.167776 0.201388 0.211930 0.354014 0.188025 0.178108 0.295152 0.236386 0.238150 0.196594 0.154816 0.153547 0.176562 0.138954 0.185413 0.198805 0.211763 0.174666 0.235284 0.194997 0.234471 0.200440 0.279880 0.352482 0.295097 0.369594 0.344587 0.344562 0.336860 0.362449 0.238141 0.279713 0.223798 0.216154 0.252782 0.271538 0.160979 0.176987 0.225043 0.226294 0.153196 0.178523 0.188341 0.185213 0.204424 0.214180 0.194108 0.190215 0.146455 0.183120 0.149265 0.183894 0.182398 0.176539 0.224470 0.166506 0.173117 0.132477 0.117098 0.143389 0.182569 0.199452 0.186107 0.241111 0.189640 0.284475 0.270207 0.200400 0.206580 0.168294 0.210284 0.225800 0.196551 0.195314 0.144907 0.238670 0.238216 0.221482 0.202111 0.167227 0.208239 0.171773 0.273452 0.275155 0.211671 0.233036 
