237 237
0 22846.8 31922.3 31543.5 24811.1 29566.4 19442.3 19363 18323.5 20438.2 18264 22239.9 23760.5 21857.4 24414.4 19388.3 28713.9 39137.1 45220.4 29378.7 39771.9 41766.6 48694.7 53769.7 53696.4 55562.4 50836.1 51263.5 53050.9 49512.8 47647.3 43755.1 44901.3 49235.3 47050.3 52543.3 45198 54569.4 48706 32324.8 27915.5 25499.9 28161.6 30325.5 22932.3 22098.4 23337.9 31625.2 31638.9 29169.4 49667.3 38217.2 33715.1 26821.5 25180.3 43560.5 45957.8 39502.7 50510.8 40168.7 46068.1 31294.1 37986.8 47787.7 51627.1 41669.3 36307.3 39607.3 18512.3 27732.7 26857.1 22439.5 18723 17802.5 51093.3 50415.2 43819.7 51832.2 22222.5 17347.2 39638.2 27716.2 22287 19895.3 77224.3 75399.7 41234.6 50677 58429.1 28498.2 82659.9 57069.5 95470.2 36403.5 80957.2 55005.8 23383.4 22271 29952.1 24194.1 28171 23354.3 28960.2 26185.9 26213.5 25717.8 23928.9 23003.8 23803.7 24927.5 25461.3 20966.9 26493.2 30468.2 22359.7 25070.4 20148.9 13412.6 30382.6 22245.8 27899.8 25089.1 31281.3 35198.5 29297.3 28171.6 29447.6 30485 28615.4 34500.2 35746 32021.9 36012.5 28975 31443.6 32136.5 28702 31993.9 37426.7 33051.8 30594 32073 18682 27345.3 24727.8 18525 20990.4 17017.8 19612.6 48923.7 28587.2 20298.4 23660.1 16975.6 31421.5 15689.4 16381.8 13919.9 13937.9 18774.6 18149.2 15585.5 16161.5 16987.5 17301.5 32155.1 51801.4 45991.1 50493.2 52515.9 48265.4 55591.6 48341.1 24402.5 25884.1 41932.2 32189.1 32854.3 38705.8 39244 30718.4 26529.1 24335.3 19611.4 24954.2 14713.1 15144 26276.1 27931.8 16095 28976.7 28424.8 22192.9 22110.8 19565.4 16913.9 17167.2 24775.9 17706.7 18090.5 22549.2 14097.7 16401.6 12157.9 18749 21093.9 30846.7 33554.6 30215.7 31540.9 37360.2 16958 22401.2 17650 21292.1 21696.2 25048.2 20301.6 18691.4 18074 17379.2 37493.6 34358.4 28025.6 35782.3 25264.2 17570.4 18820.9 26108.9 31944.1 29904.3 32175.6 28241.8 27376 29037.6 33352.2 32965.7 
22846.8 0 42999.5 30315 26555.1 29719.9 20339.1 18436.4 19764 22364.7 19258.1 21768.5 24331.7 23727.8 22809.3 14233 29256 40983.8 46603.4 27714 41510.8 43005.8 46787.2 52694.3 51847.1 53896.4 48964.5 49268.1 51352.6 47537.1 46698.3 42043.8 43607.1 48688.4 45501.9 50651.9 42141.8 51702.8 45765.9 29748 26200 23038.1 26185.6 28555.3 20820.6 20004.3 20602.2 29844.8 31330 28004.5 48737.8 38274.7 30809.7 31616.8 30071.4 41506.6 43481.8 37702.1 47176.2 47527.8 42172.3 29463.1 47334 36487.4 42779.7 50195.3 51530.4 54592.3 26603 31142.8 27050.2 19432.5 15880.3 11912.8 54069.4 51219.3 53819.2 51545.1 28319.7 30290.2 38542.7 33615.6 16773.8 20455.2 74722.3 88492.2 48137.9 51824.2 65876.1 39503.4 84526.5 73186.9 111965 46878.1 71864.3 67348.3 23101.2 20216.7 27995.9 21554.1 26357.2 20659 27281.3 24268.3 23330.8 22874.9 21012.1 20092.5 20730 22415.5 22426.5 27146.1 28334.5 31982.2 28622.6 25736.5 20321.2 19430.4 31258.8 27423.4 26136.2 23343.5 29552.8 32551.5 27012.9 26095 26449.1 28159.4 27347.4 32572.8 33308.8 30251.6 34141.1 27150 29640.5 30361.6 26794.5 29543.4 34847.6 30765.6 28515.2 40916.9 19878.1 28396.1 23770.5 17161.5 27392.7 15243.8 16117.1 56306.5 27973.1 19384.1 21200.8 19705.8 40549.7 14945.4 16320.2 17278.7 14613.5 24657.3 20867.4 17246.4 14847.7 16397.1 15362.5 23778.8 50335.1 43420.8 47589.9 50957.6 47710.8 55943.7 54384.7 29474 26670.6 41706 31357.8 33650.1 39013.4 37879.4 31428.5 25576.8 27188.6 30085.6 32435.2 12710.6 11575.1 38257.5 35267.8 23820.9 33115.8 36792 34581.4 29033.8 24921.5 27733.8 23326.9 34144 21784.6 24767.1 23885.4 24707.7 22072.8 25399.8 29109.7 23440.1 30496.1 34812.5 30866.2 31948.5 35706 20004.9 21608.1 19341 29633.9 22309.4 26290.3 18383.9 17740.5 15180.4 16891.5 38412.1 46341.9 31578.5 38579.9 29293.2 17847.9 16673.9 25935.6 39906.8 33053.1 30340.4 33286.3 24382.8 26581.7 34398.2 44544.9 
31922.3 42999.5 0 44038.4 48750.7 48711.8 50967.6 48581.2 49732.3 49218.2 49262.6 42121.5 49201.8 43853.5 41434.1 47209.9 47978.6 69706.3 76348.3 45071.3 68377.1 72947.8 67809.2 72287.6 73717.2 77003.5 69525.2 69618.4 74460.8 66437.3 69247.4 62988.1 65747.4 69030.4 67390.3 71380.1 67116.4 78790 69321 54501.2 49262.9 49132.3 44425.6 46104.8 42648.9 42038.2 42610.9 53067.1 60813.1 46094.3 70255.1 62997.3 53394.2 51432.8 44002 60067.6 46437.8 57208.1 50058.1 36943.5 47380.9 47089 42667 54550.4 53629 43754.8 43899.2 43021.2 39098.9 43493.6 46013.6 40972.5 43971.9 41574.1 64587 71133.1 50221.3 64630.4 28027.6 29914.6 54645.6 40423.7 44129.8 33939.7 59833.7 82896.6 61744.2 70960.3 72233 49882.9 79165.5 63080.1 110399 52691.1 96390.5 54032.4 46830.5 47803.3 47036.5 48452.5 46613.9 46567.1 49181.5 43434.4 46324.7 44117.4 44711.1 44941.1 44863.5 47614.9 46851.8 33044 40484.7 56101.3 37464 45913.6 41581 41550.9 47859.7 39409.6 43592.7 43499.2 47253.9 53808.5 46246.9 45195.4 51631.1 47446 44714.4 51096.8 52783.8 47861 52228.6 45095.6 47574.7 47856.8 45204.9 49194.7 55184.1 50027.6 47136.4 49698.8 43937.5 47111.8 47108.2 41279.5 41282.4 43393.1 43759.2 57015.8 49047.3 43123.7 46181.3 39029.4 44016.6 42572.5 44179.2 41116.8 41172.7 46533.9 38599.8 44082.7 41156.7 42117.9 41251.4 53680.5 66887.5 65720.4 69602.1 69284.8 63173.2 68871.9 56423.3 43550 38865.3 67513.2 57943.6 60373.9 65916 62935.9 56336.7 47846.1 42361.7 28367.2 44081.7 41076.5 40649 40458 45205.5 33603.9 44468 48543.9 40616.9 46367.9 37398.7 34938.7 42499.1 44293.2 39834.6 37710.3 50350.8 31236.9 37972.6 32668.5 36401.6 43007.4 46479.8 46961.7 48808.1 48869.1 58173.1 44798.3 46753.8 48891.7 37050.3 41937.4 43625.3 48253 48520.2 44652.8 43675.2 60291.5 59480.2 57099 64884.9 55321.9 41970.2 43042.5 48557.5 46561.6 55745.5 47829.6 46469.7 45284.1 46727 51354.1 51954.1 
31543.5 30315 44038.4 0 42569.6 46392.1 43036.2 45097.2 45027.4 37784.7 42812.9 40727.3 42782.3 44561.6 43402.3 35381.7 46103 62466.8 64839.8 50669.7 55937.6 65960.2 68005.6 74323 72346.9 74883.6 70585.3 73596.8 70258.9 71169.6 66735.8 64595.2 64043.9 64152.7 67949.3 72966.6 69944.8 79314.6 73546.2 56810.1 45722.2 50121.4 51392.6 52402.6 47075.4 46573.7 48015.4 55282 55433.9 52914.3 75317.4 58758.8 59195.6 41754.5 39955.5 65913.5 48017.6 63279.1 44771.1 51604.7 46216.5 53900.4 53978.5 41412.4 47252.3 52496 62732.2 62779.8 42499.4 44768.2 51064.1 38346.2 36280.8 37560.7 74578.4 76292.8 68478.1 74830.5 34369.6 39988.1 62706.3 51365.4 39376 36867.1 63777.2 90172 57777.6 67707.6 72811.2 43848.6 68248.6 73934.2 109629 55473.4 66626.9 61454.9 38704.1 46638.4 52728.3 48801.4 47475.6 47981.9 45992.6 48870.5 50706.3 50044.3 48355.5 47744.5 48168.2 49182.9 50208.1 43465.1 47873.5 54436.6 43614 50361.7 39239.9 34647 47699.7 36828.3 49615.1 46407 50610 59965.8 53735.4 52574.9 54294 54945.1 50202.1 58585.3 60127.6 54411.9 59489.4 52207.9 54894.3 54972.9 52693.4 56482.5 62141.5 57504.7 54462.7 45715.4 38535.1 43055.4 27490.7 40840.1 39307.9 41812.2 41070.4 48989.7 44232.9 40074.4 38429.1 37870.1 40092.9 40010.4 37582.2 38104.4 39161.4 38202.3 37838 39385.6 38096.9 37549.4 38927.6 34833.6 74940.8 70446.9 75329.9 76248.3 71663.1 79075.5 71313.2 39984 44100.2 67183.3 57448.3 57223.6 65110.9 63651.7 54525.8 45645.9 45760.6 43574.8 41881.9 39185.7 38314.2 53308.2 42347.7 40117.9 44872.9 52938.4 49213.9 47360.2 43951.8 42951.7 43011.8 47793.9 41946.6 43158.9 42079.3 40155.5 40643.3 37533.7 45168.5 40781.5 54073.7 57157.1 54443.9 53036.3 62120.5 39897.7 38770.8 38761.5 37998.7 45077.8 48430.4 45489.9 44433 42711.3 41492.7 53191.6 53407.9 51505 60262.4 49634.3 38105 41457.5 46217.9 43813.1 52361.6 53898.5 52346.3 51872.7 53496.5 41271.6 48513.7 
24811.1 26555.1 48750.7 42569.6 0 9079.65 18007.4 20576.7 18335.2 14909.7 20193.2 11244.4 15633.8 28516.6 10577.7 19655.8 14273.3 40557.9 42334.9 15800.8 31961.4 43069 34444.9 37639.7 32795.3 37865.3 35117.6 39852.4 33091.1 31476.5 30394.4 28722.3 28193.9 29133.6 31748.4 37151 33085 43473.1 36642.1 19789.3 16952.4 13921.7 18777.3 18363.5 15140.2 16376.8 17663.2 25652.9 18747.5 25943.3 37196.4 22807.5 23972.5 32101.7 25904.2 26634.4 46289.8 26276.1 52245.5 40733.2 48122.6 16155.6 40510.9 38321.1 45804.5 41895.5 39978.1 45146.9 21298.9 19896.1 22057.8 16412.5 25876.8 19826.1 47388.9 39511.5 49855.8 45582.5 31436.7 28989.8 34592.7 29522.6 22118.6 23847.9 99727 79673.3 36794.1 32932.8 50970.9 27815.6 105942 62100.4 108057 35632.9 96251.6 58448.9 14646.6 16081.5 17540.2 18518.5 16695.9 17615.4 15950.2 15429.7 16068.1 16694.1 15866.6 14182.8 16160.7 15430.9 17014.1 19466.7 23184.8 17962.3 20275.5 18232.9 12918.9 13848.7 21034.3 18646.1 14924.8 15574.3 16379.2 25253.4 18092.2 19835.8 18200.2 22191.1 16777.4 23803.2 22875.5 16264.2 21974 19835.1 20976.2 21028.6 20347.1 19198.6 28659.1 23331.5 22950.9 31993.4 15501.3 13600.3 33529.6 12542.4 25765.5 17611.3 18850.9 58103.7 12020.1 9923.36 24526.5 16664.6 39392.8 15744.9 12205.9 22697.7 14220.9 16982.2 20491.9 12738.7 13127.7 11729.8 14657.3 34025.1 49144.9 38865.1 42902.7 48543.5 43909.3 53517.8 50409.9 26244.9 33119.5 35659.3 30191.3 26332.9 33666 34163 26298.9 23084.7 26945.8 29983.1 28678.1 16898.1 18085.6 35721.4 18406.5 25585.9 18309 28897 30014.5 23274.2 20786.5 28162.7 20698.8 23733.9 19909.1 18236.2 16570 25006.7 16095.8 22763.6 26933.3 18085.8 30614.4 35610.3 27405.1 30067.4 35231.8 14982.2 14697.4 16996.5 20001.6 23852.4 24753.2 22845 21101.2 20174.6 22233.5 27031 43861.9 28558.8 38051.6 28484.2 17046.2 18719.5 18726.5 39471 22652.5 15557.2 39096.2 15663 16040.6 41747.7 32776.1 
29566.4 29719.9 48711.8 46392.1 9079.65 0 22543 25105.2 22488.3 16430.9 25561.6 10333.4 16432.8 32718.5 10059.1 24397.5 11358.7 45292.4 45174 12737.5 30661.8 47975.7 30295.9 35865.4 30709.7 36904.9 30905.2 38471.8 32260.7 31156.9 28652.5 26059.4 26361.5 27226.6 31076.5 34362 36337.7 47657 38925.6 23779.1 13613.6 18397.3 15783.3 15023.2 15479.6 15728.3 16777.9 28245.7 24875.1 25946.7 40319.3 25592.7 23608.7 37234.8 24576.1 27855.8 46898 26809.6 51607.9 42061.4 48899.1 14440.2 39765.4 36484.1 44155.7 44561.3 42197.3 47512.4 22976.8 21474.6 21209.2 15757.3 30307.9 24290.8 48991.4 40651.7 50103 47093.1 34196 30879.2 36621.7 32892.2 25413 25249.1 103706 76267.3 37808 27014.9 46428.8 30408.4 111126 60814.6 110598 32139 98986.7 57838.8 16172.5 18816.6 14456 21040.5 11541.8 19516.7 11980.7 12870 16868.5 15931.2 16655.7 15218.3 16790.3 18387.1 17790.3 18899.3 21794.7 24605 20820.8 19046.8 13377.8 17218.5 15791.3 15042.1 11671.2 12884.5 11580.7 25748.3 15841.5 17102.1 21006.7 19264.7 12937.2 22223.8 23087.6 14560 20139.8 16161.4 18351.2 17717.8 17100.6 19449.5 27778.1 21527.3 19074.7 35135 19264.2 12799.8 37426 13305.9 29988.9 19368.5 21929.4 57945.9 8555.31 11709.2 28876.5 21192.8 43613.5 17502.1 15186 26498 18289 18960.1 22130.9 15576 15320.3 14469.2 15833.4 38614.8 49677 40817.3 44396.2 47064.3 43893.7 55490.2 49143 24215.2 33537 40244.9 33638.7 32746.7 38395.6 38099.5 32409.6 26215.6 29327.3 29929.7 31801.7 19416.2 20594.8 37622.2 18210.8 27413.9 16040 31558.5 34268.3 28027 21981.4 30997 25236.2 27125.1 21934.7 21048.1 18793.5 27093.2 17698.3 24370.3 28328.8 23288.8 30429.9 35971.7 27154.5 29477.7 35889.4 19355.3 17609.8 22062.7 19007.8 27001.7 26479.6 26406.3 24571.5 24141.7 26303.2 25668.9 49002.6 33526.4 43076.3 33451.4 21128.1 22835.3 21720.7 43481 27225.9 13763 43056.3 16997.4 17591.6 47069.8 31590.6 
19442.3 20339.1 50967.6 43036.2 18007.4 22543 0 9527.5 5747.35 10528.5 4983.37 17106.4 8635.19 22565.4 20421.1 11333.8 22217.3 24020.7 27629.2 25780 30572.4 25844.4 44443.4 50028.9 48959 51321.4 46883.7 48006.5 47578.6 46195.2 42856.6 40050.2 40062 42276.2 43515.6 48813.2 41038 50390 44724.8 28554.9 23419.5 21714.8 24885.5 27085.5 20390.2 18845 20150.3 24261.3 14284.2 25643.3 39394.3 20581.2 24248.6 23820 24744 35195 51467.5 31496.3 63117 48584.8 55267.4 27955.8 47227.7 50571.5 54980.4 49286.7 41528.5 50886.9 17543.6 25311.1 19616.5 17284.9 20869.5 16318.5 48292.1 39760.5 53076.5 48014.8 38195.5 34536.7 36291.4 34201.9 24095.5 28181.5 89432.8 75393.3 32191.8 34695.2 50477.2 24021.2 88755.1 59589.2 97846.8 33515.8 90954.2 58126.4 17222.3 18551.2 26675.9 20410.4 23828.4 19451.4 23454.5 22938.9 22334.8 21888.4 20025.6 18942.3 19785.3 21335 21325.4 24024.6 26291.9 16514.2 23370.1 21040.8 16943.7 11240.3 27492.1 23244.6 24355.5 21731.3 26589.5 31488 25862.9 24878.5 25540 27504.5 24113 31374.8 32082.3 28960.4 32873.7 26026.7 28452.6 28714.7 25824.6 28420.7 33946.8 29682.2 27818.4 28740 14669.3 17655.2 30119.5 13076.2 21614.8 13487 17705.9 52088.7 18807.1 12455.1 20958.2 18453.4 32434.8 11980.8 9550.3 13530.6 11003.9 12508.1 14701.7 9145.68 11508 12464 14374.6 27870.6 47974.9 39048.5 42509.9 46387.7 44534.6 53648.3 53425.3 22968.2 25932.1 33463.8 23713.8 23074.8 27595.1 31479.7 26168.1 21586.4 25722.6 30951 27563.7 12055.7 12633.7 28826.5 29198.2 18306.3 28440.9 21901.1 24037.8 22037.2 19776.4 21542.3 17132 24652.3 16270.3 20065.3 11468.1 22258.2 16415.7 21828.2 20083.3 17240.7 28816.1 32641.1 24649.2 29042.8 28722.5 10754.5 14018.7 7137.89 29970 20781.8 24566.8 12203.8 8856.07 12246.9 14707.9 22843.6 30747.7 14044.1 22347.7 12418.5 14272.2 13474.8 16554.4 32125.3 16338.3 29074.9 30352.4 23824.1 25355.1 29364.2 30645.3 
19363 18436.4 48581.2 45097.2 20576.7 25105.2 9527.5 0 6338.42 16818.7 8974.72 19342.6 14953 16733.3 19808.3 10557.2 25450.4 25892.4 32587.6 25475.6 37380.7 28094.7 43959 48991.1 49193.2 50935.7 46198.6 46727.4 48866.6 44890.7 43553.9 39295.5 40659.2 45646 42520.3 47786.8 39488.6 49087.4 43249.2 27079.1 25255.8 20362.5 23796 26187.1 19527.6 17903.4 19264 16301.5 19237.3 21314.4 32329.7 26671.4 17466.9 20315.4 20822.4 28604.5 44362 23914.9 57602.7 42819.8 47996.3 26816.7 39339.9 46730.5 48235 42410.4 36544.4 41943 15020.9 23259.7 16831.1 18146.5 16927.4 11980.1 40408.2 33645.2 45912.9 40849.5 34256.5 30861.6 29823.1 28559.6 20406 24278.4 81658.9 75664.1 31800.8 41384.1 48421.8 26802.3 87036.7 59416.7 100304 31146.4 89222 57476.4 21697.3 17123.4 25385.5 18885.2 24702.1 18032.6 25158.1 22048.7 20655 20087.1 18280.9 17414 17932.4 19746.6 19755 21973.2 23650 14317 20944.8 18405.8 17506.9 13350.2 28121.9 24998.3 24256.1 21527.5 27046 30454.6 24504.6 23677.3 24144.8 26530.9 24674.1 30169.3 30709.9 28253.5 31650.4 25259.6 27651 28066.1 24954.1 27116 32714.9 28459.6 27179.3 27424.8 13066.8 18187.1 27434.7 13803.3 18243.8 13879.9 14518.5 52390.1 21965.1 14640.8 17896.8 14973.4 32496 12793.4 13527 10980.1 9175.24 14057 14356.5 12272.7 13190.7 14002.2 14938.3 24645.8 43065.7 32721.8 35583.8 40647.9 38383.6 48760 50969.1 17905.2 19995.5 26918.2 17305.6 17701.9 22672.3 24665.1 20605.6 19075.4 23073.4 28765.8 28030.4 12418 11511.9 22301.8 29424.8 16288.4 26838.5 24339.5 23616.9 19019.5 17155 16606.1 12592.2 26122.4 13386.4 16758.8 17970.5 19573.8 14552.5 19683.8 18483.3 16063.5 24156 28014.8 18644.5 24568.9 22640.5 10626.2 15820.4 10062 28594.2 16633.5 19709 7118.48 5343.27 8632.31 11768.3 24646.8 32483.9 14612 21704 12512.1 12326.1 8456.89 11709.2 30389.9 16746.6 27737.9 26827.7 21707 23946.4 33115.7 29203.4 
18323.5 19764 49732.3 45027.4 18335.2 22488.3 5747.35 6338.42 0 13275.9 6641.95 17303.2 11750.8 19094 19752.4 11990.3 22988 24506.5 30896.2 23868.2 33536.3 27577.3 42727.5 47860.9 47499.5 49427.8 44770.4 45331.6 46564.6 43560.5 41347.5 37471.9 38657.4 42959.2 41072.1 46505.4 37873.9 47266.4 41364.4 25397.3 23503.3 18512.4 22034.6 24307.7 18251.3 16462.7 17975.4 19856.6 16484.1 21512.7 34459.1 23792 19003.9 24550.2 25508.8 30974.1 47601.9 27179.2 59005.5 45767.3 51016.3 25071.6 43816 47797 51387.6 46918.8 38041.4 46863 14729.9 24088.2 16271.4 19410.5 18590.2 13760.4 44009.6 35654 48828.7 43669.9 35587 31834.7 31851.8 29675.1 21944.2 25955 86699.6 78027.3 32988.1 37421.9 51522.2 25584 89319.5 61730.7 100997 32483.8 90452.1 59800.9 19209.8 15982.9 24078.9 17535.4 22906.4 16702.5 23133.6 20694.5 19395 18955 17094.6 15806.7 16799.3 18466.3 18392.8 21526.6 23050.7 15403.3 20239 16703.6 16623.5 12679.8 26372.6 24236.2 22530.5 19433.9 24808.5 28793.7 22615.2 21784.2 22253.9 25001.8 22833.5 28743.6 29021.9 26437.2 29748.1 23871.5 25932.2 26464.6 23446.6 25192.1 31366.9 26840.1 25899.9 30253.5 12522.5 17688.1 29353.1 12173.2 19540.6 11670.7 16670.3 54722.4 19840 12840.3 19673.1 15907.9 34937.6 10465.8 10612.6 10602.7 9653.33 12558.7 15065.2 9713.56 11434.6 11889.6 13228.4 27490.9 44585.5 34442.3 38707 42920.5 40870.8 49944.3 50321.6 22414.1 23120 29415.8 19816.5 19340.8 23740.1 27125 21751 19313.2 23002.9 29020 26824.5 10788.5 12054.2 24902.2 29087.6 17026.4 27225 21288.5 21336.3 17778.5 16586.4 18227.7 14920.5 24088.7 13187 16395.9 14587.4 20678.1 13272.4 19876.3 18071.5 16054.3 25541.3 29359.2 21022.6 25908.8 24843 8784.17 14954.5 7498.41 29663 17395.6 20867.4 9548.91 6715.57 9016.45 11735.4 26844.4 33943.8 14309.4 22062.7 12569.1 12890.6 11474.7 14195.3 32570.8 18153.7 27315 27376.6 21605.3 22909.6 32107.5 32148.3 
20438.2 22364.7 49218.2 37784.7 14909.7 16430.9 10528.5 16818.7 13275.9 0 12956.7 12424.9 8692.4 27240.7 17444.9 14351.7 17852.3 30404.4 29473.6 23220.8 21110.1 33692.2 40033.4 46941.6 43618.4 46444 42361.5 46462.3 41334.7 43749.1 38284 36456.3 35851.5 33573.6 40475.1 45228.2 42018.4 51575.2 45278.7 28352.8 16646.6 21602.5 23478.2 24611.4 18905.3 18045.5 19618.3 29629.5 21523 27988.8 44603.9 22927.4 28395.7 27513 24132.6 38062.4 54055.3 35232.1 63588.4 51360.1 58333.6 25986 49215.3 48062.6 55539 51836.4 48293.7 55012.1 21109.3 24995.5 22346.2 15878.7 24017.6 19328.9 53136.5 45828.3 56560.9 52413.8 39670.9 36081 40884.9 37890.4 26115.6 29834.2 94372.3 75309.3 30519.2 30960.1 48753.7 24276 98072.8 60113.9 97410.5 36456.3 92089.2 58320.5 8768.67 19476.8 25038.2 20989.7 18379.3 20112.4 16691.2 21180.5 22614.7 22075.5 20378.5 19667 20374.4 21208 22447.1 23478.5 25919.2 23976.4 22774.7 22387.3 13685.6 10280.7 22578.4 16881.5 21868.4 18718.7 22233.3 31345.8 25280.8 24120.3 26333.7 26668.5 22186.6 30261.6 31774.1 26663.7 31444.9 24202.9 26877.8 26896.8 24456.5 28020.4 33521.5 29051.1 26352.7 29025.7 15591.5 15037.5 29420.7 11668.3 24835.5 14108.8 18637.1 51973.8 11937.3 10452.3 22569 19271.6 32931.7 12053.8 8053.71 16760.4 13024 10233.2 17054.2 8190.04 9901.81 9220.27 11075.8 30599.9 50738.4 42432 46935.4 49256.3 48311.3 56920.4 53214.8 21946.1 31713.2 38861.2 29308.3 29963.9 35029.3 36708.1 31332.2 20945.2 25923.3 30457.5 25292 12391.5 13496.2 35735.3 23172.8 20873.2 25069.6 29081.1 31113.8 25276.5 21787.2 27207.7 21947.7 26010.7 19902 23104.8 7368.03 24518.9 17215.3 22939.8 25125.4 20971.2 31356 35927.7 27077.2 30048.7 33002 10740.5 10205.1 8522.26 25180.2 24212.3 28262.2 16668.3 14122 15693.7 18170.2 22845 33782.8 22022.6 31908.3 21988.7 14023.6 15819.1 18079.7 37538.7 22210.9 27440.8 34280.9 24823.1 25600.6 34362.1 29989.4 
18264 19258.1 49262.6 42812.9 20193.2 25561.6 4983.37 8974.72 6641.95 12956.7 0 19079.7 12841 20271.1 21292.6 10215.3 25266.9 23207.8 29115.1 27190.9 32555.6 25138 45698.8 50935.7 50824.8 52592.4 48047.6 48619.1 50321.1 46961.8 44566.4 41229.1 41780.7 45282.5 44306.9 49719.9 41651.6 50997 45515.5 29314.4 25607.4 22619.7 25857.3 28172.6 21218.9 19934.8 20896.6 23528.3 16790.4 24618.4 40154.1 23703 25170.8 25200.8 25483.8 35383 50160.3 31403 60943.6 47844.6 53216.8 28887 46780.2 49299.4 53543.2 49882.2 40994.7 50401.5 17052.3 25240.1 19336.4 18282.6 18187.1 13740.4 47638 40575.9 51103.1 46891.3 36898 33403.7 34327.8 31601.3 23256.9 27271.4 87699.5 75321.1 34692.6 38145 51912.6 23415 86303.6 60402.9 97607.8 34387.9 89681.6 58074.4 19519 19132.6 27519.2 21120.5 25836.8 20174.9 26368.8 23827.2 22869.3 22349.6 20500.5 19628.2 20188 21981.9 21937.1 23811.9 24794.7 17136.7 22898.1 20502.7 17430.8 12462.3 28285 24570.4 25626.5 23142.2 28646.7 32492.7 26811.9 25937.2 26399.8 28465.6 25724.3 32335.6 33017.1 30172.6 33872.9 26867.1 29650.8 30019.7 26837 29446.6 34630.6 30721.7 28476.4 29696.8 14376.6 19837.9 28604.7 14957.2 20812.7 14495.9 17169.6 52172.3 21911.9 14877.4 19511.5 16333.5 33689.1 13064.5 11932.1 11020.5 10568.3 13907.4 15803.2 11084.8 13208.7 13821.9 15310.9 28016.5 46977.2 38863.1 42807.4 46041.1 43498.4 52786.6 52076.8 23602.1 25664.9 34308 24329.7 23965.6 28358.1 31993.3 25997.7 20967.9 23436.2 29233.8 27206.5 12007.6 11519.4 28818.5 28894.7 18035.7 27869 21001.3 24192 20613.3 19301.8 21451.9 17601.3 23717.1 16568.3 18857.4 13505.9 21918.1 16138.9 21582 20892.3 16375.4 27170.8 31587.1 24616.8 28197.1 29048.4 9666.03 15098.2 7121.44 30344.5 19152 22956.4 12066.3 9691.97 11042.3 12770.1 25496.9 30374.4 14719.9 21111.2 12808.9 13265 11720.7 18460.7 32391.7 16508.9 29804.8 28763.7 23978.1 26253.6 29435 32029.1 
22239.9 21768.5 42121.5 40727.3 11244.4 10333.4 17106.4 19342.6 17303.2 12424.9 19079.7 0 11263.3 24973.2 7371.64 17671.3 10910.7 38979.9 41130 12839.1 29222.6 41334.8 32499.1 37783.8 35099.8 39258.3 33501.4 37105 34422.2 32367.8 30867.2 26752.3 28129.4 28660.1 31735.8 35732.9 32879.5 43879.2 35594.5 19802.9 10250.8 14221.5 12224.1 12403.5 7962.03 7977.06 9579.85 26301.8 24606.7 21201.1 41265.5 27464 23695.7 32358.3 22636.2 31888.1 47433.5 29574.7 53954 44962.7 50578.5 14202.3 42644.2 40287 47346.6 46793.4 45245.5 49916 18398.9 20954.7 18150.2 11211.7 22019.2 16587.4 48497.5 42449.7 49158.2 46379.3 32282.1 28587 34816.3 30935.5 21531 22230.1 96437.8 80329.5 35325.5 33351 52260.3 31911 104293 63705.9 107815 35798.8 90380.5 61693.3 8059.99 15062.2 12902.6 14507.2 9115.96 12933.6 9822.77 9238.16 13154.3 11830 11012.6 10594.2 11809.7 14058.1 13376 16702.1 19511.9 23780.5 17821.5 16262.3 9934.85 11167.1 17948.3 13842.4 9751.65 8952.15 10225.7 21021.4 14215.6 13181.4 17281.5 15547.5 10291.2 18897.8 20830.9 14435 19792.9 12688.2 15294.7 15288 13058.5 17139 22979 18032.1 15048.7 32161.3 13657.5 13245.8 32252.2 6134.61 24113.7 9417.71 16016 58698 11309.8 6811.19 21970.8 14464.8 40049.1 7880.53 8105.22 19694 12089.4 15751.1 17089.5 8896.18 7406.48 6627.62 7022.11 34297.8 44748.5 37107.2 42321.6 43908 41638.5 50560.9 45318.3 22816.7 28807 37719.9 28443.8 30496.8 35286.1 34769.4 29700.4 19372.1 22416.3 23929.6 24562.4 10925.5 12004.8 34314.8 19716.6 21562.9 17138.9 29444.6 30797.3 24932.1 17864.9 26245.3 22714.4 25081.2 18606.5 18554.4 12966.3 21524.3 13464.2 21197.7 24423.3 17966 24930.2 29538.3 22939.8 26167.4 30481.4 13236.6 12493.6 16969.7 19246.4 19167.3 21690.9 19358.8 17783.3 16077.2 18017.7 26995.2 43604.6 28412.4 36972.7 27187.2 12922.3 15428 16370.5 37427 23940.9 16985.1 35327.4 16392.3 16851.8 42463 33453.3 
23760.5 24331.7 49201.8 42782.3 15633.8 16432.8 8635.19 14953 11750.8 8692.4 12841 11263.3 0 28882.9 16327.3 17016.3 16455.4 29283.2 30545.9 21883.8 27305.2 31963.8 39991.2 45608.4 44950 48242.6 41816.4 44949 43736 42090.7 39541.9 35435.8 36687.4 36509.1 40667.6 44379.9 43184.4 54034.8 45706 29737.7 18012.4 23933.4 22092.7 22748.1 18473.2 17940.6 19609.3 27688.6 18806.8 26304.6 39852.1 21382.2 24241.3 26420 19915.9 33776 50608.8 30944.3 61766.2 48232 55863.3 24600.5 44890.8 46892.4 52014.6 46833.2 42058.8 49778.6 19165.6 25656.9 19813.7 16501.2 26979.6 22368.9 50011.8 40114.5 54055.3 49887.2 40515.9 36816.8 39345.6 38326.3 29350.3 31123.5 94190.7 72058.6 29323.4 29458.6 46194.6 24765.6 95353.2 56971 97631.3 29672.6 95994.5 54961.1 13246.2 22469.5 23413.6 23339.2 17448.6 21315 17796.1 19417.4 22515.6 21884.8 20506.1 20903.9 20380.5 22665.2 23525.5 22859.7 24140 18470.2 20973.6 21934.5 13917.5 13707.8 22473.6 18180.4 20078.5 16799.8 20407.8 31035 24517 23455.5 27526.1 25741.2 20777.8 29361.2 31209.4 24762.5 30182.8 22817.4 25546.2 25632.3 23368.3 27405.6 33198.5 28280.1 25177.4 25601.8 17834 13493.1 31464.4 12564.7 22308.3 16875.7 20992.5 49233 12700.7 9785.54 21993.2 20064.4 32018.7 14976.3 10206.3 19390 15142.5 11127.6 15131.6 10481.6 13178.7 10659 13573.2 30543.6 48891.2 39651.3 43657.4 46272.3 46151.9 55305.4 52102.6 18482.2 26475.5 37133.9 27414.1 28324.3 31752.3 35197.2 31824.6 20925.5 26560.9 30362.6 27352.6 16254.3 17449.5 30477.5 25467.3 17909.2 24594.3 26119 27956 26828.7 20430.9 23097.1 20825.2 26988 18634.7 23192 11350.9 23702.7 17139.6 21118.4 20568 22722.6 29735.6 33980.6 23648.9 27080.7 29088.8 10914 13505 12571.8 26439.3 24776.6 27477.4 16712.5 13358.3 17265.1 20462 19776.1 33382.4 19779.9 29193.6 19126.9 14887.3 15389.5 14919.6 31968.2 17630.1 26209.5 35993.4 25204.1 25748.7 35505.9 26404.3 
21857.4 23727.8 43853.5 44561.6 28516.6 32718.5 22565.4 16733.3 19094 27240.7 20271.1 24973.2 28882.9 0 25315.8 18299.7 32092.8 37880.8 47120.7 30336.6 46636.9 40303.1 49451 55354.6 54345 56067.7 51365.6 52015.6 53922.7 49797.8 49023.5 44415.1 45987.2 51347.7 47633 53075.4 44120.7 53468.5 47764.2 31814.6 29822.4 24928.6 28670.9 31064.3 23603.3 22418.7 23307.9 19065.6 33945.1 14564.8 42656.3 41423.6 25108.5 23079 29393 34925.9 39244.2 32289.5 48013.1 44784.4 43251.1 31736.2 44136.8 38820.9 47184.1 49552.8 41702.7 45169.1 19234.7 16555.3 22779.7 25841.8 18090.9 16193.9 32759.6 44166.5 32578.6 31517.6 32856.5 29430.2 18820 18018.2 24194.5 26316.2 72356.2 71412.8 27543.5 55029.7 47273 25642.5 82245.7 54788.9 95348.4 31713.4 92211 53614 27398.8 22682.8 30217 23673.9 29483.9 23042.6 30057.9 26969.2 25366.7 24927.3 23069.6 22108.1 22745.5 24508.9 24406.4 18383.6 17753.8 28942.8 17058.3 24391.1 22199.4 18853.2 30092.3 23614.9 28782.6 26340.9 32127.8 34617.1 29136.7 28378.6 28459.4 30584.9 29961.5 34791.2 35394.4 32567.6 36359.8 30020.1 31971.1 32772.9 29110.4 31629.2 37040.1 32900.4 31364.3 27773.3 13520.2 26362.9 26287.1 20391.3 20682.8 18193.1 21835.9 56536.3 31401.9 22535.4 25307.2 18481.1 36322.8 18372.9 20846.8 12290.6 16750.1 22125.5 21665.3 21723.8 18648.9 20363.4 19143.3 29584.4 33772.3 32114.2 37388.4 37663.5 29458.6 36078.2 38242.2 22944.4 22732.2 29681.4 23337.7 24424.7 32243.5 23511.8 16345 13232.6 9509.18 21822 13113.3 16383.8 15567.1 23980.5 32205 18956 23183.9 17930.4 22674.1 12537.5 15245.3 21093 19007.5 19745.4 14882.3 15174.1 28508.4 20687.5 17299.4 24193.9 23547.3 12527.7 14882.5 14272.6 20969.5 16890.3 25322 20037.7 21948.3 19511.5 28299.7 7167.15 8657.8 17009.5 18719.8 13192.6 9946.98 40438.2 30170.2 20838.5 22397.6 18497.8 15371.5 16254.6 19969.9 28142.1 30705.2 32689.3 12734.5 26400.7 28669.7 36195 38931.5 
24414.4 22809.3 41434.1 43402.3 10577.7 10059.1 20421.1 19808.3 19752.4 17444.9 21292.6 7371.64 16327.3 25315.8 0 20517.7 13362.3 43773.7 46205 9721.64 35102.4 45277.5 31431.7 36235.5 34502.5 38975.3 33152.3 36253.7 34771.9 30944.9 30828.6 27036.9 27730.2 29299.6 31389.8 35506.3 31538.3 44289.7 33820.4 20504.4 14729.4 15253.4 12323.4 11515.4 11588.4 9878.68 10702.8 23512.4 25743.2 19854.9 36974.4 25554.2 20376.4 34381.1 23809.9 25738.4 41443.2 23894.8 47127 38936.7 43841.7 11498.6 35965.7 33649.4 40401.3 40630.8 40162.7 43237.6 16828.3 17565 17106.5 11193.7 22591.5 16479.4 43000.5 37976.9 43876 40391.5 26253.8 22551 28696.2 25013.5 18841.3 16516.6 97231.5 80829.2 38932.6 32761.4 49659.6 30672.4 106612 61530.6 110467 33563.4 91351.1 59000 14929.1 14352.5 13479 15598 12330.4 13965.2 13358.5 10493 12798.3 10611.3 11309.5 10764.9 11330.9 14013.7 11248.1 15238.7 19059.3 22766.1 18769.6 15156.2 10688.3 14307.5 17759.3 15067.2 9603.16 11249.3 10136.2 20695.7 12101.4 12135 17023.6 15632 10343 18391.9 18919 13158.6 17448.8 12424.9 14707.5 14730.4 13013.7 15323.2 23099.4 17538.3 15696.6 32274.2 14169.8 13878.5 33939.7 9456.63 25267 14165.2 16747 59532.7 13240.1 10100.6 23455.8 14345.8 41810.8 13048.3 13729.3 20951.3 13287.6 18907.2 19200.9 13780.3 10780.8 10952.9 10635.5 35654.3 43264.2 35815.9 39259.9 42890.2 38600.7 48724 43971.1 23405.4 28038.2 38109.9 30249.4 31017.7 36701.7 35283.7 28514.1 20948.7 23024.1 23315 27095.3 13326.4 13278.7 32981.3 15043 22043.8 13435.4 28952.7 31649.5 24674.7 17226.3 26246.5 21193.5 24891.5 17889.7 17092.1 19389.9 22432.9 14040.6 20784.2 24557 18721.2 25073.5 29026.7 23974 27225.3 30073.8 15702.2 16002.8 20464.9 16651.5 20514.2 19557.8 21606.1 20973.3 18492.4 19770.8 26766.1 46340.9 30967.3 39462.6 30271.5 14600.1 15965.5 17331.7 39450.6 24420.4 10782.1 37122.9 10774.9 12158 43981.9 33209.4 
19388.3 14233 47209.9 35381.7 19655.8 24397.5 11333.8 10557.2 11990.3 14351.7 10215.3 17671.3 17016.3 18299.7 20517.7 0 23489 29296.2 34561.8 26283.6 33580.2 31939.7 45211.2 50466.4 50151.1 52104.7 47616.6 48016.7 48951.2 46490.2 44008.7 40816.5 41129.7 42780.5 43837.6 49256 41125 50558.3 44721.8 28609 24035.1 21724.2 25134 27549.1 19805.3 18980.9 19526.1 23360.7 24170 22570.9 41743.8 30864.9 24728.2 21658.2 23086.6 35039.1 46820.1 31137.4 55695.3 45549.8 48364.6 28416.2 45191.7 43805.4 47894.1 48630.4 44643.9 50110.9 20534.9 22298.8 19794.1 12722.9 12972.6 10074.3 46826.1 43661.2 49202.4 45478.7 34777.4 32297.6 32823.4 30923.5 17922.1 24996.1 81592.4 80099.8 36564.4 44558.6 53606.3 29018.5 88373.2 64535.1 102902 38672 83383 60273.3 16844.6 18582.3 26944.3 20426.4 24955.8 19612 24684.8 23216.6 22177.7 21609.8 19803.6 18961.1 19475.3 21291.5 21388.3 23964.5 23697.1 22057.5 23514.9 20551.7 17071.1 13075.6 27490.6 22563.5 24732.8 22192 27779.9 31439.1 25944 25084.1 25476 27077.4 24856 31561.9 32178.2 29245.4 33130.1 26143.8 28642.3 29265.2 25783.6 28445.1 33735.3 29703.3 27486.2 31859.7 13562.8 18248.4 23271.7 14229.2 20616.7 13585.4 13946.8 53166.4 21063.1 14316.4 15138.4 14844.9 33933.9 12111 10435 12348.9 10884 14893 17052.9 12258.1 11964.8 12475.9 14169.2 23988.8 44705.3 37166.4 41529.9 44425.1 41433.5 50433.4 50872.1 21971.6 26173 34506.1 24898.7 25357.5 32059.5 31587.1 24413.3 18799.3 22219.1 28268.9 25295.3 10560.3 9583.85 31572.6 27397.7 19780.9 27083.6 28808.6 29363.6 23100.3 20959.2 23660.1 20095.4 26129.7 17438.2 19566.4 17049.5 21542.1 17404.1 23876 25140.3 14558.4 24731.4 29109.5 23985 25946.2 28954.8 12525.2 11554.4 8869.77 28107.1 17160.5 21183.5 11185.5 9553.66 8833.62 10753.1 28921.1 35977.1 20696.2 28674.8 18786.3 10674.5 9751 18653.6 35807.2 22818.9 29284.7 26461.1 23249.8 25453.3 31923.1 32603.8 
28713.9 29256 47978.6 46103 14273.3 11358.7 22217.3 25450.4 22988 17852.3 25266.9 10910.7 16455.4 32092.8 13362.3 23489 0 44665.4 46465.9 9706.66 33251.8 47425.5 27926.5 30555.1 35699.1 40192 29090.1 31250.7 41487.7 26674.9 30058.6 24073.2 25977 34773 28789.9 31504 41810.2 53165.8 43611.1 28628.7 15691.7 23235.5 10462.8 10489.1 17857.9 17276.8 17813.8 33797.9 30352.1 26331.1 45337.2 31676.3 28802.2 36998.6 27638.2 31601.8 50002.6 31649.7 49230.4 44041 53266.1 17340.9 41594.5 42812.8 44072.4 50992.9 47457.2 53057.3 23267.7 25594.2 20296.8 15712.4 29531.9 23981.4 53732.6 44628.1 50539.1 51457.9 38595.4 34591.7 40454.1 37801.5 28754.2 29356.7 103727 74325.7 41925.3 24631.3 43863.5 34941.8 110661 62805.1 112630 32386.5 98100.5 65208.2 15550.3 22091.5 11283.3 22709.3 13129 20782.2 15298 11377.3 20677.6 19221.6 19335.5 19646 19063.9 21730.1 21861.8 21805.3 18656.3 29929.1 21571.8 19979.3 12999.7 17135.9 14071.9 14588.8 12688.6 9573.57 7938.09 27550.4 18466.6 17573.2 26328.1 18343.1 11179.6 22624.6 25162.9 13179.9 21757.6 14101.7 18008.2 15513.5 16173.7 22964.9 28391.1 21885.8 15870.3 36081 20132.3 15279.8 38589.1 13428.1 30224.1 18187.5 22936.5 62390.9 10853 11748 28626.6 21489 44741 16349.2 14068.7 26650 18411.4 20763.5 22030.8 15495.1 14801.8 13983.8 15157.2 40171.6 49540.1 42787.4 46391.5 44560.1 43463.3 56631 41640.9 26212.8 32688.4 44942.4 36047.7 37056.1 42194.9 42580.3 36593.2 25757.8 28524.5 28415.6 32047.7 18570.4 19708.5 38458.3 19808 26076.1 22176.5 35247.8 37662 30890.7 24121.2 32075.5 28877.1 30345.9 24286.8 24867.7 19263.2 28978.7 19346.7 25314.2 28837.5 24748 27108.8 34354.6 25802.6 28470.5 36768.3 18985.3 17664.1 21756.3 26092.4 27993.6 28944.3 26584.6 24618 23643.9 25618.7 30476 48469.8 33439.6 42623.2 32967.9 20480.7 22595.7 23000 43780 30061.6 13640.7 42761 20977.7 21496 46986.5 31586.4 
39137.1 40983.8 69706.3 62466.8 40557.9 45292.4 24020.7 25892.4 24506.5 30404.4 23207.8 38979.9 29283.2 37880.8 43773.7 29296.2 44665.4 0 20800.7 47452 47788.8 12274.9 67067.7 72251 71857.2 73842.2 69209 69541.4 70304 67865.8 65570.6 61863 62890.1 63308.8 65434.4 70943.9 62013.4 71407.7 65493.4 49477.2 45346 42591.3 46033.4 48346 40450.8 39675.7 40285.4 36654 30472.6 39492.5 50822.5 31717.9 35964.8 32430.3 39737.1 49882.4 66864.1 44903.8 80278.4 64637.6 70525.4 49356.6 62714.1 68895.3 70874.1 63558.4 56740.9 62399.6 35827.3 42126.7 35892 39905.3 40140.7 36073 60385.1 45829.5 67656.6 61501.3 58886.3 55033 51171 50463.1 46055.1 49888.2 97806.4 68758 40779.8 51899 58595.5 39152.3 89854.5 63480.4 77252.3 45649.8 111794 63124.7 37107 40247.2 47844.3 41659.5 46004.5 40942.7 46037.7 44126.6 43491.4 43051.8 41193.8 39931.2 40921.7 42589.9 42554.9 42848.2 41154.8 29959.3 39991.7 38871.9 37416.5 32898.1 46839.5 43899 45671.8 43045.5 48956.8 52097.2 46637.5 45798.9 46165.9 47714.3 46047 52365.1 53056.5 49994.2 53852.8 46989.4 49373.9 50142.8 46492.4 49122.6 54482.2 50391.1 48179.1 38319.1 32871.8 36983.7 47204.2 35493.4 38790.2 34337.5 39030.4 54481.7 41413.1 35621.5 39129.8 37873.7 41562.4 33059.4 31334.1 29110.8 32594.6 31837.5 33155.4 30419.7 33441.3 33493.6 35059.7 44202.4 60847.7 50130.8 53571.1 57809.7 58185.4 67188.8 68789.7 36208 36737.8 41547.9 30244.1 30658 27666.4 39331.1 39244.2 35274.5 40843.8 48563.3 43965.3 31640.5 33031 38449.6 49197.2 36879.8 47032.5 36452.3 40974.5 38560.9 37494 38370.4 36277.4 39954.4 34643.7 38443.6 30434.4 41281.7 35611.6 42183.1 36796.6 34228.9 42135.8 46249.6 35980.8 41208.5 34706.5 28723.6 33181.5 26140.3 52512.5 35140.2 39593.3 24747.5 23390.3 27077.7 29178.1 37162.6 29176.4 20557.3 25694.4 22496.1 31414.7 28821 29806.5 37910.3 22016.5 51515.4 43695 45529 46872.4 37178.5 41481.5 
45220.4 46603.4 76348.3 64839.8 42334.9 45174 27629.2 32587.6 30896.2 29473.6 29115.1 41130 30545.9 47120.7 46205 34561.8 46465.9 20800.7 0 51536.8 32004.1 28590.6 69229.5 75841.5 71862.8 75515 71464.3 74401.2 65337.5 72343.7 67385.1 65171.2 64861.5 53902.4 69281.8 74034.9 67406.4 76751.9 70969.3 55060 43976.9 48148 51136.6 52741.6 45725.8 44962.8 45770.4 47215.3 34882.2 48752.8 60592.3 29323.5 45015.7 42137.2 44084.7 57782.1 75196.9 54045.5 89052 71834.9 79547.6 53906.5 69350.7 74145.2 77820.2 70325.9 64662.6 72354.6 43571.9 46513.3 44316.6 43113.9 46968.7 42645.5 71216.4 58534.5 77035.5 71789.6 65502.9 61761 60655.8 59927.8 51572.7 55659.5 110060 69237.9 41873.1 44131 48793.2 41251 101707 66706.1 76431.5 52420.2 117332 66543.5 34099.5 45431.5 52807.1 47202.1 47130.9 46187.1 42202.1 48980.2 49125.2 48680 46817.2 45539.8 46531 48093.7 48021.4 50009.3 50204.3 36614.5 48055 46237.3 41668.5 36589.9 48553.9 44345.5 49724.1 46809 50835.8 57652.1 52068.1 51023.6 51538.6 53165.5 49844.1 57515.1 58538.5 54514.7 58851.9 51822.2 54167.7 54255.1 51609.8 54623.1 60047.4 55795.3 53469.3 39756.6 38746.9 37154.8 51556.7 38972.2 46959.8 39215.3 44550.8 56208.2 39337.4 37407.7 45100.4 44917.5 44646.1 37660.8 33857.4 38400.2 38216 32484.6 39692.9 33873.5 36955.6 36295.4 38104.6 49068.1 70289.1 60388.3 64380.7 68111.1 68012 76676.2 78197 40608 46468.7 53937.7 42587 43094.8 42957.8 51752.8 49376.8 42494.2 49564.5 56955.3 49069.6 37714.3 38849.8 50190.3 47928 43535.3 51107.4 46136 50000.6 48047.4 45998.9 46304.2 42980.2 48938.6 42742.3 46529.6 28719.5 48364.2 43195.3 48462.6 44218.6 42453.1 51896.6 55929.9 46211.9 50724.5 47626.8 34076.8 31293.1 29361.6 53668.6 44487.6 49007.2 32919.2 29846.1 34583.3 38038.8 30452.9 34630.4 31090.5 37348.5 32769.1 36340 36120.7 36776.5 47357.6 29294.6 56004.8 53124.2 51397 52623.9 42060.5 41342.3 
29378.7 27714 45071.3 50669.7 15800.8 12737.5 25780 25475.6 23868.2 23220.8 27190.9 12839.1 21883.8 30336.6 9721.64 26283.6 9706.66 47452 51536.8 0 39507.2 49534.6 30871 33614 34693.9 40353.5 31847.4 33131.4 38278.1 27302.4 32057.6 25582.5 28679.6 32231.4 30284 33954.9 33860.4 47043.1 35316.4 24255.2 18132.6 19111.9 8161.79 6690.89 13221.4 12304.4 10493.8 28831.5 30558.2 19641.3 37768.5 31297.4 22631.4 40945.1 30898.8 22847.5 41149.3 23268.1 41494 37991.6 44085.4 9006.93 33495.3 39066.8 37860.5 45168.6 42182.4 44786.6 21011.1 23104.9 16487.8 16195.1 27859 22148.8 47236.8 39184.9 46355.2 42412.4 31434.9 27765.9 31885.4 29520.2 25540.3 23009.1 102328 80669.2 45257.3 29961.2 46761.8 39685.1 111974 62289 117656 34672.2 96375.8 67957.4 19985.5 19999.9 9029.99 21149.7 14108.1 19436.2 17269.6 8553.88 17681.2 15516.4 17076.2 15700.9 16763.8 19478 16070.8 16890.4 15760.1 28982.3 20575.3 13227.9 13789 20239.7 15535.1 17372.5 6376.53 8567.9 7663.18 19409.6 9928.15 9850.61 19241.5 10900.6 6673.67 14748.9 16952.7 7154.14 13985.2 7811.41 10287.7 8496.33 10030.6 14426.4 20579.9 13835.4 9398.59 39372 21551.2 17444.3 41670.1 14007.6 31159 17172.9 21779.8 67474.8 16086.7 15782.2 29431.5 20622.6 49072.8 16334.2 18303.7 25809.3 18677.2 24357.2 24271 18103.3 15220.4 15516.7 14669.3 43133.1 41100.6 34704.5 38219.1 39424.6 36000.9 47680.5 39483.1 28330 30877.3 40400.7 33236.7 35230.8 39182.7 36959.5 33386 24888.2 26790.1 26591 33606 16727.9 17984.7 37892.3 19126.7 26265.2 17431.5 33331.7 35923.8 30671.6 21594 31714.4 26848.1 30704.1 23118.9 22850.4 24383.1 26822.5 18796.8 25263.4 29160.7 25546.4 24873.7 30109.3 24215.2 26923.2 32055 20038.6 21381.5 25968.9 26079.9 24590.6 23630.1 25348.8 24764.5 21962.6 23905.2 34704.9 52695.9 35731.3 44431.9 34888.5 19847.7 21434.5 23135.5 46121.3 30923 5584.04 41212.7 13047.9 12377.8 50476.4 36179.9 
39771.9 41510.8 68377.1 55937.6 31961.4 30661.8 30572.4 37380.7 33536.3 21110.1 32555.6 29222.6 27305.2 46636.9 35102.4 33580.2 33251.8 47788.8 32004.1 39507.2 0 52068.6 51954.1 60994.3 49285.8 53777.4 51689.2 62024.4 37720.3 58335 49045.4 49643.1 47532 29891.5 54388 57316.5 60054.5 69425.2 63534.9 46997.7 23797 40095.2 40109.2 40241.5 36516.6 36295.4 37933.8 50073.6 40757.9 47746.8 65429 37974.5 48546.4 48068 39272.9 56808.3 72951 54625.7 80239.4 70695.7 77477.8 43227.5 67940.2 64787.8 72426.5 71221.1 68514.7 74528.1 41837.4 44487.5 42267.2 35483.8 43235.8 38548.8 73601.5 66361.9 76146.3 72712.2 59322.2 55831.7 60911.5 57484.5 45235.5 49270.6 114160 80314.6 45268.9 28581.2 40647.2 41962.2 117827 76521.3 102176 51490 110920 73826 23488.4 38135.9 40597.6 39461.8 28130 38696.2 25064.1 36672.2 41375.4 40836.1 39090.7 38189.5 39205.9 39896.2 40823.5 42430.1 43405.1 44982.8 39917.9 42160.3 29746.4 29700.9 30974.3 33496.8 38043.2 34046.8 36559.7 49701 43344.9 42283.4 44132 44324.3 39281.9 48104.2 50037.3 42504.6 48731.6 41242.3 44091.8 44132.3 42031.1 46194.2 52000.9 47059.2 43670.5 42592.4 35082.4 31949.5 49305.5 30429.9 44012.9 31604.4 37908.9 60614.2 26600.7 29526.1 40526.9 38054.1 50696 29903.6 26633.4 36245.7 32956.6 29180.3 37655.8 27709.9 29111.1 27261.1 29252.7 51058.9 70539.3 62258.1 67111.1 69072.3 68447 76635.6 71163.9 40785.6 52482.2 59105.4 49149.8 50092.6 55221.6 56621.6 50946.5 39310.3 44373 49463.4 43041.2 31154.8 32263.3 56698.4 39099.9 41666 40761.8 49491.6 51618.2 45165.8 41897.7 48058.3 42740.1 45246.8 40467.6 43017.2 23573.3 44724 37377.4 43280.3 45980.9 40455.1 51018.5 55764.7 46466.1 48245.5 53386.1 29499.2 27037.3 28343.9 41406.2 43618 48180.2 36421.1 33933.6 35201.3 37240.9 28883.5 52106.7 41760.1 51742.7 41788.4 32808.2 34671.2 38141.7 57914.1 42603.5 44034.2 53526.9 44548.9 45233.3 52029.2 44527.9 
