243 243
0 19618.2 9456.78 19442.3 19363 18323.5 20438.2 23760.5 19452.9 24272.2 24414.4 19388.3 39137.1 45220.4 29378.7 39771.9 46070.4 47714 53769.7 53696.4 55562.4 50836.1 51263.5 47045.5 53050.9 49512.8 47647.3 43755.1 42740.7 44901.3 49235.3 47050.3 50270.6 44641.5 54569.4 48706 57839.1 27765.6 25862.4 32324.8 27915.5 25499.9 30325.5 22932.3 22098.4 23337.9 31638.9 29169.4 49667.3 36361.9 38217.2 26821.5 25180.3 43560.5 45957.8 39502.7 46068.1 31294.1 47644.4 47787.7 41669.3 36307.3 41301.5 28694.4 26157.9 18512.3 26857.1 18114.5 22439.5 18723 51093.3 43819.7 30520.5 46250 51634.2 17347.2 39638.2 22287 19895.3 77224.3 28628.9 75399.7 49051 41234.6 37614 50677 82659.9 57069.5 95470.2 36403.5 50171.6 62165.2 55005.8 29769.5 25052.9 22271 29952.1 28171 28960.2 26185.9 26681.6 26213.5 25717.8 23003.8 23803.7 24927.5 26493.2 22359.7 25070.4 19196.2 24378.1 13412.6 30382.6 22245.8 27899.8 21407.9 28709.4 35198.5 29297.3 29447.6 34500.2 35746 32021.9 27919.6 36012.5 34713.4 31443.6 32136.5 32244.9 32348 31993.9 37426.7 34012.1 31305.6 33051.8 33622 30594 33322.5 19512 32073 18682 15642.6 19612.6 48923.7 15720.3 22493.1 28447.4 21477.2 23660.1 16975.6 31421.5 15689.4 17516.8 16381.8 13919.9 22690.5 13937.9 18149.2 15585.5 15317.4 16161.5 16987.5 14314.1 32155.1 23679.2 51801.4 45991.1 50493.2 53036.1 52515.9 51319.8 48265.4 55591.6 48341.1 41932.2 33574.4 32189.1 32854.3 31883.1 38705.8 39244 26529.1 24335.3 19611.4 26378.2 24954.2 26276.1 27931.8 16095 28976.7 18309.6 22192.9 22110.8 22510.1 16913.9 24775.9 18090.5 22549.2 14097.7 16401.6 12157.9 18749 33052.3 29183.4 33554.6 30215.7 31540.9 37360.2 20359.8 24441 15366.2 16958 22401.2 17650 21292.1 21696.2 25048.2 24623.7 23320 22902.9 23205.3 28025.6 35782.3 25264.2 29089 17570.4 18820.9 26079 21273.4 22192 26108.9 29904.3 32175.6 28241.8 29037.6 25719.6 25577.3 15506.2 16360.2 19322.6 19242.4 38374.2 33917.8 
19618.2 0 18018.5 19276.2 20128.6 18180.1 21469.1 24968.5 18918.3 23516.3 23605.4 17340.7 35975.5 44180.4 28407.2 40547.9 44905.7 46488.1 53478.2 52236.8 54485 49877.1 50721.7 45945.4 50896.5 48956.8 46066.3 42978.8 41421 43292.5 47283.9 46393.5 49187.5 43256.2 53144.5 47409.5 56429.4 27205.1 24679.9 31270 26038.2 24395.7 29711 22278.8 21366.4 22109.1 32212.4 18988.8 46018.5 37315.2 39013.9 25749.9 30383.7 38383 46371.8 36017.9 50341.3 30652.7 54228.4 37447.3 53441.2 43780.6 46893 26253.1 37719.4 19395.4 22777.8 17983.8 22445 19158.7 36504.7 38278.5 23925.9 33810.9 53358.6 31791.3 24098.9 26066.4 28809.9 76593.3 24615.6 73714.2 46464.3 28242.8 37111.5 52055 85086.9 57231.1 95216.8 33947.6 41788.1 62756 56616.8 28747.2 24103.7 21624.2 29294.2 26907.1 26766.5 25528.1 25624.6 25147.8 24678.4 21690.5 22598.3 24081.9 15981.1 15837.1 22966.4 17126.6 19820 15221.4 26154.7 19449.3 26861.7 20232.5 28005 34104.8 28446.2 28137.5 33883.4 34786.2 31464.3 27246.1 35420.7 34044.9 30948.8 31392 31205.4 31400.1 31050.8 36376 32980.6 29693.3 32198.9 32569.1 29872.9 32331.3 18699.7 30736.3 11930.5 14751.3 22324 58387.5 15091.4 21681 37451.8 22828.1 24271.5 17731.7 37566.6 14657.8 16249.4 15764.5 11857.4 20759.8 17028.7 19493.8 16784.2 15826.5 14352.4 16286.4 13786.7 30318.4 26773.3 36334.7 36964.9 42664.3 37960.4 40970.2 36412.6 33603 38910.4 34722.7 34127.3 24876.9 26818.9 27320.3 21119.4 35507.6 28675.5 14423.2 9497.49 19375.8 22211.6 10154.5 26100.9 30781.5 18343.6 20524.1 23315.2 22747.2 11306.8 10277.2 23052.9 16674.5 15467.4 23391.5 21680.5 17125.9 25827.7 24643.4 18861.9 16023.6 17602.7 24301.8 19268.4 28916.7 21417.9 25687 16513.4 17537.3 18962 15807.7 27633.4 9903.34 14858.3 17346.7 23882.1 23306 20722.5 21683.5 25795.9 20252.3 21259.3 14466.2 16827.9 24964.2 22192.3 21359.5 21481.6 31761.2 31997.9 15130.6 28055.1 25860.2 20419.2 16852.4 13028.9 18390.6 18078.2 39702 35350.2 
9456.78 18018.5 0 17336.1 15275 16446.9 18245.2 21965.7 14622.7 19712.7 19042.9 15402.6 38091.4 44088.9 24765.9 37458.4 40296.2 41901.3 47951.5 47950.6 49389.4 44871.7 45019.2 41077.7 48164.1 43520.1 42178.2 37935.5 37313.4 39247.9 45466.5 40878.8 43985.6 38306 48238.4 42859.3 51597 22504.5 19526.2 26009.8 23560.7 19571.2 25093.4 18144.9 16866.2 18213.8 27827.5 25751.5 44684.3 32309.9 34535.1 23527.7 22242.9 38040 43396.6 33590.5 44256.6 25493.3 48625.3 42717.9 42302.1 38277.5 45073.5 28454.2 23404.2 16852.7 23311.8 12168.6 16785.4 13011.1 47080 42428.1 27737 40522.4 47863.8 19797.5 34953.9 14283.5 13882 79966.8 27447.7 77473.1 46950.5 41357.2 40567.4 47185.7 88271.3 61619.2 101002 35911.4 48904.5 59451.5 59852.8 26391.5 18323.7 15670.7 24078.6 23418.2 24418 20501.9 20856 19702.5 19105.2 16667.8 17070.5 18539.7 23454.2 20333.9 22272 15980.5 21044.9 11010.8 27638.5 20103 23335.7 16702 23474.9 29857.7 23545.3 24019.9 29109.7 29849.4 27273.3 22951.9 30725.6 29628.9 26699.6 27256 26412.5 26766 26491.1 31814.3 27823.8 27180.5 27740.6 28051.4 25423.3 27649.2 15872.7 29997 15810.1 10818.2 12845.8 53780.1 10958.9 18137.9 26171.8 19584.4 19280.2 12029.8 34427.3 11398.1 12742.5 13496.6 10232.4 18378.7 9985.63 14020.8 13109.1 11531.6 11532.8 13575.6 10360.7 27439.3 20355 48615.3 42047 46026.8 49457.7 48863.2 47883.3 45189.4 52801.1 47069.6 38418.1 30174.1 28180 29434.1 28266.3 36103.5 35023.4 23746.1 22509.9 18870.3 23361.1 24617.2 27054.9 23998.6 15310.6 25957.7 18192.3 23881.9 21223 22001.1 16408.9 24975.1 16679.7 20029.6 13183 14306.3 13516.9 19022.7 30670.9 26974.3 30816.5 26719.6 28938.1 33246.5 18100.1 22243 13124 16428.5 19921.2 16322.7 17472.5 18598.3 21840.7 19338.7 22586.9 21988.7 22079.7 27169.7 34760 24245.3 28050.1 14960.2 14940.9 24512.1 20066.6 21630.3 22627.1 28439.4 26747.6 26706.1 23074 24887.9 25256.9 14536.7 15311.4 15084 14389.3 35051.8 30961.9 
19442.3 19276.2 17336.1 0 9527.5 5747.35 10528.5 8635.19 15838.9 21000.3 20421.1 11333.8 24020.7 27629.2 25780 30572.4 41912.9 43285 50028.9 48959 51321.4 46883.7 48006.5 42811.5 47578.6 46195.2 42856.6 40050.2 38167.3 40062 42276.2 43515.6 46492.6 40500.7 50390 44724.8 53673.9 24626 21931.7 28554.9 23419.5 21714.8 27085.5 20390.2 18845 20150.3 14284.2 25643.3 39394.3 21797.9 20581.2 23820 24744 35195 51467.5 31496.3 55267.4 27955.8 59338.5 50571.5 49286.7 41528.5 49589 41831.8 36184 17543.6 19616.5 22432.3 17284.9 20869.5 48292.1 53076.5 36990.8 40992.5 35609.9 34536.7 36291.4 24095.5 28181.5 89432.8 16920.2 75393.3 31787.9 32191.8 50195.2 34695.2 88755.1 59589.2 97846.8 33515.8 33650.7 44957.3 58126.4 22986.6 21384.3 18551.2 26675.9 23828.4 23454.5 22938.9 22980.8 22334.8 21888.4 18942.3 19785.3 21335 26291.9 23370.1 21040.8 16730.4 21529.6 11240.3 27492.1 23244.6 24355.5 18132.7 25473.2 31488 25862.9 25540 31374.8 32082.3 28960.4 25423.5 32873.7 31548.3 28452.6 28714.7 28561.6 28756.3 28420.7 33946.8 30290.2 25853.3 29682.2 29925.3 27818.4 29687.5 13729.3 28740 14669.3 12981.8 17705.9 52088.7 11195.1 15011.7 34109.2 12048.6 20958.2 18453.4 32434.8 11980.8 14073.2 9550.3 13530.6 16719 11003.9 14701.7 9145.68 9329.67 11508 12464 10887.6 27870.6 18660.4 47974.9 39048.5 42509.9 47610.4 46387.7 47866.3 44534.6 53648.3 53425.3 33463.8 27240.2 23713.8 23074.8 28502.4 27595.1 31479.7 21586.4 25722.6 30951 19504.5 27563.7 28826.5 29198.2 18306.3 28440.9 26103 24037.8 22037.2 19293.5 21542.3 24652.3 20065.3 11468.1 22258.2 16415.7 21828.2 20083.3 26072.4 30490.6 32641.1 24649.2 29042.8 28722.5 8009.72 8521 7511.36 10754.5 14018.7 7137.89 29970 20781.8 24566.8 24112.3 33255.2 11361.8 17766.1 14044.1 22347.7 12418.5 16387 14272.2 13474.8 16879.7 11430.1 14230.1 16554.4 16338.3 29074.9 30352.4 25355.1 11219 16429.8 11398.5 16221.1 15185.7 15799.7 22239.6 20604.9 
19363 20128.6 15275 9527.5 0 6338.42 16818.7 14953 15379.3 20604.1 19808.3 10557.2 25892.4 32587.6 25475.6 37380.7 41580.7 43240.2 48991.1 49193.2 50935.7 46198.6 46727.4 42357.4 48866.6 44890.7 43553.9 39295.5 38894.6 40659.2 45646 42520.3 45125.9 38935.7 49087.4 43249.2 52144.7 23961.7 20437.7 27079.1 25255.8 20362.5 26187.1 19527.6 17903.4 19264 19237.3 21314.4 32329.7 27791.2 26671.4 20315.4 20822.4 28604.5 44362 23914.9 47996.3 26816.7 50300 46730.5 42410.4 36544.4 45148 37057.2 33890.9 15020.9 16831.1 18804.2 18146.5 16927.4 40408.2 45912.9 30334.6 32743 36496.5 30861.6 29823.1 20406 24278.4 81658.9 15649.7 75664.1 33413.8 31800.8 43083.1 41384.1 87036.7 59416.7 100304 31146.4 35498.4 45708.6 57476.4 26272.4 19688.6 17123.4 25385.5 24702.1 25158.1 22048.7 21581 20655 20087.1 17414 17932.4 19746.6 23650 20944.8 18405.8 18119.5 20217.1 13350.2 28121.9 24998.3 24256.1 19273 24489.8 30454.6 24504.6 24144.8 30169.3 30709.9 28253.5 24927.8 31650.4 30529.2 27651 28066.1 27168.3 27386.4 27116 32714.9 28847.9 27391.4 28459.6 28550.3 27179.3 28287.7 16673.8 27424.8 13066.8 13052.9 14518.5 52390.1 12483.7 17124.4 27359.1 15363.6 17896.8 14973.4 32496 12793.4 14027.4 13527 10980.1 18673.6 9175.24 14356.5 12272.7 10278.6 13190.7 14002.2 11373.6 24645.8 21511.1 43065.7 32721.8 35583.8 41940.4 40647.9 41821.4 38383.6 48760 50969.1 26918.2 21345.5 17305.6 17701.9 22478.8 22672.3 24665.1 19075.4 23073.4 28765.8 19297.9 28030.4 22301.8 29424.8 16288.4 26838.5 18836.5 23616.9 19019.5 20099.7 16606.1 26122.4 16758.8 17970.5 19573.8 14552.5 19683.8 18483.3 24578.9 25585.3 28014.8 18644.5 24568.9 22640.5 16013.2 14799.5 11914.2 10626.2 15820.4 10062 28594.2 16633.5 19709 17174.2 26999.1 13617.3 15921.8 14612 21704 12512.1 16506.8 12326.1 8456.89 12079.7 16667.1 18918.5 11709.2 16746.6 27737.9 26827.7 23946.4 13870.7 16750.4 13942.5 17365.7 17042 16473.7 26817.3 28751 
18323.5 18180.1 16446.9 5747.35 6338.42 0 13275.9 11750.8 13715.1 19613.7 19752.4 11990.3 24506.5 30896.2 23868.2 33536.3 39665.6 41537.6 47860.9 47499.5 49427.8 44770.4 45331.6 40910.9 46564.6 43560.5 41347.5 37471.9 36591.5 38657.4 42959.2 41072.1 43619.3 37314.5 47266.4 41364.4 50515 22411.6 18777 25397.3 23503.3 18512.4 24307.7 18251.3 16462.7 17975.4 16484.1 21512.7 34459.1 23497.4 23792 24550.2 25508.8 30974.1 47601.9 27179.2 51016.3 25071.6 55025.9 47797 46918.8 38041.4 48880.5 38638.6 35540.5 14729.9 16271.4 20746.3 19410.5 18590.2 44009.6 48828.7 32890.1 36768.4 36806.9 31834.7 31851.8 21944.2 25955 86699.6 17431.8 78027.3 33007.3 32988.1 47468.9 37421.9 89319.5 61730.7 100997 32483.8 34975.8 47634.3 59800.9 23410.4 18585.9 15982.9 24078.9 22906.4 23133.6 20694.5 19659.7 19395 18955 15806.7 16799.3 18466.3 23050.7 20239 16703.6 16583.8 18953.8 12679.8 26372.6 24236.2 22530.5 16975.1 22996.3 28793.7 22615.2 22253.9 28743.6 29021.9 26437.2 23613.1 29748.1 29145.1 25932.2 26464.6 25271.9 25509.9 25192.1 31366.9 27181.4 24743.6 26840.1 26624 25899.9 26376 13704.8 30253.5 12522.5 11463.1 16670.3 54722.4 9741.34 14498.2 31429.9 12844.6 19673.1 15907.9 34937.6 10465.8 12214.4 10612.6 10602.7 16102.1 9653.33 15065.2 9713.56 8787.18 11434.6 11889.6 10210.6 27490.9 21793.4 44585.5 34442.3 38707 43525.9 42920.5 44323.2 40870.8 49944.3 50321.6 29415.8 23151.4 19816.5 19340.8 24469.6 23740.1 27125 19313.2 23002.9 29020 18709.7 26824.5 24902.2 29087.6 17026.4 27225 23167.2 21336.3 17778.5 17774.1 18227.7 24088.7 16395.9 14587.4 20678.1 13272.4 19876.3 18071.5 25718.6 27613.9 29359.2 21022.6 25908.8 24843 12066.3 13186.1 8364.23 8784.17 14954.5 7498.41 29663 17395.6 20867.4 21406.3 30486.7 10294.6 17276.2 14309.4 22062.7 12569.1 15510 12890.6 11474.7 14090.9 14095 16555.4 14195.3 18153.7 27315 27376.6 22909.6 13850.1 17371.8 11975.8 16935.5 14869.7 14582.8 24276.3 24325.3 
20438.2 21469.1 18245.2 10528.5 16818.7 13275.9 0 8692.4 13210.4 18885.7 17444.9 14351.7 30404.4 29473.6 23220.8 21110.1 37556.4 38649.5 46941.6 43618.4 46444 42361.5 46462.3 38378.7 41334.7 43749.1 38284 36456.3 33347.2 35851.5 33573.6 40475.1 46629.8 41428 51575.2 45278.7 54692.2 22281 22075.4 28352.8 16646.6 21602.5 24611.4 18905.3 18045.5 19618.3 21523 27988.8 44603.9 25725.2 22927.4 27513 24132.6 38062.4 54055.3 35232.1 58333.6 25986 63897.1 48062.6 51836.4 48293.7 47131.4 44056.3 36119.2 21109.3 22346.2 24341.4 15878.7 24017.6 53136.5 56560.9 40788.6 45256.4 43498.6 36081 40884.9 26115.6 29834.2 94372.3 16706.6 75309.3 31418.3 30519.2 55264.1 30960.1 98072.8 60113.9 97410.5 36456.3 32865.2 45042.8 58320.5 15565 21817.3 19476.8 25038.2 18379.3 16691.2 21180.5 22768.7 22614.7 22075.5 19667 20374.4 21208 25919.2 22774.7 22387.3 11793.6 17929.5 10280.7 22578.4 16881.5 21868.4 12976.3 24562 31345.8 25280.8 26333.7 30261.6 31774.1 26663.7 23759.6 31444.9 30626.1 26877.8 26896.8 28370.7 28374.5 28020.4 33521.5 30103.3 24149.1 29051.1 29714.6 26352.7 29349 10259.6 29025.7 15591.5 12374.4 18637.1 51973.8 10930.8 11283.6 38697.9 8972.7 22569 19271.6 32931.7 12053.8 14690.9 8053.71 16760.4 13993 13024 17054.2 8190.04 9216.06 9901.81 9220.27 11601.3 30599.9 20679.5 50738.4 42432 46935.4 51506.8 49256.3 51355.9 48311.3 56920.4 53214.8 38861.2 32355.3 29308.3 29963.9 33542.9 35029.3 36708.1 20945.2 25923.3 30457.5 16987.9 25292 35735.3 23172.8 20873.2 25069.6 29441.3 31113.8 25276.5 21406 27207.7 26010.7 23104.8 7368.03 24518.9 17215.3 22939.8 25125.4 23322.8 32528.7 35927.7 27077.2 30048.7 33002 8565.24 13408.1 7846.03 10740.5 10205.1 8522.26 25180.2 24212.3 28262.2 28857.5 37351.4 16665.9 20416.3 22022.6 31908.3 21988.7 26261.2 14023.6 15819.1 19408.9 11642.7 10923.8 18079.7 22210.9 27440.8 34280.9 25600.6 16676.5 23659.8 14835.1 18902.3 11207.5 13000.2 20069.9 15444 
23760.5 24968.5 21965.7 8635.19 14953 11750.8 8692.4 0 12978.5 18324.2 16327.3 17016.3 29283.2 30545.9 21883.8 27305.2 37334 39683.2 45608.4 44950 48242.6 41816.4 44949 37804.5 43736 42090.7 39541.9 35435.8 33266.6 36687.4 36509.1 40667.6 47592.6 43090.8 54034.8 45706 56265.7 20455.1 24039.9 29737.7 18012.4 23933.4 22748.1 18473.2 17940.6 19609.3 18806.8 26304.6 39852.1 24227.3 21382.2 26420 19915.9 33776 50608.8 30944.3 55863.3 24600.5 60713 46892.4 46833.2 42058.8 44922.4 45619.6 38712.7 19165.6 19813.7 26252.6 16501.2 26979.6 50011.8 54055.3 38653.3 41832.1 36960.8 36816.8 39345.6 29350.3 31123.5 94190.7 14694.1 72058.6 28301.6 29323.4 55565.7 29458.6 95353.2 56971 97631.3 29672.6 29786.4 41792.1 54961.1 16414.2 24455.3 22469.5 23413.6 17448.6 17796.1 19417.4 22427.6 22515.6 21884.8 20903.9 20380.5 22665.2 24140 20973.6 21934.5 12170.2 16768.2 13707.8 22473.6 18180.4 20078.5 14480.7 23510 31035 24517 27526.1 29361.2 31209.4 24762.5 22704.9 30182.8 29481.3 25546.2 25632.3 28168.9 27747.8 27405.6 33198.5 29881.8 23228 28280.1 29295.3 25177.4 28766.7 10647.1 25601.8 17834 14970 20992.5 49233 13855.5 11616.8 35194.1 8446.14 21993.2 20064.4 32018.7 14976.3 17240.2 10206.3 19390 14599.1 15142.5 15131.6 10481.6 10871.3 13178.7 10659 14438.1 30543.6 23548.7 48891.2 39651.3 43657.4 49341.8 46272.3 49454.5 46151.9 55305.4 52102.6 37133.9 31850.4 27414.1 28324.3 34167.5 31752.3 35197.2 20925.5 26560.9 30362.6 15317.1 27352.6 30477.5 25467.3 17909.2 24594.3 27213.2 27956 26828.7 21319.3 23097.1 26988 23192 11350.9 23702.7 17139.6 21118.4 20568 24438.1 29873.7 33980.6 23648.9 27080.7 29088.8 12402.7 13566.3 10310.5 10914 13505 12571.8 26439.3 24776.6 27477.4 29590.1 38643.9 11268.4 17402.9 19779.9 29193.6 19126.9 22775.9 14887.3 15389.5 16068.7 9274.88 12573.8 14919.6 17630.1 26209.5 35993.4 25748.7 15536.3 22137.4 16639.6 21437 10687.3 13096.1 15794.5 15397.9 
19452.9 18918.3 14622.7 15838.9 15379.3 13715.1 13210.4 12978.5 0 7227.91 7797.82 16494.3 37480.4 41370.1 11448.3 30975.9 26916.2 29641.1 36092.8 35555.9 38034.3 32267.7 34386 28261.4 36168.8 30989.6 30260.2 24885.3 25067.3 27256.8 32680.8 29119.7 35850.2 31148.1 41812.1 34348.6 44416.7 10078.9 11731.1 17180 11316.7 11710.8 11896.4 7475.93 7190.39 9294.01 23674.6 19432.6 38954 26203.4 28256.7 32077.4 25730.5 29212 44702.3 26827.6 47713.7 12863.4 55930.4 40912.8 46144 43603.6 48216.2 36187.4 28352.4 17590.1 17340.9 17834 12446.7 18150.5 46470.4 46339.9 30949.1 36832.4 42336.7 26074.6 32021.2 17190.1 19786.8 92436.9 21748.7 82388.2 37244.2 37974.8 52978.2 35945.8 102004 65644.5 109083 37650.5 38919.4 50868.7 64104.7 12532.4 12480.9 10347 12088 9966.22 10675.1 8830.98 10957.9 11076 10408.8 9190.84 9113.47 10239.2 17825.6 16223.6 14745.5 6229.17 11539.2 10664.8 17647.8 14581.9 9362.31 6547.79 12396.9 19949.7 12948 16056.1 17779.7 19552.6 13668.3 12736.9 18450.9 18068.6 14114 14079.3 16826.7 16175.2 15887.5 22145.7 18478.9 14970.1 16814.9 17930.5 14651.7 17143.9 6621.42 34186.5 11859 5250.97 12935.4 60021.5 6312.76 6965.47 33574.3 10234.9 20339.3 11793.9 40438.3 5789.34 7419.41 7713.67 15921.4 6311.01 9113.37 16329.6 8463.94 8196.16 4923.64 5214.63 7539.32 34558.5 23694.4 43200.1 35068.8 39990.5 43038 42591.4 43149.4 39642.3 48797.2 43886.7 35511.7 27745.3 25724.7 27555.1 27544.6 32570.8 31976.5 16657.2 18541 21593.3 14824.8 24614.8 31921.3 21884.9 19337.5 19354.3 22307.3 29924.3 22239.3 19311.8 23082.9 24972.1 16759.5 14660.5 19565.6 12082 18707.8 21720.7 25113.4 25203.5 27991.6 21177.7 22851.3 29216.2 17053.7 22074.5 10946.2 11187.5 12417.5 16221.7 20004.4 17594.4 19675.8 26715.2 34580.3 16663.9 22819 26018.5 34410.2 25037 27250.7 10345.2 11748.8 16186.5 13478.3 15591.3 14817.7 23627 15090.9 31369.4 14426.3 23894.5 30268.9 20487.2 21797.1 5474.62 4748.99 23624.9 21143.2 
24272.2 23516.3 19712.7 21000.3 20604.1 19613.7 18885.7 18324.2 7227.91 0 7024.47 21389.4 42829.4 47132.3 6323.38 37544.1 28920.6 32204.1 35719.2 36916.7 41499.9 34146.2 35385.1 30656.7 38066.6 29670.9 33535.4 27528.8 27906.2 30439.7 31464.1 31858.6 35986.3 33584 43921.3 32890.5 44812.3 9727.24 16500.3 20011.1 17017.7 14629.2 9061.76 8771.91 8625.64 7562.41 26320.9 15610.1 35030.1 24511.5 27334.2 36384.6 27971.1 23332.8 39582.5 21689.6 41844.7 8071.84 50407.6 36021.9 43255.6 39185.5 45939.4 37863.4 33042.7 16378.5 13156.7 22137.3 11384 22839.2 43439.1 42484.9 26224.7 32051.6 38176 23268.1 28511.3 20516.8 18566 97402.5 25340 83153.4 39275.2 40737.8 57934.4 32729.7 106842 60150.5 114445 36383.9 41590.6 45987.4 64460.1 11117.7 18320.2 14996 11186.2 13714.9 15818.4 9711.05 12272.9 12584 10834.1 10833.3 12092.8 14380.9 15741.4 18786.5 10776.8 10890.2 12227.5 15516.5 18108.9 15181.9 5862.62 12722.2 8086.55 16530.1 7869.57 16278.8 12592.9 14702 8748.72 8282.36 13058.2 12561.5 8578.47 8870.17 13972 12323.9 11944.6 17785.5 15337 10736.7 11668.4 13681.5 9836.31 12574.2 12523.5 36584.8 16945.5 11165.8 16417 64942 12822.6 13330 35151.4 13098.6 25684 16044.2 45317.4 11679.5 13182.7 13809 20867 9037.65 13862.1 19491.9 13621.8 13410.3 10574.2 11492.8 12141.4 38487.1 28565.1 38827.6 31686.3 35128.5 37705.3 37617 37421.9 33821.8 44870.4 39766.9 35961.5 30362 28282.2 30059.5 31301.9 34240.7 32788.3 21396.3 22201.6 21799.3 16703.5 29664.7 32536.7 16798 21140.7 16114.6 24423.1 30263.6 25672.9 21796.7 26223.8 25497.3 17549.9 19897.3 21754.2 14186.2 19867.3 23734.5 30305.8 25393.7 25192 19450.3 24823.5 27971.4 22011 26991.6 16855.8 16314.7 16681.8 21166.1 22508 19619.4 18069.6 31680.7 39536.6 16949.6 26196.4 30933 39216.7 29904.5 32079.1 15581.8 16570.1 19106.1 15323.4 20139.9 18843 26193.1 8873.35 36331.6 9432.08 28808.3 35136.4 25336 27028.9 9668.82 9714.37 22716.6 24181.1 
24414.4 23605.4 19042.9 20421.1 19808.3 19752.4 17444.9 16327.3 7797.82 7024.47 0 20517.7 43773.7 46205 9721.64 35102.4 27646.5 29915.3 36235.5 34502.5 38975.3 33152.3 36253.7 28985.7 34771.9 30944.9 30828.6 27036.9 25799.4 27730.2 29299.6 31389.8 36115.6 34077.3 44289.7 33820.4 44999.7 12510.7 16243.5 20504.4 14729.4 15253.4 11515.4 11588.4 9878.68 10702.8 25743.2 19854.9 36974.4 24895.2 25554.2 34381.1 23809.9 25738.4 41443.2 23894.8 43841.7 11498.6 52317.8 33649.4 40630.8 40162.7 41817 38356.5 32924.1 16828.3 17106.5 21908.2 11193.7 22591.5 43000.5 43876 28622.3 33697.9 40558.9 22551 28696.2 18841.3 16516.6 97231.5 24577.6 80829.2 36166.1 38932.6 57808.1 32761.4 106612 61530.6 110467 33563.4 38719.8 44286.3 59000 10088 17358.6 14352.5 13479 12330.4 13358.5 10493 13534.4 12798.3 10611.3 10764.9 11330.9 14013.7 19059.3 18769.6 15156.2 8859.62 12664.9 14307.5 17759.3 15067.2 9603.16 11187.9 13327.3 20695.7 12101.4 17023.6 18391.9 18919 13158.6 14042.2 17448.8 18848.3 14707.5 14730.4 16071.6 15808.8 15323.2 23099.4 17499.1 13641.6 17538.3 17389.6 15696.6 16271.9 9887.92 32274.2 14169.8 12746.9 16747 59532.7 12596.5 9461.92 35154.8 11843.4 23455.8 14345.8 41810.8 13048.3 14843.1 13729.3 20951.3 7800.49 13287.6 19200.9 13780.3 14033.5 10780.8 10952.9 13092.9 35654.3 27155 43264.2 35815.9 39259.9 42624.2 42890.2 42274.7 38600.7 48724 43971.1 38109.9 31590.5 30249.4 31017.7 31471.6 36701.7 35283.7 20948.7 23024.1 23315 15335.5 27095.3 32981.3 15043 22043.8 13435.4 25200.7 31649.5 24674.7 21559.8 26246.5 24891.5 17092.1 19389.9 22432.9 14040.6 20784.2 24557 28351 28373.7 29026.7 23974 27225.3 30073.8 22240.3 26741.9 17949.7 15702.2 16002.8 20464.9 16651.5 20514.2 19557.8 31532.7 39349 20460.6 25840.4 30967.3 39462.6 30271.5 31751.5 14600.1 15965.5 19471 16756.9 17729.1 17331.7 24420.4 10782.1 37122.9 12158 28632.9 34894.7 24943.2 25187.4 10160 9969.71 20032.9 21567.2 
19388.3 17340.7 15402.6 11333.8 10557.2 11990.3 14351.7 17016.3 16494.3 21389.4 20517.7 0 29296.2 34561.8 26283.6 33580.2 42919 44341.3 50466.4 50151.1 52104.7 47616.6 48016.7 43675.6 48951.2 46490.2 44008.7 40816.5 39392.7 41129.7 42780.5 43837.6 46725.3 40565.5 50558.3 44721.8 53766.1 24971.9 21960.5 28609 24035.1 21724.2 27549.1 19805.3 18980.9 19526.1 24170 22570.9 41743.8 30233.2 30864.9 21658.2 23086.6 35039.1 46820.1 31137.4 48364.6 28416.2 54020.5 43805.4 48630.4 44643.9 48552.4 34049.3 29568.6 20534.9 19794.1 14785.6 12722.9 12972.6 46826.1 49202.4 32685.7 38977.8 43780.2 32297.6 32823.4 17922.1 24996.1 81592.4 21261.9 80099.8 39684.5 36564.4 42305.6 44558.6 88373.2 64535.1 102902 38672 41464.4 51292.4 60273.3 23795.8 21261.7 18582.3 26944.3 24955.8 24684.8 23216.6 22983.8 22177.7 21609.8 18961.1 19475.3 21291.5 23697.1 23514.9 20551.7 16980.5 20082.6 13075.6 27490.6 22563.5 24732.8 18090.7 25575.8 31439.1 25944 25476 31561.9 32178.2 29245.4 24825.4 33130.1 31551.2 28642.3 29265.2 28578.3 28783.7 28445.1 33735.3 30403 26899.8 29703.3 29928.3 27486.2 29694.9 15191.3 31859.7 13562.8 12457.1 13946.8 53166.4 11670.9 16769.5 29998.3 17118.9 15138.4 14844.9 33933.9 12111 13584.4 10435 12348.9 18059.8 10884 17052.9 12258.1 11505.4 11964.8 12475.9 9680.75 23988.8 16727.7 44705.3 37166.4 41529.9 45397.6 44425.1 44558.6 41433.5 50433.4 50872.1 34506.1 27208.8 24898.7 25357.5 26268.4 32059.5 31587.1 18799.3 22219.1 28268.9 17668.3 25295.3 31572.6 27397.7 19780.9 27083.6 23454 29363.6 23100.3 20843.2 23660.1 26129.7 19566.4 17049.5 21542.1 17404.1 23876 25140.3 24508.3 26243.5 29109.5 23985 25946.2 28954.8 14364 16091.3 9642.02 12525.2 11554.4 8869.77 28107.1 17160.5 21183.5 17976.9 23935.9 18050.7 20935 20696.2 28674.8 18786.3 23614.5 10674.5 9751 19708.5 14754.2 14418.7 18653.6 22818.9 29284.7 26461.1 25453.3 16604.5 20209.6 13291.7 14187.6 14988 16064.1 31575.7 29124.4 
39137.1 35975.5 38091.4 24020.7 25892.4 24506.5 30404.4 29283.2 37480.4 42829.4 43773.7 29296.2 0 20800.7 47452 47788.8 64054.8 65918.7 72251 71857.2 73842.2 69209 69541.4 65302.6 70304 67865.8 65570.6 61863 60855.2 62890.1 63308.8 65434.4 67874.3 61453.9 71407.7 65493.4 74654.5 45784 42873.4 49477.2 45346 42591.3 48346 40450.8 39675.7 40285.4 30472.6 39492.5 50822.5 36376.3 31717.9 32430.3 39737.1 49882.4 66864.1 44903.8 70525.4 49356.6 72099.3 68895.3 63558.4 56740.9 62821.1 59002.2 58024.7 35827.3 35892 41516.5 39905.3 40140.7 60385.1 67656.6 52274 53507.6 33011.2 55033 51171 46055.1 49888.2 97806.4 30204.2 68758 30506 40779.8 61769.9 51899 89854.5 63480.4 77252.3 45649.8 32540.6 37778.5 63124.7 45090 42760.7 40247.2 47844.3 46004.5 46037.7 44126.6 43733.8 43491.4 43051.8 39931.2 40921.7 42589.9 41154.8 39991.7 38871.9 37539.6 38921.9 32898.1 46839.5 43899 45671.8 39035.2 46266 52097.2 46637.5 46165.9 52365.1 53056.5 49994.2 45508 53852.8 52239 49373.9 50142.8 49355.2 49467.6 49122.6 54482.2 51287.3 48206.2 50391.1 50602.3 48179.1 50423.5 36369.8 38319.1 32871.8 33364.4 39030.4 54481.7 32666.6 37801.9 50152.9 33785.9 39129.8 37873.7 41562.4 33059.4 34202.2 31334.1 29110.8 39535.6 32594.6 33155.4 30419.7 30180.5 33441.3 33493.6 31238.9 44202.4 39321.8 60847.7 50130.8 53571.1 60599.1 57809.7 60729.7 58185.4 67188.8 68789.7 41547.9 37877.8 30244.1 30658 41656.5 27666.4 39331.1 35274.5 40843.8 48563.3 38390.6 43965.3 38449.6 49197.2 36879.8 47032.5 39830.3 40974.5 38560.9 35926.5 38370.4 39954.4 38443.6 30434.4 41281.7 35611.6 42183.1 36796.6 39391.2 43710.3 46249.6 35980.8 41208.5 34706.5 24021.1 19171 26879.3 28723.6 33181.5 26140.3 52512.5 35140.2 39593.3 34928.4 45780.6 25997 28380.3 20557.3 25694.4 22496.1 25199.5 31414.7 28821 29718 30940.1 33328.6 29806.5 22016.5 51515.4 43695 46872.4 15920.4 24617.4 24698.3 32283.7 35782.5 37124.9 38081.6 34787.3 
45220.4 44180.4 44088.9 27629.2 32587.6 30896.2 29473.6 30545.9 41370.1 47132.3 46205 34561.8 20800.7 0 51536.8 32004.1 66409.6 67752.3 75841.5 71862.8 75515 71464.3 74401.2 67464.6 65337.5 72343.7 67385.1 65171.2 62450 64861.5 53902.4 69281.8 73194.5 66876 76751.9 70969.3 80042 50378 48509.6 55060 43976.9 48148 52741.6 45725.8 44962.8 45770.4 34882.2 48752.8 60592.3 41129.3 29323.5 42137.2 44084.7 57782.1 75196.9 54045.5 79547.6 53906.5 82522.8 74145.2 70325.9 64662.6 66746.9 67401.4 63218.2 43571.9 44316.6 48960 43113.9 46968.7 71216.4 77035.5 61733.7 64055.8 46852.7 61761 60655.8 51572.7 55659.5 110060 31685.7 69237.9 29833.9 41873.1 71874.8 44131 101707 66706.1 76431.5 52420.2 31323.4 30033.7 66543.5 43700.4 48139.6 45431.5 52807.1 47130.9 42202.1 48980.2 49303.3 49125.2 48680 45539.8 46531 48093.7 50204.3 48055 46237.3 40050.5 44296.6 36589.9 48553.9 44345.5 49724.1 41808.7 51601.5 57652.1 52068.1 51538.6 57515.1 58538.5 54514.7 50777.9 58851.9 57602.4 54167.7 54255.1 54898.5 55001.4 54623.1 60047.4 56732.9 51317.4 55795.3 56169.7 53469.3 55982.8 37812.1 39756.6 38746.9 38353.7 44550.8 56208.2 36764.7 39251.5 56507.4 35352.6 45100.4 44917.5 44646.1 37660.8 39533.2 33857.4 38400.2 41810.4 38216 39692.9 33873.5 34611 36955.6 36295.4 36886.9 49068.1 44053.4 70289.1 60388.3 64380.7 70710.9 68111.1 70877.9 68012 76676.2 78197 53937.7 48572.9 42587 43094.8 51866.2 42957.8 51752.8 42494.2 49564.5 56955.3 41676.5 49069.6 50190.3 47928 43535.3 51107.4 48330.6 50000.6 48047.4 44926.5 46304.2 48938.6 46529.6 28719.5 48364.2 43195.3 48462.6 44218.6 44370.7 53117.3 55929.9 46211.9 50724.5 47626.8 27263.9 22430.8 32051.4 34076.8 31293.1 29361.6 53668.6 44487.6 49007.2 45875.2 55897.2 33235.2 34741.8 31090.5 37348.5 32769.1 34105.1 36340 36120.7 37757.1 35120.8 36261.4 36776.5 29294.6 56004.8 53124.2 52623.9 23628.6 35798.8 34084 38779.2 39077.4 40397.5 38766.1 29543 
29378.7 28407.2 24765.9 25780 25475.6 23868.2 23220.8 21883.8 11448.3 6323.38 9721.64 26283.6 47452 51536.8 0 39507.2 27496.3 30518 33614 34693.9 40353.5 31847.4 33131.4 28060.1 38278.1 27302.4 32057.6 25582.5 25068.9 28679.6 32231.4 30284 38600.8 38111.1 47043.1 35316.4 47321.7 7416.52 21511.3 24255.2 18132.6 19111.9 6690.89 13221.4 12304.4 10493.8 30558.2 19641.3 37768.5 27026.3 31297.4 40945.1 30898.8 22847.5 41149.3 23268.1 44085.4 9006.93 52811.6 39066.8 45168.6 42182.4 46561.5 43669.1 38045.9 21011.1 16487.8 27155.3 16195.1 27859 47236.8 46355.2 28770.6 37271 41603.9 27765.9 31885.4 25540.3 23009.1 102328 29998.4 80669.2 39475.2 45257.3 62861.6 29961.2 111974 62289 117656 34672.2 43976.9 44276.7 67957.4 11102.2 22789.1 19999.9 9029.99 14108.1 17269.6 8553.88 17239.4 17681.2 15516.4 15700.9 16763.8 19478 15760.1 20575.3 13227.9 14142.7 12747.5 20239.7 15535.1 17372.5 6376.53 14798.6 9437.37 19409.6 9928.15 19241.5 14748.9 16952.7 7154.14 10113.5 13985.2 13594.6 10287.7 8496.33 16439 14709.1 14426.4 20579.9 17913.8 12900.6 13835.4 16010.1 9398.59 14003.2 16424.6 39372 21551.2 15975.1 21779.8 67474.8 17116 15429.3 40054.8 16674.4 29431.5 20622.6 49072.8 16334.2 17850.8 18303.7 25809.3 13760.7 18677.2 24271 18103.3 17862.2 15220.4 15516.7 17168.6 43133.1 33380.2 41100.6 34704.5 38219.1 40895.3 39424.6 39997.1 36000.9 47680.5 39483.1 40400.7 35010.7 33236.7 35230.8 36544.4 39182.7 36959.5 24888.2 26790.1 26591 15675.4 33606 37892.3 19126.7 26265.2 17431.5 29333.2 35923.8 30671.6 26570.3 31714.4 30704.1 22850.4 24383.1 26822.5 18796.8 25263.4 29160.7 34697.6 29823.8 30109.3 24215.2 26923.2 32055 26801.1 31891.4 21574.5 20038.6 21381.5 25968.9 26079.9 24590.6 23630.1 36601.8 44496.5 21891.9 30586.9 35731.3 44431.9 34888.5 36800 19847.7 21434.5 23518.1 18182.5 19828.1 23135.5 30923 5584.04 41212.7 12377.8 33659.3 40098.1 30348.4 31639.9 14000.5 14029.3 22649.9 26501.5 
39771.9 40547.9 37458.4 30572.4 37380.7 33536.3 21110.1 27305.2 30975.9 37544.1 35102.4 33580.2 47788.8 32004.1 39507.2 0 50658 48220.2 60994.3 49285.8 53777.4 51689.2 62024.4 52183.4 37720.3 58335 49045.4 49643.1 44091.9 47532 29891.5 54388 65342.9 59495 69425.2 63534.9 72695.6 37552.3 40800.6 46997.7 23797 40095.2 40241.5 36516.6 36295.4 37933.8 40757.9 47746.8 65429 44237.6 37974.5 48068 39272.9 56808.3 72951 54625.7 77477.8 43227.5 84251.2 64787.8 71221.1 68514.7 65324.5 63416.2 55779.9 41837.4 42267.2 43859.6 35483.8 43235.8 73601.5 76146.3 60536.7 65349.5 63443.4 55831.7 60911.5 45235.5 49270.6 114160 34819.3 80314.6 39651.8 45268.9 74839.3 28581.2 117827 76521.3 102176 51490 38746.6 44572.1 73826 31163.6 40421.9 38135.9 40597.6 28130 25064.1 36672.2 41255.4 41375.4 40836.1 38189.5 39205.9 39896.2 43405.1 39917.9 42160.3 29715.5 33505.8 29700.9 30974.3 33496.8 38043.2 27843.1 42010 49701 43344.9 44132 48104.2 50037.3 42504.6 41188.7 48731.6 47981.2 44091.8 44132.3 46863.4 46575.7 46194.2 52000.9 48688.3 42037.3 47059.2 48123.2 43670.5 47594.5 29007.4 42592.4 35082.4 30638 37908.9 60614.2 29161.9 27450.3 59372.3 28113 40526.9 38054.1 50696 29903.6 32131.3 26633.4 36245.7 32316.6 32956.6 37655.8 27709.9 29440.6 29111.1 27261.1 30473.1 51058.9 39776.7 70539.3 62258.1 67111.1 71676.1 69072.3 71523.4 68447 76635.6 71163.9 59105.4 51942.6 49149.8 50092.6 53340.5 55221.6 56621.6 39310.3 44373 49463.4 32061.7 43041.2 56698.4 39099.9 41666 40761.8 49177.9 51618.2 45165.8 41560.8 48058.3 45246.8 43017.2 23573.3 44724 37377.4 43280.3 45980.9 42587.5 51297.5 55764.7 46466.1 48245.5 53386.1 25592.4 30346.1 26300.5 29499.2 27037.3 28343.9 41406.2 43618 48180.2 48383.9 56851.9 36854.3 40364.8 41760.1 51742.7 41788.4 46200.7 32808.2 34671.2 39053.1 30344.7 26558.7 38141.7 42603.5 44034.2 53526.9 45233.3 35340.3 43236.9 34030.2 38280.1 28986.9 31492.9 37094.9 24899.9 
46070.4 44905.7 40296.2 41912.9 41580.7 39665.6 37556.4 37334 26916.2 28920.6 27646.5 42919 64054.8 66409.6 27496.3 50658 0 12509.4 24737 17222 19760.1 21264.8 33978.2 20654.3 31727.9 14316.9 12766.9 13519.7 20495.7 13073.5 41371.6 15674.1 23881 16841.4 27319 25540 30187.1 26298.2 22265.1 16522.3 27430.9 22396.9 27899.9 27867.5 29695.5 31130.6 35646.9 43755.5 41354.2 41150.7 43821.5 57695 46652.5 38313.4 62345.2 40481.8 57884.2 24930.9 67640.2 51809.2 54156.7 51141.1 63108.6 60822.4 54170 42897.1 41785.2 43804 37648.5 43877.7 59712.8 60269.5 50507.7 48352.8 55615.5 45100.2 52949.7 35075.3 40468 118718 44798.4 96272.6 51616.4 61455.9 79273.3 46629.7 128518 84572.9 132189 52012.6 57836.4 60489.1 81257.6 28676.7 28628.2 27860.8 25520.8 24349.5 28486.8 23945.1 24036.2 24476.4 26419.6 27359.2 26870.8 22993 38870.5 38565.7 38257.5 29254.9 29177.2 36533.8 31626.1 35665.9 25298.3 25430.5 32050.7 34649.8 28413.7 25592.5 33900.3 31681.6 24817.6 32958.6 31169.9 33803.7 31809.5 30959.8 27222.1 28230.3 29589.7 39194 30626.6 31136.5 33831.1 28826.3 33066.2 33218.4 29722.9 57360.7 36547.3 30942.5 38415.3 79926.3 31453.5 27547.9 58617.2 32819.9 45583.1 37184.6 64383.9 31045.4 31315.6 33569.9 42424.6 26554.5 35341 41538.5 34252.7 34484.1 31044.4 30788.1 34045.7 58964.4 49667.2 66862.8 56313.1 60037.7 62863.8 65945.8 63067.6 60954.8 70558.5 64646 56355.6 46118.6 50557.3 46970 49020.5 54521.3 53429.5 40773.6 43272.9 45697 30455.5 48672.1 56271 39684.3 45837.3 36408.3 46726.9 53192.5 45820.1 44105.4 48717.5 47935.9 39790.4 39199.4 44603.4 37149.7 42937.3 46722 49568 49388.2 52886.7 45787.8 45190.9 55147.3 43340.8 48461.8 37477.5 36377.6 37138.5 42306.8 36105.1 43335.4 43317 53037.8 60916.8 42095.3 46368.8 52084.6 60965.9 51611.4 52705.2 36143.5 37942.8 39683.7 36390 33642.7 39474.8 47070 25866.2 57886.3 27511.2 50423 56843.3 47029.5 47476.8 30572 28011 33313.1 39704.7 
47714 46488.1 41901.3 43285 43240.2 41537.6 38649.5 39683.2 29641.1 32204.1 29915.3 44341.3 65918.7 67752.3 30518 48220.2 12509.4 0 21495 11601.1 11244.1 11001.3 30863.1 16847.1 34170.9 15158.5 6596.01 13345 13835.5 7728.67 43520.5 13441.3 33244.2 26740 36145.6 35819.9 41301.3 29972.4 24307.5 21203.9 26487.6 25967.3 31452.8 32243 33966 35067 38572.6 47189.5 46589.4 45051.2 46438.4 59432.3 47221.3 42080 66346.6 44289.7 60827.5 29757 70969.5 53229.5 57197.2 54753 65861.6 63124 55790.5 45455.1 44778.5 45837.4 40006.2 45498.3 62417.5 62365.4 53189.2 50535.8 56777 47702.3 56028.7 36434.9 43213.6 120424 46620.2 95823.5 53124.4 62429.2 80893.7 41814.4 130070 86959.5 132839 52771.7 58572 61335.7 82453.5 31250 27938.4 27906.8 27716.9 24586.6 30076.8 27522.6 28105.2 26069.7 28558.1 30450.6 28555.6 24427.2 41597 41387.7 41849.7 31130.8 31927.9 37924 29786.3 37082.6 29648.7 28296.3 36671 40858.6 33033.9 30254.4 39458.6 37440 29574.1 37450.6 35768.4 39115.4 36485.2 35390.3 32902.3 34234.3 34571.7 44752.3 36325.8 35789.6 39310.5 34384.6 37439.9 37548.5 32020.2 59572 37983.6 33223.2 40473.3 80047.5 33403.4 29504.1 61124.3 35031.2 47073.5 39150.2 65425.2 33185.4 34329.2 35461.7 44088.4 29310.7 37187.8 43760.6 36259.9 36511.7 32797.8 32697.1 36085.5 60584.8 51260.5 70385.7 60700.7 64486.7 67338 69005.9 67460.8 64591.6 74836.1 66421.8 59541.7 48487.6 52999 49050 50689.6 57456.8 56705.1 42536.4 45263 48280.2 32390.9 49814.7 58930.4 41840.5 48305.2 38028.2 49156.5 55883.5 47996 46541.4 51103.8 50436.1 42480.4 41296.7 47285.4 39852.8 45576.5 49353.9 50652.1 52112.1 55957.8 48943.1 48077.6 58075.2 44982 49993.5 39393.3 38131.4 38280.4 43723.3 36793.9 45714.7 46274.8 54657.6 62505.7 44973 47602.8 53891.3 62622.8 53314.5 54644 37733.4 39512.5 41752.6 39100.4 35136.3 41704.3 49338.3 28709.7 59692 31274.7 51998.4 58362.8 48555.9 48828.9 33421.1 31191.9 35862.9 41543.4 
53769.7 53478.2 47951.5 50028.9 48991.1 47860.9 46941.6 45608.4 36092.8 35719.2 36235.5 50466.4 72251 75841.5 33614 60994.3 24737 21495 0 31521.7 21852.5 13978 15496.3 12913.6 53568.7 15326.2 17373.3 13939.4 18802.5 16359 56931.2 10469.1 43938.7 33804.6 43463.1 45787.1 50677.1 32096.7 32600 33543.8 40217.6 36815 32917.9 40909.2 41369.3 41881.4 48461.8 50795.2 53059.6 52284 53264.7 65451.1 54809.1 46909 70403.1 49567.3 64474 35908 74265 58158.6 64658.4 59972.1 73180.7 68696 62299.8 49105.5 45998 51659.5 43592.1 52001.5 65972 63856 54864.8 53189.1 58471 52346.5 60968.5 43434.2 48714.9 126868 53796.6 100885 59790 71181.5 87578.9 46220.9 135754 91198.6 141171 57419.3 67339.9 67175 89357.3 37666.7 32147 33447.8 31447.2 36487.2 41123.6 34329.3 34458 33082.6 34955.4 38492.9 34515.9 32178.4 43589.6 46199.2 45188.5 39128.5 36899.6 45153.8 37559.3 41242.8 36492.8 37567.8 41198.5 48799.8 38281 40680.6 44314.2 43988.8 34172.4 40410.3 38786.7 43103.7 40036.3 37515.4 41143.1 42309.4 41445.5 50317.1 44391.2 41595 44216.4 41039 38405.5 38222.7 38337.5 65108 45422.9 40493.9 46287.9 88197.1 40516.7 37238.7 66803.4 42848.3 52451.5 44187.3 73231.3 40385.8 42529.4 42697.9 50629.4 37596.2 43442.9 49129.3 43345.3 42810.1 40084.6 39789.5 41962.3 66476.9 56728.4 73170.2 66300.9 69115.3 71484.8 66726.1 70734.6 65230.2 80104.5 60341.6 67537.8 57931.1 60322.7 57989.9 57989.2 65406.4 65309.5 50221.7 52039 52595.9 38272.4 58167.5 62368.8 45015.7 51041 46454.5 56412.2 62153.9 53834 51436 55787.6 55679.4 47393.5 49010.1 53418.8 44467.5 49717.1 53541.6 59161.3 54665.7 58941.5 51092.7 52246.9 61997.2 51617.6 56491.7 45999.1 44635.1 45824.2 50547.9 45154.1 52353.3 52331.2 61234.7 68987.4 47181.9 54977.9 60054 68772.7 59541.6 60750 45020.1 46413.1 48647 43367.9 42265.1 48858.7 55523.4 31214 66493.6 36772.9 58355.4 64682.5 54749.1 55751.6 38459.3 38150.8 44066 48542.7 
53696.4 52236.8 47950.6 48959 49193.2 47499.5 43618.4 44950 35555.9 36916.7 34502.5 50151.1 71857.2 71862.8 34693.9 49285.8 17222 11601.1 31521.7 0 13732.2 21174.3 41187.6 27560.4 28668.6 21255 17096.1 24070.7 24054.9 15972.5 41148.9 24150.8 35236.8 32008.9 40754.1 36653.2 44446.1 35551.6 30012.5 23953.3 29345.7 30365.6 36485.2 36049.5 38157.5 38953.1 41787.9 51891.2 48279 47261.3 49767.8 64217.8 51909.7 45044.9 69446.3 47070.1 64584.8 33101.3 74424.2 57505.3 59586.6 57615.5 68163.3 68349.6 61914.8 50525.8 49718.7 51552.8 44918 51547.6 67139 67651.8 58003.6 55574.1 63101.9 52478.9 60232.5 42349.3 47846.7 126387 51415 100446 57186.8 65340.3 86943 42092.5 136114 90395.9 137113 58069.9 62157.6 63968.5 86437.2 35076.3 35776.6 34760.9 31963.1 29249.8 32764.9 32517.4 33575.8 31858.3 33749.3 34988.2 34476.5 30147.7 47065.3 46843.4 45771.2 36265 37640.3 43529.5 32972.6 41765.4 33436.9 34139.2 40537.6 42694.5 36816 33061.3 42037.2 39818.6 33047.1 41821.6 39238.6 41881.8 40163.8 39303.4 35204.3 36367.3 37992 47330.9 38532.1 38536.6 42233.5 37102.1 41535.2 42147.5 37338 63868.9 43405.3 38996.7 46037.4 83700.6 39341.8 34807.2 65779.3 39283.4 52923.9 44515.3 70417.2 39147.3 40068.8 40980.4 50088.1 33798.7 42734 49446.1 41743.5 42342.9 38466.8 38507.8 41650.4 65025.1 56756.8 74307.3 63329.4 67210.8 70128.9 73945.5 70184.7 68217.6 77627.5 71503.7 62686.3 53967 57762.4 54577.7 56672 61541.8 59806.3 48518.8 51532.4 54050.8 38191.5 55075.9 64639 45976.8 54228.9 40559 54310.4 60503.1 53390.4 52144.8 56757.7 55370.4 47481.7 45680.2 52399.7 45154.5 51493.6 55307.6 55554 58156.3 61161 54474.9 54158 62840.2 50730.7 55742.3 45331.8 44113.6 43385.5 48934.1 40617.2 50495 50695.7 60707 68549.2 50760.6 53182.3 59749.6 68561.3 59252.9 60353 43629 45468.6 47284.6 44740.7 40558.5 46693.4 54244.4 33288.4 65680.1 34942.9 57747.1 64274.8 54555.4 54526.7 39157.7 37122.6 39066.8 45559.2 
55562.4 54485 49389.4 51321.4 50935.7 49427.8 46444 48242.6 38034.3 41499.9 38975.3 52104.7 73842.2 75515 40353.5 53777.4 19760.1 11244.1 21852.5 13732.2 0 14075.6 32959.1 20651.5 40423.1 23409.1 10776.3 18808.4 20448.8 15671.2 51529.6 14399.1 40196 29732.1 38662.7 43515.2 46289.3 39655.6 32761.2 30810.9 34087.4 35052.4 41308.2 41750.5 42931 44264.5 47578.1 56238.9 56278.4 54340.3 55408.3 67348.1 55542.3 52122.1 75490 53718.3 70202.7 40017.9 80077.6 61942.7 66702.3 64334.7 74867.9 71286.8 63433.5 54523.1 53958.7 53425.3 48640.6 52889.1 71229.4 71326.9 62508.3 59313.7 65799.3 56234.5 64738.2 44157.6 51384.9 127889 55118.1 105075 62127.6 70848 88422.2 49988.9 137547 96495.5 140601 62206.5 67066.8 70512.3 90865 41079.6 32779.9 34572.8 38054.6 33229.4 37866 37420 37143.8 35171.3 37590.8 39260.3 36838.2 32532.5 51028.2 50073.5 50915.6 39590.8 41267.7 45981.7 38114.8 46288.1 39950.3 36372.9 46360.4 50819.2 42901.5 39459.8 49505.7 47473.6 40036.6 47347.4 46230.9 49577.9 46749.1 45852.7 42862.9 44321 44313.8 54494.4 46286.5 45605.9 49298.5 44177 47455.1 47563.7 40560.6 67917.4 46126.4 41098.2 48262.8 87794.8 41373.3 37677.7 69305.7 43854.6 54681.6 47013.1 73258.3 41234.5 42471.3 43551.8 51890 38462.3 45368.6 52534.1 44601 44746.2 40859 40742.7 44095.9 68461.8 58920.9 79626.5 70101.4 73954 76799.5 78790.5 76922.2 74647.9 84153.5 76210.3 68388.1 57332.3 61398.1 57935.8 58564.5 66157.1 65546.4 50450.8 53629.5 57017.7 41804.2 57851.1 67641.3 50830.1 56872.4 46939.8 57981.2 64506.2 56224.3 55358.7 59530.3 59341.6 50932.8 49691.6 56282.8 48686.8 54269.3 58091.4 58414.7 61064 64692.9 57741.3 57102.9 66974 52979 57990.5 47375.4 46019.4 46244.9 51759.6 44546 54149 54954.9 62141.1 69918.2 53623.5 56440.5 61835.1 70513.1 61218.9 62638.2 45730.4 47420.7 50268.8 48278.2 43174.1 50175.8 57956.7 38444.1 67493.6 40736.1 59995.3 66359.8 56436 56865.2 42221.1 39954.1 45053.2 50251.8 
