241 241
0 19618.2 9456.78 22846.8 27440.9 31543.5 24811.1 29566.4 19442.3 18323.5 20438.2 23760.5 19452.9 20487.8 32567.8 19388.3 28713.9 45220.4 29378.7 39771.9 46070.4 48694.7 47714 55562.4 50836.1 51263.5 47045.5 53050.9 47647.3 43755.1 43791.2 49235.3 47050.3 50270.6 45198 44641.5 54569.4 48706 57839.1 25862.4 32324.8 25499.9 28161.6 22932.3 22098.4 23337.9 29169.4 49667.3 36361.9 38217.2 45957.8 50510.8 40168.7 46068.1 46446.5 31294.1 47644.4 47787.7 34845.4 51627.1 41669.3 35023.2 36307.3 39607.3 18114.5 18723 17802.5 51093.3 43819.7 30520.5 46250 51634.2 22222.5 27716.2 19895.3 77224.3 28628.9 75399.7 31671.5 49051 37614 50677 57069.5 80957.2 62165.2 55005.8 29769.5 25052.9 23383.4 22271 29952.1 24194.1 28171 23354.3 28960.2 26185.9 26681.6 23928.9 23003.8 23803.7 23714.8 20966.9 26493.2 30468.2 22359.7 25070.4 19196.2 20148.9 13412.6 30382.6 22245.8 27899.8 25089.1 28709.4 31281.3 35198.5 29297.3 30485 28615.4 34500.2 35746 32021.9 33073.6 27919.6 36012.5 34713.4 28975 31443.6 32136.5 28702 32244.9 32348 31993.9 37426.7 34012.1 31305.6 33051.8 33622 30594 33322.5 19512 32073 18682 27345.3 24727.8 18525 20990.4 17017.8 19612.6 48923.7 15720.3 22493.1 28447.4 21477.2 23660.1 16975.6 31421.5 16381.8 18214.4 22690.5 18149.2 15585.5 16987.5 14314.1 17301.5 23679.2 51801.4 45991.1 50493.2 53036.1 51319.8 48265.4 55591.6 48341.1 24402.5 25884.1 37210.4 31883.1 38705.8 39244 30718.4 34504.7 26529.1 24335.3 19611.4 26378.2 24954.2 26276.1 27931.8 16095 28424.8 22110.8 22510.1 19565.4 16913.9 24775.9 17706.7 18090.5 22549.2 14097.7 16401.6 21093.9 33052.3 33554.6 30215.7 31540.9 37360.2 24441 15366.2 23997 25333.4 18281.8 20301.6 18691.4 18074 17379.2 24623.7 23320 37493.6 34358.4 28025.6 35782.3 25264.2 29089 17570.4 18820.9 26079 21273.4 22192 26108.9 32731.5 31944.1 29904.3 28241.8 29037.6 25719.6 25577.3 25625 28060.6 33194.4 38374.2 
19618.2 0 18018.5 24091 42212.5 40892 24709.6 28782.9 19276.2 18180.1 21469.1 24968.5 18918.3 13000.6 26471.2 17340.7 27897.8 44180.4 28407.2 40547.9 44905.7 47591.5 46488.1 54485 49877.1 50721.7 45945.4 50896.5 46066.3 42978.8 43468.9 47283.9 46393.5 49187.5 43793.4 43256.2 53144.5 47409.5 56429.4 24679.9 31270 24395.7 27503.8 22278.8 21366.4 22109.1 18988.8 46018.5 37315.2 39013.9 46371.8 48464.9 48865.5 50341.3 59083.7 30652.7 54228.4 37447.3 37864.7 53041.9 53441.2 29884.8 43780.6 50753.1 17983.8 19158.7 16971.9 36504.7 38278.5 23925.9 33810.9 53358.6 35449.8 19873.4 28809.9 76593.3 24615.6 73714.2 32177.7 46464.3 37111.5 52055 57231.1 91877.6 62756 56616.8 28747.2 24103.7 21667.7 21624.2 29294.2 23190.3 26907.1 22184.3 26766.5 25528.1 25624.6 22833.8 21690.5 22598.3 22421.2 17344.2 15981.1 30367.6 15837.1 22966.4 17126.6 19013.2 15221.4 26154.7 19449.3 26861.7 24376.6 28005 29731.3 34104.8 28446.2 29730.5 26854.4 33883.4 34786.2 31464.3 32360.1 27246.1 35420.7 34044.9 28405.5 30948.8 31392 28129 31205.4 31400.1 31050.8 36376 32980.6 29693.3 32198.9 32569.1 29872.9 32331.3 18699.7 30736.3 11930.5 24783.4 28731.9 17467.8 21122.3 15804.1 22324 58387.5 15091.4 21681 37451.8 22828.1 24271.5 17731.7 37566.6 15764.5 16574.5 20759.8 19493.8 16784.2 16286.4 13786.7 16303 26773.3 36334.7 36964.9 42664.3 37960.4 36412.6 33603 38910.4 34722.7 24101.1 25902.9 28404 21119.4 35507.6 28675.5 20733.1 28920.5 14423.2 9497.49 19375.8 22211.6 10154.5 26100.9 30781.5 18343.6 17551.3 11306.8 10277.2 15800.3 23052.9 16674.5 16602.9 15467.4 23391.5 21680.5 17125.9 11280.8 18861.9 17602.7 24301.8 19268.4 28916.7 25687 16513.4 21215.3 23677.7 14679.6 17280.3 17743.7 14118.4 11337.5 17346.7 23882.1 41301 32193.3 21683.5 25795.9 20252.3 21259.3 14466.2 16827.9 24964.2 22192.3 21359.5 21481.6 31865.1 31886.5 31761.2 15130.6 28055.1 25860.2 20419.2 28182.4 30437.1 32146.5 39702 
9456.78 18018.5 0 16349.9 29534.4 32668.6 21682.6 24955.7 17336.1 16446.9 18245.2 21965.7 14622.7 17406.7 31163.9 15402.6 25411.8 44088.9 24765.9 37458.4 40296.2 42549.3 41901.3 49389.4 44871.7 45019.2 41077.7 48164.1 42178.2 37935.5 39995.9 45466.5 40878.8 43985.6 38865.5 38306 48238.4 42859.3 51597 19526.2 26009.8 19571.2 22483 18144.9 16866.2 18213.8 25751.5 44684.3 32309.9 34535.1 43396.6 48493.3 40779.2 44256.6 47762.3 25493.3 48625.3 42717.9 30368 47498.8 42302.1 32984.2 38277.5 42399.5 12168.6 13011.1 10570.2 47080 42428.1 27737 40522.4 47863.8 22279.4 24104.8 13882 79966.8 27447.7 77473.1 33529.2 46950.5 40567.4 47185.7 61619.2 79046.5 59451.5 59852.8 26391.5 18323.7 19990 15670.7 24078.6 17801.8 23418.2 16984.2 24418 20501.9 20856 17351.7 16667.8 17070.5 17378.6 18543.5 23454.2 27941.8 20333.9 22272 15980.5 16697.1 11010.8 27638.5 20103 23335.7 20559.3 23474.9 26343.5 29857.7 23545.3 25592.1 24053.3 29109.7 29849.4 27273.3 28563.1 22951.9 30725.6 29628.9 23641.2 26699.6 27256 23837.4 26412.5 26766 26491.1 31814.3 27823.8 27180.5 27740.6 28051.4 25423.3 27649.2 15872.7 29997 15810.1 24494.4 21085.2 13404.5 18573 12298.1 12845.8 53780.1 10958.9 18137.9 26171.8 19584.4 19280.2 12029.8 34427.3 13496.6 15167.1 18378.7 14020.8 13109.1 13575.6 10360.7 12754.7 20355 48615.3 42047 46026.8 49457.7 47883.3 45189.4 52801.1 47069.6 20873.7 22482.9 33294.1 28266.3 36103.5 35023.4 27145.6 30853 23746.1 22509.9 18870.3 23361.1 24617.2 27054.9 23998.6 15310.6 28472.5 21223 22001.1 16879.2 16408.9 24975.1 14286 16679.7 20029.6 13183 14306.3 17787.2 30670.9 30816.5 26719.6 28938.1 33246.5 22243 13124 22744.9 24366.8 14725.6 16016.2 15387.9 14318.8 14101.5 19338.7 22586.9 34674.5 35087.8 27169.7 34760 24245.3 28050.1 14960.2 14940.9 24512.1 20066.6 21630.3 22627.1 31756.4 33319.2 28439.4 26706.1 23074 24887.9 25256.9 22360.5 26289.4 29957.9 35051.8 
22846.8 24091 16349.9 0 25503.4 30315 26555.1 29719.9 20339.1 19764 22364.7 24331.7 17846.1 21607.9 35624.3 14233 29256 46603.4 27714 41510.8 44259.8 46787.2 46070.4 53896.4 48964.5 49268.1 45028.3 51352.6 46698.3 42043.8 44947.9 48688.4 45501.9 47772.2 42141.8 41610.6 51702.8 45765.9 54777.7 23142.6 29748 23038.1 26185.6 20820.6 20004.3 20602.2 28004.5 48737.8 37218.9 38274.7 43481.8 47176.2 47527.8 42172.3 53141.6 29463.1 47815.5 36487.4 36585.2 42779.7 50195.3 36072.7 51530.4 54592.3 13908.4 15880.3 11912.8 54069.4 53819.2 38000.7 45391.8 51925.9 28319.7 33615.6 20455.2 74722.3 32714 88492.2 37158.7 51141.2 44916.8 51824.2 73186.9 71864.3 62718.9 67348.3 30156.8 22650.5 23101.2 20216.7 27995.9 21554.1 26357.2 20659 27281.3 24268.3 24096.2 21012.1 20092.5 20730 20819.4 27146.1 28334.5 31982.2 28622.6 25736.5 19847.8 20321.2 19430.4 31258.8 27423.4 26136.2 23343.5 26615.6 29552.8 32551.5 27012.9 28159.4 27347.4 32572.8 33308.8 30251.6 31222.2 25833.8 34141.1 32600.7 27150 29640.5 30361.6 26794.5 29677 29881.9 29543.4 34847.6 31516.7 30933.9 30765.6 31040.7 28515.2 30802.9 20097.4 40916.9 19878.1 28396.1 23770.5 17161.5 27392.7 15243.8 16117.1 56306.5 15035 21791.2 30832.4 23856.3 21200.8 19705.8 40549.7 16320.2 19686.5 22181.3 20867.4 17246.4 16397.1 12678.5 15362.5 23804.8 50335.1 43420.8 47589.9 51064.6 50205.3 47710.8 55943.7 54384.7 29474 26670.6 37283.5 32900.6 39013.4 37879.4 31428.5 38292.1 25576.8 27188.6 30085.6 24281.8 32435.2 38257.5 35267.8 23820.9 36792 29033.8 29221.3 24921.5 27733.8 34144 21784.6 24767.1 23885.4 24707.7 22072.8 23440.1 33594.7 34812.5 30866.2 31948.5 35706 24686.4 15775.5 25444.8 29502.4 21527.1 18383.9 17740.5 15180.4 16891.5 21625 26275.1 38412.1 46341.9 31578.5 38579.9 29293.2 32754.5 17847.9 16673.9 28167.5 23598.3 24467.6 25935.6 35927.1 39906.8 33053.1 33286.3 26581.7 28740.5 31731.5 25805.4 29998.7 33530.8 39154.5 
27440.9 42212.5 29534.4 25503.4 0 22900.8 42954.4 43893.7 44510.6 44601.5 41852 42185.6 34747 41850.5 50693 37228.1 43352.7 69714.3 41341.9 60901.7 60465.7 62826.5 62896.6 71037.4 64934.1 65944.8 60978.9 68121.5 63675.5 58542.1 62582.8 62624 62665.5 66165.6 61865 62920 73657.1 64137.4 75049.7 44207.6 49731.8 44004.1 41413.7 38145.6 37083 38112.6 45551.2 67708.3 55328.3 56710.1 40830.4 40881.7 38394.9 37568.9 40320 44028.6 35856.9 42378.2 51964 41438.1 39144.6 55859.8 50193.8 45201.5 29836.5 33575.6 33996 68386.8 56215.5 43708.6 62099.2 70139.4 22381.5 43984.4 27764.2 61511.4 49769.8 86372.2 35675 68316.8 40601 66362.5 67436.1 73807.5 78092.8 54628.8 43316.9 44237.6 40152.7 41932.4 44021.3 42997.1 41317.7 40945.3 43216.2 39964.9 42331.4 39552 39808.3 39720.6 38963.8 36176.8 42063.4 51675.5 39116 43365.1 35205.6 37122.2 35722.8 45518.6 38164.5 40076.9 39421.6 42441.9 42825.8 49917.7 43326.7 44538.1 41365 48176.6 49805.4 44783.8 46768.7 41571.1 49326.1 48444.5 42198 44678.8 44775.4 42291 46921.5 46536.4 46232.5 51919.4 48533.4 44972.9 47107.1 48093.5 44231.2 47505.1 36694.6 47311 39376.2 43302.1 30810.3 35030.1 38001.2 37707.2 36089.7 47236.5 36609.2 40440.1 32541.2 40848.9 38085.2 33193.5 39375 37251.7 38007.9 38057.8 36445.7 37548.8 35242.2 35443.1 34863.8 40935.1 68386 63138.6 67252.2 69897.6 67921.5 65432.5 72393.5 62677.9 40683.2 37634.9 60760.1 54409.3 62599.1 60536.5 53021.4 49228.9 44438.3 43340 33532.9 42151.1 44433.4 45378.2 41876.3 35202.6 49809.5 46887 45187.7 38589.8 35589.6 46088.1 39269.1 38677.5 43390.1 31969.9 37096.1 42698.8 51912.5 50145 47869.1 49449.9 55485.7 49175.8 40083.6 50355.9 51930.1 41526.7 42904.3 42912.6 40086.7 39893.7 41900.3 33482.1 53117.5 57233 54280.3 62487.2 52028.6 55062.6 36060.3 38306.2 46550.8 41149.4 43408.1 43902.3 53844.5 43455.9 49943 49530.6 43238.3 50489.7 52351.1 41734.1 45410.4 46949.4 54455.1 
31543.5 40892 32668.6 30315 22900.8 0 42569.6 46392.1 43036.2 45027.4 37784.7 42782.3 41137.3 39048.5 50619.9 35381.7 46103 64839.8 50669.7 55937.6 66027.5 68005.6 67075 74883.6 70585.3 73596.8 66540 70258.9 66735.8 64595.2 59276 64152.7 67949.3 74938.3 69944.8 69385.3 79314.6 73546.2 82585.9 50530.1 56810.1 50121.4 51392.6 47075.4 46573.7 48015.4 52914.3 75317.4 59806.3 58758.8 48017.6 44771.1 51604.7 46216.5 58007.1 53900.4 48621.1 41412.4 56876.9 47252.3 52496 60405.9 62732.2 62779.8 32637.9 36280.8 37560.7 74578.4 68478.1 54538.8 69048.9 77047.6 34369.6 51365.4 36867.1 63777.2 45414.6 90172 38667.4 65868.5 51661.9 67707.6 73934.2 66626.9 78562.5 61454.9 44724.5 49417.4 38704.1 46638.4 52728.3 48801.4 47475.6 47981.9 45992.6 48870.5 51388.7 48355.5 47744.5 48168.2 48440.6 43465.1 47873.5 54436.6 43614 50361.7 37366.4 39239.9 34647 47699.7 36828.3 49615.1 46407 52850.6 50610 59965.8 53735.4 54945.1 50202.1 58585.3 60127.6 54411.9 57046.8 51978.1 59489.4 58821.8 52207.9 54894.3 54972.9 52693.4 56982.3 56829.1 56482.5 62141.5 58622.2 52535.4 57504.7 58334.6 54462.7 57803.6 39074.8 45715.4 38535.1 43055.4 27490.7 40840.1 39307.9 41812.2 41070.4 48989.7 39644.2 40691.7 40798.5 40639.2 38429.1 37870.1 40092.9 37582.2 38442.5 42416.5 37838 39385.6 37549.4 38699.1 38927.6 39133.7 74940.8 70446.9 75329.9 76669.5 74616.2 71663.1 79075.5 71313.2 39984 44100.2 61775 55589.7 65110.9 63651.7 54525.8 56126.3 45645.9 45760.6 43574.8 44457.8 41881.9 53308.2 42347.7 40117.9 52938.4 47360.2 45304.6 43951.8 42951.7 47793.9 41946.6 43158.9 42079.3 40155.5 40643.3 40781.5 49144.4 57157.1 54443.9 53036.3 62120.5 47176.6 39950.7 49369.3 49775.8 41686.7 45489.9 44433 42711.3 41492.7 42255.6 39023.1 53191.6 53407.9 51505 60262.4 49634.3 53751.6 38105 41457.5 48924.7 42722 39001.9 46217.9 49521.7 43813.1 52361.6 52346.3 53496.5 48124.9 48048 49218.5 50475.7 48166.8 55724.5 
24811.1 24709.6 21682.6 26555.1 42954.4 42569.6 0 9079.65 18007.4 18335.2 14909.7 15633.8 12084.2 21259 23999.9 19655.8 14273.3 42334.9 15800.8 31961.4 26658.6 34444.9 28889.4 37865.3 35117.6 39852.4 31474.5 33091.1 30394.4 28722.3 22827.5 29133.6 31748.4 37477.6 33085 32610.2 43473.1 36642.1 45816.1 17428.4 19789.3 13921.7 18777.3 15140.2 16376.8 17663.2 25943.3 37196.4 22857.8 22807.5 46289.8 52245.5 40733.2 48122.6 53934.5 16155.6 55264.6 38321.1 22278.1 45804.5 41895.5 25580.1 39978.1 45146.9 25330.2 25876.8 19826.1 47388.9 49855.8 35269.4 37488.7 43414.2 31436.7 29522.6 23847.9 99727 22493.6 79673.3 39098 32862.2 60481.7 32932.8 62100.4 96251.6 42427.3 58448.9 12924.2 20409 14646.6 16081.5 17540.2 18518.5 16695.9 17615.4 15950.2 15429.7 16068.1 15866.6 14182.8 16160.7 17472.1 19466.7 23184.8 17962.3 20275.5 18232.9 12501.2 12918.9 13848.7 21034.3 18646.1 14924.8 15574.3 21092.5 16379.2 25253.4 18092.2 22191.1 16777.4 23803.2 22875.5 16264.2 24301.4 21976.9 21974 24318.3 19835.1 20976.2 21028.6 20347.1 19592.8 19781.7 19198.6 28659.1 21309.6 16496.9 23331.5 21275.6 22950.9 23277.5 11304.1 31993.4 15501.3 13600.3 33529.6 12542.4 25765.5 17611.3 18850.9 58103.7 14022.4 7917.07 37934.6 9199.9 24526.5 16664.6 39392.8 12205.9 17002 8943.67 20491.9 12738.7 11729.8 14979 14657.3 25758.6 49144.9 38865.1 42902.7 46447.6 47045.3 43909.3 53517.8 50409.9 26244.9 33119.5 32594.5 30204.2 33666 34163 26298.9 27891.5 23084.7 26945.8 29983.1 17874.4 28678.1 35721.4 18406.5 25585.9 28897 23274.2 20822.8 20786.5 28162.7 23733.9 19909.1 18236.2 16570 25006.7 16095.8 18085.8 28945.9 35610.3 27405.1 30067.4 35231.8 24812 15926.8 27072.8 32326.1 26684.5 22845 21101.2 20174.6 22233.5 34173 42099.6 27031 43861.9 28558.8 38051.6 28484.2 30113.5 17046.2 18719.5 18847.8 15132.1 13873 18726.5 24583 39471 22652.5 39096.2 16040.6 26283.3 32965.1 12340.3 14508.9 17567.9 16393.7 
29566.4 28782.9 24955.7 29719.9 43893.7 46392.1 9079.65 0 22543 22488.3 16430.9 16432.8 12626.9 24920.1 23743.7 24397.5 11358.7 45174 12737.5 30661.8 25591.6 30295.9 27440.8 36904.9 30905.2 38471.8 28084.6 32260.7 28652.5 26059.4 24865.3 27226.6 31076.5 40579 36337.7 37352 47657 38925.6 49376.3 20473.5 23779.1 18397.3 15783.3 15479.6 15728.3 16777.9 25946.7 40319.3 26335 25592.7 46898 51607.9 42061.4 48899.1 55763.4 14440.2 57394.7 36484.1 23105 44155.7 44561.3 29833.1 42197.3 47512.4 29544.9 30307.9 24290.8 48991.4 50103 34682.1 38716.6 43364.9 34196 32892.2 25249.1 103706 23616.9 76267.3 42844.9 30195.6 64423.1 27014.9 60814.6 98986.7 38428.5 57838.8 8066.37 22931 16172.5 18816.6 14456 21040.5 11541.8 19516.7 11980.7 12870 16666.4 16655.7 15218.3 16790.3 18047.5 18899.3 21794.7 24605 20820.8 19046.8 13325.6 13377.8 17218.5 15791.3 15042.1 11671.2 12884.5 17628.9 11580.7 25748.3 15841.5 19264.7 12937.2 22223.8 23087.6 14560 22924.2 18527.3 20139.8 21950.5 16161.4 18351.2 17717.8 17100.6 20895.7 19615 19449.5 27778.1 22689.5 15914.7 21527.3 21526.5 19074.7 20157.3 11715.5 35135 19264.2 12799.8 37426 13305.9 29988.9 19368.5 21929.4 57945.9 16409.8 9519.1 40596.6 11711.6 28876.5 21192.8 43613.5 15186 20730.6 9748.78 22130.9 15576 14469.2 17673.8 15833.4 30673.3 49677 40817.3 44396.2 47984.8 48291.6 43893.7 55490.2 49143 24215.2 33537 37278.6 36009.3 38395.6 38099.5 32409.6 26823.9 26215.6 29327.3 29929.7 15092.4 31801.7 37622.2 18210.8 27413.9 31558.5 28027 23908.5 21981.4 30997 27125.1 21934.7 21048.1 18793.5 27093.2 17698.3 23288.8 30678.4 35971.7 27154.5 29477.7 35889.4 28922.6 19236.8 32025.7 37369.1 30398.1 26406.3 24571.5 24141.7 26303.2 38129.4 46300.7 25668.9 49002.6 33526.4 43076.3 33451.4 35045.5 21128.1 22835.3 22052.3 15603.3 16897.5 21720.7 25203.1 43481 27225.9 43056.3 17591.6 31350 38047.7 12137.6 14971.5 11119.9 14796.5 
19442.3 19276.2 17336.1 20339.1 44510.6 43036.2 18007.4 22543 0 5747.35 10528.5 8635.19 15838.9 13303.7 21245.6 11333.8 22217.3 27629.2 25780 30572.4 41912.9 44443.4 43285 51321.4 46883.7 48006.5 42811.5 47578.6 42856.6 40050.2 35622.3 42276.2 43515.6 46492.6 41038 40500.7 50390 44724.8 53673.9 21931.7 28554.9 21714.8 24885.5 20390.2 18845 20150.3 25643.3 39394.3 21797.9 20581.2 51467.5 63117 48584.8 55267.4 57571.2 27955.8 59338.5 50571.5 25890 54980.4 49286.7 25184.5 41528.5 50886.9 22432.3 20869.5 16318.5 48292.1 53076.5 36990.8 40992.5 35609.9 38195.5 34201.9 28181.5 89432.8 16920.2 75393.3 35287.2 31787.9 50195.2 34695.2 59589.2 90954.2 44957.3 58126.4 22986.6 21384.3 17222.3 18551.2 26675.9 20410.4 23828.4 19451.4 23454.5 22938.9 22980.8 20025.6 18942.3 19785.3 19669.2 24024.6 26291.9 16514.2 23370.1 21040.8 16730.4 16943.7 11240.3 27492.1 23244.6 24355.5 21731.3 25473.2 26589.5 31488 25862.9 27504.5 24113 31374.8 32082.3 28960.4 30265.7 25423.5 32873.7 31548.3 26026.7 28452.6 28714.7 25824.6 28561.6 28756.3 28420.7 33946.8 30290.2 25853.3 29682.2 29925.3 27818.4 29687.5 13729.3 28740 14669.3 17655.2 30119.5 13076.2 21614.8 13487 17705.9 52088.7 11195.1 15011.7 34109.2 12048.6 20958.2 18453.4 32434.8 9550.3 12261.1 16719 14701.7 9145.68 12464 10887.6 14374.6 18660.4 47974.9 39048.5 42509.9 47610.4 47866.3 44534.6 53648.3 53425.3 22968.2 25932.1 29117.4 28502.4 27595.1 31479.7 26168.1 37079.8 21586.4 25722.6 30951 19504.5 27563.7 28826.5 29198.2 18306.3 21901.1 22037.2 19293.5 19776.4 21542.3 24652.3 16270.3 20065.3 11468.1 22258.2 16415.7 17240.7 26072.4 32641.1 24649.2 29042.8 28722.5 8521 7511.36 12000.1 16569 16004.5 12203.8 8856.07 12246.9 14707.9 24112.3 33255.2 22843.6 30747.7 14044.1 22347.7 12418.5 16387 14272.2 13474.8 16879.7 11430.1 14230.1 16554.4 18618.4 32125.3 16338.3 30352.4 25355.1 11219 16429.8 15714.1 16602.2 25889.3 22239.6 
18323.5 18180.1 16446.9 19764 44601.5 45027.4 18335.2 22488.3 5747.35 0 13275.9 11750.8 13715.1 13209.3 20261.5 11990.3 22988 30896.2 23868.2 33536.3 39665.6 42727.5 41537.6 49427.8 44770.4 45331.6 40910.9 46564.6 41347.5 37471.9 37310.5 42959.2 41072.1 43619.3 37873.9 37314.5 47266.4 41364.4 50515 18777 25397.3 18512.4 22034.6 18251.3 16462.7 17975.4 21512.7 34459.1 23497.4 23792 47601.9 59005.5 45767.3 51016.3 53361.2 25071.6 55025.9 47797 28255.9 51387.6 46918.8 20586.1 38041.4 46863 20746.3 18590.2 13760.4 44009.6 48828.7 32890.1 36768.4 36806.9 35587 29675.1 25955 86699.6 17431.8 78027.3 35842.1 33007.3 47468.9 37421.9 61730.7 90452.1 47634.3 59800.9 23410.4 18585.9 19209.8 15982.9 24078.9 17535.4 22906.4 16702.5 23133.6 20694.5 19659.7 17094.6 15806.7 16799.3 16657.4 21526.6 23050.7 15403.3 20239 16703.6 16583.8 16623.5 12679.8 26372.6 24236.2 22530.5 19433.9 22996.3 24808.5 28793.7 22615.2 25001.8 22833.5 28743.6 29021.9 26437.2 28436.6 23613.1 29748.1 29145.1 23871.5 25932.2 26464.6 23446.6 25271.9 25509.9 25192.1 31366.9 27181.4 24743.6 26840.1 26624 25899.9 26376 13704.8 30253.5 12522.5 17688.1 29353.1 12173.2 19540.6 11670.7 16670.3 54722.4 9741.34 14498.2 31429.9 12844.6 19673.1 15907.9 34937.6 10612.6 11809.6 16102.1 15065.2 9713.56 11889.6 10210.6 13228.4 21793.4 44585.5 34442.3 38707 43525.9 44323.2 40870.8 49944.3 50321.6 22414.1 23120 24354.9 24469.6 23740.1 27125 21751 33941.3 19313.2 23002.9 29020 18709.7 26824.5 24902.2 29087.6 17026.4 21288.5 17778.5 17774.1 16586.4 18227.7 24088.7 13187 16395.9 14587.4 20678.1 13272.4 16054.3 25718.6 29359.2 21022.6 25908.8 24843 13186.1 8364.23 10566.3 15581.7 13076.7 9548.91 6715.57 9016.45 11735.4 21406.3 30486.7 26844.4 33943.8 14309.4 22062.7 12569.1 15510 12890.6 11474.7 14090.9 14095 16555.4 14195.3 21319 32570.8 18153.7 27376.6 22909.6 13850.1 17371.8 14700.1 17035.1 27681.3 24276.3 
20438.2 21469.1 18245.2 22364.7 41852 37784.7 14909.7 16430.9 10528.5 13275.9 0 8692.4 13210.4 14270.2 21147.9 14351.7 17852.3 29473.6 23220.8 21110.1 37556.4 40033.4 38649.5 46444 42361.5 46462.3 38378.7 41334.7 38284 36456.3 27489 33573.6 40475.1 46629.8 42018.4 41428 51575.2 45278.7 54692.2 22075.4 28352.8 21602.5 23478.2 18905.3 18045.5 19618.3 27988.8 44603.9 25725.2 22927.4 54055.3 63588.4 51360.1 58333.6 62400 25986 63897.1 48062.6 26190.6 55539 51836.4 30783 48293.7 55012.1 24341.4 24017.6 19328.9 53136.5 56560.9 40788.6 45256.4 43498.6 39670.9 37890.4 29834.2 94372.3 16706.6 75309.3 36476.7 31418.3 55264.1 30960.1 60113.9 92089.2 45042.8 58320.5 15565 21817.3 8768.67 19476.8 25038.2 20989.7 18379.3 20112.4 16691.2 21180.5 22768.7 20378.5 19667 20374.4 20300.7 23478.5 25919.2 23976.4 22774.7 22387.3 11793.6 13685.6 10280.7 22578.4 16881.5 21868.4 18718.7 24562 22233.3 31345.8 25280.8 26668.5 22186.6 30261.6 31774.1 26663.7 28777.3 23759.6 31444.9 30626.1 24202.9 26877.8 26896.8 24456.5 28370.7 28374.5 28020.4 33521.5 30103.3 24149.1 29051.1 29714.6 26352.7 29349 10259.6 29025.7 15591.5 15037.5 29420.7 11668.3 24835.5 14108.8 18637.1 51973.8 10930.8 11283.6 38697.9 8972.7 22569 19271.6 32931.7 8053.71 12845.6 13993 17054.2 8190.04 9220.27 11601.3 11075.8 20679.5 50738.4 42432 46935.4 51506.8 51355.9 48311.3 56920.4 53214.8 21946.1 31713.2 34201.7 33542.9 35029.3 36708.1 31332.2 37395.9 20945.2 25923.3 30457.5 16987.9 25292 35735.3 23172.8 20873.2 29081.1 25276.5 21406 21787.2 27207.7 26010.7 19902 23104.8 7368.03 24518.9 17215.3 20971.2 23322.8 35927.7 27077.2 30048.7 33002 13408.1 7846.03 19085.6 24348.6 20766 16668.3 14122 15693.7 18170.2 28857.5 37351.4 22845 33782.8 22022.6 31908.3 21988.7 26261.2 14023.6 15819.1 19408.9 11642.7 10923.8 18079.7 17104.6 37538.7 22210.9 34280.9 25600.6 16676.5 23659.8 17878.9 18003 16474.5 20069.9 
23760.5 24968.5 21965.7 24331.7 42185.6 42782.3 15633.8 16432.8 8635.19 11750.8 8692.4 0 12978.5 16710.4 18794.3 17016.3 16455.4 30545.9 21883.8 27305.2 37334 39991.2 39683.2 48242.6 41816.4 44949 37804.5 43736 39541.9 35435.8 32764.4 36509.1 40667.6 47592.6 43184.4 43090.8 54034.8 45706 56265.7 24039.9 29737.7 23933.4 22092.7 18473.2 17940.6 19609.3 26304.6 39852.1 24227.3 21382.2 50608.8 61766.2 48232 55863.3 58016.6 24600.5 60713 46892.4 26565.6 52014.6 46833.2 26642.5 42058.8 49778.6 26252.6 26979.6 22368.9 50011.8 54055.3 38653.3 41832.1 36960.8 40515.9 38326.3 31123.5 94190.7 14694.1 72058.6 35115.1 28301.6 55565.7 29458.6 56971 95994.5 41792.1 54961.1 16414.2 24455.3 13246.2 22469.5 23413.6 23339.2 17448.6 21315 17796.1 19417.4 22427.6 20506.1 20903.9 20380.5 20629 22859.7 24140 18470.2 20973.6 21934.5 12170.2 13917.5 13707.8 22473.6 18180.4 20078.5 16799.8 23510 20407.8 31035 24517 25741.2 20777.8 29361.2 31209.4 24762.5 28146.9 22704.9 30182.8 29481.3 22817.4 25546.2 25632.3 23368.3 28168.9 27747.8 27405.6 33198.5 29881.8 23228 28280.1 29295.3 25177.4 28766.7 10647.1 25601.8 17834 13493.1 31464.4 12564.7 22308.3 16875.7 20992.5 49233 13855.5 11616.8 35194.1 8446.14 21993.2 20064.4 32018.7 10206.3 11705.3 14599.1 15131.6 10481.6 10659 14438.1 13573.2 23548.7 48891.2 39651.3 43657.4 49341.8 49454.5 46151.9 55305.4 52102.6 18482.2 26475.5 33310 34167.5 31752.3 35197.2 31824.6 36531.3 20925.5 26560.9 30362.6 15317.1 27352.6 30477.5 25467.3 17909.2 26119 26828.7 21319.3 20430.9 23097.1 26988 18634.7 23192 11350.9 23702.7 17139.6 22722.6 24438.1 33980.6 23648.9 27080.7 29088.8 13566.3 10310.5 16879.8 22039.3 21070.3 16712.5 13358.3 17265.1 20462 29590.1 38643.9 19776.1 33382.4 19779.9 29193.6 19126.9 22775.9 14887.3 15389.5 16068.7 9274.88 12573.8 14919.6 16376 31968.2 17630.1 35993.4 25748.7 15536.3 22137.4 13776.4 13253 18997.3 15794.5 
19452.9 18918.3 14622.7 17846.1 34747 41137.3 12084.2 12626.9 15838.9 13715.1 13210.4 12978.5 0 17907.4 24065.5 16494.3 12122.3 41370.1 11448.3 30975.9 26916.2 30834.1 29641.1 38034.3 32267.7 34386 28261.4 36168.8 30260.2 24885.3 29671 32680.8 29119.7 35850.2 31620 31148.1 41812.1 34348.6 44416.7 11731.1 17180 11710.8 11005 7475.93 7190.39 9294.01 19432.6 38954 26203.4 28256.7 44702.3 51626.2 43817.9 47713.7 54978.3 12863.4 55930.4 40912.8 26437.9 46399.1 46144 27919.3 43603.6 47172.5 17834 18150.5 12332.4 46470.4 46339.9 30949.1 36832.4 42336.7 29711.3 28423.6 19786.8 92436.9 21748.7 82388.2 39741.8 37244.2 52978.2 35945.8 65644.5 86798.3 50868.7 64104.7 12532.4 12480.9 9715.18 10347 12088 11348.1 9966.22 10017.6 10675.1 8830.98 10957.9 9074.55 9190.84 9113.47 9898.45 14338.5 17825.6 23083.6 16223.6 14745.5 6229.17 8613.34 10664.8 17647.8 14581.9 9362.31 6932.2 12396.9 11921.7 19949.7 12948 14708.8 10607 17779.7 19552.6 13668.3 17504.4 12736.9 18450.9 18068.6 12120.9 14114 14079.3 12151.7 16826.7 16175.2 15887.5 22145.7 18478.9 14970.1 16814.9 17930.5 14651.7 17143.9 6621.42 34186.5 11859 15635.4 31695.4 3439.51 22428.6 6741.52 12935.4 60021.5 6312.76 6965.47 33574.3 10234.9 20339.3 11793.9 40438.3 7713.67 12060.3 6311.01 16329.6 8463.94 5214.63 7539.32 4899.62 23694.4 43200.1 35068.8 39990.5 43038 43149.4 39642.3 48797.2 43886.7 22527.7 26906.3 30186.5 27544.6 32570.8 31976.5 25293.5 25444.2 16657.2 18541 21593.3 14824.8 24614.8 31921.3 21884.9 19337.5 28955 22239.3 19311.8 15807.3 23082.9 24972.1 14281.5 16759.5 14660.5 19565.6 12082 17995.9 25113.4 27991.6 21177.7 22851.3 29216.2 22074.5 10946.2 22962.2 28575 19260.7 15472 14839.4 12181.9 14240.2 26715.2 34580.3 28832.4 42950.6 26018.5 34410.2 25037 27250.7 10345.2 11748.8 16186.5 13478.3 15591.3 14817.7 27000.4 37942.6 23627 31369.4 14426.3 23894.5 30268.9 12998.9 16240.4 16995.6 23624.9 
20487.8 13000.6 17406.7 21607.9 41850.5 39048.5 21259 24920.1 13303.7 13209.3 14270.2 16710.4 17907.4 0 16389.2 11743.9 25335.2 33528.3 27574.2 34213.5 43769.2 46369.5 45211.1 53247.5 48809.8 50349.7 44737.5 48106 44784.9 42221.8 39729.3 43429.3 45792 48746.8 44139.8 43549.4 53688.3 47383 56813.7 24146.7 30753.8 23868.9 27158.9 21703.7 20909.2 21655.9 17958.1 38780.9 34000.2 30208.4 43369 56409.4 41970 47060 52378.7 30162.4 50614.3 43002.8 33957.6 47867 44951.2 23658.4 41409 45078.7 19501.6 19046.5 16893.8 39789.9 44420.7 28657.3 33293 45331.6 36882.1 27442.8 28837.5 80532.3 13111.2 73517.6 31629.6 35250.9 41287.4 43719.4 57034.6 91794.4 50812.2 56649.3 24836.3 24067.8 17568 21757.6 28949.3 23090.5 25316.9 22225.3 23399.8 25183.1 25015.5 22311.8 21692.8 22307.7 22253.6 19795 18423.7 21679.4 17057.2 21221.9 15180.3 15206.8 12156.4 23487.1 17257 26158.1 23521.9 27520.5 28276.1 33453.9 27927.9 29055.2 26217.4 33465.6 34314.6 30856 31573.4 26733.5 34979.7 33505.6 27957.6 30377.5 30694.3 27665 30628.4 30796.9 30458.3 35761.9 32522.6 28620.7 31680.6 31938.2 29420.1 31708.1 16631 25523.3 9502.39 14585.2 23412.9 15410.2 19041.5 16196.7 20359.8 51124.3 14038.8 17572.9 31512.9 17392.1 18179.5 16445 30071.4 12459.1 8662.87 19278.4 14399.3 14160.1 13813.4 13369.3 16158.9 24079.8 39670.8 33058.3 36923.9 40547.2 39361.1 36697.2 45212.3 45490.7 15335.3 21980.7 24315.7 20322.9 28603.5 25860.1 18653.9 32464.7 13066.4 16972 25442.2 15878.2 18350.9 25810 26892 16693.3 24361.7 19439.5 17744.8 17000.8 20478 24101.1 12941.8 18192.4 17983.4 19695.8 15881 12383.8 16019.3 23568.9 18123.6 19996.2 24111.3 18369 14277.6 14204.5 16339.2 8858 9780.97 10539 9292.01 8359.87 14832 23815.8 29618.1 28950.9 16506.4 24995.4 14020.9 18416.5 8752.04 9784.55 16302 16920.7 15000.3 12258.7 20044.3 31233.8 22575.1 21449.9 27587.5 17740.3 15960.9 22006.2 25432.2 28031.2 30773.9 
32567.8 26471.2 31163.9 35624.3 50693 50619.9 23999.9 23743.7 21245.6 20261.5 21147.9 18794.3 24065.5 16389.2 0 24780 25253.3 36290.1 27468.5 40966.1 47767 50792.3 50230.5 59307 52550.9 54488.9 48456.8 51837.3 50959.7 46594.3 42945.6 42701.6 51398.8 54148.2 49734.2 51309.4 61743 51772.6 62889.8 33414.4 37736.5 32354.6 28324.9 26806.7 24896.2 26059.9 19053.2 31699.8 32610.8 25785.5 42793.9 57436.5 42264.1 47755.4 46734.1 30022.8 49525.3 42713.7 31477.4 47149.2 40013.4 15941.7 38119.6 39705.6 32559.8 33749.8 29382.9 38208.3 44106 30105.2 29169 34844 43325.9 33138.6 35809.2 87761.6 9628.91 63217.2 31437.8 24281.5 53124.8 35999.3 43732.7 107199 36840.7 48078.9 21418.4 34284.1 23683.3 31428.6 30580.7 32604.7 28934.6 30845.1 27665.8 27426.8 29538.7 28725 28059.5 28790.3 28240.9 22007.1 21476.8 18889.5 21673.7 21925.3 22744.5 23961.8 21525.1 26956.8 22725.7 26395.4 27702.7 28018 28423.8 36299.2 28492.1 30274.8 26129.4 33790 35018 30926.9 32844.7 28272.9 35041.9 34071.2 28547.4 30570.5 30579.6 28191.2 33312 31646.6 31535.5 37877.8 34871.7 27612 32300.3 33682.2 30579.4 32615.3 22552.3 21295.6 18768.5 13062.6 32515.6 22180.4 25414 28231.9 29975.8 45560.3 25484.6 23473.3 34876.6 17964 30259.4 26398.7 29664.7 22080 19922.2 22984.3 18546 21353.6 23530.2 25709.9 26390.9 34036.1 40109.7 32002.8 34107 39288.4 39296.5 35628.7 47840.5 49530.6 17827.5 20171.2 25424.3 28440 25822.6 25074.3 26352.7 34085.2 21260 27209.9 32685.3 23318.8 30374.2 23116 24908.2 22538.1 25081 25901.2 21455.7 20060 25776.2 27096 21247.9 23508 21681 27639 19462.9 20650 21342.2 26110.6 15110 23777.2 19446 25192.7 24305.1 16792.9 19788.6 20130.3 18709.1 19435.3 22056.3 22797.8 24893.3 36219.7 24525.2 30397.5 16285.7 24482.9 17514.5 21666.2 21590.3 20828.8 13036.1 19638.2 23183.6 12900.2 20554.3 27068.1 20559.2 35251.3 29536.4 21350.2 19771.5 19054.2 20793.3 25112.2 22683.9 
19388.3 17340.7 15402.6 14233 37228.1 35381.7 19655.8 24397.5 11333.8 11990.3 14351.7 17016.3 16494.3 11743.9 24780 0 23489 34561.8 26283.6 33580.2 42919 45211.2 44341.3 52104.7 47616.6 48016.7 43675.6 48951.2 44008.7 40816.5 38148.9 42780.5 43837.6 46725.3 41125 40565.5 50558.3 44721.8 53766.1 21960.5 28609 21724.2 25134 19805.3 18980.9 19526.1 22570.9 41743.8 30233.2 30864.9 46820.1 55695.3 45549.8 48364.6 54660 28416.2 54020.5 43805.4 29924.9 47894.1 48630.4 27866 44643.9 50110.9 14785.6 12972.6 10074.3 46826.1 49202.4 32685.7 38977.8 43780.2 34777.4 30923.5 24996.1 81592.4 21261.9 80099.8 33048.8 39684.5 42305.6 44558.6 64535.1 83383 51292.4 60273.3 23795.8 21261.7 16844.6 18582.3 26944.3 20426.4 24955.8 19612 24684.8 23216.6 22983.8 19803.6 18961.1 19475.3 19691.1 23964.5 23697.1 22057.5 23514.9 20551.7 16980.5 17071.1 13075.6 27490.6 22563.5 24732.8 22192 25575.8 27779.9 31439.1 25944 27077.4 24856 31561.9 32178.2 29245.4 30139.5 24825.4 33130.1 31551.2 26143.8 28642.3 29265.2 25783.6 28578.3 28783.7 28445.1 33735.3 30403 26899.8 29703.3 29928.3 27486.2 29694.9 15191.3 31859.7 13562.8 18248.4 23271.7 14229.2 20616.7 13585.4 13946.8 53166.4 11670.9 16769.5 29998.3 17118.9 15138.4 14844.9 33933.9 10435 12733.2 18059.8 17052.9 12258.1 12475.9 9680.75 14169.2 16727.7 44705.3 37166.4 41529.9 45397.6 44558.6 41433.5 50433.4 50872.1 21971.6 26173 30106.6 26268.4 32059.5 31587.1 24413.3 35231.5 18799.3 22219.1 28268.9 17668.3 25295.3 31572.6 27397.7 19780.9 28808.6 23100.3 20843.2 20959.2 23660.1 26129.7 17438.2 19566.4 17049.5 21542.1 17404.1 14558.4 24508.3 29109.5 23985 25946.2 28954.8 16091.3 9642.02 15925 19836.7 14541.7 11185.5 9553.66 8833.62 10753.1 17976.9 23935.9 28921.1 35977.1 20696.2 28674.8 18786.3 23614.5 10674.5 9751 19708.5 14754.2 14418.7 18653.6 24474.9 35807.2 22818.9 26461.1 25453.3 16604.5 20209.6 21425.5 23825.6 27009.4 31575.7 
28713.9 27897.8 25411.8 29256 43352.7 46103 14273.3 11358.7 22217.3 22988 17852.3 16455.4 12122.3 25335.2 25253.3 23489 0 46465.9 9706.66 33251.8 29227 27926.5 30262.9 40192 29090.1 31250.7 25040 41487.7 30058.6 24073.2 31205.2 34773 28789.9 46152.3 41810.2 42221.8 53165.8 43611.1 54891.5 23367.1 28628.7 23235.5 10462.8 17857.9 17276.8 17813.8 26331.1 45337.2 30463.7 31676.3 50002.6 49230.4 44041 53266.1 59655.6 17340.9 61461.1 42812.8 25368.7 44072.4 50992.9 33953.9 47457.2 53057.3 28822.4 29531.9 23981.4 53732.6 50539.1 34680.3 42508.8 44599 38595.4 37801.5 29356.7 103727 25219 74325.7 44163.1 34757.8 64375.6 24631.3 62805.1 98100.5 43560.1 65208.2 9088.24 24121.6 15550.3 22091.5 11283.3 22709.3 13129 20782.2 15298 11377.3 19790.3 19335.5 19646 19063.9 19335.3 21805.3 18656.3 29929.1 21571.8 19979.3 13574 12999.7 17135.9 14071.9 14588.8 12688.6 9573.57 17206.9 7938.09 27550.4 18466.6 18343.1 11179.6 22624.6 25162.9 13179.9 22828.5 16522.3 21757.6 21152.2 14101.7 18008.2 15513.5 16173.7 24907.7 23043.4 22964.9 28391.1 26382.5 18125.2 21885.8 24290 15870.3 20371.7 12845.8 36081 20132.3 15279.8 38589.1 13428.1 30224.1 18187.5 22936.5 62390.9 16900.1 11583.5 43261.9 13477 28626.6 21489 44741 14068.7 20928 13293.9 22030.8 15495.1 13983.8 16877.7 15157.2 30127.8 49540.1 42787.4 46391.5 49325.1 48594.1 43463.3 56631 41640.9 26212.8 32688.4 41140.3 38983.5 42194.9 42580.3 36593.2 24198.8 25757.8 28524.5 28415.6 13522.6 32047.7 38458.3 19808 26076.1 35247.8 30890.7 25099.8 24121.2 32075.5 30345.9 24286.8 24867.7 19263.2 28978.7 19346.7 24748 32393.5 34354.6 25802.6 28470.5 36768.3 28231.4 18470.8 31542.3 36895.3 30484.1 26584.6 24618 23643.9 25618.7 38081.8 46043.2 30476 48469.8 33439.6 42623.2 32967.9 35623.9 20480.7 22595.7 22914.6 14872.6 14027.8 23000 29570.7 43780 30061.6 42761 21496 30672.6 37497.4 17341.4 15770.2 9736.12 21788.3 
45220.4 44180.4 44088.9 46603.4 69714.3 64839.8 42334.9 45174 27629.2 30896.2 29473.6 30545.9 41370.1 33528.3 36290.1 34561.8 46465.9 0 51536.8 32004.1 66409.6 69229.5 67752.3 75515 71464.3 74401.2 67464.6 65337.5 67385.1 65171.2 52395.1 53902.4 69281.8 73194.5 67406.4 66876 76751.9 70969.3 80042 48509.6 55060 48148 51136.6 45725.8 44962.8 45770.4 48752.8 60592.3 41129.3 29323.5 75196.9 89052 71834.9 79547.6 79381.9 53906.5 82522.8 74145.2 50117.3 77820.2 70325.9 45914 64662.6 72354.6 48960 46968.7 42645.5 71216.4 77035.5 61733.7 64055.8 46852.7 65502.9 59927.8 55659.5 110060 31685.7 69237.9 55402.1 29833.9 71874.8 44131 66706.1 117332 30033.7 66543.5 43700.4 48139.6 34099.5 45431.5 52807.1 47202.1 47130.9 46187.1 42202.1 48980.2 49303.3 46817.2 45539.8 46531 46338.2 50009.3 50204.3 36614.5 48055 46237.3 40050.5 41668.5 36589.9 48553.9 44345.5 49724.1 46809 51601.5 50835.8 57652.1 52068.1 53165.5 49844.1 57515.1 58538.5 54514.7 55376.5 50777.9 58851.9 57602.4 51822.2 54167.7 54255.1 51609.8 54898.5 55001.4 54623.1 60047.4 56732.9 51317.4 55795.3 56169.7 53469.3 55982.8 37812.1 39756.6 38746.9 37154.8 51556.7 38972.2 46959.8 39215.3 44550.8 56208.2 36764.7 39251.5 56507.4 35352.6 45100.4 44917.5 44646.1 33857.4 35106.2 41810.4 39692.9 33873.5 36295.4 36886.9 38104.6 44053.4 70289.1 60388.3 64380.7 70710.9 70877.9 68012 76676.2 78197 40608 46468.7 49809 51866.2 42957.8 51752.8 49376.8 63690 42494.2 49564.5 56955.3 41676.5 49069.6 50190.3 47928 43535.3 46136 48047.4 44926.5 45998.9 46304.2 48938.6 42742.3 46529.6 28719.5 48364.2 43195.3 42453.1 44370.7 55929.9 46211.9 50724.5 47626.8 22430.8 32051.4 32011.3 34697.5 37194.1 32919.2 29846.1 34583.3 38038.8 45875.2 55897.2 30452.9 34630.4 31090.5 37348.5 32769.1 34105.1 36340 36120.7 37757.1 35120.8 36261.4 36776.5 27879.9 47357.6 29294.6 53124.2 52623.9 23628.6 35798.8 42457.1 41669.8 42776.8 38766.1 
29378.7 28407.2 24765.9 27714 41341.9 50669.7 15800.8 12737.5 25780 23868.2 23220.8 21883.8 11448.3 27574.2 27468.5 26283.6 9706.66 51536.8 0 39507.2 27496.3 30871 30518 40353.5 31847.4 33131.4 28060.1 38278.1 32057.6 25582.5 35445.2 32231.4 30284 38600.8 33860.4 38111.1 47043.1 35316.4 47321.7 21511.3 24255.2 19111.9 8161.79 13221.4 12304.4 10493.8 19641.3 37768.5 27026.3 31297.4 41149.3 41494 37991.6 44085.4 51250.1 9006.93 52811.6 39066.8 21923 37860.5 45168.6 27997.5 42182.4 44786.6 27155.3 27859 22148.8 47236.8 46355.2 28770.6 37271 41603.9 31434.9 29520.2 23009.1 102328 29998.4 80669.2 47482.7 39475.2 62861.6 29961.2 62289 96375.8 44276.7 67957.4 11102.2 22789.1 19985.5 19999.9 9029.99 21149.7 14108.1 19436.2 17269.6 8553.88 17239.4 17076.2 15700.9 16763.8 16965.7 16890.4 15760.1 28982.3 20575.3 13227.9 14142.7 13789 20239.7 15535.1 17372.5 6376.53 8567.9 9437.37 7663.18 19409.6 9928.15 10900.6 6673.67 14748.9 16952.7 7154.14 14913.8 10113.5 13985.2 13594.6 7811.41 10287.7 8496.33 10030.6 16439 14709.1 14426.4 20579.9 17913.8 12900.6 13835.4 16010.1 9398.59 14003.2 16424.6 39372 21551.2 17444.3 41670.1 14007.6 31159 17172.9 21779.8 67474.8 17116 15429.3 40054.8 16674.4 29431.5 20622.6 49072.8 18303.7 21282.5 13760.7 24271 18103.3 15516.7 17168.6 14669.3 33380.2 41100.6 34704.5 38219.1 40895.3 39997.1 36000.9 47680.5 39483.1 28330 30877.3 39356.2 36544.4 39182.7 36959.5 33386 18376 24888.2 26790.1 26591 15675.4 33606 37892.3 19126.7 26265.2 33331.7 30671.6 26570.3 21594 31714.4 30704.1 23118.9 22850.4 24383.1 26822.5 18796.8 25546.4 34697.6 30109.3 24215.2 26923.2 32055 31891.4 21574.5 32864.1 38516.9 29204.1 25348.8 24764.5 21962.6 23905.2 36601.8 44496.5 34704.9 52695.9 35731.3 44431.9 34888.5 36800 19847.7 21434.5 23518.1 18182.5 19828.1 23135.5 34107.4 46121.3 30923 41212.7 12377.8 33659.3 40098.1 14028.7 14449.1 14453.2 22649.9 
39771.9 40547.9 37458.4 41510.8 60901.7 55937.6 31961.4 30661.8 30572.4 33536.3 21110.1 27305.2 30975.9 34213.5 40966.1 33580.2 33251.8 32004.1 39507.2 0 50658 51954.1 48220.2 53777.4 51689.2 62024.4 52183.4 37720.3 49045.4 49643.1 25978 29891.5 54388 65342.9 60054.5 59495 69425.2 63534.9 72695.6 40800.6 46997.7 40095.2 40109.2 36516.6 36295.4 37933.8 47746.8 65429 44237.6 37974.5 72951 80239.4 70695.7 77477.8 82703.6 43227.5 84251.2 64787.8 45233.7 72426.5 71221.1 51636.5 68514.7 74528.1 43859.6 43235.8 38548.8 73601.5 76146.3 60536.7 65349.5 63443.4 59322.2 57484.5 49270.6 114160 34819.3 80314.6 56892.1 39651.8 74839.3 28581.2 76521.3 110920 44572.1 73826 31163.6 40421.9 23488.4 38135.9 40597.6 39461.8 28130 38696.2 25064.1 36672.2 41255.4 39090.7 38189.5 39205.9 38958.4 42430.1 43405.1 44982.8 39917.9 42160.3 29715.5 29746.4 29700.9 30974.3 33496.8 38043.2 34046.8 42010 36559.7 49701 43344.9 44324.3 39281.9 48104.2 50037.3 42504.6 46661.5 41188.7 48731.6 47981.2 41242.3 44091.8 44132.3 42031.1 46863.4 46575.7 46194.2 52000.9 48688.3 42037.3 47059.2 48123.2 43670.5 47594.5 29007.4 42592.4 35082.4 31949.5 49305.5 30429.9 44012.9 31604.4 37908.9 60614.2 29161.9 27450.3 59372.3 28113 40526.9 38054.1 50696 26633.4 31527.7 32316.6 37655.8 27709.9 27261.1 30473.1 29252.7 39776.7 70539.3 62258.1 67111.1 71676.1 71523.4 68447 76635.6 71163.9 40785.6 52482.2 54275.6 53340.5 55221.6 56621.6 50946.5 55822.1 39310.3 44373 49463.4 32061.7 43041.2 56698.4 39099.9 41666 49491.6 45165.8 41560.8 41897.7 48058.3 45246.8 40467.6 43017.2 23573.3 44724 37377.4 40455.1 42587.5 55764.7 46466.1 48245.5 53386.1 30346.1 26300.5 39150 44462.9 40645.5 36421.1 33933.6 35201.3 37240.9 48383.9 56851.9 28883.5 52106.7 41760.1 51742.7 41788.4 46200.7 32808.2 34671.2 39053.1 30344.7 26558.7 38141.7 24030.4 57914.1 42603.5 53526.9 45233.3 35340.3 43236.9 37725.8 36840 26869.4 37094.9 
46070.4 44905.7 40296.2 44259.8 60465.7 66027.5 26658.6 25591.6 41912.9 39665.6 37556.4 37334 26916.2 43769.2 47767 42919 29227 66409.6 27496.3 50658 0 26045.1 12509.4 19760.1 21264.8 33978.2 20654.3 31727.9 12766.9 13519.7 28603.3 41371.6 15674.1 23881 22939.9 16841.4 27319 25540 30187.1 22265.1 16522.3 22396.9 28132.3 27867.5 29695.5 31130.6 43755.5 41354.2 41150.7 43821.5 62345.2 64998.7 54495.7 57884.2 67510.2 24930.9 67640.2 51809.2 40694.6 55982.9 54156.7 44488.3 51141.1 56854.5 43804 43877.7 37742.6 59712.8 60269.5 50507.7 48352.8 55615.5 48654.7 46735.1 40468 118718 44798.4 96272.6 64501.4 51616.4 79273.3 46629.7 84572.9 112430 60489.1 81257.6 28676.7 28628.2 33087.9 27860.8 25520.8 25936.9 24349.5 26745.6 28486.8 23945.1 24036.2 26339.6 27359.2 26870.8 27477.6 37496.1 38870.5 39169 38565.7 38257.5 29254.9 28686.6 36533.8 31626.1 35665.9 25298.3 24313.6 32050.7 24628.1 34649.8 28413.7 33217.8 29057.8 33900.3 31681.6 24817.6 34839.3 32958.6 31169.9 33803.7 30159 31809.5 30959.8 31646.4 27222.1 28230.3 29589.7 39194 30626.6 31136.5 33831.1 28826.3 33066.2 33218.4 29722.9 57360.7 36547.3 36257.1 56300.3 29103.2 47409.2 30641.2 38415.3 79926.3 31453.5 27547.9 58617.2 32819.9 45583.1 37184.6 64383.9 33569.9 37500.9 26554.5 41538.5 34252.7 30788.1 34045.7 29458.1 49667.2 66862.8 56313.1 60037.7 62863.8 63067.6 60954.8 70558.5 64646 44119.3 52207 50141.2 49020.5 54521.3 53429.5 44236.5 42139.5 40773.6 43272.9 45697 30455.5 48672.1 56271 39684.3 45837.3 52526.8 45820.1 44105.4 40824.2 48717.5 47935.9 38774.8 39790.4 39199.4 44603.4 37149.7 40865.3 49568 52886.7 45787.8 45190.9 55147.3 48461.8 37477.5 49629.5 55239.2 45718 41990 41506.7 38408.6 40582.7 53037.8 60916.8 49604.5 68989.6 52084.6 60965.9 51611.4 52705.2 36143.5 37942.8 39683.7 36390 33642.7 39474.8 47604.1 63060.6 47070 57886.3 27511.2 50423 56843.3 31341.8 35394.5 31473.2 33313.1 
