239 239
0 19618.2 22846.8 22840.2 25160.9 24811.1 29566.4 19442.3 18323.5 20438.2 18264 22239.9 19452.9 39771.9 41766.6 46070.4 48694.7 47714 53769.7 53696.4 55562.4 50836.1 51263.5 47045.5 49512.8 47647.3 43791.2 44901.3 47050.3 52543.3 50270.6 45198 44641.5 58290.5 48706 57839.1 27765.6 25862.4 32324.8 25499.9 28161.6 30325.5 22098.4 23337.9 31625.2 29169.4 36361.9 33715.1 50510.8 40168.7 46068.1 54922.8 31294.1 37986.8 47644.4 47787.7 41669.3 36307.3 41301.5 39607.3 18114.5 22439.5 18723 17802.5 50415.2 46250 51832.2 51634.2 17347.2 39638.2 27716.2 22287 19895.3 77224.3 75399.7 31671.5 49051 41234.6 37614 50677 58429.1 28498.2 57069.5 95470.2 80957.2 50171.6 62165.2 55005.8 23383.4 22271 29952.1 24194.1 28171 28960.2 26185.9 26681.6 26213.5 23928.9 23003.8 23803.7 23714.8 24927.5 20966.9 30468.2 22359.7 19196.2 20148.9 24378.1 13412.6 30382.6 27899.8 25089.1 31281.3 35198.5 29297.3 28171.6 29447.6 30485 34500.2 35746 33073.6 27919.6 36012.5 31443.6 28702 32244.9 31993.9 37426.7 34012.1 31305.6 33051.8 33622 30594 33322.5 32073 18682 27345.3 24727.8 18525 20990.4 15642.6 17017.8 48923.7 15720.3 22493.1 28587.2 28447.4 21477.2 23660.1 31421.5 15689.4 17516.8 18214.4 13919.9 22690.5 13937.9 18774.6 15585.5 15317.4 16161.5 16987.5 14314.1 17301.5 23679.2 45991.1 50493.2 52515.9 51319.8 48265.4 55591.6 24402.5 25884.1 37210.4 41932.2 33574.4 32189.1 31883.1 39244 34504.7 26529.1 24335.3 24954.2 26276.1 27931.8 16095 28976.7 18309.6 22110.8 22510.1 19565.4 17167.2 24775.9 17706.7 18090.5 22549.2 14097.7 16401.6 12157.9 18749 21093.9 33052.3 30846.7 37360.2 20359.8 24441 15366.2 23997 21292.1 21696.2 25048.2 15088.7 20301.6 18691.4 18074 17379.2 37493.6 34358.4 17570.4 18820.9 26079 21273.4 22192 26108.9 32731.5 31944.1 29904.3 32175.6 28241.8 27376 29037.6 25719.6 25577.3 33352.2 32965.7 15506.2 16360.2 33194.4 38374.2 33917.8 
19618.2 0 24091 18968.7 26307.2 24709.6 28782.9 19276.2 18180.1 21469.1 18739.6 20615.3 18918.3 40547.9 39485 44905.7 47591.5 46488.1 53478.2 52236.8 54485 49877.1 50721.7 45945.4 48956.8 46066.3 43468.9 43292.5 46393.5 51806.5 49187.5 43793.4 43256.2 56935.8 47409.5 56429.4 27205.1 24679.9 31270 24395.7 27503.8 29711 21366.4 22109.1 24795.5 18988.8 37315.2 29542.5 48464.9 48865.5 50341.3 59055.9 30652.7 49870.5 54228.4 37447.3 53441.2 43780.6 46893 50753.1 17983.8 22445 19158.7 16971.9 47888.2 33810.9 36025.6 53358.6 31791.3 24098.9 19873.4 26066.4 28809.9 76593.3 73714.2 32177.7 46464.3 28242.8 37111.5 52055 48361.7 26692.4 57231.1 95216.8 91877.6 41788.1 62756 56616.8 21667.7 21624.2 29294.2 23190.3 26907.1 26766.5 25528.1 25624.6 25147.8 22833.8 21690.5 22598.3 22421.2 24081.9 17344.2 30367.6 15837.1 17126.6 19013.2 19820 15221.4 26154.7 26861.7 24376.6 29731.3 34104.8 28446.2 27427.1 28137.5 29730.5 33883.4 34786.2 32360.1 27246.1 35420.7 30948.8 28129 31205.4 31050.8 36376 32980.6 29693.3 32198.9 32569.1 29872.9 32331.3 30736.3 11930.5 24783.4 28731.9 17467.8 21122.3 14751.3 15804.1 58387.5 15091.4 21681 28329.4 37451.8 22828.1 24271.5 37566.6 14657.8 16249.4 16574.5 11857.4 20759.8 17028.7 18862.7 16784.2 15826.5 14352.4 16286.4 13786.7 16303 26773.3 36964.9 42664.3 40970.2 36412.6 33603 38910.4 24101.1 25902.9 28404 34127.3 24876.9 26818.9 21119.4 28675.5 28920.5 14423.2 9497.49 10154.5 26100.9 30781.5 18343.6 20524.1 23315.2 11306.8 10277.2 15800.3 21829.9 16674.5 16602.9 15467.4 23391.5 21680.5 17125.9 25827.7 24643.4 11280.8 18861.9 18845.7 28916.7 21417.9 25687 16513.4 21215.3 27633.4 9903.34 14858.3 19469.5 17280.3 17743.7 14118.4 11337.5 41301 32193.3 14466.2 16827.9 24964.2 22192.3 21359.5 21481.6 31865.1 31886.5 31761.2 31997.9 15130.6 26646.3 28055.1 25860.2 20419.2 34784.1 41296.3 16852.4 13028.9 32146.5 39702 35350.2 
22846.8 24091 0 29811.1 27185 26555.1 29719.9 20339.1 19764 22364.7 19258.1 21768.5 17846.1 41510.8 43005.8 44259.8 46787.2 46070.4 52694.3 51847.1 53896.4 48964.5 49268.1 45028.3 47537.1 46698.3 44947.9 43607.1 45501.9 50651.9 47772.2 42141.8 41610.6 55448 45765.9 54777.7 25978 23142.6 29748 23038.1 26185.6 28555.3 20004.3 20602.2 29844.8 28004.5 37218.9 30809.7 47176.2 47527.8 42172.3 62777.7 29463.1 47334 47815.5 36487.4 50195.3 51530.4 56886 54592.3 13908.4 19432.5 15880.3 11912.8 51219.3 45391.8 51545.1 51925.9 30290.2 38542.7 33615.6 16773.8 20455.2 74722.3 88492.2 37158.7 51141.2 48137.9 44916.8 51824.2 65876.1 39503.4 73186.9 111965 71864.3 52892 62718.9 67348.3 23101.2 20216.7 27995.9 21554.1 26357.2 27281.3 24268.3 24096.2 23330.8 21012.1 20092.5 20730 20819.4 22415.5 27146.1 31982.2 28622.6 19847.8 20321.2 24490.7 19430.4 31258.8 26136.2 23343.5 29552.8 32551.5 27012.9 26095 26449.1 28159.4 32572.8 33308.8 31222.2 25833.8 34141.1 29640.5 26794.5 29677 29543.4 34847.6 31516.7 30933.9 30765.6 31040.7 28515.2 30802.9 40916.9 19878.1 28396.1 23770.5 17161.5 27392.7 13519.8 15243.8 56306.5 15035 21791.2 27973.1 30832.4 23856.3 21200.8 40549.7 14945.4 14861.1 19686.5 17278.7 22181.3 14613.5 24657.3 17246.4 15175.3 14847.7 16397.1 12678.5 15362.5 23804.8 43420.8 47589.9 50957.6 50205.3 47710.8 55943.7 29474 26670.6 37283.5 41706 34154.1 31357.8 32900.6 37879.4 38292.1 25576.8 27188.6 32435.2 38257.5 35267.8 23820.9 33115.8 28711.4 29033.8 29221.3 24921.5 23326.9 34144 21784.6 24767.1 23885.4 24707.7 22072.8 25399.8 29109.7 23440.1 33594.7 30496.1 35706 22516.1 24686.4 15775.5 25444.8 29633.9 22309.4 26290.3 21908.3 18383.9 17740.5 15180.4 16891.5 38412.1 46341.9 17847.9 16673.9 28167.5 23598.3 24467.6 25935.6 35927.1 39906.8 33053.1 30340.4 33286.3 24382.8 26581.7 28740.5 31731.5 34398.2 44544.9 21891.1 25429.8 33530.8 39154.5 36062 
22840.2 18968.7 29811.1 0 28766 28710.2 32969.7 21860.9 19635.9 26032.2 21304.2 26303.2 24789.2 46441.3 33340.3 50430.5 53905.3 52418.4 58530.2 57557.1 60376.5 56061.9 57738.4 51900.9 53946.9 53013.5 49168.7 50245.5 52510 57622 56154.6 51080.4 50521 64214.5 54910.3 63721.5 33072.9 32673.6 38490.8 32113.5 33941.1 35134.8 28416.4 29715.4 17447.7 22167.6 38825.2 22259.8 51515.3 40530.9 44619.6 50197.9 35986.2 36217.4 44292.9 40678.3 38236.4 34757.2 34095.6 35866.5 23170.5 26959.8 25321.9 23992 36562.8 30010.2 36981 43529.7 34145.1 27929.3 24065.8 29284.5 30319.8 73839.7 63252.7 25534.1 35578.9 21874.6 37715.7 49925.7 40722.8 21730.4 45939.5 88089.3 97157.2 32041.9 50502.1 45674.6 30008.7 28795.4 35041.8 30662.8 33295.3 33851.4 31517.8 33020.4 31946.4 29593.8 28869.1 29629.7 30030.6 31217.8 22108.5 20896.2 18716.5 25421.7 24875.7 25823.6 18581.4 34140.7 32390.3 31270.6 35227.3 41533.9 35481.3 34364 35861.5 37015.6 40459.7 41821.6 39122.7 34511.6 41643 37215.8 34794.5 38465.2 38308.9 43653.7 39900.1 36029 39391.5 39880.9 36816.4 39549.6 18679.9 17140.9 24079 24320.8 23428.4 15732.9 24448.4 26142.4 44422.4 23543.2 26341.7 30025 27926.9 23248.5 23292.4 26799.3 24256.6 26678.6 16678.2 15912.8 26646.2 18429.8 20155.6 22221.6 20516.7 22685.5 22523.2 22629.8 23571.1 30860.2 34358.3 37686.2 39681.9 38450 35734.1 44794.4 16145.3 17656.4 23505.7 27031.8 20028.3 18265.1 20810.1 23664.3 34989.7 17828.1 20308.7 22236.5 18203.3 32044.5 17079.5 25201.8 16704.4 18890.4 19810.1 17538.8 17967.3 25277.7 16455.9 19982.3 27932.7 19935.7 19703.6 21583.3 20585.1 16371.1 20471 22502.2 22321.5 27496.4 25836.4 24151.5 14841.8 28937.5 14968.9 18852.4 21565.1 15717.4 16566.8 19335.3 17695 30641.1 21153.1 18273.8 17672.3 14563.5 25232.8 26785.4 12677.4 25974.4 18061.2 21739.4 36547 24172.1 33088.4 35076.8 21515.8 14043.4 32706.4 28269.5 17367.5 14956.8 38166.7 34253 38056.1 
25160.9 26307.2 27185 28766 0 12907.7 11261.1 17316.2 19550.1 9772.51 19388.1 11584.2 13769.8 21819 41613.5 33768 36505.2 34673.3 43624 38359.5 43271.4 38274.4 45109.3 35117.2 40008.6 35525.5 24310.3 33396.5 38259.8 41841.5 48222.5 44262.9 43790.7 57707.9 47145.6 57059.6 19702.3 25026.6 29912.8 24556.6 21808.1 21941 19398.2 21030.8 31513.3 28370.5 29548.9 30193 59622.7 50145.4 56813.2 69675.4 24483.1 47259.3 63939.5 43775.1 50419.8 47472.1 44996.9 53496.3 27081.4 15933.4 27976 22570.4 45468.9 44908.5 52664.1 45148.6 36573.6 41677.5 38844.4 28905.3 30876 99940.5 71669.4 37098.3 26762.9 29087.9 60964.9 25866.4 42723.2 26555.6 59459.6 100352 97199.9 29074.9 39350.3 57184.9 12162.9 22820.5 22482.6 24012.2 13712.6 10358.4 18537.1 23476.5 23291.5 21511.8 21643 21516.5 22102 23021.8 21989.7 25505.7 20264.6 12015.6 12011.3 14220.7 13490.3 16725.6 19783 17493.6 18678.5 32474.7 25186.8 24273.3 28781.1 26546.3 29864.3 31709.1 28953.1 23256.6 30528.7 26137.6 24034.1 29512.1 28254.8 34216.6 31053.3 24017.7 29019.2 30390.7 25302.9 29382.7 29564.3 18684.8 11777.3 33399.3 13543.8 25233.2 17152.5 19341.2 48960.4 16597.8 11944.1 8209.77 40189.4 8678.56 25533.9 36019.9 17301.9 19834.1 16922.7 22193.7 14925.5 15725.6 12832.7 11626.9 13541.8 14394.1 13028.5 15889.5 15146.9 25701.7 44277.3 48229.6 49245.2 51788.1 48342.4 57898.2 22369.8 32070.9 39015.4 41888.8 36123.5 32616.4 37561.6 39969 34689 23652.8 27272 29293.9 36814.6 20539.4 23964.6 19770.5 29544.3 26761 22910.4 22097.6 25045.9 28396 21992.4 23930.8 12541.6 25015.6 17143.6 22715.4 25984.2 22699.3 27279.8 31189.1 35014.2 17002.7 22169.9 14891.9 25824.5 22351.3 26076.1 29169.2 25412.6 22848.9 20610.8 21373.5 23582 19051.2 40981.3 18264 19435.8 19190.4 12764.4 12442.2 19704.6 14607 39256.5 25293.6 23930.7 39986.1 24988.5 25605 24534.4 31376.5 40994.8 27079 21916.4 24588.6 12658.5 19720.9 13736.4 
24811.1 24709.6 26555.1 28710.2 12907.7 0 9079.65 18007.4 18335.2 14909.7 20193.2 11244.4 12084.2 31961.4 43069 26658.6 34444.9 28889.4 37639.7 32795.3 37865.3 35117.6 39852.4 31474.5 31476.5 30394.4 22827.5 28193.9 31748.4 37151 37477.6 33085 32610.2 46462.4 36642.1 45816.1 17666 17428.4 19789.3 13921.7 18777.3 18363.5 16376.8 17663.2 25652.9 25943.3 22857.8 23972.5 52245.5 40733.2 48122.6 60378.9 16155.6 40510.9 55264.6 38321.1 41895.5 39978.1 42014.2 45146.9 25330.2 16412.5 25876.8 19826.1 39511.5 37488.7 45582.5 43414.2 28989.8 34592.7 29522.6 22118.6 23847.9 99727 79673.3 39098 32862.2 36794.1 60481.7 32932.8 50970.9 27815.6 62100.4 108057 96251.6 35712.3 42427.3 58448.9 14646.6 16081.5 17540.2 18518.5 16695.9 15950.2 15429.7 16068.1 16068.1 15866.6 14182.8 16160.7 17472.1 15430.9 19466.7 17962.3 20275.5 12501.2 12918.9 15434 13848.7 21034.3 14924.8 15574.3 16379.2 25253.4 18092.2 19835.8 18200.2 22191.1 23803.2 22875.5 24301.4 21976.9 21974 20976.2 20347.1 19592.8 19198.6 28659.1 21309.6 16496.9 23331.5 21275.6 22950.9 23277.5 31993.4 15501.3 13600.3 33529.6 12542.4 25765.5 16039.3 17611.3 58103.7 14022.4 7917.07 12020.1 37934.6 9199.9 24526.5 39392.8 15744.9 18289.1 17002 22697.7 8943.67 14220.9 16982.2 12738.7 14864.3 13127.7 11729.8 14979 14657.3 25758.6 38865.1 42902.7 48543.5 47045.3 43909.3 53517.8 26244.9 33119.5 32594.5 35659.3 27979.9 30191.3 30204.2 34163 27891.5 23084.7 26945.8 28678.1 35721.4 18406.5 25585.9 18309 28345.2 23274.2 20822.8 20786.5 20698.8 23733.9 19909.1 18236.2 16570 25006.7 16095.8 22763.6 26933.3 18085.8 28945.9 30614.4 35231.8 20055.5 24812 15926.8 27072.8 20001.6 23852.4 24753.2 24179.9 22845 21101.2 20174.6 22233.5 27031 43861.9 17046.2 18719.5 18847.8 15132.1 13873 18726.5 24583 39471 22652.5 15557.2 39096.2 15663 16040.6 26283.3 32965.1 41747.7 32776.1 23505 22937.8 17567.9 16393.7 20968.8 
29566.4 28782.9 29719.9 32969.7 11261.1 9079.65 0 22543 22488.3 16430.9 25561.6 10333.4 12626.9 30661.8 47975.7 25591.6 30295.9 27440.8 35865.4 30709.7 36904.9 30905.2 38471.8 28084.6 31156.9 28652.5 24865.3 26361.5 31076.5 34362 40579 36337.7 37352 50476.6 38925.6 49376.3 14882.8 20473.5 23779.1 18397.3 15783.3 15023.2 15728.3 16777.9 28245.7 25946.7 26335 23608.7 51607.9 42061.4 48899.1 61462.4 14440.2 39765.4 57394.7 36484.1 44561.3 42197.3 42588.7 47512.4 29544.9 15757.3 30307.9 24290.8 40651.7 38716.6 47093.1 43364.9 30879.2 36621.7 32892.2 25413 25249.1 103706 76267.3 42844.9 30195.6 37808 64423.1 27014.9 46428.8 30408.4 60814.6 110598 98986.7 34536.8 38428.5 57838.8 16172.5 18816.6 14456 21040.5 11541.8 11980.7 12870 16666.4 16868.5 16655.7 15218.3 16790.3 18047.5 18387.1 18899.3 24605 20820.8 13325.6 13377.8 12461.2 17218.5 15791.3 11671.2 12884.5 11580.7 25748.3 15841.5 17102.1 21006.7 19264.7 22223.8 23087.6 22924.2 18527.3 20139.8 18351.2 17100.6 20895.7 19449.5 27778.1 22689.5 15914.7 21527.3 21526.5 19074.7 20157.3 35135 19264.2 12799.8 37426 13305.9 29988.9 17821.7 19368.5 57945.9 16409.8 9519.1 8555.31 40596.6 11711.6 28876.5 43613.5 17502.1 20046.4 20730.6 26498 9748.78 18289 18960.1 15576 17729.6 15320.3 14469.2 17673.8 15833.4 30673.3 40817.3 44396.2 47064.3 48291.6 43893.7 55490.2 24215.2 33537 37278.6 40244.9 34254.5 33638.7 36009.3 38099.5 26823.9 26215.6 29327.3 31801.7 37622.2 18210.8 27413.9 16040 30856.1 28027 23908.5 21981.4 25236.2 27125.1 21934.7 21048.1 18793.5 27093.2 17698.3 24370.3 28328.8 23288.8 30678.4 30429.9 35889.4 23764.5 28922.6 19236.8 32025.7 19007.8 27001.7 26479.6 25012.5 26406.3 24571.5 24141.7 26303.2 25668.9 49002.6 21128.1 22835.3 22052.3 15603.3 16897.5 21720.7 25203.1 43481 27225.9 13763 43056.3 16997.4 17591.6 31350 38047.7 47069.8 31590.6 28619.3 28594.7 11119.9 14796.5 17382.7 
19442.3 19276.2 20339.1 21860.9 17316.2 18007.4 22543 0 5747.35 10528.5 4983.37 17106.4 15838.9 30572.4 25844.4 41912.9 44443.4 43285 50028.9 48959 51321.4 46883.7 48006.5 42811.5 46195.2 42856.6 35622.3 40062 43515.6 48813.2 46492.6 41038 40500.7 54217.2 44724.8 53673.9 24626 21931.7 28554.9 21714.8 24885.5 27085.5 18845 20150.3 24261.3 25643.3 21797.9 24248.6 63117 48584.8 55267.4 66979.8 27955.8 47227.7 59338.5 50571.5 49286.7 41528.5 49589 50886.9 22432.3 17284.9 20869.5 16318.5 39760.5 40992.5 48014.8 35609.9 34536.7 36291.4 34201.9 24095.5 28181.5 89432.8 75393.3 35287.2 31787.9 32191.8 50195.2 34695.2 50477.2 24021.2 59589.2 97846.8 90954.2 33650.7 44957.3 58126.4 17222.3 18551.2 26675.9 20410.4 23828.4 23454.5 22938.9 22980.8 22334.8 20025.6 18942.3 19785.3 19669.2 21335 24024.6 16514.2 23370.1 16730.4 16943.7 21529.6 11240.3 27492.1 24355.5 21731.3 26589.5 31488 25862.9 24878.5 25540 27504.5 31374.8 32082.3 30265.7 25423.5 32873.7 28452.6 25824.6 28561.6 28420.7 33946.8 30290.2 25853.3 29682.2 29925.3 27818.4 29687.5 28740 14669.3 17655.2 30119.5 13076.2 21614.8 12981.8 13487 52088.7 11195.1 15011.7 18807.1 34109.2 12048.6 20958.2 32434.8 11980.8 14073.2 12261.1 13530.6 16719 11003.9 12508.1 9145.68 9329.67 11508 12464 10887.6 14374.6 18660.4 39048.5 42509.9 46387.7 47866.3 44534.6 53648.3 22968.2 25932.1 29117.4 33463.8 27240.2 23713.8 28502.4 31479.7 37079.8 21586.4 25722.6 27563.7 28826.5 29198.2 18306.3 28440.9 26103 22037.2 19293.5 19776.4 17132 24652.3 16270.3 20065.3 11468.1 22258.2 16415.7 21828.2 20083.3 17240.7 26072.4 28816.1 28722.5 8009.72 8521 7511.36 12000.1 29970 20781.8 24566.8 25138.8 12203.8 8856.07 12246.9 14707.9 22843.6 30747.7 14272.2 13474.8 16879.7 11430.1 14230.1 16554.4 18618.4 32125.3 16338.3 29074.9 30352.4 23824.1 25355.1 11219 16429.8 29364.2 30645.3 11398.5 16221.1 25889.3 22239.6 20604.9 
18323.5 18180.1 19764 19635.9 19550.1 18335.2 22488.3 5747.35 0 13275.9 6641.95 17303.2 13715.1 33536.3 27577.3 39665.6 42727.5 41537.6 47860.9 47499.5 49427.8 44770.4 45331.6 40910.9 43560.5 41347.5 37310.5 38657.4 41072.1 46505.4 43619.3 37873.9 37314.5 51147.1 41364.4 50515 22411.6 18777 25397.3 18512.4 22034.6 24307.7 16462.7 17975.4 19856.6 21512.7 23497.4 19003.9 59005.5 45767.3 51016.3 62745 25071.6 43816 55025.9 47797 46918.8 38041.4 48880.5 46863 20746.3 19410.5 18590.2 13760.4 35654 36768.4 43669.9 36806.9 31834.7 31851.8 29675.1 21944.2 25955 86699.6 78027.3 35842.1 33007.3 32988.1 47468.9 37421.9 51522.2 25584 61730.7 100997 90452.1 34975.8 47634.3 59800.9 19209.8 15982.9 24078.9 17535.4 22906.4 23133.6 20694.5 19659.7 19395 17094.6 15806.7 16799.3 16657.4 18466.3 21526.6 15403.3 20239 16583.8 16623.5 18953.8 12679.8 26372.6 22530.5 19433.9 24808.5 28793.7 22615.2 21784.2 22253.9 25001.8 28743.6 29021.9 28436.6 23613.1 29748.1 25932.2 23446.6 25271.9 25192.1 31366.9 27181.4 24743.6 26840.1 26624 25899.9 26376 30253.5 12522.5 17688.1 29353.1 12173.2 19540.6 11463.1 11670.7 54722.4 9741.34 14498.2 19840 31429.9 12844.6 19673.1 34937.6 10465.8 12214.4 11809.6 10602.7 16102.1 9653.33 12558.7 9713.56 8787.18 11434.6 11889.6 10210.6 13228.4 21793.4 34442.3 38707 42920.5 44323.2 40870.8 49944.3 22414.1 23120 24354.9 29415.8 23151.4 19816.5 24469.6 27125 33941.3 19313.2 23002.9 26824.5 24902.2 29087.6 17026.4 27225 23167.2 17778.5 17774.1 16586.4 14920.5 24088.7 13187 16395.9 14587.4 20678.1 13272.4 19876.3 18071.5 16054.3 25718.6 25541.3 24843 12066.3 13186.1 8364.23 10566.3 29663 17395.6 20867.4 23286.1 9548.91 6715.57 9016.45 11735.4 26844.4 33943.8 12890.6 11474.7 14090.9 14095 16555.4 14195.3 21319 32570.8 18153.7 27315 27376.6 21605.3 22909.6 13850.1 17371.8 32107.5 32148.3 11975.8 16935.5 27681.3 24276.3 24325.3 
20438.2 21469.1 22364.7 26032.2 9772.51 14909.7 16430.9 10528.5 13275.9 0 12956.7 12424.9 13210.4 21110.1 33692.2 37556.4 40033.4 38649.5 46941.6 43618.4 46444 42361.5 46462.3 38378.7 43749.1 38284 27489 35851.5 40475.1 45228.2 46629.8 42018.4 41428 55088.6 45278.7 54692.2 22281 22075.4 28352.8 21602.5 23478.2 24611.4 18045.5 19618.3 29629.5 27988.8 25725.2 28395.7 63588.4 51360.1 58333.6 70858 25986 49215.3 63897.1 48062.6 51836.4 48293.7 47131.4 55012.1 24341.4 15878.7 24017.6 19328.9 45828.3 45256.4 52413.8 43498.6 36081 40884.9 37890.4 26115.6 29834.2 94372.3 75309.3 36476.7 31418.3 30519.2 55264.1 30960.1 48753.7 24276 60113.9 97410.5 92089.2 32865.2 45042.8 58320.5 8768.67 19476.8 25038.2 20989.7 18379.3 16691.2 21180.5 22768.7 22614.7 20378.5 19667 20374.4 20300.7 21208 23478.5 23976.4 22774.7 11793.6 13685.6 17929.5 10280.7 22578.4 21868.4 18718.7 22233.3 31345.8 25280.8 24120.3 26333.7 26668.5 30261.6 31774.1 28777.3 23759.6 31444.9 26877.8 24456.5 28370.7 28020.4 33521.5 30103.3 24149.1 29051.1 29714.6 26352.7 29349 29025.7 15591.5 15037.5 29420.7 11668.3 24835.5 12374.4 14108.8 51973.8 10930.8 11283.6 11937.3 38697.9 8972.7 22569 32931.7 12053.8 14690.9 12845.6 16760.4 13993 13024 10233.2 8190.04 9216.06 9901.81 9220.27 11601.3 11075.8 20679.5 42432 46935.4 49256.3 51355.9 48311.3 56920.4 21946.1 31713.2 34201.7 38861.2 32355.3 29308.3 33542.9 36708.1 37395.9 20945.2 25923.3 25292 35735.3 23172.8 20873.2 25069.6 29441.3 25276.5 21406 21787.2 21947.7 26010.7 19902 23104.8 7368.03 24518.9 17215.3 22939.8 25125.4 20971.2 23322.8 31356 33002 8565.24 13408.1 7846.03 19085.6 25180.2 24212.3 28262.2 25756.2 16668.3 14122 15693.7 18170.2 22845 33782.8 14023.6 15819.1 19408.9 11642.7 10923.8 18079.7 17104.6 37538.7 22210.9 27440.8 34280.9 24823.1 25600.6 16676.5 23659.8 34362.1 29989.4 14835.1 18902.3 16474.5 20069.9 15444 
18264 18739.6 19258.1 21304.2 19388.1 20193.2 25561.6 4983.37 6641.95 12956.7 0 19079.7 17186.9 32555.6 25138 43350 45698.8 44825.3 50935.7 50824.8 52592.4 48047.6 48619.1 44106.6 46961.8 44566.4 38220.1 41780.7 44306.9 49719.9 47308.5 41651.6 41122.1 55026.6 45515.5 54287.2 25666.7 22652.1 29314.4 22619.7 25857.3 28172.6 19934.8 20896.6 23528.3 24618.4 22919.3 25170.8 60943.6 47844.6 53216.8 65787.7 28887 46780.2 58299 49299.4 49882.2 40994.7 50602.5 50401.5 20412.4 18282.6 18187.1 13740.4 40575.9 40053.8 46891.3 36216.7 33403.7 34327.8 31601.3 23256.9 27271.4 87699.5 75321.1 35062.3 33163.3 34692.6 48575.9 38145 51912.6 23415 60402.9 97607.8 89681.6 35108.2 45884.2 58074.4 19519 19132.6 27519.2 21120.5 25836.8 26368.8 23827.2 23875.8 22869.3 20500.5 19628.2 20188 20346.1 21981.9 23811.9 17136.7 22898.1 18090.1 17430.8 20798.6 12462.3 28285 25626.5 23142.2 28646.7 32492.7 26811.9 25937.2 26399.8 28465.6 32335.6 33017.1 31284 26000.6 33872.9 29650.8 26837 29475.5 29446.6 34630.6 31083.2 28209 30721.7 30870.4 28476.4 30592.1 29696.8 14376.6 19837.9 28604.7 14957.2 20812.7 13541.6 14495.9 52172.3 12180.8 17800.8 21911.9 33817.7 14426 19511.5 33689.1 13064.5 14755.3 13050.2 11020.5 19424.5 10568.3 13907.4 11084.8 10063.4 13208.7 13821.9 11014.9 15310.9 18407.4 38863.1 42807.4 46041.1 46791 43498.4 52786.6 23602.1 25664.9 30025.3 34308 27820.4 24329.7 28194 31993.3 35436.3 20967.9 23436.2 27206.5 28818.5 28894.7 18035.7 27869 25319.8 20613.3 19032.8 19301.8 17601.3 23717.1 16568.3 18857.4 13505.9 21918.1 16138.9 21582 20892.3 16375.4 27129.4 27170.8 29048.4 9106.82 10142.5 7967.46 12010.2 30344.5 19152 22956.4 23092.7 12066.3 9691.97 11042.3 12770.1 25496.9 30374.4 13265 11720.7 18006.5 12585.3 14978.9 18460.7 20223.6 32391.7 16508.9 29804.8 28763.7 23978.1 26253.6 10698.9 15895.1 29435 32029.1 8501.07 15773.8 28726.5 26743 21946.9 
22239.9 20615.3 21768.5 26303.2 11584.2 11244.4 10333.4 17106.4 17303.2 12424.9 19079.7 0 5354.26 29222.6 41334.8 27397.6 32499.1 30342.3 37783.8 35099.8 39258.3 33501.4 37105 29454.8 32367.8 30867.2 28184.1 28129.4 31735.8 35732.9 37280.1 32879.5 33142 46812.8 35594.5 45839.1 10906.4 15281.2 19802.9 14221.5 12224.1 12403.5 7977.06 9579.85 26301.8 21201.1 25815.1 23695.7 53954 44962.7 50578.5 64572.6 14202.3 42644.2 58768.4 40287 46793.4 45245.5 45963.3 49916 21279.3 11211.7 22019.2 16587.4 42449.7 39565.5 46379.3 43109.5 28587 34816.3 30935.5 21531 22230.1 96437.8 80329.5 38605.7 36318.2 35325.5 57002.5 33351 52260.3 31911 63705.9 107815 90380.5 36913.6 48489.4 61693.3 8059.99 15062.2 12902.6 14507.2 9115.96 9822.77 9238.16 12871.7 13154.3 11012.6 10594.2 11809.7 11457.9 14058.1 16702.1 23780.5 17821.5 6877.21 9934.85 11223 11167.1 17948.3 9751.65 8952.15 10225.7 21021.4 14215.6 13181.4 17281.5 15547.5 18897.8 20830.9 17891.8 12954.9 19792.9 15294.7 13058.5 18083.5 17139 22979 19809.8 13441.4 18032.1 19153.1 15048.7 18411.5 32161.3 13657.5 13245.8 32252.2 6134.61 24113.7 8585.24 9417.71 58698 9645.83 7295.02 11309.8 35803.6 8450.75 21970.8 40049.1 7880.53 9979.25 13986.3 19694 5070.65 12089.4 15751.1 8896.18 10958.2 7406.48 6627.62 9862.25 7022.11 24728.9 37107.2 42321.6 43908 44970.3 41638.5 50560.9 22816.7 28807 34855.4 37719.9 31518.7 28443.8 32398.5 34769.4 27747.7 19372.1 22416.3 24562.4 34314.8 19716.6 21562.9 17138.9 25040.2 24932.1 20512.1 17864.9 22714.4 25081.2 18606.5 18554.4 12966.3 21524.3 13464.2 21197.7 24423.3 17966 25625.1 24930.2 30481.4 17943.1 23101.2 12344 25169.2 19246.4 19167.3 21690.9 18482.3 19358.8 17783.3 16077.2 18017.7 26995.2 43604.6 12922.3 15428 18316.3 13568.9 14562.3 16370.5 24411.2 37427 23940.9 16985.1 35327.4 16392.3 16851.8 25062.4 31672.2 42463 33453.3 22040.3 22772.3 12624.5 21091.9 18831.5 
19452.9 18918.3 17846.1 24789.2 13769.8 12084.2 12626.9 15838.9 13715.1 13210.4 17186.9 5354.26 0 30975.9 39818.3 26916.2 30834.1 29641.1 36092.8 35555.9 38034.3 32267.7 34386 28261.4 30989.6 30260.2 29671 27256.8 29119.7 33933.4 35850.2 31620 31148.1 45065.2 34348.6 44416.7 10078.9 11731.1 17180 11710.8 11005 11896.4 7190.39 9294.01 23522.1 19432.6 26203.4 20974.5 51626.2 43817.9 47713.7 61793.1 12863.4 40382.7 55930.4 40912.8 46144 43603.6 48216.2 47172.5 17834 12446.7 18150.5 12332.4 40685.6 36832.4 43568.6 42336.7 26074.6 32021.2 28423.6 17190.1 19786.8 92436.9 82388.2 39741.8 37244.2 37974.8 52978.2 35945.8 54923.5 31991.6 65644.5 109083 86798.3 38919.4 50868.7 64104.7 9715.18 10347 12088 11348.1 9966.22 10675.1 8830.98 10957.9 11076 9074.55 9190.84 9113.47 9898.45 10239.2 14338.5 23083.6 16223.6 6229.17 8613.34 11539.2 10664.8 17647.8 9362.31 6932.2 11921.7 19949.7 12948 12065.9 16056.1 14708.8 17779.7 19552.6 17504.4 12736.9 18450.9 14114 12151.7 16826.7 15887.5 22145.7 18478.9 14970.1 16814.9 17930.5 14651.7 17143.9 34186.5 11859 15635.4 31695.4 3439.51 22428.6 5250.97 6741.52 60021.5 6312.76 6965.47 12978.2 33574.3 10234.9 20339.3 40438.3 5789.34 7419.41 12060.3 15921.4 6311.01 9113.37 15699.4 8463.94 8196.16 4923.64 5214.63 7539.32 4899.62 23694.4 35068.8 39990.5 42591.4 43149.4 39642.3 48797.2 22527.7 26906.3 30186.5 35511.7 27745.3 25724.7 27544.6 31976.5 25444.2 16657.2 18541 24614.8 31921.3 21884.9 19337.5 19354.3 22307.3 22239.3 19311.8 15807.3 18410.3 24972.1 14281.5 16759.5 14660.5 19565.6 12082 18707.8 21720.7 17995.9 25113.4 23409.2 29216.2 17053.7 22074.5 10946.2 22962.2 20004.4 17594.4 19675.8 17131.1 15472 14839.4 12181.9 14240.2 28832.4 42950.6 10345.2 11748.8 16186.5 13478.3 15591.3 14817.7 27000.4 37942.6 23627 15090.9 31369.4 13966.8 14426.3 23894.5 30268.9 40779.7 35669.2 20487.2 21797.1 16995.6 23624.9 21143.2 
39771.9 40547.9 41510.8 46441.3 21819 31961.4 30661.8 30572.4 33536.3 21110.1 32555.6 29222.6 30975.9 0 52068.6 50658 51954.1 48220.2 60994.3 49285.8 53777.4 51689.2 62024.4 52183.4 58335 49045.4 25978 47532 54388 57316.5 65342.9 60054.5 59495 73127.9 63534.9 72695.6 37552.3 40800.6 46997.7 40095.2 40109.2 40241.5 36295.4 37933.8 50073.6 47746.8 44237.6 48546.4 80239.4 70695.7 77477.8 90380.3 43227.5 67940.2 84251.2 64787.8 71221.1 68514.7 65324.5 74528.1 43859.6 35483.8 43235.8 38548.8 66361.9 65349.5 72712.2 63443.4 55831.7 60911.5 57484.5 45235.5 49270.6 114160 80314.6 56892.1 39651.8 45268.9 74839.3 28581.2 40647.2 41962.2 76521.3 102176 110920 38746.6 44572.1 73826 23488.4 38135.9 40597.6 39461.8 28130 25064.1 36672.2 41255.4 41375.4 39090.7 38189.5 39205.9 38958.4 39896.2 42430.1 44982.8 39917.9 29715.5 29746.4 33505.8 29700.9 30974.3 38043.2 34046.8 36559.7 49701 43344.9 42283.4 44132 44324.3 48104.2 50037.3 46661.5 41188.7 48731.6 44091.8 42031.1 46863.4 46194.2 52000.9 48688.3 42037.3 47059.2 48123.2 43670.5 47594.5 42592.4 35082.4 31949.5 49305.5 30429.9 44012.9 30638 31604.4 60614.2 29161.9 27450.3 26600.7 59372.3 28113 40526.9 50696 29903.6 32131.3 31527.7 36245.7 32316.6 32956.6 29180.3 27709.9 29440.6 29111.1 27261.1 30473.1 29252.7 39776.7 62258.1 67111.1 69072.3 71523.4 68447 76635.6 40785.6 52482.2 54275.6 59105.4 51942.6 49149.8 53340.5 56621.6 55822.1 39310.3 44373 43041.2 56698.4 39099.9 41666 40761.8 49177.9 45165.8 41560.8 41897.7 42740.1 45246.8 40467.6 43017.2 23573.3 44724 37377.4 43280.3 45980.9 40455.1 42587.5 51018.5 53386.1 25592.4 30346.1 26300.5 39150 41406.2 43618 48180.2 45391.3 36421.1 33933.6 35201.3 37240.9 28883.5 52106.7 32808.2 34671.2 39053.1 30344.7 26558.7 38141.7 24030.4 57914.1 42603.5 44034.2 53526.9 44548.9 45233.3 35340.3 43236.9 52029.2 44527.9 34030.2 38280.1 26869.4 37094.9 24899.9 
41766.6 39485 43005.8 33340.3 41613.5 43069 47975.7 25844.4 27577.3 33692.2 25138 41334.8 39818.3 52068.6 0 66326.1 69089.2 68054 74363.5 73992.4 75982.8 71349.5 72253.4 67443.1 70395.2 67705.9 60000.1 65025.3 67734.6 73147.7 70712.7 65057.9 64527.4 78364.9 68620.8 77693.4 48475.5 46046.2 52679.6 45805.3 48990.3 50952.1 42739.5 43436.7 36415.3 41658.9 39891.4 34093.9 84342.3 66079.6 71887.4 79394.5 52013.7 59098 72102.4 72236 62285.4 60661.2 62340.2 62193.5 45233.6 41897 42921.6 38616.6 40239.1 52668.2 61249.3 26577.6 58191.6 52434 54099.3 48071.4 52136.2 97014.3 68827.4 52144.2 29617.1 39330.5 63678.2 56166.4 61616.9 41907.7 62242.4 74199.7 113831 33900.5 38639.7 64012.5 40800.2 42798 50780.7 44697.6 48313.7 48674.5 47014.6 46960.6 46600.3 44292.4 43022.3 44000.3 43807.6 45624.8 46463.9 30897 43621.4 40451.6 40258.6 41554.4 35416.3 50521.3 47988 45429.9 51266.1 55369.5 49819.3 48800.2 49250.2 50941.6 55297 56229.9 53395.8 48541 56787.2 52185.1 49472.6 52555.7 52349.8 57704.7 54437.8 50654.9 53572 53858.7 51246 53640.1 42021.6 36255.9 39876.7 47412 37739.4 42795.3 36105.8 36983.8 53197 34913.7 40368.6 44042.3 52943.2 36479.6 41543.3 46183.1 35481.1 37257.4 32238.2 33583.7 42050.5 34696.1 34206.4 32907.1 32332.2 35654.9 35812.8 33406.4 37304 41650.1 49712.4 51122.8 56628.8 60481.7 57844.1 67750.1 39268.3 40719.6 36661.9 39421.3 35816.7 27316.7 40873.1 37374.9 59728.5 35448 42929.1 46104.2 43080.4 52406.3 40250.6 50634.4 42318.9 42755 40162.6 41946 39410.8 44987.4 38716.9 42686.8 34028.5 44676.9 39502.3 45121.3 40498.1 38726.2 38048.7 43077.7 33164.3 27921.5 23450 29771.8 19830.3 54868.9 37939 41756.2 47270.4 25592.4 25996.4 30019.1 30624.4 40524.6 29501.6 33044.6 31262.6 28406.6 33793.6 36346.1 30904.6 35294.8 37848.9 23770.9 53304.8 45418 47990.4 49566.4 18737.3 23545.5 43032.2 44249.2 29184.9 34181.2 49921.6 40965.3 39222.5 
46070.4 44905.7 44259.8 50430.5 33768 26658.6 25591.6 41912.9 39665.6 37556.4 43350 27397.6 26916.2 50658 66326.1 0 26045.1 12509.4 24737 17222 19760.1 21264.8 33978.2 20654.3 14316.9 12766.9 28603.3 13073.5 15674.1 21010.5 23881 22939.9 16841.4 31239.4 25540 30187.1 26298.2 22265.1 16522.3 22396.9 28132.3 27899.9 29695.5 31130.6 43535.1 43755.5 41150.7 40570.8 64998.7 54495.7 57884.2 71617.6 24930.9 53240.4 67640.2 51809.2 54156.7 51141.1 63108.6 56854.5 43804 37648.5 43877.7 37742.6 51598.9 48352.8 60761.2 55615.5 45100.2 52949.7 46735.1 35075.3 40468 118718 96272.6 64501.4 51616.4 61455.9 79273.3 46629.7 67927.4 51167.3 84572.9 132189 112430 57836.4 60489.1 81257.6 33087.9 27860.8 25520.8 25936.9 24349.5 28486.8 23945.1 24036.2 24476.4 26339.6 27359.2 26870.8 27477.6 22993 37496.1 39169 38565.7 29254.9 28686.6 29177.2 36533.8 31626.1 25298.3 24313.6 24628.1 34649.8 28413.7 31523.8 25592.5 33217.8 33900.3 31681.6 34839.3 32958.6 31169.9 31809.5 31646.4 27222.1 29589.7 39194 30626.6 31136.5 33831.1 28826.3 33066.2 33218.4 57360.7 36547.3 36257.1 56300.3 29103.2 47409.2 30942.5 30641.2 79926.3 31453.5 27547.9 30427.3 58617.2 32819.9 45583.1 64383.9 31045.4 31315.6 37500.9 42424.6 26554.5 35341 39457.8 34252.7 34484.1 31044.4 30788.1 34045.7 29458.1 49667.2 56313.1 60037.7 65945.8 63067.6 60954.8 70558.5 44119.3 52207 50141.2 56355.6 46118.6 50557.3 49020.5 53429.5 42139.5 40773.6 43272.9 48672.1 56271 39684.3 45837.3 36408.3 46726.9 45820.1 44105.4 40824.2 40198.2 47935.9 38774.8 39790.4 39199.4 44603.4 37149.7 42937.3 46722 40865.3 49568 47614.2 55147.3 43340.8 48461.8 37477.5 49629.5 36105.1 43335.4 43317 41995.5 41990 41506.7 38408.6 40582.7 49604.5 68989.6 36143.5 37942.8 39683.7 36390 33642.7 39474.8 47604.1 63060.6 47070 25866.2 57886.3 28066.6 27511.2 50423 56843.3 66415.1 53855.9 47029.5 47476.8 31473.2 33313.1 39704.7 
48694.7 47591.5 46787.2 53905.3 36505.2 34444.9 30295.9 44443.4 42727.5 40033.4 45698.8 32499.1 30834.1 51954.1 69089.2 26045.1 0 18301 13553.8 27666.3 20270.1 10194.7 15436 8625.69 20660.7 17237.6 36745.7 14892.6 14484.1 11166.8 47067.4 45460.1 38963.6 55779.1 49319.7 54752.3 28976.3 28520.1 32696.3 33633.4 30375.9 30224.5 36440.9 38191.5 48118.8 48142.5 51707.9 46361.1 66218 58754.7 62106.1 78041.1 33810.2 55892.7 73349.4 54256.5 62784.5 59261.4 69332.1 65985.9 45865.9 40004.4 45882.9 40256.8 55967.2 52086.1 64780.7 56048.1 49666.1 57968.7 52404.1 38262.3 44739.5 120891 93995.4 67963.2 53617.3 64990.4 81561.8 41961.8 64776.2 53023.5 88180 134097 114266 61080.8 63266.4 84395.6 37423.8 28785.6 26830 28402.6 27295.8 32654.9 29416.5 31629.4 29389.7 30151.6 33844.3 30059.1 31910.7 27835.2 42560.3 48147.2 41892.2 31774.2 31336.6 31114.2 39844.4 29607.7 32937.6 27486.2 27561.5 47510.5 35745 37464 39538.9 39513.7 43110.5 43588.8 44025.4 37939.3 38466.3 38760.7 37182 40070.2 39976.1 49127.4 43090.9 40659 42558.6 41044.4 37039.9 37273.7 60240.5 39408.7 39848.5 58002.2 33006.4 50019.1 34519.8 35539.5 80497.9 34968.6 31704 32666.7 62626 37550.2 47086.1 67406.1 34954.4 36262.7 40128.8 45029.8 33009.4 38669.8 41877.9 38103.5 37344.6 34118.8 34063.3 36956.2 33411.3 51271 64490.3 67995.3 66975.5 69779.3 65445.1 77807.6 44885.2 54801.9 55409.2 64908.1 55275.1 56006.1 54755.2 61731.7 42250.3 43557.2 45915.9 51041.3 59721.1 42348.3 47625.9 41289.5 51436.3 49980.2 47962.5 45147.3 46135 52950.3 42354.2 44695 43273.8 49107.6 40691.8 46456.2 49888.9 44789.1 51910.3 49131.1 58865.7 46085.4 51096.9 40815.7 52376.4 38718.9 47274.5 48465.1 45255 44779.2 44321.3 41218.7 43321.8 51518.8 71356.3 38836.9 40455.8 44066.3 38710.5 36294.7 43398.9 50092.8 66641.9 51475.1 29592.4 60633.5 34730.1 35937.2 53101.8 59466.2 68358.8 55644.7 49568.3 49987.2 32496 40248.1 42234.3 
47714 46488.1 46070.4 52418.4 34673.3 28889.4 27440.8 43285 41537.6 38649.5 44825.3 30342.3 29641.1 48220.2 68054 12509.4 18301 0 21495 11601.1 11244.1 11001.3 30863.1 16847.1 15158.5 6596.01 24261.5 7728.67 13441.3 16108.1 33244.2 32067.1 26740 42483.1 35819.9 41301.3 29972.4 24307.5 21203.9 25967.3 31613.2 31452.8 33966 35067 46022.5 47189.5 45051.2 44298.8 67599.8 57424.5 60827.5 75764.2 29757 55489 70969.5 53229.5 57197.2 54753 65861.6 60775.6 45837.4 40006.2 45498.3 39363 54368.1 50535.8 63091.9 56777 47702.3 56028.7 49794.8 36434.9 43213.6 120424 95823.5 66632 53124.4 62429.2 80893.7 41814.4 65682.7 51941.1 86959.5 132839 114051 58572 61335.7 82453.5 35165.3 27906.8 27716.9 26481.3 24586.6 30076.8 27522.6 28105.2 26069.7 28350.9 30450.6 28555.6 30450.2 24427.2 40966.2 42354.3 41387.7 31130.8 30644 31927.9 37924 29786.3 29648.7 27907.8 27828.9 40858.6 33033.9 36144.1 30254.4 37640 39458.6 37440 40397.6 37450.6 35768.4 36485.2 35945.3 32902.3 34571.7 44752.3 36325.8 35789.6 39310.5 34384.6 37439.9 37548.5 59572 37983.6 38413.2 57239.3 31524.8 49197.6 33223.2 33548 80047.5 33403.4 29504.1 32299.4 61124.3 35031.2 47073.5 65425.2 33185.4 34329.2 39050.3 44088.4 29310.7 37187.8 40619.6 36259.9 36511.7 32797.8 32697.1 36085.5 31770.2 51260.5 60700.7 64486.7 69005.9 67460.8 64591.6 74836.1 45839.6 55054.2 52044.2 59541.7 48487.6 52999 50689.6 56705.1 44207.3 42536.4 45263 49814.7 58930.4 41840.5 48305.2 38028.2 49156.5 47996 46541.4 43620.6 41992.1 50436.1 41192 42480.4 41296.7 47285.4 39852.8 45576.5 49353.9 42854 50652.1 50397 58075.2 44982 49993.5 39393.3 51353.9 36793.9 45714.7 46274.8 44753.1 43837.5 43320.3 40283.3 42371.1 50196.1 70537.7 37733.4 39512.5 41752.6 39100.4 35136.3 41704.3 46999 65250.7 49338.3 28709.7 59692 31286.4 31274.7 51998.4 58362.8 67921.9 55985.6 48555.9 48828.9 33334.4 35862.9 41543.4 
53769.7 53478.2 52694.3 58530.2 43624 37639.7 35865.4 50028.9 47860.9 46941.6 50935.7 37783.8 36092.8 60994.3 74363.5 24737 13553.8 21495 0 31521.7 21852.5 13978 15496.3 12913.6 15326.2 17373.3 40750.3 16359 10469.1 10443.9 43938.7 43425.3 33804.6 50634 45787.1 50677.1 32096.7 32600 33543.8 36815 33390.8 32917.9 41369.3 41881.4 52227.9 50795.2 52284 49279.9 67601.1 58192.5 64474 76255.1 35908 57473.8 74265 58158.6 64658.4 59972.1 73180.7 66238 51659.5 43592.1 52001.5 46123.2 56821.1 53189.1 67428.9 58471 52346.5 60968.5 55507.3 43434.2 48714.9 126868 100885 72709.2 59790 71181.5 87578.9 46220.9 70323.3 59956.2 91198.6 141171 120439 67339.9 67175 89357.3 43892.6 33447.8 31447.2 34308.6 36487.2 41123.6 34329.3 34458 33082.6 34998.1 38492.9 34515.9 36752.3 32178.4 46026.7 50179.6 46199.2 39128.5 37915 36899.6 45153.8 37559.3 36492.8 32880 31099.4 48799.8 38281 40069.4 40680.6 40997.5 44314.2 43988.8 45863 40410.3 38786.7 40036.3 39236.3 41143.1 41445.5 50317.1 44391.2 41595 44216.4 41039 38405.5 38222.7 65108 45422.9 44749.2 64367.5 38439.2 54888.6 40493.9 41851.5 88197.1 40516.7 37238.7 37681.8 66803.4 42848.3 52451.5 73231.3 40385.8 42529.4 45869.6 50629.4 37596.2 43442.9 48673.5 43345.3 42810.1 40084.6 39789.5 41962.3 39569.1 56728.4 66300.9 69115.3 66726.1 70734.6 65230.2 80104.5 52113.6 57560.3 58576.3 67537.8 57931.1 60322.7 57989.2 65309.5 40449.4 50221.7 52039 58167.5 62368.8 45015.7 51041 46454.5 56412.2 53834 51436 48600.2 49356.5 55679.4 46381.8 47393.5 49010.1 53418.8 44467.5 49717.1 53541.6 49500.1 59161.3 51580.9 61997.2 51617.6 56491.7 45999.1 57453.3 45154.1 52353.3 52331.2 49470.7 50500.3 49396.2 47349.6 49230.3 57942.5 77035.1 45020.1 46413.1 48647 43367.9 42265.1 48858.7 57779.9 71089.6 55523.4 31214 66493.6 35969.2 36772.9 58355.4 64682.5 73808.7 60034 54749.1 55751.6 38059.9 44066 48542.7 
53696.4 52236.8 51847.1 57557.1 38359.5 32795.3 30709.7 48959 47499.5 43618.4 50824.8 35099.8 35555.9 49285.8 73992.4 17222 27666.3 11601.1 31521.7 0 13732.2 21174.3 41187.6 27560.4 21255 17096.1 24333.6 15972.5 24150.8 26276.8 35236.8 32019.7 32008.9 45467.6 36653.2 44446.1 35551.6 30012.5 23953.3 30365.6 37000.2 36485.2 38157.5 38953.1 50272.7 51891.2 47261.3 48754.7 71776 61034.1 64584.8 78020.7 33101.3 59765.3 74424.2 57505.3 59586.6 57615.5 68163.3 63554.8 51552.8 44918 51547.6 45412.3 59275.4 55574.1 67176.9 63101.9 52478.9 60232.5 54060.1 42349.3 47846.7 126387 100446 71100.4 57186.8 65340.3 86943 42092.5 67264.2 56677.8 90395.9 137113 120100 62157.6 63968.5 86437.2 40231.2 34760.9 31963.1 33233.5 29249.8 32764.9 32517.4 33575.8 31858.3 33654.2 34988.2 34476.5 35482.5 30147.7 45532.6 46171.2 46843.4 36265 36230.9 37640.3 43529.5 32972.6 33436.9 34019.8 32979.1 42694.5 36816 40191.3 33061.3 41561.4 42037.2 39818.6 42976.3 41821.6 39238.6 40163.8 40575.5 35204.3 37992 47330.9 38532.1 38536.6 42233.5 37102.1 41535.2 42147.5 63868.9 43405.3 42489.3 62391.1 37070.6 54839.5 38996.7 39391 83700.6 39341.8 34807.2 36921.8 65779.3 39283.4 52923.9 70417.2 39147.3 40068.8 44907.8 50088.1 33798.7 42734 45253.7 41743.5 42342.9 38466.8 38507.8 41650.4 37413 56756.8 63329.4 67210.8 73945.5 70184.7 68217.6 77627.5 51037.8 60600.3 58026.7 62686.3 53967 57762.4 56672 59806.3 48972.2 48518.8 51532.4 55075.9 64639 45976.8 54228.9 40559 54310.4 53390.4 52144.8 48619 48002.9 55370.4 47355.8 47481.7 45680.2 52399.7 45154.5 51493.6 55307.6 47535.7 55554 55842.4 62840.2 50730.7 55742.3 45331.8 57299 40617.2 50495 50695.7 49700.9 49825.7 49302.8 46271.5 48359.3 52756.8 75946 43629 45468.6 47284.6 44740.7 40558.5 46693.4 48979 70317.6 54244.4 33288.4 65680.1 35853.7 34942.9 57747.1 64274.8 73692 60348.4 54555.4 54526.7 37228.6 39066.8 45559.2 
55562.4 54485 53896.4 60376.5 43271.4 37865.3 36904.9 51321.4 49427.8 46444 52592.4 39258.3 38034.3 53777.4 75982.8 19760.1 20270.1 11244.1 21852.5 13732.2 0 14075.6 32959.1 20651.5 23409.1 10776.3 30031.5 15671.2 14399.1 16369.1 40196 40302.2 29732.1 46300.7 43515.2 46289.3 39655.6 32761.2 30810.9 35052.4 41296.4 41308.2 42931 44264.5 54166.4 56238.9 54340.3 53313.6 77077.4 67392 70202.7 85829.9 40017.9 65253.5 80077.6 61942.7 66702.3 64334.7 74867.9 69860.2 53425.3 48640.6 52889.1 46845.5 63495.5 59313.7 71990.5 65799.3 56234.5 64738.2 58114.7 44157.6 51384.9 127889 105075 75047.2 62127.6 70848 88422.2 49988.9 74151.4 59527.8 96495.5 140601 121431 67066.8 70512.3 90865 43681.8 34572.8 38054.6 34343.2 33229.4 37866 37420 37143.8 35171.3 36874.2 39260.3 36838.2 39037.7 32532.5 50009 51588.2 50073.5 39590.8 39153.7 41267.7 45981.7 38114.8 39950.3 37441 37871.3 50819.2 42901.5 45551.6 39459.8 47832.6 49505.7 47473.6 50252.1 47347.4 46230.9 46749.1 45812.3 42862.9 44313.8 54494.4 46286.5 45605.9 49298.5 44177 47455.1 47563.7 67917.4 46126.4 47537.7 64784.9 40174.2 57099.7 41098.2 41626.4 87794.8 41373.3 37677.7 41101.1 69305.7 43854.6 54681.6 73258.3 41234.5 42471.3 47074.5 51890 38462.3 45368.6 48382.2 44601 44746.2 40859 40742.7 44095.9 39807.5 58920.9 70101.4 73954 78790.5 76922.2 74647.9 84153.5 54465.4 63658.1 59883.9 68388.1 57332.3 61398.1 58564.5 65546.4 54024 50450.8 53629.5 57851.1 67641.3 50830.1 56872.4 46939.8 57981.2 56224.3 55358.7 52434.2 50114 59341.6 49742.3 50932.8 49691.6 56282.8 48686.8 54269.3 58091.4 51247.9 58414.7 59914.8 66974 52979 57990.5 47375.4 59244.1 44546 54149 54954.9 53543.5 51639.5 51189 48079.2 50182.1 57334.5 78753.5 45730.4 47420.7 50268.8 48278.2 43174.1 50175.8 54327.2 73581.2 57956.7 38444.1 67493.6 40337.1 40736.1 59995.3 66359.8 75661.2 64312.3 56436 56865.2 43023.1 45053.2 50251.8 
