239 239
0 21949.3 10606.9 21451.1 35819 30724.1 35345.5 21827 21696.7 20569 22922.4 20501.4 24926.3 26617.7 21826.1 27218.3 24534.1 21768.7 32211.5 51591.1 53545.1 60308.8 60298.3 62194.4 57014.9 57344 52717.9 59481.9 55550.5 49010.7 49139.5 48015.4 55190.7 52637.9 58838 49970.3 65254.3 61145.6 31140.2 29024.8 36235.4 31290.2 31485.2 33999.6 25659.5 24715.1 26137.3 35521.3 32676.4 55700.5 40826.1 42959.6 37872.5 30077 28219.7 48779.9 51547.4 45025 51674.6 42531.8 57866.6 46865.4 39307.4 40683.5 44403.6 32234.1 29356.6 20854.8 31095 20974.1 19984.8 57316 56555.7 34367.1 24890.8 19441.5 44415.3 31117.7 35692.6 25051.1 86567.2 32121.8 84586.7 35517.3 55024.3 46282.1 42143.4 56865.3 65518.9 31905.5 64002.4 107064 40837.7 90502.5 61711.1 33329.7 28003.2 26190.5 33511.6 27203.7 31538.9 32423.7 29236.6 29934 29375.2 28694.4 25823.2 26655.1 27948.7 28649.8 29729.8 34200.3 28106.7 21540.8 22604.6 27344 34108.9 25005.2 31232.3 23969.3 32132.4 35061.7 39436.7 32835.5 31547.2 32968.7 34151.3 38704.1 40010.6 35854.8 37068.5 31268.4 40368 32512.9 35228.7 35970.5 32127.9 36190.4 35820.4 41979.6 38059.2 35057.9 36988.6 37673.1 34253.9 37361.3 21852.1 30613.9 27728.7 20748.4 19038.9 21954.5 54866.6 17640.5 31699.1 24095.4 18978.2 19588.4 18366.7 20471.5 15532.1 15639.4 20359.8 17131 18079.5 19038.7 16049 51644 59491 58981.4 62329.4 54339.1 41871 37554.4 35971.8 36805.4 35746.2 43451.7 44049.1 38708.3 29730.5 27361.2 16817.8 16496 29543.8 31378.4 17959.5 32555 31867.4 20430.5 24988.2 25297.1 22001.3 19059.7 19263.2 27804.8 19919.4 20302.7 25253.6 15901.8 13618.1 20923.7 23650.9 37127.6 32800.9 34613.9 33911.8 35346.8 41902.1 28434.2 20469.2 24325.8 28081.4 16883.6 22798.2 20249.2 19505 25689.6 25968.9 40130.9 28364.4 19712.3 21151.1 29233 23890.4 24896.1 29260.7 36724.4 35786.1 33573.7 31748.8 30697 28860.6 28706.3 17392.6 18348.4 37184 42999.7 37975.1 
21949.3 0 20189 16557.9 47276.4 47481.2 45911.5 21707.9 22513.7 20439 24072.9 21092.1 23060.9 27955.2 21192.8 26392.9 9970.65 19487.3 31282.5 50346.4 52091.9 59993.8 58598.9 61069.5 55937.7 56795.1 51462.7 57114.7 54819 48139.8 48726.8 46484.1 53025.8 51966.2 57941.2 48424.4 63777.5 59565.6 30477.8 27709.2 35075.7 29127 30791.5 33302.5 24942.5 23911.9 24773.3 36162.3 21163.1 51640 41915 43750.1 33094 28916.5 33992.8 43023.1 51813 54766.6 56403.7 56047.9 59338.2 60125.8 33502.6 49167.6 57007.6 29442 42376.5 21808.4 20773.6 21423.8 18991.3 40956.7 53589.6 26861.2 39710.5 35580 27070.4 22342.4 20800 29208.2 85913.1 27490.2 82698.8 36101.6 52327.2 31675.9 41573.9 58412 54374.2 30053.7 64205.7 106821 38016.9 102701 63503.7 32246.8 26990.9 24272.7 32783.5 25988.6 30060.8 30019.9 28544.6 28744.5 28088 27572.2 24368.8 25214.5 26942.2 27099 17876.2 33927.6 25759.5 19239 21277.9 22330 29310.3 21795.2 30094.6 22664.5 31375.4 33247.7 38202.7 31873.8 30695 31530.2 33312 37989.4 38970.3 35242.2 36259.5 30509.9 39685.7 31862 34662.5 35183.4 31518.7 34991.9 34766.7 40789.6 36936.6 33272.9 36098.7 36483 33466.5 36227.4 20980.1 27866.9 32163.5 19544.9 17676.7 24972.4 65375.5 16914.3 41998.3 25599.9 19864.1 18181 17657.3 18602.1 13341.4 19098.5 21837.5 17790.9 16090.3 18263.1 15473.1 41310.4 42612.1 46013.6 43658.6 38941.9 31701.8 27840.5 29950.6 30504.4 23749.7 39916 32261.2 32444.3 16142.9 10663.4 15091.8 14920.1 29332.6 34500.7 20528.7 22996.8 19664.4 26013.8 25559 11564 17704.9 25882.5 24465.3 18560.9 18636.5 17420.9 26226.1 24222.7 28964.7 27637.9 12597.4 21204.6 18057.6 21112 27208.3 21618.7 32294.9 26562.4 16310.6 11021.6 16547.6 21718.9 19381.6 15710.5 12743.7 26123.1 23181.2 28986.2 22632.1 16148.6 18861.4 28042.6 24968.1 24039.5 24138.4 35646.8 35849.2 35561.2 16957.9 29886.8 28988.4 22951.4 18864.7 14673 36050.1 44546.5 39610.9 
10606.9 20189 0 15787.9 39700.4 33137.5 36571.9 19459 17125.7 18434.9 20448.8 17746.8 20753.6 24617.2 16366.1 22091.9 20531.2 17226.4 28491.5 45252.4 46977.6 53728.4 53738 55459.1 50363.4 50405.8 46098.2 53944.8 48830.6 42480.1 44867.2 41806.5 50907.9 45836.6 52195.2 42978 58467.4 53902.3 25151 21779.9 29021.8 26377.4 25180.8 28079.9 20277.9 18833.1 20366.7 31214 28834.5 50088.4 36189.6 38699.6 32197.1 26402.8 24970.6 42695.4 48685.3 45694.2 49581.1 43063.6 53364.4 47462.8 36976.6 42954.3 47547.4 31933.3 26285.5 18879.1 27500.4 14527.6 11849.1 52797.4 52605.3 31099.4 24988.8 22191.9 39265.5 26997 29863.7 16004.7 89650.3 30803.1 86959.5 37628.5 52691.1 46418.5 45618.3 52944.5 64811.2 31163.2 69125.5 113339 40352.9 88239.7 67170.8 29508.6 20388.6 22401.8 26952 19958.7 26208.5 27314 22934.9 23346.2 22130.2 21449.4 18573 19404.8 20752.8 21402.8 26356.7 31355.4 24999 17892.7 18673.5 23604.7 30990.6 22537.2 26117.8 18670.4 26240.5 29489.7 33463.2 26403.9 25483.9 26908.2 28634.4 32579.4 33408.2 30555.5 31983.9 25671.6 34364.3 26457.7 29895.2 30498.3 26667.4 29598.3 29697.1 35595.4 31148.6 30485.6 31021.6 31411 28467.4 30916.3 17771 27506.5 23645.4 15017.1 13719 14403.6 60305.5 12275 29179.2 21947.9 13466.3 14246.8 15077.9 17020.8 11460.7 11232.2 15748.9 12949 12907.5 15186.6 11611.4 47103.5 55547.1 54768.8 59263.2 52728.4 37369.9 33920.4 31615.4 33063.5 31735.4 40487.4 39307.8 34658.7 26586.3 25236.8 11572.7 11206.1 30356.2 26925.1 17115.7 29159.1 31889.4 20481.7 26801.6 24577.5 18883.1 18405.8 15208.3 28098.8 16093.6 18662.9 22424.9 14767.8 15187.4 21263.5 20028.8 34407.3 30304.8 31022.8 29982.8 32496.5 37283.4 27365.3 16426 20901.1 24530.5 12708.2 17939.8 16030.7 15824.8 24661.2 24784.9 39011.5 27240.3 16771 16725 27496.7 22516.8 24214 25369.1 35629.6 37403 31936.7 30023.4 23373.2 27923.2 28309.1 16316.7 17220.1 33523.2 39280.1 34716.8 
21451.1 16557.9 15787.9 0 47383.2 38324.5 40575.8 20829.6 16193.2 17854.2 23305.5 18132.4 19861.2 26650.5 15943.7 20984.6 16845.6 11567 28419.4 45088.8 47270.3 54456.6 53790.6 55954.8 50932.3 51134.6 46359.6 53204.9 48913.9 42910.3 45814.1 42690.1 50098.1 46576.6 52729 41907.7 57555.6 53118.3 24691.8 21248.5 28677.7 25083.6 24882 27555.8 18773.9 17813.7 18485.6 32731.7 22011.2 48529.4 38147.4 40653.6 29521.2 28831.6 31396.9 40089.5 50066.4 52130.3 50952.6 52270.6 51880 57137 31925.7 50603 55572.6 28941.8 28745.8 20986.4 25275.7 9178.72 7463.74 51242.9 51629.5 33494.6 33957 30985.3 33815.7 27918.2 26770 15731.7 88352.8 27913 93318.5 39476.3 51316.6 44832.9 45234.5 55387.1 63954.3 37478.8 75902.5 121115 45182.4 89234.3 70868.6 29329 20630.3 22160.7 26697.6 19616.4 25387.3 26274.3 22645.3 22442.6 21628.7 21021.8 17883.8 18789 20565 20582.3 22196.4 30897.9 21859.3 16495.4 17517.1 19970.2 26420.6 23565.6 24949.5 19430 25230.7 28756.4 31855.4 25692.3 24696.5 25092 26975.4 32018.2 32731.3 29436.4 30603.5 24600.5 33749.1 26007.6 28764.3 29606.6 25503.7 28716 28472.6 34494.1 30593.4 30169.3 29881 30185.2 27373.8 29951.4 19504.8 25806.8 27284.4 15553.3 13171.6 13391.4 63142.9 14311.8 31615.7 22674.3 14281.6 12834.2 15991.9 17380.7 11876.8 13313.6 18486 14577.1 12994 15045 11124.2 40808.1 48274.6 48463.9 53260.4 50101.2 32746.5 29156.1 27287.2 29478.3 27859.9 36459.9 33108.7 32024.5 21023.5 21113.4 10928.3 10649.1 34329.6 32017.9 22355.4 25580.6 31647.3 26189.3 30146.2 21690.2 19194.4 25466.1 21744.2 27299.7 17007.8 19057.9 23588 23246.9 25966.8 27251.4 16028.1 29729.1 27874 24614.8 25745.6 27738.6 32203.9 26394.4 17300.4 15237.7 19499.7 16609.7 17137 12815 11868.5 23601.5 27338.2 34447.6 24018.4 15543.8 14724.4 25333.7 23292.4 23312.7 21533.4 34459.1 41490.1 32743.4 29419.1 22786 28257.2 27747.8 18679.5 20761.2 33352.3 41521.6 37747.2 
35819 47276.4 39700.4 47383.2 0 29092.4 49594.9 57160 54490.7 55806.5 55197.3 55258.1 47226 55184.1 45408.4 44985.6 49153 52898.3 53793.2 73430.2 76653.6 80979.6 82523.7 86412.1 78041.4 77880.3 73650.7 83437.7 74574.9 70528.2 77708.3 69659.6 77343 75284 80083.9 76258.5 91500.6 88317.3 49611.5 55764.1 61179.5 55154.4 49749.6 51688.4 47722.1 47066.9 47727.4 68151.1 51761.5 78894.8 68414.6 70689.7 59919.3 57698 49298.5 67286 52308.5 41386.6 53250.6 47849.1 60130.9 49195.2 65507.1 49630.3 48069.5 41391.3 48894.2 43896.9 48849.5 49314.7 46619.5 72483.4 79946 43330.8 31343.7 33552.2 61328.3 45369.3 54294.2 49484.2 67096.8 58823.4 92967.1 46379.6 80562 69284.3 45372.9 79570.8 81081.6 55937.7 70745.1 123864 59066.9 107843 60582.5 53443.4 55957.3 52461.2 52663 54473.6 52265.5 55137 48614.3 51620.2 52023.2 49470 50390.4 49610.3 53499 52586.4 45383.8 62999.1 51544.2 45069.3 46761.7 47781.3 53646.5 44247.3 48839.9 49635.4 50824.2 52930.9 60261 51868.7 50613.7 57861.6 53140.7 57313.9 59145.4 53613.1 55733.1 49871.6 58554.4 50582.8 53334.6 53597.9 50659.1 57129.6 55065 61848.4 58694.7 54673.5 56065.9 57504.9 52777.9 56559.4 49157.6 52937.9 52791.1 46270.2 48639.4 49033.3 63917.2 48377.1 47735.8 51693.7 43821.7 48909.6 49516.4 48789.8 46113.1 46223.2 43280.4 47682.6 46145.9 47248.5 46409.9 73712.1 77112.2 77919 77306.5 63385.4 71523.2 65360.7 64930.4 67635.9 63718.4 73823.1 70699 53052.5 53687.9 47582.3 46403.3 46069.3 45341.9 50750.6 37721.7 49892.8 54478.1 38814.1 45548.9 50101.8 41955.6 39248.3 47600.8 49733.5 44775.9 42319.4 56451 35074.6 36694.3 40889 48277.3 61859.6 50433.8 52094.7 54745.4 54775.1 65191.6 62383.7 49617.4 47010.7 48957.1 33548 54077.6 50082.4 48985.1 51401 53937.4 72745.7 62109.8 47037.9 48401.5 57253.4 50549.1 54590.2 54377.9 66014.9 52200.2 62524.2 52171.9 50853.1 62685.9 61572.1 50529.9 49279.6 57219.9 67082.6 63294.8 
30724.1 47481.2 33137.5 38324.5 29092.4 0 25570.9 49921.9 48253.4 49987.1 46904.8 49010.6 40682.8 47269.1 38906.6 41198.8 48609.6 41765.1 48545.4 67740.6 70562.1 76046.5 76589.5 79732.2 72974.5 73859.4 68421 76268.6 70770.9 65479.3 70245.2 64044.9 70170.8 70377.8 75175.5 70339.7 85820 82549.2 45999.4 49516.8 55622.4 48115.2 46413.4 48133 42711.8 41487 42717 61686.5 51177.1 75969.7 62021.5 63547.9 56484.7 50144.3 42406.8 65139 45929.7 43001.3 42342.3 45073.8 46371 43965.8 62613.4 56351.4 50722.6 32810 28608.2 42653 48451 37684.1 38119.4 76663.6 77575.4 49184.9 25161.2 29978.5 63142.3 49360.3 55557.4 38585.1 69018.8 55913.6 96947.5 40056.4 76582.9 68729.1 45527.7 74367.6 82661.1 54876.9 75698 125777 59324.6 82341.2 61257.2 48521.6 49383.6 44929.6 49189.6 48302.2 46267.3 48390.9 44751.3 47558.1 47039.3 45205.4 44622.3 43668.8 47547.7 46647 47129 57929.5 48661.8 39422.4 41563.9 44199.5 51012.4 42792.3 44910.9 42232.5 47541.8 47948.8 55839.3 48573.4 47313.5 52180.8 49876.2 54006.1 55850.1 50187.7 52390.3 46589.2 55270.5 47299.9 50076.2 50142 47376.8 52575.7 51725.7 58239.4 54233.1 50352.5 52796.1 53921.6 49494.5 53264.1 41172.3 48547.3 34578.1 39249.7 42220 40544.7 53128.1 41044.8 36407.4 45824.3 37234.5 42427.8 41717.9 42551.1 42372.2 40213.5 40965.3 40398.4 38818.1 39515.6 39789.2 70801.9 78346.6 77638.2 81242.1 70375.1 68093.4 62859.5 61139.5 64091.2 61002.7 70192.6 67962.9 55408.3 49820.3 48577.9 39809.2 39564.9 50732.4 46979.2 39382.2 48133.8 55837.8 39093.3 49531 50595.3 43164.9 39906.8 43793.7 51724.6 43976.7 43414.4 48620.4 35930.9 34548.1 43633.4 47854.7 58278.2 52750.6 53314.2 53678.2 55398.3 62204.8 58243.4 46538 46300.2 47441.4 32857.1 48114.6 44944.3 44738.6 48416.1 50080.3 70161.9 58380.7 40413 43004.5 52260.2 46121.9 48660.2 49247.2 60313.6 48818.1 55978.8 55602.5 46879 56605.7 58692.1 46283.5 45326.6 52586.8 60982.4 56816.2 
35345.5 45911.5 36571.9 40575.8 49594.9 25570.9 0 48230.5 50563.5 50488.5 42325 48012.8 45622.9 47935.4 46100.7 52123.3 49997.7 39716.8 51670.7 73845.5 75350.4 83261.9 81210.7 84035.9 79404.5 82430.1 74759 78607.6 79939.1 72363.5 66474.5 69626.6 71894.9 76137.8 82026.4 77652.5 93078.6 88826.4 56121.3 56574.5 63676.1 51121.2 57608 58726.4 52688.3 52153.1 53810.6 62159.1 59342.4 84564.7 66986.9 65888.1 66305.2 46832.4 44871.9 73885.1 53984 58050.9 51930.1 60597.2 53021.9 58982.4 67693.7 70485.4 70353.2 38514.1 31924.7 47670.1 50219.4 40628.3 42093.1 83623 85609.5 61308.9 38473.4 44834.1 70361.2 57620.3 61333.6 44179.9 71527.6 50892.1 101246 43382.6 73893.7 64825.1 57938.3 75881.5 81714.4 49127.9 82942.2 123036 62283.7 74309.8 69006.4 50106.6 55248.1 43376.9 58976.8 54804.7 53101 51431.7 54723.4 57605.8 56896.4 56215.5 53479.1 54311 55254 56332 53712.8 61107.2 56511.2 41900.3 44039 49722.2 53447 41253.2 55606.7 46407.1 59192.6 56665.8 67108.5 60181.4 58921.5 60844.1 61487.3 65660.5 67458.1 60965.5 63994 58240.1 66711.2 58518 61559.2 61639.6 59027.6 63862.2 63333.7 69651.4 65575.8 58798.4 64400.5 65344.9 61058.2 64872.1 43806.1 48319.4 30740.1 45827.7 46830.3 46125.1 54966 44483.2 45644.4 45544.3 42517.9 47439.4 42068.3 43125.2 42695 43919.8 42487.3 45170.5 42723.7 42067.6 43391.3 79075.4 85933.3 85526.9 88644.9 79911.4 69293.9 63622.3 64367.9 64191.2 62356.8 72998.5 71361.4 62981.5 51186.9 51307.5 44104.1 43941.7 59873 47513.4 44939.8 50420.1 59399 48849.7 55309.9 50824.3 49376 48217 48217.4 53641.6 46968.1 48380.8 47151.9 45025.5 42039.5 50635.8 45745.5 55082.8 57895.9 60732.8 61075.9 59487.5 69747.9 55876.2 46700.9 50541.5 54320.5 40515.9 50954.1 47867.5 46495.2 54113.9 48746.9 67612 55665.5 42737.7 46560.5 54889.8 47868.8 43702.7 51790.8 55503.9 49129.6 58704.8 58749 58164.6 53849.1 53907.5 43214 39583.6 53978.8 62391.2 57157.1 
21827 21707.9 19459 20829.6 57160 49921.9 48230.5 0 10667.4 6448.04 11803.6 5606.89 19149.1 9689.51 17764 23528.7 25274 12654.3 24886 46850.9 48596.4 56212.3 54887.3 57508 52445.2 53712.8 47926.6 53402.9 51788.6 44929.1 39971.6 42991.8 47428.4 48689.5 54672.3 45309.8 60772.5 56452.4 27579.8 24608.6 32013.8 26202.5 27897.5 30305.8 22818.6 21086.9 22567.1 16052.2 28762.1 44148.2 24490 23105.1 27184.6 26610.2 27723.7 39555.5 57772.4 54565.7 61988.2 53156.8 61662.6 55384.8 28266.9 46530 57152.3 46856.1 40559.7 19681.8 28363.5 23345.9 18278.8 54243 44530.4 41483.1 42844.6 38718 40747.7 38392 32100.7 26996.6 100257 18899.5 84591.8 39559.8 35654.8 36201.4 56367.1 38896.5 56654 26976.4 66841.8 109792 37579.4 101688 65200.2 25746.4 23924.2 19257.5 29822.3 22926.7 26729.2 26366.4 25641.4 25724 24981.6 24408.1 21255.2 22100.9 23868 23984.3 29517.1 18561.6 23650.7 18793.6 18992.6 24135.3 30882.2 26049 27264.3 20246.5 28523.4 29846.9 35273.5 28933.2 27873.2 28563.7 30807.9 35145.1 35979.7 32459.1 33890.1 28484.5 36809.9 29143.2 31882 32134.9 28920.6 31997.3 31852 38016.3 33893.8 28991.4 33236.9 33511.9 31153.3 33232.7 15374.8 19798.9 33801.9 14670 15076.6 19830.1 58418.7 12510.3 37953.5 13506.6 20656.1 15733.9 10690.3 13805.4 15177.3 12355.5 16397.1 10486.6 12911.7 13932.4 12208.6 43737 53459 51990.6 60251.6 59956.3 32825.3 30515.8 26446.2 25874.5 32033.8 31062 35477.4 41549 24155.8 28850.1 13409.3 13527.9 32367.7 32779.1 20553.3 31989.3 24584 29352.9 26953.8 21707.7 22201.6 24184.5 19182.7 27800.3 18255.1 22481 12830 24961.9 24456.2 22476.5 19306.2 29292.2 34225.7 32293.4 27562 32503.7 32130.1 18544.9 17853.1 23335 27562.8 28160 13630.9 13728.7 16502.2 12771.4 19859.5 25048.5 13932.7 16003.1 15061.3 18894.8 12805.3 15949.1 18609.8 20845.7 36037.7 18365.8 34071.5 26727.4 12560 18562.4 12755.8 18161.2 29008.1 24881.4 23110.4 
21696.7 22513.7 17125.7 16193.2 54490.7 48253.4 50563.5 10667.4 0 7071.91 18834.2 10029.4 21649.8 16742.5 17206.6 23092.1 18757.7 11865.6 28505.4 46504.4 48528.6 54858.8 55172.1 57119.6 51911.1 52277 47577.6 54777.8 50414.7 43913.3 44967.8 43607.8 51172.9 47625.5 53742 43483.8 59214 54896.7 26755.3 22832.4 30264.6 28240.2 26648.4 29294.1 21826 20019.8 21534 21474.9 23876.2 36280.8 31061.5 29955.4 19551.4 22905 23315.3 32049 49790.7 48037.8 53873.6 44160.5 54116 47656.1 21610.2 40987.4 46985.1 41687.7 38020.1 16858.2 26047.2 18959.9 13397.3 45278.7 37787.8 34050.3 38439.8 34616.4 33473.6 32002.1 24493.2 22885.1 91506.5 17529.9 84899 39264.7 37506.3 35656.1 48291.3 46329.4 54349 30066.2 66660.2 112545 34972.6 99792.4 64498.8 29403.2 21886.3 24283.7 28347.2 21208.6 27649.4 28159.3 24725.9 24108.2 23212.6 22605.7 19450.9 20435.1 22157.3 22139.1 26541.7 16056 20652.2 20341.3 19596.6 22626.4 31508.4 27996.7 27147.9 21565.9 27428.1 30292.9 34075.5 27358.8 26476.4 27009 29687 33741.3 34405.2 31616.6 33471 27931.1 35445.3 28292.5 30948.7 31413 27917.7 30383.9 30345.2 36613.4 32255.3 30662 31849.6 31948.5 30385.4 31642.4 18634.5 20381.1 30784.7 15458.4 15495.8 16271.8 58769 13935.3 30619.5 17171.6 16765 15662.3 15124.2 11944.5 12330.4 10278.2 16069.3 11487.1 14767.5 15678.4 12750.8 36758.5 47082.8 45669.9 54682.1 57079.9 25560.3 23968.6 19455.3 19895.9 25175.8 25396.8 27800.9 37677.2 21368.9 25870.6 14104.4 13910.2 25041 32992.1 18245.8 30016.9 27384.7 21126.7 26626.1 22404.9 19177.5 18598.5 14090.7 29129.3 15013.7 18795.9 20138.9 21902 22088.2 20756.9 18036.5 27467 28655.7 27056.4 20996.9 27583.2 25278.3 16671.5 11820.1 18613.1 22065.1 23955.5 7882.79 9674.38 13171.1 15329.4 17862.9 24337.5 14013.5 13809.9 9516.8 13507.4 18680.3 21227 13119 23753.2 34101.4 18769.8 30087.3 24350.6 15560.5 18787.7 15547 19441.5 34022.2 30053.1 32379.9 
20569 20439 18434.9 17854.2 55806.5 49987.1 50488.5 6448.04 7071.91 0 14873.8 7436.32 19395 13157.3 15397 21995.7 21385 13407 25791.5 44481.8 46535 53672.6 53214.4 55433.6 50116.9 50776.2 45845 52244.3 48794.7 42054.5 41784.9 40947.4 48172.1 46012 52115.6 41816 57315.3 53025.4 25141 21089.3 28549 26341.4 24650.3 27254.3 20411.1 18403.5 20112.2 18493.5 24148.1 38612 26368.4 26693 21303.5 27470.4 28493.4 34807.3 53397.6 51360.2 57248.3 49283.3 57625.4 52678.1 23102.9 42716.9 52566.8 43368.1 39832.4 16526.3 26981.3 20797.5 15423.6 49421.4 39893.1 36943.4 39941.8 35712.1 35733.8 33300.7 27341.2 24569.4 97138.6 19551.6 87513.6 40118.4 37035.2 37024.4 53280.2 41979.7 57661.1 28693.1 69266.1 113331 36422.6 101073 67066.7 26232.9 20850.3 21507.8 26991.5 19547.2 25680.1 25941.1 23152.4 22059.2 21683.9 21192.1 17702.4 18590.6 20694.1 20495.5 25820.4 17275.9 18729.6 18593.8 18658.2 21243.9 29554.9 27214.4 25247.9 18988.4 25731.9 27788.3 32261.3 25349.2 24412.6 24931.7 28010.4 32274.1 32481.6 29630.7 31874.8 26429.4 33345.9 26737.1 29042.6 29675.7 26270.3 28350.5 28207.8 35201 30486.3 27767 30068.3 29809.8 29007.4 29576.3 15348.6 19819.3 32879.2 13655.2 13068.1 18611.6 61342.7 10929.2 34910.4 14401.5 17771.4 13660.5 11904.2 13283.2 11889.6 10826.2 16909.7 9832.39 12845.3 13350.5 11453.6 38586 48916.9 48064.2 56030.3 56378 27477.5 25952.7 22126.3 21765.1 27512.2 26557.8 30586.4 38024.5 21620.3 25776.7 12085.2 12090.9 27967.2 32631.2 19146.1 30547.7 23834.6 26107.6 24007.1 19891 18624.7 20445.5 16687.5 27026.2 14843.9 18357.7 16352.4 23162.6 22287.6 20315.5 17986.1 28839.8 30996.7 28642.2 23466.7 29037 27789.9 17515.5 14559.8 19486.2 23396.1 26104.2 10688.2 10108.9 13152.4 11538.6 19309.2 24738.6 14084.8 14418.1 12804.5 15774.9 15810.1 18540.2 15923 23941.5 36525.8 20354.2 30700.5 24226.7 15526.7 19523.3 13443.2 18990.2 31096.2 27250.5 27291.7 
22922.4 24072.9 20448.8 23305.5 55197.3 46904.8 42325 11803.6 18834.2 14873.8 0 14456.2 13939.6 9751.24 14814.6 21200.7 30558.9 16026 20017.1 42061.4 43206.7 52658.3 48806 52180.7 47347.5 52037.2 43020.8 46335.5 48960.4 40881.2 30685.3 37336.4 37576.5 45384.6 50605.6 46406.5 61735.6 57859.2 24979 24804.8 31844.1 18581.7 26296 27584.1 21137.6 20203.7 21967.4 24113.9 31428.5 50085.1 28719.6 25594.1 31753.4 30848 27012.3 42720.4 60659.6 57544.7 65376.9 55150.1 62260.9 58173.4 34514.1 54195.3 61731.7 49387.2 40457.9 23605.1 27989.5 26886.9 21627.6 59609.5 51387.5 45707.3 44453.6 40442.9 45859.9 42549.7 37519.2 29254.9 105856 18701.1 84481.3 40821.7 35254.7 34248.5 61877.3 34696.4 54678.4 27243.8 67406.7 109318 40827.5 102945 65421.5 17472.5 24460.1 9804.09 28052.4 23411.6 20622.4 18688.9 23683.3 25555.9 25280.9 24686.6 22064.9 22704.9 23757.6 25046.5 29065.9 26880.3 25141.3 13230.6 15369.4 20081.3 25297.1 18991.1 24486.2 14498.9 27483.6 24905 35131.3 28353.5 27017.7 29488.6 29898.5 33920.4 35545.3 29864.5 32236.4 26587.3 35251.5 27180.8 30117.4 30148.8 27366.7 31835.8 31357.3 37601.6 33749 27045.1 32578.5 33295.1 29501.3 32879.3 11481 16955 33026.6 13098.3 15786 20815.6 58273 12252.3 43111 10116.1 21563.1 16434.3 9042.09 14390.1 18801.2 14579.5 19167.8 10319.7 11139.5 10322.5 12986 47629.5 57841.5 55247 63873.5 59703 38371 36345.8 32791.9 33610.2 37625.4 39361.6 41109.4 41956.3 23485.4 29104.1 13701.5 13900.5 40115.8 26015.5 23390.1 28118.1 32605.3 33040.8 34905.6 23924.9 24415.2 30492.4 24609.6 29109 22330.2 25946.8 8232.38 27491.1 25673.7 28157.7 23514.4 26092.9 36417.3 35155.2 30392 33807.3 37078.1 27324.6 23343.9 27169.2 31759.6 28848.8 18627.8 17638 20410.2 18718.3 22843.7 35765 24642.5 15721.2 17695.9 21802.1 13084.3 12277 20273.1 19191.3 42115 24884.3 38469 27877.7 18786.7 26559.5 16645.7 21218.6 18444.3 22530.4 17247.9 
20501.4 21092.1 17746.8 18132.4 55258.1 49010.6 48012.8 5606.89 10029.4 7436.32 14456.2 0 21374.3 14345.7 19246.2 24899.6 22713.8 11519.7 28284.2 48557.2 50317.6 57094.9 56988.4 58950.2 53961.3 54365.7 49569.3 56362.4 52732.5 46078 42855.4 44737.6 50856.2 49581.4 55874 45996.8 61773.2 57049.6 28698 25329.2 32781.7 28673.7 28940.7 31556 23733 22301.1 23389.6 18830.3 27600.9 44933 25683 26551.8 28375.2 28211.7 28722.4 39576.1 56323.3 53758.5 59673 52415.9 60071.6 55982.7 28978.1 45921.6 56422.3 44598.1 39881.1 19070.4 28283.3 20411.2 15384.4 53339.4 45463.8 39083.2 41428.4 37473.7 38552.5 35467.6 30825.2 26071.3 98539.6 21553.5 84522.4 39340.6 37199.2 39095.7 54345.1 42640.2 58241.1 26275.6 67729.8 109535 38513.2 100285 65157.4 29174.2 24471.6 21868.5 30799.1 23725.7 28927.1 29496.7 26713.1 26659.7 25709.4 25102.5 21941 22769.8 24674.3 24595.1 27802.1 19159.6 22995.1 20287.7 19535.7 23308.7 31787.9 27596.4 28695.8 21051 29727.1 32118.7 36382.4 29962.9 29032.1 29513.6 31875.7 36191.6 36972.4 33771.5 35022.7 29099.2 38000.2 30051.7 33194.4 33604.1 30033.1 32951.1 32940.9 38791.9 34822.5 31594.6 34395.6 34565.2 31886.6 34265.6 18025.2 22207.1 32044.3 16769.6 16189.8 19189.4 58571.2 13605.8 37665.6 16159.2 18302.5 16487.8 13391.9 14637.6 12460.9 11859.9 17761 11252.9 14757.2 15469.5 12345.7 43690.7 53053.3 51749.8 59193 58382.5 33754.4 31167.3 27199.3 26937.9 31552.8 31973.5 35998 39779.5 23565.3 26307.6 13523.4 13455.9 32435.4 32376.4 20315.3 31295.8 23509.1 28325.6 27168.4 21403.6 21594.6 23986.6 19696.4 26629.5 18589.9 21165.3 15111.5 24499.2 24329.5 23417.6 18364.7 30483.1 32329.9 30503.7 27601.4 31634.1 32354.7 17480.7 17332.2 21474.7 25745.9 25849.9 13734.1 12391.4 14311 12063.8 21340.8 23691.9 14296.9 14844.1 13238.4 20311.2 14108.5 16800.9 20729.5 22740.6 36304.9 18510.2 32256.5 26903.9 12009.4 17760.5 9499.71 17748.5 32182.8 29890.6 24584.7 
24926.3 23060.9 20753.6 19861.2 47226 40682.8 45622.9 19149.1 21649.8 19395 13939.6 21374.3 0 12628.4 5974.51 10311.9 27964.2 19755.4 12210.1 30791.6 33958.4 42440.1 39474.8 44109.1 37547.1 41734.2 33045.7 38667.7 36345.2 29989 31685.5 28967.4 32181.5 35656.1 40206.9 37244 52491.4 49351.1 12226.1 17140 22219.9 11522.2 13625 13887.6 8914.14 8930.42 10747.8 27527.1 23708 46247.9 28926.2 30795.8 26532.2 36216.7 25270.1 35754.4 53143.8 50348.6 56642.1 47797.1 53068 52466.5 32504.4 50651.2 55982.7 43056.5 36374 20583 23521.1 24614.7 18535.6 54395.6 47638.5 37458.5 36120.2 32006.2 39064.3 34707.1 32885.9 24127.4 108131 24285.2 90093.9 43234.6 40735.1 39621 63878.3 37413.6 58572.8 35740.7 71532.7 120953 40135.8 100985 69168.1 9983.73 18504.3 9039.23 14499.1 16245.8 10176.6 10956.9 10384.1 14490.2 14716.9 13232.5 11868.2 12850.3 15768 14952.4 21859.6 26623.7 18205.4 7657.21 11200.5 12589.1 20081 15548 10931.9 7962.19 14892.9 11477.5 23586 15949.5 14725.8 19356.1 17476.6 21269.3 23301.1 16205.9 20003.1 14486.3 22178.9 14224.4 17119.8 17156.9 14678.8 20289 19186.9 25755.7 22223.4 15075.7 20218.3 21437.8 16862.9 20640.3 7488.28 14860.7 36141.5 6874 10547 17858.7 65779.4 10804.3 39913.8 9406.08 16166.2 11181.2 9087.54 15681.3 22086 13532.1 19154.5 12244.3 8266.63 7412.62 11016.6 41624.4 50971.6 49260.7 56731.4 50794.2 38999.9 35269.9 31861.3 34140.2 36298.9 39521.5 38953.7 31079.9 21682.7 25126.8 11958.2 12205.7 38511.9 22087.6 24128.1 19202.1 33004.3 28141.8 34542.4 22970.1 19998.8 29442.1 25440 28107.7 20890.2 20794.8 14525.8 24139 23722.8 27410 20100.4 28733.1 31481.7 27884.9 25641.7 29290.9 34203.8 34253.6 26051.9 21482.4 24263.7 20687.5 21690.1 18019.1 20185.8 20234.8 26728.7 41519.5 30458.1 14468.4 17253.9 20598 15142.1 16330.7 18334.5 27392.1 41944 26853.7 39607.9 18341.7 28148.9 35478.8 24734.3 25481 14126.2 23654.4 21108.1 
26617.7 27955.2 24617.2 26650.5 55184.1 47269.1 47935.4 9689.51 16742.5 13157.3 9751.24 14345.7 12628.4 0 14566.2 20536.8 32359.8 19012.1 18469.1 41880.9 44468.6 51147.8 50451.8 54060.3 46945.9 50390.2 42417.1 49150.1 47142.7 39741.1 36748.5 37202.1 40995.3 45631.6 49787.4 48345.6 63965.2 60651.6 22880.8 26904 33298.6 20157.3 24716.6 25485.9 20724.2 20129.6 21963 21114.7 29512.2 44650.3 27119.6 24034.5 27177.7 29674.2 22154.2 37831.4 56744.2 54038.4 62585.2 50233.1 58387.6 52567.4 29873 47100.9 55880.2 51171.4 43362.8 21463.9 28655.4 30174 25072.5 56118.9 44987.7 43412.3 45438.7 41258 44125.1 43011.3 36243.1 32879.7 105493 16422.5 80826.5 39302.8 31744.6 32792.3 62357.2 33032.5 51798.4 27643.1 63961.2 109533 33246 107325 61631.4 18404.5 27484 14797.7 26324 26075.4 19583.3 20056.7 21847 25114.4 25228.2 24551.2 23334.8 23048.6 25386 26290.5 27115.3 20713.7 24631.1 13641.1 15643.7 18725.8 25226.6 20345 22501.9 16213.9 26300.9 22908.6 34784.9 27552.7 26292.8 30825 28955.1 32872.4 34972.4 27772.9 31537 25378.9 33843.1 25485.5 28608.4 28730.6 26167.3 31502.5 30705 37216.7 33541.9 26107.9 31720.3 32874 28247.7 32243.4 11935.8 15075.3 35288.1 14156.7 18891.9 23485.8 55196.6 15550.1 39234.6 9471.72 22437.7 19306.9 11459.5 13059 21744.3 16943.3 16985 12183.8 14791 11955.4 16194.6 44518.7 55259.2 52022.5 62038.5 58420.4 37477.9 35806.6 30696.9 31870.9 38319.2 35527.8 39591.4 40916.8 23412.6 29774.7 18048.2 18219.4 34082.7 28547 20083.7 27576.5 29367.5 30578.5 31330.4 23882.2 22857.5 25901.1 23318.5 30275.4 20899.1 26029.5 12712.5 26477.9 23728.3 22964.2 25423.5 27522.2 33550.7 33312 26468.4 30312 32501.4 24676.7 23603.8 27788.3 30845.2 28789.6 18642.9 19391.9 22950.3 12722.8 19404 32729.4 21467.8 16689.9 17339.7 17981.6 10381 14045.1 16686.2 18343.9 35848 19783.6 40357 28262.7 17397.1 24877.7 18651.8 24002.5 21298.9 17687.4 17283.8 
21826.1 21192.8 16366.1 15943.7 45408.4 38906.6 46100.7 17764 17206.6 15397 14814.6 19246.2 5974.51 14566.2 0 8073.39 23109.5 18478.6 13606.5 30218.5 33159.6 40516.1 39937.2 42635.1 36137.1 38580.8 31678.4 40649.2 34695.8 27905.9 33288.4 28094.1 36702.4 32659.3 38067.9 34909.8 50506.2 46946.3 11274.6 13105.1 19257.2 12653.6 12274.4 13363.4 8334.03 8010.31 10433.7 26558.2 21738.2 43679 29365.3 31722.4 23518.2 35871.9 28825.4 32790.5 50119.6 49077.2 53450.4 45280.3 52014.6 51737.2 31329.9 48843.3 52875.5 40547.9 31779.4 19736.9 23599.1 20300 13768.3 52159 45643 34685.3 33253 29200.3 35929.2 31926.9 29658.7 19221.2 103653 24450.6 92399 44544 41781.3 42598.6 59390.5 40340.3 61568.2 35820.4 73694.3 122431 42187.1 96965 71876.4 14041.2 14048.9 10873.8 13570 12650.3 11172.2 11932.8 9839.95 12274.9 12406.1 11598.9 10199.7 10985.9 11498.4 13283.9 19984.4 25859.8 16485 6949.36 9672.78 12944.5 19754.4 16325.3 10477.8 7348.66 13823.7 13333.7 22373.7 14470.9 13523.9 17958.1 16489.9 19973.5 21824.7 15293.6 19577.6 14246.6 20655.6 13569.8 15781.3 15764.5 13626.4 18885.8 17805 24809 20790.4 16760.7 18787.6 20034.5 16431.8 19161.6 7448.94 17513.5 35508.6 3849.53 7532.89 14410.5 67373.2 7083.59 37413.4 11465.7 13148.3 8289.9 8686.06 13501.8 17862.3 10190 18289.3 9153.13 5496.94 5844.63 8424.11 39375.2 48319.5 47765.1 54772.4 49188.1 33864.9 31087.2 28835.4 30911.9 30951.4 36537.6 35849.5 28488.2 18615.5 20792.8 7971.08 8058.04 35842.4 24518.9 21638.8 21693.7 32498.5 25047.4 33564.7 21635.9 17699.2 25866.2 20619.8 28039.8 16020.6 18832.1 16441.6 22013.6 20947.2 24434.7 20136.9 28171.1 28256.6 26158.2 23770.8 25619.5 32838.2 32065.6 21609 19767.5 21988.8 19179.2 17354.1 13656.7 15948.5 18650.5 25469 38596.9 28049.1 11594 13150.9 18160 15101.5 17420.3 16603.1 30327.3 42570.3 26507.7 35176.2 15629.4 26802.4 33945.3 22965.1 24447.2 19059.3 26510.7 23724.6 
27218.3 26392.9 22091.9 20984.6 44985.6 41198.8 52123.3 23528.7 23092.1 21995.7 21200.7 24899.6 10311.9 20536.8 8073.39 0 28513.1 23947 13786.8 32330.1 35869.7 40156 41440.3 46587.7 38308.3 39508 34292.7 42775.5 33004.4 30886.2 37825.8 31187.7 35249.2 35668.6 40412.1 37546.5 52307.1 49190.6 10922.1 18627.2 22426.5 18994.7 9965.77 10125.4 9832.14 9615.36 8438.02 29540.9 17547.5 39282.4 27485.8 30640.8 21008.6 40776.9 31422.9 26180 44337.9 42124.4 46937.9 38999 46407.2 48541.9 28359.5 44036.4 47745.7 42437.5 37020 18351.7 21321.7 25566.7 19411.5 48766.2 39251.8 29406 30153.5 26188.7 32005.1 29350.9 29004.5 23000.2 109232 28429.9 93271.3 47773.3 44042.7 45709.7 64969.5 36743.5 56799 41253.6 67509.4 128490 40785.5 102103 72235.2 12522.6 20529.5 17524.3 12415.1 18558.4 15380.9 17753.5 10696.2 13719.8 13984.9 12015.3 12227.6 14126.1 16098.3 13122.3 17656.5 27472.4 12088 12235.1 14553 13762.1 20357.2 17067 6530.44 14174.8 9008.42 11534.7 18436.4 8764.2 9248.7 18167.2 10155.6 14104.2 16369.9 9780.76 13905.9 9188.93 14598.1 9155.84 9580.87 9920.88 7625.82 15673.7 13322 19976.6 17166.8 11993.7 13069 15328.1 11083 14190.3 14011.8 17760.8 41305.7 10769.9 13995.5 18345.6 72886.6 14395.9 39249.1 14727.1 17930.2 14740.7 15511.7 19561.2 23405.5 15525.1 21864.4 15040.6 11825.6 12893.9 13643.8 35508.1 42421.7 42224.2 50337.1 44617.5 38635.9 34178.3 31737.1 33826.7 35063.1 38417.1 36754.6 21210.7 24050.1 24921.6 13205.5 13406.4 36490.8 18883.6 23714.3 18038.9 31561.3 27403.2 33971.1 24438 18383.8 29438.1 24227.5 28637.2 19933.4 19708.6 22283 24411.4 22275.4 26618.4 23886.6 34009.7 28456.1 23547.2 21825.2 27820.3 31348.6 37504 27186.5 22018.1 20265.9 18065.1 22928.6 19202.4 21296.9 19018.5 29397.1 43976.2 33549.8 17483.3 18578.4 21464.9 17144.5 22448.3 21148.4 34893.6 46694.2 29399.8 40766.8 9955.73 32286.1 39413.6 28403.4 30337 18339 25543.4 27082.5 
24534.1 9970.65 20531.2 16845.6 49153 48609.6 49997.7 25274 18757.7 21385 30558.9 22713.8 27964.2 32359.8 23109.5 28513.1 0 20516.1 35976.3 52215.4 54257.3 62023.6 61004.9 62793.9 57755.6 58125.7 53347.2 60397.1 55973.2 49725.1 53286.6 49773.7 57553.6 53283.3 59565.6 48731.3 64514.8 59859.9 32211.2 28157.1 35625.3 33398.5 32117 34787 26403.8 25061.5 26068.7 38053.8 16419.8 47882.2 45104.2 46466.5 28026.6 25900.2 33026.3 39121.1 44202.8 50132.4 48382.9 49541 52845 55737.2 30375.9 46766.7 50734.8 30530.9 41621.9 21532.1 18580.1 20261.6 18186.7 36667.8 49698.9 20798.3 36875 33039.2 21066.4 20166.8 16718.5 27136.6 81118.2 28016.7 80126 32091.6 51839 30868.5 37009.2 61675.3 52945.4 28712.9 61479.6 106994 35587.2 103076 60161.4 36846.4 27521.7 30686.5 33754.2 26613.1 32994.6 33652.9 30126.8 29303.8 28540 27938.5 24760.9 25867.4 27548.1 27403 19874.5 32407.9 27356.7 23960.8 24860.9 26561.9 33749.5 26468.5 32231.5 26988.2 32490 35962.6 38721.3 32626.5 31728.9 31862.5 34235.8 38994.2 39642.5 36480.2 38282.6 32574.9 40723.1 33668.2 35795.3 36698.4 32595.3 35603.5 35377.2 41510.2 37592.2 37686 36836.8 37048.3 35064 36821.5 27140.4 29563.6 29369.9 22811.3 20337.7 24478.4 63416.1 21583.7 37917 29926.1 20686.6 20109.6 23330.1 21595.6 13778.5 18752.8 24325.3 21715 20896.8 22791.9 19647.3 35907.9 37890.7 42279.3 40367.7 43017 27356.5 23952.9 26190.6 27435.4 17410.7 36038.3 26398.4 33544 14845.4 10735.5 18781.7 18363 26860.3 36110.2 21257.9 25977.6 20048.3 21600.8 25544.4 16104.8 17144.3 23671.9 21335.6 22021.5 16682.3 17014.8 31877.2 23177.6 27157.1 26429.7 14000.2 21471.8 14495.9 16620.4 23617.8 18920 28367.2 24114.2 14116.8 7995.76 9755.46 20623.3 19025.5 14785.2 11158.3 28628.3 24037.4 25154 20633.6 17237.3 18288.6 26369.3 28884 28683.5 22372 37382.6 31570.5 34442.2 14270 29659.4 31984.5 21536.8 20804.2 14237.9 41418.3 47192.9 45426.3 
21768.7 19487.3 17226.4 11567 52898.3 41765.1 39716.8 12654.3 11865.6 13407 16026 11519.7 19755.4 19012.1 18478.6 23947 20516.1 0 26333.2 47927.3 49686.1 56517.1 56306.2 58402.1 53518.6 53742.6 49002.9 54773.4 52224.4 45635.3 42758.4 44106.1 47939.9 49082.6 55431.3 45295.4 60913.9 56554.2 27967.7 24546.3 31987.8 26809.7 28140.5 30827.1 22123.9 21164.8 21825.1 27027.1 25293.3 46809.2 33907.1 34564.2 27673.7 24314.1 25963.1 39267.8 52546.2 51067.2 54281 50817.9 53722 54657 31236.6 50121.5 56165.3 38244.7 33165.9 23067 25066.4 14536.6 11294.1 52561.3 48978.7 36657 39014.9 36196.3 36816.9 34671.2 29330.5 20100.1 91561.4 23755.5 89851.2 37098.8 44466.3 40999.7 47462.8 49941.4 60156 32565.8 72437.5 115492 43389.5 93235.8 67631.4 26595.1 23625.1 18827.9 30041.2 22944.1 27841.8 27653.5 25937.9 25737.7 24926.5 24319.6 21192 22037.7 23897 23974.9 26643.9 24716.2 22997.2 19077.6 19147.7 22425.9 30838 25363.8 27701.2 20235.7 28581 31074.3 35150.5 29030.6 28029.9 28511.7 30296 35351.6 36053.5 32725.6 33746.7 27774.7 37082.5 29304.9 32079.7 32749 28836.3 32022.6 31785.6 37789.1 33935.1 30109.7 33223 33480.2 30720.6 33248.4 17051 20406 26162.8 15911.6 15130.7 15623.6 59657 13068.4 33457.2 19203.8 16634.7 15149 11682.5 14211.4 13821.5 12194.9 19044.2 12838.2 13419.8 13885.8 10825.7 41677.9 50921.6 49821 56567.7 56961.4 33776.2 30494.2 27889.5 28446.8 29435.4 35919.7 35394 39630 21014.5 24893.9 11935.5 11817.7 35381.3 30691.6 22149.7 30371.2 32339.9 26314 32905.2 23297.7 23540.6 26532.8 22485.6 29261.6 19502 21927 19057.5 24229.3 26795.6 28171.7 16285.7 27428.2 29386.3 27705.1 26931.2 29052.1 32432.9 22278.9 16242.9 19220.3 23735.3 22867.5 12510.3 9844.9 12026.3 20248.6 23417.6 32179.5 21090.7 11909.2 10966.5 22034.3 16534.1 16163.5 20914.5 27420.6 40123.6 25563.7 29671.1 26084.3 18598.2 22696.4 14995 15899.3 30219 35290.6 32597.7 
32211.5 31282.5 28491.5 28419.4 53793.2 48545.4 51670.7 24886 28505.4 25791.5 20017.1 28284.2 12210.1 18469.1 13606.5 13786.8 35976.3 26333.2 0 32692.5 33995.4 34258.4 40128.6 45043.4 32586.6 35029 27888 46499.6 29814 27024 35113.8 24516.8 39001.8 32352.8 35379.4 47314.3 62923.6 59610 9501.88 26201.4 32179.5 17823.4 11617.1 11739.5 19962.3 19331.7 19976.2 34097.6 29524.6 50856.8 34279.2 35489.2 32252.7 41434 31033.6 35452.7 56065.1 49358.1 59771.4 46721.5 49407.1 57209 38131.2 53229.7 59614.3 51314.7 44459.3 26134.3 28703.5 33068.3 26835.3 60348.4 50013.2 38852.4 43259.9 38805.8 45397.7 42364.1 40967.5 32204.7 116358 28285.8 83321 49500.7 38966.6 47012.6 72193.4 27632.9 49097 39147.9 70440.2 126370 36319.1 109678 73110.1 10216.6 27086 17408.7 12587.7 25394 14898 17115.3 12695.6 22229.4 23175.5 21546.6 21967.2 21566.2 24367.7 24396.6 20904.5 33593.7 22315.2 15176.1 14604.6 13830 15729.5 16341.6 14208.5 16240.8 19235.3 8902.93 30815.2 20705 19665.9 29488.5 20562.7 25374 28218.9 14752.2 25620.4 18411.4 24430.3 15760.3 20204 17405.7 18071.9 27969.3 25706.7 31850.1 29606.5 20282.9 24554.5 27301.6 17773.4 22677.5 14383.4 17107.6 43181.9 15046.4 20375.6 25617.5 69942.3 18926.8 48334.9 15115.6 23988.6 21132.6 15799.6 23464.3 29877.5 20604.7 24714 19864.7 16602.4 15694 18915.4 47945.6 55388.1 49979 63400.1 46654.9 46151.2 43149.3 40471.1 41491.2 43707.1 47299.5 47672 27212.8 28889 31999.1 20655.3 20807.3 43125.8 22246.5 29224.2 24818.9 39550.6 36505.2 42244 28111.5 27061.4 35963.3 32436.9 34038.9 27242.2 27886.9 21650.3 32532.9 28368.3 32324.5 27689.5 36329.8 34875.4 30414.5 28919.4 31934.2 41357.8 41377.3 34180.1 31396.9 32475.5 28620.5 29778.6 26530.3 28719.8 23411.7 31470.1 47776.8 36940.2 22952.2 25274.1 25681.6 16659.7 15676.7 25801.6 33219.4 49102.6 33722.9 47930.9 23516 34470.1 42004.2 31473 31300.5 10957.9 24429.5 23691.2 
51591.1 50346.4 45252.4 45088.8 73430.2 67740.6 73845.5 46850.9 46504.4 44481.8 42061.4 48557.2 30791.6 41880.9 30218.5 32330.1 52215.4 47927.3 32692.5 0 14016.1 27764.3 19294.2 22019.3 23838.6 38109 23107.9 35562.4 15975.8 15215.5 32136.9 23160.3 46404.4 17620.9 23550.5 18890.1 35039.1 30677.5 29518.3 24917 18568.2 30725.5 31531.4 31155.3 31231.7 33503.4 34855.1 39950.7 49163.6 46615.8 46112.3 49319 45749.7 64557.2 52247.9 42593.5 70312.1 60933 65138.2 59496.2 62921.6 60363.5 50001 57563.5 63823.8 68039.7 60657.4 47905.8 46317.6 49137 42297.1 66991.1 57820.6 56632.8 54614.1 50281.7 59342.2 52743.5 51173.9 39219.6 133023 50233.8 107816 72308.7 57797.5 68834.9 88747.7 52262.8 76113.4 57255.9 94822.5 148176 58326.1 125729 91123 32033.5 32028.7 37065.9 28693.5 28975.7 27223.5 31921 26784.9 27023.8 27348.2 29594.6 30503.6 30930.9 25798.7 31537.2 43586.3 43884 42915.5 32815.4 32135.8 32682.9 35442.9 39846.9 28293.6 28534.9 36030.8 27677.8 39012.1 31794.8 35376.4 28723.2 37197 38134 35190.7 27856.9 39001.7 37256.4 35041 34016.6 35700 34687.6 35669.5 30313.1 33172.1 43496.8 34295.7 35133 38269.7 32450.5 37214.2 37338.4 33356.5 40454.7 63181 32632.7 34386.3 42924.1 89656.4 35277.9 65443 36705.3 41736.6 35139.2 37684.9 41984.5 47487.8 39508.2 46453.2 38654.9 34798.5 34524.3 38168.6 63077.9 70669.4 73812.3 79368.6 72608.1 56238.3 51721.4 56638.4 52639.3 54900 61204.9 59881.5 47365.1 45702 48450.8 37014.8 37293.9 63065.9 44316.4 51344.2 40778.7 58924.5 52294.7 59540.1 49307.8 45675.2 54558.3 45011.2 53634.7 43393.4 44582.7 43971.3 49853.4 48102.3 52340 45873 55563.8 55397.4 53430.8 51334.7 50712.2 61709.5 61840.2 51222.5 48484.7 48527.6 46825.2 47052.7 43036.7 45459.4 47095 51881.2 68311.1 57877.9 40476.8 42466.8 44435.6 40831.4 37717.4 44270.1 53305.3 70698.7 52635.8 64879.7 31614 56443.4 63687.5 52687.2 53123.4 35305.1 37317.1 44548 
53545.1 52091.9 46977.6 47270.3 76653.6 70562.1 75350.4 48596.4 48528.6 46535 43206.7 50317.6 33958.4 44468.6 33159.6 35869.7 54257.3 49686.1 33995.4 14016.1 0 23997.6 12960.7 12454.1 12323.1 34881.9 19081.3 38440.1 17090.1 15011.4 27340.3 15426.3 48641.1 15098.3 18101.7 30080.8 47749.3 40575.7 33483 27291.4 23809.2 29760.9 35297.5 35181.8 36265.7 38032.5 39396.6 43177.7 52825.9 52368.8 50480.3 52080.8 49561.8 66594.8 52902.4 47561.2 74086.2 64050.7 68310 62415.9 65348.5 64288.2 54507.5 61417.5 68091.2 70848 62527.6 51264.7 49642.1 50955 44090.3 70148.8 60900 59617.2 57673.9 53571.2 62847.2 55798 53277 40674.8 135105 52214.5 107532 74675.5 59570 70099 90776.5 46866.5 73857.3 58245.6 97558.9 149127 59297.4 127546 92592.6 35204.3 31380.9 39609.5 30978.7 29662.4 27634.2 33693.5 30971.3 31510.1 29402.8 32241.7 34220.5 34030.5 27434.4 34558.9 46422.5 47351.3 46858 34859.8 34323.5 35798.3 33361.3 41689.2 33404.1 31749.2 40922.2 31095.1 45749 37118 40258.9 33957.4 42537 44173.9 41923.5 32899 45098.1 42100.8 40251.5 38745.4 41233 39687.2 40513.9 37049.9 38709.2 50210.1 40865.4 40011.2 43802.7 38571.6 41680.7 42182.8 35898.3 43251 64173.3 35325.4 37641.1 45336.7 89666.3 37469.6 68363.7 39273.4 43843.9 38517.1 39698.3 43806.2 49511.1 41804.4 49262.2 40901.2 36734.3 36616.4 40336.5 68044.3 75267 77339 83679.9 74413.8 58281.8 54339.5 59429.8 55023.5 56854 64451.9 63447.9 49806.1 47597.9 50795.2 39088.3 39356.4 66269.2 46943.7 54358.1 42853.2 62075.7 55268.1 62669.9 52201.6 48915.4 57346.8 47111.5 56614 46311.7 47568 46428.7 53216.2 51218.2 55430.7 48171.3 56649.3 58457.6 56702.8 54645.4 53824.2 65224.6 63794.2 53250.2 51267.2 51826.9 50409 49071.5 45086.6 47468.2 50155.5 53463.2 70234.1 59742.1 42280.3 44378 46745.3 43652 39273.4 46624.5 52686.6 73224.7 55433.4 66902.4 35034.4 58272 65551.7 54551.4 54831.5 37266.4 40189.3 46671.3 
