240 240
0 19618.2 9456.78 19117.2 27440.9 31543.5 22840.2 25160.9 19363 18323.5 20438.2 18264 24272.2 21857.4 24414.4 19388.3 39137.1 45220.4 29378.7 39771.9 41766.6 53769.7 55562.4 50836.1 51263.5 47045.5 49512.8 47647.3 43755.1 43791.2 44901.3 49235.3 47050.3 45198 44641.5 58290.5 54569.4 48706 57839.1 27765.6 25862.4 27915.5 25499.9 28161.6 22932.3 22098.4 29169.4 49667.3 36361.9 38217.2 33715.1 26821.5 25180.3 43560.5 45957.8 39502.7 50510.8 40168.7 46068.1 54922.8 31294.1 37986.8 47644.4 47787.7 51627.1 35023.2 27732.7 26857.1 18114.5 22439.5 18723 17802.5 51093.3 43819.7 46250 51832.2 22222.5 17347.2 39638.2 27716.2 22287 19895.3 77224.3 75399.7 49051 41234.6 37614 50677 58429.1 28498.2 57069.5 36403.5 80957.2 50171.6 62165.2 55005.8 25052.9 23383.4 29952.1 24194.1 28171 23354.3 26185.9 26213.5 25717.8 23928.9 23003.8 23803.7 23714.8 24927.5 25461.3 20966.9 22359.7 25070.4 19196.2 20148.9 22245.8 25089.1 21407.9 35198.5 29297.3 28171.6 29447.6 30485 34500.2 32021.9 33073.6 27919.6 36012.5 31443.6 32136.5 28702 32348 31993.9 37426.7 34012.1 31305.6 33051.8 33622 30594 33322.5 19512 32073 27345.3 24727.8 20990.4 17017.8 48923.7 15720.3 22493.1 28587.2 20298.4 23660.1 16975.6 15689.4 17516.8 16381.8 18214.4 13919.9 22690.5 13937.9 18774.6 15317.4 16161.5 16987.5 14314.1 23679.2 45991.1 50493.2 53036.1 52515.9 48265.4 55591.6 24402.5 25884.1 37210.4 41932.2 32189.1 38705.8 39244 30718.4 26529.1 24335.3 19611.4 26378.2 24954.2 15001.3 15144 26276.1 16095 28424.8 18309.6 22110.8 22510.1 19565.4 16913.9 17167.2 24775.9 17706.7 18090.5 14097.7 16401.6 12157.9 18749 21093.9 33052.3 29183.4 30846.7 33554.6 30215.7 37360.2 20359.8 15366.2 16958 17650 21292.1 21696.2 25048.2 20301.6 17379.2 24623.7 23320 37493.6 34358.4 35782.3 25264.2 29089 26108.9 32731.5 31944.1 29904.3 32175.6 28241.8 27376 29037.6 19322.6 19242.4 33194.4 38374.2 33917.8 
19618.2 0 18018.5 14788.8 42212.5 40892 18968.7 26307.2 20128.6 18180.1 21469.1 18739.6 23516.3 8848.08 23605.4 17340.7 35975.5 44180.4 28407.2 40547.9 39485 53478.2 54485 49877.1 50721.7 45945.4 48956.8 46066.3 42978.8 43468.9 43292.5 47283.9 46393.5 43793.4 43256.2 56935.8 53144.5 47409.5 56429.4 27205.1 24679.9 26038.2 24395.7 27503.8 22278.8 21366.4 18988.8 46018.5 37315.2 39013.9 29542.5 25749.9 30383.7 38383 46371.8 36017.9 48464.9 48865.5 50341.3 59055.9 30652.7 49870.5 54228.4 37447.3 53041.9 29884.8 18466.8 22777.8 17983.8 22445 19158.7 16971.9 36504.7 38278.5 33810.9 36025.6 35449.8 31791.3 24098.9 19873.4 26066.4 28809.9 76593.3 73714.2 46464.3 28242.8 37111.5 52055 48361.7 26692.4 57231.1 33947.6 91877.6 41788.1 62756 56616.8 24103.7 21667.7 29294.2 23190.3 26907.1 22184.3 25528.1 25147.8 24678.4 22833.8 21690.5 22598.3 22421.2 24081.9 24145.7 17344.2 15837.1 22966.4 17126.6 19013.2 19449.3 24376.6 20232.5 34104.8 28446.2 27427.1 28137.5 29730.5 33883.4 31464.3 32360.1 27246.1 35420.7 30948.8 31392 28129 31400.1 31050.8 36376 32980.6 29693.3 32198.9 32569.1 29872.9 32331.3 18699.7 30736.3 24783.4 28731.9 21122.3 15804.1 58387.5 15091.4 21681 28329.4 19865 24271.5 17731.7 14657.8 16249.4 15764.5 16574.5 11857.4 20759.8 17028.7 18862.7 15826.5 14352.4 16286.4 13786.7 26773.3 36964.9 42664.3 37960.4 40970.2 33603 38910.4 24101.1 25902.9 28404 34127.3 26818.9 35507.6 28675.5 20733.1 14423.2 9497.49 19375.8 22211.6 10154.5 13447.5 14362.9 26100.9 18343.6 17551.3 23315.2 11306.8 10277.2 15800.3 23052.9 21829.9 16674.5 16602.9 15467.4 21680.5 17125.9 25827.7 24643.4 11280.8 18861.9 16023.6 18845.7 17602.7 24301.8 28916.7 21417.9 16513.4 17537.3 15807.7 27633.4 9903.34 14858.3 17280.3 11337.5 17346.7 23882.1 41301 32193.3 25795.9 20252.3 21259.3 21481.6 31865.1 31886.5 31761.2 31997.9 15130.6 26646.3 28055.1 18390.6 18078.2 32146.5 39702 35350.2 
9456.78 18018.5 0 14142.1 29534.4 32668.6 20194.2 22315.9 15275 16446.9 18245.2 15821.2 19712.7 18278.2 19042.9 15402.6 38091.4 44088.9 24765.9 37458.4 40563.6 47951.5 49389.4 44871.7 45019.2 41077.7 43520.1 42178.2 37935.5 39995.9 39247.9 45466.5 40878.8 38865.5 38306 52163.5 48238.4 42859.3 51597 22504.5 19526.2 23560.7 19571.2 22483 18144.9 16866.2 25751.5 44684.3 32309.9 34535.1 28687.4 23527.7 22242.9 38040 43396.6 33590.5 48493.3 40779.2 44256.6 56095.1 25493.3 38264 48625.3 42717.9 47498.8 32984.2 24504 23311.8 12168.6 16785.4 13011.1 10570.2 47080 42428.1 40522.4 46968.3 22279.4 19797.5 34953.9 24104.8 14283.5 13882 79966.8 77473.1 46950.5 41357.2 40567.4 47185.7 57756 27851.8 61619.2 35911.4 79046.5 48904.5 59451.5 59852.8 18323.7 19990 24078.6 17801.8 23418.2 16984.2 20501.9 19702.5 19105.2 17351.7 16667.8 17070.5 17378.6 18539.7 19128.7 18543.5 20333.9 22272 15980.5 16697.1 20103 20559.3 16702 29857.7 23545.3 22762.7 24019.9 25592.1 29109.7 27273.3 28563.1 22951.9 30725.6 26699.6 27256 23837.4 26766 26491.1 31814.3 27823.8 27180.5 27740.6 28051.4 25423.3 27649.2 15872.7 29997 24494.4 21085.2 18573 12298.1 53780.1 10958.9 18137.9 23691.7 16019.7 19280.2 12029.8 11398.1 12742.5 13496.6 15167.1 10232.4 18378.7 9985.63 17865.4 11531.6 11532.8 13575.6 10360.7 20355 42047 46026.8 49457.7 48863.2 45189.4 52801.1 20873.7 22482.9 33294.1 38418.1 28180 36103.5 35023.4 27145.6 23746.1 22509.9 18870.3 23361.1 24617.2 10332.2 9731.08 27054.9 15310.6 28472.5 18192.3 21223 22001.1 16879.2 16408.9 13614.5 24975.1 14286 16679.7 13183 14306.3 13516.9 19022.7 17787.2 30670.9 26974.3 27660.2 30816.5 26719.6 33246.5 18100.1 13124 16428.5 16322.7 17472.5 18598.3 21840.7 16016.2 14101.5 19338.7 22586.9 34674.5 35087.8 34760 24245.3 28050.1 22627.1 31756.4 33319.2 28439.4 26747.6 26706.1 20868.8 23074 15084 14389.3 29957.9 35051.8 30961.9 
19117.2 14788.8 14142.1 0 34207.6 36161.7 22579.3 23836.9 14346.6 15961.9 20819.2 16185.4 18742.6 15021.2 18677 10338.1 35446.9 44319.8 23750.6 39870.1 39979.3 48673 49868 45319.7 45741.9 41259.9 43539.6 42810.4 38366.8 40863.6 39896.8 44703.4 41579.9 38081.8 37547 51380 47498.1 41744.8 50717.7 22063.4 19024.3 22431.4 18839.6 22225.7 16820.1 15995.2 19655 43212.6 34066.1 36289.6 26384.8 25683.9 27991.8 35704.1 44615.6 32440.8 46959.6 46365.5 45415.1 60876.2 25471.5 46698.6 52008.2 37515.3 46266 28493.3 22555.4 20921.6 9045.24 13788.1 8182.61 6603.54 45662.7 46324.8 36988 42989.8 30260.5 27648.2 30144.9 24863.7 14029.9 21413 78727.2 83192.9 45875.1 39980.2 40289.7 49447.2 56990.3 33399.7 67632 40303.2 79823.9 44986.8 59212 63162.9 18598 19814.7 23956.7 17462.5 22741.9 16761.2 20266.4 19241.5 18673.6 16867.4 16017.5 16526.3 16817.8 18323.9 18363.9 19245.9 20212.7 19558 14735.5 15657.2 21055.7 19968.2 17398.9 28504.8 22969 22110.4 22431.6 24119.3 28586.4 26309.5 27351.2 21984 30156.6 25693.8 26481.5 22804 25832.8 25494.3 30800.9 27426.2 26988.2 26727.2 26994 24506.1 26756.2 17395.5 35112 23026.9 24263.6 19536.2 11829.4 56318.1 12770.4 19446.8 25740.2 17160.3 17940.3 12817.7 11531.2 11501.4 14286.2 15519.1 10602.3 18204.1 11889.9 21082.4 13026.9 11597.3 13458.2 9945.65 17602 36339 41605.6 43057.7 43204.9 39376.7 47485.4 23607.8 23810 29177.8 34196.9 24308.2 32474.7 29535.7 23378.2 18760.7 18840.7 22274 21267.4 23994.5 9776.21 8595.09 30619.8 19907.9 28223.4 23294.9 19615.4 19359.3 17129.2 22726.9 19389 24363.9 15214.6 17055.1 20776.5 15867.8 23158.6 24332 14274.4 26516 24842.3 21964.5 26309.7 22978.2 28784.9 20609.5 14369.3 16012.9 15688.9 25480.5 13610.3 17389.4 15250 10588 17438.6 22914.7 36384.6 40625.8 30737.1 21405 24640.4 19225 30725.5 36998.6 29132.7 26396.1 26245.1 20308.4 22490.1 15995.2 14685.3 29796.6 37124.6 33676.7 
27440.9 42212.5 29534.4 34207.6 0 22900.8 44367 43200.7 42963.7 44601.5 41852 43672.3 36752.8 43358.3 35883.2 37228.1 65525.7 69714.3 41341.9 60901.7 67282.5 67901.5 71037.4 64934.1 65944.8 60978.9 63008.6 63675.5 58542.1 62582.8 60420.4 62624 62665.5 61865 62920 76476.6 73657.1 64137.4 75049.7 41046.8 44207.6 42948.7 44004.1 41413.7 38145.6 37083 45551.2 67708.3 55328.3 56710.1 50381.9 44603.7 37779.8 58059 40830.4 55076.6 40881.7 38394.9 37568.9 50666.2 44028.6 40215.7 35856.9 42378.2 41438.1 55859.8 43180.5 44179 29836.5 32089 33575.6 33996 68386.8 56215.5 62099.2 67759.8 22381.5 26754.9 56435.8 43984.4 34364 27764.2 61511.4 86372.2 68316.8 61205.5 40601 66362.5 73684 48913.8 67436.1 52897 73807.5 68890 78092.8 54628.8 44237.6 40152.7 44021.3 42997.1 41317.7 40945.3 39964.9 41901.6 40197.4 39552 39808.3 39720.6 38963.8 42384.9 41600.4 36176.8 39116 43365.1 35205.6 37122.2 38164.5 39421.6 37769.5 49917.7 43326.7 42274.9 46557.1 44538.1 48176.6 44783.8 46768.7 41571.1 49326.1 44678.8 44775.4 42291 46536.4 46232.5 51919.4 48533.4 44972.9 47107.1 48093.5 44231.2 47505.1 36694.6 47311 43302.1 30810.3 38001.2 37707.2 47236.5 36609.2 40440.1 44275.3 37168.1 38085.2 33193.5 36575.3 37895.9 37251.7 38007.9 37746.4 38057.8 35831.3 40671.1 36031.4 34626.4 35242.2 35443.1 40935.1 63138.6 67252.2 69897.6 69164.5 65432.5 72393.5 40683.2 37634.9 60760.1 64357.5 54542.7 62599.1 60536.5 53021.4 44438.3 43340 33532.9 42151.1 44433.4 35509.6 34497.4 45378.2 35202.6 49809.5 34986.1 46887 45187.7 38589.8 35589.6 38999.1 46088.1 39269.1 38677.5 31969.9 37096.1 30806.7 38910 42698.8 51912.5 47030.5 47516.6 50145 47869.1 55485.7 44147.7 40083.6 39346 43216.9 31522.6 41277.9 42319 42904.3 39893.7 41900.3 33482.1 53117.5 57233 62487.2 52028.6 55062.6 43902.3 53844.5 43455.9 49943 44538.9 49530.6 41810.1 43238.3 33553 34146.2 46949.4 54455.1 50683.4 
31543.5 40892 32668.6 36161.7 22900.8 0 44379.5 42047.8 45097.2 45027.4 37784.7 42812.9 46461.7 44561.6 43402.3 35381.7 62466.8 64839.8 50669.7 55937.6 65960.2 74323 74883.6 70585.3 73596.8 66540 71169.6 66735.8 64595.2 59276 64043.9 64152.7 67949.3 69944.8 69385.3 83031.2 79314.6 73546.2 82585.9 50072.2 50530.1 45722.2 50121.4 51392.6 47075.4 46573.7 52914.3 75317.4 59806.3 58758.8 59195.6 41754.5 39955.5 65913.5 48017.6 63279.1 44771.1 51604.7 46216.5 66154.3 53900.4 53978.5 48621.1 41412.4 47252.3 60405.9 44768.2 51064.1 32637.9 38346.2 36280.8 37560.7 74578.4 68478.1 69048.9 74830.5 34369.6 39988.1 62706.3 51365.4 39376 36867.1 63777.2 90172 65868.5 57777.6 51661.9 67707.6 72811.2 43848.6 73934.2 55473.4 66626.9 66438.3 78562.5 61454.9 49417.4 38704.1 52728.3 48801.4 47475.6 47981.9 48870.5 50706.3 50044.3 48355.5 47744.5 48168.2 48440.6 49182.9 50208.1 43465.1 43614 50361.7 37366.4 39239.9 36828.3 46407 41463.8 59965.8 53735.4 52574.9 54294 54945.1 58585.3 54411.9 57046.8 51978.1 59489.4 54894.3 54972.9 52693.4 56829.1 56482.5 62141.5 58622.2 52535.4 57504.7 58334.6 54462.7 57803.6 39074.8 45715.4 43055.4 27490.7 39307.9 41812.2 48989.7 39644.2 40691.7 44232.9 40074.4 38429.1 37870.1 40010.4 42353.5 37582.2 38442.5 38104.4 42416.5 39161.4 38202.3 40273.7 38096.9 37549.4 38699.1 39133.7 70446.9 75329.9 76669.5 76248.3 71663.1 79075.5 39984 44100.2 61775 67183.3 57448.3 65110.9 63651.7 54525.8 45645.9 45760.6 43574.8 44457.8 41881.9 39336.6 38314.2 53308.2 40117.9 52938.4 43603.6 47360.2 45304.6 43951.8 42951.7 43011.8 47793.9 41946.6 43158.9 40155.5 40643.3 37533.7 45168.5 40781.5 49144.4 51613.7 54073.7 57157.1 54443.9 62120.5 42287.2 39950.7 39897.7 38761.5 37998.7 45077.8 48430.4 45489.9 41492.7 42255.6 39023.1 53191.6 53407.9 60262.4 49634.3 53751.6 46217.9 49521.7 43813.1 52361.6 53898.5 52346.3 51872.7 53496.5 40077.8 41592.2 48166.8 55724.5 50961.2 
22840.2 18968.7 20194.2 22579.3 44367 44379.5 0 28766 15428.4 19635.9 26032.2 21304.2 28777.9 15943.5 27866.9 22751.7 33238.3 42434 33715.9 46441.3 33340.3 58530.2 60376.5 56061.9 57738.4 51900.9 53946.9 53013.5 49234 49168.7 50245.5 53455.6 52510 51080.4 50521 64214.5 60817.1 54910.3 63721.5 33072.9 32673.6 33524.3 32113.5 33941.1 29248.2 28416.4 22167.6 36826 38825.2 36348.2 22259.8 14071.7 18412.6 32134 38942.9 27714.7 51515.3 40530.9 44619.6 50197.9 35986.2 36217.4 44292.9 40678.3 44331.1 20289.8 19982 22978.3 23170.5 26959.8 25321.9 23992 34698 36966.5 30010.2 36981 37507.2 34145.1 27929.3 24065.8 29284.5 30319.8 73839.7 63252.7 35578.9 21874.6 37715.7 49925.7 40722.8 21730.4 45939.5 20349.5 97157.2 32041.9 50502.1 45674.6 32149.6 30008.7 35041.8 30662.8 33295.3 30057.6 31517.8 31946.4 31308.1 29593.8 28869.1 29629.7 30030.6 31217.8 31343.7 22108.5 18716.5 28045.7 25421.7 24875.7 27038.8 31270.6 28904.4 41533.9 35481.3 34364 35861.5 37015.6 40459.7 37148.3 39122.7 34511.6 41643 37215.8 37228.8 34794.5 38594.8 38308.9 43653.7 39900.1 36029 39391.5 39880.9 36816.4 39549.6 26364.9 18679.9 24079 24320.8 15732.9 26142.4 44422.4 23543.2 26341.7 30025 23258.9 23292.4 20640.3 24256.6 26678.6 23484.6 16678.2 15912.8 26646.2 18429.8 20155.6 20516.7 22685.5 22523.2 22629.8 30860.2 34358.3 37686.2 40078.8 39681.9 35734.1 44794.4 16145.3 17656.4 23505.7 27031.8 18265.1 25571.2 23664.3 20161.5 17828.1 20308.7 26942.6 26771.3 22236.5 24928.2 24645 18203.3 17079.5 22332.1 16704.4 18890.4 19810.1 17538.8 17471.7 17967.3 25277.7 16455.9 19982.3 19935.7 19703.6 21583.3 20585.1 16371.1 20471 19868.9 22502.2 23383.8 18140 22321.5 27496.4 24151.5 19350.2 21426.6 28937.5 14968.9 18852.4 15717.4 17695 12957.9 21023.5 30641.1 21153.1 21260.9 13408.5 16964.7 12677.4 25974.4 18061.2 21739.4 36547 24172.1 33088.4 35076.8 24914.4 26246.5 38166.7 34253 38056.1 
25160.9 26307.2 22315.9 23836.9 43200.7 42047.8 28766 0 21258.5 19550.1 9772.51 19388.1 17629.8 31011 14863.1 20332.6 39182.6 35530.1 20147.6 21819 41613.5 43624 43271.4 38274.4 45109.3 35117.2 40008.6 35525.5 33599.1 24310.3 33396.5 29666.3 38259.8 44262.9 43790.7 57707.9 54597 47145.6 57059.6 19702.3 25026.6 12147.6 24556.6 21808.1 19364.4 19398.2 28370.5 45580.1 29548.9 26811.5 30193 31655.8 21278.5 36284.3 52246.1 33951 59622.7 50145.4 56813.2 69675.4 24483.1 47259.3 63939.5 43775.1 51881.9 32751.3 24806.5 22276.1 27081.4 15933.4 27976 22570.4 54010.2 55654.5 44908.5 52664.1 40227.9 36573.6 41677.5 38844.4 28905.3 30876 99940.5 71669.4 26762.9 29087.9 60964.9 25866.4 42723.2 26555.6 59459.6 32535.6 97199.9 29074.9 39350.3 57184.9 25691.6 12162.9 22482.6 24012.2 13712.6 22647.4 18537.1 23291.5 22471.3 21511.8 21643 21516.5 22102 23021.8 24304.8 21989.7 20264.6 22885.6 12015.6 12011.3 14818.5 17493.6 14058 32474.7 25186.8 24273.3 28781.1 26546.3 29864.3 24242.8 28953.1 23256.6 30528.7 26137.6 25821.5 24034.1 28414 28254.8 34216.6 31053.3 24017.7 29019.2 30390.7 25302.9 29382.7 13590.6 29564.3 11777.3 33399.3 25233.2 19341.2 48960.4 16597.8 11944.1 8209.77 11195.8 25533.9 20406.9 17301.9 19834.1 13338.4 16922.7 22193.7 14925.5 15725.6 12832.7 13541.8 14394.1 13028.5 15889.5 25701.7 44277.3 48229.6 52209.8 49245.2 48342.4 57898.2 22369.8 32070.9 39015.4 41888.8 32616.4 38412.5 39969 34956.9 23652.8 27272 30231.9 15289.6 29293.9 17917.8 18921.7 36814.6 23964.6 31816.6 29544.3 26761 22910.4 22097.6 28920.8 25045.9 28396 21992.4 23930.8 25015.6 17143.6 22715.4 25984.2 22699.3 27279.8 32891 31189.1 36318.5 26899.1 35014.2 17002.7 14891.9 13496.1 14252.5 22351.3 26076.1 29169.2 22848.9 23582 34696.4 42908.7 19051.2 40981.3 38038.9 28145.4 31327.8 19704.6 14607 39256.5 25293.6 23930.7 39986.1 24988.5 25605 13691.5 15846.2 12658.5 19720.9 13736.4 
19363 20128.6 15275 14346.6 42963.7 45097.2 15428.4 21258.5 0 6338.42 16818.7 8974.72 20604.1 16733.3 19808.3 10557.2 25892.4 32587.6 25475.6 37380.7 28094.7 48991.1 50935.7 46198.6 46727.4 42357.4 44890.7 43553.9 39295.5 40051.3 40659.2 45646 42520.3 39488.6 38935.7 52788.9 49087.4 43249.2 52144.7 23961.7 20437.7 25255.8 20362.5 23796 19527.6 17903.4 21314.4 32329.7 27791.2 26671.4 17466.9 20315.4 20822.4 28604.5 44362 23914.9 57602.7 42819.8 47996.3 58145.1 26816.7 39339.9 50300 46730.5 48235 19341 23259.7 16831.1 18804.2 18146.5 16927.4 11980.1 40408.2 45912.9 32743 40849.5 34256.5 30861.6 29823.1 28559.6 20406 24278.4 81658.9 75664.1 33413.8 31800.8 43083.1 41384.1 48421.8 26802.3 59416.7 31146.4 89222 35498.4 45708.6 57476.4 19688.6 21697.3 25385.5 18885.2 24702.1 18032.6 22048.7 20655 20087.1 18280.9 17414 17932.4 18299.9 19746.6 19755 21973.2 20944.8 18405.8 18119.5 17506.9 24998.3 21527.5 19273 30454.6 24504.6 23677.3 24144.8 26530.9 30169.3 28253.5 29893.4 24927.8 31650.4 27651 28066.1 24954.1 27386.4 27116 32714.9 28847.9 27391.4 28459.6 28550.3 27179.3 28287.7 16673.8 27424.8 18187.1 27434.7 18243.8 13879.9 52390.1 12483.7 17124.4 21965.1 14640.8 17896.8 14973.4 12793.4 14027.4 13527 10677.3 10980.1 18673.6 9175.24 14057 10278.6 13190.7 14002.2 11373.6 21511.1 32721.8 35583.8 41940.4 40647.9 38383.6 48760 17905.2 19995.5 22742.7 26918.2 17305.6 22672.3 24665.1 20605.6 19075.4 23073.4 28765.8 19297.9 28030.4 12592.5 11511.9 22301.8 16288.4 24339.5 18836.5 19019.5 20099.7 17155 16606.1 12592.2 26122.4 13386.4 16758.8 19573.8 14552.5 19683.8 18483.3 16063.5 24578.9 25585.3 24156 28014.8 18644.5 22640.5 16013.2 11914.2 10626.2 10062 28594.2 16633.5 19709 7118.48 11768.3 17174.2 26999.1 24646.8 32483.9 21704 12512.1 16506.8 11709.2 21206.6 30389.9 16746.6 27737.9 26827.7 21707 23946.4 17042 16473.7 30426.8 26817.3 28751 
18323.5 18180.1 16446.9 15961.9 44601.5 45027.4 19635.9 19550.1 6338.42 0 13275.9 6641.95 19613.7 19094 19752.4 11990.3 24506.5 30896.2 23868.2 33536.3 27577.3 47860.9 49427.8 44770.4 45331.6 40910.9 43560.5 41347.5 37471.9 37310.5 38657.4 42959.2 41072.1 37873.9 37314.5 51147.1 47266.4 41364.4 50515 22411.6 18777 23503.3 18512.4 22034.6 18251.3 16462.7 21512.7 34459.1 23497.4 23792 19003.9 24550.2 25508.8 30974.1 47601.9 27179.2 59005.5 45767.3 51016.3 62745 25071.6 43816 55025.9 47797 51387.6 20586.1 24088.2 16271.4 20746.3 19410.5 18590.2 13760.4 44009.6 48828.7 36768.4 43669.9 35587 31834.7 31851.8 29675.1 21944.2 25955 86699.6 78027.3 33007.3 32988.1 47468.9 37421.9 51522.2 25584 61730.7 32483.8 90452.1 34975.8 47634.3 59800.9 18585.9 19209.8 24078.9 17535.4 22906.4 16702.5 20694.5 19395 18955 17094.6 15806.7 16799.3 16657.4 18466.3 18392.8 21526.6 20239 16703.6 16583.8 16623.5 24236.2 19433.9 16975.1 28793.7 22615.2 21784.2 22253.9 25001.8 28743.6 26437.2 28436.6 23613.1 29748.1 25932.2 26464.6 23446.6 25509.9 25192.1 31366.9 27181.4 24743.6 26840.1 26624 25899.9 26376 13704.8 30253.5 17688.1 29353.1 19540.6 11670.7 54722.4 9741.34 14498.2 19840 12840.3 19673.1 15907.9 10465.8 12214.4 10612.6 11809.6 10602.7 16102.1 9653.33 12558.7 8787.18 11434.6 11889.6 10210.6 21793.4 34442.3 38707 43525.9 42920.5 40870.8 49944.3 22414.1 23120 24354.9 29415.8 19816.5 23740.1 27125 21751 19313.2 23002.9 29020 18709.7 26824.5 10781.5 12054.2 24902.2 17026.4 21288.5 23167.2 17778.5 17774.1 16586.4 18227.7 14920.5 24088.7 13187 16395.9 20678.1 13272.4 19876.3 18071.5 16054.3 25718.6 27613.9 25541.3 29359.2 21022.6 24843 12066.3 8364.23 8784.17 7498.41 29663 17395.6 20867.4 9548.91 11735.4 21406.3 30486.7 26844.4 33943.8 22062.7 12569.1 15510 14195.3 21319 32570.8 18153.7 27315 27376.6 21605.3 22909.6 14869.7 14582.8 27681.3 24276.3 24325.3 
20438.2 21469.1 18245.2 20819.2 41852 37784.7 26032.2 9772.51 16818.7 13275.9 0 12956.7 18885.7 27240.7 17444.9 14351.7 30404.4 29473.6 23220.8 21110.1 33692.2 46941.6 46444 42361.5 46462.3 38378.7 43749.1 38284 36456.3 27489 35851.5 33573.6 40475.1 42018.4 41428 55088.6 51575.2 45278.7 54692.2 22281 22075.4 16646.6 21602.5 23478.2 18905.3 18045.5 27988.8 44603.9 25725.2 22927.4 28395.7 27513 24132.6 38062.4 54055.3 35232.1 63588.4 51360.1 58333.6 70858 25986 49215.3 63897.1 48062.6 55539 30783 24995.5 22346.2 24341.4 15878.7 24017.6 19328.9 53136.5 56560.9 45256.4 52413.8 39670.9 36081 40884.9 37890.4 26115.6 29834.2 94372.3 75309.3 31418.3 30519.2 55264.1 30960.1 48753.7 24276 60113.9 36456.3 92089.2 32865.2 45042.8 58320.5 21817.3 8768.67 25038.2 20989.7 18379.3 20112.4 21180.5 22614.7 22075.5 20378.5 19667 20374.4 20300.7 21208 22447.1 23478.5 22774.7 22387.3 11793.6 13685.6 16881.5 18718.7 12976.3 31345.8 25280.8 24120.3 26333.7 26668.5 30261.6 26663.7 28777.3 23759.6 31444.9 26877.8 26896.8 24456.5 28374.5 28020.4 33521.5 30103.3 24149.1 29051.1 29714.6 26352.7 29349 10259.6 29025.7 15037.5 29420.7 24835.5 14108.8 51973.8 10930.8 11283.6 11937.3 10452.3 22569 19271.6 12053.8 14690.9 8053.71 12845.6 16760.4 13993 13024 10233.2 9216.06 9901.81 9220.27 11601.3 20679.5 42432 46935.4 51506.8 49256.3 48311.3 56920.4 21946.1 31713.2 34201.7 38861.2 29308.3 35029.3 36708.1 31332.2 20945.2 25923.3 30457.5 16987.9 25292 12214.8 13496.2 35735.3 20873.2 29081.1 29441.3 25276.5 21406 21787.2 27207.7 21947.7 26010.7 19902 23104.8 24518.9 17215.3 22939.8 25125.4 20971.2 23322.8 32528.7 31356 35927.7 27077.2 33002 8565.24 7846.03 10740.5 8522.26 25180.2 24212.3 28262.2 16668.3 18170.2 28857.5 37351.4 22845 33782.8 31908.3 21988.7 26261.2 18079.7 17104.6 37538.7 22210.9 27440.8 34280.9 24823.1 25600.6 11207.5 13000.2 16474.5 20069.9 15444 
18264 18739.6 15821.2 16185.4 43672.3 42812.9 21304.2 19388.1 8974.72 6641.95 12956.7 0 22218.7 20271.1 21292.6 10215.3 23207.8 29115.1 27190.9 32555.6 25138 50935.7 52592.4 48047.6 48619.1 44106.6 46961.8 44566.4 41229.1 38220.1 41780.7 45282.5 44306.9 41651.6 41122.1 55026.6 50997 45515.5 54287.2 25666.7 22652.1 25607.4 22619.7 25857.3 21218.9 19934.8 24618.4 40154.1 22919.3 23703 25170.8 25200.8 25483.8 35383 50160.3 31403 60943.6 47844.6 53216.8 65787.7 28887 46780.2 58299 49299.4 53543.2 25986.7 25240.1 19336.4 20412.4 18282.6 18187.1 13740.4 47638 51103.1 40053.8 46891.3 36898 33403.7 34327.8 31601.3 23256.9 27271.4 87699.5 75321.1 33163.3 34692.6 48575.9 38145 51912.6 23415 60402.9 34387.9 89681.6 35108.2 45884.2 58074.4 21946.5 19519 27519.2 21120.5 25836.8 20174.9 23827.2 22869.3 22349.6 20500.5 19628.2 20188 20346.1 21981.9 21937.1 23811.9 22898.1 20502.7 18090.1 17430.8 24570.4 23142.2 18816.7 32492.7 26811.9 25937.2 26399.8 28465.6 32335.6 30172.6 31284 26000.6 33872.9 29650.8 30019.7 26837 29717 29446.6 34630.6 31083.2 28209 30721.7 30870.4 28476.4 30592.1 16112 29696.8 19837.9 28604.7 20812.7 14495.9 52172.3 12180.8 17800.8 21911.9 14877.4 19511.5 16333.5 13064.5 14755.3 11932.1 13050.2 11020.5 19424.5 10568.3 13907.4 10063.4 13208.7 13821.9 11014.9 18407.4 38863.1 42807.4 47330.8 46041.1 43498.4 52786.6 23602.1 25664.9 30025.3 34308 24329.7 28358.1 31993.3 25997.7 20967.9 23436.2 29233.8 19208.6 27206.5 12067.4 11519.4 28818.5 18035.7 21001.3 25319.8 20613.3 19032.8 19301.8 21451.9 17601.3 23717.1 16568.3 18857.4 21918.1 16138.9 21582 20892.3 16375.4 27129.4 28839.9 27170.8 31587.1 24616.8 29048.4 9106.82 7967.46 9666.03 7121.44 30344.5 19152 22956.4 12066.3 12770.1 22279.8 31050.6 25496.9 30374.4 21111.2 12808.9 16287.7 18460.7 20223.6 32391.7 16508.9 29804.8 28763.7 23978.1 26253.6 16258.5 16694.6 28726.5 26743 21946.9 
24272.2 23516.3 19712.7 18742.6 36752.8 46461.7 28777.9 17629.8 20604.1 19613.7 18885.7 22218.7 0 25435.1 7024.47 21389.4 42829.4 47132.3 6323.38 37544.1 44746.4 35719.2 41499.9 34146.2 35385.1 30656.7 29670.9 33535.4 27528.8 33917.5 30439.7 31464.1 31858.6 31351 33584 46740.8 43921.3 32890.5 44812.3 9727.24 16500.3 17017.7 14629.2 8954.52 8771.91 8625.64 15610.1 35030.1 24511.5 27334.2 18742.2 36384.6 27971.1 23332.8 39582.5 21689.6 45977.8 37575.7 41844.7 55469.4 8071.84 34758.6 50407.6 36021.9 41467.2 25266.1 19027 13156.7 22137.3 11384 22839.2 17347.1 43439.1 42484.9 32051.6 39752.7 26881.1 23268.1 28511.3 26176.3 20516.8 18566 97402.5 83153.4 39275.2 40737.8 57934.4 32729.7 50628.6 36775.3 60150.5 36383.9 91329.8 41590.6 45987.4 64460.1 18320.2 15640 11186.2 16617.3 13714.9 14978.6 9711.05 12584 10834.1 12306.1 10833.3 12092.8 12552.4 14380.9 11760.2 12272.9 18786.5 10776.8 10890.2 13038.4 15181.9 9485.67 12722.2 16530.1 7869.57 8279.97 16278.8 9096.18 12592.9 8748.72 12402.6 8282.36 13058.2 8578.47 8870.17 6783.68 12323.9 11944.6 17785.5 15337 10736.7 11668.4 13681.5 9836.31 12574.2 12523.5 36584.8 15918.4 36837.8 27216.1 12515.3 64942 12822.6 13330 14810.5 11133.5 25684 16044.2 11679.5 13182.7 13809 17483.6 20867 9037.65 13862.1 20344.1 13410.3 10574.2 11492.8 12141.4 28565.1 31686.3 35128.5 37705.3 37617 33821.8 44870.4 25040 25880.5 34426.6 35961.5 28282.2 34240.7 32788.3 28511.4 21396.3 22201.6 21799.3 16703.5 29664.7 11769.6 12951.2 32536.7 21140.7 28100.2 24423.1 25672.9 21796.7 16389.9 26223.8 21606.7 25497.3 17794.1 17549.9 21754.2 14186.2 19867.3 23734.5 21278.4 30305.8 25393.7 20996.6 25192 19450.3 27971.4 22011 16855.8 16314.7 21166.1 22508 19619.4 18069.6 20438.3 18984.8 31680.7 39536.6 31815 47895 39216.7 29904.5 32079.1 18843 31126.3 41641.9 26193.1 8873.35 36331.6 8881.21 9432.08 9668.82 9714.37 16358.2 22716.6 24181.1 
21857.4 8848.08 18278.2 15021.2 43358.3 44561.6 15943.5 31011 16733.3 19094 27240.7 20271.1 25435.1 0 25315.8 18299.7 37880.8 47120.7 30336.6 46636.9 40303.1 55354.6 56067.7 51365.6 52015.6 47488.1 49797.8 49023.5 44415.1 47481.3 45987.2 51347.7 47633 44120.7 43591.5 57600.7 53468.5 47764.2 56756.2 28756.5 25140.4 29822.4 24928.6 28670.9 23603.3 22418.7 14564.8 42656.3 40257.1 41423.6 25108.5 23079 29393 34925.9 39244.2 32289.5 48013.1 44784.4 43251.1 51737.4 31736.2 44136.8 47066.2 38820.9 47184.1 27037.5 16555.3 22779.7 16135.6 25841.8 18090.9 16193.9 32759.6 32578.6 28006.7 31517.6 32856.5 29430.2 18820 18018.2 24194.5 26316.2 72356.2 71412.8 46173.1 27543.5 33072.4 55029.7 47273 25642.5 54788.9 31713.4 92211 40265.4 61126.2 53614 24690.6 27398.8 30217 23673.9 29483.9 23042.6 26969.2 25366.7 24927.3 23069.6 22108.1 22745.5 23073 24508.9 24406.4 18383.6 17058.3 24391.1 21383 22199.4 23614.9 26340.9 24131.1 34617.1 29136.7 28378.6 28459.4 30584.9 34791.2 32567.6 34179.8 29091.1 36359.8 31971.1 32772.9 29110.4 31961.8 31629.2 37040.1 33626.6 33665.6 32900.4 33097.2 31364.3 32867.5 24202.2 27773.3 26362.9 26287.1 20682.8 18193.1 56536.3 19229.5 24798.9 31401.9 22535.4 25307.2 18481.1 18372.9 17996.7 20846.8 19267.1 12290.6 24883.7 16750.1 22125.5 19376.4 18648.9 20363.4 17523.2 28668.3 32114.2 37388.4 33790.5 37663.5 29458.6 36078.2 22944.4 22732.2 24362.7 29681.4 23337.7 32243.5 23511.8 16345 13232.6 9509.18 21822 24983 13113.3 16761 15567.1 23980.5 18956 17930.4 19271.6 12537.5 14407 15245.3 21093 19007.5 19745.4 14882.3 15174.1 20687.5 17299.4 24193.9 23547.3 12527.7 19148.6 12937 14882.5 14272.6 20969.5 25322 27205.3 20809.2 20037.7 19511.5 28299.7 7167.15 8657.8 17009.5 9946.98 13411.6 19143.8 40438.2 30170.2 22397.6 18497.8 18354.2 19969.9 33326.2 28142.1 30705.2 32689.3 12734.5 26400.7 28669.7 23450.5 21692.4 36957.4 42134.4 40506.3 
24414.4 23605.4 19042.9 18677 35883.2 43402.3 27866.9 14863.1 19808.3 19752.4 17444.9 21292.6 7024.47 25315.8 0 20517.7 43773.7 46205 9721.64 35102.4 45277.5 36235.5 38975.3 33152.3 36253.7 28985.7 30944.9 30828.6 27036.9 29754.5 27730.2 29299.6 31389.8 31538.3 34077.3 47109.3 44289.7 33820.4 44999.7 12510.7 16243.5 14729.4 15253.4 12323.4 11588.4 9878.68 19854.9 36974.4 24895.2 25554.2 20376.4 34381.1 23809.9 25738.4 41443.2 23894.8 47127 38936.7 43841.7 57766.4 11498.6 35965.7 52317.8 33649.4 40401.3 26994.7 17565 17106.5 21908.2 11193.7 22591.5 16479.4 43000.5 43876 33697.9 40391.5 26253.8 22551 28696.2 25013.5 18841.3 16516.6 97231.5 80829.2 36166.1 38932.6 57808.1 32761.4 49659.6 30672.4 61530.6 33563.4 91351.1 38719.8 44286.3 59000 17358.6 14929.1 13479 15598 12330.4 13965.2 10493 12798.3 10611.3 11309.5 10764.9 11330.9 11880.8 14013.7 11248.1 15238.7 18769.6 15156.2 8859.62 10688.3 15067.2 11249.3 11187.9 20695.7 12101.4 12135 17023.6 15632 18391.9 13158.6 18536.7 14042.2 17448.8 14707.5 14730.4 13013.7 15808.8 15323.2 23099.4 17499.1 13641.6 17538.3 17389.6 15696.6 16271.9 9887.92 32274.2 13878.5 33939.7 25267 14165.2 59532.7 12596.5 9461.92 13240.1 10100.6 23455.8 14345.8 13048.3 14843.1 13729.3 15940 20951.3 7800.49 13287.6 18907.2 14033.5 10780.8 10952.9 13092.9 27155 35815.9 39259.9 42624.2 42890.2 38600.7 48724 23405.4 28038.2 34634.5 38109.9 30249.4 36701.7 35283.7 28514.1 20948.7 23024.1 23315 15335.5 27095.3 13386.4 13278.7 32981.3 22043.8 28952.7 25200.7 24674.7 21559.8 17226.3 26246.5 21193.5 24891.5 17889.7 17092.1 22432.9 14040.6 20784.2 24557 18721.2 28351 28373.7 25073.5 29026.7 23974 30073.8 22240.3 17949.7 15702.2 20464.9 16651.5 20514.2 19557.8 21606.1 19770.8 31532.7 39349 26766.1 46340.9 39462.6 30271.5 31751.5 17331.7 27877.6 39450.6 24420.4 10782.1 37122.9 10774.9 12158 10160 9969.71 16368.2 20032.9 21567.2 
19388.3 17340.7 15402.6 10338.1 37228.1 35381.7 22751.7 20332.6 10557.2 11990.3 14351.7 10215.3 21389.4 18299.7 20517.7 0 29296.2 34561.8 26283.6 33580.2 31939.7 50466.4 52104.7 47616.6 48016.7 43675.6 46490.2 44008.7 40816.5 38148.9 41129.7 42780.5 43837.6 41125 40565.5 54373.9 50558.3 44721.8 53766.1 24971.9 21960.5 24035.1 21724.2 25134 19805.3 18980.9 22570.9 41743.8 30233.2 30864.9 24728.2 21658.2 23086.6 35039.1 46820.1 31137.4 55695.3 45549.8 48364.6 63177.1 28416.2 45191.7 54020.5 43805.4 47894.1 27866 22298.8 19794.1 14785.6 12722.9 12972.6 10074.3 46826.1 49202.4 38977.8 45478.7 34777.4 32297.6 32823.4 30923.5 17922.1 24996.1 81592.4 80099.8 39684.5 36564.4 42305.6 44558.6 53606.3 29018.5 64535.1 38672 83383 41464.4 51292.4 60273.3 21261.7 16844.6 26944.3 20426.4 24955.8 19612 23216.6 22177.7 21609.8 19803.6 18961.1 19475.3 19691.1 21291.5 21388.3 23964.5 23514.9 20551.7 16980.5 17071.1 22563.5 22192 18090.7 31439.1 25944 25084.1 25476 27077.4 31561.9 29245.4 30139.5 24825.4 33130.1 28642.3 29265.2 25783.6 28783.7 28445.1 33735.3 30403 26899.8 29703.3 29928.3 27486.2 29694.9 15191.3 31859.7 18248.4 23271.7 20616.7 13585.4 53166.4 11670.9 16769.5 21063.1 14316.4 15138.4 14844.9 12111 13584.4 10435 12733.2 12348.9 18059.8 10884 14893 11505.4 11964.8 12475.9 9680.75 16727.7 37166.4 41529.9 45397.6 44425.1 41433.5 50433.4 21971.6 26173 30106.6 34506.1 24898.7 32059.5 31587.1 24413.3 18799.3 22219.1 28268.9 17668.3 25295.3 10662 9583.85 31572.6 19780.9 28808.6 23454 23100.3 20843.2 20959.2 23660.1 20095.4 26129.7 17438.2 19566.4 21542.1 17404.1 23876 25140.3 14558.4 24508.3 26243.5 24731.4 29109.5 23985 28954.8 14364 9642.02 12525.2 8869.77 28107.1 17160.5 21183.5 11185.5 10753.1 17976.9 23935.9 28921.1 35977.1 28674.8 18786.3 23614.5 18653.6 24474.9 35807.2 22818.9 29284.7 26461.1 23249.8 25453.3 14988 16064.1 27009.4 31575.7 29124.4 
39137.1 35975.5 38091.4 35446.9 65525.7 62466.8 33238.3 39182.6 25892.4 24506.5 30404.4 23207.8 42829.4 37880.8 43773.7 29296.2 0 20800.7 47452 47788.8 12274.9 72251 73842.2 69209 69541.4 65302.6 67865.8 65570.6 61863 56845.4 62890.1 63308.8 65434.4 62013.4 61453.9 75307 71407.7 65493.4 74654.5 45784 42873.4 45346 42591.3 46033.4 40450.8 39675.7 39492.5 50822.5 36376.3 31717.9 35964.8 32430.3 39737.1 49882.4 66864.1 44903.8 80278.4 64637.6 70525.4 79604.4 49356.6 62714.1 72099.3 68895.3 70874.1 34631.4 42126.7 35892 41516.5 39905.3 40140.7 36073 60385.1 67656.6 53507.6 61501.3 58886.3 55033 51171 50463.1 46055.1 49888.2 97806.4 68758 30506 40779.8 61769.9 51899 58595.5 39152.3 63480.4 45649.8 111794 32540.6 37778.5 63124.7 42760.7 37107 47844.3 41659.5 46004.5 40942.7 44126.6 43491.4 43051.8 41193.8 39931.2 40921.7 40736.2 42589.9 42554.9 42848.2 39991.7 38871.9 37539.6 37416.5 43899 43045.5 39035.2 52097.2 46637.5 45798.9 46165.9 47714.3 52365.1 49994.2 50970 45508 53852.8 49373.9 50142.8 46492.4 49467.6 49122.6 54482.2 51287.3 48206.2 50391.1 50602.3 48179.1 50423.5 36369.8 38319.1 36983.7 47204.2 38790.2 34337.5 54481.7 32666.6 37801.9 41413.1 35621.5 39129.8 37873.7 33059.4 34202.2 31334.1 29517.5 29110.8 39535.6 32594.6 31837.5 30180.5 33441.3 33493.6 31238.9 39321.8 50130.8 53571.1 60599.1 57809.7 58185.4 67188.8 36208 36737.8 38080.1 41547.9 30244.1 27666.4 39331.1 39244.2 35274.5 40843.8 48563.3 38390.6 43965.3 31799.7 33031 38449.6 36879.8 36452.3 39830.3 38560.9 35926.5 37494 38370.4 36277.4 39954.4 34643.7 38443.6 41281.7 35611.6 42183.1 36796.6 34228.9 39391.2 43710.3 42135.8 46249.6 35980.8 34706.5 24021.1 26879.3 28723.6 26140.3 52512.5 35140.2 39593.3 24747.5 29178.1 34928.4 45780.6 37162.6 29176.4 25694.4 22496.1 25199.5 29806.5 31427.3 37910.3 22016.5 51515.4 43695 45529 46872.4 35782.5 37124.9 46008.6 38081.6 34787.3 
45220.4 44180.4 44088.9 44319.8 69714.3 64839.8 42434 35530.1 32587.6 30896.2 29473.6 29115.1 47132.3 47120.7 46205 34561.8 20800.7 0 51536.8 32004.1 28590.6 75841.5 75515 71464.3 74401.2 67464.6 72343.7 67385.1 65171.2 52395.1 64861.5 53902.4 69281.8 67406.4 66876 80674.3 76751.9 70969.3 80042 50378 48509.6 43976.9 48148 51136.6 45725.8 44962.8 48752.8 60592.3 41129.3 29323.5 45015.7 42137.2 44084.7 57782.1 75196.9 54045.5 89052 71834.9 79547.6 90043.1 53906.5 69350.7 82522.8 74145.2 77820.2 45914 46513.3 44316.6 48960 43113.9 46968.7 42645.5 71216.4 77035.5 64055.8 71789.6 65502.9 61761 60655.8 59927.8 51572.7 55659.5 110060 69237.9 29833.9 41873.1 71874.8 44131 48793.2 41251 66706.1 52420.2 117332 31323.4 30033.7 66543.5 48139.6 34099.5 52807.1 47202.1 47130.9 46187.1 48980.2 49125.2 48680 46817.2 45539.8 46531 46338.2 48093.7 48021.4 50009.3 48055 46237.3 40050.5 41668.5 44345.5 46809 41808.7 57652.1 52068.1 51023.6 51538.6 53165.5 57515.1 54514.7 55376.5 50777.9 58851.9 54167.7 54255.1 51609.8 55001.4 54623.1 60047.4 56732.9 51317.4 55795.3 56169.7 53469.3 55982.8 37812.1 39756.6 37154.8 51556.7 46959.8 39215.3 56208.2 36764.7 39251.5 39337.4 37407.7 45100.4 44917.5 37660.8 39533.2 33857.4 35106.2 38400.2 41810.4 38216 32484.6 34611 36955.6 36295.4 36886.9 44053.4 60388.3 64380.7 70710.9 68111.1 68012 76676.2 40608 46468.7 49809 53937.7 42587 42957.8 51752.8 49376.8 42494.2 49564.5 56955.3 41676.5 49069.6 37581.1 38849.8 50190.3 43535.3 46136 48330.6 48047.4 44926.5 45998.9 46304.2 42980.2 48938.6 42742.3 46529.6 48364.2 43195.3 48462.6 44218.6 42453.1 44370.7 53117.3 51896.6 55929.9 46211.9 47626.8 27263.9 32051.4 34076.8 29361.6 53668.6 44487.6 49007.2 32919.2 38038.8 45875.2 55897.2 30452.9 34630.4 37348.5 32769.1 34105.1 36776.5 27879.9 47357.6 29294.6 56004.8 53124.2 51397 52623.9 39077.4 40397.5 42776.8 38766.1 29543 
29378.7 28407.2 24765.9 23750.6 41341.9 50669.7 33715.9 20147.6 25475.6 23868.2 23220.8 27190.9 6323.38 30336.6 9721.64 26283.6 47452 51536.8 0 39507.2 49534.6 33614 40353.5 31847.4 33131.4 28060.1 27302.4 32057.6 25582.5 35445.2 28679.6 32231.4 30284 33860.4 38111.1 49914.9 47043.1 35316.4 47321.7 7416.52 21511.3 18132.6 19111.9 8161.79 13221.4 12304.4 19641.3 37768.5 27026.3 31297.4 22631.4 40945.1 30898.8 22847.5 41149.3 23268.1 41494 37991.6 44085.4 55417.8 9006.93 33495.3 52811.6 39066.8 37860.5 27997.5 23104.9 16487.8 27155.3 16195.1 27859 22148.8 47236.8 46355.2 37271 42412.4 31434.9 27765.9 31885.4 29520.2 25540.3 23009.1 102328 80669.2 39475.2 45257.3 62861.6 29961.2 46761.8 39685.1 62289 34672.2 96375.8 43976.9 44276.7 67957.4 22789.1 19985.5 9029.99 21149.7 14108.1 19436.2 8553.88 17681.2 15516.4 17076.2 15700.9 16763.8 16965.7 19478 16070.8 16890.4 20575.3 13227.9 14142.7 13789 17372.5 8567.9 14798.6 19409.6 9928.15 9850.61 19241.5 10900.6 14748.9 7154.14 14913.8 10113.5 13985.2 10287.7 8496.33 10030.6 14709.1 14426.4 20579.9 17913.8 12900.6 13835.4 16010.1 9398.59 14003.2 16424.6 39372 17444.3 41670.1 31159 17172.9 67474.8 17116 15429.3 16086.7 15782.2 29431.5 20622.6 16334.2 17850.8 18303.7 21282.5 25809.3 13760.7 18677.2 24357.2 17862.2 15220.4 15516.7 17168.6 33380.2 34704.5 38219.1 40895.3 39424.6 36000.9 47680.5 28330 30877.3 39356.2 40400.7 33236.7 39182.7 36959.5 33386 24888.2 26790.1 26591 15675.4 33606 16612.9 17984.7 37892.3 26265.2 33331.7 29333.2 30671.6 26570.3 21594 31714.4 26848.1 30704.1 23118.9 22850.4 26822.5 18796.8 25263.4 29160.7 25546.4 34697.6 29823.8 24873.7 30109.3 24215.2 32055 26801.1 21574.5 20038.6 25968.9 26079.9 24590.6 23630.1 25348.8 23905.2 36601.8 44496.5 34704.9 52695.9 44431.9 34888.5 36800 23135.5 34107.4 46121.3 30923 5584.04 41212.7 13047.9 12377.8 14000.5 14029.3 14453.2 22649.9 26501.5 
39771.9 40547.9 37458.4 39870.1 60901.7 55937.6 46441.3 21819 37380.7 33536.3 21110.1 32555.6 37544.1 46636.9 35102.4 33580.2 47788.8 32004.1 39507.2 0 52068.6 60994.3 53777.4 51689.2 62024.4 52183.4 58335 49045.4 49643.1 25978 47532 29891.5 54388 60054.5 59495 73127.9 69425.2 63534.9 72695.6 37552.3 40800.6 23797 40095.2 40109.2 36516.6 36295.4 47746.8 65429 44237.6 37974.5 48546.4 48068 39272.9 56808.3 72951 54625.7 80239.4 70695.7 77477.8 90380.3 43227.5 67940.2 84251.2 64787.8 72426.5 51636.5 44487.5 42267.2 43859.6 35483.8 43235.8 38548.8 73601.5 76146.3 65349.5 72712.2 59322.2 55831.7 60911.5 57484.5 45235.5 49270.6 114160 80314.6 39651.8 45268.9 74839.3 28581.2 40647.2 41962.2 76521.3 51490 110920 38746.6 44572.1 73826 40421.9 23488.4 40597.6 39461.8 28130 38696.2 36672.2 41375.4 40836.1 39090.7 38189.5 39205.9 38958.4 39896.2 40823.5 42430.1 39917.9 42160.3 29715.5 29746.4 33496.8 34046.8 27843.1 49701 43344.9 42283.4 44132 44324.3 48104.2 42504.6 46661.5 41188.7 48731.6 44091.8 44132.3 42031.1 46575.7 46194.2 52000.9 48688.3 42037.3 47059.2 48123.2 43670.5 47594.5 29007.4 42592.4 31949.5 49305.5 44012.9 31604.4 60614.2 29161.9 27450.3 26600.7 29526.1 40526.9 38054.1 29903.6 32131.3 26633.4 31527.7 36245.7 32316.6 32956.6 29180.3 29440.6 29111.1 27261.1 30473.1 39776.7 62258.1 67111.1 71676.1 69072.3 68447 76635.6 40785.6 52482.2 54275.6 59105.4 49149.8 55221.6 56621.6 50946.5 39310.3 44373 49463.4 32061.7 43041.2 30898.1 32263.3 56698.4 41666 49491.6 49177.9 45165.8 41560.8 41897.7 48058.3 42740.1 45246.8 40467.6 43017.2 44724 37377.4 43280.3 45980.9 40455.1 42587.5 51297.5 51018.5 55764.7 46466.1 53386.1 25592.4 26300.5 29499.2 28343.9 41406.2 43618 48180.2 36421.1 37240.9 48383.9 56851.9 28883.5 52106.7 51742.7 41788.4 46200.7 38141.7 24030.4 57914.1 42603.5 44034.2 53526.9 44548.9 45233.3 28986.9 31492.9 26869.4 37094.9 24899.9 
41766.6 39485 40563.6 39979.3 67282.5 65960.2 33340.3 41613.5 28094.7 27577.3 33692.2 25138 44746.4 40303.1 45277.5 31939.7 12274.9 28590.6 49534.6 52068.6 0 74363.5 75982.8 71349.5 72253.4 67443.1 70395.2 67705.9 64242.7 60000.1 65025.3 67006.8 67734.6 65057.9 64527.4 78364.9 74403.4 68620.8 77693.4 48475.5 46046.2 47664.6 45805.3 48990.3 43515.5 42739.5 41658.9 52320.2 39891.4 35750.8 34093.9 31866.9 40573.3 50078.4 67652.2 43529.5 84342.3 66079.6 71887.4 79394.5 52013.7 59098 72102.4 72236 70585.4 35339.5 45554.3 39073.4 45233.6 41897 42921.6 38616.6 59127 67547.9 52668.2 61249.3 61933.5 58191.6 52434 54099.3 48071.4 52136.2 97014.3 68827.4 29617.1 39330.5 63678.2 56166.4 61616.9 41907.7 62242.4 43868.7 113831 33900.5 38639.7 64012.5 45674.1 40800.2 50780.7 44697.6 48313.7 43720.4 47014.6 46600.3 46155.1 44292.4 43022.3 44000.3 43807.6 45624.8 45490.7 46463.9 43621.4 42310.3 40451.6 40258.6 47430.5 45429.9 41342.5 55369.5 49819.3 48800.2 49250.2 50941.6 55297 52683.4 53395.8 48541 56787.2 52185.1 52535.9 49472.6 52689.7 52349.8 57704.7 54437.8 50654.9 53572 53858.7 51246 53640.1 38789.1 42021.6 39876.7 47412 42795.3 36983.8 53197 34913.7 40368.6 44042.3 37902.5 41543.3 40672.9 35481.1 37257.4 33855.7 32238.2 33583.7 42050.5 34696.1 34206.4 32332.2 35654.9 35812.8 33406.4 41650.1 49712.4 51122.8 60351.6 56628.8 57844.1 67750.1 39268.3 40719.6 36661.9 39421.3 27316.7 23611.9 37374.9 38488.1 35448 42929.1 52902.3 40358.1 46104.2 34350.5 35315.1 43080.4 40250.6 40118.7 42318.9 42755 40162.6 41946 42298.4 39410.8 44987.4 38716.9 42686.8 44676.9 39502.3 45121.3 40498.1 38726.2 38048.7 43505.6 43077.7 46650.3 35416.8 33164.3 27921.5 29771.8 31266.1 28793.2 54868.9 37939 41756.2 25592.4 30624.4 34095 46133.1 40524.6 29501.6 24638.2 22629.2 25242.6 30904.6 35294.8 37848.9 23770.9 53304.8 45418 47990.4 49566.4 38102.2 39396.3 49921.6 40965.3 39222.5 
