242 242
0 20189 16557.9 26995.5 47481.2 45911.5 21263.1 29517.3 22513.7 20439 24072.9 21092.1 23060.9 27955.2 21192.8 26392.9 9970.65 26432.8 19487.3 31282.5 40336.7 31829.5 45472.3 44259.8 50346.4 53462.3 58598.9 55937.7 56795.1 51462.7 54819 48139.8 48726.8 46484.1 48450.5 51966.2 55248.7 49008.5 48424.4 63777.5 59565.6 53186.4 30477.8 27709.2 27364.3 24942.5 24773.3 27653.4 36162.3 21163.1 33094 51813 40502.7 54300.7 54766.6 56403.7 66393.1 34308.5 60743.8 41991.7 42523.5 59338.2 60125.8 33502.6 49167.6 52461.5 29442 42376.5 20773.6 25529.9 20180.5 25146.2 21423.8 18991.3 40956.7 53589.6 42934 26861.2 40383.1 59874.2 39710.5 27070.4 29208.2 32230.7 85913.1 27490.2 36101.6 52327.2 31675.9 41573.9 54374.2 30053.7 64205.7 106821 38016.9 102701 70281.8 32246.8 26990.9 24285.2 32783.5 25988.6 30019.9 28544.6 28744.5 28088 27572.2 25506.2 25303.4 25214.5 27099 17876.2 17746.7 25759.5 19239 21277.9 17070.3 30094.6 22664.5 33247.7 38202.7 31873.8 30695 31530.2 30090.8 38970.3 35242.2 30509.9 39685.7 31862 34662.5 35183.4 31518.7 35157.8 34766.7 33272.9 33466.5 36227.4 20980.1 34355.7 27866.9 32163.5 16522.8 17676.7 24972.4 16914.3 24327.8 22219.4 41998.3 25599.9 42063.2 16417 18181 17657.3 18602.1 13341.4 23290.9 19098.5 21243.9 21837.5 18840.8 17790.9 16090.3 15473.1 18222.1 33982 29930.9 41310.4 42612.1 40843.2 37708.8 43658.6 38941.9 26974.4 29117.1 30504.4 23749.7 39916 32261.2 23130.4 32444.3 16142.9 10663.4 21754.4 24826.4 15091.8 14920.1 16106.5 29332.6 20528.7 22996.8 26013.8 12621.1 17704.9 25882.5 24465.3 18560.9 26226.1 24222.7 27637.9 12597.4 21204.6 18057.6 21112 19775.8 27208.3 21618.7 32294.9 24016.4 18477.9 23818.1 19685.9 21260.5 17762.9 31026.9 11021.6 21718.9 19381.6 15710.5 12743.7 19439.5 26792.6 46357.1 36126.3 28986.2 22632.1 16148.6 18861.4 28042.6 24968.1 24039.5 35646.8 35849.2 35561.2 38987.2 46153.7 18864.7 14673 20639.8 20340.1 44546.5 39610.9 
20189 0 15787.9 18276.5 33137.5 36571.9 22642.5 25021.7 17125.7 18434.9 20448.8 17746.8 20753.6 24617.2 16366.1 22091.9 20531.2 21339.6 17226.4 28491.5 42711.2 27753.4 41990 45495.5 45252.4 47662 53738 50363.4 50405.8 46098.2 48830.6 42480.1 44867.2 41806.5 44023.4 45836.6 49257.3 43556.7 42978 58467.4 53902.3 47964.2 25151 21779.9 21893.5 20277.9 20366.7 28864 31214 28834.5 32197.1 48685.3 37607.8 54411.1 45694.2 49581.1 53617.7 28576.7 54588 47845 34080.1 53364.4 47462.8 36976.6 42954.3 50649.5 31933.3 26285.5 27500.4 26157.6 13630.9 18843.8 14527.6 11849.1 52797.4 52605.3 47569.6 31099.4 52649.4 53712.8 24988.8 39265.5 16004.7 15560.2 89650.3 30803.1 37628.5 52691.1 46418.5 45618.3 64811.2 31163.2 69125.5 113339 40352.9 88239.7 66734.3 29508.6 20388.6 17474.8 26952 19958.7 27314 22934.9 23346.2 22130.2 21449.4 19477.5 19116.3 19404.8 21402.8 26356.7 22824.9 24999 17892.7 18673.5 12345.5 26117.8 18670.4 29489.7 33463.2 26403.9 25483.9 26908.2 26919.7 33408.2 30555.5 25671.6 34364.3 26457.7 29895.2 30498.3 26667.4 30000.8 29697.1 30485.6 28467.4 30916.3 17771 33593.2 27506.5 23645.4 12101.2 13719 14403.6 12275 20255.4 17989.4 29179.2 21947.9 38606.4 12752.8 14246.8 15077.9 17020.8 11460.7 20580.9 11232.2 20035.5 15748.9 14699.6 12949 12907.5 11611.4 14269.7 30773 22664.6 47103.5 55547.1 53704 50606.3 59263.2 52728.4 23420.7 25326.7 33063.5 31735.4 40487.4 39307.8 30461.7 34658.7 26586.3 25236.8 21131.1 26187.3 11572.7 11206.1 10908.6 30356.2 17115.7 29159.1 20481.7 23809.6 18883.1 18405.8 15208.3 28098.8 22424.9 14767.8 21263.5 20028.8 34407.3 30304.8 31022.8 34596 29982.8 32496.5 37283.4 20309.6 14687.7 25512.6 18416.9 22347 18300.1 19573.6 20901.1 12708.2 17939.8 16030.7 15824.8 21697.6 25333.3 38917.5 39424.5 39011.5 27240.3 16771 16725 27496.7 22516.8 24214 35629.6 37403 31936.7 34591.8 37250.2 16316.7 17220.1 16855.9 16067.9 39280.1 34716.8 
16557.9 15787.9 0 15668.9 38324.5 40575.8 25371.8 26731.3 16193.2 17854.2 23305.5 18132.4 19861.2 26650.5 15943.7 20984.6 16845.6 20915.4 11567 28419.4 39751.7 26629.8 44679.8 44729.4 45088.8 48333.7 53790.6 50932.3 51134.6 46359.6 48913.9 42910.3 45814.1 42690.1 44731.6 46576.6 49079.2 42490 41907.7 57555.6 53118.3 46802.3 24691.8 21248.5 21144.7 18773.9 18485.6 24261.9 32731.7 22011.2 29521.2 50066.4 36276.2 52685.7 52130.3 50952.6 61469.8 28413.9 58319.1 42082.9 37725.2 51880 57137 31925.7 50603 58012 28941.8 28745.8 25275.7 23537.1 10088.2 15469.9 9178.72 7463.74 51242.9 51629.5 51937.3 33494.6 48177.4 55652.8 33957 33815.7 15731.7 24032 88352.8 27913 39476.3 51316.6 44832.9 45234.5 63954.3 37478.8 75902.5 121115 45182.4 89234.3 66411.2 29329 20630.3 17991.1 26697.6 19616.4 26274.3 22645.3 22442.6 21628.7 21021.8 18969.3 18467 18789 20582.3 22196.4 22579.4 21859.3 16495.4 17517.1 15838.2 24949.5 19430 28756.4 31855.4 25692.3 24696.5 25092 26174 32731.3 29436.4 24600.5 33749.1 26007.6 28764.3 29606.6 25503.7 28884.9 28472.6 30169.3 27373.8 29951.4 19504.8 39392.5 25806.8 27284.4 11908.3 13171.6 13391.4 14311.8 21774.8 19188.2 31615.7 22674.3 41488.8 12859.4 12834.2 15991.9 17380.7 11876.8 20388.4 13313.6 23654.4 18486 15892 14577.1 12994 11124.2 13026 26732.9 19672.6 40808.1 48274.6 46882.8 44162.6 53260.4 50101.2 26503.3 26705.8 29478.3 27859.9 36459.9 33108.7 26213.9 32024.5 21023.5 21113.4 25019.6 23798.2 10928.3 10649.1 9637.19 34329.6 22355.4 25580.6 26189.3 21983.9 19194.4 25466.1 21744.2 27299.7 23588 23246.9 27251.4 16028.1 29729.1 27874 24614.8 29505.6 25745.6 27738.6 32203.9 23097.6 16096.1 23172.9 18007.2 20693.1 17567.5 28573.8 15237.7 16609.7 17137 12815 11868.5 19558.4 25701.2 40802.7 45563.3 34447.6 24018.4 15543.8 14724.4 25333.7 23292.4 23312.7 34459.1 41490.1 32743.4 36036.2 42658.5 18679.5 20761.2 17864.4 16431.1 41521.6 37747.2 
26995.5 18276.5 15668.9 0 28597.7 33978.8 33397.5 30493.8 20676.4 22145.3 25067 21584.2 24362.9 27269.3 19999 25481.3 26644.6 25587.6 15954 32806 45938.8 31078.2 46504.8 48238 49511.6 52403.2 58195.3 55054.8 55014.6 50595.1 53428 47034.1 50439.7 46212.3 48982.4 50876 53591.4 47084.6 46503.1 62095.2 57875.1 51339.3 29109.8 25904.9 25819.4 23270.1 23050.3 33463.2 35110.5 31403.1 34514.9 48759.6 42246.8 52865.1 53204.6 47310.4 59712.3 32917.3 53720.9 40952.2 41081.6 48034.1 56190.3 40455.3 57789.1 63992.9 31692.2 21748 34980 30339.8 15571.5 21807.6 17783.9 13348 60641.8 57491.3 60384.5 42621.3 57822.7 58188.9 31800.9 43241.1 18872.4 22878.5 83833.5 36658.7 41681 57320.6 53996 50344 73917.3 44297.6 82087.7 125639 52634 80291.9 70386.2 33739.1 25238.4 22578.4 31266.4 24245.3 30558.5 27094.3 27006.2 26256.4 25649.5 23597 23081.2 23335 25176.8 31732.4 32112.9 28860.3 22246.8 22793.7 21759.1 29248.6 22466.5 33080.6 36419 30249.7 29190.2 29603.8 30635 37296.1 33849.9 28920.6 38236 30447.1 33203.9 33961 29982 33449.6 33037.4 34609.9 31893.9 34514.9 22555.2 45890.5 31847.4 26675.7 15138.5 17032.7 18054 16899.5 24423.9 21722.7 34441.6 26717.3 45486.3 16715.5 16591.2 18250.6 22077.9 19391 24884.5 16357.9 27638.1 23451.3 19280.3 16987.9 16657.7 14207.2 17183.9 26649.2 26520.5 48688.7 57268.5 56304.7 53495.7 62748.3 60977.7 33073.9 29919.5 37717.9 36902.3 43740.6 42476.5 35223.4 42895.1 28668.4 30475.4 33766.6 27227.8 14096.1 14239 12988.5 42931 26711.8 37123.1 32214.2 32552.7 27923.6 31098 26150.6 38314.4 26769.5 27704.6 32667.7 26311.8 37665.7 35834.3 34211.9 39017.7 34600.5 35832.2 40040.7 25219.8 17661.5 28522.6 22435.8 24228.6 21690.4 33255.6 24999.9 24552 20595.1 17017.9 18921.2 24260.6 29470.3 43053.2 51979.7 43293.5 32862.5 19996.5 18698.7 31574.9 26459.9 27420.5 40295.3 44715.7 37080 38597.7 49935.2 24545.7 28522 20292.5 19455.6 43837.3 40381.1 
47481.2 33137.5 38324.5 28597.7 0 25570.9 49682.6 48483.7 48253.4 49987.1 46904.8 49010.6 40682.8 47269.1 38906.6 41198.8 48609.6 40218.5 41765.1 48545.4 73535.5 46370.9 68256.2 75480.1 67740.6 70337 76589.5 72974.5 73859.4 68421 70770.9 65479.3 70245.2 64044.9 67859.4 70377.8 74202.2 69172.9 70339.7 85820 82549.2 71933.5 45999.4 49516.8 49310.7 42711.8 42717 56785.6 61686.5 51177.1 56484.7 45929.7 61701.5 45807.4 43001.3 42342.3 45098.1 49226.6 40281.5 47471.6 58316.1 46371 43965.8 62613.4 56351.4 49666.1 32810 28608.2 48451 49577.5 33414.9 36014.8 37684.1 38119.4 76663.6 77575.4 62896 49184.9 76206.8 78754.2 25161.2 63142.3 38585.1 31138.3 69018.8 55913.6 40056.4 76582.9 68729.1 45527.7 82661.1 54876.9 75698 125777 59324.6 82341.2 87616.3 48521.6 49383.6 46906.4 49189.6 48302.2 48390.9 44751.3 47558.1 47039.3 45205.4 44440.7 44590.8 43668.8 46647 47129 43766.8 48661.8 39422.4 41563.9 40057.4 44910.9 42232.5 47948.8 55839.3 48573.4 47313.5 52180.8 46360.9 55850.1 50187.7 46589.2 55270.5 47299.9 50076.2 50142 47376.8 52128.8 51725.7 50352.5 49494.5 53264.1 41172.3 53034.3 48547.3 34578.1 39576.3 42220 40544.7 41044.8 45250.8 41647.6 36407.4 45824.3 44223.2 40981.4 42427.8 41717.9 42551.1 42372.2 42597.6 40213.5 45606.7 40965.3 42139 40398.4 38818.1 39789.2 39095.3 42809.4 45883.3 70801.9 78346.6 76210.2 73376.5 81242.1 70375.1 45598.8 42266.1 64091.2 61002.7 70192.6 67962.9 59492.1 55408.3 49820.3 48577.9 37572.9 47279.7 39809.2 39564.9 38704.2 50732.4 39382.2 48133.8 39093.3 52650.4 43164.9 39906.8 43793.7 51724.6 48620.4 35930.9 43633.4 47854.7 58278.2 52750.6 53314.2 56344.8 53678.2 55398.3 62204.8 49513.8 44933.2 56485.3 44076.5 46076.7 48519.3 35377.5 46300.2 32857.1 48114.6 44944.3 44738.6 46969.7 37625.1 59606.4 64202 70161.9 58380.7 40413 43004.5 52260.2 46121.9 48660.2 60313.6 48818.1 55978.8 50624.1 51112.8 46283.5 45326.6 37589.8 38196 60982.4 56816.2 
45911.5 36571.9 40575.8 33978.8 25570.9 0 49899.2 47131.3 50563.5 50488.5 42325 48012.8 45622.9 47935.4 46100.7 52123.3 49997.7 48670.9 39716.8 51670.7 69931.3 56831.5 62708.2 74053.6 73845.5 76270.3 81210.7 79404.5 82430.1 74759 79939.1 72363.5 66474.5 69626.6 71827.3 76137.8 84003.7 78248.2 77652.5 93078.6 88826.4 82470.4 56121.3 56574.5 56221 52688.3 53810.6 61974.9 62159.1 59342.4 66305.2 53984 70965.9 50278.5 58050.9 51930.1 65165.7 60301.1 54582.8 46479.5 63785.1 53021.9 58982.4 67693.7 70485.4 60799.3 38514.1 31924.7 50219.4 57159.1 36630.5 43041.7 40628.3 42093.1 83623 85609.5 76742.9 61308.9 83908.6 86422.6 38473.4 70361.2 44179.9 41362.5 71527.6 50892.1 43382.6 73893.7 64825.1 57938.3 81714.4 49127.9 82942.2 123036 62283.7 74309.8 88169.4 50106.6 55248.1 52179.8 58976.8 54804.7 51431.7 54723.4 57605.8 56896.4 56215.5 54282.7 54022.5 54311 56332 53712.8 48949.3 56511.2 41900.3 44039 38846.3 55606.7 46407.1 56665.8 67108.5 60181.4 58921.5 60844.1 56238.5 67458.1 60965.5 58240.1 66711.2 58518 61559.2 61639.6 59027.6 63736.8 63333.7 58798.4 61058.2 64872.1 43806.1 51260.5 48319.4 30740.1 45270.7 46830.3 46125.1 44483.2 45609.8 44886.7 45644.4 45544.3 45057.1 44811.3 47439.4 42068.3 43125.2 42695 47620.4 43919.8 42819.4 42487.3 44182.6 45170.5 42723.7 43391.3 43658.6 39123.5 43909.3 79075.4 85933.3 83654.9 80408.2 88644.9 79911.4 44874.1 49608.2 64191.2 62356.8 72998.5 71361.4 61199.2 62981.5 51186.9 51307.5 48986.1 49881.3 44104.1 43941.7 42989.2 59873 44939.8 50420.1 48849.7 53104.4 49376 48217 48217.4 53641.6 47151.9 45025.5 50635.8 45745.5 55082.8 57895.9 60732.8 64042.5 61075.9 59487.5 69747.9 47375.7 44729 55318.1 44713.1 43437 43460.5 42820.3 50541.5 40515.9 50954.1 47867.5 46495.2 47406.2 43780.7 59655.5 59859.7 67612 55665.5 42737.7 46560.5 54889.8 47868.8 43702.7 55503.9 49129.6 58704.8 46293.4 54365.8 43214 39583.6 44926.5 46594.2 62391.2 57157.1 
21263.1 22642.5 25371.8 33397.5 49682.6 49899.2 0 32284.7 17351.6 21989.5 29235.3 23884.4 29455.9 26955.6 27777.7 32286.2 17913.1 31256 25568.2 37820.4 37405.8 37850.1 52065.7 37403.9 56598.4 60491.9 64536.6 62919.5 64610.4 58268.7 60512.4 55033.8 55030.5 54678 56448.4 58843.6 62979 57178.1 56585.8 72075.2 68047.3 61481.4 37036.3 36570.6 35932.9 32728.2 33288.6 19650.6 33526.2 24855.5 24928.5 43694.9 31077.6 57769.7 45552.2 49974.5 50916.7 40318.5 49631.4 45583.3 43590.8 49643.7 42870.4 22739.4 38924.5 38316.4 36162.2 45788.7 22426 25696.6 25893.5 30222.1 28402.4 26891.8 38931.6 41065.8 41555.8 28460.7 41508.9 48804.7 42054.6 31426.1 32812.1 34070.8 82919.2 18769.3 28591.5 39871.9 24551.9 42250 45576.4 24352.1 51559.9 98837.5 22716.7 108681 56646.6 38323.4 35942.9 32246.6 39281.5 34445.1 37928.9 35292.1 36932.9 35936 35204.4 33258.3 33119.9 33647.2 35134.4 24602.6 20920.8 31446.1 28480.4 27931.2 20877 36307.2 32377.8 39538.5 46555.6 39714.1 38529.2 40110.9 36872.5 46839.3 41632.3 38634 46717.3 38778.6 41718.1 41677.7 38967.4 43244.7 42889.2 40378.5 41209.6 44291.7 29537.4 20900.5 27049.7 27393.9 27387.6 29268.5 28204.1 26368.9 29551 26091.4 31031.7 26150.2 30019.9 27158.4 29862.9 26364 18703.4 17874.4 29871.8 20680.9 22610.3 19020.5 24886.8 22991.7 25441.4 25386.5 26436.9 27585 34609.6 38397.6 44931.5 43131.4 40120.6 50239.2 53867.6 18105 19730.3 20961.5 23332.1 28706.7 26345.8 22632.6 39258.2 20063.7 22913.8 30266.4 30057.9 27959.7 27593.8 27620.5 20462.9 19192 28214.6 18776.7 21089.7 19608.3 19666.6 20215.6 28204.6 31188.3 22295.9 23057.1 18300.6 22924 22281.9 25176.9 26305.7 20227 23019.8 25072.9 30792.8 27113.4 16695.9 21682.8 27607.2 23953.3 32391.9 16780.2 24180.4 17690.9 21687 19806.4 14516.5 23490.2 34347.8 23715 23837.2 15066.8 20506.3 19829.1 16492.6 28213.8 30034.8 29074.5 20234.8 24416 36732.6 31774.5 19420.6 16884.4 27890 29400.5 38398.8 42505.3 
29517.3 25021.7 26731.3 30493.8 48483.7 47131.3 32284.7 0 23836.5 21950.3 10918.3 21719.2 12981.5 13819.2 15454.5 19758.6 34717 16666.9 22748.4 17195.3 43767.7 22581.4 24432.6 46770.5 37816.7 40999.2 43002.3 42993.5 50447.4 39255 44789.4 37618.1 27240.3 33798.2 37497.1 42836.4 54150.2 49519.5 49009.9 64680.5 61182.8 52891.5 22033.2 28108.2 27581.9 21675.4 23620.2 35364.8 30068.2 31919.1 33756.2 58553.5 38121 66820.3 56336.6 63779 69707.9 27428.4 71772.8 49120.5 30773.9 58151.2 56594.6 36700.3 53257.4 50417.4 50696.3 43449.8 27736.9 24947.4 30328.8 17799.7 31340.3 25271.7 60650.5 50988.7 62424.6 44708.2 59149.8 50630.5 45070 46823.8 32412 34676.2 112134 17527.4 41665 30017.5 32586.9 68396 47895.5 29795.7 66553 112591 36476.8 108669 44124.7 14609.8 28746.6 25610.9 25067.2 26935 11483.2 20652.5 26343.4 25997.9 25113.4 24012.9 24171.2 24832.5 27264.2 26958.2 22812.9 25693.2 13491.3 13434.2 15132.8 22185.7 15700.3 20901.1 36365.8 28181.3 27195.1 32231.9 23186.5 35608.8 27251.6 26024.9 34181.3 25393 29247.2 28996.8 26839.5 31862.1 31656.6 26939.2 28349.3 32831.5 15228.9 33182 13204.4 37424.3 19222.3 21639.2 23277.7 18611 13398.8 12567.9 44827.7 9811.48 40302 19366.1 22198.2 14956.9 18985 24932.3 16719.3 17598.3 14464.5 20594 13051.6 15199.2 16134 17823.7 16985.6 37673.3 28729 49817.1 58563.6 58110.4 54286.9 65097.8 57971 25166.3 35899.8 37520.4 42085.6 43180.9 44742 39253.6 38882.3 26570.8 30643.9 33945.3 17204.6 20102.3 19782.3 21184.7 41220 26879.7 22176.3 33082.4 30003.9 24754.7 32434.5 28122.4 31822.7 14002.1 28113.2 29104 25464 30687.5 37019.4 35000.2 40718.1 30122 33932.6 39445.3 19049.4 16720.7 28983.7 15162.5 13646.7 15949.2 25115.8 29267.4 28504.5 25562.2 23979.8 26437.1 38814.9 48165.4 21392.7 45849.2 42658.6 31574.5 20422.4 21823.5 21568.1 14275.6 14055.3 16309.8 44012.4 28428.6 45848 30310.6 24602.1 27564.5 15344 17703.2 22099.3 15439.6 
22513.7 17125.7 16193.2 20676.4 48253.4 50563.5 17351.6 23836.5 0 7071.91 18834.2 10029.4 21649.8 16742.5 17206.6 23092.1 18757.7 22229 11865.6 28505.4 28997.5 28572.4 41923.5 31498.1 46504.4 49230.5 55172.1 51911.1 52277 47577.6 50414.7 43913.3 44967.8 43607.8 45649.4 47625.5 50578.1 44074.4 43483.8 59214 54896.7 48437.9 26755.3 22832.4 22794.6 21826 21534 18275.4 21474.9 23876.2 19551.4 49790.7 26825.6 64614.5 48037.8 53873.6 54310.3 29922 56471.6 52418.8 32761.2 54116 47656.1 21610.2 40987.4 50662.9 41687.7 38020.1 26047.2 18830.2 21078.3 20329.1 18959.9 13397.3 45278.7 37787.8 51463.3 34050.3 45814.1 40985.2 38439.8 33473.6 22885.1 27235.5 91506.5 17529.9 39264.7 37506.3 35656.1 48291.3 54349 30066.2 66660.2 112545 34972.6 99792.4 51288.3 29403.2 21886.3 19078.8 28347.2 21208.6 28159.3 24725.9 24108.2 23212.6 22605.7 20553.2 20034.1 20435.1 22139.1 26541.7 23495.3 20652.2 20341.3 19596.6 14926.4 27147.9 21565.9 30292.9 34075.5 27358.8 26476.4 27009 27611.8 34405.2 31616.6 27931.1 35445.3 28292.5 30948.7 31413 27917.7 30647.5 30345.2 30662 30385.4 31642.4 18634.5 30826.4 20381.1 30784.7 14601.8 15495.8 16271.8 13935.3 19150.4 16348.6 30619.5 17171.6 36453.7 14286.4 15662.3 15124.2 11944.5 12330.4 20866.3 10278.2 15753.6 16069.3 13748.4 11487.1 14767.5 12750.8 16732.9 27652 24015.6 36758.5 47082.8 46995.4 43103.9 54682.1 57079.9 20005.8 22508.3 19895.9 25175.8 25396.8 27800.9 23059.2 37677.2 21368.9 25870.6 32245.7 21671.9 14104.4 13910.2 12918.6 25041 18245.8 30016.9 21126.7 21224.9 19177.5 18598.5 14090.7 29129.3 20138.9 21902 20756.9 18036.5 27467 28655.7 27056.4 31380 20996.9 27583.2 25278.3 17958.3 13302.5 11631 11895.5 17734.3 11271.6 32080.1 18613.1 23955.5 7882.79 9674.38 13171.1 19228.1 30258.3 27646.2 36441.7 24337.5 14013.5 13809.9 9516.8 13507.4 18680.3 21227 23753.2 34101.4 18769.8 37064 32745.3 15547 19441.5 19048.1 18379.8 30053.1 32379.9 
20439 18434.9 17854.2 22145.3 49987.1 50488.5 21989.5 21950.3 7071.91 0 14873.8 7436.32 19395 13157.3 15397 21995.7 21385 22160.2 13407 25791.5 27513.9 26779.5 37583.1 30947.1 44481.8 47881.4 53214.4 50116.9 50776.2 45845 48794.7 42054.5 41784.9 40947.4 43331.5 46012 48858.5 42417.6 41816 57315.3 53025.4 46429 25141 21089.3 20706.5 20411.1 20112.2 22298.6 18493.5 24148.1 21303.5 53397.6 30472.4 66132.3 51360.2 57248.3 60005.2 28147.3 61797.5 53566.3 31659.7 57625.4 52678.1 23102.9 42716.9 54717.6 43368.1 39832.4 26981.3 18270 23297.7 21711 20797.5 15423.6 49421.4 39893.1 54750.9 36943.4 49037.7 41281.9 39941.8 35733.8 24569.4 29090.3 97138.6 19551.6 40118.4 37035.2 37024.4 53280.2 57661.1 28693.1 69266.1 113331 36422.6 101073 53457.6 26232.9 20850.3 17893.3 26991.5 19547.2 25941.1 23152.4 22059.2 21683.9 21192.1 19117.2 18839.5 18590.6 20495.5 25820.4 22667.7 18729.6 18593.8 18658.2 14226.9 25247.9 18988.4 27788.3 32261.3 25349.2 24412.6 24931.7 25597 32481.6 29630.7 26429.4 33345.9 26737.1 29042.6 29675.7 26270.3 28564.9 28207.8 27767 29007.4 29576.3 15348.6 34033.5 19819.3 32879.2 12837.4 13068.1 18611.6 10929.2 16275 14422.3 34910.4 14401.5 39160.7 11734.8 13660.5 11904.2 13283.2 11889.6 18065.6 10826.2 14110.4 16909.7 10907.1 9832.39 12845.3 11453.6 14847.5 30714 24292.1 38586 48916.9 49634.1 45809.1 56030.3 56378 25076 25798 21765.1 27512.2 26557.8 30586.4 24431.6 38024.5 21620.3 25776.7 32587.2 20969.1 12085.2 12090.9 13492.2 27967.2 19146.1 30547.7 26107.6 19948 18624.7 20445.5 16687.5 27026.2 16352.4 23162.6 20315.5 17986.1 28839.8 30996.7 28642.2 32993.5 23466.7 29037 27789.9 13537.9 9346.95 11810.1 9785.94 16735.6 8392.2 33258.6 19486.2 26104.2 10688.2 10108.9 13152.4 24037.6 34177.7 30049.2 38044.2 24738.6 14084.8 14418.1 12804.5 15774.9 15810.1 18540.2 23941.5 36525.8 20354.2 35987.5 36069.8 13443.2 18990.2 16674 16329.1 27250.5 27291.7 
24072.9 20448.8 23305.5 25067 46904.8 42325 29235.3 10918.3 18834.2 14873.8 0 14456.2 13939.6 9751.24 14814.6 21200.7 30558.9 19545.6 16026 20017.1 34104.2 26056.6 23683.8 37723.5 42061.4 44862.3 48806 47347.5 52037.2 43020.8 48960.4 40881.2 30685.3 37336.4 40150.1 45384.6 52234 47053.3 46406.5 61735.6 57859.2 50808.8 24979 24804.8 24171.2 21137.6 21967.4 33251.2 24113.9 31428.5 31753.4 60659.6 39595.4 71292.4 57544.7 65376.9 70042.4 29181.7 71592 53872.7 29440.9 62260.9 58173.4 34514.1 54195.3 52843.2 49387.2 40457.9 27989.5 25034.3 27246 17764.9 26886.9 21627.6 59609.5 51387.5 63421.3 45707.3 58765.5 48805.6 44453.6 45859.9 29254.9 33475.8 105856 18701.1 40821.7 35254.7 34248.5 61877.3 54678.4 27243.8 67406.7 109318 40827.5 102945 50513.5 17472.5 24460.1 21816.5 28052.4 23411.6 18688.9 23683.3 25555.9 25280.9 24686.6 22790.9 22831 22704.9 25046.5 29065.9 25522.8 25141.3 13230.6 15369.4 11571.2 24486.2 14498.9 24905 35131.3 28353.5 27017.7 29488.6 24901.3 35545.3 29864.5 26587.3 35251.5 27180.8 30117.4 30148.8 27366.7 31769.1 31357.3 27045.1 29501.3 32879.3 11481 32463.7 16955 33026.6 13873.1 15786 20815.6 12252.3 12645.3 11706.5 43111 10116.1 36910.6 13498.2 16434.3 9042.09 14390.1 18801.2 15691.6 14579.5 11431.8 19167.8 9205.27 10319.7 11139.5 12986 12417.3 34174.8 23088.4 47629.5 57841.5 57715.3 54241.1 63873.5 59703 24539.6 35442 33610.2 37625.4 39361.6 41109.4 35099.8 41956.3 23485.4 29104.1 34113.1 19041.6 13701.5 13900.5 15110.3 40115.8 23390.1 28118.1 33040.8 28295.6 24415.2 30492.4 24609.6 29109 8232.38 27491.1 28157.7 23514.4 26092.9 36417.3 35155.2 40263.8 30392 33807.3 37078.1 9620.29 8798.36 21409 12076.4 11458.2 9551.03 28195.7 27169.2 28848.8 18627.8 17638 20410.2 32321.3 41810.1 25574.7 37866.6 35765 24642.5 15721.2 17695.9 21802.1 13084.3 12277 19191.3 42115 24884.3 38443 33615.3 16645.7 21218.6 12559.8 14566.5 22530.4 17247.9 
21092.1 17746.8 18132.4 21584.2 49010.6 48012.8 23884.4 21719.2 10029.4 7436.32 14456.2 0 21374.3 14345.7 19246.2 24899.6 22713.8 23899.3 11519.7 28284.2 26046 30484.9 36519.8 28179.3 48557.2 51243.3 56988.4 53961.3 54365.7 49569.3 52732.5 46078 42855.4 44737.6 46909.1 49581.4 53036.8 46558.5 45996.8 61773.2 57049.6 50958.1 28698 25329.2 25307 23733 23389.6 26391 18830.3 27600.9 28375.2 56323.3 35197.3 68363.4 53758.5 59673 63933.4 32292.1 65291 55345.4 29391.1 60071.6 55982.7 28978.1 45921.6 56940.6 44598.1 39881.1 28283.3 21685.9 22907.1 20523.6 20411.2 15384.4 53339.4 45463.8 57381.2 39083.2 52611.9 40653.8 41428.4 38552.5 26071.3 30599.7 98539.6 21553.5 39340.6 37199.2 39095.7 54345.1 58241.1 26275.6 67729.8 109535 38513.2 100285 51489.2 29174.2 24471.6 21392.6 30799.1 23725.7 29496.7 26713.1 26659.7 25709.4 25102.5 23052 22514 22769.8 24595.1 27802.1 25647.6 22995.1 20287.7 19535.7 14021.6 28695.8 21051 32118.7 36382.4 29962.9 29032.1 29513.6 28804.2 36972.4 33771.5 29099.2 38000.2 30051.7 33194.4 33604.1 30033.1 33278 32940.9 31594.6 31886.6 34265.6 18025.2 33406.6 22207.1 32044.3 15151.6 16189.8 19189.4 13605.8 19988.1 16621.2 37665.6 16159.2 37792.7 14600.7 16487.8 13391.9 14637.6 12460.9 21770.9 11859.9 15506.4 17761 12426.1 11252.9 14757.2 12345.7 17183.4 31365.3 20600.8 43690.7 53053.3 52531.5 48855.3 59193 58382.5 26296 28798.4 26937.9 31552.8 31973.5 35998 29166.8 39779.5 23565.3 26307.6 32788.2 21517.6 13523.4 13455.9 12898.8 32435.4 20315.3 31295.8 28325.6 23143.8 21594.6 23986.6 19696.4 26629.5 15111.5 24499.2 23417.6 18364.7 30483.1 32329.9 30503.7 35421.7 27601.4 31634.1 32354.7 10192.6 8912.1 13432.1 10848 16956.7 7998.37 34028.8 21474.7 25849.9 13734.1 12391.4 14311 24934.8 34792.6 28526 34086.3 23691.9 14296.9 14844.1 13238.4 20311.2 14108.5 16800.9 22740.6 36304.9 18510.2 32938.4 35826.4 9499.71 17748.5 18184.2 18678.2 29890.6 24584.7 
23060.9 20753.6 19861.2 24362.9 40682.8 45622.9 29455.9 12981.5 21649.8 19395 13939.6 21374.3 0 12628.4 5974.51 10311.9 27964.2 8205.71 19755.4 12210.1 43656.8 14347.5 32817.2 46318.4 30791.6 36495.9 39474.8 37547.1 41734.2 33045.7 36345.2 29989 31685.5 28967.4 31618.4 35656.1 41839.7 36895.5 37244 52491.4 49351.1 39984.4 12226.1 17140 15981.4 8914.14 10747.8 29443.3 27527.1 23708 26532.2 53143.8 33179.1 60445.9 50348.6 56642.1 64716.1 15936.8 65890.6 45164.5 29430.3 53068 52466.5 32504.4 50651.2 51532.1 43056.5 36374 23521.1 20349.6 23808.9 12445.6 24614.7 18535.6 54395.6 47638.5 55172.9 37458.5 51971.5 48381.2 36120.2 39064.3 24127.4 24928.9 108131 24285.2 43234.6 40735.1 39621 63878.3 58572.8 35740.7 71532.7 120953 40135.8 100985 54350.9 9983.73 18504.3 16881.3 14499.1 16245.8 10956.9 10384.1 14490.2 14716.9 13232.5 12360.6 13268.4 12850.3 14952.4 21859.6 19957.6 18205.4 7657.21 11200.5 12503.8 10931.9 7962.19 11477.5 23586 15949.5 14725.8 19356.1 11612.8 23301.1 16205.9 14486.3 22178.9 14224.4 17119.8 17156.9 14678.8 19505 19186.9 15075.7 16862.9 20640.3 7488.28 36103.7 14860.7 36141.5 9625.34 10547 17858.7 10804.3 8183.81 7571.14 39913.8 9406.08 44839.1 8837.15 11181.2 9087.54 15681.3 22086 5685.3 13532.1 17589.2 19154.5 9927.93 12244.3 8266.63 11016.6 7853.85 38303.1 27589.8 41624.4 50971.6 50367 46778.6 56731.4 50794.2 25605.3 32335.7 34140.2 36298.9 39521.5 38953.7 33332.4 31079.9 21682.7 25126.8 26726.8 16456.5 11958.2 12205.7 13413.4 38511.9 24128.1 19202.1 28141.8 27912.8 19998.8 29442.1 25440 28107.7 14525.8 24139 27410 20100.4 28733.1 31481.7 27884.9 33073.3 25641.7 29290.9 34203.8 20129.1 13855.3 28197 14780.3 13893.2 19004.7 21500.9 21482.4 20687.5 21690.1 18019.1 20185.8 34379.7 43196.6 30202.1 48827.9 41519.5 30458.1 14468.4 17253.9 20598 15142.1 16330.7 27392.1 41944 26853.7 47607.1 37451.6 24734.3 25481 6420.14 6969.31 23654.4 21108.1 
27955.2 24617.2 26650.5 27269.3 47269.1 47935.4 26955.6 13819.2 16742.5 13157.3 9751.24 14345.7 12628.4 0 14566.2 20536.8 32359.8 18287.6 19012.1 18469.1 32932.6 24538.7 30617.8 35849.6 41880.9 44822.4 50451.8 46945.9 50390.2 42417.1 47142.7 39741.1 36748.5 37202.1 41059.7 45631.6 53328.1 48419.2 48345.6 63965.2 60651.6 51187.2 22880.8 26904 26779.2 20724.2 21963 31009.4 21114.7 29512.2 27177.7 56744.2 34837 69220.5 54038.4 62585.2 65210.7 27650.8 67999.2 52589.3 29742.9 58387.6 52567.4 29873 47100.9 50382.8 51171.4 43362.8 28655.4 22227.6 29408 18388.8 30174 25072.5 56118.9 44987.7 60715.3 43412.3 55954.9 41434.4 45438.7 44125.1 32879.7 34869.5 105493 16422.5 39302.8 31744.6 32792.3 62357.2 51798.4 27643.1 63961.2 109533 33246 107325 46858.7 18404.5 27484 25198.6 26324 26075.4 20056.7 21847 25114.4 25228.2 24551.2 22987 22894.5 23048.6 26290.5 27115.3 23485.9 24631.1 13641.1 15643.7 15336.5 22501.9 16213.9 22908.6 34784.9 27552.7 26292.8 30825 23294.8 34972.4 27772.9 25378.9 33843.1 25485.5 28608.4 28730.6 26167.3 31108.1 30705 26107.9 28247.7 32243.4 11935.8 28658.7 15075.3 35288.1 16757 18891.9 23485.8 15550.1 13012 10904.7 39234.6 9471.72 35938.7 16778.7 19306.9 11459.5 13059 21744.3 16355.1 16943.3 12429 16985 11767.7 12183.8 14791 16194.6 15245.1 34250 26284.2 44518.7 55259.2 55507.8 51725.8 62038.5 58420.4 20648.9 29552.7 31870.9 38319.2 35527.8 39591.4 35726.5 40916.8 23412.6 29774.7 33999.4 17170.7 18048.2 18219.4 19546.4 34082.7 20083.7 27576.5 30578.5 30041 22857.5 25901.1 23318.5 30275.4 12712.5 26477.9 22964.2 25423.5 27522.2 33550.7 33312 38125.1 26468.4 30312 32501.4 13828.9 11569.8 18924.6 12220.9 15060 14027 29647.4 27788.3 28789.6 18642.9 19391.9 22950.3 33035 43260.4 22149.1 37503.2 32729.4 21467.8 16689.9 17339.7 17981.6 10381 14045.1 18343.9 35848 19783.6 39711 29562.3 18651.8 24002.5 12018.5 14674.6 17687.4 17283.8 
21192.8 16366.1 15943.7 19999 38906.6 46100.7 27777.7 15454.5 17206.6 15397 14814.6 19246.2 5974.51 14566.2 0 8073.39 23109.5 8717.17 18478.6 13606.5 42035.9 12800.4 34819.4 44648.9 30218.5 34532.2 39937.2 36137.1 38580.8 31678.4 34695.8 27905.9 33288.4 28094.1 30579.8 32659.3 40168 35427.4 34909.8 50506.2 46946.3 38576.3 11274.6 13105.1 13081 8334.03 10433.7 26364.1 26558.2 21738.2 23518.2 50119.6 30133.2 57864.1 49077.2 53450.4 61626.2 14446.5 62740.6 45848.6 29587.5 52014.6 51737.2 31329.9 48843.3 54073.3 40547.9 31779.4 23599.1 19404.6 19940.3 13814.5 20300 13768.3 52159 45643 52036.7 34685.3 48820.5 47487.3 33253 35929.2 19221.2 22211.8 103653 24450.6 44544 41781.3 42598.6 59390.5 61568.2 35820.4 73694.3 122431 42187.1 96965 57040.1 14041.2 14048.9 11598.2 13570 12650.3 11932.8 9839.95 12274.9 12406.1 11598.9 10172 10248.3 10985.9 13283.9 19984.4 18182.6 16485 6949.36 9672.78 11965.8 10477.8 7348.66 13333.7 22373.7 14470.9 13523.9 17958.1 11878.9 21824.7 15293.6 14246.6 20655.6 13569.8 15781.3 15764.5 13626.4 18026.3 17805 16760.7 16431.8 19161.6 7448.94 38301.1 17513.5 35508.6 5865.72 7532.89 14410.5 7083.59 7822.86 6923.54 37413.4 11465.7 45300.7 6477.67 8289.9 8686.06 13501.8 17862.3 7082.74 10190 17552.2 18289.3 9516.27 9153.13 5496.94 8424.11 5510.47 38745.5 26440.7 39375.2 48319.5 48341.6 44590.1 54772.4 49188.1 25236.2 30213.9 30911.9 30951.4 36537.6 35849.5 28391.9 28488.2 18615.5 20792.8 24174.2 16621.8 7971.08 8058.04 9397.31 35842.4 21638.8 21693.7 25047.4 24941.4 17699.2 25866.2 20619.8 28039.8 16441.6 22013.6 24434.7 20136.9 28171.1 28256.6 26158.2 31300.4 23770.8 25619.5 32838.2 19081.2 12282 25738.4 12526.7 13854.6 18143.3 22417.4 19767.5 19179.2 17354.1 13656.7 15948.5 29912.5 38718.5 32282.4 48161.5 38596.9 28049.1 11594 13150.9 18160 15101.5 17420.3 30327.3 42570.3 26507.7 45694.9 39976.8 22965.1 24447.2 6152.85 5310.76 26510.7 23724.6 
26392.9 22091.9 20984.6 25481.3 41198.8 52123.3 32286.2 19758.6 23092.1 21995.7 21200.7 24899.6 10311.9 20536.8 8073.39 0 28513.1 7848.46 23947 13786.8 48036.7 7024.71 42256.7 50226.2 32330.1 37629 41440.3 38308.3 39508 34292.7 33004.4 30886.2 37825.8 31187.7 34056.2 35668.6 40353 35088 37546.5 52307.1 49190.6 36899.1 10922.1 18627.2 16321.5 9832.14 8438.02 27660 29540.9 17547.5 21008.6 44337.9 24278.3 51560.8 42124.4 46937.9 55031.1 9000.09 56500.3 40382.7 22903.6 46407.2 48541.9 28359.5 44036.4 51565.1 42437.5 37020 21321.7 14674.6 24795.7 12721.3 25566.7 19411.5 48766.2 39251.8 47734.7 29406 44591.9 42792.2 30153.5 32005.1 23000.2 20794.5 109232 28429.9 47773.3 44042.7 45709.7 64969.5 56799 41253.6 67509.4 128490 40785.5 102103 51640.5 12522.6 20529.5 16848.9 12415.1 18558.4 17753.5 10696.2 13719.8 13984.9 12015.3 13694.7 13504 14126.1 13122.3 17656.5 21085.1 12088 12235.1 14553 17415.1 6530.44 14174.8 11534.7 18436.4 8764.2 9248.7 18167.2 6446.51 16369.9 9780.76 9188.93 14598.1 9155.84 9580.87 9920.88 7625.82 13778.2 13322 11993.7 11083 14190.3 14011.8 41004.3 17760.8 41305.7 12498.4 13995.5 18345.6 14395.9 14923.4 12459 39249.1 14727.1 50799.7 13079.6 14740.7 15511.7 19561.2 23405.5 10143.8 15525.1 22844.6 21864.4 15296.7 15040.6 11825.6 13643.8 11715.9 43173.3 31927.3 35508.1 42421.7 41933.9 37893.6 50337.1 44617.5 28072 29021.5 33826.7 35063.1 38417.1 36754.6 31940.6 21210.7 24050.1 24921.6 24419.9 18765.1 13205.5 13406.4 14505.6 36490.8 23714.3 18038.9 27403.2 28794.4 18383.8 29438.1 24227.5 28637.2 22283 24411.4 26618.4 23886.6 34009.7 28456.1 23547.2 28254.7 21825.2 27820.3 31348.6 24698.1 18927.2 31214 18281.8 18723.8 23690.8 25261.1 22018.1 18065.1 22928.6 19202.4 21296.9 35488 44308.6 35670.8 53727.5 43976.2 33549.8 17483.3 18578.4 21464.9 17144.5 22448.3 34893.6 46694.2 29399.8 51697 39629.8 28403.4 30337 10825.2 10895 25543.4 27082.5 
9970.65 20531.2 16845.6 26644.6 48609.6 49997.7 17913.1 34717 18757.7 21385 30558.9 22713.8 27964.2 32359.8 23109.5 28513.1 0 28399.9 20516.1 35976.3 42452.5 34020.8 52282.3 45164.8 52215.4 55419.6 61004.9 57755.6 58125.7 53347.2 55973.2 49725.1 53286.6 49773.7 51632.1 53283.3 56165.9 49309.1 48731.3 64514.8 59859.9 53572.1 32211.2 28157.1 27954.4 26403.8 26068.7 21511.9 38053.8 16419.8 28026.6 44202.8 36235.9 53931.6 50132.4 48382.9 59796.7 35480.3 52797 43463.3 44843.8 52845 55737.2 30375.9 46766.7 49431.9 30530.9 41621.9 18580.1 25574.4 18113.3 29009.4 20261.6 18186.7 36667.8 49698.9 36555.2 20798.3 35403.7 58424.8 36875 21066.4 27136.6 29483 81118.2 28016.7 32091.6 51839 30868.5 37009.2 52945.4 28712.9 61479.6 106994 35587.2 103076 68488.9 36846.4 27521.7 25338.3 33754.2 26613.1 33652.9 30126.8 29303.8 28540 27938.5 25891.6 25336.1 25867.4 27403 19874.5 19126.3 27356.7 23960.8 24860.9 21186.8 32231.5 26988.2 35962.6 38721.3 32626.5 31728.9 31862.5 33564.9 39642.5 36480.2 32574.9 40723.1 33668.2 35795.3 36698.4 32595.3 35777 35377.2 37686 35064 36821.5 27140.4 31163 29563.6 29369.9 19785.2 20337.7 24478.4 21583.7 27783 25257.7 37917 29926.1 40714.9 20560.4 20109.6 23330.1 21595.6 13778.5 27898.2 18752.8 24812.3 24325.3 24345.7 21715 20896.8 19647.3 21439.5 33149.2 32064.2 35907.9 37890.7 35467.5 33030.4 40367.7 43017 25800.2 25543.3 27435.4 17410.7 36038.3 26398.4 18347.2 33544 14845.4 10735.5 24429.3 28014.6 18781.7 18363 17467.9 26860.3 21257.9 25977.6 21600.8 14058 17144.3 23671.9 21335.6 22021.5 31877.2 23177.6 26429.7 14000.2 21471.8 14495.9 16620.4 16047.1 23617.8 18920 28367.2 30488.7 23296.4 23499.5 22478.2 24608.1 21861.4 31713.1 7995.76 20623.3 19025.5 14785.2 11158.3 15067.4 21448.3 45371.7 33838.6 25154 20633.6 17237.3 18288.6 26369.3 28884 28683.5 37382.6 31570.5 34442.2 40546.3 43673.4 20804.2 14237.9 26304.9 24330.1 47192.9 45426.3 
26432.8 21339.6 20915.4 25587.6 40218.5 48670.9 31256 16666.9 22229 22160.2 19545.6 23899.3 8205.71 18287.6 8717.17 7848.46 28399.9 0 22988.3 14929.9 49019.3 10841.7 39336 50808.1 30776.3 35143.9 38872 37202.4 40488.5 32497.2 34850 30143.1 33401.1 28970 31215 35119.7 40481.4 35216.4 37965 52761.7 49460.3 37836.5 13966.8 18196.7 16998.5 13043.6 11954.1 26357.7 28847.9 22226 22866.1 46537.2 26766.5 52851.4 43766.6 49220.3 57546.7 12749.8 58780.6 37705.7 24549.6 45326.7 45643.7 30222.1 45172.3 46916.8 42980.9 36932.8 19620.1 19143.3 24578.8 12520.9 25324.9 18464.3 48282.4 42551.7 49208.6 32040.9 45287.5 45353.5 29451.2 32229.3 21088.5 18520.9 109060 27532.8 45462.8 40549.5 43664.5 64821 55714.2 34463.7 69017.5 123966 37673.7 102196 49671.7 11274.1 19345.1 16046.7 14977.2 17575.3 14920.2 11816.5 14954.2 14449.6 11797.1 12635.6 12543 13307.3 12634.3 21345.1 21030.9 16987.4 9887.44 11990.7 16047.2 10695.3 12454 11325.6 23133.5 13419.9 13639.7 19041.6 11533.6 21191 14671.8 15663.4 19540.6 13858.3 16413.2 16448.4 14481.4 17673.6 17195 15254.2 17501.7 18054.6 11087.3 36248.5 15588.8 38121.1 14257.9 15829.5 18734.1 14121.2 10553.2 11249.3 39295.8 13160.8 46873.8 14593.9 16586.5 15351.7 17888.2 23518.4 8700.99 14898 21188.7 21524.9 15432 15738.7 12062.9 14669.8 11938.7 39900.6 30376.3 40159 47870.6 47297.3 43448.9 54762.2 49487.6 26179.2 31460.7 34783.7 35259.7 41178.3 39482.1 32053.9 24952 23480.7 25869.8 26245.5 17185.4 15006.2 14940.1 14890.5 37092.2 24657.8 15049.6 28333.8 27704.4 19317.6 29464 23817.5 27960.4 21719.7 25098.6 27512.8 20960.7 31819.8 31946.6 28105.3 32499.3 26868.6 30488.5 33747.9 24947 20065 32100 17542.5 17916.1 22911.2 18716.9 23010.1 18621.4 24231.9 20736.8 22185.9 35318.9 44125.9 29980.3 51953.6 44268.2 33971 16381.5 17917.3 21798.1 18781.7 19873.7 31286.2 44299.4 27375.7 49339.3 37245 27956.3 28286.7 11368 11216.9 22374.2 24179.4 
19487.3 17226.4 11567 15954 41765.1 39716.8 25568.2 22748.4 11865.6 13407 16026 11519.7 19755.4 19012.1 18478.6 23947 20516.1 22988.3 0 26333.2 32774.7 29488.4 37679.3 35917.2 47927.3 50536.1 56306.2 53518.6 53742.6 49002.9 52224.4 45635.3 42758.4 44106.1 46157.9 49082.6 52387.9 45906.1 45295.4 60913.9 56554.2 50149.2 27967.7 24546.3 24378.6 22123.9 21825.1 26150 27027.1 25293.3 27673.7 52546.2 34844.1 62462.5 51067.2 54281 61385.3 31713.8 60579 49226.4 33540.1 53722 54657 31236.6 50121.5 54435.8 38244.7 33165.9 25066.4 22132.8 16541.4 14298.4 14536.6 11294.1 52561.3 48978.7 55191.2 36657 50932.9 49193.4 39014.9 36816.9 20100.1 28067.3 91561.4 23755.5 37098.8 44466.3 40999.7 47462.8 60156 32565.8 72437.5 115492 43389.5 93235.8 57557 26595.1 23625.1 20693.2 30041.2 22944.1 27653.5 25937.9 25737.7 24926.5 24319.6 22267.1 21781.9 22037.7 23974.9 26643.9 26326.6 22997.2 19077.6 19147.7 14604.9 27701.2 20235.7 31074.3 35150.5 29030.6 28029.9 28511.7 27790.9 36053.5 32725.6 27774.7 37082.5 29304.9 32079.7 32749 28836.3 32197.5 31785.6 30109.7 30720.6 33248.4 17051 35762.2 20406 26162.8 13915.2 15130.7 15623.6 13068.4 18689.9 16001.5 33457.2 19203.8 38074.1 13543.8 15149 11682.5 14211.4 13821.5 20205.1 12194.9 16594.4 19044.2 13786.2 12838.2 13419.8 10825.7 15904.6 26929.3 18660.1 41677.9 50921.6 49953.8 46498 56567.7 56961.4 24554.9 29333.5 28446.8 29435.4 35919.7 35394 27381.6 39630 21014.5 24893.9 31647.9 19821.4 11935.5 11817.7 10747.2 35381.3 22149.7 30371.2 26314 25834.2 23540.6 26532.8 22485.6 29261.6 19057.5 24229.3 28171.7 16285.7 27428.2 29386.3 27705.1 32648.4 26931.2 29052.1 32432.9 16139.6 10737 17815.6 14015.9 12926.5 9910.09 31514.1 19220.3 22867.5 12510.3 9844.9 12026.3 20146.5 26863 32454.8 40354.5 32179.5 21090.7 11909.2 10966.5 22034.3 16534.1 16163.5 27420.6 40123.6 25563.7 35818.4 36588.7 14995 15899.3 16750.2 17971.2 35290.6 32597.7 
31282.5 28491.5 28419.4 32806 48545.4 51670.7 37820.4 17195.3 28505.4 25791.5 20017.1 28284.2 12210.1 18469.1 13606.5 13786.8 35976.3 14929.9 26333.2 0 50208.9 10886.2 37291.3 53204.4 32692.5 31182.8 40128.6 32586.6 35029 27888 29814 27024 35113.8 24516.8 29138.3 32352.8 51718.7 46845.7 47314.3 62923.6 59610 48927.3 9501.88 26201.4 26034.6 19962.3 19976.2 37869.1 34097.6 29524.6 32252.7 56065.1 35443.4 55155.2 49358.1 59771.4 66934.6 19498.8 68989.7 48011.7 28457.4 49407.1 57209 38131.2 53229.7 54753 51314.7 44459.3 28703.5 22810.3 32291.8 17641.2 33068.3 26835.3 60348.4 50013.2 56700.9 38852.4 57779.5 49950.7 43259.9 45397.7 32204.7 32886.5 116358 28285.8 49500.7 38966.6 47012.6 72193.4 49097 39147.9 70440.2 126370 36319.1 109678 48777.1 10216.6 27086 24796 12587.7 25394 17115.3 12695.6 22229.4 23175.5 21546.6 21656.8 21408.6 21566.2 24396.6 20904.5 24143.5 22315.2 15176.1 14604.6 19222.9 14208.5 16240.8 8902.93 30815.2 20705 19665.9 29488.5 12526.8 28218.9 14752.2 18411.4 24430.3 15760.3 20204 17405.7 18071.9 25801.2 25706.7 20282.9 17773.4 22677.5 14383.4 40414.7 17107.6 43181.9 18799.9 20375.6 25617.5 18926.8 12998.9 13157.4 48334.9 15115.6 50141.3 18330 21132.6 15799.6 23464.3 29877.5 14874.9 20604.7 23246.1 24714 17368.5 19864.7 16602.4 18915.4 16954.7 44997 33654.1 47945.6 55388.1 54373.8 48782.4 63400.1 46654.9 29449.6 36674.3 41491.2 43707.1 47299.5 47672 41054.9 27212.8 28889 31999.1 31867 15181.8 20655.3 20807.3 22073.9 43125.8 29224.2 24818.9 36505.2 34651.5 27061.4 35963.3 32436.9 34038.9 21650.3 32532.9 32324.5 27689.5 36329.8 34875.4 30414.5 38526 28919.4 31934.2 41357.8 25861.5 20754.2 35383.6 21271.6 19824.6 24397.1 29185.5 31396.9 28620.5 29778.6 26530.3 28719.8 42672.4 51545 34115.2 54318.7 47776.8 36940.2 22952.2 25274.1 25681.6 16659.7 15676.7 33219.4 49102.6 33722.9 52608.9 35359.4 31473 31300.5 14220.4 16194.3 24429.5 23691.2 
40336.7 42711.2 39751.7 45938.8 73535.5 69931.3 37405.8 43767.7 28997.5 27513.9 34104.2 26046 43656.8 32932.6 42035.9 48036.7 42452.5 49019.3 32774.7 50208.9 0 53296.9 53529.2 13746.3 71910.2 75287.4 80482.1 77553.8 77946.7 73281.9 76048.3 69405.9 63666.2 68211 70432.5 73366.8 76068.5 69518.1 68910.2 84441.2 80127 73441.5 51337.7 48114.6 47715.2 45340.1 45143.2 41184.1 34235.9 44311.1 40303.8 74998.5 50369.3 90106.3 72433.4 79115.3 77256.4 55403.2 80833.7 77128.2 51601.3 79515.1 71249 38838.5 63718 70339.3 66198.7 65069.2 47147.3 40273.2 46559.4 44875.1 44976.2 40437.3 67742.7 51205.6 75883.9 58622.8 68952.3 36861.8 66057.5 57430.3 51613 55963.2 109860 33685.7 57436.1 34347.2 45554.9 69266.3 65599 43755.9 71446.6 86668.3 51158.1 125077 42421.2 50418.1 47976.1 45120 53677.7 46609.2 51783.6 49463.5 49021.3 48718 48226.8 46154.5 45904.5 45600.3 47590.5 46170.1 44807.5 43613.7 42081.3 41898.5 36967.1 51251.9 43806.7 54863.1 58432.2 52342.2 51375.6 51737 51553.8 59454.4 56059.7 51014.5 60427.1 52668.6 55363.3 56197.1 52103 55494.3 55088.5 54078.8 54042.6 56539.1 40813.9 42873.5 41299.8 52851.6 37435.7 38480.2 43731.1 36651.3 42466.7 39984.3 56059.9 38022.7 46621 37126.5 38335.1 35177.2 33085.4 32645.2 44362.7 36601.1 35806.6 37246 34148.3 33883.7 37478.6 35073.6 39300.3 49681.5 44035 56290.6 67928.5 68066.8 65221.9 75396.2 77202.5 40606.8 41161 34455.7 46848.6 31194 44106 44212.7 62280.7 39643.7 45784.8 54373.2 43060.9 35686.9 35495.1 37031.2 43101.4 41334.7 52748.6 44747 43260.4 41992.6 43054.2 40688.6 44841.4 34210.2 46269.2 41312.3 38472.6 44392.1 49010.6 47294.1 51888.6 40436.7 46169.8 38904.7 27074 30143.1 23911.6 32276.1 37176.7 29186.8 58902 39400.2 48358.5 27695.7 30436.5 32726.2 39137.7 51303.1 41825.3 32930.3 28780.4 25223.7 35252.7 32308.8 33328.3 34650.9 37293.2 35414 42487.5 24648.7 41571.1 46556.6 27714.6 36280.3 40084.2 41641.7 42605.9 38883.6 
