235 235
0 18018.5 14788.8 24091 19276.2 20128.6 18180.1 21469.1 18739.6 20615.3 24968.5 18918.3 13000.6 26471.2 23516.3 8848.08 17340.7 35975.5 44180.4 39485 47591.5 46488.1 53478.2 52236.8 54485 49877.1 50721.7 50896.5 48956.8 43468.9 41421 43292.5 47283.9 46393.5 49187.5 43256.2 56935.8 53144.5 56429.4 24679.9 31270 26038.2 24395.7 29711 22278.8 21366.4 22109.1 24795.5 32212.4 18988.8 46018.5 37315.2 39013.9 29542.5 36017.9 48464.9 59055.9 59083.7 30652.7 49870.5 54228.4 37447.3 53041.9 53441.2 29884.8 43780.6 46893 50753.1 26253.1 37719.4 18466.8 22777.8 22445 19158.7 16971.9 36504.7 47888.2 38278.5 23925.9 33810.9 53358.6 35449.8 31791.3 19873.4 18609.5 28809.9 76593.3 24615.6 73714.2 32177.7 46464.3 28242.8 48361.7 57231.1 95216.8 33947.6 41788.1 62756 56616.8 28747.2 21667.7 21624.2 29294.2 23190.3 22184.3 26766.5 25624.6 25147.8 24678.4 21690.5 22598.3 22421.2 24081.9 24145.7 17344.2 15981.1 30367.6 15837.1 22966.4 17126.6 19013.2 19820 15221.4 26154.7 19449.3 28005 29731.3 34104.8 28446.2 27427.1 28137.5 29730.5 26854.4 33883.4 34786.2 32360.1 27246.1 35420.7 34044.9 28405.5 31392 28129 31205.4 31400.1 31050.8 32980.6 29693.3 32198.9 32569.1 32331.3 18699.7 11930.5 24783.4 17467.8 15804.1 22324 58387.5 28329.4 37451.8 24271.5 37566.6 14657.8 15764.5 16574.5 20759.8 13786.7 16303 30318.4 26773.3 36964.9 42664.3 37960.4 40970.2 36412.6 33603 38910.4 24101.1 25902.9 28404 34127.3 24876.9 21119.4 35507.6 28675.5 28920.5 9497.49 19375.8 10154.5 26100.9 18343.6 17551.3 23315.2 22747.2 10277.2 15800.3 23052.9 21829.9 16674.5 16602.9 15467.4 23391.5 21680.5 17125.9 25827.7 24643.4 11280.8 18861.9 18845.7 24301.8 21417.9 25687 16513.4 21215.3 27633.4 9903.34 17280.3 17743.7 14118.4 11337.5 17346.7 23882.1 23306 20722.5 25795.9 20252.3 21259.3 21481.6 31865.1 31761.2 28182.4 30437.1 18390.6 18078.2 39702 35350.2 
18018.5 0 14142.1 16349.9 17336.1 15275 16446.9 18245.2 15821.2 18519.1 21965.7 14622.7 17406.7 31163.9 19712.7 18278.2 15402.6 38091.4 44088.9 40563.6 42549.3 41901.3 47951.5 47950.6 49389.4 44871.7 45019.2 48164.1 43520.1 39995.9 37313.4 39247.9 45466.5 40878.8 43985.6 38306 52163.5 48238.4 51597 19526.2 26009.8 23560.7 19571.2 25093.4 18144.9 16866.2 18213.8 25723.5 27827.5 25751.5 44684.3 32309.9 34535.1 28687.4 33590.5 48493.3 56095.1 47762.3 25493.3 38264 48625.3 42717.9 47498.8 42302.1 32984.2 38277.5 45073.5 42399.5 28454.2 23404.2 24504 23311.8 16785.4 13011.1 10570.2 47080 46939.3 42428.1 27737 40522.4 47863.8 22279.4 19797.5 24104.8 26597.4 13882 79966.8 27447.7 77473.1 33529.2 46950.5 41357.2 57756 61619.2 101002 35911.4 48904.5 59451.5 59852.8 26391.5 19990 15670.7 24078.6 17801.8 16984.2 24418 20856 19702.5 19105.2 16667.8 17070.5 17378.6 18539.7 19128.7 18543.5 23454.2 27941.8 20333.9 22272 15980.5 16697.1 21044.9 11010.8 27638.5 20103 23474.9 26343.5 29857.7 23545.3 22762.7 24019.9 25592.1 24053.3 29109.7 29849.4 28563.1 22951.9 30725.6 29628.9 23641.2 27256 23837.4 26412.5 26766 26491.1 27823.8 27180.5 27740.6 28051.4 27649.2 15872.7 15810.1 24494.4 13404.5 12298.1 12845.8 53780.1 23691.7 26171.8 19280.2 34427.3 11398.1 13496.6 15167.1 18378.7 10360.7 12754.7 27439.3 20355 42047 46026.8 49457.7 48863.2 47883.3 45189.4 52801.1 20873.7 22482.9 33294.1 38418.1 30174.1 28266.3 36103.5 35023.4 30853 22509.9 18870.3 24617.2 27054.9 15310.6 28472.5 18192.3 23881.9 22001.1 16879.2 16408.9 13614.5 24975.1 14286 16679.7 20029.6 13183 14306.3 13516.9 19022.7 17787.2 30670.9 27660.2 26719.6 18100.1 22243 13124 22744.9 17472.5 18598.3 16016.2 15387.9 14318.8 14101.5 19338.7 22586.9 21988.7 22079.7 34760 24245.3 28050.1 22627.1 31756.4 28439.4 22360.5 26289.4 15084 14389.3 35051.8 30961.9 
14788.8 14142.1 0 13990.9 18595.6 14346.6 15961.9 20819.2 16185.4 17771.6 23786.8 14250.2 15104.9 27503.1 18742.6 15021.2 10338.1 35446.9 44319.8 39979.3 43184.8 42125.2 48673 47949.7 49868 45319.7 45741.9 47525.5 43539.6 40863.6 38103.5 39896.8 44703.4 41579.9 43786 37547 51380 47498.1 50717.7 19024.3 25657.7 22431.4 18839.6 24626.2 16820.1 15995.2 16553.1 21677.6 29264.7 19655 43212.6 34066.1 36289.6 26384.8 32440.8 46959.6 60876.2 54864.7 25471.5 46698.6 52008.2 37515.3 46266 50901.6 28493.3 45146.8 51689.3 49487.2 25799.2 25593 22555.4 20921.6 13788.1 8182.61 6603.54 45662.7 45916.1 46324.8 29856.9 36988 49568.6 30260.5 27648.2 24863.7 23872.1 21413 78727.2 24907.4 83192.9 35181.3 45875.1 39980.2 56990.3 67632 107941 40303.2 44986.8 59212 63162.9 26212.3 19814.7 16184 23956.7 17462.5 16761.2 23459.6 20049.5 19241.5 18673.6 16017.5 16526.3 16817.8 18323.9 18363.9 19245.9 19832.6 27499.2 20212.7 19558 14735.5 15657.2 17769.5 14141.9 23584.6 21055.7 22590.1 25717.7 28504.8 22969 22110.4 22431.6 24119.3 23382.8 28586.4 29217.2 27351.2 21984 30156.6 28570.7 23224.8 26481.5 22804 25630.3 25832.8 25494.3 27426.2 26988.2 26727.2 26994 26756.2 17395.5 11280.6 23026.9 13891.1 11829.4 11943.4 56318.1 25740.2 28323.3 17940.3 36987.8 11531.2 14286.2 15519.1 18204.1 9945.65 11663.8 23812 17602 36339 41605.6 43057.7 43204.9 41797.6 39376.7 47485.4 23607.8 23810 29177.8 34196.9 26072.9 24857.3 32474.7 29535.7 28537 18840.7 22274 23994.5 30619.8 19907.9 28223.4 23294.9 26859.9 19359.3 17129.2 22726.9 19389 24363.9 15214.6 17055.1 21091.7 20776.5 15867.8 23158.6 24332 14274.4 26516 21964.5 22978.2 20609.5 23916.8 14369.3 20601.8 25480.5 13610.3 15250 15424.2 11382.2 10588 17438.6 22914.7 21099 24298.3 30737.1 21405 24640.4 19225 30725.5 29132.7 23746.6 26809.9 15995.2 14685.3 37124.6 33676.7 
24091 16349.9 13990.9 0 20339.1 18436.4 19764 22364.7 19258.1 21768.5 24331.7 17846.1 21607.9 35624.3 22728.3 23727.8 14233 40983.8 46603.4 43005.8 46787.2 46070.4 52694.3 51847.1 53896.4 48964.5 49268.1 51352.6 47537.1 44947.9 41157.6 43607.1 48688.4 45501.9 47772.2 41610.6 55448 51702.8 54777.7 23142.6 29748 26200 23038.1 28555.3 20820.6 20004.3 20602.2 29844.8 31330 28004.5 48737.8 37218.9 38274.7 30809.7 37702.1 47176.2 62777.7 53141.6 29463.1 47334 47815.5 36487.4 42779.7 50195.3 36072.7 51530.4 56886 54592.3 28231.8 19396.5 31142.8 27050.2 19432.5 15880.3 11912.8 54069.4 51219.3 53819.2 38000.7 45391.8 51925.9 28319.7 30290.2 33615.6 32318.3 20455.2 74722.3 32714 88492.2 37158.7 51141.2 48137.9 65876.1 73186.9 111965 46878.1 52892 62718.9 67348.3 30156.8 23101.2 20216.7 27995.9 21554.1 20659 27281.3 24096.2 23330.8 22874.9 20092.5 20730 20819.4 22415.5 22426.5 27146.1 28334.5 31982.2 28622.6 25736.5 19847.8 20321.2 24490.7 19430.4 31258.8 27423.4 26615.6 29552.8 32551.5 27012.9 26095 26449.1 28159.4 27347.4 32572.8 33308.8 31222.2 25833.8 34141.1 32600.7 27150 30361.6 26794.5 29677 29881.9 29543.4 31516.7 30933.9 30765.6 31040.7 30802.9 20097.4 19878.1 28396.1 17161.5 15243.8 16117.1 56306.5 27973.1 30832.4 21200.8 40549.7 14945.4 16320.2 19686.5 22181.3 12678.5 15362.5 23778.8 23804.8 43420.8 47589.9 51064.6 50957.6 50205.3 47710.8 55943.7 29474 26670.6 37283.5 41706 34154.1 32900.6 39013.4 37879.4 38292.1 27188.6 30085.6 32435.2 38257.5 23820.9 36792 28711.4 34581.4 29221.3 24921.5 27733.8 23326.9 34144 21784.6 24767.1 23885.4 24707.7 22072.8 25399.8 29109.7 23440.1 33594.7 30496.1 30866.2 22516.1 24686.4 15775.5 25444.8 29633.9 22309.4 18383.9 17740.5 15180.4 16891.5 21625 26275.1 24834.6 29800.1 38579.9 29293.2 32754.5 25935.6 35927.1 33053.1 25805.4 29998.7 18155.4 17357.1 39154.5 36062 
19276.2 17336.1 18595.6 20339.1 0 9527.5 5747.35 10528.5 4983.37 17106.4 8635.19 15838.9 13303.7 21245.6 21000.3 22565.4 11333.8 24020.7 27629.2 25844.4 44443.4 43285 50028.9 48959 51321.4 46883.7 48006.5 47578.6 46195.2 35622.3 38167.3 40062 42276.2 43515.6 46492.6 40500.7 54217.2 50390 53673.9 21931.7 28554.9 23419.5 21714.8 27085.5 20390.2 18845 20150.3 24261.3 14284.2 25643.3 39394.3 21797.9 20581.2 24248.6 31496.3 63117 66979.8 57571.2 27955.8 47227.7 59338.5 50571.5 54980.4 49286.7 25184.5 41528.5 49589 50886.9 41831.8 36184 25311.1 19616.5 17284.9 20869.5 16318.5 48292.1 39760.5 53076.5 36990.8 40992.5 35609.9 38195.5 34536.7 34201.9 28607.4 28181.5 89432.8 16920.2 75393.3 35287.2 31787.9 32191.8 50477.2 59589.2 97846.8 33515.8 33650.7 44957.3 58126.4 22986.6 17222.3 18551.2 26675.9 20410.4 19451.4 23454.5 22980.8 22334.8 21888.4 18942.3 19785.3 19669.2 21335 21325.4 24024.6 26291.9 16514.2 23370.1 21040.8 16730.4 16943.7 21529.6 11240.3 27492.1 23244.6 25473.2 26589.5 31488 25862.9 24878.5 25540 27504.5 24113 31374.8 32082.3 30265.7 25423.5 32873.7 31548.3 26026.7 28714.7 25824.6 28561.6 28756.3 28420.7 30290.2 25853.3 29682.2 29925.3 29687.5 13729.3 14669.3 17655.2 13076.2 13487 17705.9 52088.7 18807.1 34109.2 20958.2 32434.8 11980.8 9550.3 12261.1 16719 10887.6 14374.6 27870.6 18660.4 39048.5 42509.9 47610.4 46387.7 47866.3 44534.6 53648.3 22968.2 25932.1 29117.4 33463.8 27240.2 28502.4 27595.1 31479.7 37079.8 25722.6 30951 27563.7 28826.5 18306.3 21901.1 26103 24037.8 19293.5 19776.4 21542.3 17132 24652.3 16270.3 20065.3 11468.1 22258.2 16415.7 21828.2 20083.3 17240.7 26072.4 28816.1 24649.2 8009.72 8521 7511.36 12000.1 29970 20781.8 12203.8 8856.07 12246.9 14707.9 24112.3 33255.2 11361.8 17766.1 22347.7 12418.5 16387 16554.4 18618.4 16338.3 15714.1 16602.2 15185.7 15799.7 22239.6 20604.9 
20128.6 15275 14346.6 18436.4 9527.5 0 6338.42 16818.7 8974.72 19342.6 14953 15379.3 12629.9 18867.9 20604.1 16733.3 10557.2 25892.4 32587.6 28094.7 43959 43240.2 48991.1 49193.2 50935.7 46198.6 46727.4 48866.6 44890.7 40051.3 38894.6 40659.2 45646 42520.3 45125.9 38935.7 52788.9 49087.4 52144.7 20437.7 27079.1 25255.8 20362.5 26187.1 19527.6 17903.4 19264 16301.5 19237.3 21314.4 32329.7 27791.2 26671.4 17466.9 23914.9 57602.7 58145.1 48322.8 26816.7 39339.9 50300 46730.5 48235 42410.4 19341 36544.4 45148 41943 37057.2 33890.9 23259.7 16831.1 18146.5 16927.4 11980.1 40408.2 33645.2 45912.9 30334.6 32743 36496.5 34256.5 30861.6 28559.6 21819.5 24278.4 81658.9 15649.7 75664.1 34963.9 33413.8 31800.8 48421.8 59416.7 100304 31146.4 35498.4 45708.6 57476.4 26272.4 21697.3 17123.4 25385.5 18885.2 18032.6 25158.1 21581 20655 20087.1 17414 17932.4 18299.9 19746.6 19755 21973.2 23650 14317 20944.8 18405.8 18119.5 17506.9 20217.1 13350.2 28121.9 24998.3 24489.8 27046 30454.6 24504.6 23677.3 24144.8 26530.9 24674.1 30169.3 30709.9 29893.4 24927.8 31650.4 30529.2 25259.6 28066.1 24954.1 27168.3 27386.4 27116 28847.9 27391.4 28459.6 28550.3 28287.7 16673.8 13066.8 18187.1 13803.3 13879.9 14518.5 52390.1 21965.1 27359.1 17896.8 32496 12793.4 13527 10677.3 18673.6 11373.6 14938.3 24645.8 21511.1 32721.8 35583.8 41940.4 40647.9 41821.4 38383.6 48760 17905.2 19995.5 22742.7 26918.2 21345.5 22478.8 22672.3 24665.1 33590.6 23073.4 28765.8 28030.4 22301.8 16288.4 24339.5 18836.5 23616.9 20099.7 17155 16606.1 12592.2 26122.4 13386.4 16758.8 17970.5 19573.8 14552.5 19683.8 18483.3 16063.5 24578.9 24156 18644.5 16013.2 14799.5 11914.2 10389.4 28594.2 16633.5 7118.48 5343.27 8632.31 11768.3 17174.2 26999.1 13617.3 15921.8 21704 12512.1 16506.8 11709.2 21206.6 16746.6 15642.2 19606.6 17042 16473.7 26817.3 28751 
18180.1 16446.9 15961.9 19764 5747.35 6338.42 0 13275.9 6641.95 17303.2 11750.8 13715.1 13209.3 20261.5 19613.7 19094 11990.3 24506.5 30896.2 27577.3 42727.5 41537.6 47860.9 47499.5 49427.8 44770.4 45331.6 46564.6 43560.5 37310.5 36591.5 38657.4 42959.2 41072.1 43619.3 37314.5 51147.1 47266.4 50515 18777 25397.3 23503.3 18512.4 24307.7 18251.3 16462.7 17975.4 19856.6 16484.1 21512.7 34459.1 23497.4 23792 19003.9 27179.2 59005.5 62745 53361.2 25071.6 43816 55025.9 47797 51387.6 46918.8 20586.1 38041.4 48880.5 46863 38638.6 35540.5 24088.2 16271.4 19410.5 18590.2 13760.4 44009.6 35654 48828.7 32890.1 36768.4 36806.9 35587 31834.7 29675.1 24385.1 25955 86699.6 17431.8 78027.3 35842.1 33007.3 32988.1 51522.2 61730.7 100997 32483.8 34975.8 47634.3 59800.9 23410.4 19209.8 15982.9 24078.9 17535.4 16702.5 23133.6 19659.7 19395 18955 15806.7 16799.3 16657.4 18466.3 18392.8 21526.6 23050.7 15403.3 20239 16703.6 16583.8 16623.5 18953.8 12679.8 26372.6 24236.2 22996.3 24808.5 28793.7 22615.2 21784.2 22253.9 25001.8 22833.5 28743.6 29021.9 28436.6 23613.1 29748.1 29145.1 23871.5 26464.6 23446.6 25271.9 25509.9 25192.1 27181.4 24743.6 26840.1 26624 26376 13704.8 12522.5 17688.1 12173.2 11670.7 16670.3 54722.4 19840 31429.9 19673.1 34937.6 10465.8 10612.6 11809.6 16102.1 10210.6 13228.4 27490.9 21793.4 34442.3 38707 43525.9 42920.5 44323.2 40870.8 49944.3 22414.1 23120 24354.9 29415.8 23151.4 24469.6 23740.1 27125 33941.3 23002.9 29020 26824.5 24902.2 17026.4 21288.5 23167.2 21336.3 17774.1 16586.4 18227.7 14920.5 24088.7 13187 16395.9 14587.4 20678.1 13272.4 19876.3 18071.5 16054.3 25718.6 25541.3 21022.6 12066.3 13186.1 8364.23 10566.3 29663 17395.6 9548.91 6715.57 9016.45 11735.4 21406.3 30486.7 10294.6 17276.2 22062.7 12569.1 15510 14195.3 21319 18153.7 14700.1 17035.1 14869.7 14582.8 24276.3 24325.3 
21469.1 18245.2 20819.2 22364.7 10528.5 16818.7 13275.9 0 12956.7 12424.9 8692.4 13210.4 14270.2 21147.9 18885.7 27240.7 14351.7 30404.4 29473.6 33692.2 40033.4 38649.5 46941.6 43618.4 46444 42361.5 46462.3 41334.7 43749.1 27489 33347.2 35851.5 33573.6 40475.1 46629.8 41428 55088.6 51575.2 54692.2 22075.4 28352.8 16646.6 21602.5 24611.4 18905.3 18045.5 19618.3 29629.5 21523 27988.8 44603.9 25725.2 22927.4 28395.7 35232.1 63588.4 70858 62400 25986 49215.3 63897.1 48062.6 55539 51836.4 30783 48293.7 47131.4 55012.1 44056.3 36119.2 24995.5 22346.2 15878.7 24017.6 19328.9 53136.5 45828.3 56560.9 40788.6 45256.4 43498.6 39670.9 36081 37890.4 33413 29834.2 94372.3 16706.6 75309.3 36476.7 31418.3 30519.2 48753.7 60113.9 97410.5 36456.3 32865.2 45042.8 58320.5 15565 8768.67 19476.8 25038.2 20989.7 20112.4 16691.2 22768.7 22614.7 22075.5 19667 20374.4 20300.7 21208 22447.1 23478.5 25919.2 23976.4 22774.7 22387.3 11793.6 13685.6 17929.5 10280.7 22578.4 16881.5 24562 22233.3 31345.8 25280.8 24120.3 26333.7 26668.5 22186.6 30261.6 31774.1 28777.3 23759.6 31444.9 30626.1 24202.9 26896.8 24456.5 28370.7 28374.5 28020.4 30103.3 24149.1 29051.1 29714.6 29349 10259.6 15591.5 15037.5 11668.3 14108.8 18637.1 51973.8 11937.3 38697.9 22569 32931.7 12053.8 8053.71 12845.6 13993 11601.3 11075.8 30599.9 20679.5 42432 46935.4 51506.8 49256.3 51355.9 48311.3 56920.4 21946.1 31713.2 34201.7 38861.2 32355.3 33542.9 35029.3 36708.1 37395.9 25923.3 30457.5 25292 35735.3 20873.2 29081.1 29441.3 31113.8 21406 21787.2 27207.7 21947.7 26010.7 19902 23104.8 7368.03 24518.9 17215.3 22939.8 25125.4 20971.2 23322.8 31356 27077.2 8565.24 13408.1 7846.03 19085.6 25180.2 24212.3 16668.3 14122 15693.7 18170.2 28857.5 37351.4 16665.9 20416.3 31908.3 21988.7 26261.2 18079.7 17104.6 22210.9 17878.9 18003 11207.5 13000.2 20069.9 15444 
18739.6 15821.2 16185.4 19258.1 4983.37 8974.72 6641.95 12956.7 0 19079.7 12841 17186.9 14417.7 24141.6 22218.7 20271.1 10215.3 23207.8 29115.1 25138 45698.8 44825.3 50935.7 50824.8 52592.4 48047.6 48619.1 50321.1 46961.8 38220.1 39880.4 41780.7 45282.5 44306.9 47308.5 41122.1 55026.6 50997 54287.2 22652.1 29314.4 25607.4 22619.7 28172.6 21218.9 19934.8 20896.6 23528.3 16790.4 24618.4 40154.1 22919.3 23703 25170.8 31403 60943.6 65787.7 56957.9 28887 46780.2 58299 49299.4 53543.2 49882.2 25986.7 40994.7 50602.5 50401.5 39789.2 35577.5 25240.1 19336.4 18282.6 18187.1 13740.4 47638 40575.9 51103.1 34853.4 40053.8 36216.7 36898 33403.7 31601.3 27455.4 27271.4 87699.5 19244.4 75321.1 35062.3 33163.3 34692.6 51912.6 60402.9 97607.8 34387.9 35108.2 45884.2 58074.4 26040.8 19519 19132.6 27519.2 21120.5 20174.9 26368.8 23875.8 22869.3 22349.6 19628.2 20188 20346.1 21981.9 21937.1 23811.9 24794.7 17136.7 22898.1 20502.7 18090.1 17430.8 20798.6 12462.3 28285 24570.4 26555.8 28646.7 32492.7 26811.9 25937.2 26399.8 28465.6 25724.3 32335.6 33017.1 31284 26000.6 33872.9 32646.8 26867.1 30019.7 26837 29475.5 29717 29446.6 31083.2 28209 30721.7 30870.4 30592.1 16112 14376.6 19837.9 14957.2 14495.9 17169.6 52172.3 21911.9 33817.7 19511.5 33689.1 13064.5 11932.1 13050.2 19424.5 11014.9 15310.9 28016.5 18407.4 38863.1 42807.4 47330.8 46041.1 46791 43498.4 52786.6 23602.1 25664.9 30025.3 34308 27820.4 28194 28358.1 31993.3 35436.3 23436.2 29233.8 27206.5 28818.5 18035.7 21001.3 25319.8 24192 19032.8 19301.8 21451.9 17601.3 23717.1 16568.3 18857.4 13505.9 21918.1 16138.9 21582 20892.3 16375.4 27129.4 27170.8 24616.8 9106.82 10142.5 7967.46 12010.2 30344.5 19152 12066.3 9691.97 11042.3 12770.1 22279.8 31050.6 10791.8 19084.9 21111.2 12808.9 16287.7 18460.7 20223.6 16508.9 18075.9 18838.1 16258.5 16694.6 26743 21946.9 
20615.3 18519.1 17771.6 21768.5 17106.4 19342.6 17303.2 12424.9 19079.7 0 11263.3 5354.26 19302.1 22673.3 9248.34 24973.2 17671.3 38979.9 41130 41334.8 32499.1 30342.3 37783.8 35099.8 39258.3 33501.4 37105 34422.2 32367.8 28184.1 25777.5 28129.4 28660.1 31735.8 37280.1 33142 46812.8 43879.2 45839.1 15281.2 19802.9 10250.8 14221.5 12403.5 7962.03 7977.06 9579.85 26301.8 24606.7 21201.1 41265.5 25815.1 27464 23695.7 29574.7 53954 64572.6 57745.2 14202.3 42644.2 58768.4 40287 47346.6 46793.4 28992.8 45245.5 45963.3 49916 38453.9 32496.5 20954.7 18150.2 11211.7 22019.2 16587.4 48497.5 42449.7 49158.2 33408.9 39565.5 43109.5 32282.1 28587 30935.5 29356.2 22230.1 96437.8 21677.3 80329.5 38605.7 36318.2 35325.5 52260.3 63705.9 107815 35798.8 36913.6 48489.4 61693.3 8899.35 8059.99 15062.2 12902.6 14507.2 12933.6 9822.77 12871.7 13154.3 11830 10594.2 11809.7 11457.9 14058.1 13376 16702.1 19511.9 23780.5 17821.5 16262.3 6877.21 9934.85 11223 11167.1 17948.3 13842.4 13306 10225.7 21021.4 14215.6 13181.4 17281.5 15547.5 10291.2 18897.8 20830.9 17891.8 12954.9 19792.9 19203 12688.2 15288 13058.5 18083.5 17442.9 17139 19809.8 13441.4 18032.1 19153.1 18411.5 6667.83 13657.5 13245.8 6134.61 9417.71 16016 58698 11309.8 35803.6 21970.8 40049.1 7880.53 8105.22 13986.3 5070.65 9862.25 7022.11 34297.8 24728.9 37107.2 42321.6 45408.2 43908 44970.3 41638.5 50560.9 22816.7 28807 34855.4 37719.9 31518.7 32398.5 35286.1 34769.4 27747.7 22416.3 23929.6 24562.4 34314.8 21562.9 29444.6 25040.2 30797.3 20512.1 17864.9 26245.3 22714.4 25081.2 18606.5 18554.4 12966.3 21524.3 13464.2 21197.7 24423.3 17966 25625.1 24930.2 22939.8 17943.1 23101.2 12344 25169.2 19246.4 19167.3 19358.8 17783.3 16077.2 18017.7 30712.2 38597.8 18043.7 23920.1 36972.7 27187.2 30187.4 16370.5 24411.2 23940.9 14294.7 16365.7 5743.2 6181.97 21091.9 18831.5 
24968.5 21965.7 23786.8 24331.7 8635.19 14953 11750.8 8692.4 12841 11263.3 0 12978.5 16710.4 18794.3 18324.2 28882.9 17016.3 29283.2 30545.9 31963.8 39991.2 39683.2 45608.4 44950 48242.6 41816.4 44949 43736 42090.7 32764.4 33266.6 36687.4 36509.1 40667.6 47592.6 43090.8 57021.8 54034.8 56265.7 24039.9 29737.7 18012.4 23933.4 22748.1 18473.2 17940.6 19609.3 27688.6 18806.8 26304.6 39852.1 24227.3 21382.2 24241.3 30944.3 61766.2 67317.5 58016.6 24600.5 44890.8 60713 46892.4 52014.6 46833.2 26642.5 42058.8 44922.4 49778.6 45619.6 38712.7 25656.9 19813.7 16501.2 26979.6 22368.9 50011.8 40114.5 54055.3 38653.3 41832.1 36960.8 40515.9 36816.8 38326.3 32275.9 31123.5 94190.7 14694.1 72058.6 35115.1 28301.6 29323.4 46194.6 56971 97631.3 29672.6 29786.4 41792.1 54961.1 16414.2 13246.2 22469.5 23413.6 23339.2 21315 17796.1 22427.6 22515.6 21884.8 20903.9 20380.5 20629 22665.2 23525.5 22859.7 24140 18470.2 20973.6 21934.5 12170.2 13917.5 16768.2 13707.8 22473.6 18180.4 23510 20407.8 31035 24517 23455.5 27526.1 25741.2 20777.8 29361.2 31209.4 28146.9 22704.9 30182.8 29481.3 22817.4 25632.3 23368.3 28168.9 27747.8 27405.6 29881.8 23228 28280.1 29295.3 28766.7 10647.1 17834 13493.1 12564.7 16875.7 20992.5 49233 12700.7 35194.1 21993.2 32018.7 14976.3 10206.3 11705.3 14599.1 14438.1 13573.2 30543.6 23548.7 39651.3 43657.4 49341.8 46272.3 49454.5 46151.9 55305.4 18482.2 26475.5 33310 37133.9 31850.4 34167.5 31752.3 35197.2 36531.3 26560.9 30362.6 27352.6 30477.5 17909.2 26119 27213.2 27956 21319.3 20430.9 23097.1 20825.2 26988 18634.7 23192 11350.9 23702.7 17139.6 21118.4 20568 22722.6 24438.1 29735.6 23648.9 12402.7 13566.3 10310.5 16879.8 26439.3 24776.6 16712.5 13358.3 17265.1 20462 29590.1 38643.9 11268.4 17402.9 29193.6 19126.9 22775.9 14919.6 16376 17630.1 13776.4 13253 10687.3 13096.1 15794.5 15397.9 
18918.3 14622.7 14250.2 17846.1 15838.9 15379.3 13715.1 13210.4 17186.9 5354.26 12978.5 0 17907.4 24065.5 7227.91 20642.3 16494.3 37480.4 41370.1 39818.3 30834.1 29641.1 36092.8 35555.9 38034.3 32267.7 34386 36168.8 30989.6 29671 25067.3 27256.8 32680.8 29119.7 35850.2 31148.1 45065.2 41812.1 44416.7 11731.1 17180 11316.7 11710.8 11896.4 7475.93 7190.39 9294.01 23522.1 23674.6 19432.6 38954 26203.4 28256.7 20974.5 26827.6 51626.2 61793.1 54978.3 12863.4 40382.7 55930.4 40912.8 46399.1 46144 27919.3 43603.6 48216.2 47172.5 36187.4 28352.4 21067.2 17340.9 12446.7 18150.5 12332.4 46470.4 40685.6 46339.9 30949.1 36832.4 42336.7 29711.3 26074.6 28423.6 26469.3 19786.8 92436.9 21748.7 82388.2 39741.8 37244.2 37974.8 54923.5 65644.5 109083 37650.5 38919.4 50868.7 64104.7 12532.4 9715.18 10347 12088 11348.1 10017.6 10675.1 10957.9 11076 10408.8 9190.84 9113.47 9898.45 10239.2 11972.7 14338.5 17825.6 23083.6 16223.6 14745.5 6229.17 8613.34 11539.2 10664.8 17647.8 14581.9 12396.9 11921.7 19949.7 12948 12065.9 16056.1 14708.8 10607 17779.7 19552.6 17504.4 12736.9 18450.9 18068.6 12120.9 14079.3 12151.7 16826.7 16175.2 15887.5 18478.9 14970.1 16814.9 17930.5 17143.9 6621.42 11859 15635.4 3439.51 6741.52 12935.4 60021.5 12978.2 33574.3 20339.3 40438.3 5789.34 7713.67 12060.3 6311.01 7539.32 4899.62 34558.5 23694.4 35068.8 39990.5 43038 42591.4 43149.4 39642.3 48797.2 22527.7 26906.3 30186.5 35511.7 27745.3 27544.6 32570.8 31976.5 25444.2 18541 21593.3 24614.8 31921.3 19337.5 28955 22307.3 29924.3 19311.8 15807.3 23082.9 18410.3 24972.1 14281.5 16759.5 14660.5 19565.6 12082 18707.8 21720.7 17995.9 25113.4 23409.2 21177.7 17053.7 22074.5 10946.2 22962.2 20004.4 17594.4 15472 14839.4 12181.9 14240.2 26715.2 34580.3 16663.9 22819 34410.2 25037 27250.7 14817.7 27000.4 23627 12998.9 16240.4 5474.62 4748.99 23624.9 21143.2 
13000.6 17406.7 15104.9 21607.9 13303.7 12629.9 13209.3 14270.2 14417.7 19302.1 16710.4 17907.4 0 16389.2 22887.2 15285.9 11743.9 28095.6 33528.3 32090.5 46369.5 45211.1 52776.9 50421.9 53247.5 48809.8 50349.7 48106 48471.6 39729.3 40069.4 41988.1 43429.3 45792 48746.8 43549.4 57285.4 53688.3 56813.7 24146.7 30753.8 23409.5 23868.9 29124.6 21703.7 20909.2 21655.9 18255.7 26685.2 17958.1 38780.9 34000.2 30208.4 21793.6 28351.4 56409.4 58018.9 52378.7 30162.4 42124.1 50614.3 43002.8 47867 44951.2 23658.4 41409 40783.4 45078.7 36081.8 36615.4 15516.3 16932.6 18969.7 19046.5 16893.8 39789.9 41021.6 44420.7 28657.3 33293 45331.6 36882.1 33006 27442.8 20882.6 28837.5 80532.3 13111.2 73517.6 31629.6 35250.9 27451.9 46984.4 57034.6 95400.8 31496 34362.1 50812.2 56649.3 24836.3 17568 21757.6 28949.3 23090.5 22225.3 23399.8 25015.5 24591.3 24137.8 21692.8 22307.7 22253.6 23637.3 24405.9 19795 18423.7 21679.4 17057.2 21221.9 15180.3 15206.8 18279.5 12156.4 23487.1 17257 27520.5 28276.1 33453.9 27927.9 26984.4 28374.1 29055.2 26217.4 33465.6 34314.6 31573.4 26733.5 34979.7 33505.6 27957.6 30694.3 27665 30628.4 30796.9 30458.3 32522.6 28620.7 31680.6 31938.2 31708.1 16631 9502.39 14585.2 15410.2 16196.7 20359.8 51124.3 20956 31512.9 18179.5 30071.4 14899.9 12459.1 8662.87 19278.4 13369.3 16158.9 21739.2 24079.8 33058.3 36923.9 40547.2 39320.5 39361.1 36697.2 45212.3 15335.3 21980.7 24315.7 30163.1 20269.3 20322.9 28603.5 25860.1 32464.7 16972 25442.2 18350.9 25810 16693.3 24361.7 18709.6 25774.7 17744.8 17000.8 20478 18828.5 24101.1 12941.8 18192.4 17983.4 19695.8 15881 23468.1 22771.4 12383.8 16019.3 19822.4 18123.6 16635.7 18369 14277.6 14204.5 27098.5 12476.8 9780.97 10539 9292.01 8359.87 14832 23815.8 17526.2 12198.6 24995.4 14020.9 18416.5 12258.7 20044.3 22575.1 22006.2 25432.2 16023.2 17020.1 30773.9 29477 
26471.2 31163.9 27503.1 35624.3 21245.6 18867.9 20261.5 21147.9 24141.6 22673.3 18794.3 24065.5 16389.2 0 23156.6 26989.3 24780 31728.1 36290.1 33846.5 50792.3 50230.5 55066.3 54266.6 59307 52550.9 54488.9 51837.3 50383.2 42945.6 44397.9 47873.2 42701.6 51398.8 54148.2 51309.4 64562.6 61743 62889.8 33414.4 37736.5 30287.1 32354.6 29163.6 26806.7 24896.2 26059.9 20052.2 28003.3 19053.2 31699.8 32610.8 25785.5 17030.8 23463.3 57436.5 55503.6 46734.1 30022.8 39184.6 49525.3 42713.7 47149.2 40013.4 15941.7 38119.6 35130.4 39705.6 44543.9 48173.1 16410.2 16613.5 22180.8 33749.8 29382.9 38208.3 30144.2 44106 30105.2 29169 34844 43325.9 39297.2 33138.6 25793.8 35809.2 87761.6 9628.91 63217.2 31437.8 24281.5 19458.7 35206.9 43732.7 93611.6 22777.7 22804 36840.7 48078.9 21418.4 23683.3 31428.6 30580.7 32604.7 30845.1 27665.8 29538.7 30046.1 27555.1 28059.5 28790.3 28240.9 31583.7 29687 22007.1 21476.8 18889.5 21673.7 21925.3 22744.5 23961.8 22365.9 21525.1 26956.8 22725.7 28018 28423.8 36299.2 28492.1 27386.8 34385.2 30274.8 26129.4 33790 35018 32844.7 28272.9 35041.9 34071.2 28547.4 30579.6 28191.2 33312 31646.6 31535.5 34871.7 27612 32300.3 33682.2 32615.3 22552.3 18768.5 13062.6 22180.4 28231.9 29975.8 45560.3 19532.3 34876.6 30259.4 29664.7 26365.5 22080 19922.2 22984.3 25709.9 26390.9 28297.7 34036.1 32002.8 34107 39288.4 36058.5 39296.5 35628.7 47840.5 17827.5 20171.2 25424.3 27966.1 23637.9 28440 25822.6 25074.3 34085.2 27209.9 32685.3 30374.2 23116 22538.1 25081 24332.2 29678.9 21455.7 20060 25776.2 26035.2 27096 21247.9 23508 21681 27639 19462.9 25966.9 24692.5 20650 21342.2 22609.9 15110 25723.2 25192.7 24305.1 16792.9 33545.5 21328.1 18709.1 19435.3 22056.3 22797.8 24893.3 36219.7 17885.6 15955 24482.9 17514.5 21666.2 12900.2 20554.3 20559.2 19054.2 20793.3 22822.9 24695.9 22683.9 26944.1 
23516.3 19712.7 18742.6 22728.3 21000.3 20604.1 19613.7 18885.7 22218.7 9248.34 18324.2 7227.91 22887.2 23156.6 0 25435.1 21389.4 42829.4 47132.3 44746.4 33425 32204.1 35719.2 36916.7 41499.9 34146.2 35385.1 38066.6 29670.9 33917.5 27906.2 30439.7 31464.1 31858.6 35986.3 33584 46740.8 43921.3 44812.3 16500.3 20011.1 17017.7 14629.2 9061.76 8771.91 8625.64 7562.41 24614.4 26320.9 15610.1 35030.1 24511.5 27334.2 18742.2 21689.6 45977.8 55469.4 49043.2 8071.84 34758.6 50407.6 36021.9 41467.2 43255.6 25266.1 39185.5 45939.4 42551.7 37863.4 33042.7 19027 13156.7 11384 22839.2 17347.1 43439.1 34930.6 42484.9 26224.7 32051.6 38176 26881.1 23268.1 26176.3 25862.3 18566 97402.5 25340 83153.4 42619.2 39275.2 40737.8 50628.6 60150.5 114445 36383.9 41590.6 45987.4 64460.1 11117.7 15640 14996 11186.2 16617.3 14978.6 15818.4 12272.9 12584 10834.1 10833.3 12092.8 12552.4 14380.9 11760.2 12272.9 15741.4 24520.5 18786.5 10776.8 10890.2 13038.4 12227.5 15516.5 18108.9 15181.9 8086.55 10346.4 16530.1 7869.57 8279.97 16278.8 9096.18 5748.2 12592.9 14702 12402.6 8282.36 13058.2 12561.5 8162.02 8870.17 6783.68 13972 12323.9 11944.6 15337 10736.7 11668.4 13681.5 12574.2 12523.5 16945.5 15918.4 9629.79 12515.3 16417 64942 14810.5 35151.4 25684 45317.4 11679.5 13809 17483.6 9037.65 12141.4 10452.1 38487.1 28565.1 31686.3 35128.5 37705.3 37617 37421.9 33821.8 44870.4 25040 25880.5 34426.6 35961.5 30362 31301.9 34240.7 32788.3 18909.7 22201.6 21799.3 29664.7 32536.7 21140.7 28100.2 24423.1 30263.6 21796.7 16389.9 26223.8 21606.7 25497.3 17794.1 17549.9 19897.3 21754.2 14186.2 19867.3 23734.5 21278.4 30305.8 20996.6 19450.3 22011 26991.6 16855.8 27819.1 22508 19619.4 20438.3 19738.9 17111.5 18984.8 31680.7 39536.6 16949.6 26196.4 39216.7 29904.5 32079.1 18843 31126.3 26193.1 9517.25 11910.6 9668.82 9714.37 22716.6 24181.1 
8848.08 18278.2 15021.2 23727.8 22565.4 16733.3 19094 27240.7 20271.1 24973.2 28882.9 20642.3 15285.9 26989.3 25435.1 0 18299.7 37880.8 47120.7 40303.1 49451 48308 55354.6 54345 56067.7 51365.6 52015.6 53922.7 49797.8 47481.3 44332.1 45987.2 51347.7 47633 50064 43591.5 57600.7 53468.5 56756.2 25140.4 31814.6 29822.4 24928.6 31064.3 23603.3 22418.7 23307.9 19065.6 33945.1 14564.8 42656.3 40257.1 41423.6 25108.5 32289.5 48013.1 51737.4 53127.4 31736.2 44136.8 47066.2 38820.9 47184.1 49552.8 27037.5 41702.7 44042.2 45169.1 27153.4 37158.4 16555.3 22779.7 25841.8 18090.9 16193.9 32759.6 44166.5 32578.6 18591.8 28006.7 52192.5 32856.5 29430.2 18018.2 14890.9 26316.2 72356.2 25018.5 71412.8 28675.9 46173.1 27543.5 47273 54788.9 95348.4 31713.4 40265.4 61126.2 53614 32892.3 27398.8 22682.8 30217 23673.9 23042.6 30057.9 26150.6 25366.7 24927.3 22108.1 22745.5 23073 24508.9 24406.4 18383.6 17753.8 28942.8 17058.3 24391.1 21383 22199.4 23704.6 18853.2 30092.3 23614.9 29000.9 32127.8 34617.1 29136.7 28378.6 28459.4 30584.9 29961.5 34791.2 35394.4 34179.8 29091.1 36359.8 34776.4 30020.1 32772.9 29110.4 31757.8 31961.8 31629.2 33626.6 33665.6 32900.4 33097.2 32867.5 24202.2 13520.2 26362.9 20391.3 18193.1 21835.9 56536.3 31401.9 34014.4 25307.2 36322.8 18372.9 20846.8 19267.1 24883.7 17523.2 19143.3 29584.4 28668.3 32114.2 37388.4 33790.5 37663.5 31611.8 29458.6 36078.2 22944.4 22732.2 24362.7 29681.4 21370.5 15514.9 32243.5 23511.8 29925 9509.18 21822 13113.3 23980.5 18956 17930.4 19271.6 22674.1 14407 15245.3 21093 19007.5 19745.4 14882.3 15174.1 28508.4 20687.5 17299.4 24193.9 23547.3 12527.7 19148.6 14882.5 20969.5 27205.3 29333.2 20809.2 20929.5 28299.7 7167.15 17009.5 18719.8 13192.6 9946.98 13411.6 19143.8 25529.8 21430 22397.6 18497.8 18354.2 19969.9 33326.2 30705.2 28535.4 32351.3 23450.5 21692.4 42134.4 40506.3 
17340.7 15402.6 10338.1 14233 11333.8 10557.2 11990.3 14351.7 10215.3 17671.3 17016.3 16494.3 11743.9 24780 21389.4 18299.7 0 29296.2 34561.8 31939.7 45211.2 44341.3 50466.4 50151.1 52104.7 47616.6 48016.7 48951.2 46490.2 38148.9 39392.7 41129.7 42780.5 43837.6 46725.3 40565.5 54373.9 50558.3 53766.1 21960.5 28609 24035.1 21724.2 27549.1 19805.3 18980.9 19526.1 23360.7 24170 22570.9 41743.8 30233.2 30864.9 24728.2 31137.4 55695.3 63177.1 54660 28416.2 45191.7 54020.5 43805.4 47894.1 48630.4 27866 44643.9 48552.4 50110.9 34049.3 29568.6 22298.8 19794.1 12722.9 12972.6 10074.3 46826.1 43661.2 49202.4 32685.7 38977.8 43780.2 34777.4 32297.6 30923.5 26173.7 24996.1 81592.4 21261.9 80099.8 33048.8 39684.5 36564.4 53606.3 64535.1 102902 38672 41464.4 51292.4 60273.3 23795.8 16844.6 18582.3 26944.3 20426.4 19612 24684.8 22983.8 22177.7 21609.8 18961.1 19475.3 19691.1 21291.5 21388.3 23964.5 23697.1 22057.5 23514.9 20551.7 16980.5 17071.1 20082.6 13075.6 27490.6 22563.5 25575.8 27779.9 31439.1 25944 25084.1 25476 27077.4 24856 31561.9 32178.2 30139.5 24825.4 33130.1 31551.2 26143.8 29265.2 25783.6 28578.3 28783.7 28445.1 30403 26899.8 29703.3 29928.3 29694.9 15191.3 13562.8 18248.4 14229.2 13585.4 13946.8 53166.4 21063.1 29998.3 15138.4 33933.9 12111 10435 12733.2 18059.8 9680.75 14169.2 23988.8 16727.7 37166.4 41529.9 45397.6 44425.1 44558.6 41433.5 50433.4 21971.6 26173 30106.6 34506.1 27208.8 26268.4 32059.5 31587.1 35231.5 22219.1 28268.9 25295.3 31572.6 19780.9 28808.6 23454 29363.6 20843.2 20959.2 23660.1 20095.4 26129.7 17438.2 19566.4 17049.5 21542.1 17404.1 23876 25140.3 14558.4 24508.3 24731.4 23985 14364 16091.3 9642.02 15925 28107.1 17160.5 11185.5 9553.66 8833.62 10753.1 17976.9 23935.9 18050.7 20935 28674.8 18786.3 23614.5 18653.6 24474.9 22818.9 21425.5 23825.6 14988 16064.1 31575.7 29124.4 
35975.5 38091.4 35446.9 40983.8 24020.7 25892.4 24506.5 30404.4 23207.8 38979.9 29283.2 37480.4 28095.6 31728.1 42829.4 37880.8 29296.2 0 20800.7 12274.9 67067.7 65918.7 72251 71857.2 73842.2 69209 69541.4 70304 67865.8 56845.4 60855.2 62890.1 63308.8 65434.4 67874.3 61453.9 75307 71407.7 74654.5 42873.4 49477.2 45346 42591.3 48346 40450.8 39675.7 40285.4 36654 30472.6 39492.5 50822.5 36376.3 31717.9 35964.8 44903.8 80278.4 79604.4 68914.3 49356.6 62714.1 72099.3 68895.3 70874.1 63558.4 34631.4 56740.9 62821.1 62399.6 59002.2 58024.7 42126.7 35892 39905.3 40140.7 36073 60385.1 45829.5 67656.6 52274 53507.6 33011.2 58886.3 55033 50463.1 43562 49888.2 97806.4 30204.2 68758 51332.7 30506 40779.8 58595.5 63480.4 77252.3 45649.8 32540.6 37778.5 63124.7 45090 37107 40247.2 47844.3 41659.5 40942.7 46037.7 43733.8 43491.4 43051.8 39931.2 40921.7 40736.2 42589.9 42554.9 42848.2 41154.8 29959.3 39991.7 38871.9 37539.6 37416.5 38921.9 32898.1 46839.5 43899 46266 48956.8 52097.2 46637.5 45798.9 46165.9 47714.3 46047 52365.1 53056.5 50970 45508 53852.8 52239 46989.4 50142.8 46492.4 49355.2 49467.6 49122.6 51287.3 48206.2 50391.1 50602.3 50423.5 36369.8 32871.8 36983.7 35493.4 34337.5 39030.4 54481.7 41413.1 50152.9 39129.8 41562.4 33059.4 31334.1 29517.5 39535.6 31238.9 35059.7 44202.4 39321.8 50130.8 53571.1 60599.1 57809.7 60729.7 58185.4 67188.8 36208 36737.8 38080.1 41547.9 37877.8 41656.5 27666.4 39331.1 55541.9 40843.8 48563.3 43965.3 38449.6 36879.8 36452.3 39830.3 40974.5 35926.5 37494 38370.4 36277.4 39954.4 34643.7 38443.6 30434.4 41281.7 35611.6 42183.1 36796.6 34228.9 39391.2 42135.8 35980.8 24021.1 19171 26879.3 21356.4 52512.5 35140.2 24747.5 23390.3 27077.7 29178.1 34928.4 45780.6 25997 28380.3 25694.4 22496.1 25199.5 29806.5 31427.3 22016.5 38674 37222.8 35782.5 37124.9 38081.6 34787.3 
44180.4 44088.9 44319.8 46603.4 27629.2 32587.6 30896.2 29473.6 29115.1 41130 30545.9 41370.1 33528.3 36290.1 47132.3 47120.7 34561.8 20800.7 0 28590.6 69229.5 67752.3 75841.5 71862.8 75515 71464.3 74401.2 65337.5 72343.7 52395.1 62450 64861.5 53902.4 69281.8 73194.5 66876 80674.3 76751.9 80042 48509.6 55060 43976.9 48148 52741.6 45725.8 44962.8 45770.4 47215.3 34882.2 48752.8 60592.3 41129.3 29323.5 45015.7 54045.5 89052 90043.1 79381.9 53906.5 69350.7 82522.8 74145.2 77820.2 70325.9 45914 64662.6 66746.9 72354.6 67401.4 63218.2 46513.3 44316.6 43113.9 46968.7 42645.5 71216.4 58534.5 77035.5 61733.7 64055.8 46852.7 65502.9 61761 59927.8 52798.6 55659.5 110060 31685.7 69237.9 55402.1 29833.9 41873.1 48793.2 66706.1 76431.5 52420.2 31323.4 30033.7 66543.5 43700.4 34099.5 45431.5 52807.1 47202.1 46187.1 42202.1 49303.3 49125.2 48680 45539.8 46531 46338.2 48093.7 48021.4 50009.3 50204.3 36614.5 48055 46237.3 40050.5 41668.5 44296.6 36589.9 48553.9 44345.5 51601.5 50835.8 57652.1 52068.1 51023.6 51538.6 53165.5 49844.1 57515.1 58538.5 55376.5 50777.9 58851.9 57602.4 51822.2 54255.1 51609.8 54898.5 55001.4 54623.1 56732.9 51317.4 55795.3 56169.7 55982.8 37812.1 38746.9 37154.8 38972.2 39215.3 44550.8 56208.2 39337.4 56507.4 45100.4 44646.1 37660.8 33857.4 35106.2 41810.4 36886.9 38104.6 49068.1 44053.4 60388.3 64380.7 70710.9 68111.1 70877.9 68012 76676.2 40608 46468.7 49809 53937.7 48572.9 51866.2 42957.8 51752.8 63690 49564.5 56955.3 49069.6 50190.3 43535.3 46136 48330.6 50000.6 44926.5 45998.9 46304.2 42980.2 48938.6 42742.3 46529.6 28719.5 48364.2 43195.3 48462.6 44218.6 42453.1 44370.7 51896.6 46211.9 27263.9 22430.8 32051.4 32011.3 53668.6 44487.6 32919.2 29846.1 34583.3 38038.8 45875.2 55897.2 33235.2 34741.8 37348.5 32769.1 34105.1 36776.5 27879.9 29294.6 42457.1 41669.8 39077.4 40397.5 38766.1 29543 
39485 40563.6 39979.3 43005.8 25844.4 28094.7 27577.3 33692.2 25138 41334.8 31963.8 39818.3 32090.5 33846.5 44746.4 40303.1 31939.7 12274.9 28590.6 0 69089.2 68054 74363.5 73992.4 75982.8 71349.5 72253.4 72829.7 70395.2 60000.1 62990.5 65025.3 67006.8 67734.6 70712.7 64527.4 78364.9 74403.4 77693.4 46046.2 52679.6 47664.6 45805.3 50952.1 43515.5 42739.5 43436.7 36415.3 33241.4 41658.9 52320.2 39891.4 35750.8 34093.9 43529.5 84342.3 79394.5 67371.5 52013.7 59098 72102.4 72236 70585.4 62285.4 35339.5 60661.2 62340.2 62193.5 62627.9 59896.7 45554.3 39073.4 41897 42921.6 38616.6 59127 40239.1 67547.9 55114.1 52668.2 26577.6 61933.5 58191.6 54099.3 45785.9 52136.2 97014.3 32906.8 68827.4 52144.2 29617.1 39330.5 61616.9 62242.4 74199.7 43868.7 33900.5 38639.7 64012.5 47893.2 40800.2 42798 50780.7 44697.6 43720.4 48674.5 46960.6 46600.3 46155.1 43022.3 44000.3 43807.6 45624.8 45490.7 46463.9 45269.3 30897 43621.4 42310.3 40451.6 40258.6 41554.4 35416.3 50521.3 47430.5 49378.2 51266.1 55369.5 49819.3 48800.2 49250.2 50941.6 48313 55297 56229.9 53395.8 48541 56787.2 55379.1 49789.1 52535.9 49472.6 52555.7 52689.7 52349.8 54437.8 50654.9 53572 53858.7 53640.1 38789.1 36255.9 39876.7 37739.4 36983.8 41208.6 53197 44042.3 52943.2 41543.3 46183.1 35481.1 33855.7 32238.2 42050.5 33406.4 37304 47485.2 41650.1 49712.4 51122.8 60351.6 56628.8 60481.7 57844.1 67750.1 39268.3 40719.6 36661.9 39421.3 35816.7 40873.1 23611.9 37374.9 59728.5 42929.1 52902.3 46104.2 43080.4 40250.6 40118.7 42318.9 45657.1 40162.6 41946 42298.4 39410.8 44987.4 38716.9 42686.8 34028.5 44676.9 39502.3 45121.3 40498.1 38726.2 38048.7 43077.7 35416.8 27921.5 23450 29771.8 19830.3 54868.9 37939 25592.4 25996.4 30019.1 30624.4 34095 46133.1 29101 30603 24638.2 22629.2 25242.6 30904.6 35294.8 23770.9 40237.3 38930.9 38102.2 39396.3 40965.3 39222.5 
47591.5 42549.3 43184.8 46787.2 44443.4 43959 42727.5 40033.4 45698.8 32499.1 39991.2 30834.1 46369.5 50792.3 33425 49451 45211.2 67067.7 69229.5 69089.2 0 18301 13553.8 27666.3 20270.1 10194.7 15436 49673.1 20660.7 36745.7 8975.13 14892.6 52973.2 14484.1 47067.4 38963.6 55779.1 48332.3 54752.3 28520.1 32696.3 30393.7 33633.4 30224.5 36786.5 36440.9 38191.5 48118.8 46760.9 48142.5 55564.4 51707.9 50532.7 46361.1 47938.3 66218 78041.1 74531.9 33810.2 55892.7 73349.4 54256.5 56808.5 62784.5 54742.9 59261.4 69332.1 65985.9 65183.9 56200.4 46871.9 44234 40004.4 45882.9 40256.8 63784.4 55967.2 61015.9 52267.6 52086.1 56048.1 54915.9 49666.1 52404.1 49128.2 44739.5 120891 47349.5 93995.4 67963.2 53617.3 64990.4 64776.2 88180 134097 51648.4 61080.8 63266.4 84395.6 32535.6 37423.8 28785.6 26830 28402.6 28333.8 32654.9 31629.4 29389.7 30539.2 33844.3 30059.1 31910.7 27835.2 34098.2 42560.3 40073.2 48147.2 41892.2 43642.6 31774.2 31336.6 31114.2 39844.4 29607.7 35270 37975.3 27561.5 47510.5 35745 37464 39538.9 39513.7 33573.4 43110.5 43588.8 44025.4 37939.3 38466.3 42127.2 34579.7 36229.2 37182 40070.2 40794.7 39976.1 43090.9 40659 42558.6 41044.4 37273.7 32609 39408.7 39848.5 33006.4 35539.5 42171.8 80497.9 32666.7 62626 47086.1 67406.1 34954.4 36873.6 40128.8 33009.4 36956.2 33411.3 60881.3 51271 64490.3 67995.3 70483.4 66975.5 69779.3 65445.1 77807.6 44885.2 54801.9 55409.2 64908.1 55275.1 54755.2 62279.4 61731.7 42250.3 45915.9 47898.1 51041.3 59721.1 47625.9 58000.6 51436.3 59407 47962.5 45147.3 52236.4 46135 52950.3 42354.2 44695 43273.8 49107.6 40691.8 46456.2 49888.9 44789.1 51910.3 49131.1 48507.1 46085.4 51096.9 40815.7 52376.4 38718.9 47274.5 44779.2 44321.3 41218.7 43321.8 55280.7 63052.5 43809.2 48698.6 63693.6 54337 55708.4 43398.9 50092.8 51475.1 36742 38838.1 33845.2 31931.6 40248.1 42234.3 
