241 241
0 19618.2 9456.78 19117.2 22846.8 31922.3 27440.9 31543.5 19442.3 19363 18323.5 18264 23760.5 19452.9 20487.8 32567.8 21857.4 24414.4 28713.9 39137.1 45220.4 29378.7 39771.9 46070.4 48694.7 55562.4 50836.1 51263.5 47045.5 53050.9 49512.8 47647.3 43791.2 42740.7 44901.3 49235.3 47050.3 50270.6 45198 58290.5 54569.4 27765.6 25862.4 25499.9 28161.6 30325.5 31638.9 29169.4 49667.3 36361.9 38217.2 33715.1 50510.8 40168.7 54922.8 46446.5 31294.1 37986.8 47787.7 34845.4 51627.1 36307.3 41301.5 39607.3 28694.4 26157.9 18512.3 27732.7 18114.5 18723 51093.3 50415.2 46250 51832.2 51634.2 22222.5 17347.2 39638.2 27716.2 31796 22287 19895.3 77224.3 31671.5 49051 37614 58429.1 82659.9 57069.5 36403.5 50171.6 62165.2 29769.5 25052.9 23383.4 22271 29952.1 24194.1 28171 26185.9 26681.6 25717.8 23928.9 23003.8 23803.7 23714.8 24927.5 25461.3 26493.2 30468.2 22359.7 19196.2 20148.9 24378.1 13412.6 30382.6 22245.8 27899.8 25089.1 21407.9 28709.4 35198.5 29297.3 28171.6 29447.6 30485 28615.4 34500.2 35746 32021.9 36012.5 28975 31443.6 28702 32244.9 32348 31993.9 37426.7 34012.1 31305.6 33622 19512 32073 18682 27345.3 24727.8 18525 20990.4 17017.8 19612.6 48923.7 15720.3 22493.1 28587.2 20298.4 28447.4 21477.2 23660.1 31421.5 15689.4 17516.8 16381.8 22690.5 13937.9 18774.6 18149.2 15317.4 14314.1 17301.5 32155.1 45991.1 53036.1 52515.9 51319.8 48341.1 24402.5 25884.1 37210.4 41932.2 33574.4 32189.1 32854.3 31883.1 39244 30718.4 34504.7 26529.1 24335.3 19611.4 26378.2 24954.2 27931.8 16095 28976.7 28424.8 18309.6 19565.4 16913.9 17167.2 14097.7 12157.9 21093.9 33052.3 29183.4 30846.7 33554.6 30215.7 31540.9 20359.8 15366.2 25333.4 18281.8 21292.1 21696.2 15088.7 20301.6 18691.4 18074 17379.2 24623.7 23320 22902.9 23205.3 37493.6 34358.4 28025.6 35782.3 29089 26108.9 32731.5 31944.1 29904.3 32175.6 28241.8 27376 25719.6 25577.3 15506.2 16360.2 33194.4 33917.8 
19618.2 0 18018.5 14788.8 24091 42133 42212.5 40892 19276.2 20128.6 18180.1 18739.6 24968.5 18918.3 13000.6 26471.2 8848.08 23605.4 27897.8 35975.5 44180.4 28407.2 40547.9 44905.7 47591.5 54485 49877.1 50721.7 45945.4 50896.5 48956.8 46066.3 43468.9 41421 43292.5 47283.9 46393.5 49187.5 43793.4 56935.8 53144.5 27205.1 24679.9 24395.7 27503.8 29711 32212.4 18988.8 46018.5 37315.2 39013.9 29542.5 48464.9 48865.5 59055.9 59083.7 30652.7 49870.5 37447.3 37864.7 53041.9 43780.6 46893 50753.1 26253.1 37719.4 19395.4 18466.8 17983.8 19158.7 36504.7 47888.2 33810.9 36025.6 53358.6 35449.8 31791.3 24098.9 19873.4 18609.5 26066.4 28809.9 76593.3 32177.7 46464.3 37111.5 48361.7 85086.9 57231.1 33947.6 41788.1 62756 28747.2 24103.7 21667.7 21624.2 29294.2 23190.3 26907.1 25528.1 25624.6 24678.4 22833.8 21690.5 22598.3 22421.2 24081.9 24145.7 15981.1 30367.6 15837.1 17126.6 19013.2 19820 15221.4 26154.7 19449.3 26861.7 24376.6 20232.5 28005 34104.8 28446.2 27427.1 28137.5 29730.5 26854.4 33883.4 34786.2 31464.3 35420.7 28405.5 30948.8 28129 31205.4 31400.1 31050.8 36376 32980.6 29693.3 32569.1 18699.7 30736.3 11930.5 24783.4 28731.9 17467.8 21122.3 15804.1 22324 58387.5 15091.4 21681 28329.4 19865 37451.8 22828.1 24271.5 37566.6 14657.8 16249.4 15764.5 20759.8 17028.7 18862.7 19493.8 15826.5 13786.7 16303 30318.4 36964.9 37960.4 40970.2 36412.6 34722.7 24101.1 25902.9 28404 34127.3 24876.9 26818.9 27320.3 21119.4 28675.5 20733.1 28920.5 14423.2 9497.49 19375.8 22211.6 10154.5 30781.5 18343.6 20524.1 17551.3 23315.2 15800.3 23052.9 21829.9 21680.5 25827.7 11280.8 18861.9 16023.6 18845.7 17602.7 24301.8 19268.4 21417.9 16513.4 23677.7 14679.6 27633.4 9903.34 19469.5 17280.3 17743.7 14118.4 11337.5 17346.7 23882.1 23306 20722.5 41301 32193.3 21683.5 25795.9 21259.3 21481.6 31865.1 31886.5 31761.2 31997.9 15130.6 26646.3 25860.2 20419.2 16852.4 13028.9 32146.5 35350.2 
9456.78 18018.5 0 14142.1 16349.9 35351.3 29534.4 32668.6 17336.1 15275 16446.9 15821.2 21965.7 14622.7 17406.7 31163.9 18278.2 19042.9 25411.8 38091.4 44088.9 24765.9 37458.4 40296.2 42549.3 49389.4 44871.7 45019.2 41077.7 48164.1 43520.1 42178.2 39995.9 37313.4 39247.9 45466.5 40878.8 43985.6 38865.5 52163.5 48238.4 22504.5 19526.2 19571.2 22483 25093.4 27827.5 25751.5 44684.3 32309.9 34535.1 28687.4 48493.3 40779.2 56095.1 47762.3 25493.3 38264 42717.9 30368 47498.8 38277.5 45073.5 42399.5 28454.2 23404.2 16852.7 24504 12168.6 13011.1 47080 46939.3 40522.4 46968.3 47863.8 22279.4 19797.5 34953.9 24104.8 26597.4 14283.5 13882 79966.8 33529.2 46950.5 40567.4 57756 88271.3 61619.2 35911.4 48904.5 59451.5 26391.5 18323.7 19990 15670.7 24078.6 17801.8 23418.2 20501.9 20856 19105.2 17351.7 16667.8 17070.5 17378.6 18539.7 19128.7 23454.2 27941.8 20333.9 15980.5 16697.1 21044.9 11010.8 27638.5 20103 23335.7 20559.3 16702 23474.9 29857.7 23545.3 22762.7 24019.9 25592.1 24053.3 29109.7 29849.4 27273.3 30725.6 23641.2 26699.6 23837.4 26412.5 26766 26491.1 31814.3 27823.8 27180.5 28051.4 15872.7 29997 15810.1 24494.4 21085.2 13404.5 18573 12298.1 12845.8 53780.1 10958.9 18137.9 23691.7 16019.7 26171.8 19584.4 19280.2 34427.3 11398.1 12742.5 13496.6 18378.7 9985.63 17865.4 14020.8 11531.6 10360.7 12754.7 27439.3 42047 49457.7 48863.2 47883.3 47069.6 20873.7 22482.9 33294.1 38418.1 30174.1 28180 29434.1 28266.3 35023.4 27145.6 30853 23746.1 22509.9 18870.3 23361.1 24617.2 23998.6 15310.6 25957.7 28472.5 18192.3 16879.2 16408.9 13614.5 13183 13516.9 17787.2 30670.9 26974.3 27660.2 30816.5 26719.6 28938.1 18100.1 13124 24366.8 14725.6 17472.5 18598.3 11339.4 16016.2 15387.9 14318.8 14101.5 19338.7 22586.9 21988.7 22079.7 34674.5 35087.8 27169.7 34760 28050.1 22627.1 31756.4 33319.2 28439.4 26747.6 26706.1 20868.8 24887.9 25256.9 14536.7 15311.4 29957.9 30961.9 
19117.2 14788.8 14142.1 0 13990.9 42216.8 34207.6 36161.7 18595.6 14346.6 15961.9 16185.4 23786.8 14250.2 15104.9 27503.1 15021.2 18677 25379.1 35446.9 44319.8 23750.6 39870.1 40349.4 43184.8 49868 45319.7 45741.9 41259.9 47525.5 43539.6 42810.4 40863.6 38103.5 39896.8 44703.4 41579.9 43786 38081.8 51380 47498.1 22063.4 19024.3 18839.6 22225.7 24626.2 29264.7 19655 43212.6 34066.1 36289.6 26384.8 46959.6 46365.5 60876.2 54864.7 25471.5 46698.6 37515.3 33657.4 46266 45146.8 51689.3 49487.2 25799.2 25593 18708.6 22555.4 9045.24 8182.61 45662.7 45916.1 36988 42989.8 49568.6 30260.5 27648.2 30144.9 24863.7 23872.1 14029.9 21413 78727.2 35181.3 45875.1 40289.7 56990.3 88337.1 67632 40303.2 44986.8 59212 26212.3 18598 19814.7 16184 23956.7 17462.5 22741.9 20266.4 20049.5 18673.6 16867.4 16017.5 16526.3 16817.8 18323.9 18363.9 19832.6 27499.2 20212.7 14735.5 15657.2 17769.5 14141.9 23584.6 21055.7 22308 19968.2 17398.9 22590.1 28504.8 22969 22110.4 22431.6 24119.3 23382.8 28586.4 29217.2 26309.5 30156.6 23224.8 25693.8 22804 25630.3 25832.8 25494.3 30800.9 27426.2 26988.2 26994 17395.5 35112 11280.6 23026.9 24263.6 13891.1 19536.2 11829.4 11943.4 56318.1 12770.4 19446.8 25740.2 17160.3 28323.3 20257.6 17940.3 36987.8 11531.2 11501.4 14286.2 18204.1 11889.9 21082.4 16496.8 13026.9 9945.65 11663.8 23812 36339 43057.7 43204.9 41797.6 44641.2 23607.8 23810 29177.8 34196.9 26072.9 24308.2 26265.5 24857.3 29535.7 23378.2 28537 18760.7 18840.7 22274 21267.4 23994.5 28513.9 19907.9 22805.6 28223.4 23294.9 17129.2 22726.9 19389 20776.5 23158.6 14274.4 26516 24842.3 21964.5 26309.7 22978.2 24748.2 20609.5 14369.3 23470.3 15470.9 25480.5 13610.3 14782.3 15250 15424.2 11382.2 10588 17438.6 22914.7 21099 24298.3 36384.6 40625.8 23866.5 30737.1 24640.4 19225 30725.5 36998.6 29132.7 26396.1 26245.1 20308.4 25189.4 24748 16629.7 18493.7 29796.6 33676.7 
22846.8 24091 16349.9 13990.9 0 42999.5 25503.4 30315 20339.1 18436.4 19764 19258.1 24331.7 17846.1 21607.9 35624.3 23727.8 22809.3 29256 40983.8 46603.4 27714 41510.8 44259.8 46787.2 53896.4 48964.5 49268.1 45028.3 51352.6 47537.1 46698.3 44947.9 41157.6 43607.1 48688.4 45501.9 47772.2 42141.8 55448 51702.8 25978 23142.6 23038.1 26185.6 28555.3 31330 28004.5 48737.8 37218.9 38274.7 30809.7 47176.2 47527.8 62777.7 53141.6 29463.1 47334 36487.4 36585.2 42779.7 51530.4 56886 54592.3 28231.8 19396.5 26603 31142.8 13908.4 15880.3 54069.4 51219.3 45391.8 51545.1 51925.9 28319.7 30290.2 38542.7 33615.6 32318.3 16773.8 20455.2 74722.3 37158.7 51141.2 44916.8 65876.1 84526.5 73186.9 46878.1 52892 62718.9 30156.8 22650.5 23101.2 20216.7 27995.9 21554.1 26357.2 24268.3 24096.2 22874.9 21012.1 20092.5 20730 20819.4 22415.5 22426.5 28334.5 31982.2 28622.6 19847.8 20321.2 24490.7 19430.4 31258.8 27423.4 26136.2 23343.5 20082.2 26615.6 32551.5 27012.9 26095 26449.1 28159.4 27347.4 32572.8 33308.8 30251.6 34141.1 27150 29640.5 26794.5 29677 29881.9 29543.4 34847.6 31516.7 30933.9 31040.7 20097.4 40916.9 19878.1 28396.1 23770.5 17161.5 27392.7 15243.8 16117.1 56306.5 15035 21791.2 27973.1 19384.1 30832.4 23856.3 21200.8 40549.7 14945.4 14861.1 16320.2 22181.3 14613.5 24657.3 20867.4 15175.3 12678.5 15362.5 23778.8 43420.8 51064.6 50957.6 50205.3 54384.7 29474 26670.6 37283.5 41706 34154.1 31357.8 33650.1 32900.6 37879.4 31428.5 38292.1 25576.8 27188.6 30085.6 24281.8 32435.2 35267.8 23820.9 33115.8 36792 28711.4 24921.5 27733.8 23326.9 24707.7 25399.8 23440.1 33594.7 31904 30496.1 34812.5 30866.2 31948.5 22516.1 15775.5 29502.4 21527.1 29633.9 22309.4 21908.3 18383.9 17740.5 15180.4 16891.5 21625 26275.1 24834.6 29800.1 38412.1 46341.9 31578.5 38579.9 32754.5 25935.6 35927.1 39906.8 33053.1 30340.4 33286.3 24382.8 28740.5 31731.5 21891.1 25429.8 33530.8 36062 
31922.3 42133 35351.3 42216.8 42999.5 0 25987 44038.4 50967.6 48581.2 49732.3 49262.6 49201.8 40434.4 46191 51711.6 43853.5 41434.1 47978.6 69706.3 76348.3 45071.3 68377.1 65546.3 67809.2 77003.5 69525.2 69618.4 65638.2 74460.8 66437.3 69247.4 69276.3 62018.4 65747.4 69030.4 67390.3 71230.2 67116.4 81609.5 78790 44254 49706.4 49132.3 44425.6 46104.8 60813.1 46094.3 70255.1 61045.8 62997.3 53394.2 50058.1 36943.5 42090.3 42317.2 47089 42667 54550.4 55765.3 53629 43899.2 41509 43021.2 36819 43765.1 39098.9 43493.6 37398.5 43971.9 64587 71133.1 61444.2 64630.4 73418 28027.6 29914.6 54645.6 40423.7 48424.8 44129.8 33939.7 59833.7 41434.9 71732.8 40663.5 72233 79165.5 63080.1 52691.1 72496.4 82117.9 47704 50040.6 46830.5 47803.3 47036.5 48452.5 46613.9 43434.4 46061.9 44117.4 44711.1 44941.1 44863.5 44210.7 47614.9 46851.8 40484.7 56101.3 37464 40227.1 41581 42568 41550.9 47859.7 39409.6 43592.7 43499.2 44330.3 45362.1 53808.5 46246.9 45195.4 51631.1 47446 44714.4 51096.8 52783.8 47861 52228.6 45095.6 47574.7 45204.9 50914.8 49456.9 49194.7 55184.1 52431.6 48811.9 51341.9 43835.3 49698.8 43937.5 47111.8 47108.2 41279.5 41282.4 43393.1 43759.2 57015.8 43101.4 47188.8 49047.3 43123.7 42726.7 46127.1 46181.3 44016.6 42572.5 43664.1 44179.2 43910.6 41172.7 46533.9 38599.8 42541.9 41375.1 41251.4 53680.5 65720.4 68720.5 69284.8 66142.9 56423.3 43550 38865.3 63705.6 67513.2 58294.8 57943.6 60373.9 56646.5 62935.9 56336.7 47246.8 47846.1 42361.7 28367.2 46278.2 44081.7 45205.5 33603.9 44468 48543.9 34550.9 37398.7 34938.7 42499.1 31236.9 32668.5 43007.4 55176.7 44967.5 46479.8 46961.7 48808.1 48869.1 50667.9 46318.2 55639.4 44249 37050.3 41937.4 29915.3 48253 48520.2 44652.8 43675.2 45404.9 40249.2 45799.4 48160.1 60291.5 59480.2 57099 64884.9 57872.5 48557.5 58830.2 46561.6 55745.5 47829.6 46469.7 45284.1 55899.4 54849.8 45088.7 43910.9 51066.2 56496.5 
27440.9 42212.5 29534.4 34207.6 25503.4 25987 0 22900.8 44510.6 42963.7 44601.5 43672.3 42185.6 34747 41850.5 50693 43358.3 35883.2 43352.7 65525.7 69714.3 41341.9 60901.7 60465.7 62826.5 71037.4 64934.1 65944.8 60978.9 68121.5 63008.6 63675.5 62582.8 57109.3 60420.4 62624 62665.5 66165.6 61865 76476.6 73657.1 41046.8 44207.6 44004.1 41413.7 42958.6 55029 45551.2 67708.3 55328.3 56710.1 50381.9 40881.7 38394.9 50666.2 40320 44028.6 40215.7 42378.2 51964 41438.1 50193.8 44309.4 45201.5 29319.4 25510.1 38032.8 43180.5 29836.5 33575.6 68386.8 69172.3 62099.2 67759.8 70139.4 22381.5 26754.9 56435.8 43984.4 49394.8 34364 27764.2 61511.4 35675 68316.8 40601 73684 71180.6 67436.1 52897 68890 78092.8 43316.9 44237.6 40152.7 41932.4 44021.3 42997.1 41317.7 39964.9 42331.4 40197.4 39552 39808.3 39720.6 38963.8 42384.9 41600.4 42063.4 51675.5 39116 35205.6 37122.2 39368.3 35722.8 45518.6 38164.5 40076.9 39421.6 37769.5 42441.9 49917.7 43326.7 42274.9 46557.1 44538.1 41365 48176.6 49805.4 44783.8 49326.1 42198 44678.8 42291 46921.5 46536.4 46232.5 51919.4 48533.4 44972.9 48093.5 36694.6 47311 39376.2 43302.1 30810.3 35030.1 38001.2 37707.2 36089.7 47236.5 36609.2 40440.1 44275.3 37168.1 32541.2 40848.9 38085.2 39375 36575.3 37895.9 37251.7 38057.8 35831.3 40671.1 36445.7 36031.4 35443.1 34863.8 38151.9 63138.6 69897.6 69164.5 67921.5 62677.9 40683.2 37634.9 60760.1 64357.5 56018.2 54542.7 57040.7 54409.3 60536.5 53021.4 49228.9 44438.3 43340 33532.9 42151.1 44433.4 41876.3 35202.6 42943.7 49809.5 34986.1 38589.8 35589.6 38999.1 31969.9 30806.7 42698.8 51912.5 47030.5 47516.6 50145 47869.1 49449.9 44147.7 40083.6 51930.1 41526.7 31522.6 41277.9 29285.4 42904.3 42912.6 40086.7 39893.7 41900.3 33482.1 43198.6 44680.4 53117.5 57233 54280.3 62487.2 55062.6 43902.3 53844.5 43455.9 49943 44538.9 49530.6 41810.1 50489.7 52351.1 41192.9 40416.9 46949.4 50683.4 
31543.5 40892 32668.6 36161.7 30315 44038.4 22900.8 0 43036.2 45097.2 45027.4 42812.9 42782.3 41137.3 39048.5 50619.9 44561.6 43402.3 46103 62466.8 64839.8 50669.7 55937.6 66027.5 68005.6 74883.6 70585.3 73596.8 66540 70258.9 71169.6 66735.8 59276 62051.8 64043.9 64152.7 67949.3 74938.3 69944.8 83031.2 79314.6 50072.2 50530.1 50121.4 51392.6 52402.6 55433.9 52914.3 75317.4 59806.3 58758.8 59195.6 44771.1 51604.7 66154.3 58007.1 53900.4 53978.5 41412.4 56876.9 47252.3 62732.2 54202.6 62779.8 34223 28372 42499.4 44768.2 32637.9 36280.8 74578.4 76292.8 69048.9 74830.5 77047.6 34369.6 39988.1 62706.3 51365.4 54741.4 39376 36867.1 63777.2 38667.4 65868.5 51661.9 72811.2 68248.6 73934.2 55473.4 66438.3 78562.5 44724.5 49417.4 38704.1 46638.4 52728.3 48801.4 47475.6 48870.5 51388.7 50044.3 48355.5 47744.5 48168.2 48440.6 49182.9 50208.1 47873.5 54436.6 43614 37366.4 39239.9 44391.2 34647 47699.7 36828.3 49615.1 46407 41463.8 52850.6 59965.8 53735.4 52574.9 54294 54945.1 50202.1 58585.3 60127.6 54411.9 59489.4 52207.9 54894.3 52693.4 56982.3 56829.1 56482.5 62141.5 58622.2 52535.4 58334.6 39074.8 45715.4 38535.1 43055.4 27490.7 40840.1 39307.9 41812.2 41070.4 48989.7 39644.2 40691.7 44232.9 40074.4 40798.5 40639.2 38429.1 40092.9 40010.4 42353.5 37582.2 42416.5 39161.4 38202.3 37838 40273.7 38699.1 38927.6 34833.6 70446.9 76669.5 76248.3 74616.2 71313.2 39984 44100.2 61775 67183.3 56739.2 57448.3 57223.6 55589.7 63651.7 54525.8 56126.3 45645.9 45760.6 43574.8 44457.8 41881.9 42347.7 40117.9 44872.9 52938.4 43603.6 43951.8 42951.7 43011.8 40155.5 37533.7 40781.5 49144.4 51613.7 54073.7 57157.1 54443.9 53036.3 42287.2 39950.7 49775.8 41686.7 37998.7 45077.8 36082.4 45489.9 44433 42711.3 41492.7 42255.6 39023.1 48291.8 43529.4 53191.6 53407.9 51505 60262.4 53751.6 46217.9 49521.7 43813.1 52361.6 53898.5 52346.3 51872.7 48124.9 48048 38466.8 35248.7 48166.8 50961.2 
19442.3 19276.2 17336.1 18595.6 20339.1 50967.6 44510.6 43036.2 0 9527.5 5747.35 4983.37 8635.19 15838.9 13303.7 21245.6 22565.4 20421.1 22217.3 24020.7 27629.2 25780 30572.4 41912.9 44443.4 51321.4 46883.7 48006.5 42811.5 47578.6 46195.2 42856.6 35622.3 38167.3 40062 42276.2 43515.6 46492.6 41038 54217.2 50390 24626 21931.7 21714.8 24885.5 27085.5 14284.2 25643.3 39394.3 21797.9 20581.2 24248.6 63117 48584.8 66979.8 57571.2 27955.8 47227.7 50571.5 25890 54980.4 41528.5 49589 50886.9 41831.8 36184 17543.6 25311.1 22432.3 20869.5 48292.1 39760.5 40992.5 48014.8 35609.9 38195.5 34536.7 36291.4 34201.9 28607.4 24095.5 28181.5 89432.8 35287.2 31787.9 50195.2 50477.2 88755.1 59589.2 33515.8 33650.7 44957.3 22986.6 21384.3 17222.3 18551.2 26675.9 20410.4 23828.4 22938.9 22980.8 21888.4 20025.6 18942.3 19785.3 19669.2 21335 21325.4 26291.9 16514.2 23370.1 16730.4 16943.7 21529.6 11240.3 27492.1 23244.6 24355.5 21731.3 18132.7 25473.2 31488 25862.9 24878.5 25540 27504.5 24113 31374.8 32082.3 28960.4 32873.7 26026.7 28452.6 25824.6 28561.6 28756.3 28420.7 33946.8 30290.2 25853.3 29925.3 13729.3 28740 14669.3 17655.2 30119.5 13076.2 21614.8 13487 17705.9 52088.7 11195.1 15011.7 18807.1 12455.1 34109.2 12048.6 20958.2 32434.8 11980.8 14073.2 9550.3 16719 11003.9 12508.1 14701.7 9329.67 10887.6 14374.6 27870.6 39048.5 47610.4 46387.7 47866.3 53425.3 22968.2 25932.1 29117.4 33463.8 27240.2 23713.8 23074.8 28502.4 31479.7 26168.1 37079.8 21586.4 25722.6 30951 19504.5 27563.7 29198.2 18306.3 28440.9 21901.1 26103 19776.4 21542.3 17132 22258.2 21828.2 17240.7 26072.4 30490.6 28816.1 32641.1 24649.2 29042.8 8009.72 7511.36 16569 16004.5 29970 20781.8 25138.8 12203.8 8856.07 12246.9 14707.9 24112.3 33255.2 11361.8 17766.1 22843.6 30747.7 14044.1 22347.7 16387 16554.4 18618.4 32125.3 16338.3 29074.9 30352.4 23824.1 11219 16429.8 11398.5 16221.1 25889.3 20604.9 
19363 20128.6 15275 14346.6 18436.4 48581.2 42963.7 45097.2 9527.5 0 6338.42 8974.72 14953 15379.3 12629.9 18867.9 16733.3 19808.3 25450.4 25892.4 32587.6 25475.6 37380.7 41580.7 43959 50935.7 46198.6 46727.4 42357.4 48866.6 44890.7 43553.9 40051.3 38894.6 40659.2 45646 42520.3 45125.9 39488.6 52788.9 49087.4 23961.7 20437.7 20362.5 23796 26187.1 19237.3 21314.4 32329.7 27791.2 26671.4 17466.9 57602.7 42819.8 58145.1 48322.8 26816.7 39339.9 46730.5 29199.8 48235 36544.4 45148 41943 37057.2 33890.9 15020.9 23259.7 18804.2 16927.4 40408.2 33645.2 32743 40849.5 36496.5 34256.5 30861.6 29823.1 28559.6 21819.5 20406 24278.4 81658.9 34963.9 33413.8 43083.1 48421.8 87036.7 59416.7 31146.4 35498.4 45708.6 26272.4 19688.6 21697.3 17123.4 25385.5 18885.2 24702.1 22048.7 21581 20087.1 18280.9 17414 17932.4 18299.9 19746.6 19755 23650 14317 20944.8 18119.5 17506.9 20217.1 13350.2 28121.9 24998.3 24256.1 21527.5 19273 24489.8 30454.6 24504.6 23677.3 24144.8 26530.9 24674.1 30169.3 30709.9 28253.5 31650.4 25259.6 27651 24954.1 27168.3 27386.4 27116 32714.9 28847.9 27391.4 28550.3 16673.8 27424.8 13066.8 18187.1 27434.7 13803.3 18243.8 13879.9 14518.5 52390.1 12483.7 17124.4 21965.1 14640.8 27359.1 15363.6 17896.8 32496 12793.4 14027.4 13527 18673.6 9175.24 14057 14356.5 10278.6 11373.6 14938.3 24645.8 32721.8 41940.4 40647.9 41821.4 50969.1 17905.2 19995.5 22742.7 26918.2 21345.5 17305.6 17701.9 22478.8 24665.1 20605.6 33590.6 19075.4 23073.4 28765.8 19297.9 28030.4 29424.8 16288.4 26838.5 24339.5 18836.5 17155 16606.1 12592.2 19573.8 19683.8 16063.5 24578.9 25585.3 24156 28014.8 18644.5 24568.9 16013.2 11914.2 14867 10563.9 28594.2 16633.5 21405.3 7118.48 5343.27 8632.31 11768.3 17174.2 26999.1 13617.3 15921.8 24646.8 32483.9 14612 21704 16506.8 11709.2 21206.6 30389.9 16746.6 27737.9 26827.7 21707 13870.7 16750.4 13942.5 17365.7 30426.8 28751 
18323.5 18180.1 16446.9 15961.9 19764 49732.3 44601.5 45027.4 5747.35 6338.42 0 6641.95 11750.8 13715.1 13209.3 20261.5 19094 19752.4 22988 24506.5 30896.2 23868.2 33536.3 39665.6 42727.5 49427.8 44770.4 45331.6 40910.9 46564.6 43560.5 41347.5 37310.5 36591.5 38657.4 42959.2 41072.1 43619.3 37873.9 51147.1 47266.4 22411.6 18777 18512.4 22034.6 24307.7 16484.1 21512.7 34459.1 23497.4 23792 19003.9 59005.5 45767.3 62745 53361.2 25071.6 43816 47797 28255.9 51387.6 38041.4 48880.5 46863 38638.6 35540.5 14729.9 24088.2 20746.3 18590.2 44009.6 35654 36768.4 43669.9 36806.9 35587 31834.7 31851.8 29675.1 24385.1 21944.2 25955 86699.6 35842.1 33007.3 47468.9 51522.2 89319.5 61730.7 32483.8 34975.8 47634.3 23410.4 18585.9 19209.8 15982.9 24078.9 17535.4 22906.4 20694.5 19659.7 18955 17094.6 15806.7 16799.3 16657.4 18466.3 18392.8 23050.7 15403.3 20239 16583.8 16623.5 18953.8 12679.8 26372.6 24236.2 22530.5 19433.9 16975.1 22996.3 28793.7 22615.2 21784.2 22253.9 25001.8 22833.5 28743.6 29021.9 26437.2 29748.1 23871.5 25932.2 23446.6 25271.9 25509.9 25192.1 31366.9 27181.4 24743.6 26624 13704.8 30253.5 12522.5 17688.1 29353.1 12173.2 19540.6 11670.7 16670.3 54722.4 9741.34 14498.2 19840 12840.3 31429.9 12844.6 19673.1 34937.6 10465.8 12214.4 10612.6 16102.1 9653.33 12558.7 15065.2 8787.18 10210.6 13228.4 27490.9 34442.3 43525.9 42920.5 44323.2 50321.6 22414.1 23120 24354.9 29415.8 23151.4 19816.5 19340.8 24469.6 27125 21751 33941.3 19313.2 23002.9 29020 18709.7 26824.5 29087.6 17026.4 27225 21288.5 23167.2 16586.4 18227.7 14920.5 20678.1 19876.3 16054.3 25718.6 27613.9 25541.3 29359.2 21022.6 25908.8 12066.3 8364.23 15581.7 13076.7 29663 17395.6 23286.1 9548.91 6715.57 9016.45 11735.4 21406.3 30486.7 10294.6 17276.2 26844.4 33943.8 14309.4 22062.7 15510 14195.3 21319 32570.8 18153.7 27315 27376.6 21605.3 13850.1 17371.8 11975.8 16935.5 27681.3 24325.3 
18264 18739.6 15821.2 16185.4 19258.1 49262.6 43672.3 42812.9 4983.37 8974.72 6641.95 0 12841 17186.9 14417.7 24141.6 20271.1 21292.6 25266.9 23207.8 29115.1 27190.9 32555.6 43350 45698.8 52592.4 48047.6 48619.1 44106.6 50321.1 46961.8 44566.4 38220.1 39880.4 41780.7 45282.5 44306.9 47308.5 41651.6 55026.6 50997 25666.7 22652.1 22619.7 25857.3 28172.6 16790.4 24618.4 40154.1 22919.3 23703 25170.8 60943.6 47844.6 65787.7 56957.9 28887 46780.2 49299.4 26174.5 53543.2 40994.7 50602.5 50401.5 39789.2 35577.5 17052.3 25240.1 20412.4 18187.1 47638 40575.9 40053.8 46891.3 36216.7 36898 33403.7 34327.8 31601.3 27455.4 23256.9 27271.4 87699.5 35062.3 33163.3 48575.9 51912.6 86303.6 60402.9 34387.9 35108.2 45884.2 26040.8 21946.5 19519 19132.6 27519.2 21120.5 25836.8 23827.2 23875.8 22349.6 20500.5 19628.2 20188 20346.1 21981.9 21937.1 24794.7 17136.7 22898.1 18090.1 17430.8 20798.6 12462.3 28285 24570.4 25626.5 23142.2 18816.7 26555.8 32492.7 26811.9 25937.2 26399.8 28465.6 25724.3 32335.6 33017.1 30172.6 33872.9 26867.1 29650.8 26837 29475.5 29717 29446.6 34630.6 31083.2 28209 30870.4 16112 29696.8 14376.6 19837.9 28604.7 14957.2 20812.7 14495.9 17169.6 52172.3 12180.8 17800.8 21911.9 14877.4 33817.7 14426 19511.5 33689.1 13064.5 14755.3 11932.1 19424.5 10568.3 13907.4 15803.2 10063.4 11014.9 15310.9 28016.5 38863.1 47330.8 46041.1 46791 52076.8 23602.1 25664.9 30025.3 34308 27820.4 24329.7 23965.6 28194 31993.3 25997.7 35436.3 20967.9 23436.2 29233.8 19208.6 27206.5 28894.7 18035.7 27869 21001.3 25319.8 19301.8 21451.9 17601.3 21918.1 21582 16375.4 27129.4 28839.9 27170.8 31587.1 24616.8 28197.1 9106.82 7967.46 15704.2 15400.8 30344.5 19152 23092.7 12066.3 9691.97 11042.3 12770.1 22279.8 31050.6 10791.8 19084.9 25496.9 30374.4 14719.9 21111.2 16287.7 18460.7 20223.6 32391.7 16508.9 29804.8 28763.7 23978.1 10698.9 15895.1 8501.07 15773.8 28726.5 21946.9 
23760.5 24968.5 21965.7 23786.8 24331.7 49201.8 42185.6 42782.3 8635.19 14953 11750.8 12841 0 12978.5 16710.4 18794.3 28882.9 16327.3 16455.4 29283.2 30545.9 21883.8 27305.2 37334 39991.2 48242.6 41816.4 44949 37804.5 43736 42090.7 39541.9 32764.4 33266.6 36687.4 36509.1 40667.6 47592.6 43184.4 57021.8 54034.8 20455.1 24039.9 23933.4 22092.7 22748.1 18806.8 26304.6 39852.1 24227.3 21382.2 24241.3 61766.2 48232 67317.5 58016.6 24600.5 44890.8 46892.4 26565.6 52014.6 42058.8 44922.4 49778.6 45619.6 38712.7 19165.6 25656.9 26252.6 26979.6 50011.8 40114.5 41832.1 49887.2 36960.8 40515.9 36816.8 39345.6 38326.3 32275.9 29350.3 31123.5 94190.7 35115.1 28301.6 55565.7 46194.6 95353.2 56971 29672.6 29786.4 41792.1 16414.2 24455.3 13246.2 22469.5 23413.6 23339.2 17448.6 19417.4 22427.6 21884.8 20506.1 20903.9 20380.5 20629 22665.2 23525.5 24140 18470.2 20973.6 12170.2 13917.5 16768.2 13707.8 22473.6 18180.4 20078.5 16799.8 14480.7 23510 31035 24517 23455.5 27526.1 25741.2 20777.8 29361.2 31209.4 24762.5 30182.8 22817.4 25546.2 23368.3 28168.9 27747.8 27405.6 33198.5 29881.8 23228 29295.3 10647.1 25601.8 17834 13493.1 31464.4 12564.7 22308.3 16875.7 20992.5 49233 13855.5 11616.8 12700.7 9785.54 35194.1 8446.14 21993.2 32018.7 14976.3 17240.2 10206.3 14599.1 15142.5 11127.6 15131.6 10871.3 14438.1 13573.2 30543.6 39651.3 49341.8 46272.3 49454.5 52102.6 18482.2 26475.5 33310 37133.9 31850.4 27414.1 28324.3 34167.5 35197.2 31824.6 36531.3 20925.5 26560.9 30362.6 15317.1 27352.6 25467.3 17909.2 24594.3 26119 27213.2 20430.9 23097.1 20825.2 23702.7 21118.4 22722.6 24438.1 29873.7 29735.6 33980.6 23648.9 27080.7 12402.7 10310.5 22039.3 21070.3 26439.3 24776.6 25716.4 16712.5 13358.3 17265.1 20462 29590.1 38643.9 11268.4 17402.9 19776.1 33382.4 19779.9 29193.6 22775.9 14919.6 16376 31968.2 17630.1 26209.5 35993.4 25204.1 15536.3 22137.4 16639.6 21437 18997.3 15397.9 
19452.9 18918.3 14622.7 14250.2 17846.1 40434.4 34747 41137.3 15838.9 15379.3 13715.1 17186.9 12978.5 0 17907.4 24065.5 20642.3 7797.82 12122.3 37480.4 41370.1 11448.3 30975.9 26916.2 30834.1 38034.3 32267.7 34386 28261.4 36168.8 30989.6 30260.2 29671 25067.3 27256.8 32680.8 29119.7 35850.2 31620 45065.2 41812.1 10078.9 11731.1 11710.8 11005 11896.4 23674.6 19432.6 38954 26203.4 28256.7 20974.5 51626.2 43817.9 61793.1 54978.3 12863.4 40382.7 40912.8 26437.9 46399.1 43603.6 48216.2 47172.5 36187.4 28352.4 17590.1 21067.2 17834 18150.5 46470.4 40685.6 36832.4 43568.6 42336.7 29711.3 26074.6 32021.2 28423.6 26469.3 17190.1 19786.8 92436.9 39741.8 37244.2 52978.2 54923.5 102004 65644.5 37650.5 38919.4 50868.7 12532.4 12480.9 9715.18 10347 12088 11348.1 9966.22 8830.98 10957.9 10408.8 9074.55 9190.84 9113.47 9898.45 10239.2 11972.7 17825.6 23083.6 16223.6 6229.17 8613.34 11539.2 10664.8 17647.8 14581.9 9362.31 6932.2 6547.79 12396.9 19949.7 12948 12065.9 16056.1 14708.8 10607 17779.7 19552.6 13668.3 18450.9 12120.9 14114 12151.7 16826.7 16175.2 15887.5 22145.7 18478.9 14970.1 17930.5 6621.42 34186.5 11859 15635.4 31695.4 3439.51 22428.6 6741.52 12935.4 60021.5 6312.76 6965.47 12978.2 6140.86 33574.3 10234.9 20339.3 40438.3 5789.34 7419.41 7713.67 6311.01 9113.37 15699.4 16329.6 8196.16 7539.32 4899.62 34558.5 35068.8 43038 42591.4 43149.4 43886.7 22527.7 26906.3 30186.5 35511.7 27745.3 25724.7 27555.1 27544.6 31976.5 25293.5 25444.2 16657.2 18541 21593.3 14824.8 24614.8 21884.9 19337.5 19354.3 28955 22307.3 15807.3 23082.9 18410.3 19565.6 18707.8 17995.9 25113.4 25203.5 23409.2 27991.6 21177.7 22851.3 17053.7 10946.2 28575 19260.7 20004.4 17594.4 17131.1 15472 14839.4 12181.9 14240.2 26715.2 34580.3 16663.9 22819 28832.4 42950.6 26018.5 34410.2 27250.7 14817.7 27000.4 37942.6 23627 15090.9 31369.4 13966.8 23894.5 30268.9 20487.2 21797.1 16995.6 21143.2 
20487.8 13000.6 17406.7 15104.9 21607.9 46191 41850.5 39048.5 13303.7 12629.9 13209.3 14417.7 16710.4 17907.4 0 16389.2 15285.9 21815 25335.2 28095.6 33528.3 27574.2 34213.5 43769.2 46369.5 53247.5 48809.8 50349.7 44737.5 48106 48471.6 44784.9 39729.3 40069.4 41988.1 43429.3 45792 48746.8 44139.8 57285.4 53688.3 26624.2 24146.7 23868.9 27158.9 29124.6 26685.2 17958.1 38780.9 34000.2 30208.4 21793.6 56409.4 41970 58018.9 52378.7 30162.4 42124.1 43002.8 33957.6 47867 41409 40783.4 45078.7 36081.8 36615.4 16561.7 15516.3 19501.6 19046.5 39789.9 41021.6 33293 39959.6 45331.6 36882.1 33006 29171.9 27442.8 20882.6 25911.8 28837.5 80532.3 31629.6 35250.9 41287.4 46984.4 89260.6 57034.6 31496 34362.1 50812.2 24836.3 24067.8 17568 21757.6 28949.3 23090.5 25316.9 25183.1 25015.5 24137.8 22311.8 21692.8 22307.7 22253.6 23637.3 24405.9 18423.7 21679.4 17057.2 15180.3 15206.8 18279.5 12156.4 23487.1 17257 26158.1 23521.9 18960.7 27520.5 33453.9 27927.9 26984.4 28374.1 29055.2 26217.4 33465.6 34314.6 30856 34979.7 27957.6 30377.5 27665 30628.4 30796.9 30458.3 35761.9 32522.6 28620.7 31938.2 16631 25523.3 9502.39 14585.2 23412.9 15410.2 19041.5 16196.7 20359.8 51124.3 14038.8 17572.9 20956 15864.9 31512.9 17392.1 18179.5 30071.4 14899.9 16551.4 12459.1 19278.4 13411.8 10526.2 14399.3 11967.7 13369.3 16158.9 21739.2 33058.3 40547.2 39320.5 39361.1 45490.7 15335.3 21980.7 24315.7 30163.1 20269.3 20430.5 21194.8 20322.9 25860.1 18653.9 32464.7 13066.4 16972 25442.2 15878.2 18350.9 26892 16693.3 21044.9 24361.7 18709.6 17000.8 20478 18828.5 19695.8 23468.1 12383.8 16019.3 20636.2 19822.4 23568.9 18123.6 19996.2 16635.7 14277.6 16339.2 8858 27098.5 12476.8 20335.4 9780.97 10539 9292.01 8359.87 14832 23815.8 17526.2 12198.6 29618.1 28950.9 16506.4 24995.4 18416.5 12258.7 20044.3 31233.8 22575.1 31052.6 21449.9 25782.2 17740.3 15960.9 12052.7 11041.1 28031.2 29477 
32567.8 26471.2 31163.9 27503.1 35624.3 51711.6 50693 50619.9 21245.6 18867.9 20261.5 24141.6 18794.3 24065.5 16389.2 0 26989.3 23620.5 25253.3 31728.1 36290.1 27468.5 40966.1 47767 50792.3 59307 52550.9 54488.9 48456.8 51837.3 50383.2 50959.7 42945.6 44397.9 47873.2 42701.6 51398.8 54148.2 49734.2 64562.6 61743 28761 33414.4 32354.6 28324.9 29163.6 28003.3 19053.2 31699.8 32610.8 25785.5 17030.8 57436.5 42264.1 55503.6 46734.1 30022.8 39184.6 42713.7 31477.4 47149.2 38119.6 35130.4 39705.6 44543.9 48173.1 16463 16410.2 32559.8 33749.8 38208.3 30144.2 29169 39442.8 34844 43325.9 39297.2 31557.5 33138.6 25793.8 37473.9 35809.2 87761.6 31437.8 24281.5 53124.8 35206.9 93044.7 43732.7 22777.7 22804 36840.7 21418.4 34284.1 23683.3 31428.6 30580.7 32604.7 28934.6 27426.8 29538.7 27555.1 28725 28059.5 28790.3 28240.9 31583.7 29687 21476.8 18889.5 21673.7 22744.5 23961.8 22365.9 21525.1 26956.8 22725.7 26395.4 27702.7 29194.5 28018 36299.2 28492.1 27386.8 34385.2 30274.8 26129.4 33790 35018 30926.9 35041.9 28547.4 30570.5 28191.2 33312 31646.6 31535.5 37877.8 34871.7 27612 33682.2 22552.3 21295.6 18768.5 13062.6 32515.6 22180.4 25414 28231.9 29975.8 45560.3 25484.6 23473.3 19532.3 19242.9 34876.6 17964 30259.4 29664.7 26365.5 28909.8 22080 22984.3 22880.7 18538.2 18546 21269.6 25709.9 26390.9 28297.7 32002.8 39288.4 36058.5 39296.5 49530.6 17827.5 20171.2 25424.3 27966.1 23637.9 19956.8 20487.9 28440 25074.3 26352.7 34085.2 21260 27209.9 32685.3 23318.8 30374.2 24908.2 22538.1 22223.6 25081 24332.2 20060 25776.2 26035.2 27639 25966.9 20650 21342.2 25567.6 22609.9 26110.6 15110 23777.2 25723.2 24305.1 19788.6 20130.3 33545.5 21328.1 26339.1 18709.1 19435.3 22056.3 22797.8 24893.3 36219.7 17885.6 15955 24525.2 30397.5 16285.7 24482.9 21666.2 12900.2 20554.3 27068.1 20559.2 31666.8 35251.3 28864.9 21350.2 19771.5 23190.7 21343.5 25112.2 26944.1 
21857.4 8848.08 18278.2 15021.2 23727.8 43853.5 43358.3 44561.6 22565.4 16733.3 19094 20271.1 28882.9 20642.3 15285.9 26989.3 0 25315.8 32092.8 37880.8 47120.7 30336.6 46636.9 46675 49451 56067.7 51365.6 52015.6 47488.1 53922.7 49797.8 49023.5 47481.3 44332.1 45987.2 51347.7 47633 50064 44120.7 57600.7 53468.5 28756.5 25140.4 24928.6 28670.9 31064.3 33945.1 14564.8 42656.3 40257.1 41423.6 25108.5 48013.1 44784.4 51737.4 53127.4 31736.2 44136.8 38820.9 39991 47184.1 41702.7 44042.2 45169.1 27153.4 37158.4 19234.7 16555.3 16135.6 18090.9 32759.6 44166.5 28006.7 31517.6 52192.5 32856.5 29430.2 18820 18018.2 14890.9 24194.5 26316.2 72356.2 28675.9 46173.1 33072.4 47273 82245.7 54788.9 31713.4 40265.4 61126.2 32892.3 24690.6 27398.8 22682.8 30217 23673.9 29483.9 26969.2 26150.6 24927.3 23069.6 22108.1 22745.5 23073 24508.9 24406.4 17753.8 28942.8 17058.3 21383 22199.4 23704.6 18853.2 30092.3 23614.9 28782.6 26340.9 24131.1 29000.9 34617.1 29136.7 28378.6 28459.4 30584.9 29961.5 34791.2 35394.4 32567.6 36359.8 30020.1 31971.1 29110.4 31757.8 31961.8 31629.2 37040.1 33626.6 33665.6 33097.2 24202.2 27773.3 13520.2 26362.9 26287.1 20391.3 20682.8 18193.1 21835.9 56536.3 19229.5 24798.9 31401.9 22535.4 34014.4 26697.7 25307.2 36322.8 18372.9 17996.7 20846.8 24883.7 16750.1 22125.5 21665.3 19376.4 17523.2 19143.3 29584.4 32114.2 33790.5 37663.5 31611.8 38242.2 22944.4 22732.2 24362.7 29681.4 21370.5 23337.7 24424.7 15514.9 23511.8 16345 29925 13232.6 9509.18 21822 24983 13113.3 32205 18956 23183.9 17930.4 19271.6 15245.3 21093 19007.5 20687.5 24193.9 12527.7 19148.6 12937 14882.5 14272.6 20969.5 16890.3 27205.3 20809.2 21630.1 12552.9 28299.7 7167.15 18433.4 17009.5 18719.8 13192.6 9946.98 13411.6 19143.8 25529.8 21430 40438.2 30170.2 20838.5 22397.6 18354.2 19969.9 33326.2 28142.1 30705.2 32689.3 12734.5 26400.7 28548.6 19253.3 18494.3 12655.8 36957.4 40506.3 
24414.4 23605.4 19042.9 18677 22809.3 41434.1 35883.2 43402.3 20421.1 19808.3 19752.4 21292.6 16327.3 7797.82 21815 23620.5 25315.8 0 13362.3 43773.7 46205 9721.64 35102.4 27646.5 31431.7 38975.3 33152.3 36253.7 28985.7 34771.9 30944.9 30828.6 29754.5 25799.4 27730.2 29299.6 31389.8 36115.6 31538.3 47109.3 44289.7 12510.7 16243.5 15253.4 12323.4 11515.4 25743.2 19854.9 36974.4 24895.2 25554.2 20376.4 47127 38936.7 57766.4 51329.3 11498.6 35965.7 33649.4 21930.3 40401.3 40162.7 41817 43237.6 38356.5 32924.1 16828.3 17565 21908.2 22591.5 43000.5 37976.9 33697.9 40391.5 40558.9 26253.8 22551 28696.2 25013.5 24096.9 18841.3 16516.6 97231.5 40486.8 36166.1 57808.1 49659.6 106612 61530.6 33563.4 38719.8 44286.3 10088 17358.6 14929.1 14352.5 13479 15598 12330.4 10493 13534.4 10611.3 11309.5 10764.9 11330.9 11880.8 14013.7 11248.1 19059.3 22766.1 18769.6 8859.62 10688.3 12664.9 14307.5 17759.3 15067.2 9603.16 11249.3 11187.9 13327.3 20695.7 12101.4 12135 17023.6 15632 10343 18391.9 18919 13158.6 17448.8 12424.9 14707.5 13013.7 16071.6 15808.8 15323.2 23099.4 17499.1 13641.6 17389.6 9887.92 32274.2 14169.8 13878.5 33939.7 9456.63 25267 14165.2 16747 59532.7 12596.5 9461.92 13240.1 10100.6 35154.8 11843.4 23455.8 41810.8 13048.3 14843.1 13729.3 7800.49 13287.6 18907.2 19200.9 14033.5 13092.9 10635.5 35654.3 35815.9 42624.2 42890.2 42274.7 43971.1 23405.4 28038.2 34634.5 38109.9 31590.5 30249.4 31017.7 31471.6 35283.7 28514.1 22183.1 20948.7 23024.1 23315 15335.5 27095.3 15043 22043.8 13435.4 28952.7 25200.7 17226.3 26246.5 21193.5 22432.9 20784.2 18721.2 28351 28373.7 25073.5 29026.7 23974 27225.3 22240.3 17949.7 33333.3 25096 16651.5 20514.2 16664.1 21606.1 20973.3 18492.4 19770.8 31532.7 39349 20460.6 25840.4 26766.1 46340.9 30967.3 39462.6 31751.5 17331.7 27877.6 39450.6 24420.4 10782.1 37122.9 10774.9 28632.9 34894.7 24943.2 25187.4 16368.2 21567.2 
28713.9 27897.8 25411.8 25379.1 29256 47978.6 43352.7 46103 22217.3 25450.4 22988 25266.9 16455.4 12122.3 25335.2 25253.3 32092.8 13362.3 0 44665.4 46465.9 9706.66 33251.8 29227 27926.5 40192 29090.1 31250.7 25040 41487.7 26674.9 30058.6 31205.2 21910.7 25977 34773 28789.9 46152.3 41810.2 56152.9 53165.8 8464.7 23367.1 23235.5 10462.8 10489.1 30352.1 26331.1 45337.2 30463.7 31676.3 28802.2 49230.4 44041 62845.1 59655.6 17340.9 41594.5 42812.8 25368.7 44072.4 47457.2 48853.3 53057.3 45799.2 39678.7 23267.7 25594.2 28822.4 29531.9 53732.6 44628.1 42508.8 51457.9 44599 38595.4 34591.7 40454.1 37801.5 36539.4 28754.2 29356.7 103727 44163.1 34757.8 64375.6 43863.5 110661 62805.1 32386.5 39930.4 43560.1 9088.24 24121.6 15550.3 22091.5 11283.3 22709.3 13129 11377.3 19790.3 19221.6 19335.5 19646 19063.9 19335.3 21730.1 21861.8 18656.3 29929.1 21571.8 13574 12999.7 12342.1 17135.9 14071.9 14588.8 12688.6 9573.57 14442 17206.9 27550.4 18466.6 17573.2 26328.1 18343.1 11179.6 22624.6 25162.9 13179.9 21757.6 14101.7 18008.2 16173.7 24907.7 23043.4 22964.9 28391.1 26382.5 18125.2 24290 12845.8 36081 20132.3 15279.8 38589.1 13428.1 30224.1 18187.5 22936.5 62390.9 16900.1 11583.5 10853 11748 43261.9 13477 28626.6 44741 16349.2 18865.3 14068.7 13293.9 18411.4 20763.5 22030.8 17713.9 16877.7 15157.2 40171.6 42787.4 49325.1 44560.1 48594.1 41640.9 26212.8 32688.4 41140.3 44942.4 38462.8 36047.7 37056.1 38983.5 42580.3 36593.2 24198.8 25757.8 28524.5 28415.6 13522.6 32047.7 19808 26076.1 22176.5 35247.8 32518.2 24121.2 32075.5 28877.1 28978.7 25314.2 24748 32393.5 31094.4 27108.8 34354.6 25802.6 28470.5 23073.3 18470.8 36895.3 30484.1 26092.4 27993.6 25565.3 26584.6 24618 23643.9 25618.7 38081.8 46043.2 20903.9 28016.3 30476 48469.8 33439.6 42623.2 35623.9 23000 29570.7 43780 30061.6 13640.7 42761 20977.7 30672.6 37497.4 28088.1 27897 9736.12 21125.4 
39137.1 35975.5 38091.4 35446.9 40983.8 69706.3 65525.7 62466.8 24020.7 25892.4 24506.5 23207.8 29283.2 37480.4 28095.6 31728.1 37880.8 43773.7 44665.4 0 20800.7 47452 47788.8 64054.8 67067.7 73842.2 69209 69541.4 65302.6 70304 67865.8 65570.6 56845.4 60855.2 62890.1 63308.8 65434.4 67874.3 62013.4 75307 71407.7 45784 42873.4 42591.3 46033.4 48346 30472.6 39492.5 50822.5 36376.3 31717.9 35964.8 80278.4 64637.6 79604.4 68914.3 49356.6 62714.1 68895.3 46059.6 70874.1 56740.9 62821.1 62399.6 59002.2 58024.7 35827.3 42126.7 41516.5 40140.7 60385.1 45829.5 53507.6 61501.3 33011.2 58886.3 55033 51171 50463.1 43562 46055.1 49888.2 97806.4 51332.7 30506 61769.9 58595.5 89854.5 63480.4 45649.8 32540.6 37778.5 45090 42760.7 37107 40247.2 47844.3 41659.5 46004.5 44126.6 43733.8 43051.8 41193.8 39931.2 40921.7 40736.2 42589.9 42554.9 41154.8 29959.3 39991.7 37539.6 37416.5 38921.9 32898.1 46839.5 43899 45671.8 43045.5 39035.2 46266 52097.2 46637.5 45798.9 46165.9 47714.3 46047 52365.1 53056.5 49994.2 53852.8 46989.4 49373.9 46492.4 49355.2 49467.6 49122.6 54482.2 51287.3 48206.2 50602.3 36369.8 38319.1 32871.8 36983.7 47204.2 35493.4 38790.2 34337.5 39030.4 54481.7 32666.6 37801.9 41413.1 35621.5 50152.9 33785.9 39129.8 41562.4 33059.4 34202.2 31334.1 39535.6 32594.6 31837.5 33155.4 30180.5 31238.9 35059.7 44202.4 50130.8 60599.1 57809.7 60729.7 68789.7 36208 36737.8 38080.1 41547.9 37877.8 30244.1 30658 41656.5 39331.1 39244.2 55541.9 35274.5 40843.8 48563.3 38390.6 43965.3 49197.2 36879.8 47032.5 36452.3 39830.3 37494 38370.4 36277.4 41281.7 42183.1 34228.9 39391.2 43710.3 42135.8 46249.6 35980.8 41208.5 24021.1 26879.3 22462.5 26804.8 52512.5 35140.2 43165 24747.5 23390.3 27077.7 29178.1 34928.4 45780.6 25997 28380.3 37162.6 29176.4 20557.3 25694.4 25199.5 29806.5 31427.3 37910.3 22016.5 51515.4 43695 45529 15920.4 24617.4 24698.3 32283.7 46008.6 34787.3 
45220.4 44180.4 44088.9 44319.8 46603.4 76348.3 69714.3 64839.8 27629.2 32587.6 30896.2 29115.1 30545.9 41370.1 33528.3 36290.1 47120.7 46205 46465.9 20800.7 0 51536.8 32004.1 66409.6 69229.5 75515 71464.3 74401.2 67464.6 65337.5 72343.7 67385.1 52395.1 62450 64861.5 53902.4 69281.8 73194.5 67406.4 80674.3 76751.9 50378 48509.6 48148 51136.6 52741.6 34882.2 48752.8 60592.3 41129.3 29323.5 45015.7 89052 71834.9 90043.1 79381.9 53906.5 69350.7 74145.2 50117.3 77820.2 64662.6 66746.9 72354.6 67401.4 63218.2 43571.9 46513.3 48960 46968.7 71216.4 58534.5 64055.8 71789.6 46852.7 65502.9 61761 60655.8 59927.8 52798.6 51572.7 55659.5 110060 55402.1 29833.9 71874.8 48793.2 101707 66706.1 52420.2 31323.4 30033.7 43700.4 48139.6 34099.5 45431.5 52807.1 47202.1 47130.9 48980.2 49303.3 48680 46817.2 45539.8 46531 46338.2 48093.7 48021.4 50204.3 36614.5 48055 40050.5 41668.5 44296.6 36589.9 48553.9 44345.5 49724.1 46809 41808.7 51601.5 57652.1 52068.1 51023.6 51538.6 53165.5 49844.1 57515.1 58538.5 54514.7 58851.9 51822.2 54167.7 51609.8 54898.5 55001.4 54623.1 60047.4 56732.9 51317.4 56169.7 37812.1 39756.6 38746.9 37154.8 51556.7 38972.2 46959.8 39215.3 44550.8 56208.2 36764.7 39251.5 39337.4 37407.7 56507.4 35352.6 45100.4 44646.1 37660.8 39533.2 33857.4 41810.4 38216 32484.6 39692.9 34611 36886.9 38104.6 49068.1 60388.3 70710.9 68111.1 70877.9 78197 40608 46468.7 49809 53937.7 48572.9 42587 43094.8 51866.2 51752.8 49376.8 63690 42494.2 49564.5 56955.3 41676.5 49069.6 47928 43535.3 51107.4 46136 48330.6 45998.9 46304.2 42980.2 48364.2 48462.6 42453.1 44370.7 53117.3 51896.6 55929.9 46211.9 50724.5 27263.9 32051.4 34697.5 37194.1 53668.6 44487.6 51092.3 32919.2 29846.1 34583.3 38038.8 45875.2 55897.2 33235.2 34741.8 30452.9 34630.4 31090.5 37348.5 34105.1 36776.5 27879.9 47357.6 29294.6 56004.8 53124.2 51397 23628.6 35798.8 34084 38779.2 42776.8 29543 
