241 241
0 19618.2 19117.2 22846.8 31922.3 27440.9 31543.5 22840.2 25160.9 24811.1 29566.4 19363 18323.5 22239.9 23760.5 19452.9 24272.2 21857.4 24414.4 28713.9 39137.1 45220.4 29378.7 39771.9 41766.6 48694.7 47714 55562.4 50836.1 51263.5 47045.5 49512.8 47647.3 43755.1 43791.2 42740.7 49235.3 52543.3 50270.6 45198 58290.5 54569.4 48706 57839.1 27765.6 25862.4 27915.5 25499.9 28161.6 30325.5 22932.3 22098.4 23337.9 31625.2 31638.9 49667.3 36361.9 33715.1 43560.5 45957.8 39502.7 50510.8 46068.1 54922.8 46446.5 37986.8 47644.4 51627.1 41669.3 35023.2 36307.3 41301.5 39607.3 18114.5 18723 17802.5 51093.3 50415.2 30520.5 46250 51832.2 51634.2 22222.5 17347.2 27716.2 31796 19895.3 77224.3 75399.7 31671.5 49051 41234.6 50677 82659.9 57069.5 80957.2 50171.6 55005.8 25052.9 23383.4 22271 24194.1 23354.3 28960.2 26681.6 26213.5 23803.7 23714.8 24927.5 25461.3 20966.9 30468.2 22359.7 25070.4 20148.9 24378.1 30382.6 22245.8 27899.8 25089.1 21407.9 28709.4 31281.3 35198.5 29297.3 28171.6 30485 28615.4 34500.2 35746 33073.6 27919.6 36012.5 34713.4 31443.6 32136.5 32244.9 32348 31993.9 37426.7 34012.1 31305.6 33622 30594 33322.5 32073 18682 24727.8 18525 19612.6 48923.7 15720.3 22493.1 28587.2 28447.4 21477.2 23660.1 16975.6 15689.4 17516.8 16381.8 18214.4 13919.9 13937.9 18774.6 18149.2 15585.5 15317.4 16987.5 14314.1 32155.1 51801.4 45991.1 53036.1 52515.9 51319.8 55591.6 24402.5 25884.1 37210.4 33574.4 32189.1 32854.3 31883.1 39244 34504.7 19611.4 26378.2 24954.2 15001.3 15144 26276.1 16095 28976.7 28424.8 18309.6 22510.1 19565.4 16913.9 17167.2 24775.9 17706.7 14097.7 16401.6 12157.9 21093.9 33052.3 29183.4 33554.6 30215.7 31540.9 37360.2 25333.4 18281.8 22401.2 17650 21696.2 15088.7 20301.6 18074 17379.2 37493.6 34358.4 25264.2 29089 17570.4 18820.9 26079 21273.4 32731.5 31944.1 29904.3 32175.6 27376 29037.6 15506.2 16360.2 25625 28060.6 19322.6 19242.4 
19618.2 0 14788.8 24091 42133 42212.5 40892 18968.7 26307.2 24709.6 28782.9 20128.6 18180.1 20615.3 24968.5 18918.3 23516.3 8848.08 23605.4 27897.8 35975.5 44180.4 28407.2 40547.9 39485 47591.5 46488.1 54485 49877.1 50721.7 45945.4 48956.8 46066.3 42978.8 43468.9 41421 47283.9 51806.5 49187.5 43793.4 56935.8 53144.5 47409.5 56429.4 27205.1 24679.9 26038.2 24395.7 27503.8 29711 22278.8 21366.4 22109.1 24795.5 32212.4 46018.5 37315.2 29542.5 38383 46371.8 36017.9 48464.9 50341.3 59055.9 59083.7 49870.5 54228.4 53041.9 53441.2 29884.8 43780.6 46893 50753.1 17983.8 19158.7 16971.9 36504.7 47888.2 23925.9 33810.9 36025.6 53358.6 35449.8 31791.3 19873.4 18609.5 28809.9 76593.3 73714.2 32177.7 46464.3 28242.8 52055 85086.9 57231.1 91877.6 41788.1 56616.8 24103.7 21667.7 21624.2 23190.3 22184.3 26766.5 25624.6 25147.8 22598.3 22421.2 24081.9 24145.7 17344.2 30367.6 15837.1 22966.4 19013.2 19820 26154.7 19449.3 26861.7 24376.6 20232.5 28005 29731.3 34104.8 28446.2 27427.1 29730.5 26854.4 33883.4 34786.2 32360.1 27246.1 35420.7 34044.9 30948.8 31392 31205.4 31400.1 31050.8 36376 32980.6 29693.3 32569.1 29872.9 32331.3 30736.3 11930.5 28731.9 17467.8 22324 58387.5 15091.4 21681 28329.4 37451.8 22828.1 24271.5 17731.7 14657.8 16249.4 15764.5 16574.5 11857.4 17028.7 18862.7 19493.8 16784.2 15826.5 16286.4 13786.7 30318.4 36334.7 36964.9 37960.4 40970.2 36412.6 38910.4 24101.1 25902.9 28404 24876.9 26818.9 27320.3 21119.4 28675.5 28920.5 19375.8 22211.6 10154.5 13447.5 14362.9 26100.9 18343.6 20524.1 17551.3 23315.2 10277.2 15800.3 23052.9 21829.9 16674.5 16602.9 21680.5 17125.9 25827.7 11280.8 18861.9 16023.6 17602.7 24301.8 19268.4 28916.7 23677.7 14679.6 18962 15807.7 9903.34 19469.5 17280.3 14118.4 11337.5 41301 32193.3 20252.3 21259.3 14466.2 16827.9 24964.2 22192.3 31865.1 31886.5 31761.2 31997.9 26646.3 28055.1 16852.4 13028.9 28182.4 30437.1 18390.6 18078.2 
19117.2 14788.8 0 13990.9 42216.8 34207.6 36161.7 22579.3 23836.9 22054.2 26265.5 14346.6 15961.9 17771.6 23786.8 14250.2 18742.6 15021.2 18677 25379.1 35446.9 44319.8 23750.6 39870.1 39979.3 43184.8 42125.2 49868 45319.7 45741.9 41259.9 43539.6 42810.4 38366.8 40863.6 38103.5 44703.4 46868.8 43786 38081.8 51380 47498.1 41744.8 50717.7 22063.4 19024.3 22431.4 18839.6 22225.7 24626.2 16820.1 15995.2 16553.1 21677.6 29264.7 43212.6 34066.1 26384.8 35704.1 44615.6 32440.8 46959.6 45415.1 60876.2 54864.7 46698.6 52008.2 46266 50901.6 28493.3 45146.8 51689.3 49487.2 9045.24 8182.61 6603.54 45662.7 45916.1 29856.9 36988 42989.8 49568.6 30260.5 27648.2 24863.7 23872.1 21413 78727.2 83192.9 35181.3 45875.1 39980.2 49447.2 88337.1 67632 79823.9 44986.8 63162.9 18598 19814.7 16184 17462.5 16761.2 23459.6 20049.5 19241.5 16526.3 16817.8 18323.9 18363.9 19245.9 27499.2 20212.7 19558 15657.2 17769.5 23584.6 21055.7 22308 19968.2 17398.9 22590.1 25717.7 28504.8 22969 22110.4 24119.3 23382.8 28586.4 29217.2 27351.2 21984 30156.6 28570.7 25693.8 26481.5 25630.3 25832.8 25494.3 30800.9 27426.2 26988.2 26994 24506.1 26756.2 35112 11280.6 24263.6 13891.1 11943.4 56318.1 12770.4 19446.8 25740.2 28323.3 20257.6 17940.3 12817.7 11531.2 11501.4 14286.2 15519.1 10602.3 11889.9 21082.4 16496.8 14200.3 13026.9 13458.2 9945.65 23812 42339.2 36339 43057.7 43204.9 41797.6 47485.4 23607.8 23810 29177.8 26072.9 24308.2 26265.5 24857.3 29535.7 28537 22274 21267.4 23994.5 9776.21 8595.09 30619.8 19907.9 22805.6 28223.4 23294.9 19359.3 17129.2 22726.9 19389 24363.9 15214.6 20776.5 15867.8 23158.6 14274.4 26516 24842.3 26309.7 22978.2 24748.2 28784.9 23470.3 15470.9 18406.3 15688.9 13610.3 14782.3 15250 11382.2 10588 36384.6 40625.8 21405 24640.4 13805.1 13162.7 22675.9 20814.7 30725.5 36998.6 29132.7 26396.1 20308.4 22490.1 16629.7 18493.7 23746.6 26809.9 15995.2 14685.3 
22846.8 24091 13990.9 0 42999.5 25503.4 30315 29811.1 27185 26555.1 29719.9 18436.4 19764 21768.5 24331.7 17846.1 22728.3 23727.8 22809.3 29256 40983.8 46603.4 27714 41510.8 43005.8 46787.2 46070.4 53896.4 48964.5 49268.1 45028.3 47537.1 46698.3 42043.8 44947.9 41157.6 48688.4 50651.9 47772.2 42141.8 55448 51702.8 45765.9 54777.7 25978 23142.6 26200 23038.1 26185.6 28555.3 20820.6 20004.3 20602.2 29844.8 31330 48737.8 37218.9 30809.7 41506.6 43481.8 37702.1 47176.2 42172.3 62777.7 53141.6 47334 47815.5 42779.7 50195.3 36072.7 51530.4 56886 54592.3 13908.4 15880.3 11912.8 54069.4 51219.3 38000.7 45391.8 51545.1 51925.9 28319.7 30290.2 33615.6 32318.3 20455.2 74722.3 88492.2 37158.7 51141.2 48137.9 51824.2 84526.5 73186.9 71864.3 52892 67348.3 22650.5 23101.2 20216.7 21554.1 20659 27281.3 24096.2 23330.8 20730 20819.4 22415.5 22426.5 27146.1 31982.2 28622.6 25736.5 20321.2 24490.7 31258.8 27423.4 26136.2 23343.5 20082.2 26615.6 29552.8 32551.5 27012.9 26095 28159.4 27347.4 32572.8 33308.8 31222.2 25833.8 34141.1 32600.7 29640.5 30361.6 29677 29881.9 29543.4 34847.6 31516.7 30933.9 31040.7 28515.2 30802.9 40916.9 19878.1 23770.5 17161.5 16117.1 56306.5 15035 21791.2 27973.1 30832.4 23856.3 21200.8 19705.8 14945.4 14861.1 16320.2 19686.5 17278.7 14613.5 24657.3 20867.4 17246.4 15175.3 16397.1 12678.5 23778.8 50335.1 43420.8 51064.6 50957.6 50205.3 55943.7 29474 26670.6 37283.5 34154.1 31357.8 33650.1 32900.6 37879.4 38292.1 30085.6 24281.8 32435.2 12582.1 11575.1 38257.5 23820.9 33115.8 36792 28711.4 29221.3 24921.5 27733.8 23326.9 34144 21784.6 24707.7 22072.8 25399.8 23440.1 33594.7 31904 34812.5 30866.2 31948.5 35706 29502.4 21527.1 21608.1 19341 22309.4 21908.3 18383.9 15180.4 16891.5 38412.1 46341.9 29293.2 32754.5 17847.9 16673.9 28167.5 23598.3 35927.1 39906.8 33053.1 30340.4 24382.8 26581.7 21891.1 25429.8 25805.4 29998.7 18155.4 17357.1 
31922.3 42133 42216.8 42999.5 0 25987 44038.4 45726.7 49021.1 48750.7 48711.8 48581.2 49732.3 42121.5 49201.8 40434.4 40105.6 43853.5 41434.1 47978.6 69706.3 76348.3 45071.3 68377.1 72947.8 67809.2 68369.4 77003.5 69525.2 69618.4 65638.2 66437.3 69247.4 62988.1 69276.3 62018.4 69030.4 71380.1 71230.2 67116.4 81609.5 78790 69321 80197.7 44254 49706.4 49262.9 49132.3 44425.6 46104.8 42648.9 42038.2 42610.9 53067.1 60813.1 70255.1 61045.8 53394.2 60067.6 46437.8 57208.1 50058.1 47380.9 42090.3 42317.2 42667 46237 53629 43754.8 58428.4 43899.2 41509 43021.2 37398.5 43971.9 41574.1 64587 71133.1 38574.9 61444.2 64630.4 73418 28027.6 29914.6 40423.7 48424.8 33939.7 59833.7 82896.6 41434.9 71732.8 61744.2 70960.3 79165.5 63080.1 96390.5 72496.4 54032.4 50040.6 46830.5 47803.3 48452.5 46567.1 49181.5 46061.9 46324.7 44863.5 44210.7 47614.9 46851.8 33044 56101.3 37464 45913.6 41581 42568 47859.7 39409.6 43592.7 43499.2 44330.3 45362.1 47253.9 53808.5 46246.9 45195.4 47446 44714.4 51096.8 52783.8 49742.3 44479.1 52228.6 51349.7 47574.7 47856.8 50914.8 49456.9 49194.7 55184.1 52431.6 48811.9 51341.9 47136.4 50425.6 49698.8 43937.5 47108.2 41279.5 43759.2 57015.8 43101.4 47188.8 49047.3 42726.7 46127.1 46181.3 39029.4 42572.5 43664.1 44179.2 43485.5 41116.8 41172.7 46533.9 38599.8 44082.7 42541.9 42117.9 41375.1 53680.5 66887.5 65720.4 68720.5 69284.8 66142.9 68871.9 43550 38865.3 63705.6 58294.8 57943.6 60373.9 56646.5 62935.9 47246.8 28367.2 46278.2 44081.7 41374 40649 40458 33603.9 44468 48543.9 34550.9 44673.9 37398.7 34938.7 42499.1 44293.2 39834.6 31236.9 37972.6 32668.5 43007.4 55176.7 44967.5 46961.7 48808.1 48869.1 58173.1 55639.4 44249 46753.8 48891.7 41937.4 29915.3 48253 44652.8 43675.2 60291.5 59480.2 55321.9 57872.5 41970.2 43042.5 50936.5 45039 58830.2 46561.6 55745.5 47829.6 45284.1 46727 45088.7 43910.9 45647 48820.4 39980.7 40373 
27440.9 42212.5 34207.6 25503.4 25987 0 22900.8 44367 43200.7 42954.4 43893.7 42963.7 44601.5 36321.4 42185.6 34747 36752.8 43358.3 35883.2 43352.7 65525.7 69714.3 41341.9 60901.7 67282.5 62826.5 62896.6 71037.4 64934.1 65944.8 60978.9 63008.6 63675.5 58542.1 62582.8 57109.3 62624 66894 66165.6 61865 76476.6 73657.1 64137.4 75049.7 41046.8 44207.6 42948.7 44004.1 41413.7 42958.6 38145.6 37083 38112.6 50610.5 55029 67708.3 55328.3 50381.9 58059 40830.4 55076.6 40881.7 37568.9 50666.2 40320 40215.7 35856.9 41438.1 39144.6 55859.8 50193.8 44309.4 45201.5 29836.5 33575.6 33996 68386.8 69172.3 43708.6 62099.2 67759.8 70139.4 22381.5 26754.9 43984.4 49394.8 27764.2 61511.4 86372.2 35675 68316.8 61205.5 66362.5 71180.6 67436.1 73807.5 68890 54628.8 44237.6 40152.7 41932.4 42997.1 40945.3 43216.2 42331.4 41901.6 39720.6 38963.8 42384.9 41600.4 36176.8 51675.5 39116 43365.1 37122.2 39368.3 45518.6 38164.5 40076.9 39421.6 37769.5 42441.9 42825.8 49917.7 43326.7 42274.9 44538.1 41365 48176.6 49805.4 46768.7 41571.1 49326.1 48444.5 44678.8 44775.4 46921.5 46536.4 46232.5 51919.4 48533.4 44972.9 48093.5 44231.2 47505.1 47311 39376.2 30810.3 35030.1 36089.7 47236.5 36609.2 40440.1 44275.3 32541.2 40848.9 38085.2 33193.5 36575.3 37895.9 37251.7 38007.9 37746.4 35831.3 40671.1 36445.7 37548.8 36031.4 35242.2 35443.1 38151.9 68386 63138.6 69897.6 69164.5 67921.5 72393.5 40683.2 37634.9 60760.1 56018.2 54542.7 57040.7 54409.3 60536.5 49228.9 33532.9 42151.1 44433.4 35509.6 34497.4 45378.2 35202.6 42943.7 49809.5 34986.1 45187.7 38589.8 35589.6 38999.1 46088.1 39269.1 31969.9 37096.1 30806.7 42698.8 51912.5 47030.5 50145 47869.1 49449.9 55485.7 51930.1 41526.7 41053.3 43216.9 41277.9 29285.4 42904.3 40086.7 39893.7 53117.5 57233 52028.6 55062.6 36060.3 38306.2 46550.8 41149.4 53844.5 43455.9 49943 44538.9 41810.1 43238.3 41192.9 40416.9 41734.1 45410.4 33553 34146.2 
31543.5 40892 36161.7 30315 44038.4 22900.8 0 44379.5 42047.8 42569.6 46392.1 45097.2 45027.4 40727.3 42782.3 41137.3 46461.7 44561.6 43402.3 46103 62466.8 64839.8 50669.7 55937.6 65960.2 68005.6 67075 74883.6 70585.3 73596.8 66540 71169.6 66735.8 64595.2 59276 62051.8 64152.7 72966.6 74938.3 69944.8 83031.2 79314.6 73546.2 82585.9 50072.2 50530.1 45722.2 50121.4 51392.6 52402.6 47075.4 46573.7 48015.4 55282 55433.9 75317.4 59806.3 59195.6 65913.5 48017.6 63279.1 44771.1 46216.5 66154.3 58007.1 53978.5 48621.1 47252.3 52496 60405.9 62732.2 54202.6 62779.8 32637.9 36280.8 37560.7 74578.4 76292.8 54538.8 69048.9 74830.5 77047.6 34369.6 39988.1 51365.4 54741.4 36867.1 63777.2 90172 38667.4 65868.5 57777.6 67707.6 68248.6 73934.2 66626.9 66438.3 61454.9 49417.4 38704.1 46638.4 48801.4 47981.9 45992.6 51388.7 50706.3 48168.2 48440.6 49182.9 50208.1 43465.1 54436.6 43614 50361.7 39239.9 44391.2 47699.7 36828.3 49615.1 46407 41463.8 52850.6 50610 59965.8 53735.4 52574.9 54945.1 50202.1 58585.3 60127.6 57046.8 51978.1 59489.4 58821.8 54894.3 54972.9 56982.3 56829.1 56482.5 62141.5 58622.2 52535.4 58334.6 54462.7 57803.6 45715.4 38535.1 27490.7 40840.1 41070.4 48989.7 39644.2 40691.7 44232.9 40798.5 40639.2 38429.1 37870.1 40010.4 42353.5 37582.2 38442.5 38104.4 39161.4 38202.3 37838 39385.6 40273.7 37549.4 38699.1 34833.6 74940.8 70446.9 76669.5 76248.3 74616.2 79075.5 39984 44100.2 61775 56739.2 57448.3 57223.6 55589.7 63651.7 56126.3 43574.8 44457.8 41881.9 39336.6 38314.2 53308.2 40117.9 44872.9 52938.4 43603.6 45304.6 43951.8 42951.7 43011.8 47793.9 41946.6 40155.5 40643.3 37533.7 40781.5 49144.4 51613.7 57157.1 54443.9 53036.3 62120.5 49775.8 41686.7 38770.8 38761.5 45077.8 36082.4 45489.9 42711.3 41492.7 53191.6 53407.9 49634.3 53751.6 38105 41457.5 48924.7 42722 49521.7 43813.1 52361.6 53898.5 51872.7 53496.5 38466.8 35248.7 49218.5 50475.7 40077.8 41592.2 
22840.2 18968.7 22579.3 29811.1 45726.7 44367 44379.5 0 28766 28710.2 32969.7 15428.4 19635.9 26303.2 24040.5 24789.2 28777.9 15943.5 27866.9 33694.1 33238.3 42434 33715.9 46441.3 33340.3 53905.3 52418.4 60376.5 56061.9 57738.4 51900.9 53946.9 53013.5 49234 49168.7 48780.8 53455.6 57622 56154.6 51080.4 64214.5 60817.1 54910.3 63721.5 33072.9 32673.6 33524.3 32113.5 33941.1 35134.8 29248.2 28416.4 29715.4 17447.7 29915.7 36826 38825.2 22259.8 32134 38942.9 27714.7 51515.3 44619.6 50197.9 45434.6 36217.4 44292.9 44331.1 38236.4 20289.8 34757.2 34095.6 35866.5 23170.5 25321.9 23992 34698 36562.8 25350.8 30010.2 36981 43529.7 37507.2 34145.1 24065.8 19601.4 30319.8 73839.7 63252.7 25534.1 35578.9 21874.6 49925.7 79242 45939.5 97157.2 32041.9 45674.6 32149.6 30008.7 28795.4 30662.8 30057.6 33851.4 33020.4 31946.4 29629.7 30030.6 31217.8 31343.7 22108.5 20896.2 18716.5 28045.7 24875.7 25823.6 34140.7 27038.8 32390.3 31270.6 28904.4 34943.2 35227.3 41533.9 35481.3 34364 37015.6 32846.8 40459.7 41821.6 39122.7 34511.6 41643 40964 37215.8 37228.8 38465.2 38594.8 38308.9 43653.7 39900.1 36029 39880.9 36816.4 39549.6 18679.9 17140.9 24320.8 23428.4 25154.6 44422.4 23543.2 26341.7 30025 27926.9 23248.5 23292.4 20640.3 24256.6 26678.6 23484.6 16678.2 15912.8 18429.8 20155.6 16961.9 22221.6 20516.7 22523.2 22629.8 24591 39947.9 34358.3 40078.8 39681.9 38450 44794.4 16145.3 17656.4 23505.7 20028.3 18265.1 18650 20810.1 23664.3 34989.7 26942.6 26771.3 22236.5 24928.2 24645 18203.3 17079.5 25201.8 22332.1 16704.4 19810.1 17538.8 17471.7 17967.3 25277.7 16455.9 19935.7 19703.6 21583.3 16371.1 20471 19868.9 23383.8 18140 20552.7 22321.5 15292.4 13535.8 24618 21426.6 14968.9 21565.1 15717.4 19335.3 17695 30641.1 21153.1 13408.5 16964.7 18273.8 17672.3 14563.5 25232.8 25974.4 18061.2 21739.4 36547 33088.4 35076.8 17367.5 14956.8 24859.4 27839.2 24914.4 26246.5 
25160.9 26307.2 23836.9 27185 49021.1 43200.7 42047.8 28766 0 12907.7 11261.1 21258.5 19550.1 11584.2 12361.5 13769.8 17629.8 31011 14863.1 15341.4 39182.6 35530.1 20147.6 21819 41613.5 36505.2 34673.3 43271.4 38274.4 45109.3 35117.2 40008.6 35525.5 33599.1 24310.3 30003.2 29666.3 41841.5 48222.5 44262.9 57707.9 54597 47145.6 57059.6 19702.3 25026.6 12147.6 24556.6 21808.1 21941 19364.4 19398.2 21030.8 31513.3 26748.1 45580.1 29548.9 30193 36284.3 52246.1 33951 59622.7 56813.2 69675.4 62139.7 47259.3 63939.5 51881.9 50419.8 32751.3 47472.1 44996.9 53496.3 27081.4 27976 22570.4 54010.2 45468.9 39914.3 44908.5 52664.1 45148.6 40227.9 36573.6 38844.4 35406.8 30876 99940.5 71669.4 37098.3 26762.9 29087.9 25866.4 104596 59459.6 97199.9 29074.9 57184.9 25691.6 12162.9 22820.5 24012.2 22647.4 10358.4 23476.5 23291.5 21516.5 22102 23021.8 24304.8 21989.7 25505.7 20264.6 22885.6 12011.3 14220.7 16725.6 14818.5 19783 17493.6 14058 23892.9 18678.5 32474.7 25186.8 24273.3 26546.3 20796.3 29864.3 31709.1 28953.1 23256.6 30528.7 29870.8 26137.6 25821.5 29512.1 28414 28254.8 34216.6 31053.3 24017.7 30390.7 25302.9 29382.7 29564.3 18684.8 33399.3 13543.8 20786.9 48960.4 16597.8 11944.1 8209.77 40189.4 8678.56 25533.9 20406.9 17301.9 19834.1 13338.4 16922.7 22193.7 15725.6 12832.7 18310.8 11626.9 13541.8 13028.5 15889.5 33619.6 51461.7 44277.3 52209.8 49245.2 51788.1 57898.2 22369.8 32070.9 39015.4 36123.5 32616.4 33464.7 37561.6 39969 34689 30231.9 15289.6 29293.9 17917.8 18921.7 36814.6 23964.6 19770.5 31816.6 29544.3 22910.4 22097.6 28920.8 25045.9 28396 21992.4 25015.6 17143.6 22715.4 22699.3 27279.8 32891 36318.5 26899.1 30261.2 35014.2 30943 26809.6 12194.7 14252.5 26076.1 25412.6 22848.9 21373.5 23582 19051.2 40981.3 28145.4 31327.8 18264 19435.8 19190.4 12764.4 14607 39256.5 25293.6 23930.7 24988.5 25605 21916.4 24588.6 17096 17333.7 13691.5 15846.2 
24811.1 24709.6 22054.2 26555.1 48750.7 42954.4 42569.6 28710.2 12907.7 0 9079.65 20576.7 18335.2 11244.4 15633.8 12084.2 13913.1 28516.6 10577.7 14273.3 40557.9 42334.9 15800.8 31961.4 43069 34444.9 28889.4 37865.3 35117.6 39852.4 31474.5 31476.5 30394.4 28722.3 22827.5 29030.9 29133.6 37151 37477.6 33085 46462.4 43473.1 36642.1 45816.1 17666 17428.4 16952.4 13921.7 18777.3 18363.5 15140.2 16376.8 17663.2 25652.9 18747.5 37196.4 22857.8 23972.5 26634.4 46289.8 26276.1 52245.5 48122.6 60378.9 53934.5 40510.9 55264.6 45804.5 41895.5 25580.1 39978.1 42014.2 45146.9 25330.2 25876.8 19826.1 47388.9 39511.5 35269.4 37488.7 45582.5 43414.2 31436.7 28989.8 29522.6 28680.6 23847.9 99727 79673.3 39098 32862.2 36794.1 32932.8 105942 62100.4 96251.6 35712.3 58448.9 20409 14646.6 16081.5 18518.5 17615.4 15950.2 16068.1 16068.1 16160.7 17472.1 15430.9 17014.1 19466.7 17962.3 20275.5 18232.9 12918.9 15434 21034.3 18646.1 14924.8 15574.3 14624.7 21092.5 16379.2 25253.4 18092.2 19835.8 22191.1 16777.4 23803.2 22875.5 24301.4 21976.9 21974 24318.3 20976.2 21028.6 19592.8 19781.7 19198.6 28659.1 21309.6 16496.9 21275.6 22950.9 23277.5 31993.4 15501.3 33529.6 12542.4 18850.9 58103.7 14022.4 7917.07 12020.1 37934.6 9199.9 24526.5 16664.6 15744.9 18289.1 12205.9 17002 22697.7 14220.9 16982.2 20491.9 12738.7 14864.3 11729.8 14979 34025.1 49144.9 38865.1 46447.6 48543.5 47045.3 53517.8 26244.9 33119.5 32594.5 27979.9 30191.3 26332.9 30204.2 34163 27891.5 29983.1 17874.4 28678.1 17041.5 18085.6 35721.4 25585.9 18309 28897 28345.2 20822.8 20786.5 28162.7 20698.8 23733.9 19909.1 25006.7 16095.8 22763.6 18085.8 28945.9 33060.1 35610.3 27405.1 30067.4 35231.8 32326.1 26684.5 14697.4 16996.5 23852.4 24179.9 22845 20174.6 22233.5 27031 43861.9 28484.2 30113.5 17046.2 18719.5 18847.8 15132.1 24583 39471 22652.5 15557.2 15663 16040.6 23505 22937.8 12340.3 14508.9 14161.9 15239.4 
29566.4 28782.9 26265.5 29719.9 48711.8 43893.7 46392.1 32969.7 11261.1 9079.65 0 25105.2 22488.3 10333.4 16432.8 12626.9 11555 32718.5 10059.1 11358.7 45292.4 45174 12737.5 30661.8 47975.7 30295.9 27440.8 36904.9 30905.2 38471.8 28084.6 31156.9 28652.5 26059.4 24865.3 23845.2 27226.6 34362 40579 36337.7 50476.6 47657 38925.6 49376.3 14882.8 20473.5 13613.6 18397.3 15783.3 15023.2 15479.6 15728.3 16777.9 28245.7 24875.1 40319.3 26335 23608.7 27855.8 46898 26809.6 51607.9 48899.1 61462.4 55763.4 39765.4 57394.7 44155.7 44561.3 29833.1 42197.3 42588.7 47512.4 29544.9 30307.9 24290.8 48991.4 40651.7 34682.1 38716.6 47093.1 43364.9 34196 30879.2 32892.2 31271.9 25249.1 103706 76267.3 42844.9 30195.6 37808 27014.9 111126 60814.6 98986.7 34536.8 57838.8 22931 16172.5 18816.6 21040.5 19516.7 11980.7 16666.4 16868.5 16790.3 18047.5 18387.1 17790.3 18899.3 24605 20820.8 19046.8 13377.8 12461.2 15791.3 15042.1 11671.2 12884.5 14142.2 17628.9 11580.7 25748.3 15841.5 17102.1 19264.7 12937.2 22223.8 23087.6 22924.2 18527.3 20139.8 21950.5 18351.2 17717.8 20895.7 19615 19449.5 27778.1 22689.5 15914.7 21526.5 19074.7 20157.3 35135 19264.2 37426 13305.9 21929.4 57945.9 16409.8 9519.1 8555.31 40596.6 11711.6 28876.5 21192.8 17502.1 20046.4 15186 20730.6 26498 18289 18960.1 22130.9 15576 17729.6 14469.2 17673.8 38614.8 49677 40817.3 47984.8 47064.3 48291.6 55490.2 24215.2 33537 37278.6 34254.5 33638.7 32746.7 36009.3 38099.5 26823.9 29929.7 15092.4 31801.7 19336.4 20594.8 37622.2 27413.9 16040 31558.5 30856.1 23908.5 21981.4 30997 25236.2 27125.1 21934.7 27093.2 17698.3 24370.3 23288.8 30678.4 33044.4 35971.7 27154.5 29477.7 35889.4 37369.1 30398.1 17609.8 22062.7 27001.7 25012.5 26406.3 24141.7 26303.2 25668.9 49002.6 33451.4 35045.5 21128.1 22835.3 22052.3 15603.3 25203.1 43481 27225.9 13763 16997.4 17591.6 28619.3 28594.7 12137.6 14971.5 13364.5 15052.7 
19363 20128.6 14346.6 18436.4 48581.2 42963.7 45097.2 15428.4 21258.5 20576.7 25105.2 0 6338.42 19342.6 14953 15379.3 20604.1 16733.3 19808.3 25450.4 25892.4 32587.6 25475.6 37380.7 28094.7 43959 43240.2 50935.7 46198.6 46727.4 42357.4 44890.7 43553.9 39295.5 40051.3 38894.6 45646 47786.8 45125.9 39488.6 52788.9 49087.4 43249.2 52144.7 23961.7 20437.7 25255.8 20362.5 23796 26187.1 19527.6 17903.4 19264 16301.5 19237.3 32329.7 27791.2 17466.9 28604.5 44362 23914.9 57602.7 47996.3 58145.1 48322.8 39339.9 50300 48235 42410.4 19341 36544.4 45148 41943 18804.2 16927.4 11980.1 40408.2 33645.2 30334.6 32743 40849.5 36496.5 34256.5 30861.6 28559.6 21819.5 24278.4 81658.9 75664.1 34963.9 33413.8 31800.8 41384.1 87036.7 59416.7 89222 35498.4 57476.4 19688.6 21697.3 17123.4 18885.2 18032.6 25158.1 21581 20655 17932.4 18299.9 19746.6 19755 21973.2 14317 20944.8 18405.8 17506.9 20217.1 28121.9 24998.3 24256.1 21527.5 19273 24489.8 27046 30454.6 24504.6 23677.3 26530.9 24674.1 30169.3 30709.9 29893.4 24927.8 31650.4 30529.2 27651 28066.1 27168.3 27386.4 27116 32714.9 28847.9 27391.4 28550.3 27179.3 28287.7 27424.8 13066.8 27434.7 13803.3 14518.5 52390.1 12483.7 17124.4 21965.1 27359.1 15363.6 17896.8 14973.4 12793.4 14027.4 13527 10677.3 10980.1 9175.24 14057 14356.5 12272.7 10278.6 14002.2 11373.6 24645.8 43065.7 32721.8 41940.4 40647.9 41821.4 48760 17905.2 19995.5 22742.7 21345.5 17305.6 17701.9 22478.8 24665.1 33590.6 28765.8 19297.9 28030.4 12592.5 11511.9 22301.8 16288.4 26838.5 24339.5 18836.5 20099.7 17155 16606.1 12592.2 26122.4 13386.4 19573.8 14552.5 19683.8 16063.5 24578.9 25585.3 28014.8 18644.5 24568.9 22640.5 14867 10563.9 15820.4 10062 16633.5 21405.3 7118.48 8632.31 11768.3 24646.8 32483.9 12512.1 16506.8 12326.1 8456.89 12079.7 16667.1 21206.6 30389.9 16746.6 27737.9 21707 23946.4 13942.5 17365.7 15642.2 19606.6 17042 16473.7 
18323.5 18180.1 15961.9 19764 49732.3 44601.5 45027.4 19635.9 19550.1 18335.2 22488.3 6338.42 0 17303.2 11750.8 13715.1 19613.7 19094 19752.4 22988 24506.5 30896.2 23868.2 33536.3 27577.3 42727.5 41537.6 49427.8 44770.4 45331.6 40910.9 43560.5 41347.5 37471.9 37310.5 36591.5 42959.2 46505.4 43619.3 37873.9 51147.1 47266.4 41364.4 50515 22411.6 18777 23503.3 18512.4 22034.6 24307.7 18251.3 16462.7 17975.4 19856.6 16484.1 34459.1 23497.4 19003.9 30974.1 47601.9 27179.2 59005.5 51016.3 62745 53361.2 43816 55025.9 51387.6 46918.8 20586.1 38041.4 48880.5 46863 20746.3 18590.2 13760.4 44009.6 35654 32890.1 36768.4 43669.9 36806.9 35587 31834.7 29675.1 24385.1 25955 86699.6 78027.3 35842.1 33007.3 32988.1 37421.9 89319.5 61730.7 90452.1 34975.8 59800.9 18585.9 19209.8 15982.9 17535.4 16702.5 23133.6 19659.7 19395 16799.3 16657.4 18466.3 18392.8 21526.6 15403.3 20239 16703.6 16623.5 18953.8 26372.6 24236.2 22530.5 19433.9 16975.1 22996.3 24808.5 28793.7 22615.2 21784.2 25001.8 22833.5 28743.6 29021.9 28436.6 23613.1 29748.1 29145.1 25932.2 26464.6 25271.9 25509.9 25192.1 31366.9 27181.4 24743.6 26624 25899.9 26376 30253.5 12522.5 29353.1 12173.2 16670.3 54722.4 9741.34 14498.2 19840 31429.9 12844.6 19673.1 15907.9 10465.8 12214.4 10612.6 11809.6 10602.7 9653.33 12558.7 15065.2 9713.56 8787.18 11889.6 10210.6 27490.9 44585.5 34442.3 43525.9 42920.5 44323.2 49944.3 22414.1 23120 24354.9 23151.4 19816.5 19340.8 24469.6 27125 33941.3 29020 18709.7 26824.5 10781.5 12054.2 24902.2 17026.4 27225 21288.5 23167.2 17774.1 16586.4 18227.7 14920.5 24088.7 13187 20678.1 13272.4 19876.3 16054.3 25718.6 27613.9 29359.2 21022.6 25908.8 24843 15581.7 13076.7 14954.5 7498.41 17395.6 23286.1 9548.91 9016.45 11735.4 26844.4 33943.8 12569.1 15510 12890.6 11474.7 14090.9 14095 21319 32570.8 18153.7 27315 21605.3 22909.6 11975.8 16935.5 14700.1 17035.1 14869.7 14582.8 
22239.9 20615.3 17771.6 21768.5 42121.5 36321.4 40727.3 26303.2 11584.2 11244.4 10333.4 19342.6 17303.2 0 11263.3 5354.26 9248.34 24973.2 7371.64 10910.7 38979.9 41130 12839.1 29222.6 41334.8 32499.1 30342.3 39258.3 33501.4 37105 29454.8 32367.8 30867.2 26752.3 28184.1 25777.5 28660.1 35732.9 37280.1 32879.5 46812.8 43879.2 35594.5 45839.1 10906.4 15281.2 10250.8 14221.5 12224.1 12403.5 7962.03 7977.06 9579.85 26301.8 24606.7 41265.5 25815.1 23695.7 31888.1 47433.5 29574.7 53954 50578.5 64572.6 57745.2 42644.2 58768.4 47346.6 46793.4 28992.8 45245.5 45963.3 49916 21279.3 22019.2 16587.4 48497.5 42449.7 33408.9 39565.5 46379.3 43109.5 32282.1 28587 30935.5 29356.2 22230.1 96437.8 80329.5 38605.7 36318.2 35325.5 33351 104293 63705.9 90380.5 36913.6 61693.3 16503.7 8059.99 15062.2 14507.2 12933.6 9822.77 12871.7 13154.3 11809.7 11457.9 14058.1 13376 16702.1 23780.5 17821.5 16262.3 9934.85 11223 17948.3 13842.4 9751.65 8952.15 7112.7 13306 10225.7 21021.4 14215.6 13181.4 15547.5 10291.2 18897.8 20830.9 17891.8 12954.9 19792.9 19203 15294.7 15288 18083.5 17442.9 17139 22979 19809.8 13441.4 19153.1 15048.7 18411.5 32161.3 13657.5 32252.2 6134.61 16016 58698 9645.83 7295.02 11309.8 35803.6 8450.75 21970.8 14464.8 7880.53 9979.25 8105.22 13986.3 19694 12089.4 15751.1 17089.5 8896.18 10958.2 6627.62 9862.25 34297.8 44748.5 37107.2 45408.2 43908 44970.3 50560.9 22816.7 28807 34855.4 31518.7 28443.8 30496.8 32398.5 34769.4 27747.7 23929.6 14692.5 24562.4 10706.8 12004.8 34314.8 21562.9 17138.9 29444.6 25040.2 20512.1 17864.9 26245.3 22714.4 25081.2 18606.5 21524.3 13464.2 21197.7 17966 25625.1 28087.8 29538.3 22939.8 26167.4 30481.4 30526.5 23216.1 12493.6 16969.7 19167.3 18482.3 19358.8 16077.2 18017.7 26995.2 43604.6 27187.2 30187.4 12922.3 15428 18316.3 13568.9 24411.2 37427 23940.9 16985.1 16392.3 16851.8 22040.3 22772.3 14294.7 16365.7 5743.2 6181.97 
23760.5 24968.5 23786.8 24331.7 49201.8 42185.6 42782.3 24040.5 12361.5 15633.8 16432.8 14953 11750.8 11263.3 0 12978.5 18324.2 28882.9 16327.3 16455.4 29283.2 30545.9 21883.8 27305.2 31963.8 39991.2 39683.2 48242.6 41816.4 44949 37804.5 42090.7 39541.9 35435.8 32764.4 33266.6 36509.1 44379.9 47592.6 43184.4 57021.8 54034.8 45706 56265.7 20455.1 24039.9 18012.4 23933.4 22092.7 22748.1 18473.2 17940.6 19609.3 27688.6 18806.8 39852.1 24227.3 24241.3 33776 50608.8 30944.3 61766.2 55863.3 67317.5 58016.6 44890.8 60713 52014.6 46833.2 26642.5 42058.8 44922.4 49778.6 26252.6 26979.6 22368.9 50011.8 40114.5 38653.3 41832.1 49887.2 36960.8 40515.9 36816.8 38326.3 32275.9 31123.5 94190.7 72058.6 35115.1 28301.6 29323.4 29458.6 95353.2 56971 95994.5 29786.4 54961.1 24455.3 13246.2 22469.5 23339.2 21315 17796.1 22427.6 22515.6 20380.5 20629 22665.2 23525.5 22859.7 18470.2 20973.6 21934.5 13917.5 16768.2 22473.6 18180.4 20078.5 16799.8 14480.7 23510 20407.8 31035 24517 23455.5 25741.2 20777.8 29361.2 31209.4 28146.9 22704.9 30182.8 29481.3 25546.2 25632.3 28168.9 27747.8 27405.6 33198.5 29881.8 23228 29295.3 25177.4 28766.7 25601.8 17834 31464.4 12564.7 20992.5 49233 13855.5 11616.8 12700.7 35194.1 8446.14 21993.2 20064.4 14976.3 17240.2 10206.3 11705.3 19390 15142.5 11127.6 15131.6 10481.6 10871.3 10659 14438.1 30543.6 48891.2 39651.3 49341.8 46272.3 49454.5 55305.4 18482.2 26475.5 33310 31850.4 27414.1 28324.3 34167.5 35197.2 36531.3 30362.6 15317.1 27352.6 16098.2 17449.5 30477.5 17909.2 24594.3 26119 27213.2 21319.3 20430.9 23097.1 20825.2 26988 18634.7 23702.7 17139.6 21118.4 22722.6 24438.1 29873.7 33980.6 23648.9 27080.7 29088.8 22039.3 21070.3 13505 12571.8 24776.6 25716.4 16712.5 17265.1 20462 19776.1 33382.4 19126.9 22775.9 14887.3 15389.5 16068.7 9274.88 16376 31968.2 17630.1 26209.5 25204.1 25748.7 16639.6 21437 13776.4 13253 10687.3 13096.1 
19452.9 18918.3 14250.2 17846.1 40434.4 34747 41137.3 24789.2 13769.8 12084.2 12626.9 15379.3 13715.1 5354.26 12978.5 0 7227.91 20642.3 7797.82 12122.3 37480.4 41370.1 11448.3 30975.9 39818.3 30834.1 29641.1 38034.3 32267.7 34386 28261.4 30989.6 30260.2 24885.3 29671 25067.3 32680.8 33933.4 35850.2 31620 45065.2 41812.1 34348.6 44416.7 10078.9 11731.1 11316.7 11710.8 11005 11896.4 7475.93 7190.39 9294.01 23522.1 23674.6 38954 26203.4 20974.5 29212 44702.3 26827.6 51626.2 47713.7 61793.1 54978.3 40382.7 55930.4 46399.1 46144 27919.3 43603.6 48216.2 47172.5 17834 18150.5 12332.4 46470.4 40685.6 30949.1 36832.4 43568.6 42336.7 29711.3 26074.6 28423.6 26469.3 19786.8 92436.9 82388.2 39741.8 37244.2 37974.8 35945.8 102004 65644.5 86798.3 38919.4 64104.7 12480.9 9715.18 10347 11348.1 10017.6 10675.1 10957.9 11076 9113.47 9898.45 10239.2 11972.7 14338.5 23083.6 16223.6 14745.5 8613.34 11539.2 17647.8 14581.9 9362.31 6932.2 6547.79 12396.9 11921.7 19949.7 12948 12065.9 14708.8 10607 17779.7 19552.6 17504.4 12736.9 18450.9 18068.6 14114 14079.3 16826.7 16175.2 15887.5 22145.7 18478.9 14970.1 17930.5 14651.7 17143.9 34186.5 11859 31695.4 3439.51 12935.4 60021.5 6312.76 6965.47 12978.2 33574.3 10234.9 20339.3 11793.9 5789.34 7419.41 7713.67 12060.3 15921.4 9113.37 15699.4 16329.6 8463.94 8196.16 5214.63 7539.32 34558.5 43200.1 35068.8 43038 42591.4 43149.4 48797.2 22527.7 26906.3 30186.5 27745.3 25724.7 27555.1 27544.6 31976.5 25444.2 21593.3 14824.8 24614.8 7135.38 8406.5 31921.3 19337.5 19354.3 28955 22307.3 19311.8 15807.3 23082.9 18410.3 24972.1 14281.5 19565.6 12082 18707.8 17995.9 25113.4 25203.5 27991.6 21177.7 22851.3 29216.2 28575 19260.7 12417.5 16221.7 17594.4 17131.1 15472 12181.9 14240.2 28832.4 42950.6 25037 27250.7 10345.2 11748.8 16186.5 13478.3 27000.4 37942.6 23627 15090.9 13966.8 14426.3 20487.2 21797.1 12998.9 16240.4 5474.62 4748.99 
24272.2 23516.3 18742.6 22728.3 40105.6 36752.8 46461.7 28777.9 17629.8 13913.1 11555 20604.1 19613.7 9248.34 18324.2 7227.91 0 25435.1 7024.47 12304.1 42829.4 47132.3 6323.38 37544.1 44746.4 33425 32204.1 41499.9 34146.2 35385.1 30656.7 29670.9 33535.4 27528.8 33917.5 27906.2 31464.1 36068.4 35986.3 31351 46740.8 43921.3 32890.5 44812.3 9727.24 16500.3 17017.7 14629.2 8954.52 9061.76 8771.91 8625.64 7562.41 24614.4 26320.9 35030.1 24511.5 18742.2 23332.8 39582.5 21689.6 45977.8 41844.7 55469.4 49043.2 34758.6 50407.6 41467.2 43255.6 25266.1 39185.5 45939.4 42551.7 22137.3 22839.2 17347.1 43439.1 34930.6 26224.7 32051.6 39752.7 38176 26881.1 23268.1 26176.3 25862.3 18566 97402.5 83153.4 42619.2 39275.2 40737.8 32729.7 106842 60150.5 91329.8 41590.6 64460.1 18320.2 15640 14996 16617.3 14978.6 15818.4 12272.9 12584 12092.8 12552.4 14380.9 11760.2 12272.9 24520.5 18786.5 10776.8 13038.4 12227.5 18108.9 15181.9 5862.62 9485.67 12722.2 8086.55 10346.4 16530.1 7869.57 8279.97 9096.18 5748.2 12592.9 14702 12402.6 8282.36 13058.2 12561.5 8578.47 8870.17 13972 12323.9 11944.6 17785.5 15337 10736.7 13681.5 9836.31 12574.2 36584.8 16945.5 36837.8 9629.79 16417 64942 12822.6 13330 14810.5 35151.4 13098.6 25684 16044.2 11679.5 13182.7 13809 17483.6 20867 13862.1 20344.1 19491.9 13621.8 13410.3 11492.8 12141.4 38487.1 38827.6 31686.3 37705.3 37617 37421.9 44870.4 25040 25880.5 34426.6 30362 28282.2 30059.5 31301.9 32788.3 18909.7 21799.3 16703.5 29664.7 11769.6 12951.2 32536.7 21140.7 16114.6 28100.2 24423.1 21796.7 16389.9 26223.8 21606.7 25497.3 17794.1 21754.2 14186.2 19867.3 21278.4 30305.8 25393.7 25192 19450.3 24823.5 27971.4 33428.7 24234.3 16681.8 21166.1 19619.4 16160.1 20438.3 17111.5 18984.8 31815 47895 29904.5 32079.1 15581.8 16570.1 19106.1 15323.4 31126.3 41641.9 26193.1 8873.35 8881.21 9432.08 25336 27028.9 9517.25 11910.6 9668.82 9714.37 
21857.4 8848.08 15021.2 23727.8 43853.5 43358.3 44561.6 15943.5 31011 28516.6 32718.5 16733.3 19094 24973.2 28882.9 20642.3 25435.1 0 25315.8 32092.8 37880.8 47120.7 30336.6 46636.9 40303.1 49451 48308 56067.7 51365.6 52015.6 47488.1 49797.8 49023.5 44415.1 47481.3 44332.1 51347.7 53075.4 50064 44120.7 57600.7 53468.5 47764.2 56756.2 28756.5 25140.4 29822.4 24928.6 28670.9 31064.3 23603.3 22418.7 23307.9 19065.6 33945.1 42656.3 40257.1 25108.5 34925.9 39244.2 32289.5 48013.1 43251.1 51737.4 53127.4 44136.8 47066.2 47184.1 49552.8 27037.5 41702.7 44042.2 45169.1 16135.6 18090.9 16193.9 32759.6 44166.5 18591.8 28006.7 31517.6 52192.5 32856.5 29430.2 18018.2 14890.9 26316.2 72356.2 71412.8 28675.9 46173.1 27543.5 55029.7 82245.7 54788.9 92211 40265.4 53614 24690.6 27398.8 22682.8 23673.9 23042.6 30057.9 26150.6 25366.7 22745.5 23073 24508.9 24406.4 18383.6 28942.8 17058.3 24391.1 22199.4 23704.6 30092.3 23614.9 28782.6 26340.9 24131.1 29000.9 32127.8 34617.1 29136.7 28378.6 30584.9 29961.5 34791.2 35394.4 34179.8 29091.1 36359.8 34776.4 31971.1 32772.9 31757.8 31961.8 31629.2 37040.1 33626.6 33665.6 33097.2 31364.3 32867.5 27773.3 13520.2 26287.1 20391.3 21835.9 56536.3 19229.5 24798.9 31401.9 34014.4 26697.7 25307.2 18481.1 18372.9 17996.7 20846.8 19267.1 12290.6 16750.1 22125.5 21665.3 21723.8 19376.4 20363.4 17523.2 29584.4 33772.3 32114.2 33790.5 37663.5 31611.8 36078.2 22944.4 22732.2 24362.7 21370.5 23337.7 24424.7 15514.9 23511.8 29925 21822 24983 13113.3 16761 15567.1 23980.5 18956 23183.9 17930.4 19271.6 14407 15245.3 21093 19007.5 19745.4 14882.3 20687.5 17299.4 24193.9 12527.7 19148.6 12937 14272.6 20969.5 16890.3 25322 21630.1 12552.9 21948.3 19511.5 7167.15 18433.4 17009.5 13192.6 9946.98 40438.2 30170.2 18497.8 18354.2 15371.5 16254.6 23567.3 25753.3 33326.2 28142.1 30705.2 32689.3 26400.7 28669.7 18494.3 12655.8 28535.4 32351.3 23450.5 21692.4 
24414.4 23605.4 18677 22809.3 41434.1 35883.2 43402.3 27866.9 14863.1 10577.7 10059.1 19808.3 19752.4 7371.64 16327.3 7797.82 7024.47 25315.8 0 13362.3 43773.7 46205 9721.64 35102.4 45277.5 31431.7 29915.3 38975.3 33152.3 36253.7 28985.7 30944.9 30828.6 27036.9 29754.5 25799.4 29299.6 35506.3 36115.6 31538.3 47109.3 44289.7 33820.4 44999.7 12510.7 16243.5 14729.4 15253.4 12323.4 11515.4 11588.4 9878.68 10702.8 23512.4 25743.2 36974.4 24895.2 20376.4 25738.4 41443.2 23894.8 47127 43841.7 57766.4 51329.3 35965.7 52317.8 40401.3 40630.8 26994.7 40162.7 41817 43237.6 21908.2 22591.5 16479.4 43000.5 37976.9 28622.3 33697.9 40391.5 40558.9 26253.8 22551 25013.5 24096.9 16516.6 97231.5 80829.2 40486.8 36166.1 38932.6 32761.4 106612 61530.6 91351.1 38719.8 59000 17358.6 14929.1 14352.5 15598 13965.2 13358.5 13534.4 12798.3 11330.9 11880.8 14013.7 11248.1 15238.7 22766.1 18769.6 15156.2 10688.3 12664.9 17759.3 15067.2 9603.16 11249.3 11187.9 13327.3 10136.2 20695.7 12101.4 12135 15632 10343 18391.9 18919 18536.7 14042.2 17448.8 18848.3 14707.5 14730.4 16071.6 15808.8 15323.2 23099.4 17499.1 13641.6 17389.6 15696.6 16271.9 32274.2 14169.8 33939.7 9456.63 16747 59532.7 12596.5 9461.92 13240.1 35154.8 11843.4 23455.8 14345.8 13048.3 14843.1 13729.3 15940 20951.3 13287.6 18907.2 19200.9 13780.3 14033.5 10952.9 13092.9 35654.3 43264.2 35815.9 42624.2 42890.2 42274.7 48724 23405.4 28038.2 34634.5 31590.5 30249.4 31017.7 31471.6 35283.7 22183.1 23315 15335.5 27095.3 13386.4 13278.7 32981.3 22043.8 13435.4 28952.7 25200.7 21559.8 17226.3 26246.5 21193.5 24891.5 17889.7 22432.9 14040.6 20784.2 18721.2 28351 28373.7 29026.7 23974 27225.3 30073.8 33333.3 25096 16002.8 20464.9 20514.2 16664.1 21606.1 18492.4 19770.8 26766.1 46340.9 30271.5 31751.5 14600.1 15965.5 19471 16756.9 27877.6 39450.6 24420.4 10782.1 10774.9 12158 24943.2 25187.4 10593.4 14239.4 10160 9969.71 
28713.9 27897.8 25379.1 29256 47978.6 43352.7 46103 33694.1 15341.4 14273.3 11358.7 25450.4 22988 10910.7 16455.4 12122.3 12304.1 32092.8 13362.3 0 44665.4 46465.9 9706.66 33251.8 47425.5 27926.5 30262.9 40192 29090.1 31250.7 25040 26674.9 30058.6 24073.2 31205.2 21910.7 34773 31504 46152.3 41810.2 56152.9 53165.8 43611.1 54891.5 8464.7 23367.1 15691.7 23235.5 10462.8 10489.1 17857.9 17276.8 17813.8 33797.9 30352.1 45337.2 30463.7 28802.2 31601.8 50002.6 31649.7 49230.4 53266.1 62845.1 59655.6 41594.5 61461.1 44072.4 50992.9 33953.9 47457.2 48853.3 53057.3 28822.4 29531.9 23981.4 53732.6 44628.1 34680.3 42508.8 51457.9 44599 38595.4 34591.7 37801.5 36539.4 29356.7 103727 74325.7 44163.1 34757.8 41925.3 24631.3 110661 62805.1 98100.5 39930.4 65208.2 24121.6 15550.3 22091.5 22709.3 20782.2 15298 19790.3 20677.6 19063.9 19335.3 21730.1 21861.8 21805.3 29929.1 21571.8 19979.3 12999.7 12342.1 14071.9 14588.8 12688.6 9573.57 14442 17206.9 7938.09 27550.4 18466.6 17573.2 18343.1 11179.6 22624.6 25162.9 22828.5 16522.3 21757.6 21152.2 18008.2 15513.5 24907.7 23043.4 22964.9 28391.1 26382.5 18125.2 24290 15870.3 20371.7 36081 20132.3 38589.1 13428.1 22936.5 62390.9 16900.1 11583.5 10853 43261.9 13477 28626.6 21489 16349.2 18865.3 14068.7 20928 26650 18411.4 20763.5 22030.8 15495.1 17713.9 13983.8 16877.7 40171.6 49540.1 42787.4 49325.1 44560.1 48594.1 56631 26212.8 32688.4 41140.3 38462.8 36047.7 37056.1 38983.5 42580.3 24198.8 28415.6 13522.6 32047.7 18430.8 19708.5 38458.3 26076.1 22176.5 35247.8 32518.2 25099.8 24121.2 32075.5 28877.1 30345.9 24286.8 28978.7 19346.7 25314.2 24748 32393.5 31094.4 34354.6 25802.6 28470.5 36768.3 36895.3 30484.1 17664.1 21756.3 27993.6 25565.3 26584.6 23643.9 25618.7 30476 48469.8 32967.9 35623.9 20480.7 22595.7 22914.6 14872.6 29570.7 43780 30061.6 13640.7 20977.7 21496 28088.1 27897 17341.4 15770.2 12695.4 14437.9 
39137.1 35975.5 35446.9 40983.8 69706.3 65525.7 62466.8 33238.3 39182.6 40557.9 45292.4 25892.4 24506.5 38979.9 29283.2 37480.4 42829.4 37880.8 43773.7 44665.4 0 20800.7 47452 47788.8 12274.9 67067.7 65918.7 73842.2 69209 69541.4 65302.6 67865.8 65570.6 61863 56845.4 60855.2 63308.8 70943.9 67874.3 62013.4 75307 71407.7 65493.4 74654.5 45784 42873.4 45346 42591.3 46033.4 48346 40450.8 39675.7 40285.4 36654 30472.6 50822.5 36376.3 35964.8 49882.4 66864.1 44903.8 80278.4 70525.4 79604.4 68914.3 62714.1 72099.3 70874.1 63558.4 34631.4 56740.9 62821.1 62399.6 41516.5 40140.7 36073 60385.1 45829.5 52274 53507.6 61501.3 33011.2 58886.3 55033 50463.1 43562 49888.2 97806.4 68758 51332.7 30506 40779.8 51899 89854.5 63480.4 111794 32540.6 63124.7 42760.7 37107 40247.2 41659.5 40942.7 46037.7 43733.8 43491.4 40921.7 40736.2 42589.9 42554.9 42848.2 29959.3 39991.7 38871.9 37416.5 38921.9 46839.5 43899 45671.8 43045.5 39035.2 46266 48956.8 52097.2 46637.5 45798.9 47714.3 46047 52365.1 53056.5 50970 45508 53852.8 52239 49373.9 50142.8 49355.2 49467.6 49122.6 54482.2 51287.3 48206.2 50602.3 48179.1 50423.5 38319.1 32871.8 47204.2 35493.4 39030.4 54481.7 32666.6 37801.9 41413.1 50152.9 33785.9 39129.8 37873.7 33059.4 34202.2 31334.1 29517.5 29110.8 32594.6 31837.5 33155.4 30419.7 30180.5 33493.6 31238.9 44202.4 60847.7 50130.8 60599.1 57809.7 60729.7 67188.8 36208 36737.8 38080.1 37877.8 30244.1 30658 41656.5 39331.1 55541.9 48563.3 38390.6 43965.3 31799.7 33031 38449.6 36879.8 47032.5 36452.3 39830.3 35926.5 37494 38370.4 36277.4 39954.4 34643.7 41281.7 35611.6 42183.1 34228.9 39391.2 43710.3 46249.6 35980.8 41208.5 34706.5 22462.5 26804.8 33181.5 26140.3 35140.2 43165 24747.5 27077.7 29178.1 37162.6 29176.4 22496.1 25199.5 31414.7 28821 29718 30940.1 31427.3 37910.3 22016.5 51515.4 45529 46872.4 24698.3 32283.7 38674 37222.8 35782.5 37124.9 
