242 242
0 19618.2 9456.78 22846.8 31922.3 31543.5 22840.2 25160.9 24811.1 29566.4 19442.3 19363 18323.5 20438.2 18264 22239.9 19452.9 20487.8 32567.8 21857.4 24414.4 45220.4 29378.7 39771.9 41766.6 46070.4 48694.7 47714 53769.7 55562.4 50836.1 51263.5 47045.5 53050.9 49512.8 47647.3 43755.1 42740.7 44901.3 47050.3 52543.3 50270.6 44641.5 58290.5 54569.4 48706 27765.6 25862.4 32324.8 27915.5 25499.9 30325.5 31638.9 29169.4 36361.9 38217.2 43560.5 45957.8 39502.7 46068.1 54922.8 46446.5 31294.1 37986.8 47644.4 34845.4 51627.1 41669.3 36307.3 41301.5 39607.3 18512.3 27732.7 26857.1 18114.5 22439.5 18723 51093.3 43819.7 30520.5 22222.5 17347.2 39638.2 27716.2 19895.3 77224.3 28628.9 75399.7 31671.5 41234.6 58429.1 28498.2 82659.9 57069.5 36403.5 62165.2 55005.8 29769.5 23383.4 22271 29952.1 24194.1 23354.3 26185.9 26213.5 25717.8 23714.8 24927.5 25461.3 20966.9 30468.2 22359.7 25070.4 19196.2 20148.9 24378.1 13412.6 30382.6 22245.8 25089.1 21407.9 28709.4 31281.3 35198.5 28171.6 30485 28615.4 34500.2 35746 32021.9 33073.6 27919.6 36012.5 28975 32136.5 28702 32244.9 34012.1 31305.6 33051.8 33622 30594 33322.5 18682 27345.3 20990.4 17017.8 48923.7 22493.1 28587.2 20298.4 28447.4 21477.2 23660.1 16975.6 31421.5 15689.4 16381.8 18214.4 13919.9 13937.9 18149.2 15585.5 15317.4 16161.5 16987.5 17301.5 51801.4 45991.1 50493.2 53036.1 52515.9 51319.8 48265.4 48341.1 37210.4 41932.2 33574.4 32854.3 31883.1 38705.8 39244 34504.7 24335.3 19611.4 26378.2 24954.2 15001.3 15144 26276.1 16095 28976.7 28424.8 22192.9 22110.8 24775.9 18090.5 22549.2 14097.7 12157.9 18749 21093.9 29183.4 30846.7 33554.6 30215.7 37360.2 25333.4 18281.8 16958 22401.2 17650 21292.1 21696.2 25048.2 20301.6 18691.4 18074 24623.7 23320 37493.6 34358.4 28025.6 25264.2 29089 17570.4 18820.9 26079 21273.4 22192 26108.9 31944.1 32175.6 28241.8 27376 29037.6 33352.2 32965.7 25625 28060.6 19322.6 19242.4 
19618.2 0 18018.5 24091 42133 40892 18968.7 26307.2 24709.6 28782.9 19276.2 20128.6 18180.1 21469.1 18739.6 20615.3 18918.3 13000.6 26471.2 8848.08 23605.4 44180.4 28407.2 40547.9 39485 44905.7 47591.5 46488.1 53478.2 54485 49877.1 50721.7 45945.4 50896.5 48956.8 46066.3 42978.8 41421 43292.5 46393.5 51806.5 49187.5 43256.2 56935.8 53144.5 47409.5 27205.1 24679.9 31270 26038.2 24395.7 29711 32212.4 18988.8 37315.2 39013.9 38383 46371.8 36017.9 50341.3 59055.9 59083.7 30652.7 49870.5 54228.4 37864.7 53041.9 53441.2 43780.6 46893 50753.1 19395.4 18466.8 22777.8 17983.8 22445 19158.7 36504.7 38278.5 23925.9 35449.8 31791.3 24098.9 19873.4 28809.9 76593.3 24615.6 73714.2 32177.7 28242.8 48361.7 26692.4 85086.9 57231.1 33947.6 62756 56616.8 28747.2 21667.7 21624.2 29294.2 23190.3 22184.3 25528.1 25147.8 24678.4 22421.2 24081.9 24145.7 17344.2 30367.6 15837.1 22966.4 17126.6 19013.2 19820 15221.4 26154.7 19449.3 24376.6 20232.5 28005 29731.3 34104.8 27427.1 29730.5 26854.4 33883.4 34786.2 31464.3 32360.1 27246.1 35420.7 28405.5 31392 28129 31205.4 32980.6 29693.3 32198.9 32569.1 29872.9 32331.3 11930.5 24783.4 21122.3 15804.1 58387.5 21681 28329.4 19865 37451.8 22828.1 24271.5 17731.7 37566.6 14657.8 15764.5 16574.5 11857.4 17028.7 19493.8 16784.2 15826.5 14352.4 16286.4 16303 36334.7 36964.9 42664.3 37960.4 40970.2 36412.6 33603 34722.7 28404 34127.3 24876.9 27320.3 21119.4 35507.6 28675.5 28920.5 9497.49 19375.8 22211.6 10154.5 13447.5 14362.9 26100.9 18343.6 20524.1 17551.3 22747.2 11306.8 16674.5 15467.4 23391.5 21680.5 25827.7 24643.4 11280.8 16023.6 18845.7 17602.7 24301.8 28916.7 23677.7 14679.6 17537.3 18962 15807.7 27633.4 9903.34 14858.3 17280.3 17743.7 14118.4 17346.7 23882.1 41301 32193.3 21683.5 20252.3 21259.3 14466.2 16827.9 24964.2 22192.3 21359.5 21481.6 31886.5 31997.9 15130.6 26646.3 28055.1 34784.1 41296.3 28182.4 30437.1 18390.6 18078.2 
9456.78 18018.5 0 16349.9 35351.3 32668.6 20194.2 22315.9 21682.6 24955.7 17336.1 15275 16446.9 18245.2 15821.2 18519.1 14622.7 17406.7 31163.9 18278.2 19042.9 44088.9 24765.9 37458.4 40563.6 40296.2 42549.3 41901.3 47951.5 49389.4 44871.7 45019.2 41077.7 48164.1 43520.1 42178.2 37935.5 37313.4 39247.9 40878.8 46432.2 43985.6 38306 52163.5 48238.4 42859.3 22504.5 19526.2 26009.8 23560.7 19571.2 25093.4 27827.5 25751.5 32309.9 34535.1 38040 43396.6 33590.5 44256.6 56095.1 47762.3 25493.3 38264 48625.3 30368 47498.8 42302.1 38277.5 45073.5 42399.5 16852.7 24504 23311.8 12168.6 16785.4 13011.1 47080 42428.1 27737 22279.4 19797.5 34953.9 24104.8 13882 79966.8 27447.7 77473.1 33529.2 41357.2 57756 27851.8 88271.3 61619.2 35911.4 59451.5 59852.8 26391.5 19990 15670.7 24078.6 17801.8 16984.2 20501.9 19702.5 19105.2 17378.6 18539.7 19128.7 18543.5 27941.8 20333.9 22272 15980.5 16697.1 21044.9 11010.8 27638.5 20103 20559.3 16702 23474.9 26343.5 29857.7 22762.7 25592.1 24053.3 29109.7 29849.4 27273.3 28563.1 22951.9 30725.6 23641.2 27256 23837.4 26412.5 27823.8 27180.5 27740.6 28051.4 25423.3 27649.2 15810.1 24494.4 18573 12298.1 53780.1 18137.9 23691.7 16019.7 26171.8 19584.4 19280.2 12029.8 34427.3 11398.1 13496.6 15167.1 10232.4 9985.63 14020.8 13109.1 11531.6 11532.8 13575.6 12754.7 48615.3 42047 46026.8 49457.7 48863.2 47883.3 45189.4 47069.6 33294.1 38418.1 30174.1 29434.1 28266.3 36103.5 35023.4 30853 22509.9 18870.3 23361.1 24617.2 10332.2 9731.08 27054.9 15310.6 25957.7 28472.5 23881.9 21223 24975.1 16679.7 20029.6 13183 13516.9 19022.7 17787.2 26974.3 27660.2 30816.5 26719.6 33246.5 24366.8 14725.6 16428.5 19921.2 16322.7 17472.5 18598.3 21840.7 16016.2 15387.9 14318.8 19338.7 22586.9 34674.5 35087.8 27169.7 24245.3 28050.1 14960.2 14940.9 24512.1 20066.6 21630.3 22627.1 33319.2 26747.6 26706.1 20868.8 23074 30942.3 33208.9 22360.5 26289.4 15084 14389.3 
22846.8 24091 16349.9 0 42999.5 30315 29811.1 27185 26555.1 29719.9 20339.1 18436.4 19764 22364.7 19258.1 21768.5 17846.1 21607.9 35624.3 23727.8 22809.3 46603.4 27714 41510.8 43005.8 44259.8 46787.2 46070.4 52694.3 53896.4 48964.5 49268.1 45028.3 51352.6 47537.1 46698.3 42043.8 41157.6 43607.1 45501.9 50651.9 47772.2 41610.6 55448 51702.8 45765.9 25978 23142.6 29748 26200 23038.1 28555.3 31330 28004.5 37218.9 38274.7 41506.6 43481.8 37702.1 42172.3 62777.7 53141.6 29463.1 47334 47815.5 36585.2 42779.7 50195.3 51530.4 56886 54592.3 26603 31142.8 27050.2 13908.4 19432.5 15880.3 54069.4 53819.2 38000.7 28319.7 30290.2 38542.7 33615.6 20455.2 74722.3 32714 88492.2 37158.7 48137.9 65876.1 39503.4 84526.5 73186.9 46878.1 62718.9 67348.3 30156.8 23101.2 20216.7 27995.9 21554.1 20659 24268.3 23330.8 22874.9 20819.4 22415.5 22426.5 27146.1 31982.2 28622.6 25736.5 19847.8 20321.2 24490.7 19430.4 31258.8 27423.4 23343.5 20082.2 26615.6 29552.8 32551.5 26095 28159.4 27347.4 32572.8 33308.8 30251.6 31222.2 25833.8 34141.1 27150 30361.6 26794.5 29677 31516.7 30933.9 30765.6 31040.7 28515.2 30802.9 19878.1 28396.1 27392.7 15243.8 56306.5 21791.2 27973.1 19384.1 30832.4 23856.3 21200.8 19705.8 40549.7 14945.4 16320.2 19686.5 17278.7 14613.5 20867.4 17246.4 15175.3 14847.7 16397.1 15362.5 50335.1 43420.8 47589.9 51064.6 50957.6 50205.3 47710.8 54384.7 37283.5 41706 34154.1 33650.1 32900.6 39013.4 37879.4 38292.1 27188.6 30085.6 24281.8 32435.2 12582.1 11575.1 38257.5 23820.9 33115.8 36792 34581.4 29033.8 34144 24767.1 23885.4 24707.7 25399.8 29109.7 23440.1 31904 30496.1 34812.5 30866.2 35706 29502.4 21527.1 20004.9 21608.1 19341 29633.9 22309.4 26290.3 18383.9 17740.5 15180.4 21625 26275.1 38412.1 46341.9 31578.5 29293.2 32754.5 17847.9 16673.9 28167.5 23598.3 24467.6 25935.6 39906.8 30340.4 33286.3 24382.8 26581.7 34398.2 44544.9 25805.4 29998.7 18155.4 17357.1 
31922.3 42133 35351.3 42999.5 0 44038.4 45726.7 49021.1 48750.7 48711.8 50967.6 48581.2 49732.3 49218.2 49262.6 42121.5 40434.4 46191 51711.6 43853.5 41434.1 76348.3 45071.3 68377.1 72947.8 65546.3 67809.2 68369.4 72287.6 77003.5 69525.2 69618.4 65638.2 74460.8 66437.3 69247.4 62988.1 62018.4 65747.4 67390.3 71380.1 71230.2 68052.8 81609.5 78790 69321 44254 49706.4 54501.2 49262.9 49132.3 46104.8 60813.1 46094.3 61045.8 62997.3 60067.6 46437.8 57208.1 47380.9 42090.3 42317.2 47089 42667 46237 55765.3 53629 43754.8 43899.2 41509 43021.2 39098.9 43493.6 46013.6 37398.5 40972.5 43971.9 64587 50221.3 38574.9 28027.6 29914.6 54645.6 40423.7 33939.7 59833.7 52500.6 82896.6 41434.9 61744.2 72233 49882.9 79165.5 63080.1 52691.1 82117.9 54032.4 47704 46830.5 47803.3 47036.5 48452.5 46567.1 43434.4 46324.7 44117.4 44210.7 47614.9 46851.8 33044 56101.3 37464 45913.6 40227.1 41581 42568 41550.9 47859.7 39409.6 43499.2 44330.3 45362.1 47253.9 53808.5 45195.4 47446 44714.4 51096.8 52783.8 47861 49742.3 44479.1 52228.6 45095.6 47856.8 45204.9 50914.8 52431.6 48811.9 50027.6 51341.9 47136.4 50425.6 43937.5 47111.8 41282.4 43393.1 57015.8 47188.8 49047.3 43123.7 42726.7 46127.1 46181.3 39029.4 44016.6 42572.5 44179.2 43485.5 41116.8 41172.7 38599.8 44082.7 42541.9 41156.7 42117.9 41251.4 66887.5 65720.4 69602.1 68720.5 69284.8 66142.9 63173.2 56423.3 63705.6 67513.2 58294.8 60373.9 56646.5 65916 62935.9 47246.8 42361.7 28367.2 46278.2 44081.7 41374 40649 40458 33603.9 44468 48543.9 40616.9 46367.9 44293.2 37710.3 50350.8 31236.9 32668.5 36401.6 43007.4 44967.5 46479.8 46961.7 48808.1 58173.1 55639.4 44249 44798.3 46753.8 48891.7 37050.3 41937.4 43625.3 48253 48520.2 44652.8 45404.9 40249.2 60291.5 59480.2 57099 55321.9 57872.5 41970.2 43042.5 50936.5 45039 48610.2 48557.5 46561.6 47829.6 46469.7 45284.1 46727 51354.1 51954.1 45647 48820.4 39980.7 40373 
31543.5 40892 32668.6 30315 44038.4 0 44379.5 42047.8 42569.6 46392.1 43036.2 45097.2 45027.4 37784.7 42812.9 40727.3 41137.3 39048.5 50619.9 44561.6 43402.3 64839.8 50669.7 55937.6 65960.2 66027.5 68005.6 67075 74323 74883.6 70585.3 73596.8 66540 70258.9 71169.6 66735.8 64595.2 62051.8 64043.9 67949.3 72966.6 74938.3 69385.3 83031.2 79314.6 73546.2 50072.2 50530.1 56810.1 45722.2 50121.4 52402.6 55433.9 52914.3 59806.3 58758.8 65913.5 48017.6 63279.1 46216.5 66154.3 58007.1 53900.4 53978.5 48621.1 56876.9 47252.3 52496 62732.2 54202.6 62779.8 42499.4 44768.2 51064.1 32637.9 38346.2 36280.8 74578.4 68478.1 54538.8 34369.6 39988.1 62706.3 51365.4 36867.1 63777.2 45414.6 90172 38667.4 57777.6 72811.2 43848.6 68248.6 73934.2 55473.4 78562.5 61454.9 44724.5 38704.1 46638.4 52728.3 48801.4 47981.9 48870.5 50706.3 50044.3 48440.6 49182.9 50208.1 43465.1 54436.6 43614 50361.7 37366.4 39239.9 44391.2 34647 47699.7 36828.3 46407 41463.8 52850.6 50610 59965.8 52574.9 54945.1 50202.1 58585.3 60127.6 54411.9 57046.8 51978.1 59489.4 52207.9 54972.9 52693.4 56982.3 58622.2 52535.4 57504.7 58334.6 54462.7 57803.6 38535.1 43055.4 39307.9 41812.2 48989.7 40691.7 44232.9 40074.4 40798.5 40639.2 38429.1 37870.1 40092.9 40010.4 37582.2 38442.5 38104.4 39161.4 37838 39385.6 40273.7 38096.9 37549.4 38927.6 74940.8 70446.9 75329.9 76669.5 76248.3 74616.2 71663.1 71313.2 61775 67183.3 56739.2 57223.6 55589.7 65110.9 63651.7 56126.3 45760.6 43574.8 44457.8 41881.9 39336.6 38314.2 53308.2 40117.9 44872.9 52938.4 49213.9 47360.2 47793.9 43158.9 42079.3 40155.5 37533.7 45168.5 40781.5 51613.7 54073.7 57157.1 54443.9 62120.5 49775.8 41686.7 39897.7 38770.8 38761.5 37998.7 45077.8 48430.4 45489.9 44433 42711.3 42255.6 39023.1 53191.6 53407.9 51505 49634.3 53751.6 38105 41457.5 48924.7 42722 39001.9 46217.9 43813.1 53898.5 52346.3 51872.7 53496.5 41271.6 48513.7 49218.5 50475.7 40077.8 41592.2 
22840.2 18968.7 20194.2 29811.1 45726.7 44379.5 0 28766 28710.2 32969.7 21860.9 15428.4 19635.9 26032.2 21304.2 26303.2 24789.2 16668 17711 15943.5 27866.9 42434 33715.9 46441.3 33340.3 50430.5 53905.3 52418.4 58530.2 60376.5 56061.9 57738.4 51900.9 56969.8 53946.9 53013.5 49234 48780.8 50245.5 52510 57622 56154.6 50521 64214.5 60817.1 54910.3 33072.9 32673.6 38490.8 33524.3 32113.5 35134.8 29915.7 22167.6 38825.2 36348.2 32134 38942.9 27714.7 44619.6 50197.9 45434.6 35986.2 36217.4 44292.9 38910.6 44331.1 38236.4 34757.2 34095.6 35866.5 16257 19982 22978.3 23170.5 26959.8 25321.9 34698 36966.5 25350.8 37507.2 34145.1 27929.3 24065.8 30319.8 73839.7 16752.9 63252.7 25534.1 21874.6 40722.8 21730.4 79242 45939.5 20349.5 50502.1 45674.6 34195 30008.7 28795.4 35041.8 30662.8 30057.6 31517.8 31946.4 31308.1 30030.6 31217.8 31343.7 22108.5 20896.2 18716.5 28045.7 25421.7 24875.7 25823.6 18581.4 34140.7 27038.8 31270.6 28904.4 34943.2 35227.3 41533.9 34364 37015.6 32846.8 40459.7 41821.6 37148.3 39122.7 34511.6 41643 34620.2 37228.8 34794.5 38465.2 39900.1 36029 39391.5 39880.9 36816.4 39549.6 17140.9 24079 15732.9 26142.4 44422.4 26341.7 30025 23258.9 27926.9 23248.5 23292.4 20640.3 26799.3 24256.6 23484.6 16678.2 15912.8 18429.8 16961.9 22221.6 20516.7 22685.5 22523.2 23571.1 39947.9 34358.3 37686.2 40078.8 39681.9 38450 35734.1 48062 23505.7 27031.8 20028.3 18650 20810.1 25571.2 23664.3 34989.7 20308.7 26942.6 26771.3 22236.5 24928.2 24645 18203.3 17079.5 25201.8 22332.1 21688.3 18890.4 25277.7 19982.3 27932.7 19935.7 21583.3 20585.1 16371.1 19868.9 22502.2 23383.8 18140 22321.5 15292.4 13535.8 19350.2 24618 21426.6 28937.5 14968.9 18852.4 15717.4 16566.8 19335.3 12957.9 21023.5 30641.1 21153.1 14847.6 13408.5 16964.7 18273.8 17672.3 14563.5 25232.8 26785.4 12677.4 18061.2 36547 24172.1 33088.4 35076.8 32706.4 28269.5 24859.4 27839.2 24914.4 26246.5 
25160.9 26307.2 22315.9 27185 49021.1 42047.8 28766 0 12907.7 11261.1 17316.2 21258.5 19550.1 9772.51 19388.1 11584.2 13769.8 20089 20707.1 31011 14863.1 35530.1 20147.6 21819 41613.5 33768 36505.2 34673.3 43624 43271.4 38274.4 45109.3 35117.2 36103.1 40008.6 35525.5 33599.1 30003.2 33396.5 38259.8 41841.5 48222.5 43790.7 57707.9 54597 47145.6 19702.3 25026.6 29912.8 12147.6 24556.6 21941 26748.1 28370.5 29548.9 26811.5 36284.3 52246.1 33951 56813.2 69675.4 62139.7 24483.1 47259.3 63939.5 27487 51881.9 50419.8 47472.1 44996.9 53496.3 21491.1 24806.5 22276.1 27081.4 15933.4 27976 54010.2 55654.5 39914.3 40227.9 36573.6 41677.5 38844.4 30876 99940.5 15692.5 71669.4 37098.3 29087.9 42723.2 26555.6 104596 59459.6 32535.6 39350.3 57184.9 13045.6 12162.9 22820.5 22482.6 24012.2 22647.4 18537.1 23291.5 22471.3 22102 23021.8 24304.8 21989.7 25505.7 20264.6 22885.6 12015.6 12011.3 14220.7 13490.3 16725.6 14818.5 17493.6 14058 23892.9 18678.5 32474.7 24273.3 26546.3 20796.3 29864.3 31709.1 24242.8 28953.1 23256.6 30528.7 22722.9 25821.5 24034.1 29512.1 31053.3 24017.7 29019.2 30390.7 25302.9 29382.7 18684.8 11777.3 25233.2 19341.2 48960.4 11944.1 8209.77 11195.8 40189.4 8678.56 25533.9 20406.9 36019.9 17301.9 13338.4 16922.7 22193.7 15725.6 18310.8 11626.9 13541.8 14394.1 13028.5 15146.9 51461.7 44277.3 48229.6 52209.8 49245.2 51788.1 48342.4 51637.1 39015.4 41888.8 36123.5 33464.7 37561.6 38412.5 39969 34689 27272 30231.9 15289.6 29293.9 17917.8 18921.7 36814.6 23964.6 19770.5 31816.6 33508.2 26761 28396 23930.8 12541.6 25015.6 22715.4 25984.2 22699.3 32891 31189.1 36318.5 26899.1 35014.2 30943 26809.6 13496.1 12194.7 14252.5 22351.3 26076.1 29169.2 22848.9 20610.8 21373.5 34696.4 42908.7 19051.2 40981.3 28868 28145.4 31327.8 18264 19435.8 19190.4 12764.4 12442.2 19704.6 39256.5 23930.7 39986.1 24988.5 25605 40994.8 27079 17096 17333.7 13691.5 15846.2 
24811.1 24709.6 21682.6 26555.1 48750.7 42569.6 28710.2 12907.7 0 9079.65 18007.4 20576.7 18335.2 14909.7 20193.2 11244.4 12084.2 21259 23999.9 28516.6 10577.7 42334.9 15800.8 31961.4 43069 26658.6 34444.9 28889.4 37639.7 37865.3 35117.6 39852.4 31474.5 33091.1 31476.5 30394.4 28722.3 29030.9 28193.9 31748.4 37151 37477.6 32610.2 46462.4 43473.1 36642.1 17666 17428.4 19789.3 16952.4 13921.7 18363.5 18747.5 25943.3 22857.8 22807.5 26634.4 46289.8 26276.1 48122.6 60378.9 53934.5 16155.6 40510.9 55264.6 22278.1 45804.5 41895.5 39978.1 42014.2 45146.9 21298.9 19896.1 22057.8 25330.2 16412.5 25876.8 47388.9 49855.8 35269.4 31436.7 28989.8 34592.7 29522.6 23847.9 99727 22493.6 79673.3 39098 36794.1 50970.9 27815.6 105942 62100.4 35632.9 42427.3 58448.9 12924.2 14646.6 16081.5 17540.2 18518.5 17615.4 15429.7 16068.1 16694.1 17472.1 15430.9 17014.1 19466.7 17962.3 20275.5 18232.9 12501.2 12918.9 15434 13848.7 21034.3 18646.1 15574.3 14624.7 21092.5 16379.2 25253.4 19835.8 22191.1 16777.4 23803.2 22875.5 16264.2 24301.4 21976.9 21974 19835.1 21028.6 20347.1 19592.8 21309.6 16496.9 23331.5 21275.6 22950.9 23277.5 15501.3 13600.3 25765.5 17611.3 58103.7 7917.07 12020.1 9923.36 37934.6 9199.9 24526.5 16664.6 39392.8 15744.9 12205.9 17002 22697.7 14220.9 20491.9 12738.7 14864.3 13127.7 11729.8 14657.3 49144.9 38865.1 42902.7 46447.6 48543.5 47045.3 43909.3 50409.9 32594.5 35659.3 27979.9 26332.9 30204.2 33666 34163 27891.5 26945.8 29983.1 17874.4 28678.1 17041.5 18085.6 35721.4 25585.9 18309 28897 30014.5 23274.2 23733.9 18236.2 16570 25006.7 22763.6 26933.3 18085.8 33060.1 30614.4 35610.3 27405.1 35231.8 32326.1 26684.5 14982.2 14697.4 16996.5 20001.6 23852.4 24753.2 22845 21101.2 20174.6 34173 42099.6 27031 43861.9 28558.8 28484.2 30113.5 17046.2 18719.5 18847.8 15132.1 13873 18726.5 39471 15557.2 39096.2 15663 16040.6 41747.7 32776.1 12340.3 14508.9 14161.9 15239.4 
29566.4 28782.9 24955.7 29719.9 48711.8 46392.1 32969.7 11261.1 9079.65 0 22543 25105.2 22488.3 16430.9 25561.6 10333.4 12626.9 24920.1 23743.7 32718.5 10059.1 45174 12737.5 30661.8 47975.7 25591.6 30295.9 27440.8 35865.4 36904.9 30905.2 38471.8 28084.6 32260.7 31156.9 28652.5 26059.4 23845.2 26361.5 31076.5 34362 40579 37352 50476.6 47657 38925.6 14882.8 20473.5 23779.1 13613.6 18397.3 15023.2 24875.1 25946.7 26335 25592.7 27855.8 46898 26809.6 48899.1 61462.4 55763.4 14440.2 39765.4 57394.7 23105 44155.7 44561.3 42197.3 42588.7 47512.4 22976.8 21474.6 21209.2 29544.9 15757.3 30307.9 48991.4 50103 34682.1 34196 30879.2 36621.7 32892.2 25249.1 103706 23616.9 76267.3 42844.9 37808 46428.8 30408.4 111126 60814.6 32139 38428.5 57838.8 8066.37 16172.5 18816.6 14456 21040.5 19516.7 12870 16868.5 15931.2 18047.5 18387.1 17790.3 18899.3 24605 20820.8 19046.8 13325.6 13377.8 12461.2 17218.5 15791.3 15042.1 12884.5 14142.2 17628.9 11580.7 25748.3 17102.1 19264.7 12937.2 22223.8 23087.6 14560 22924.2 18527.3 20139.8 16161.4 17717.8 17100.6 20895.7 22689.5 15914.7 21527.3 21526.5 19074.7 20157.3 19264.2 12799.8 29988.9 19368.5 57945.9 9519.1 8555.31 11709.2 40596.6 11711.6 28876.5 21192.8 43613.5 17502.1 15186 20730.6 26498 18289 22130.9 15576 17729.6 15320.3 14469.2 15833.4 49677 40817.3 44396.2 47984.8 47064.3 48291.6 43893.7 49143 37278.6 40244.9 34254.5 32746.7 36009.3 38395.6 38099.5 26823.9 29327.3 29929.7 15092.4 31801.7 19336.4 20594.8 37622.2 27413.9 16040 31558.5 34268.3 28027 27125.1 21048.1 18793.5 27093.2 24370.3 28328.8 23288.8 33044.4 30429.9 35971.7 27154.5 35889.4 37369.1 30398.1 19355.3 17609.8 22062.7 19007.8 27001.7 26479.6 26406.3 24571.5 24141.7 38129.4 46300.7 25668.9 49002.6 33526.4 33451.4 35045.5 21128.1 22835.3 22052.3 15603.3 16897.5 21720.7 43481 13763 43056.3 16997.4 17591.6 47069.8 31590.6 12137.6 14971.5 13364.5 15052.7 
19442.3 19276.2 17336.1 20339.1 50967.6 43036.2 21860.9 17316.2 18007.4 22543 0 9527.5 5747.35 10528.5 4983.37 17106.4 15838.9 13303.7 21245.6 22565.4 20421.1 27629.2 25780 30572.4 25844.4 41912.9 44443.4 43285 50028.9 51321.4 46883.7 48006.5 42811.5 47578.6 46195.2 42856.6 40050.2 38167.3 40062 43515.6 48813.2 46492.6 40500.7 54217.2 50390 44724.8 24626 21931.7 28554.9 23419.5 21714.8 27085.5 14284.2 25643.3 21797.9 20581.2 35195 51467.5 31496.3 55267.4 66979.8 57571.2 27955.8 47227.7 59338.5 25890 54980.4 49286.7 41528.5 49589 50886.9 17543.6 25311.1 19616.5 22432.3 17284.9 20869.5 48292.1 53076.5 36990.8 38195.5 34536.7 36291.4 34201.9 28181.5 89432.8 16920.2 75393.3 35287.2 32191.8 50477.2 24021.2 88755.1 59589.2 33515.8 44957.3 58126.4 22986.6 17222.3 18551.2 26675.9 20410.4 19451.4 22938.9 22334.8 21888.4 19669.2 21335 21325.4 24024.6 16514.2 23370.1 21040.8 16730.4 16943.7 21529.6 11240.3 27492.1 23244.6 21731.3 18132.7 25473.2 26589.5 31488 24878.5 27504.5 24113 31374.8 32082.3 28960.4 30265.7 25423.5 32873.7 26026.7 28714.7 25824.6 28561.6 30290.2 25853.3 29682.2 29925.3 27818.4 29687.5 14669.3 17655.2 21614.8 13487 52088.7 15011.7 18807.1 12455.1 34109.2 12048.6 20958.2 18453.4 32434.8 11980.8 9550.3 12261.1 13530.6 11003.9 14701.7 9145.68 9329.67 11508 12464 14374.6 47974.9 39048.5 42509.9 47610.4 46387.7 47866.3 44534.6 53425.3 29117.4 33463.8 27240.2 23074.8 28502.4 27595.1 31479.7 37079.8 25722.6 30951 19504.5 27563.7 11949.3 12633.7 28826.5 18306.3 28440.9 21901.1 24037.8 22037.2 24652.3 20065.3 11468.1 22258.2 21828.2 20083.3 17240.7 30490.6 28816.1 32641.1 24649.2 28722.5 16569 16004.5 10754.5 14018.7 7137.89 29970 20781.8 24566.8 12203.8 8856.07 12246.9 24112.3 33255.2 22843.6 30747.7 14044.1 12418.5 16387 14272.2 13474.8 16879.7 11430.1 14230.1 16554.4 32125.3 29074.9 30352.4 23824.1 25355.1 29364.2 30645.3 15714.1 16602.2 15185.7 15799.7 
19363 20128.6 15275 18436.4 48581.2 45097.2 15428.4 21258.5 20576.7 25105.2 9527.5 0 6338.42 16818.7 8974.72 19342.6 15379.3 12629.9 18867.9 16733.3 19808.3 32587.6 25475.6 37380.7 28094.7 41580.7 43959 43240.2 48991.1 50935.7 46198.6 46727.4 42357.4 48866.6 44890.7 43553.9 39295.5 38894.6 40659.2 42520.3 47786.8 45125.9 38935.7 52788.9 49087.4 43249.2 23961.7 20437.7 27079.1 25255.8 20362.5 26187.1 19237.3 21314.4 27791.2 26671.4 28604.5 44362 23914.9 47996.3 58145.1 48322.8 26816.7 39339.9 50300 29199.8 48235 42410.4 36544.4 45148 41943 15020.9 23259.7 16831.1 18804.2 18146.5 16927.4 40408.2 45912.9 30334.6 34256.5 30861.6 29823.1 28559.6 24278.4 81658.9 15649.7 75664.1 34963.9 31800.8 48421.8 26802.3 87036.7 59416.7 31146.4 45708.6 57476.4 26272.4 21697.3 17123.4 25385.5 18885.2 18032.6 22048.7 20655 20087.1 18299.9 19746.6 19755 21973.2 14317 20944.8 18405.8 18119.5 17506.9 20217.1 13350.2 28121.9 24998.3 21527.5 19273 24489.8 27046 30454.6 23677.3 26530.9 24674.1 30169.3 30709.9 28253.5 29893.4 24927.8 31650.4 25259.6 28066.1 24954.1 27168.3 28847.9 27391.4 28459.6 28550.3 27179.3 28287.7 13066.8 18187.1 18243.8 13879.9 52390.1 17124.4 21965.1 14640.8 27359.1 15363.6 17896.8 14973.4 32496 12793.4 13527 10677.3 10980.1 9175.24 14356.5 12272.7 10278.6 13190.7 14002.2 14938.3 43065.7 32721.8 35583.8 41940.4 40647.9 41821.4 38383.6 50969.1 22742.7 26918.2 21345.5 17701.9 22478.8 22672.3 24665.1 33590.6 23073.4 28765.8 19297.9 28030.4 12592.5 11511.9 22301.8 16288.4 26838.5 24339.5 23616.9 19019.5 26122.4 16758.8 17970.5 19573.8 19683.8 18483.3 16063.5 25585.3 24156 28014.8 18644.5 22640.5 14867 10563.9 10626.2 15820.4 10062 28594.2 16633.5 19709 7118.48 5343.27 8632.31 17174.2 26999.1 24646.8 32483.9 14612 12512.1 16506.8 12326.1 8456.89 12079.7 16667.1 18918.5 11709.2 30389.9 27737.9 26827.7 21707 23946.4 33115.7 29203.4 15642.2 19606.6 17042 16473.7 
18323.5 18180.1 16446.9 19764 49732.3 45027.4 19635.9 19550.1 18335.2 22488.3 5747.35 6338.42 0 13275.9 6641.95 17303.2 13715.1 13209.3 20261.5 19094 19752.4 30896.2 23868.2 33536.3 27577.3 39665.6 42727.5 41537.6 47860.9 49427.8 44770.4 45331.6 40910.9 46564.6 43560.5 41347.5 37471.9 36591.5 38657.4 41072.1 46505.4 43619.3 37314.5 51147.1 47266.4 41364.4 22411.6 18777 25397.3 23503.3 18512.4 24307.7 16484.1 21512.7 23497.4 23792 30974.1 47601.9 27179.2 51016.3 62745 53361.2 25071.6 43816 55025.9 28255.9 51387.6 46918.8 38041.4 48880.5 46863 14729.9 24088.2 16271.4 20746.3 19410.5 18590.2 44009.6 48828.7 32890.1 35587 31834.7 31851.8 29675.1 25955 86699.6 17431.8 78027.3 35842.1 32988.1 51522.2 25584 89319.5 61730.7 32483.8 47634.3 59800.9 23410.4 19209.8 15982.9 24078.9 17535.4 16702.5 20694.5 19395 18955 16657.4 18466.3 18392.8 21526.6 15403.3 20239 16703.6 16583.8 16623.5 18953.8 12679.8 26372.6 24236.2 19433.9 16975.1 22996.3 24808.5 28793.7 21784.2 25001.8 22833.5 28743.6 29021.9 26437.2 28436.6 23613.1 29748.1 23871.5 26464.6 23446.6 25271.9 27181.4 24743.6 26840.1 26624 25899.9 26376 12522.5 17688.1 19540.6 11670.7 54722.4 14498.2 19840 12840.3 31429.9 12844.6 19673.1 15907.9 34937.6 10465.8 10612.6 11809.6 10602.7 9653.33 15065.2 9713.56 8787.18 11434.6 11889.6 13228.4 44585.5 34442.3 38707 43525.9 42920.5 44323.2 40870.8 50321.6 24354.9 29415.8 23151.4 19340.8 24469.6 23740.1 27125 33941.3 23002.9 29020 18709.7 26824.5 10781.5 12054.2 24902.2 17026.4 27225 21288.5 21336.3 17778.5 24088.7 16395.9 14587.4 20678.1 19876.3 18071.5 16054.3 27613.9 25541.3 29359.2 21022.6 24843 15581.7 13076.7 8784.17 14954.5 7498.41 29663 17395.6 20867.4 9548.91 6715.57 9016.45 21406.3 30486.7 26844.4 33943.8 14309.4 12569.1 15510 12890.6 11474.7 14090.9 14095 16555.4 14195.3 32570.8 27315 27376.6 21605.3 22909.6 32107.5 32148.3 14700.1 17035.1 14869.7 14582.8 
20438.2 21469.1 18245.2 22364.7 49218.2 37784.7 26032.2 9772.51 14909.7 16430.9 10528.5 16818.7 13275.9 0 12956.7 12424.9 13210.4 14270.2 21147.9 27240.7 17444.9 29473.6 23220.8 21110.1 33692.2 37556.4 40033.4 38649.5 46941.6 46444 42361.5 46462.3 38378.7 41334.7 43749.1 38284 36456.3 33347.2 35851.5 40475.1 45228.2 46629.8 41428 55088.6 51575.2 45278.7 22281 22075.4 28352.8 16646.6 21602.5 24611.4 21523 27988.8 25725.2 22927.4 38062.4 54055.3 35232.1 58333.6 70858 62400 25986 49215.3 63897.1 26190.6 55539 51836.4 48293.7 47131.4 55012.1 21109.3 24995.5 22346.2 24341.4 15878.7 24017.6 53136.5 56560.9 40788.6 39670.9 36081 40884.9 37890.4 29834.2 94372.3 16706.6 75309.3 36476.7 30519.2 48753.7 24276 98072.8 60113.9 36456.3 45042.8 58320.5 15565 8768.67 19476.8 25038.2 20989.7 20112.4 21180.5 22614.7 22075.5 20300.7 21208 22447.1 23478.5 23976.4 22774.7 22387.3 11793.6 13685.6 17929.5 10280.7 22578.4 16881.5 18718.7 12976.3 24562 22233.3 31345.8 24120.3 26668.5 22186.6 30261.6 31774.1 26663.7 28777.3 23759.6 31444.9 24202.9 26896.8 24456.5 28370.7 30103.3 24149.1 29051.1 29714.6 26352.7 29349 15591.5 15037.5 24835.5 14108.8 51973.8 11283.6 11937.3 10452.3 38697.9 8972.7 22569 19271.6 32931.7 12053.8 8053.71 12845.6 16760.4 13024 17054.2 8190.04 9216.06 9901.81 9220.27 11075.8 50738.4 42432 46935.4 51506.8 49256.3 51355.9 48311.3 53214.8 34201.7 38861.2 32355.3 29963.9 33542.9 35029.3 36708.1 37395.9 25923.3 30457.5 16987.9 25292 12214.8 13496.2 35735.3 20873.2 25069.6 29081.1 31113.8 25276.5 26010.7 23104.8 7368.03 24518.9 22939.8 25125.4 20971.2 32528.7 31356 35927.7 27077.2 33002 24348.6 20766 10740.5 10205.1 8522.26 25180.2 24212.3 28262.2 16668.3 14122 15693.7 28857.5 37351.4 22845 33782.8 22022.6 21988.7 26261.2 14023.6 15819.1 19408.9 11642.7 10923.8 18079.7 37538.7 27440.8 34280.9 24823.1 25600.6 34362.1 29989.4 17878.9 18003 11207.5 13000.2 
18264 18739.6 15821.2 19258.1 49262.6 42812.9 21304.2 19388.1 20193.2 25561.6 4983.37 8974.72 6641.95 12956.7 0 19079.7 17186.9 14417.7 24141.6 20271.1 21292.6 29115.1 27190.9 32555.6 25138 43350 45698.8 44825.3 50935.7 52592.4 48047.6 48619.1 44106.6 50321.1 46961.8 44566.4 41229.1 39880.4 41780.7 44306.9 49719.9 47308.5 41122.1 55026.6 50997 45515.5 25666.7 22652.1 29314.4 25607.4 22619.7 28172.6 16790.4 24618.4 22919.3 23703 35383 50160.3 31403 53216.8 65787.7 56957.9 28887 46780.2 58299 26174.5 53543.2 49882.2 40994.7 50602.5 50401.5 17052.3 25240.1 19336.4 20412.4 18282.6 18187.1 47638 51103.1 34853.4 36898 33403.7 34327.8 31601.3 27271.4 87699.5 19244.4 75321.1 35062.3 34692.6 51912.6 23415 86303.6 60402.9 34387.9 45884.2 58074.4 26040.8 19519 19132.6 27519.2 21120.5 20174.9 23827.2 22869.3 22349.6 20346.1 21981.9 21937.1 23811.9 17136.7 22898.1 20502.7 18090.1 17430.8 20798.6 12462.3 28285 24570.4 23142.2 18816.7 26555.8 28646.7 32492.7 25937.2 28465.6 25724.3 32335.6 33017.1 30172.6 31284 26000.6 33872.9 26867.1 30019.7 26837 29475.5 31083.2 28209 30721.7 30870.4 28476.4 30592.1 14376.6 19837.9 20812.7 14495.9 52172.3 17800.8 21911.9 14877.4 33817.7 14426 19511.5 16333.5 33689.1 13064.5 11932.1 13050.2 11020.5 10568.3 15803.2 11084.8 10063.4 13208.7 13821.9 15310.9 46977.2 38863.1 42807.4 47330.8 46041.1 46791 43498.4 52076.8 30025.3 34308 27820.4 23965.6 28194 28358.1 31993.3 35436.3 23436.2 29233.8 19208.6 27206.5 12067.4 11519.4 28818.5 18035.7 27869 21001.3 24192 20613.3 23717.1 18857.4 13505.9 21918.1 21582 20892.3 16375.4 28839.9 27170.8 31587.1 24616.8 29048.4 15704.2 15400.8 9666.03 15098.2 7121.44 30344.5 19152 22956.4 12066.3 9691.97 11042.3 22279.8 31050.6 25496.9 30374.4 14719.9 12808.9 16287.7 13265 11720.7 18006.5 12585.3 14978.9 18460.7 32391.7 29804.8 28763.7 23978.1 26253.6 29435 32029.1 18075.9 18838.1 16258.5 16694.6 
22239.9 20615.3 18519.1 21768.5 42121.5 40727.3 26303.2 11584.2 11244.4 10333.4 17106.4 19342.6 17303.2 12424.9 19079.7 0 5354.26 19302.1 22673.3 24973.2 7371.64 41130 12839.1 29222.6 41334.8 27397.6 32499.1 30342.3 37783.8 39258.3 33501.4 37105 29454.8 34422.2 32367.8 30867.2 26752.3 25777.5 28129.4 31735.8 35732.9 37280.1 33142 46812.8 43879.2 35594.5 10906.4 15281.2 19802.9 10250.8 14221.5 12403.5 24606.7 21201.1 25815.1 27464 31888.1 47433.5 29574.7 50578.5 64572.6 57745.2 14202.3 42644.2 58768.4 26324.1 47346.6 46793.4 45245.5 45963.3 49916 18398.9 20954.7 18150.2 21279.3 11211.7 22019.2 48497.5 49158.2 33408.9 32282.1 28587 34816.3 30935.5 22230.1 96437.8 21677.3 80329.5 38605.7 35325.5 52260.3 31911 104293 63705.9 35798.8 48489.4 61693.3 8899.35 8059.99 15062.2 12902.6 14507.2 12933.6 9238.16 13154.3 11830 11457.9 14058.1 13376 16702.1 23780.5 17821.5 16262.3 6877.21 9934.85 11223 11167.1 17948.3 13842.4 8952.15 7112.7 13306 10225.7 21021.4 13181.4 15547.5 10291.2 18897.8 20830.9 14435 17891.8 12954.9 19792.9 12688.2 15288 13058.5 18083.5 19809.8 13441.4 18032.1 19153.1 15048.7 18411.5 13657.5 13245.8 24113.7 9417.71 58698 7295.02 11309.8 6811.19 35803.6 8450.75 21970.8 14464.8 40049.1 7880.53 8105.22 13986.3 19694 12089.4 17089.5 8896.18 10958.2 7406.48 6627.62 7022.11 44748.5 37107.2 42321.6 45408.2 43908 44970.3 41638.5 45318.3 34855.4 37719.9 31518.7 30496.8 32398.5 35286.1 34769.4 27747.7 22416.3 23929.6 14692.5 24562.4 10706.8 12004.8 34314.8 21562.9 17138.9 29444.6 30797.3 24932.1 25081.2 18554.4 12966.3 21524.3 21197.7 24423.3 17966 28087.8 24930.2 29538.3 22939.8 30481.4 30526.5 23216.1 13236.6 12493.6 16969.7 19246.4 19167.3 21690.9 19358.8 17783.3 16077.2 30712.2 38597.8 26995.2 43604.6 28412.4 27187.2 30187.4 12922.3 15428 18316.3 13568.9 14562.3 16370.5 37427 16985.1 35327.4 16392.3 16851.8 42463 33453.3 14294.7 16365.7 5743.2 6181.97 
19452.9 18918.3 14622.7 17846.1 40434.4 41137.3 24789.2 13769.8 12084.2 12626.9 15838.9 15379.3 13715.1 13210.4 17186.9 5354.26 0 17907.4 24065.5 20642.3 7797.82 41370.1 11448.3 30975.9 39818.3 26916.2 30834.1 29641.1 36092.8 38034.3 32267.7 34386 28261.4 36168.8 30989.6 30260.2 24885.3 25067.3 27256.8 29119.7 33933.4 35850.2 31148.1 45065.2 41812.1 34348.6 10078.9 11731.1 17180 11316.7 11710.8 11896.4 23674.6 19432.6 26203.4 28256.7 29212 44702.3 26827.6 47713.7 61793.1 54978.3 12863.4 40382.7 55930.4 26437.9 46399.1 46144 43603.6 48216.2 47172.5 17590.1 21067.2 17340.9 17834 12446.7 18150.5 46470.4 46339.9 30949.1 29711.3 26074.6 32021.2 28423.6 19786.8 92436.9 21748.7 82388.2 39741.8 37974.8 54923.5 31991.6 102004 65644.5 37650.5 50868.7 64104.7 12532.4 9715.18 10347 12088 11348.1 10017.6 8830.98 11076 10408.8 9898.45 10239.2 11972.7 14338.5 23083.6 16223.6 14745.5 6229.17 8613.34 11539.2 10664.8 17647.8 14581.9 6932.2 6547.79 12396.9 11921.7 19949.7 12065.9 14708.8 10607 17779.7 19552.6 13668.3 17504.4 12736.9 18450.9 12120.9 14079.3 12151.7 16826.7 18478.9 14970.1 16814.9 17930.5 14651.7 17143.9 11859 15635.4 22428.6 6741.52 60021.5 6965.47 12978.2 6140.86 33574.3 10234.9 20339.3 11793.9 40438.3 5789.34 7713.67 12060.3 15921.4 9113.37 16329.6 8463.94 8196.16 4923.64 5214.63 4899.62 43200.1 35068.8 39990.5 43038 42591.4 43149.4 39642.3 43886.7 30186.5 35511.7 27745.3 27555.1 27544.6 32570.8 31976.5 25444.2 18541 21593.3 14824.8 24614.8 7135.38 8406.5 31921.3 19337.5 19354.3 28955 29924.3 22239.3 24972.1 16759.5 14660.5 19565.6 18707.8 21720.7 17995.9 25203.5 23409.2 27991.6 21177.7 29216.2 28575 19260.7 11187.5 12417.5 16221.7 20004.4 17594.4 19675.8 15472 14839.4 12181.9 26715.2 34580.3 28832.4 42950.6 26018.5 25037 27250.7 10345.2 11748.8 16186.5 13478.3 15591.3 14817.7 37942.6 15090.9 31369.4 13966.8 14426.3 40779.7 35669.2 12998.9 16240.4 5474.62 4748.99 
20487.8 13000.6 17406.7 21607.9 46191 39048.5 16668 20089 21259 24920.1 13303.7 12629.9 13209.3 14270.2 14417.7 19302.1 17907.4 0 16389.2 15285.9 21815 33528.3 27574.2 34213.5 32090.5 43769.2 46369.5 45211.1 52776.9 53247.5 48809.8 50349.7 44737.5 48106 48471.6 44784.9 42221.8 40069.4 41988.1 45792 50986.1 48746.8 43549.4 57285.4 53688.3 47383 26624.2 24146.7 30753.8 23409.5 23868.9 29124.6 26685.2 17958.1 34000.2 30208.4 30870.8 43369 28351.4 47060 58018.9 52378.7 30162.4 42124.1 50614.3 33957.6 47867 44951.2 41409 40783.4 45078.7 16561.7 15516.3 16932.6 19501.6 18969.7 19046.5 39789.9 44420.7 28657.3 36882.1 33006 29171.9 27442.8 28837.5 80532.3 13111.2 73517.6 31629.6 27451.9 46984.4 22613.5 89260.6 57034.6 31496 50812.2 56649.3 24836.3 17568 21757.6 28949.3 23090.5 22225.3 25183.1 24591.3 24137.8 22253.6 23637.3 24405.9 19795 21679.4 17057.2 21221.9 15180.3 15206.8 18279.5 12156.4 23487.1 17257 23521.9 18960.7 27520.5 28276.1 33453.9 26984.4 29055.2 26217.4 33465.6 34314.6 30856 31573.4 26733.5 34979.7 27957.6 30694.3 27665 30628.4 32522.6 28620.7 31680.6 31938.2 29420.1 31708.1 9502.39 14585.2 19041.5 16196.7 51124.3 17572.9 20956 15864.9 31512.9 17392.1 18179.5 16445 30071.4 14899.9 12459.1 8662.87 8960.34 13411.8 14399.3 14160.1 11967.7 13516.1 13813.4 16158.9 39670.8 33058.3 36923.9 40547.2 39320.5 39361.1 36697.2 45490.7 24315.7 30163.1 20269.3 21194.8 20322.9 28603.5 25860.1 32464.7 16972 25442.2 15878.2 18350.9 13580.2 14254.4 25810 16693.3 21044.9 24361.7 25774.7 19439.5 24101.1 18192.4 17983.4 19695.8 23468.1 22771.4 12383.8 20636.2 19822.4 23568.9 18123.6 24111.3 16339.2 8858 11842.2 11433.7 8686.98 27098.5 12476.8 16542.2 9780.97 10539 9292.01 14832 23815.8 29618.1 28950.9 16506.4 14020.9 18416.5 8752.04 9784.55 16302 16920.7 15000.3 12258.7 31233.8 31052.6 21449.9 25782.2 27587.5 34123.9 30627.6 22006.2 25432.2 16023.2 17020.1 
32567.8 26471.2 31163.9 35624.3 51711.6 50619.9 17711 20707.1 23999.9 23743.7 21245.6 18867.9 20261.5 21147.9 24141.6 22673.3 24065.5 16389.2 0 26989.3 23620.5 36290.1 27468.5 40966.1 33846.5 47767 50792.3 50230.5 55066.3 59307 52550.9 54488.9 48456.8 51837.3 50383.2 50959.7 46594.3 44397.9 47873.2 51398.8 55142.7 54148.2 51309.4 64562.6 61743 51772.6 28761 33414.4 37736.5 30287.1 32354.6 29163.6 28003.3 19053.2 32610.8 25785.5 28446.4 42793.9 23463.3 47755.4 55503.6 46734.1 30022.8 39184.6 49525.3 31477.4 47149.2 40013.4 38119.6 35130.4 39705.6 16463 16410.2 16613.5 32559.8 22180.8 33749.8 38208.3 44106 30105.2 43325.9 39297.2 31557.5 33138.6 35809.2 87761.6 9628.91 63217.2 31437.8 19458.7 35206.9 25382.6 93044.7 43732.7 22777.7 36840.7 48078.9 21418.4 23683.3 31428.6 30580.7 32604.7 30845.1 27426.8 30046.1 27555.1 28240.9 31583.7 29687 22007.1 18889.5 21673.7 21925.3 22744.5 23961.8 22365.9 21525.1 26956.8 22725.7 27702.7 29194.5 28018 28423.8 36299.2 27386.8 30274.8 26129.4 33790 35018 30926.9 32844.7 28272.9 35041.9 28547.4 30579.6 28191.2 33312 34871.7 27612 32300.3 33682.2 30579.4 32615.3 18768.5 13062.6 25414 28231.9 45560.3 23473.3 19532.3 19242.9 34876.6 17964 30259.4 26398.7 29664.7 26365.5 22080 19922.2 23358.4 22880.7 18546 21353.6 21269.6 24097.5 23530.2 26390.9 40109.7 32002.8 34107 39288.4 36058.5 39296.5 35628.7 49530.6 25424.3 27966.1 23637.9 20487.9 28440 25822.6 25074.3 34085.2 27209.9 32685.3 23318.8 30374.2 27706.3 28988.1 23116 22538.1 22223.6 25081 29678.9 25901.2 27096 23508 21681 27639 25966.9 24692.5 20650 25567.6 22609.9 26110.6 15110 19446 19788.6 20130.3 19859.6 18428.8 18440.4 33545.5 21328.1 22015.1 18709.1 19435.3 22056.3 24893.3 36219.7 24525.2 30397.5 16285.7 17514.5 21666.2 21590.3 20828.8 13036.1 19638.2 23183.6 12900.2 27068.1 31666.8 35251.3 28864.9 29536.4 40138.2 23065.9 19054.2 20793.3 22822.9 24695.9 
21857.4 8848.08 18278.2 23727.8 43853.5 44561.6 15943.5 31011 28516.6 32718.5 22565.4 16733.3 19094 27240.7 20271.1 24973.2 20642.3 15285.9 26989.3 0 25315.8 47120.7 30336.6 46636.9 40303.1 46675 49451 48308 55354.6 56067.7 51365.6 52015.6 47488.1 53922.7 49797.8 49023.5 44415.1 44332.1 45987.2 47633 53075.4 50064 43591.5 57600.7 53468.5 47764.2 28756.5 25140.4 31814.6 29822.4 24928.6 31064.3 33945.1 14564.8 40257.1 41423.6 34925.9 39244.2 32289.5 43251.1 51737.4 53127.4 31736.2 44136.8 47066.2 39991 47184.1 49552.8 41702.7 44042.2 45169.1 19234.7 16555.3 22779.7 16135.6 25841.8 18090.9 32759.6 32578.6 18591.8 32856.5 29430.2 18820 18018.2 26316.2 72356.2 25018.5 71412.8 28675.9 27543.5 47273 25642.5 82245.7 54788.9 31713.4 61126.2 53614 32892.3 27398.8 22682.8 30217 23673.9 23042.6 26969.2 25366.7 24927.3 23073 24508.9 24406.4 18383.6 28942.8 17058.3 24391.1 21383 22199.4 23704.6 18853.2 30092.3 23614.9 26340.9 24131.1 29000.9 32127.8 34617.1 28378.6 30584.9 29961.5 34791.2 35394.4 32567.6 34179.8 29091.1 36359.8 30020.1 32772.9 29110.4 31757.8 33626.6 33665.6 32900.4 33097.2 31364.3 32867.5 13520.2 26362.9 20682.8 18193.1 56536.3 24798.9 31401.9 22535.4 34014.4 26697.7 25307.2 18481.1 36322.8 18372.9 20846.8 19267.1 12290.6 16750.1 21665.3 21723.8 19376.4 18648.9 20363.4 19143.3 33772.3 32114.2 37388.4 33790.5 37663.5 31611.8 29458.6 38242.2 24362.7 29681.4 21370.5 24424.7 15514.9 32243.5 23511.8 29925 9509.18 21822 24983 13113.3 16761 15567.1 23980.5 18956 23183.9 17930.4 22674.1 12537.5 19745.4 15174.1 28508.4 20687.5 24193.9 23547.3 12527.7 12937 14882.5 14272.6 20969.5 25322 21630.1 12552.9 20037.7 21948.3 19511.5 28299.7 7167.15 8657.8 17009.5 18719.8 13192.6 13411.6 19143.8 40438.2 30170.2 20838.5 18497.8 18354.2 15371.5 16254.6 23567.3 25753.3 25583.9 19969.9 28142.1 32689.3 12734.5 26400.7 28669.7 36195 38931.5 28535.4 32351.3 23450.5 21692.4 
24414.4 23605.4 19042.9 22809.3 41434.1 43402.3 27866.9 14863.1 10577.7 10059.1 20421.1 19808.3 19752.4 17444.9 21292.6 7371.64 7797.82 21815 23620.5 25315.8 0 46205 9721.64 35102.4 45277.5 27646.5 31431.7 29915.3 36235.5 38975.3 33152.3 36253.7 28985.7 34771.9 30944.9 30828.6 27036.9 25799.4 27730.2 31389.8 35506.3 36115.6 34077.3 47109.3 44289.7 33820.4 12510.7 16243.5 20504.4 14729.4 15253.4 11515.4 25743.2 19854.9 24895.2 25554.2 25738.4 41443.2 23894.8 43841.7 57766.4 51329.3 11498.6 35965.7 52317.8 21930.3 40401.3 40630.8 40162.7 41817 43237.6 16828.3 17565 17106.5 21908.2 11193.7 22591.5 43000.5 43876 28622.3 26253.8 22551 28696.2 25013.5 16516.6 97231.5 24577.6 80829.2 40486.8 38932.6 49659.6 30672.4 106612 61530.6 33563.4 44286.3 59000 10088 14929.1 14352.5 13479 15598 13965.2 10493 12798.3 10611.3 11880.8 14013.7 11248.1 15238.7 22766.1 18769.6 15156.2 8859.62 10688.3 12664.9 14307.5 17759.3 15067.2 11249.3 11187.9 13327.3 10136.2 20695.7 12135 15632 10343 18391.9 18919 13158.6 18536.7 14042.2 17448.8 12424.9 14730.4 13013.7 16071.6 17499.1 13641.6 17538.3 17389.6 15696.6 16271.9 14169.8 13878.5 25267 14165.2 59532.7 9461.92 13240.1 10100.6 35154.8 11843.4 23455.8 14345.8 41810.8 13048.3 13729.3 15940 20951.3 13287.6 19200.9 13780.3 14033.5 10780.8 10952.9 10635.5 43264.2 35815.9 39259.9 42624.2 42890.2 42274.7 38600.7 43971.1 34634.5 38109.9 31590.5 31017.7 31471.6 36701.7 35283.7 22183.1 23024.1 23315 15335.5 27095.3 13386.4 13278.7 32981.3 22043.8 13435.4 28952.7 31649.5 24674.7 24891.5 17092.1 19389.9 22432.9 20784.2 24557 18721.2 28373.7 25073.5 29026.7 23974 30073.8 33333.3 25096 15702.2 16002.8 20464.9 16651.5 20514.2 19557.8 21606.1 20973.3 18492.4 31532.7 39349 26766.1 46340.9 30967.3 30271.5 31751.5 14600.1 15965.5 19471 16756.9 17729.1 17331.7 39450.6 10782.1 37122.9 10774.9 12158 43981.9 33209.4 10593.4 14239.4 10160 9969.71 
