245 245
0 19618.2 19117.2 22846.8 31922.3 27440.9 22840.2 25160.9 24811.1 29566.4 19442.3 19363 18323.5 20438.2 22239.9 19452.9 20487.8 32567.8 24272.2 21857.4 24414.4 19388.3 28713.9 39137.1 45220.4 29378.7 39771.9 41766.6 46070.4 47714 53769.7 55562.4 50836.1 51263.5 47045.5 53050.9 49512.8 43755.1 42740.7 44901.3 49235.3 47050.3 52543.3 50270.6 45198 44641.5 58290.5 54569.4 48706 57839.1 27765.6 25862.4 32324.8 27915.5 25499.9 28161.6 22932.3 22098.4 23337.9 31625.2 29169.4 36361.9 38217.2 26821.5 25180.3 45957.8 39502.7 50510.8 40168.7 46068.1 46446.5 31294.1 37986.8 47787.7 34845.4 51627.1 41669.3 36307.3 39607.3 18114.5 22439.5 18723 17802.5 51093.3 50415.2 30520.5 46250 51832.2 51634.2 22222.5 39638.2 31796 19895.3 77224.3 28628.9 75399.7 31671.5 41234.6 37614 58429.1 28498.2 82659.9 57069.5 95470.2 80957.2 62165.2 55005.8 29769.5 23383.4 24194.1 28171 23354.3 28960.2 26185.9 26681.6 25717.8 23928.9 23003.8 23714.8 24927.5 25461.3 20966.9 30468.2 25070.4 19196.2 20148.9 24378.1 30382.6 22245.8 27899.8 25089.1 31281.3 35198.5 29297.3 30485 34500.2 35746 33073.6 27919.6 36012.5 34713.4 28975 31443.6 32136.5 28702 31993.9 37426.7 33051.8 33622 33322.5 19512 32073 18682 27345.3 24727.8 18525 20990.4 15642.6 17017.8 19612.6 22493.1 28587.2 21477.2 23660.1 16975.6 31421.5 13919.9 18149.2 15585.5 17301.5 32155.1 23679.2 51801.4 45991.1 50493.2 53036.1 51319.8 48265.4 55591.6 24402.5 25884.1 33574.4 32854.3 31883.1 38705.8 30718.4 34504.7 24335.3 19611.4 26378.2 24954.2 15001.3 14713.1 15144 26276.1 27931.8 16095 18309.6 22192.9 22110.8 22510.1 19565.4 17167.2 24775.9 17706.7 18090.5 16401.6 21093.9 33052.3 29183.4 33554.6 31540.9 20359.8 24441 15366.2 23997 25333.4 18281.8 16958 17650 21292.1 21696.2 25048.2 15088.7 20301.6 18691.4 18074 17379.2 22902.9 23205.3 28025.6 35782.3 25264.2 29089 22192 26108.9 32731.5 31944.1 32175.6 28241.8 29037.6 15506.2 16360.2 38374.2 33917.8 
19618.2 0 14788.8 24091 42133 42212.5 18968.7 26307.2 24709.6 28782.9 19276.2 20128.6 18180.1 21469.1 20615.3 18918.3 13000.6 26471.2 23516.3 8848.08 23605.4 17340.7 27897.8 35975.5 44180.4 28407.2 40547.9 39485 44905.7 46488.1 53478.2 54485 49877.1 50721.7 45945.4 50896.5 48956.8 42978.8 41421 43292.5 47283.9 46393.5 51806.5 49187.5 43793.4 43256.2 56935.8 53144.5 47409.5 56429.4 27205.1 24679.9 31270 26038.2 24395.7 27503.8 22278.8 21366.4 22109.1 24795.5 18988.8 37315.2 39013.9 25749.9 30383.7 46371.8 36017.9 48464.9 48865.5 50341.3 59083.7 30652.7 49870.5 37447.3 37864.7 53041.9 53441.2 43780.6 50753.1 17983.8 22445 19158.7 16971.9 36504.7 47888.2 23925.9 33810.9 36025.6 53358.6 35449.8 24098.9 18609.5 28809.9 76593.3 24615.6 73714.2 32177.7 28242.8 37111.5 48361.7 26692.4 85086.9 57231.1 95216.8 91877.6 62756 56616.8 28747.2 21667.7 23190.3 26907.1 22184.3 26766.5 25528.1 25624.6 24678.4 22833.8 21690.5 22421.2 24081.9 24145.7 17344.2 30367.6 22966.4 17126.6 19013.2 19820 26154.7 19449.3 26861.7 24376.6 29731.3 34104.8 28446.2 29730.5 33883.4 34786.2 32360.1 27246.1 35420.7 34044.9 28405.5 30948.8 31392 28129 31050.8 36376 32198.9 32569.1 32331.3 18699.7 30736.3 11930.5 24783.4 28731.9 17467.8 21122.3 14751.3 15804.1 22324 21681 28329.4 22828.1 24271.5 17731.7 37566.6 11857.4 19493.8 16784.2 16303 30318.4 26773.3 36334.7 36964.9 42664.3 37960.4 36412.6 33603 38910.4 24101.1 25902.9 24876.9 27320.3 21119.4 35507.6 20733.1 28920.5 9497.49 19375.8 22211.6 10154.5 13447.5 13302.4 14362.9 26100.9 30781.5 18343.6 23315.2 22747.2 11306.8 10277.2 15800.3 21829.9 16674.5 16602.9 15467.4 17125.9 11280.8 18861.9 16023.6 17602.7 19268.4 21417.9 25687 16513.4 21215.3 23677.7 14679.6 17537.3 15807.7 27633.4 9903.34 14858.3 19469.5 17280.3 17743.7 14118.4 11337.5 23306 20722.5 21683.5 25795.9 20252.3 21259.3 21359.5 21481.6 31865.1 31886.5 31997.9 15130.6 28055.1 16852.4 13028.9 39702 35350.2 
19117.2 14788.8 0 13990.9 42216.8 34207.6 22579.3 23836.9 22054.2 26265.5 18595.6 14346.6 15961.9 20819.2 17771.6 14250.2 15104.9 27503.1 18742.6 15021.2 18677 10338.1 25379.1 35446.9 44319.8 23750.6 39870.1 39979.3 40349.4 42125.2 48673 49868 45319.7 45741.9 41259.9 47525.5 43539.6 38366.8 38103.5 39896.8 44703.4 41579.9 46868.8 43786 38081.8 37547 51380 47498.1 41744.8 50717.7 22063.4 19024.3 25657.7 22431.4 18839.6 22225.7 16820.1 15995.2 16553.1 21677.6 19655 34066.1 36289.6 25683.9 27991.8 44615.6 32440.8 46959.6 46365.5 45415.1 54864.7 25471.5 46698.6 37515.3 33657.4 46266 50901.6 45146.8 49487.2 9045.24 13788.1 8182.61 6603.54 45662.7 45916.1 29856.9 36988 42989.8 49568.6 30260.5 30144.9 23872.1 21413 78727.2 24907.4 83192.9 35181.3 39980.2 40289.7 56990.3 33399.7 88337.1 67632 107941 79823.9 59212 63162.9 26212.3 19814.7 17462.5 22741.9 16761.2 23459.6 20266.4 20049.5 18673.6 16867.4 16017.5 16817.8 18323.9 18363.9 19245.9 27499.2 19558 14735.5 15657.2 17769.5 23584.6 21055.7 22308 19968.2 25717.7 28504.8 22969 24119.3 28586.4 29217.2 27351.2 21984 30156.6 28570.7 23224.8 25693.8 26481.5 22804 25494.3 30800.9 26727.2 26994 26756.2 17395.5 35112 11280.6 23026.9 24263.6 13891.1 19536.2 10666.8 11829.4 11943.4 19446.8 25740.2 20257.6 17940.3 12817.7 36987.8 10602.3 16496.8 14200.3 11663.8 23812 17602 42339.2 36339 41605.6 43057.7 41797.6 39376.7 47485.4 23607.8 23810 26072.9 26265.5 24857.3 32474.7 23378.2 28537 18840.7 22274 21267.4 23994.5 9776.21 9528.32 8595.09 30619.8 28513.9 19907.9 23294.9 26859.9 19615.4 19359.3 17129.2 19389 24363.9 15214.6 17055.1 15867.8 14274.4 26516 24842.3 26309.7 24748.2 20609.5 23916.8 14369.3 20601.8 23470.3 15470.9 16012.9 15688.9 25480.5 13610.3 17389.4 14782.3 15250 15424.2 11382.2 10588 21099 24298.3 23866.5 30737.1 21405 24640.4 20777 19225 30725.5 36998.6 26396.1 26245.1 22490.1 16629.7 18493.7 37124.6 33676.7 
22846.8 24091 13990.9 0 42999.5 25503.4 29811.1 27185 26555.1 29719.9 20339.1 18436.4 19764 22364.7 21768.5 17846.1 21607.9 35624.3 22728.3 23727.8 22809.3 14233 29256 40983.8 46603.4 27714 41510.8 43005.8 44259.8 46070.4 52694.3 53896.4 48964.5 49268.1 45028.3 51352.6 47537.1 42043.8 41157.6 43607.1 48688.4 45501.9 50651.9 47772.2 42141.8 41610.6 55448 51702.8 45765.9 54777.7 25978 23142.6 29748 26200 23038.1 26185.6 20820.6 20004.3 20602.2 29844.8 28004.5 37218.9 38274.7 31616.8 30071.4 43481.8 37702.1 47176.2 47527.8 42172.3 53141.6 29463.1 47334 36487.4 36585.2 42779.7 50195.3 51530.4 54592.3 13908.4 19432.5 15880.3 11912.8 54069.4 51219.3 38000.7 45391.8 51545.1 51925.9 28319.7 38542.7 32318.3 20455.2 74722.3 32714 88492.2 37158.7 48137.9 44916.8 65876.1 39503.4 84526.5 73186.9 111965 71864.3 62718.9 67348.3 30156.8 23101.2 21554.1 26357.2 20659 27281.3 24268.3 24096.2 22874.9 21012.1 20092.5 20819.4 22415.5 22426.5 27146.1 31982.2 25736.5 19847.8 20321.2 24490.7 31258.8 27423.4 26136.2 23343.5 29552.8 32551.5 27012.9 28159.4 32572.8 33308.8 31222.2 25833.8 34141.1 32600.7 27150 29640.5 30361.6 26794.5 29543.4 34847.6 30765.6 31040.7 30802.9 20097.4 40916.9 19878.1 28396.1 23770.5 17161.5 27392.7 13519.8 15243.8 16117.1 21791.2 27973.1 23856.3 21200.8 19705.8 40549.7 17278.7 20867.4 17246.4 15362.5 23778.8 23804.8 50335.1 43420.8 47589.9 51064.6 50205.3 47710.8 55943.7 29474 26670.6 34154.1 33650.1 32900.6 39013.4 31428.5 38292.1 27188.6 30085.6 24281.8 32435.2 12582.1 12710.6 11575.1 38257.5 35267.8 23820.9 28711.4 34581.4 29033.8 29221.3 24921.5 23326.9 34144 21784.6 24767.1 22072.8 23440.1 33594.7 31904 34812.5 31948.5 22516.1 24686.4 15775.5 25444.8 29502.4 21527.1 20004.9 19341 29633.9 22309.4 26290.3 21908.3 18383.9 17740.5 15180.4 16891.5 24834.6 29800.1 31578.5 38579.9 29293.2 32754.5 24467.6 25935.6 35927.1 39906.8 30340.4 33286.3 26581.7 21891.1 25429.8 39154.5 36062 
31922.3 42133 42216.8 42999.5 0 25987 45726.7 49021.1 48750.7 48711.8 50967.6 48581.2 49732.3 49218.2 42121.5 40434.4 46191 51711.6 40105.6 43853.5 41434.1 47209.9 47978.6 69706.3 76348.3 45071.3 68377.1 72947.8 65546.3 68369.4 72287.6 77003.5 69525.2 69618.4 65638.2 74460.8 66437.3 62988.1 62018.4 65747.4 69030.4 67390.3 71380.1 71230.2 67116.4 68052.8 81609.5 78790 69321 80197.7 44254 49706.4 54501.2 49262.9 49132.3 44425.6 42648.9 42038.2 42610.9 53067.1 46094.3 61045.8 62997.3 51432.8 44002 46437.8 57208.1 50058.1 36943.5 47380.9 42317.2 47089 42667 54550.4 55765.3 53629 43754.8 43899.2 43021.2 37398.5 40972.5 43971.9 41574.1 64587 71133.1 38574.9 61444.2 64630.4 73418 28027.6 54645.6 48424.8 33939.7 59833.7 52500.6 82896.6 41434.9 61744.2 40663.5 72233 49882.9 79165.5 63080.1 110399 96390.5 82117.9 54032.4 47704 46830.5 48452.5 46613.9 46567.1 49181.5 43434.4 46061.9 44117.4 44711.1 44941.1 44210.7 47614.9 46851.8 33044 56101.3 45913.6 40227.1 41581 42568 47859.7 39409.6 43592.7 43499.2 47253.9 53808.5 46246.9 47446 51096.8 52783.8 49742.3 44479.1 52228.6 51349.7 45095.6 47574.7 47856.8 45204.9 49194.7 55184.1 50027.6 51341.9 50425.6 43835.3 49698.8 43937.5 47111.8 47108.2 41279.5 41282.4 41071.6 43393.1 43759.2 47188.8 49047.3 46127.1 46181.3 39029.4 44016.6 41116.8 38599.8 44082.7 41251.4 53680.5 52567.6 66887.5 65720.4 69602.1 68720.5 66142.9 63173.2 68871.9 43550 38865.3 58294.8 60373.9 56646.5 65916 56336.7 47246.8 42361.7 28367.2 46278.2 44081.7 41374 41076.5 40649 40458 45205.5 33603.9 34550.9 40616.9 46367.9 44673.9 37398.7 42499.1 44293.2 39834.6 37710.3 37972.6 43007.4 55176.7 44967.5 46961.7 48869.1 50667.9 55554.4 46318.2 54896.2 55639.4 44249 44798.3 48891.7 37050.3 41937.4 43625.3 29915.3 48253 48520.2 44652.8 43675.2 45799.4 48160.1 57099 64884.9 55321.9 57872.5 48610.2 48557.5 58830.2 46561.6 47829.6 46469.7 46727 45088.7 43910.9 59888.8 56496.5 
27440.9 42212.5 34207.6 25503.4 25987 0 44367 43200.7 42954.4 43893.7 44510.6 42963.7 44601.5 41852 36321.4 34747 41850.5 50693 36752.8 43358.3 35883.2 37228.1 43352.7 65525.7 69714.3 41341.9 60901.7 67282.5 60465.7 62896.6 67901.5 71037.4 64934.1 65944.8 60978.9 68121.5 63008.6 58542.1 57109.3 60420.4 62624 62665.5 66894 66165.6 61865 62920 76476.6 73657.1 64137.4 75049.7 41046.8 44207.6 49731.8 42948.7 44004.1 41413.7 38145.6 37083 38112.6 50610.5 45551.2 55328.3 56710.1 44603.7 37779.8 40830.4 55076.6 40881.7 38394.9 37568.9 40320 44028.6 40215.7 42378.2 51964 41438.1 39144.6 50193.8 45201.5 29836.5 32089 33575.6 33996 68386.8 69172.3 43708.6 62099.2 67759.8 70139.4 22381.5 56435.8 49394.8 27764.2 61511.4 49769.8 86372.2 35675 61205.5 40601 73684 48913.8 71180.6 67436.1 112132 73807.5 78092.8 54628.8 43316.9 40152.7 42997.1 41317.7 40945.3 43216.2 39964.9 42331.4 40197.4 39552 39808.3 38963.8 42384.9 41600.4 36176.8 51675.5 43365.1 35205.6 37122.2 39368.3 45518.6 38164.5 40076.9 39421.6 42825.8 49917.7 43326.7 44538.1 48176.6 49805.4 46768.7 41571.1 49326.1 48444.5 42198 44678.8 44775.4 42291 46232.5 51919.4 47107.1 48093.5 47505.1 36694.6 47311 39376.2 43302.1 30810.3 35030.1 38001.2 35299.2 37707.2 36089.7 40440.1 44275.3 40848.9 38085.2 33193.5 39375 37746.4 36445.7 37548.8 34863.8 38151.9 40935.1 68386 63138.6 67252.2 69897.6 67921.5 65432.5 72393.5 40683.2 37634.9 56018.2 57040.7 54409.3 62599.1 53021.4 49228.9 43340 33532.9 42151.1 44433.4 35509.6 35284.4 34497.4 45378.2 41876.3 35202.6 34986.1 44024.9 46887 45187.7 38589.8 38999.1 46088.1 39269.1 38677.5 37096.1 42698.8 51912.5 47030.5 50145 49449.9 44147.7 49175.8 40083.6 50355.9 51930.1 41526.7 39346 43216.9 31522.6 41277.9 42319 29285.4 42904.3 42912.6 40086.7 39893.7 43198.6 44680.4 54280.3 62487.2 52028.6 55062.6 43408.1 43902.3 53844.5 43455.9 44538.9 49530.6 43238.3 41192.9 40416.9 54455.1 50683.4 
22840.2 18968.7 22579.3 29811.1 45726.7 44367 0 28766 28710.2 32969.7 21860.9 15428.4 19635.9 26032.2 26303.2 24789.2 16668 17711 28777.9 15943.5 27866.9 22751.7 33694.1 33238.3 42434 33715.9 46441.3 33340.3 50430.5 52418.4 58530.2 60376.5 56061.9 57738.4 51900.9 56969.8 53946.9 49234 48780.8 50245.5 53455.6 52510 57622 56154.6 51080.4 50521 64214.5 60817.1 54910.3 63721.5 33072.9 32673.6 38490.8 33524.3 32113.5 33941.1 29248.2 28416.4 29715.4 17447.7 22167.6 38825.2 36348.2 14071.7 18412.6 38942.9 27714.7 51515.3 40530.9 44619.6 45434.6 35986.2 36217.4 40678.3 38910.6 44331.1 38236.4 34757.2 35866.5 23170.5 26959.8 25321.9 23992 34698 36562.8 25350.8 30010.2 36981 43529.7 37507.2 27929.3 19601.4 30319.8 73839.7 16752.9 63252.7 25534.1 21874.6 37715.7 40722.8 21730.4 79242 45939.5 88089.3 97157.2 50502.1 45674.6 34195 30008.7 30662.8 33295.3 30057.6 33851.4 31517.8 33020.4 31308.1 29593.8 28869.1 30030.6 31217.8 31343.7 22108.5 20896.2 28045.7 25421.7 24875.7 25823.6 34140.7 27038.8 32390.3 31270.6 35227.3 41533.9 35481.3 37015.6 40459.7 41821.6 39122.7 34511.6 41643 40964 34620.2 37215.8 37228.8 34794.5 38308.9 43653.7 39391.5 39880.9 39549.6 26364.9 18679.9 17140.9 24079 24320.8 23428.4 15732.9 24448.4 26142.4 25154.6 26341.7 30025 23248.5 23292.4 20640.3 26799.3 15912.8 16961.9 22221.6 23571.1 24591 30860.2 39947.9 34358.3 37686.2 40078.8 38450 35734.1 44794.4 16145.3 17656.4 20028.3 18650 20810.1 25571.2 20161.5 34989.7 20308.7 26942.6 26771.3 22236.5 24928.2 24601.6 24645 18203.3 32044.5 17079.5 16704.4 21688.3 18890.4 19810.1 17538.8 17967.3 25277.7 16455.9 19982.3 19703.6 16371.1 20471 19868.9 23383.8 20552.7 27496.4 25836.4 24151.5 14841.8 15292.4 13535.8 19350.2 21426.6 28937.5 14968.9 18852.4 21565.1 15717.4 16566.8 19335.3 17695 22716.9 15224 14847.6 21260.9 13408.5 16964.7 26785.4 12677.4 25974.4 18061.2 36547 24172.1 35076.8 17367.5 14956.8 34253 38056.1 
25160.9 26307.2 23836.9 27185 49021.1 43200.7 28766 0 12907.7 11261.1 17316.2 21258.5 19550.1 9772.51 11584.2 13769.8 20089 20707.1 17629.8 31011 14863.1 20332.6 15341.4 39182.6 35530.1 20147.6 21819 41613.5 33768 34673.3 43624 43271.4 38274.4 45109.3 35117.2 36103.1 40008.6 33599.1 30003.2 33396.5 29666.3 38259.8 41841.5 48222.5 44262.9 43790.7 57707.9 54597 47145.6 57059.6 19702.3 25026.6 29912.8 12147.6 24556.6 21808.1 19364.4 19398.2 21030.8 31513.3 28370.5 29548.9 26811.5 31655.8 21278.5 52246.1 33951 59622.7 50145.4 56813.2 62139.7 24483.1 47259.3 43775.1 27487 51881.9 50419.8 47472.1 53496.3 27081.4 15933.4 27976 22570.4 54010.2 45468.9 39914.3 44908.5 52664.1 45148.6 40227.9 41677.5 35406.8 30876 99940.5 15692.5 71669.4 37098.3 29087.9 60964.9 42723.2 26555.6 104596 59459.6 100352 97199.9 39350.3 57184.9 13045.6 12162.9 24012.2 13712.6 22647.4 10358.4 18537.1 23476.5 22471.3 21511.8 21643 22102 23021.8 24304.8 21989.7 25505.7 22885.6 12015.6 12011.3 14220.7 16725.6 14818.5 19783 17493.6 18678.5 32474.7 25186.8 26546.3 29864.3 31709.1 28953.1 23256.6 30528.7 29870.8 22722.9 26137.6 25821.5 24034.1 28254.8 34216.6 29019.2 30390.7 29382.7 13590.6 29564.3 18684.8 11777.3 33399.3 13543.8 25233.2 17152.5 19341.2 20786.9 11944.1 8209.77 8678.56 25533.9 20406.9 36019.9 22193.7 18310.8 11626.9 15146.9 33619.6 25701.7 51461.7 44277.3 48229.6 52209.8 51788.1 48342.4 57898.2 22369.8 32070.9 36123.5 33464.7 37561.6 38412.5 34956.9 34689 27272 30231.9 15289.6 29293.9 17917.8 17634.5 18921.7 36814.6 20539.4 23964.6 29544.3 33508.2 26761 22910.4 22097.6 25045.9 28396 21992.4 23930.8 17143.6 22699.3 27279.8 32891 36318.5 30261.2 17002.7 22169.9 14891.9 25824.5 30943 26809.6 13496.1 14252.5 22351.3 26076.1 29169.2 25412.6 22848.9 20610.8 21373.5 23582 19159 23318.3 28868 38038.9 28145.4 31327.8 12442.2 19704.6 14607 39256.5 23930.7 39986.1 25605 21916.4 24588.6 19720.9 13736.4 
24811.1 24709.6 22054.2 26555.1 48750.7 42954.4 28710.2 12907.7 0 9079.65 18007.4 20576.7 18335.2 14909.7 11244.4 12084.2 21259 23999.9 13913.1 28516.6 10577.7 19655.8 14273.3 40557.9 42334.9 15800.8 31961.4 43069 26658.6 28889.4 37639.7 37865.3 35117.6 39852.4 31474.5 33091.1 31476.5 28722.3 29030.9 28193.9 29133.6 31748.4 37151 37477.6 33085 32610.2 46462.4 43473.1 36642.1 45816.1 17666 17428.4 19789.3 16952.4 13921.7 18777.3 15140.2 16376.8 17663.2 25652.9 25943.3 22857.8 22807.5 32101.7 25904.2 46289.8 26276.1 52245.5 40733.2 48122.6 53934.5 16155.6 40510.9 38321.1 22278.1 45804.5 41895.5 39978.1 45146.9 25330.2 16412.5 25876.8 19826.1 47388.9 39511.5 35269.4 37488.7 45582.5 43414.2 31436.7 34592.7 28680.6 23847.9 99727 22493.6 79673.3 39098 36794.1 60481.7 50970.9 27815.6 105942 62100.4 108057 96251.6 42427.3 58448.9 12924.2 14646.6 18518.5 16695.9 17615.4 15950.2 15429.7 16068.1 16694.1 15866.6 14182.8 17472.1 15430.9 17014.1 19466.7 17962.3 18232.9 12501.2 12918.9 15434 21034.3 18646.1 14924.8 15574.3 16379.2 25253.4 18092.2 22191.1 23803.2 22875.5 24301.4 21976.9 21974 24318.3 19835.1 20976.2 21028.6 20347.1 19198.6 28659.1 23331.5 21275.6 23277.5 11304.1 31993.4 15501.3 13600.3 33529.6 12542.4 25765.5 16039.3 17611.3 18850.9 7917.07 12020.1 9199.9 24526.5 16664.6 39392.8 22697.7 20491.9 12738.7 14657.3 34025.1 25758.6 49144.9 38865.1 42902.7 46447.6 47045.3 43909.3 53517.8 26244.9 33119.5 27979.9 26332.9 30204.2 33666 26298.9 27891.5 26945.8 29983.1 17874.4 28678.1 17041.5 16898.1 18085.6 35721.4 18406.5 25585.9 28345.2 30014.5 23274.2 20822.8 20786.5 20698.8 23733.9 19909.1 18236.2 16095.8 18085.8 28945.9 33060.1 35610.3 30067.4 20055.5 24812 15926.8 27072.8 32326.1 26684.5 14982.2 16996.5 20001.6 23852.4 24753.2 24179.9 22845 21101.2 20174.6 22233.5 21647.3 25798.5 28558.8 38051.6 28484.2 30113.5 13873 18726.5 24583 39471 15557.2 39096.2 16040.6 23505 22937.8 16393.7 20968.8 
29566.4 28782.9 26265.5 29719.9 48711.8 43893.7 32969.7 11261.1 9079.65 0 22543 25105.2 22488.3 16430.9 10333.4 12626.9 24920.1 23743.7 11555 32718.5 10059.1 24397.5 11358.7 45292.4 45174 12737.5 30661.8 47975.7 25591.6 27440.8 35865.4 36904.9 30905.2 38471.8 28084.6 32260.7 31156.9 26059.4 23845.2 26361.5 27226.6 31076.5 34362 40579 36337.7 37352 50476.6 47657 38925.6 49376.3 14882.8 20473.5 23779.1 13613.6 18397.3 15783.3 15479.6 15728.3 16777.9 28245.7 25946.7 26335 25592.7 37234.8 24576.1 46898 26809.6 51607.9 42061.4 48899.1 55763.4 14440.2 39765.4 36484.1 23105 44155.7 44561.3 42197.3 47512.4 29544.9 15757.3 30307.9 24290.8 48991.4 40651.7 34682.1 38716.6 47093.1 43364.9 34196 36621.7 31271.9 25249.1 103706 23616.9 76267.3 42844.9 37808 64423.1 46428.8 30408.4 111126 60814.6 110598 98986.7 38428.5 57838.8 8066.37 16172.5 21040.5 11541.8 19516.7 11980.7 12870 16666.4 15931.2 16655.7 15218.3 18047.5 18387.1 17790.3 18899.3 24605 19046.8 13325.6 13377.8 12461.2 15791.3 15042.1 11671.2 12884.5 11580.7 25748.3 15841.5 19264.7 22223.8 23087.6 22924.2 18527.3 20139.8 21950.5 16161.4 18351.2 17717.8 17100.6 19449.5 27778.1 21527.3 21526.5 20157.3 11715.5 35135 19264.2 12799.8 37426 13305.9 29988.9 17821.7 19368.5 21929.4 9519.1 8555.31 11711.6 28876.5 21192.8 43613.5 26498 22130.9 15576 15833.4 38614.8 30673.3 49677 40817.3 44396.2 47984.8 48291.6 43893.7 55490.2 24215.2 33537 34254.5 32746.7 36009.3 38395.6 32409.6 26823.9 29327.3 29929.7 15092.4 31801.7 19336.4 19416.2 20594.8 37622.2 18210.8 27413.9 30856.1 34268.3 28027 23908.5 21981.4 25236.2 27125.1 21934.7 21048.1 17698.3 23288.8 30678.4 33044.4 35971.7 29477.7 23764.5 28922.6 19236.8 32025.7 37369.1 30398.1 19355.3 22062.7 19007.8 27001.7 26479.6 25012.5 26406.3 24571.5 24141.7 26303.2 22727.1 27363.5 33526.4 43076.3 33451.4 35045.5 16897.5 21720.7 25203.1 43481 13763 43056.3 17591.6 28619.3 28594.7 14796.5 17382.7 
19442.3 19276.2 18595.6 20339.1 50967.6 44510.6 21860.9 17316.2 18007.4 22543 0 9527.5 5747.35 10528.5 17106.4 15838.9 13303.7 21245.6 21000.3 22565.4 20421.1 11333.8 22217.3 24020.7 27629.2 25780 30572.4 25844.4 41912.9 43285 50028.9 51321.4 46883.7 48006.5 42811.5 47578.6 46195.2 40050.2 38167.3 40062 42276.2 43515.6 48813.2 46492.6 41038 40500.7 54217.2 50390 44724.8 53673.9 24626 21931.7 28554.9 23419.5 21714.8 24885.5 20390.2 18845 20150.3 24261.3 25643.3 21797.9 20581.2 23820 24744 51467.5 31496.3 63117 48584.8 55267.4 57571.2 27955.8 47227.7 50571.5 25890 54980.4 49286.7 41528.5 50886.9 22432.3 17284.9 20869.5 16318.5 48292.1 39760.5 36990.8 40992.5 48014.8 35609.9 38195.5 36291.4 28607.4 28181.5 89432.8 16920.2 75393.3 35287.2 32191.8 50195.2 50477.2 24021.2 88755.1 59589.2 97846.8 90954.2 44957.3 58126.4 22986.6 17222.3 20410.4 23828.4 19451.4 23454.5 22938.9 22980.8 21888.4 20025.6 18942.3 19669.2 21335 21325.4 24024.6 16514.2 21040.8 16730.4 16943.7 21529.6 27492.1 23244.6 24355.5 21731.3 26589.5 31488 25862.9 27504.5 31374.8 32082.3 30265.7 25423.5 32873.7 31548.3 26026.7 28452.6 28714.7 25824.6 28420.7 33946.8 29682.2 29925.3 29687.5 13729.3 28740 14669.3 17655.2 30119.5 13076.2 21614.8 12981.8 13487 17705.9 15011.7 18807.1 12048.6 20958.2 18453.4 32434.8 13530.6 14701.7 9145.68 14374.6 27870.6 18660.4 47974.9 39048.5 42509.9 47610.4 47866.3 44534.6 53648.3 22968.2 25932.1 27240.2 23074.8 28502.4 27595.1 26168.1 37079.8 25722.6 30951 19504.5 27563.7 11949.3 12055.7 12633.7 28826.5 29198.2 18306.3 26103 24037.8 22037.2 19293.5 19776.4 17132 24652.3 16270.3 20065.3 16415.7 17240.7 26072.4 30490.6 32641.1 29042.8 8009.72 8521 7511.36 12000.1 16569 16004.5 10754.5 7137.89 29970 20781.8 24566.8 25138.8 12203.8 8856.07 12246.9 14707.9 11361.8 17766.1 14044.1 22347.7 12418.5 16387 14230.1 16554.4 18618.4 32125.3 29074.9 30352.4 25355.1 11398.5 16221.1 22239.6 20604.9 
19363 20128.6 14346.6 18436.4 48581.2 42963.7 15428.4 21258.5 20576.7 25105.2 9527.5 0 6338.42 16818.7 19342.6 15379.3 12629.9 18867.9 20604.1 16733.3 19808.3 10557.2 25450.4 25892.4 32587.6 25475.6 37380.7 28094.7 41580.7 43240.2 48991.1 50935.7 46198.6 46727.4 42357.4 48866.6 44890.7 39295.5 38894.6 40659.2 45646 42520.3 47786.8 45125.9 39488.6 38935.7 52788.9 49087.4 43249.2 52144.7 23961.7 20437.7 27079.1 25255.8 20362.5 23796 19527.6 17903.4 19264 16301.5 21314.4 27791.2 26671.4 20315.4 20822.4 44362 23914.9 57602.7 42819.8 47996.3 48322.8 26816.7 39339.9 46730.5 29199.8 48235 42410.4 36544.4 41943 18804.2 18146.5 16927.4 11980.1 40408.2 33645.2 30334.6 32743 40849.5 36496.5 34256.5 29823.1 21819.5 24278.4 81658.9 15649.7 75664.1 34963.9 31800.8 43083.1 48421.8 26802.3 87036.7 59416.7 100304 89222 45708.6 57476.4 26272.4 21697.3 18885.2 24702.1 18032.6 25158.1 22048.7 21581 20087.1 18280.9 17414 18299.9 19746.6 19755 21973.2 14317 18405.8 18119.5 17506.9 20217.1 28121.9 24998.3 24256.1 21527.5 27046 30454.6 24504.6 26530.9 30169.3 30709.9 29893.4 24927.8 31650.4 30529.2 25259.6 27651 28066.1 24954.1 27116 32714.9 28459.6 28550.3 28287.7 16673.8 27424.8 13066.8 18187.1 27434.7 13803.3 18243.8 13052.9 13879.9 14518.5 17124.4 21965.1 15363.6 17896.8 14973.4 32496 10980.1 14356.5 12272.7 14938.3 24645.8 21511.1 43065.7 32721.8 35583.8 41940.4 41821.4 38383.6 48760 17905.2 19995.5 21345.5 17701.9 22478.8 22672.3 20605.6 33590.6 23073.4 28765.8 19297.9 28030.4 12592.5 12418 11511.9 22301.8 29424.8 16288.4 18836.5 23616.9 19019.5 20099.7 17155 12592.2 26122.4 13386.4 16758.8 14552.5 16063.5 24578.9 25585.3 28014.8 24568.9 16013.2 14799.5 11914.2 10389.4 14867 10563.9 10626.2 10062 28594.2 16633.5 19709 21405.3 7118.48 5343.27 8632.31 11768.3 13617.3 15921.8 14612 21704 12512.1 16506.8 18918.5 11709.2 21206.6 30389.9 27737.9 26827.7 23946.4 13942.5 17365.7 26817.3 28751 
18323.5 18180.1 15961.9 19764 49732.3 44601.5 19635.9 19550.1 18335.2 22488.3 5747.35 6338.42 0 13275.9 17303.2 13715.1 13209.3 20261.5 19613.7 19094 19752.4 11990.3 22988 24506.5 30896.2 23868.2 33536.3 27577.3 39665.6 41537.6 47860.9 49427.8 44770.4 45331.6 40910.9 46564.6 43560.5 37471.9 36591.5 38657.4 42959.2 41072.1 46505.4 43619.3 37873.9 37314.5 51147.1 47266.4 41364.4 50515 22411.6 18777 25397.3 23503.3 18512.4 22034.6 18251.3 16462.7 17975.4 19856.6 21512.7 23497.4 23792 24550.2 25508.8 47601.9 27179.2 59005.5 45767.3 51016.3 53361.2 25071.6 43816 47797 28255.9 51387.6 46918.8 38041.4 46863 20746.3 19410.5 18590.2 13760.4 44009.6 35654 32890.1 36768.4 43669.9 36806.9 35587 31851.8 24385.1 25955 86699.6 17431.8 78027.3 35842.1 32988.1 47468.9 51522.2 25584 89319.5 61730.7 100997 90452.1 47634.3 59800.9 23410.4 19209.8 17535.4 22906.4 16702.5 23133.6 20694.5 19659.7 18955 17094.6 15806.7 16657.4 18466.3 18392.8 21526.6 15403.3 16703.6 16583.8 16623.5 18953.8 26372.6 24236.2 22530.5 19433.9 24808.5 28793.7 22615.2 25001.8 28743.6 29021.9 28436.6 23613.1 29748.1 29145.1 23871.5 25932.2 26464.6 23446.6 25192.1 31366.9 26840.1 26624 26376 13704.8 30253.5 12522.5 17688.1 29353.1 12173.2 19540.6 11463.1 11670.7 16670.3 14498.2 19840 12844.6 19673.1 15907.9 34937.6 10602.7 15065.2 9713.56 13228.4 27490.9 21793.4 44585.5 34442.3 38707 43525.9 44323.2 40870.8 49944.3 22414.1 23120 23151.4 19340.8 24469.6 23740.1 21751 33941.3 23002.9 29020 18709.7 26824.5 10781.5 10788.5 12054.2 24902.2 29087.6 17026.4 23167.2 21336.3 17778.5 17774.1 16586.4 14920.5 24088.7 13187 16395.9 13272.4 16054.3 25718.6 27613.9 29359.2 25908.8 12066.3 13186.1 8364.23 10566.3 15581.7 13076.7 8784.17 7498.41 29663 17395.6 20867.4 23286.1 9548.91 6715.57 9016.45 11735.4 10294.6 17276.2 14309.4 22062.7 12569.1 15510 16555.4 14195.3 21319 32570.8 27315 27376.6 22909.6 11975.8 16935.5 24276.3 24325.3 
20438.2 21469.1 20819.2 22364.7 49218.2 41852 26032.2 9772.51 14909.7 16430.9 10528.5 16818.7 13275.9 0 12424.9 13210.4 14270.2 21147.9 18885.7 27240.7 17444.9 14351.7 17852.3 30404.4 29473.6 23220.8 21110.1 33692.2 37556.4 38649.5 46941.6 46444 42361.5 46462.3 38378.7 41334.7 43749.1 36456.3 33347.2 35851.5 33573.6 40475.1 45228.2 46629.8 42018.4 41428 55088.6 51575.2 45278.7 54692.2 22281 22075.4 28352.8 16646.6 21602.5 23478.2 18905.3 18045.5 19618.3 29629.5 27988.8 25725.2 22927.4 27513 24132.6 54055.3 35232.1 63588.4 51360.1 58333.6 62400 25986 49215.3 48062.6 26190.6 55539 51836.4 48293.7 55012.1 24341.4 15878.7 24017.6 19328.9 53136.5 45828.3 40788.6 45256.4 52413.8 43498.6 39670.9 40884.9 33413 29834.2 94372.3 16706.6 75309.3 36476.7 30519.2 55264.1 48753.7 24276 98072.8 60113.9 97410.5 92089.2 45042.8 58320.5 15565 8768.67 20989.7 18379.3 20112.4 16691.2 21180.5 22768.7 22075.5 20378.5 19667 20300.7 21208 22447.1 23478.5 23976.4 22387.3 11793.6 13685.6 17929.5 22578.4 16881.5 21868.4 18718.7 22233.3 31345.8 25280.8 26668.5 30261.6 31774.1 28777.3 23759.6 31444.9 30626.1 24202.9 26877.8 26896.8 24456.5 28020.4 33521.5 29051.1 29714.6 29349 10259.6 29025.7 15591.5 15037.5 29420.7 11668.3 24835.5 12374.4 14108.8 18637.1 11283.6 11937.3 8972.7 22569 19271.6 32931.7 16760.4 17054.2 8190.04 11075.8 30599.9 20679.5 50738.4 42432 46935.4 51506.8 51355.9 48311.3 56920.4 21946.1 31713.2 32355.3 29963.9 33542.9 35029.3 31332.2 37395.9 25923.3 30457.5 16987.9 25292 12214.8 12391.5 13496.2 35735.3 23172.8 20873.2 29441.3 31113.8 25276.5 21406 21787.2 21947.7 26010.7 19902 23104.8 17215.3 20971.2 23322.8 32528.7 35927.7 30048.7 8565.24 13408.1 7846.03 19085.6 24348.6 20766 10740.5 8522.26 25180.2 24212.3 28262.2 25756.2 16668.3 14122 15693.7 18170.2 16665.9 20416.3 22022.6 31908.3 21988.7 26261.2 10923.8 18079.7 17104.6 37538.7 27440.8 34280.9 25600.6 14835.1 18902.3 20069.9 15444 
22239.9 20615.3 17771.6 21768.5 42121.5 36321.4 26303.2 11584.2 11244.4 10333.4 17106.4 19342.6 17303.2 12424.9 0 5354.26 19302.1 22673.3 9248.34 24973.2 7371.64 17671.3 10910.7 38979.9 41130 12839.1 29222.6 41334.8 27397.6 30342.3 37783.8 39258.3 33501.4 37105 29454.8 34422.2 32367.8 26752.3 25777.5 28129.4 28660.1 31735.8 35732.9 37280.1 32879.5 33142 46812.8 43879.2 35594.5 45839.1 10906.4 15281.2 19802.9 10250.8 14221.5 12224.1 7962.03 7977.06 9579.85 26301.8 21201.1 25815.1 27464 32358.3 22636.2 47433.5 29574.7 53954 44962.7 50578.5 57745.2 14202.3 42644.2 40287 26324.1 47346.6 46793.4 45245.5 49916 21279.3 11211.7 22019.2 16587.4 48497.5 42449.7 33408.9 39565.5 46379.3 43109.5 32282.1 34816.3 29356.2 22230.1 96437.8 21677.3 80329.5 38605.7 35325.5 57002.5 52260.3 31911 104293 63705.9 107815 90380.5 48489.4 61693.3 8899.35 8059.99 14507.2 9115.96 12933.6 9822.77 9238.16 12871.7 11830 11012.6 10594.2 11457.9 14058.1 13376 16702.1 23780.5 16262.3 6877.21 9934.85 11223 17948.3 13842.4 9751.65 8952.15 10225.7 21021.4 14215.6 15547.5 18897.8 20830.9 17891.8 12954.9 19792.9 19203 12688.2 15294.7 15288 13058.5 17139 22979 18032.1 19153.1 18411.5 6667.83 32161.3 13657.5 13245.8 32252.2 6134.61 24113.7 8585.24 9417.71 16016 7295.02 11309.8 8450.75 21970.8 14464.8 40049.1 19694 17089.5 8896.18 7022.11 34297.8 24728.9 44748.5 37107.2 42321.6 45408.2 44970.3 41638.5 50560.9 22816.7 28807 31518.7 30496.8 32398.5 35286.1 29700.4 27747.7 22416.3 23929.6 14692.5 24562.4 10706.8 10925.5 12004.8 34314.8 19716.6 21562.9 25040.2 30797.3 24932.1 20512.1 17864.9 22714.4 25081.2 18606.5 18554.4 13464.2 17966 25625.1 28087.8 29538.3 26167.4 17943.1 23101.2 12344 25169.2 30526.5 23216.1 13236.6 16969.7 19246.4 19167.3 21690.9 18482.3 19358.8 17783.3 16077.2 18017.7 18043.7 23920.1 28412.4 36972.7 27187.2 30187.4 14562.3 16370.5 24411.2 37427 16985.1 35327.4 16851.8 22040.3 22772.3 21091.9 18831.5 
19452.9 18918.3 14250.2 17846.1 40434.4 34747 24789.2 13769.8 12084.2 12626.9 15838.9 15379.3 13715.1 13210.4 5354.26 0 17907.4 24065.5 7227.91 20642.3 7797.82 16494.3 12122.3 37480.4 41370.1 11448.3 30975.9 39818.3 26916.2 29641.1 36092.8 38034.3 32267.7 34386 28261.4 36168.8 30989.6 24885.3 25067.3 27256.8 32680.8 29119.7 33933.4 35850.2 31620 31148.1 45065.2 41812.1 34348.6 44416.7 10078.9 11731.1 17180 11316.7 11710.8 11005 7475.93 7190.39 9294.01 23522.1 19432.6 26203.4 28256.7 32077.4 25730.5 44702.3 26827.6 51626.2 43817.9 47713.7 54978.3 12863.4 40382.7 40912.8 26437.9 46399.1 46144 43603.6 47172.5 17834 12446.7 18150.5 12332.4 46470.4 40685.6 30949.1 36832.4 43568.6 42336.7 29711.3 32021.2 26469.3 19786.8 92436.9 21748.7 82388.2 39741.8 37974.8 52978.2 54923.5 31991.6 102004 65644.5 109083 86798.3 50868.7 64104.7 12532.4 9715.18 11348.1 9966.22 10017.6 10675.1 8830.98 10957.9 10408.8 9074.55 9190.84 9898.45 10239.2 11972.7 14338.5 23083.6 14745.5 6229.17 8613.34 11539.2 17647.8 14581.9 9362.31 6932.2 11921.7 19949.7 12948 14708.8 17779.7 19552.6 17504.4 12736.9 18450.9 18068.6 12120.9 14114 14079.3 12151.7 15887.5 22145.7 16814.9 17930.5 17143.9 6621.42 34186.5 11859 15635.4 31695.4 3439.51 22428.6 5250.97 6741.52 12935.4 6965.47 12978.2 10234.9 20339.3 11793.9 40438.3 15921.4 16329.6 8463.94 4899.62 34558.5 23694.4 43200.1 35068.8 39990.5 43038 43149.4 39642.3 48797.2 22527.7 26906.3 27745.3 27555.1 27544.6 32570.8 25293.5 25444.2 18541 21593.3 14824.8 24614.8 7135.38 7215.19 8406.5 31921.3 21884.9 19337.5 22307.3 29924.3 22239.3 19311.8 15807.3 18410.3 24972.1 14281.5 16759.5 12082 17995.9 25113.4 25203.5 27991.6 22851.3 17053.7 22074.5 10946.2 22962.2 28575 19260.7 11187.5 16221.7 20004.4 17594.4 19675.8 17131.1 15472 14839.4 12181.9 14240.2 16663.9 22819 26018.5 34410.2 25037 27250.7 15591.3 14817.7 27000.4 37942.6 15090.9 31369.4 14426.3 20487.2 21797.1 23624.9 21143.2 
20487.8 13000.6 15104.9 21607.9 46191 41850.5 16668 20089 21259 24920.1 13303.7 12629.9 13209.3 14270.2 19302.1 17907.4 0 16389.2 22887.2 15285.9 21815 11743.9 25335.2 28095.6 33528.3 27574.2 34213.5 32090.5 43769.2 45211.1 52776.9 53247.5 48809.8 50349.7 44737.5 48106 48471.6 42221.8 40069.4 41988.1 43429.3 45792 50986.1 48746.8 44139.8 43549.4 57285.4 53688.3 47383 56813.7 26624.2 24146.7 30753.8 23409.5 23868.9 27158.9 21703.7 20909.2 21655.9 18255.7 17958.1 34000.2 30208.4 18596.2 21677 43369 28351.4 56409.4 41970 47060 52378.7 30162.4 42124.1 43002.8 33957.6 47867 44951.2 41409 45078.7 19501.6 18969.7 19046.5 16893.8 39789.9 41021.6 28657.3 33293 39959.6 45331.6 36882.1 29171.9 20882.6 28837.5 80532.3 13111.2 73517.6 31629.6 27451.9 41287.4 46984.4 22613.5 89260.6 57034.6 95400.8 91794.4 50812.2 56649.3 24836.3 17568 23090.5 25316.9 22225.3 23399.8 25183.1 25015.5 24137.8 22311.8 21692.8 22253.6 23637.3 24405.9 19795 21679.4 21221.9 15180.3 15206.8 18279.5 23487.1 17257 26158.1 23521.9 28276.1 33453.9 27927.9 29055.2 33465.6 34314.6 31573.4 26733.5 34979.7 33505.6 27957.6 30377.5 30694.3 27665 30458.3 35761.9 31680.6 31938.2 31708.1 16631 25523.3 9502.39 14585.2 23412.9 15410.2 19041.5 14861.5 16196.7 20359.8 17572.9 20956 17392.1 18179.5 16445 30071.4 8960.34 14399.3 14160.1 16158.9 21739.2 24079.8 39670.8 33058.3 36923.9 40547.2 39361.1 36697.2 45212.3 15335.3 21980.7 20269.3 21194.8 20322.9 28603.5 18653.9 32464.7 16972 25442.2 15878.2 18350.9 13580.2 13422.3 14254.4 25810 26892 16693.3 18709.6 25774.7 19439.5 17744.8 17000.8 18828.5 24101.1 12941.8 18192.4 15881 12383.8 16019.3 20636.2 23568.9 19996.2 16635.7 18369 14277.6 14204.5 16339.2 8858 11842.2 8686.98 27098.5 12476.8 16542.2 20335.4 9780.97 10539 9292.01 8359.87 17526.2 12198.6 16506.4 24995.4 14020.9 18416.5 15000.3 12258.7 20044.3 31233.8 31052.6 21449.9 27587.5 12052.7 11041.1 30773.9 29477 
32567.8 26471.2 27503.1 35624.3 51711.6 50693 17711 20707.1 23999.9 23743.7 21245.6 18867.9 20261.5 21147.9 22673.3 24065.5 16389.2 0 23156.6 26989.3 23620.5 24780 25253.3 31728.1 36290.1 27468.5 40966.1 33846.5 47767 50230.5 55066.3 59307 52550.9 54488.9 48456.8 51837.3 50383.2 46594.3 44397.9 47873.2 42701.6 51398.8 55142.7 54148.2 49734.2 51309.4 64562.6 61743 51772.6 62889.8 28761 33414.4 37736.5 30287.1 32354.6 28324.9 26806.7 24896.2 26059.9 20052.2 19053.2 32610.8 25785.5 18241.7 19998.3 42793.9 23463.3 57436.5 42264.1 47755.4 46734.1 30022.8 39184.6 42713.7 31477.4 47149.2 40013.4 38119.6 39705.6 32559.8 22180.8 33749.8 29382.9 38208.3 30144.2 30105.2 29169 39442.8 34844 43325.9 31557.5 25793.8 35809.2 87761.6 9628.91 63217.2 31437.8 19458.7 53124.8 35206.9 25382.6 93044.7 43732.7 93611.6 107199 36840.7 48078.9 21418.4 23683.3 32604.7 28934.6 30845.1 27665.8 27426.8 29538.7 27555.1 28725 28059.5 28240.9 31583.7 29687 22007.1 18889.5 21925.3 22744.5 23961.8 22365.9 26956.8 22725.7 26395.4 27702.7 28423.8 36299.2 28492.1 30274.8 33790 35018 32844.7 28272.9 35041.9 34071.2 28547.4 30570.5 30579.6 28191.2 31535.5 37877.8 32300.3 33682.2 32615.3 22552.3 21295.6 18768.5 13062.6 32515.6 22180.4 25414 26691.8 28231.9 29975.8 23473.3 19532.3 17964 30259.4 26398.7 29664.7 23358.4 18546 21353.6 26390.9 28297.7 34036.1 40109.7 32002.8 34107 39288.4 39296.5 35628.7 47840.5 17827.5 20171.2 23637.9 20487.9 28440 25822.6 26352.7 34085.2 27209.9 32685.3 23318.8 30374.2 27706.3 27428 28988.1 23116 24908.2 22538.1 24332.2 29678.9 25901.2 21455.7 20060 26035.2 27096 21247.9 23508 19462.9 20650 21342.2 25567.6 26110.6 23777.2 25723.2 25192.7 24305.1 16792.9 19788.6 20130.3 19859.6 18440.4 33545.5 21328.1 22015.1 26339.1 18709.1 19435.3 22056.3 22797.8 17885.6 15955 16285.7 24482.9 17514.5 21666.2 23183.6 12900.2 20554.3 27068.1 31666.8 35251.3 29536.4 23190.7 21343.5 22683.9 26944.1 
24272.2 23516.3 18742.6 22728.3 40105.6 36752.8 28777.9 17629.8 13913.1 11555 21000.3 20604.1 19613.7 18885.7 9248.34 7227.91 22887.2 23156.6 0 25435.1 7024.47 21389.4 12304.1 42829.4 47132.3 6323.38 37544.1 44746.4 28920.6 32204.1 35719.2 41499.9 34146.2 35385.1 30656.7 38066.6 29670.9 27528.8 27906.2 30439.7 31464.1 31858.6 36068.4 35986.3 31351 33584 46740.8 43921.3 32890.5 44812.3 9727.24 16500.3 20011.1 17017.7 14629.2 8954.52 8771.91 8625.64 7562.41 24614.4 15610.1 24511.5 27334.2 36384.6 27971.1 39582.5 21689.6 45977.8 37575.7 41844.7 49043.2 8071.84 34758.6 36021.9 20412.7 41467.2 43255.6 39185.5 42551.7 22137.3 11384 22839.2 17347.1 43439.1 34930.6 26224.7 32051.6 39752.7 38176 26881.1 28511.3 25862.3 18566 97402.5 25340 83153.4 42619.2 40737.8 57934.4 50628.6 36775.3 106842 60150.5 114445 91329.8 45987.4 64460.1 11117.7 15640 16617.3 13714.9 14978.6 15818.4 9711.05 12272.9 10834.1 12306.1 10833.3 12552.4 14380.9 11760.2 12272.9 24520.5 10776.8 10890.2 13038.4 12227.5 18108.9 15181.9 5862.62 9485.67 10346.4 16530.1 7869.57 9096.18 12592.9 14702 12402.6 8282.36 13058.2 12561.5 8162.02 8578.47 8870.17 6783.68 11944.6 17785.5 11668.4 13681.5 12574.2 12523.5 36584.8 16945.5 15918.4 36837.8 9629.79 27216.1 11165.8 12515.3 16417 13330 14810.5 13098.6 25684 16044.2 45317.4 20867 19491.9 13621.8 10452.1 38487.1 28565.1 38827.6 31686.3 35128.5 37705.3 37421.9 33821.8 44870.4 25040 25880.5 30362 30059.5 31301.9 34240.7 28511.4 18909.7 22201.6 21799.3 16703.5 29664.7 11769.6 11944 12951.2 32536.7 16798 21140.7 24423.1 30263.6 25672.9 21796.7 16389.9 21606.7 25497.3 17794.1 17549.9 14186.2 21278.4 30305.8 25393.7 25192 24823.5 22011 26991.6 16855.8 27819.1 33428.7 24234.3 16314.7 21166.1 22508 19619.4 18069.6 16160.1 20438.3 19738.9 17111.5 18984.8 16949.6 26196.4 30933 39216.7 29904.5 32079.1 20139.9 18843 31126.3 41641.9 8873.35 36331.6 9432.08 25336 27028.9 22716.6 24181.1 
21857.4 8848.08 15021.2 23727.8 43853.5 43358.3 15943.5 31011 28516.6 32718.5 22565.4 16733.3 19094 27240.7 24973.2 20642.3 15285.9 26989.3 25435.1 0 25315.8 18299.7 32092.8 37880.8 47120.7 30336.6 46636.9 40303.1 46675 48308 55354.6 56067.7 51365.6 52015.6 47488.1 53922.7 49797.8 44415.1 44332.1 45987.2 51347.7 47633 53075.4 50064 44120.7 43591.5 57600.7 53468.5 47764.2 56756.2 28756.5 25140.4 31814.6 29822.4 24928.6 28670.9 23603.3 22418.7 23307.9 19065.6 14564.8 40257.1 41423.6 23079 29393 39244.2 32289.5 48013.1 44784.4 43251.1 53127.4 31736.2 44136.8 38820.9 39991 47184.1 49552.8 41702.7 45169.1 16135.6 25841.8 18090.9 16193.9 32759.6 44166.5 18591.8 28006.7 31517.6 52192.5 32856.5 18820 14890.9 26316.2 72356.2 25018.5 71412.8 28675.9 27543.5 33072.4 47273 25642.5 82245.7 54788.9 95348.4 92211 61126.2 53614 32892.3 27398.8 23673.9 29483.9 23042.6 30057.9 26969.2 26150.6 24927.3 23069.6 22108.1 23073 24508.9 24406.4 18383.6 28942.8 24391.1 21383 22199.4 23704.6 30092.3 23614.9 28782.6 26340.9 32127.8 34617.1 29136.7 30584.9 34791.2 35394.4 34179.8 29091.1 36359.8 34776.4 30020.1 31971.1 32772.9 29110.4 31629.2 37040.1 32900.4 33097.2 32867.5 24202.2 27773.3 13520.2 26362.9 26287.1 20391.3 20682.8 17670.7 18193.1 21835.9 24798.9 31401.9 26697.7 25307.2 18481.1 36322.8 12290.6 21665.3 21723.8 19143.3 29584.4 28668.3 33772.3 32114.2 37388.4 33790.5 31611.8 29458.6 36078.2 22944.4 22732.2 21370.5 24424.7 15514.9 32243.5 16345 29925 9509.18 21822 24983 13113.3 16761 16383.8 15567.1 23980.5 32205 18956 19271.6 22674.1 12537.5 14407 15245.3 19007.5 19745.4 14882.3 15174.1 17299.4 12527.7 19148.6 12937 14272.6 16890.3 27205.3 29333.2 20809.2 20929.5 21630.1 12552.9 20037.7 19511.5 28299.7 7167.15 8657.8 18433.4 17009.5 18719.8 13192.6 9946.98 25529.8 21430 20838.5 22397.6 18497.8 18354.2 25583.9 19969.9 33326.2 28142.1 32689.3 12734.5 28669.7 18494.3 12655.8 42134.4 40506.3 
