236 236
0 19618.2 19117.2 22846.8 31922.3 31543.5 22840.2 25160.9 19363 20438.2 18264 22239.9 23760.5 19452.9 20487.8 32567.8 24272.2 21857.4 24414.4 19388.3 28713.9 45220.4 39771.9 41766.6 48694.7 53769.7 53696.4 55562.4 50836.1 47045.5 49512.8 43791.2 42740.7 44901.3 47050.3 52543.3 50270.6 45198 44641.5 58290.5 48706 57839.1 27915.5 28161.6 22932.3 23337.9 31638.9 49667.3 33715.1 45957.8 39502.7 50510.8 40168.7 46068.1 54922.8 46446.5 31294.1 37986.8 47644.4 47787.7 34845.4 41669.3 36307.3 41301.5 39607.3 18114.5 22439.5 18723 17802.5 51093.3 50415.2 43819.7 30520.5 51832.2 51634.2 22222.5 17347.2 27716.2 31796 22287 19895.3 77224.3 28628.9 31671.5 49051 41234.6 37614 50677 28498.2 82659.9 57069.5 95470.2 80957.2 50171.6 29769.5 25052.9 23383.4 24194.1 28171 23354.3 28960.2 26185.9 26681.6 26213.5 23928.9 23003.8 23803.7 23714.8 24927.5 25461.3 20966.9 30468.2 22359.7 25070.4 19196.2 24378.1 13412.6 30382.6 28709.4 31281.3 35198.5 29297.3 28171.6 30485 34500.2 32021.9 33073.6 27919.6 36012.5 34713.4 28975 31443.6 28702 32244.9 32348 34012.1 31305.6 33622 30594 33322.5 19512 32073 18682 27345.3 24727.8 18525 20990.4 19612.6 48923.7 15720.3 22493.1 28587.2 20298.4 28447.4 23660.1 16975.6 31421.5 15689.4 17516.8 16381.8 18214.4 13919.9 22690.5 13937.9 18774.6 18149.2 15585.5 15317.4 16161.5 16987.5 14314.1 17301.5 32155.1 51801.4 45991.1 50493.2 53036.1 52515.9 48265.4 48341.1 37210.4 41932.2 33574.4 32189.1 38705.8 34504.7 26378.2 24954.2 26276.1 27931.8 16095 18309.6 22510.1 19565.4 24775.9 18090.5 22549.2 14097.7 21093.9 33052.3 29183.4 30215.7 31540.9 37360.2 20359.8 24441 15366.2 23997 21696.2 25048.2 20301.6 18691.4 18074 22902.9 23205.3 37493.6 34358.4 28025.6 35782.3 25264.2 29089 26079 21273.4 22192 26108.9 32731.5 31944.1 29904.3 32175.6 28241.8 27376 29037.6 33352.2 32965.7 33194.4 33917.8 
19618.2 0 14788.8 24091 42133 40892 18968.7 26307.2 20128.6 21469.1 18739.6 20615.3 24968.5 18918.3 13000.6 26471.2 23516.3 8848.08 23605.4 17340.7 27897.8 44180.4 40547.9 39485 47591.5 53478.2 52236.8 54485 49877.1 45945.4 48956.8 43468.9 41421 43292.5 46393.5 51806.5 49187.5 43793.4 43256.2 56935.8 47409.5 56429.4 26038.2 27503.8 22278.8 22109.1 32212.4 46018.5 29542.5 46371.8 36017.9 48464.9 48865.5 50341.3 59055.9 59083.7 30652.7 49870.5 54228.4 37447.3 37864.7 53441.2 43780.6 46893 50753.1 17983.8 22445 19158.7 16971.9 36504.7 47888.2 38278.5 23925.9 36025.6 53358.6 35449.8 31791.3 19873.4 18609.5 26066.4 28809.9 76593.3 24615.6 32177.7 46464.3 28242.8 37111.5 52055 26692.4 85086.9 57231.1 95216.8 91877.6 41788.1 28747.2 24103.7 21667.7 23190.3 26907.1 22184.3 26766.5 25528.1 25624.6 25147.8 22833.8 21690.5 22598.3 22421.2 24081.9 24145.7 17344.2 30367.6 15837.1 22966.4 17126.6 19820 15221.4 26154.7 28005 29731.3 34104.8 28446.2 27427.1 29730.5 33883.4 31464.3 32360.1 27246.1 35420.7 34044.9 28405.5 30948.8 28129 31205.4 31400.1 32980.6 29693.3 32569.1 29872.9 32331.3 18699.7 30736.3 11930.5 24783.4 28731.9 17467.8 21122.3 22324 58387.5 15091.4 21681 28329.4 19865 37451.8 24271.5 17731.7 37566.6 14657.8 16249.4 15764.5 16574.5 11857.4 20759.8 17028.7 18862.7 19493.8 16784.2 15826.5 14352.4 16286.4 13786.7 16303 30318.4 36334.7 36964.9 42664.3 37960.4 40970.2 33603 34722.7 28404 34127.3 24876.9 26818.9 35507.6 28920.5 22211.6 10154.5 26100.9 30781.5 18343.6 23315.2 10277.2 15800.3 16674.5 15467.4 23391.5 21680.5 11280.8 18861.9 16023.6 24301.8 19268.4 28916.7 21417.9 25687 16513.4 21215.3 9903.34 14858.3 17280.3 17743.7 14118.4 23306 20722.5 41301 32193.3 21683.5 25795.9 20252.3 21259.3 24964.2 22192.3 21359.5 21481.6 31865.1 31886.5 31761.2 31997.9 15130.6 26646.3 28055.1 34784.1 41296.3 32146.5 35350.2 
19117.2 14788.8 0 13990.9 42216.8 36161.7 22579.3 23836.9 14346.6 20819.2 16185.4 17771.6 23786.8 14250.2 15104.9 27503.1 18742.6 15021.2 18677 10338.1 25379.1 44319.8 39870.1 39979.3 43184.8 48673 47949.7 49868 45319.7 41259.9 43539.6 40863.6 38103.5 39896.8 41579.9 46868.8 43786 38081.8 37547 51380 41744.8 50717.7 22431.4 22225.7 16820.1 16553.1 29264.7 43212.6 26384.8 44615.6 32440.8 46959.6 46365.5 45415.1 60876.2 54864.7 25471.5 46698.6 52008.2 37515.3 33657.4 50901.6 45146.8 51689.3 49487.2 9045.24 13788.1 8182.61 6603.54 45662.7 45916.1 46324.8 29856.9 42989.8 49568.6 30260.5 27648.2 24863.7 23872.1 14029.9 21413 78727.2 24907.4 35181.3 45875.1 39980.2 40289.7 49447.2 33399.7 88337.1 67632 107941 79823.9 44986.8 26212.3 18598 19814.7 17462.5 22741.9 16761.2 23459.6 20266.4 20049.5 19241.5 16867.4 16017.5 16526.3 16817.8 18323.9 18363.9 19245.9 27499.2 20212.7 19558 14735.5 17769.5 14141.9 23584.6 22590.1 25717.7 28504.8 22969 22110.4 24119.3 28586.4 26309.5 27351.2 21984 30156.6 28570.7 23224.8 25693.8 22804 25630.3 25832.8 27426.2 26988.2 26994 24506.1 26756.2 17395.5 35112 11280.6 23026.9 24263.6 13891.1 19536.2 11943.4 56318.1 12770.4 19446.8 25740.2 17160.3 28323.3 17940.3 12817.7 36987.8 11531.2 11501.4 14286.2 15519.1 10602.3 18204.1 11889.9 21082.4 16496.8 14200.3 13026.9 11597.3 13458.2 9945.65 11663.8 23812 42339.2 36339 41605.6 43057.7 43204.9 39376.7 44641.2 29177.8 34196.9 26072.9 24308.2 32474.7 28537 21267.4 23994.5 30619.8 28513.9 19907.9 23294.9 19359.3 17129.2 24363.9 17055.1 21091.7 20776.5 14274.4 26516 24842.3 22978.2 24748.2 28784.9 20609.5 23916.8 14369.3 20601.8 13610.3 17389.4 15250 15424.2 11382.2 21099 24298.3 36384.6 40625.8 23866.5 30737.1 21405 24640.4 22675.9 20814.7 20777 19225 30725.5 36998.6 29132.7 26396.1 26245.1 20308.4 22490.1 32098.2 38118.1 29796.6 33676.7 
22846.8 24091 13990.9 0 42999.5 30315 29811.1 27185 18436.4 22364.7 19258.1 21768.5 24331.7 17846.1 21607.9 35624.3 22728.3 23727.8 22809.3 14233 29256 46603.4 41510.8 43005.8 46787.2 52694.3 51847.1 53896.4 48964.5 45028.3 47537.1 44947.9 41157.6 43607.1 45501.9 50651.9 47772.2 42141.8 41610.6 55448 45765.9 54777.7 26200 26185.6 20820.6 20602.2 31330 48737.8 30809.7 43481.8 37702.1 47176.2 47527.8 42172.3 62777.7 53141.6 29463.1 47334 47815.5 36487.4 36585.2 50195.3 51530.4 56886 54592.3 13908.4 19432.5 15880.3 11912.8 54069.4 51219.3 53819.2 38000.7 51545.1 51925.9 28319.7 30290.2 33615.6 32318.3 16773.8 20455.2 74722.3 32714 37158.7 51141.2 48137.9 44916.8 51824.2 39503.4 84526.5 73186.9 111965 71864.3 52892 30156.8 22650.5 23101.2 21554.1 26357.2 20659 27281.3 24268.3 24096.2 23330.8 21012.1 20092.5 20730 20819.4 22415.5 22426.5 27146.1 31982.2 28622.6 25736.5 19847.8 24490.7 19430.4 31258.8 26615.6 29552.8 32551.5 27012.9 26095 28159.4 32572.8 30251.6 31222.2 25833.8 34141.1 32600.7 27150 29640.5 26794.5 29677 29881.9 31516.7 30933.9 31040.7 28515.2 30802.9 20097.4 40916.9 19878.1 28396.1 23770.5 17161.5 27392.7 16117.1 56306.5 15035 21791.2 27973.1 19384.1 30832.4 21200.8 19705.8 40549.7 14945.4 14861.1 16320.2 19686.5 17278.7 22181.3 14613.5 24657.3 20867.4 17246.4 15175.3 14847.7 16397.1 12678.5 15362.5 23778.8 50335.1 43420.8 47589.9 51064.6 50957.6 47710.8 54384.7 37283.5 41706 34154.1 31357.8 39013.4 38292.1 24281.8 32435.2 38257.5 35267.8 23820.9 28711.4 29221.3 24921.5 34144 24767.1 23885.4 24707.7 23440.1 33594.7 31904 30866.2 31948.5 35706 22516.1 24686.4 15775.5 25444.8 22309.4 26290.3 18383.9 17740.5 15180.4 24834.6 29800.1 38412.1 46341.9 31578.5 38579.9 29293.2 32754.5 28167.5 23598.3 24467.6 25935.6 35927.1 39906.8 33053.1 30340.4 33286.3 24382.8 26581.7 34398.2 44544.9 33530.8 36062 
31922.3 42133 42216.8 42999.5 0 44038.4 45726.7 49021.1 48581.2 49218.2 49262.6 42121.5 49201.8 40434.4 46191 51711.6 40105.6 43853.5 41434.1 47209.9 47978.6 76348.3 68377.1 72947.8 67809.2 72287.6 73717.2 77003.5 69525.2 65638.2 66437.3 69276.3 62018.4 65747.4 67390.3 71380.1 71230.2 67116.4 68052.8 81609.5 69321 80197.7 49262.9 44425.6 42648.9 42610.9 60813.1 70255.1 53394.2 46437.8 57208.1 50058.1 36943.5 47380.9 42090.3 42317.2 47089 42667 46237 54550.4 55765.3 43754.8 43899.2 41509 43021.2 37398.5 40972.5 43971.9 41574.1 64587 71133.1 50221.3 38574.9 64630.4 73418 28027.6 29914.6 40423.7 48424.8 44129.8 33939.7 59833.7 52500.6 41434.9 71732.8 61744.2 40663.5 70960.3 49882.9 79165.5 63080.1 110399 96390.5 72496.4 47704 50040.6 46830.5 48452.5 46613.9 46567.1 49181.5 43434.4 46061.9 46324.7 44711.1 44941.1 44863.5 44210.7 47614.9 46851.8 33044 56101.3 37464 45913.6 40227.1 42568 41550.9 47859.7 45362.1 47253.9 53808.5 46246.9 45195.4 47446 51096.8 47861 49742.3 44479.1 52228.6 51349.7 45095.6 47574.7 45204.9 50914.8 49456.9 52431.6 48811.9 51341.9 47136.4 50425.6 43835.3 49698.8 43937.5 47111.8 47108.2 41279.5 41282.4 43759.2 57015.8 43101.4 47188.8 49047.3 43123.7 42726.7 46181.3 39029.4 44016.6 42572.5 43664.1 44179.2 43485.5 41116.8 43910.6 41172.7 46533.9 38599.8 44082.7 42541.9 41156.7 42117.9 41375.1 41251.4 53680.5 66887.5 65720.4 69602.1 68720.5 69284.8 63173.2 56423.3 63705.6 67513.2 58294.8 57943.6 65916 47246.8 46278.2 44081.7 40458 45205.5 33603.9 34550.9 44673.9 37398.7 44293.2 37710.3 50350.8 31236.9 43007.4 55176.7 44967.5 48808.1 48869.1 58173.1 50667.9 55554.4 46318.2 54896.2 41937.4 43625.3 48253 48520.2 44652.8 45799.4 48160.1 60291.5 59480.2 57099 64884.9 55321.9 57872.5 50936.5 45039 48610.2 48557.5 58830.2 46561.6 55745.5 47829.6 46469.7 45284.1 46727 51354.1 51954.1 51066.2 56496.5 
31543.5 40892 36161.7 30315 44038.4 0 44379.5 42047.8 45097.2 37784.7 42812.9 40727.3 42782.3 41137.3 39048.5 50619.9 46461.7 44561.6 43402.3 35381.7 46103 64839.8 55937.6 65960.2 68005.6 74323 72346.9 74883.6 70585.3 66540 71169.6 59276 62051.8 64043.9 67949.3 72966.6 74938.3 69944.8 69385.3 83031.2 73546.2 82585.9 45722.2 51392.6 47075.4 48015.4 55433.9 75317.4 59195.6 48017.6 63279.1 44771.1 51604.7 46216.5 66154.3 58007.1 53900.4 53978.5 48621.1 41412.4 56876.9 52496 62732.2 54202.6 62779.8 32637.9 38346.2 36280.8 37560.7 74578.4 76292.8 68478.1 54538.8 74830.5 77047.6 34369.6 39988.1 51365.4 54741.4 39376 36867.1 63777.2 45414.6 38667.4 65868.5 57777.6 51661.9 67707.6 43848.6 68248.6 73934.2 109629 66626.9 66438.3 44724.5 49417.4 38704.1 48801.4 47475.6 47981.9 45992.6 48870.5 51388.7 50706.3 48355.5 47744.5 48168.2 48440.6 49182.9 50208.1 43465.1 54436.6 43614 50361.7 37366.4 44391.2 34647 47699.7 52850.6 50610 59965.8 53735.4 52574.9 54945.1 58585.3 54411.9 57046.8 51978.1 59489.4 58821.8 52207.9 54894.3 52693.4 56982.3 56829.1 58622.2 52535.4 58334.6 54462.7 57803.6 39074.8 45715.4 38535.1 43055.4 27490.7 40840.1 39307.9 41070.4 48989.7 39644.2 40691.7 44232.9 40074.4 40798.5 38429.1 37870.1 40092.9 40010.4 42353.5 37582.2 38442.5 38104.4 42416.5 39161.4 38202.3 37838 39385.6 40273.7 38096.9 37549.4 38699.1 38927.6 34833.6 74940.8 70446.9 75329.9 76669.5 76248.3 71663.1 71313.2 61775 67183.3 56739.2 57448.3 65110.9 56126.3 44457.8 41881.9 53308.2 42347.7 40117.9 43603.6 45304.6 43951.8 47793.9 43158.9 42079.3 40155.5 40781.5 49144.4 51613.7 54443.9 53036.3 62120.5 42287.2 47176.6 39950.7 49369.3 45077.8 48430.4 45489.9 44433 42711.3 48291.8 43529.4 53191.6 53407.9 51505 60262.4 49634.3 53751.6 48924.7 42722 39001.9 46217.9 49521.7 43813.1 52361.6 53898.5 52346.3 51872.7 53496.5 41271.6 48513.7 48166.8 50961.2 
22840.2 18968.7 22579.3 29811.1 45726.7 44379.5 0 28766 15428.4 26032.2 21304.2 26303.2 24040.5 24789.2 16668 17711 28777.9 15943.5 27866.9 22751.7 33694.1 42434 46441.3 33340.3 53905.3 58530.2 57557.1 60376.5 56061.9 51900.9 53946.9 49168.7 48780.8 50245.5 52510 57622 56154.6 51080.4 50521 64214.5 54910.3 63721.5 33524.3 33941.1 29248.2 29715.4 29915.7 36826 22259.8 38942.9 27714.7 51515.3 40530.9 44619.6 50197.9 45434.6 35986.2 36217.4 44292.9 40678.3 38910.6 38236.4 34757.2 34095.6 35866.5 23170.5 26959.8 25321.9 23992 34698 36562.8 36966.5 25350.8 36981 43529.7 37507.2 34145.1 24065.8 19601.4 29284.5 30319.8 73839.7 16752.9 25534.1 35578.9 21874.6 37715.7 49925.7 21730.4 79242 45939.5 88089.3 97157.2 32041.9 34195 32149.6 30008.7 30662.8 33295.3 30057.6 33851.4 31517.8 33020.4 31946.4 29593.8 28869.1 29629.7 30030.6 31217.8 31343.7 22108.5 20896.2 18716.5 28045.7 25421.7 25823.6 18581.4 34140.7 34943.2 35227.3 41533.9 35481.3 34364 37015.6 40459.7 37148.3 39122.7 34511.6 41643 40964 34620.2 37215.8 34794.5 38465.2 38594.8 39900.1 36029 39880.9 36816.4 39549.6 26364.9 18679.9 17140.9 24079 24320.8 23428.4 15732.9 25154.6 44422.4 23543.2 26341.7 30025 23258.9 27926.9 23292.4 20640.3 26799.3 24256.6 26678.6 23484.6 16678.2 15912.8 26646.2 18429.8 20155.6 16961.9 22221.6 20516.7 22685.5 22523.2 22629.8 23571.1 24591 39947.9 34358.3 37686.2 40078.8 39681.9 35734.1 48062 23505.7 27031.8 20028.3 18265.1 25571.2 34989.7 26771.3 22236.5 18203.3 32044.5 17079.5 16704.4 19810.1 17538.8 25277.7 19982.3 27932.7 19935.7 16371.1 20471 19868.9 18140 20552.7 22321.5 27496.4 25836.4 24151.5 14841.8 14968.9 18852.4 15717.4 16566.8 19335.3 22716.9 15224 30641.1 21153.1 14847.6 21260.9 13408.5 16964.7 14563.5 25232.8 26785.4 12677.4 25974.4 18061.2 21739.4 36547 24172.1 33088.4 35076.8 32706.4 28269.5 38166.7 38056.1 
25160.9 26307.2 23836.9 27185 49021.1 42047.8 28766 0 21258.5 9772.51 19388.1 11584.2 12361.5 13769.8 20089 20707.1 17629.8 31011 14863.1 20332.6 15341.4 35530.1 21819 41613.5 36505.2 43624 38359.5 43271.4 38274.4 35117.2 40008.6 24310.3 30003.2 33396.5 38259.8 41841.5 48222.5 44262.9 43790.7 57707.9 47145.6 57059.6 12147.6 21808.1 19364.4 21030.8 26748.1 45580.1 30193 52246.1 33951 59622.7 50145.4 56813.2 69675.4 62139.7 24483.1 47259.3 63939.5 43775.1 27487 50419.8 47472.1 44996.9 53496.3 27081.4 15933.4 27976 22570.4 54010.2 45468.9 55654.5 39914.3 52664.1 45148.6 40227.9 36573.6 38844.4 35406.8 28905.3 30876 99940.5 15692.5 37098.3 26762.9 29087.9 60964.9 25866.4 26555.6 104596 59459.6 100352 97199.9 29074.9 13045.6 25691.6 12162.9 24012.2 13712.6 22647.4 10358.4 18537.1 23476.5 23291.5 21511.8 21643 21516.5 22102 23021.8 24304.8 21989.7 25505.7 20264.6 22885.6 12015.6 14220.7 13490.3 16725.6 23892.9 18678.5 32474.7 25186.8 24273.3 26546.3 29864.3 24242.8 28953.1 23256.6 30528.7 29870.8 22722.9 26137.6 24034.1 29512.1 28414 31053.3 24017.7 30390.7 25302.9 29382.7 13590.6 29564.3 18684.8 11777.3 33399.3 13543.8 25233.2 20786.9 48960.4 16597.8 11944.1 8209.77 11195.8 40189.4 25533.9 20406.9 36019.9 17301.9 19834.1 13338.4 16922.7 22193.7 14925.5 15725.6 12832.7 18310.8 11626.9 13541.8 14394.1 13028.5 15889.5 15146.9 33619.6 51461.7 44277.3 48229.6 52209.8 49245.2 48342.4 51637.1 39015.4 41888.8 36123.5 32616.4 38412.5 34689 15289.6 29293.9 36814.6 20539.4 23964.6 29544.3 22910.4 22097.6 28396 23930.8 12541.6 25015.6 22699.3 27279.8 32891 26899.1 30261.2 35014.2 17002.7 22169.9 14891.9 25824.5 26076.1 29169.2 22848.9 20610.8 21373.5 19159 23318.3 19051.2 40981.3 28868 38038.9 28145.4 31327.8 19190.4 12764.4 12442.2 19704.6 14607 39256.5 25293.6 23930.7 39986.1 24988.5 25605 40994.8 27079 12658.5 13736.4 
19363 20128.6 14346.6 18436.4 48581.2 45097.2 15428.4 21258.5 0 16818.7 8974.72 19342.6 14953 15379.3 12629.9 18867.9 20604.1 16733.3 19808.3 10557.2 25450.4 32587.6 37380.7 28094.7 43959 48991.1 49193.2 50935.7 46198.6 42357.4 44890.7 40051.3 38894.6 40659.2 42520.3 47786.8 45125.9 39488.6 38935.7 52788.9 43249.2 52144.7 25255.8 23796 19527.6 19264 19237.3 32329.7 17466.9 44362 23914.9 57602.7 42819.8 47996.3 58145.1 48322.8 26816.7 39339.9 50300 46730.5 29199.8 42410.4 36544.4 45148 41943 18804.2 18146.5 16927.4 11980.1 40408.2 33645.2 45912.9 30334.6 40849.5 36496.5 34256.5 30861.6 28559.6 21819.5 20406 24278.4 81658.9 15649.7 34963.9 33413.8 31800.8 43083.1 41384.1 26802.3 87036.7 59416.7 100304 89222 35498.4 26272.4 19688.6 21697.3 18885.2 24702.1 18032.6 25158.1 22048.7 21581 20655 18280.9 17414 17932.4 18299.9 19746.6 19755 21973.2 14317 20944.8 18405.8 18119.5 20217.1 13350.2 28121.9 24489.8 27046 30454.6 24504.6 23677.3 26530.9 30169.3 28253.5 29893.4 24927.8 31650.4 30529.2 25259.6 27651 24954.1 27168.3 27386.4 28847.9 27391.4 28550.3 27179.3 28287.7 16673.8 27424.8 13066.8 18187.1 27434.7 13803.3 18243.8 14518.5 52390.1 12483.7 17124.4 21965.1 14640.8 27359.1 17896.8 14973.4 32496 12793.4 14027.4 13527 10677.3 10980.1 18673.6 9175.24 14057 14356.5 12272.7 10278.6 13190.7 14002.2 11373.6 14938.3 24645.8 43065.7 32721.8 35583.8 41940.4 40647.9 38383.6 50969.1 22742.7 26918.2 21345.5 17305.6 22672.3 33590.6 19297.9 28030.4 22301.8 29424.8 16288.4 18836.5 20099.7 17155 26122.4 16758.8 17970.5 19573.8 16063.5 24578.9 25585.3 18644.5 24568.9 22640.5 16013.2 14799.5 11914.2 10389.4 16633.5 19709 7118.48 5343.27 8632.31 13617.3 15921.8 24646.8 32483.9 14612 21704 12512.1 16506.8 12079.7 16667.1 18918.5 11709.2 21206.6 30389.9 16746.6 27737.9 26827.7 21707 23946.4 33115.7 29203.4 30426.8 28751 
20438.2 21469.1 20819.2 22364.7 49218.2 37784.7 26032.2 9772.51 16818.7 0 12956.7 12424.9 8692.4 13210.4 14270.2 21147.9 18885.7 27240.7 17444.9 14351.7 17852.3 29473.6 21110.1 33692.2 40033.4 46941.6 43618.4 46444 42361.5 38378.7 43749.1 27489 33347.2 35851.5 40475.1 45228.2 46629.8 42018.4 41428 55088.6 45278.7 54692.2 16646.6 23478.2 18905.3 19618.3 21523 44603.9 28395.7 54055.3 35232.1 63588.4 51360.1 58333.6 70858 62400 25986 49215.3 63897.1 48062.6 26190.6 51836.4 48293.7 47131.4 55012.1 24341.4 15878.7 24017.6 19328.9 53136.5 45828.3 56560.9 40788.6 52413.8 43498.6 39670.9 36081 37890.4 33413 26115.6 29834.2 94372.3 16706.6 36476.7 31418.3 30519.2 55264.1 30960.1 24276 98072.8 60113.9 97410.5 92089.2 32865.2 15565 21817.3 8768.67 20989.7 18379.3 20112.4 16691.2 21180.5 22768.7 22614.7 20378.5 19667 20374.4 20300.7 21208 22447.1 23478.5 23976.4 22774.7 22387.3 11793.6 17929.5 10280.7 22578.4 24562 22233.3 31345.8 25280.8 24120.3 26668.5 30261.6 26663.7 28777.3 23759.6 31444.9 30626.1 24202.9 26877.8 24456.5 28370.7 28374.5 30103.3 24149.1 29714.6 26352.7 29349 10259.6 29025.7 15591.5 15037.5 29420.7 11668.3 24835.5 18637.1 51973.8 10930.8 11283.6 11937.3 10452.3 38697.9 22569 19271.6 32931.7 12053.8 14690.9 8053.71 12845.6 16760.4 13993 13024 10233.2 17054.2 8190.04 9216.06 9901.81 9220.27 11601.3 11075.8 30599.9 50738.4 42432 46935.4 51506.8 49256.3 48311.3 53214.8 34201.7 38861.2 32355.3 29308.3 35029.3 37395.9 16987.9 25292 35735.3 23172.8 20873.2 29441.3 21406 21787.2 26010.7 23104.8 7368.03 24518.9 20971.2 23322.8 32528.7 27077.2 30048.7 33002 8565.24 13408.1 7846.03 19085.6 24212.3 28262.2 16668.3 14122 15693.7 16665.9 20416.3 22845 33782.8 22022.6 31908.3 21988.7 26261.2 19408.9 11642.7 10923.8 18079.7 17104.6 37538.7 22210.9 27440.8 34280.9 24823.1 25600.6 34362.1 29989.4 16474.5 15444 
18264 18739.6 16185.4 19258.1 49262.6 42812.9 21304.2 19388.1 8974.72 12956.7 0 19079.7 12841 17186.9 14417.7 24141.6 22218.7 20271.1 21292.6 10215.3 25266.9 29115.1 32555.6 25138 45698.8 50935.7 50824.8 52592.4 48047.6 44106.6 46961.8 38220.1 39880.4 41780.7 44306.9 49719.9 47308.5 41651.6 41122.1 55026.6 45515.5 54287.2 25607.4 25857.3 21218.9 20896.6 16790.4 40154.1 25170.8 50160.3 31403 60943.6 47844.6 53216.8 65787.7 56957.9 28887 46780.2 58299 49299.4 26174.5 49882.2 40994.7 50602.5 50401.5 20412.4 18282.6 18187.1 13740.4 47638 40575.9 51103.1 34853.4 46891.3 36216.7 36898 33403.7 31601.3 27455.4 23256.9 27271.4 87699.5 19244.4 35062.3 33163.3 34692.6 48575.9 38145 23415 86303.6 60402.9 97607.8 89681.6 35108.2 26040.8 21946.5 19519 21120.5 25836.8 20174.9 26368.8 23827.2 23875.8 22869.3 20500.5 19628.2 20188 20346.1 21981.9 21937.1 23811.9 17136.7 22898.1 20502.7 18090.1 20798.6 12462.3 28285 26555.8 28646.7 32492.7 26811.9 25937.2 28465.6 32335.6 30172.6 31284 26000.6 33872.9 32646.8 26867.1 29650.8 26837 29475.5 29717 31083.2 28209 30870.4 28476.4 30592.1 16112 29696.8 14376.6 19837.9 28604.7 14957.2 20812.7 17169.6 52172.3 12180.8 17800.8 21911.9 14877.4 33817.7 19511.5 16333.5 33689.1 13064.5 14755.3 11932.1 13050.2 11020.5 19424.5 10568.3 13907.4 15803.2 11084.8 10063.4 13208.7 13821.9 11014.9 15310.9 28016.5 46977.2 38863.1 42807.4 47330.8 46041.1 43498.4 52076.8 30025.3 34308 27820.4 24329.7 28358.1 35436.3 19208.6 27206.5 28818.5 28894.7 18035.7 25319.8 19032.8 19301.8 23717.1 18857.4 13505.9 21918.1 16375.4 27129.4 28839.9 24616.8 28197.1 29048.4 9106.82 10142.5 7967.46 12010.2 19152 22956.4 12066.3 9691.97 11042.3 10791.8 19084.9 25496.9 30374.4 14719.9 21111.2 12808.9 16287.7 18006.5 12585.3 14978.9 18460.7 20223.6 32391.7 16508.9 29804.8 28763.7 23978.1 26253.6 29435 32029.1 28726.5 21946.9 
22239.9 20615.3 17771.6 21768.5 42121.5 40727.3 26303.2 11584.2 19342.6 12424.9 19079.7 0 11263.3 5354.26 19302.1 22673.3 9248.34 24973.2 7371.64 17671.3 10910.7 41130 29222.6 41334.8 32499.1 37783.8 35099.8 39258.3 33501.4 29454.8 32367.8 28184.1 25777.5 28129.4 31735.8 35732.9 37280.1 32879.5 33142 46812.8 35594.5 45839.1 10250.8 12224.1 7962.03 9579.85 24606.7 41265.5 23695.7 47433.5 29574.7 53954 44962.7 50578.5 64572.6 57745.2 14202.3 42644.2 58768.4 40287 26324.1 46793.4 45245.5 45963.3 49916 21279.3 11211.7 22019.2 16587.4 48497.5 42449.7 49158.2 33408.9 46379.3 43109.5 32282.1 28587 30935.5 29356.2 21531 22230.1 96437.8 21677.3 38605.7 36318.2 35325.5 57002.5 33351 31911 104293 63705.9 107815 90380.5 36913.6 8899.35 16503.7 8059.99 14507.2 9115.96 12933.6 9822.77 9238.16 12871.7 13154.3 11012.6 10594.2 11809.7 11457.9 14058.1 13376 16702.1 23780.5 17821.5 16262.3 6877.21 11223 11167.1 17948.3 13306 10225.7 21021.4 14215.6 13181.4 15547.5 18897.8 14435 17891.8 12954.9 19792.9 19203 12688.2 15294.7 13058.5 18083.5 17442.9 19809.8 13441.4 19153.1 15048.7 18411.5 6667.83 32161.3 13657.5 13245.8 32252.2 6134.61 24113.7 16016 58698 9645.83 7295.02 11309.8 6811.19 35803.6 21970.8 14464.8 40049.1 7880.53 9979.25 8105.22 13986.3 19694 5070.65 12089.4 15751.1 17089.5 8896.18 10958.2 7406.48 6627.62 9862.25 7022.11 34297.8 44748.5 37107.2 42321.6 45408.2 43908 41638.5 45318.3 34855.4 37719.9 31518.7 28443.8 35286.1 27747.7 14692.5 24562.4 34314.8 19716.6 21562.9 25040.2 20512.1 17864.9 25081.2 18554.4 12966.3 21524.3 17966 25625.1 28087.8 22939.8 26167.4 30481.4 17943.1 23101.2 12344 25169.2 19167.3 21690.9 19358.8 17783.3 16077.2 18043.7 23920.1 26995.2 43604.6 28412.4 36972.7 27187.2 30187.4 18316.3 13568.9 14562.3 16370.5 24411.2 37427 23940.9 16985.1 35327.4 16392.3 16851.8 42463 33453.3 12624.5 18831.5 
23760.5 24968.5 23786.8 24331.7 49201.8 42782.3 24040.5 12361.5 14953 8692.4 12841 11263.3 0 12978.5 16710.4 18794.3 18324.2 28882.9 16327.3 17016.3 16455.4 30545.9 27305.2 31963.8 39991.2 45608.4 44950 48242.6 41816.4 37804.5 42090.7 32764.4 33266.6 36687.4 40667.6 44379.9 47592.6 43184.4 43090.8 57021.8 45706 56265.7 18012.4 22092.7 18473.2 19609.3 18806.8 39852.1 24241.3 50608.8 30944.3 61766.2 48232 55863.3 67317.5 58016.6 24600.5 44890.8 60713 46892.4 26565.6 46833.2 42058.8 44922.4 49778.6 26252.6 16501.2 26979.6 22368.9 50011.8 40114.5 54055.3 38653.3 49887.2 36960.8 40515.9 36816.8 38326.3 32275.9 29350.3 31123.5 94190.7 14694.1 35115.1 28301.6 29323.4 55565.7 29458.6 24765.6 95353.2 56971 97631.3 95994.5 29786.4 16414.2 24455.3 13246.2 23339.2 17448.6 21315 17796.1 19417.4 22427.6 22515.6 20506.1 20903.9 20380.5 20629 22665.2 23525.5 22859.7 18470.2 20973.6 21934.5 12170.2 16768.2 13707.8 22473.6 23510 20407.8 31035 24517 23455.5 25741.2 29361.2 24762.5 28146.9 22704.9 30182.8 29481.3 22817.4 25546.2 23368.3 28168.9 27747.8 29881.8 23228 29295.3 25177.4 28766.7 10647.1 25601.8 17834 13493.1 31464.4 12564.7 22308.3 20992.5 49233 13855.5 11616.8 12700.7 9785.54 35194.1 21993.2 20064.4 32018.7 14976.3 17240.2 10206.3 11705.3 19390 14599.1 15142.5 11127.6 15131.6 10481.6 10871.3 13178.7 10659 14438.1 13573.2 30543.6 48891.2 39651.3 43657.4 49341.8 46272.3 46151.9 52102.6 33310 37133.9 31850.4 27414.1 31752.3 36531.3 15317.1 27352.6 30477.5 25467.3 17909.2 27213.2 21319.3 20430.9 26988 23192 11350.9 23702.7 22722.6 24438.1 29873.7 23648.9 27080.7 29088.8 12402.7 13566.3 10310.5 16879.8 24776.6 27477.4 16712.5 13358.3 17265.1 11268.4 17402.9 19776.1 33382.4 19779.9 29193.6 19126.9 22775.9 16068.7 9274.88 12573.8 14919.6 16376 31968.2 17630.1 26209.5 35993.4 25204.1 25748.7 35505.9 26404.3 18997.3 15397.9 
19452.9 18918.3 14250.2 17846.1 40434.4 41137.3 24789.2 13769.8 15379.3 13210.4 17186.9 5354.26 12978.5 0 17907.4 24065.5 7227.91 20642.3 7797.82 16494.3 12122.3 41370.1 30975.9 39818.3 30834.1 36092.8 35555.9 38034.3 32267.7 28261.4 30989.6 29671 25067.3 27256.8 29119.7 33933.4 35850.2 31620 31148.1 45065.2 34348.6 44416.7 11316.7 11005 7475.93 9294.01 23674.6 38954 20974.5 44702.3 26827.6 51626.2 43817.9 47713.7 61793.1 54978.3 12863.4 40382.7 55930.4 40912.8 26437.9 46144 43603.6 48216.2 47172.5 17834 12446.7 18150.5 12332.4 46470.4 40685.6 46339.9 30949.1 43568.6 42336.7 29711.3 26074.6 28423.6 26469.3 17190.1 19786.8 92436.9 21748.7 39741.8 37244.2 37974.8 52978.2 35945.8 31991.6 102004 65644.5 109083 86798.3 38919.4 12532.4 12480.9 9715.18 11348.1 9966.22 10017.6 10675.1 8830.98 10957.9 11076 9074.55 9190.84 9113.47 9898.45 10239.2 11972.7 14338.5 23083.6 16223.6 14745.5 6229.17 11539.2 10664.8 17647.8 12396.9 11921.7 19949.7 12948 12065.9 14708.8 17779.7 13668.3 17504.4 12736.9 18450.9 18068.6 12120.9 14114 12151.7 16826.7 16175.2 18478.9 14970.1 17930.5 14651.7 17143.9 6621.42 34186.5 11859 15635.4 31695.4 3439.51 22428.6 12935.4 60021.5 6312.76 6965.47 12978.2 6140.86 33574.3 20339.3 11793.9 40438.3 5789.34 7419.41 7713.67 12060.3 15921.4 6311.01 9113.37 15699.4 16329.6 8463.94 8196.16 4923.64 5214.63 7539.32 4899.62 34558.5 43200.1 35068.8 39990.5 43038 42591.4 39642.3 43886.7 30186.5 35511.7 27745.3 25724.7 32570.8 25444.2 14824.8 24614.8 31921.3 21884.9 19337.5 22307.3 19311.8 15807.3 24972.1 16759.5 14660.5 19565.6 17995.9 25113.4 25203.5 21177.7 22851.3 29216.2 17053.7 22074.5 10946.2 22962.2 17594.4 19675.8 15472 14839.4 12181.9 16663.9 22819 28832.4 42950.6 26018.5 34410.2 25037 27250.7 16186.5 13478.3 15591.3 14817.7 27000.4 37942.6 23627 15090.9 31369.4 13966.8 14426.3 40779.7 35669.2 16995.6 21143.2 
20487.8 13000.6 15104.9 21607.9 46191 39048.5 16668 20089 12629.9 14270.2 14417.7 19302.1 16710.4 17907.4 0 16389.2 22887.2 15285.9 21815 11743.9 25335.2 33528.3 34213.5 32090.5 46369.5 52776.9 50421.9 53247.5 48809.8 44737.5 48471.6 39729.3 40069.4 41988.1 45792 50986.1 48746.8 44139.8 43549.4 57285.4 47383 56813.7 23409.5 27158.9 21703.7 21655.9 26685.2 38780.9 21793.6 43369 28351.4 56409.4 41970 47060 58018.9 52378.7 30162.4 42124.1 50614.3 43002.8 33957.6 44951.2 41409 40783.4 45078.7 19501.6 18969.7 19046.5 16893.8 39789.9 41021.6 44420.7 28657.3 39959.6 45331.6 36882.1 33006 27442.8 20882.6 25911.8 28837.5 80532.3 13111.2 31629.6 35250.9 27451.9 41287.4 43719.4 22613.5 89260.6 57034.6 95400.8 91794.4 34362.1 24836.3 24067.8 17568 23090.5 25316.9 22225.3 23399.8 25183.1 25015.5 24591.3 22311.8 21692.8 22307.7 22253.6 23637.3 24405.9 19795 21679.4 17057.2 21221.9 15180.3 18279.5 12156.4 23487.1 27520.5 28276.1 33453.9 27927.9 26984.4 29055.2 33465.6 30856 31573.4 26733.5 34979.7 33505.6 27957.6 30377.5 27665 30628.4 30796.9 32522.6 28620.7 31938.2 29420.1 31708.1 16631 25523.3 9502.39 14585.2 23412.9 15410.2 19041.5 20359.8 51124.3 14038.8 17572.9 20956 15864.9 31512.9 18179.5 16445 30071.4 14899.9 16551.4 12459.1 8662.87 8960.34 19278.4 13411.8 10526.2 14399.3 14160.1 11967.7 13516.1 13813.4 13369.3 16158.9 21739.2 39670.8 33058.3 36923.9 40547.2 39320.5 36697.2 45490.7 24315.7 30163.1 20269.3 20430.5 28603.5 32464.7 15878.2 18350.9 25810 26892 16693.3 18709.6 17744.8 17000.8 24101.1 18192.4 17983.4 19695.8 12383.8 16019.3 20636.2 18123.6 19996.2 24111.3 16635.7 18369 14277.6 14204.5 12476.8 16542.2 9780.97 10539 9292.01 17526.2 12198.6 29618.1 28950.9 16506.4 24995.4 14020.9 18416.5 16302 16920.7 15000.3 12258.7 20044.3 31233.8 22575.1 31052.6 21449.9 25782.2 27587.5 34123.9 30627.6 28031.2 29477 
32567.8 26471.2 27503.1 35624.3 51711.6 50619.9 17711 20707.1 18867.9 21147.9 24141.6 22673.3 18794.3 24065.5 16389.2 0 23156.6 26989.3 23620.5 24780 25253.3 36290.1 40966.1 33846.5 50792.3 55066.3 54266.6 59307 52550.9 48456.8 50383.2 42945.6 44397.9 47873.2 51398.8 55142.7 54148.2 49734.2 51309.4 64562.6 51772.6 62889.8 30287.1 28324.9 26806.7 26059.9 28003.3 31699.8 17030.8 42793.9 23463.3 57436.5 42264.1 47755.4 55503.6 46734.1 30022.8 39184.6 49525.3 42713.7 31477.4 40013.4 38119.6 35130.4 39705.6 32559.8 22180.8 33749.8 29382.9 38208.3 30144.2 44106 30105.2 39442.8 34844 43325.9 39297.2 33138.6 25793.8 37473.9 35809.2 87761.6 9628.91 31437.8 24281.5 19458.7 53124.8 35999.3 25382.6 93044.7 43732.7 93611.6 107199 22804 21418.4 34284.1 23683.3 32604.7 28934.6 30845.1 27665.8 27426.8 29538.7 30046.1 28725 28059.5 28790.3 28240.9 31583.7 29687 22007.1 18889.5 21673.7 21925.3 22744.5 22365.9 21525.1 26956.8 28018 28423.8 36299.2 28492.1 27386.8 30274.8 33790 30926.9 32844.7 28272.9 35041.9 34071.2 28547.4 30570.5 28191.2 33312 31646.6 34871.7 27612 33682.2 30579.4 32615.3 22552.3 21295.6 18768.5 13062.6 32515.6 22180.4 25414 29975.8 45560.3 25484.6 23473.3 19532.3 19242.9 34876.6 30259.4 26398.7 29664.7 26365.5 28909.8 22080 19922.2 23358.4 22984.3 22880.7 18538.2 18546 21353.6 21269.6 24097.5 23530.2 25709.9 26390.9 28297.7 40109.7 32002.8 34107 39288.4 36058.5 35628.7 49530.6 25424.3 27966.1 23637.9 19956.8 25822.6 34085.2 23318.8 30374.2 23116 24908.2 22538.1 24332.2 21455.7 20060 27096 23508 21681 27639 20650 21342.2 25567.6 15110 23777.2 19446 25723.2 25192.7 24305.1 16792.9 21328.1 22015.1 18709.1 19435.3 22056.3 17885.6 15955 24525.2 30397.5 16285.7 24482.9 17514.5 21666.2 13036.1 19638.2 23183.6 12900.2 20554.3 27068.1 20559.2 31666.8 35251.3 28864.9 29536.4 40138.2 23065.9 25112.2 26944.1 
24272.2 23516.3 18742.6 22728.3 40105.6 46461.7 28777.9 17629.8 20604.1 18885.7 22218.7 9248.34 18324.2 7227.91 22887.2 23156.6 0 25435.1 7024.47 21389.4 12304.1 47132.3 37544.1 44746.4 33425 35719.2 36916.7 41499.9 34146.2 30656.7 29670.9 33917.5 27906.2 30439.7 31858.6 36068.4 35986.3 31351 33584 46740.8 32890.5 44812.3 17017.7 8954.52 8771.91 7562.41 26320.9 35030.1 18742.2 39582.5 21689.6 45977.8 37575.7 41844.7 55469.4 49043.2 8071.84 34758.6 50407.6 36021.9 20412.7 43255.6 39185.5 45939.4 42551.7 22137.3 11384 22839.2 17347.1 43439.1 34930.6 42484.9 26224.7 39752.7 38176 26881.1 23268.1 26176.3 25862.3 20516.8 18566 97402.5 25340 42619.2 39275.2 40737.8 57934.4 32729.7 36775.3 106842 60150.5 114445 91329.8 41590.6 11117.7 18320.2 15640 16617.3 13714.9 14978.6 15818.4 9711.05 12272.9 12584 12306.1 10833.3 12092.8 12552.4 14380.9 11760.2 12272.9 24520.5 18786.5 10776.8 10890.2 12227.5 15516.5 18108.9 8086.55 10346.4 16530.1 7869.57 8279.97 9096.18 12592.9 8748.72 12402.6 8282.36 13058.2 12561.5 8162.02 8578.47 6783.68 13972 12323.9 15337 10736.7 13681.5 9836.31 12574.2 12523.5 36584.8 16945.5 15918.4 36837.8 9629.79 27216.1 16417 64942 12822.6 13330 14810.5 11133.5 35151.4 25684 16044.2 45317.4 11679.5 13182.7 13809 17483.6 20867 9037.65 13862.1 20344.1 19491.9 13621.8 13410.3 10574.2 11492.8 12141.4 10452.1 38487.1 38827.6 31686.3 35128.5 37705.3 37617 33821.8 39766.9 34426.6 35961.5 30362 28282.2 34240.7 18909.7 16703.5 29664.7 32536.7 16798 21140.7 24423.1 21796.7 16389.9 25497.3 17549.9 19897.3 21754.2 21278.4 30305.8 25393.7 19450.3 24823.5 27971.4 22011 26991.6 16855.8 27819.1 19619.4 18069.6 20438.3 19738.9 17111.5 16949.6 26196.4 31815 47895 30933 39216.7 29904.5 32079.1 19106.1 15323.4 20139.9 18843 31126.3 41641.9 26193.1 8873.35 36331.6 8881.21 9432.08 46106.4 35392.2 16358.2 24181.1 
21857.4 8848.08 15021.2 23727.8 43853.5 44561.6 15943.5 31011 16733.3 27240.7 20271.1 24973.2 28882.9 20642.3 15285.9 26989.3 25435.1 0 25315.8 18299.7 32092.8 47120.7 46636.9 40303.1 49451 55354.6 54345 56067.7 51365.6 47488.1 49797.8 47481.3 44332.1 45987.2 47633 53075.4 50064 44120.7 43591.5 57600.7 47764.2 56756.2 29822.4 28670.9 23603.3 23307.9 33945.1 42656.3 25108.5 39244.2 32289.5 48013.1 44784.4 43251.1 51737.4 53127.4 31736.2 44136.8 47066.2 38820.9 39991 49552.8 41702.7 44042.2 45169.1 16135.6 25841.8 18090.9 16193.9 32759.6 44166.5 32578.6 18591.8 31517.6 52192.5 32856.5 29430.2 18018.2 14890.9 24194.5 26316.2 72356.2 25018.5 28675.9 46173.1 27543.5 33072.4 55029.7 25642.5 82245.7 54788.9 95348.4 92211 40265.4 32892.3 24690.6 27398.8 23673.9 29483.9 23042.6 30057.9 26969.2 26150.6 25366.7 23069.6 22108.1 22745.5 23073 24508.9 24406.4 18383.6 28942.8 17058.3 24391.1 21383 23704.6 18853.2 30092.3 29000.9 32127.8 34617.1 29136.7 28378.6 30584.9 34791.2 32567.6 34179.8 29091.1 36359.8 34776.4 30020.1 31971.1 29110.4 31757.8 31961.8 33626.6 33665.6 33097.2 31364.3 32867.5 24202.2 27773.3 13520.2 26362.9 26287.1 20391.3 20682.8 21835.9 56536.3 19229.5 24798.9 31401.9 22535.4 34014.4 25307.2 18481.1 36322.8 18372.9 17996.7 20846.8 19267.1 12290.6 24883.7 16750.1 22125.5 21665.3 21723.8 19376.4 18648.9 20363.4 17523.2 19143.3 29584.4 33772.3 32114.2 37388.4 33790.5 37663.5 29458.6 38242.2 24362.7 29681.4 21370.5 23337.7 32243.5 29925 24983 13113.3 23980.5 32205 18956 19271.6 14407 15245.3 19745.4 15174.1 28508.4 20687.5 12527.7 19148.6 12937 20969.5 16890.3 25322 27205.3 29333.2 20809.2 20929.5 7167.15 8657.8 17009.5 18719.8 13192.6 25529.8 21430 40438.2 30170.2 20838.5 22397.6 18497.8 18354.2 23567.3 25753.3 25583.9 19969.9 33326.2 28142.1 30705.2 32689.3 12734.5 26400.7 28669.7 36195 38931.5 36957.4 40506.3 
24414.4 23605.4 18677 22809.3 41434.1 43402.3 27866.9 14863.1 19808.3 17444.9 21292.6 7371.64 16327.3 7797.82 21815 23620.5 7024.47 25315.8 0 20517.7 13362.3 46205 35102.4 45277.5 31431.7 36235.5 34502.5 38975.3 33152.3 28985.7 30944.9 29754.5 25799.4 27730.2 31389.8 35506.3 36115.6 31538.3 34077.3 47109.3 33820.4 44999.7 14729.4 12323.4 11588.4 10702.8 25743.2 36974.4 20376.4 41443.2 23894.8 47127 38936.7 43841.7 57766.4 51329.3 11498.6 35965.7 52317.8 33649.4 21930.3 40630.8 40162.7 41817 43237.6 21908.2 11193.7 22591.5 16479.4 43000.5 37976.9 43876 28622.3 40391.5 40558.9 26253.8 22551 25013.5 24096.9 18841.3 16516.6 97231.5 24577.6 40486.8 36166.1 38932.6 57808.1 32761.4 30672.4 106612 61530.6 110467 91351.1 38719.8 10088 17358.6 14929.1 15598 12330.4 13965.2 13358.5 10493 13534.4 12798.3 11309.5 10764.9 11330.9 11880.8 14013.7 11248.1 15238.7 22766.1 18769.6 15156.2 8859.62 12664.9 14307.5 17759.3 13327.3 10136.2 20695.7 12101.4 12135 15632 18391.9 13158.6 18536.7 14042.2 17448.8 18848.3 12424.9 14707.5 13013.7 16071.6 15808.8 17499.1 13641.6 17389.6 15696.6 16271.9 9887.92 32274.2 14169.8 13878.5 33939.7 9456.63 25267 16747 59532.7 12596.5 9461.92 13240.1 10100.6 35154.8 23455.8 14345.8 41810.8 13048.3 14843.1 13729.3 15940 20951.3 7800.49 13287.6 18907.2 19200.9 13780.3 14033.5 10780.8 10952.9 13092.9 10635.5 35654.3 43264.2 35815.9 39259.9 42624.2 42890.2 38600.7 43971.1 34634.5 38109.9 31590.5 30249.4 36701.7 22183.1 15335.5 27095.3 32981.3 15043 22043.8 25200.7 21559.8 17226.3 24891.5 17092.1 19389.9 22432.9 18721.2 28351 28373.7 23974 27225.3 30073.8 22240.3 26741.9 17949.7 28624.9 20514.2 19557.8 21606.1 20973.3 18492.4 20460.6 25840.4 26766.1 46340.9 30967.3 39462.6 30271.5 31751.5 19471 16756.9 17729.1 17331.7 27877.6 39450.6 24420.4 10782.1 37122.9 10774.9 12158 43981.9 33209.4 16368.2 21567.2 
19388.3 17340.7 10338.1 14233 47209.9 35381.7 22751.7 20332.6 10557.2 14351.7 10215.3 17671.3 17016.3 16494.3 11743.9 24780 21389.4 18299.7 20517.7 0 23489 34561.8 33580.2 31939.7 45211.2 50466.4 50151.1 52104.7 47616.6 43675.6 46490.2 38148.9 39392.7 41129.7 43837.6 49256 46725.3 41125 40565.5 54373.9 44721.8 53766.1 24035.1 25134 19805.3 19526.1 24170 41743.8 24728.2 46820.1 31137.4 55695.3 45549.8 48364.6 63177.1 54660 28416.2 45191.7 54020.5 43805.4 29924.9 48630.4 44643.9 48552.4 50110.9 14785.6 12722.9 12972.6 10074.3 46826.1 43661.2 49202.4 32685.7 45478.7 43780.2 34777.4 32297.6 30923.5 26173.7 17922.1 24996.1 81592.4 21261.9 33048.8 39684.5 36564.4 42305.6 44558.6 29018.5 88373.2 64535.1 102902 83383 41464.4 23795.8 21261.7 16844.6 20426.4 24955.8 19612 24684.8 23216.6 22983.8 22177.7 19803.6 18961.1 19475.3 19691.1 21291.5 21388.3 23964.5 22057.5 23514.9 20551.7 16980.5 20082.6 13075.6 27490.6 25575.8 27779.9 31439.1 25944 25084.1 27077.4 31561.9 29245.4 30139.5 24825.4 33130.1 31551.2 26143.8 28642.3 25783.6 28578.3 28783.7 30403 26899.8 29928.3 27486.2 29694.9 15191.3 31859.7 13562.8 18248.4 23271.7 14229.2 20616.7 13946.8 53166.4 11670.9 16769.5 21063.1 14316.4 29998.3 15138.4 14844.9 33933.9 12111 13584.4 10435 12733.2 12348.9 18059.8 10884 14893 17052.9 12258.1 11505.4 11964.8 12475.9 9680.75 14169.2 23988.8 44705.3 37166.4 41529.9 45397.6 44425.1 41433.5 50872.1 30106.6 34506.1 27208.8 24898.7 32059.5 35231.5 17668.3 25295.3 31572.6 27397.7 19780.9 23454 20843.2 20959.2 26129.7 19566.4 17049.5 21542.1 14558.4 24508.3 26243.5 23985 25946.2 28954.8 14364 16091.3 9642.02 15925 17160.5 21183.5 11185.5 9553.66 8833.62 18050.7 20935 28921.1 35977.1 20696.2 28674.8 18786.3 23614.5 19708.5 14754.2 14418.7 18653.6 24474.9 35807.2 22818.9 29284.7 26461.1 23249.8 25453.3 31923.1 32603.8 27009.4 29124.4 
28713.9 27897.8 25379.1 29256 47978.6 46103 33694.1 15341.4 25450.4 17852.3 25266.9 10910.7 16455.4 12122.3 25335.2 25253.3 12304.1 32092.8 13362.3 23489 0 46465.9 33251.8 47425.5 27926.5 30555.1 35699.1 40192 29090.1 25040 26674.9 31205.2 21910.7 25977 28789.9 31504 46152.3 41810.2 42221.8 56152.9 43611.1 54891.5 15691.7 10462.8 17857.9 17813.8 30352.1 45337.2 28802.2 50002.6 31649.7 49230.4 44041 53266.1 62845.1 59655.6 17340.9 41594.5 61461.1 42812.8 25368.7 50992.9 47457.2 48853.3 53057.3 28822.4 15712.4 29531.9 23981.4 53732.6 44628.1 50539.1 34680.3 51457.9 44599 38595.4 34591.7 37801.5 36539.4 28754.2 29356.7 103727 25219 44163.1 34757.8 41925.3 64375.6 24631.3 34941.8 110661 62805.1 112630 98100.5 39930.4 9088.24 24121.6 15550.3 22709.3 13129 20782.2 15298 11377.3 19790.3 20677.6 19335.5 19646 19063.9 19335.3 21730.1 21861.8 21805.3 29929.1 21571.8 19979.3 13574 12342.1 17135.9 14071.9 17206.9 7938.09 27550.4 18466.6 17573.2 18343.1 22624.6 13179.9 22828.5 16522.3 21757.6 21152.2 14101.7 18008.2 16173.7 24907.7 23043.4 26382.5 18125.2 24290 15870.3 20371.7 12845.8 36081 20132.3 15279.8 38589.1 13428.1 30224.1 22936.5 62390.9 16900.1 11583.5 10853 11748 43261.9 28626.6 21489 44741 16349.2 18865.3 14068.7 20928 26650 13293.9 18411.4 20763.5 22030.8 15495.1 17713.9 14801.8 13983.8 16877.7 15157.2 40171.6 49540.1 42787.4 46391.5 49325.1 44560.1 43463.3 41640.9 41140.3 44942.4 38462.8 36047.7 42194.9 24198.8 13522.6 32047.7 38458.3 19808 26076.1 32518.2 25099.8 24121.2 30345.9 24867.7 19263.2 28978.7 24748 32393.5 31094.4 25802.6 28470.5 36768.3 23073.3 28231.4 18470.8 31542.3 27993.6 28944.3 26584.6 24618 23643.9 20903.9 28016.3 30476 48469.8 33439.6 42623.2 32967.9 35623.9 22914.6 14872.6 14027.8 23000 29570.7 43780 30061.6 13640.7 42761 20977.7 21496 46986.5 31586.4 9736.12 21125.4 
