244 244
0 2284.65 4825.43 5509.32 3372.7 3816.31 3714.63 4079.01 2767.51 2463.07 2839.11 3187.16 3073.81 2881.03 5498.48 6340.92 3671.31 5660.26 6404.94 6930.05 6672.24 7529.17 7498.31 7661.4 7132 7284.76 7325.58 6977.19 6588.8 6171.46 6215.41 6919.66 6737.05 6957.38 6300.91 6784.93 7912.73 3995.05 4605.64 4002.46 3540.16 4109.19 4238.93 3401.22 3330.44 4071.06 4596.96 4014.55 6830.95 5392.35 5822.53 5262.5 6168.89 6709.15 8148.62 4592.24 5911.52 7020.98 7039.59 4776.89 7173.85 5021.52 5706.01 6816.59 6205.49 4879.79 4565.67 2833.48 3694.35 3766.02 2454.85 2872.36 2826.79 7258.44 6785.4 4454.49 5903.55 7190.68 3336.85 5029.06 4036.16 4398.95 2668.23 2803.94 11429.6 4200.45 10996 5449.7 6894.48 6209.9 6184.84 7348.28 8772.74 4629.33 5639.39 12151.3 7104.76 8286.24 4454.56 4453.48 4057.95 3276.86 4147.75 3900.3 3966.17 3820.83 3672.56 3610.13 3608.6 3731.1 3507.59 3384.25 3917.91 4187.78 3715.53 3740.57 2652.73 2733.82 3284.61 1990.43 3649.59 3062.43 4203.2 4321.33 5043.05 4207.86 4005.31 4883.74 5201.42 4757.87 4128.75 4103.88 4487.21 4101.25 4647.73 4588.78 5239.6 4838.5 4424.8 4717.03 4875.08 4358.29 2924.66 5096.32 2571.47 3875.07 4338.61 2684.92 3777.29 2284.9 2580.83 2629.4 8583.08 4205.37 3488.71 4302.47 2898.2 5463.67 2327.13 2572.81 2663.78 1903.23 3236.5 2763.04 2308.61 2133.17 2486.22 1768.34 5257.12 4148.35 6943.94 5985.18 6417.56 6963.51 6680.21 6403.75 7089.58 3893.87 4030.83 5099.47 4707.2 4625.31 5288.74 5196.47 4413.37 4918.01 3530.27 3389.44 3037.14 1640.48 1641.56 1488.12 4217.31 3904.84 2650.04 4491.91 3718.4 3494.06 3722.56 2783.79 2629.67 2429.27 2884.86 3555.78 2295.55 2739.35 2720.28 3078.45 4524.16 4175.69 4519.81 4358.09 4918.47 2860.07 3224.96 3568.92 2639.03 2670.41 2829.66 2461.76 2161.27 2200.92 3235.22 4150.65 3373.09 3651.89 5480.68 5653.16 4820.39 3712.05 4271.56 2429.37 2130.38 3546.14 4837.68 3807.9 4081.58 3490.29 3735.74 3857.97 5592.19 5978.57 2714.16 2873.66 
2284.65 0 4950.63 5116.9 3878.79 4024.4 3774.63 4273.05 3185.46 2333.39 3147.81 3410.15 3167.12 2330.13 5786.02 6675.28 3803.81 5892.87 6750.43 7415.29 7035.47 8003.09 7759.39 8053.67 7570.08 7630.96 7460.05 7323.9 7023.4 6517.14 6625.31 6949.87 7150.51 7138.2 6203.09 6738.53 7866.64 4265.3 4886.53 4190.46 3730.63 4340.61 4483.07 3533.09 3421.05 4296.91 4904.71 3922.87 6952.26 5492.7 6093.04 5565.34 7175.87 7189.59 9286.28 4791.52 7057.95 7604.5 5926.68 5062.79 7285.05 5235.75 6723.65 7669.7 7415.73 4138.62 4061.58 3292.42 3718.33 3726.65 1884.44 2269.64 2247.22 7058.74 6953.46 4931.28 6055.77 7719.27 4037.52 4897.76 4161.87 4318.99 2421.81 3176.52 10977.6 4397.55 11696.4 5391.35 7266.45 6175.95 6125.57 7668.05 8098.7 5042.36 6200.35 11136.6 7320.43 8342.19 4549.39 4598.35 4277.32 3551.38 4302.65 4095.92 4019.8 4066.79 3848.75 3649.16 3894.52 3755.41 3797.51 3319.71 3773.74 4487.87 3692.36 3617.97 2739.06 2831.04 3204.87 2325.29 3816.25 3404.66 4291.58 4561.3 5003.66 4034.78 4185.85 5035.13 5208.45 4735.77 4225.66 4411.53 4606.54 4185.6 4666.97 4601.26 5351.52 4963.71 4530.26 4771.56 4880.56 4596.6 3240 5385.75 2395.55 4079.56 3713.56 2960.78 3634.21 2485.97 2736.8 2377.18 8377.64 4607.87 3562.62 3338.95 2357.32 5555.88 2542.65 2723.08 2622.86 2003.8 3490.36 2707.17 2597.96 2390.59 2730.6 1834.24 4589.08 3667.86 6691.85 6001.63 6457.46 6850.55 6442.65 6185.81 6849.05 3558.44 4001.92 5040.28 4558.46 4684.45 5328.82 5060.04 4099.36 4811.64 3261.43 3209.41 3518.22 1767.37 1762.87 1237.65 4958.61 4510.26 3147.48 4599.24 4263.52 3405.21 3557.38 3789.52 3117.43 2773.58 2991.47 3762.82 3198.37 2847.59 3588.18 3731.06 4460.74 3790.43 4389.06 4177.07 4905.57 3265.33 3588.96 3724.21 2676.04 2863.05 3196.77 2783.33 2276.4 2067.23 2732.51 3779.47 3671.6 3738.48 5240.45 6139.98 4753.77 3748.37 4039.38 2223.07 2178.2 3659.21 4645.19 3961.39 4091.27 3573.33 3912.01 3802.68 5410.64 5383.99 2897.26 3126.14 
4825.43 4950.63 0 4657.35 7182.96 6770.81 6955.78 6811.49 6525.37 6058.58 6700.39 6427 6153.77 6303.62 9400.09 9948.09 6623.37 9495.21 9770.92 10275 9910.76 10886.8 10807.9 11000.7 10473.3 10873.6 10569.2 10367.7 9901.29 9462.38 9539.12 10138 10223.6 10639.1 9871.11 10145.3 11500.9 7269.86 8249.69 7075.96 7281.17 7416.91 7397.05 6713.67 6728.37 7787.45 8420.92 7608.18 10254.3 8952.92 9345.46 8977.46 7720.25 7544.77 9635.25 7989.75 7761.04 7322.53 7460.35 8260.2 7646.31 8836.35 8730.7 8519.53 8222.71 4949.13 5530.78 6008.26 6945.89 7113.93 4729.26 4792.14 5394.6 10777.4 10300.4 7557.78 9601.95 10692 5328.93 8887.17 7408.8 8092.53 4938.79 4935.57 9481.17 7431.77 12597.1 6497.02 10142.5 9668.85 6206.33 10058.2 10571.7 7457.26 8334.59 12735.1 10385.2 11166.8 7188.85 7908.29 7242.69 6884.62 7368.56 7386.75 7283.98 7423.63 7183.17 7036.85 7211.85 7025.42 7228.3 6407.95 6987.4 7917.01 6780.79 7076.59 5819.39 5670.83 6305.94 5571.14 6783.5 6305.85 7344.06 7160.07 8308.32 7588.58 6786.77 8099.77 8528.25 7783.99 7254.67 7351.13 7562.15 7172.18 7994.95 7868.82 8683.63 8213.91 7702.64 7968.28 8174.47 7523.2 6186.57 7659.97 6062.62 6794.79 5373.56 5946.37 5951.13 5828.92 6148.56 5384.56 8872.49 7059.69 6496.28 6356.33 5227.43 6591.64 5912.29 5978.56 6052.28 5505.66 6418.03 5252.67 5921.87 5504.7 5778.36 5330.24 7093.06 6893.57 10459.6 9771.72 10061.5 10653.4 10408.9 10040.7 10355.6 5975.51 6312.25 8906.78 8473.79 8551.58 9238.86 9070.89 7988.38 8012.11 6740.97 6565.1 5722.13 5212.76 5228.56 4689.88 7396.39 6555.8 5689.13 8055.87 7056.31 7188.6 7316.64 6105.75 6075.66 6140.17 6420.53 6928.49 5594.21 6137.04 5348.73 6373.98 7737.29 7693.9 8006.1 7862.62 8651.46 6461.26 6993.43 7382.14 6099.99 5981.5 6219.52 6413.93 5992.43 5948.45 5530.95 5297.83 6789.5 6776.12 7702.11 8860.7 8825.37 7617.15 8205.13 5452.1 5675.94 6852.14 8024.11 6716.9 7676.49 6914.97 7304.2 7468.7 7882.9 7474.98 6180.53 6042.09 
5509.32 5116.9 4657.35 0 7041.73 6808.41 6880.79 7473.74 6566.97 6453.89 6971.62 6276.65 6979.81 6388.07 9153.91 9313.88 7496.77 9539.66 10629.5 11172.5 10836.7 11754.1 11642.1 11913.5 11454.9 11642 11179 11341.6 10727.8 10422.2 10318.5 10199.3 11074.8 11244.7 10404.6 10909.5 12043.2 8285.98 8978.18 7679.05 7780.82 8400.25 8513.23 7573.43 7517.26 8287.42 8368.35 8074.38 11171.7 9068.7 10317 9742.71 8786.03 8353.05 10915 8885.35 9287.28 8483.12 7458.28 8471.59 8303.01 9133.05 9641.22 9212.09 9931.52 5759.73 5798.66 6530.35 7735.6 7774.84 5185.85 5594.35 5537.06 11028.5 11199.7 8250.48 10204.8 11429.4 6639.1 9051.19 7614.82 8478.82 5530.91 5854.19 10105.1 7450.64 12949 6485.78 9948.5 9069.04 7545.48 10019.9 10621 7255.71 8794.82 12492 10472 11169.6 7560.25 8707.15 8115.86 7523.97 7996.59 8213.27 8085.67 8117.1 7939.17 7746.84 7867.23 7835.48 7783.52 7002.22 7592.23 8113.62 7369.54 7626.1 6231.88 6336.27 6990.75 5553 7668.59 7150.46 8371.25 8062.86 9186.44 8232.98 7852.76 9209.65 9389.46 8763.16 8292.93 8356.44 8701.9 8270.9 8876.43 8798.34 9549.43 9154.12 8265.55 8936.95 9029.91 8618.88 6444.22 7391.77 5890.15 7479.05 5205.42 6637.78 6118.96 6406.5 6624.15 6136.76 8831.66 7538.64 6636.27 6490.38 5641.34 6747.36 6354.06 6028.39 5995.66 5695.54 6665.11 5633.01 6215.02 6054.52 6306.94 5663.12 7207.9 7046.38 10827.5 10212 10774 11079.9 10748.7 10305.9 10682.3 6525.65 6869.13 9119.37 8639.8 8544.06 9609.11 9308.91 8257.72 8728.26 7002.22 7028.54 6239.78 5683.86 5720.24 5176.36 8085.42 7351.61 6427.89 7906.68 7398.98 7016.2 7055.22 6646.26 6578.72 6542.44 6528.8 6796.25 6335.22 6364.12 6231.46 6910.46 7797.39 7924.31 8249.53 8321.96 9172.04 6411.29 6930.69 7467.69 6339.62 6479.14 6456.74 6370.5 6347.67 6121.05 5898.64 5890.75 7545.89 6615.21 7718.46 8955.23 8591.1 7502.93 8042.93 5779.1 5975.85 7412.24 7578.06 7996.59 7801.38 7735.51 7625.56 7436.23 7866.74 7983.78 6080.17 5918.94 
3372.7 3878.79 7182.96 7041.73 0 5084.6 4544.47 5452.8 3920.48 3459.51 4054.72 4515.9 4538.97 3081.53 5654.02 6559.36 5135.14 5504.39 8349.27 8910.47 8571.87 9515.58 9224.7 9717.55 9150.18 9288.11 8965.6 8880.18 8503.01 8173.31 8166.17 8242.9 8756.4 8520.75 7894.71 8376.1 9558.44 5893.04 6397.49 5766.24 5326.16 5928.94 6113.82 5189.52 5027.24 4541.16 5946.38 4134.81 7403.31 6650.22 6158.72 5711.85 6637.54 7227.66 8331.42 6227.6 6736.08 7869.64 7272.02 6005.75 7949.05 5511.48 6739.1 6555.21 7298.77 6274.86 6542.7 3662.54 3916.35 4330.67 4324.33 4607.02 4475.51 5842.62 6776.49 4542.03 5247.27 8240.18 5474.8 4506.38 4370.12 4067.2 4815.22 4842.56 12485.9 3660.68 9706.76 4963.85 6811.33 4760.92 7373.35 8564.11 7340.41 4648.36 4463.02 14384.3 6289.47 8623.89 5745.27 6093.75 5834.43 5150.63 5986.22 5627.78 5752.56 5588.59 5396.14 5261.96 5442.37 5444.27 5347.34 4466.95 4237 5160.33 4399.37 4604.05 4215.33 4242.99 4301.33 3355.8 5478.12 5063.94 5992.72 5976.52 6550.46 5803.84 5489.66 6549.29 6742.9 6213.4 5907.41 6063.37 6264.54 5806.98 6205.25 6131.42 6831.26 6366.03 5820.76 6378.46 6445.03 6187.12 4491.39 4481.9 3240.45 4267.51 5560.18 4446.96 4337.98 4100.03 4476.34 4500.97 8529.97 5690.96 4504.29 5145.66 4335.88 5794.41 4195.04 4082.61 3179.44 2767.96 3528.69 3777.12 3630.54 3921.64 4171.8 3451.71 5713.81 5381.56 5910.34 5660.35 6241.82 6034.17 5570.15 5381.66 7340.7 4490.71 4681.61 4505.81 3747.51 4349.39 4903.81 4408.39 3721.9 5659.27 2987.92 3469.7 4291.07 3514.02 3480.41 3558.95 4899.09 5276.24 4196.19 4343.03 4590.38 4024.22 4159.31 4281.31 4318.58 3685.01 4079.61 4949.22 4042.71 4069.35 4709.57 4848.74 3530.83 3706.33 3818.09 3677.36 4120.41 4496.06 4386.71 2977.55 2987.27 3365.65 3557.43 3078.3 3072.5 2797.42 4325.93 5006.32 3650.88 3371.76 6420.43 4861.11 3778.33 3242.01 3278.58 3117.11 2872.53 3709.35 4772.26 5501.55 3964.74 5111.79 3657.88 3484.62 6133.54 6560.27 3744.44 3209.12 
3816.31 4024.4 6770.81 6808.41 5084.6 0 2742.87 3224.49 2955.23 3896.14 3289.48 2156.86 3051.95 4795.47 5066.96 5150.98 3461.55 5628.24 6575.96 7000.84 6691.29 7568.88 7368.89 7785.04 7322.67 7907.72 7397.5 7281.17 6701.58 6439.1 6273.05 6433.75 7105.13 7552.83 7174.05 7203.14 8805.35 4290.29 5297.81 3744.67 4298.28 4459.41 4368.45 3703.15 3587.8 4985.81 4408.45 4463.79 6901.69 4693.79 6076.42 5769.66 7591.08 8587.64 10372.9 4684.94 7687.15 9727.67 7973.08 4702.5 8325.23 5037.69 7734.82 7852.7 8536.25 7060.76 6278.75 3986.77 4855.27 4129.37 4578.49 3402.14 4845.31 8067.06 7024.57 6270.77 7061.4 6485.15 5719.64 6285.2 5890.09 5173.6 4578.58 4866.9 14370.6 4071.59 11150.4 7081.33 5263.59 5681.34 9086.9 4709.78 8066.61 5681.26 6386.98 13959.6 5458.98 6909.57 3653.51 4950.8 4049.49 3978.07 4046.56 4404.9 4526.26 4453.01 4204.15 4202.49 4221.46 4278.7 4212.31 3917.14 4168.64 4746.9 4079.6 3840 2576.84 2916.51 3280.17 2932.41 3974.86 3254.71 4269.3 3903.22 5319.03 4838.93 3705.54 5072.91 5464.56 4714.05 4254.51 4298.09 4574.95 4215.55 4882.27 4829.56 5655.39 5139.76 4225.53 4962.8 5148.55 4535.8 2739.69 5814.98 3508.54 3755.39 5849.49 2889.31 4953.07 2860.18 3282.5 4176.33 8970.56 3183.5 2486.14 5170.56 4056.95 6796.85 2844.45 2535.35 3092.34 3781.29 3409.78 3859.46 2283.8 2456.58 2523.55 2483.28 6514.52 5131.07 7527.64 6538.39 7321.1 7650.01 7792.61 7456.61 7810.05 5222.54 5844.26 5893.67 5584.33 5335.9 5796.72 5988.5 5376.62 5434.84 3944.32 4388.85 4434.36 2510.66 2531.12 3014.96 6073.19 4328.83 4228.28 4981.87 5517.44 4562.22 4219.99 5187.81 4199.11 4357.05 4164.09 2734.86 4724.55 3524.48 4645.79 5000.79 4841.51 5027.79 5612.83 5071.7 5514.62 2571.11 3251.49 4908.28 4072.35 3056.54 2861.54 3192.26 3168.35 3496.38 5515.43 6729.75 3643.16 4121.92 4902.69 6554.74 5756.63 4531.42 4826.55 3020.86 3536.27 3785.8 3682.43 4223.95 5694.38 4060.84 4305.09 4738.84 6792.09 5850.02 3630.92 4066.83 
3714.63 3774.63 6955.78 6880.79 4544.47 2742.87 0 2980.73 3023.35 3668.34 3043.4 2473.1 2904.24 4436.68 5505.52 5563.32 3443.2 6112.91 6055.25 7147.98 6357.73 7578.28 6985.38 7459.76 7232.88 7596.52 6542.98 6725.18 6590.65 6340.84 6191.44 5580.53 6817.42 6116.22 5699.16 5939.88 7259.19 4272.42 4176.83 4042.72 3248.84 4272.21 4323.01 3393.49 3260.07 4335.96 3561.07 4114.38 6029.02 4282.41 5207.01 4952.87 7077.46 8008.48 9764.97 4206.86 7233.06 8853.11 7309.4 4441.56 8345.36 4203.16 6797.09 7497.36 7716.37 6736.18 6160.29 3856.15 4672.12 4156.35 4440.84 3558.13 4497.54 7276.21 6470.33 5947.91 6491.68 7056.49 4916.67 5415.59 5050.32 4591.99 4119.82 4154.83 14283.7 4063.28 11764.5 6889.44 5461.71 5886.08 8915.82 5643.99 8447.45 5271.65 6587.21 13861 6188.54 7207.57 3411.58 4450.03 4328.84 3333.01 4259.92 4055.84 3781.2 3613.43 3689.72 3594.75 3663.87 3706.2 3407.75 3912.94 4330.28 4068.15 4354.15 3341.33 2980.73 3332.21 3593.79 2939.88 3852.96 3607.19 4211.3 3934.97 4821.09 3582.05 3299.55 4738.84 4747.53 4507.48 4321.4 4312.64 4314.92 4033.94 4291.77 4052.06 5156.64 4318.58 3727.3 4480.5 4260.82 4414.49 2644.29 5924.54 3155.2 3702.09 5876.48 2662.3 5058.97 2723.43 2998.78 4088.53 9340.05 3508.34 2447.85 5236.11 3822.6 6691.97 2689.06 2407.07 2989.55 3684.29 3387.56 3946.88 2315.29 2337.15 2741.32 2391.01 6497.22 5272.39 7178.5 5751.64 6567.55 6846.91 7109.48 6752.61 7867.14 5401.87 5908.88 5308.32 4555.52 4614.55 5116.65 5200.56 4483.15 5142.74 4043.1 4629.99 4508.01 2441.56 2439.74 2920.92 5892.57 4231.52 4559.51 4798.97 5274.91 4184.05 3875.73 4774.77 3935.02 3863.89 3688.73 2717.03 4464.77 3436.03 4665.54 4869.58 4893.33 4986.92 5412.76 5232.89 5227.2 3081.32 3778.34 4971.11 4007.49 3235.45 2804.54 3112.88 2959.13 3351.14 5356.78 6555.6 3943.22 4245.8 5173.54 6978.16 5684.56 4480.28 4593.59 3040.36 3350.72 3819.68 4027.77 3827.36 5516.35 3085.82 4319.29 5069.38 7121.03 6363.3 3961.24 3845.25 
4079.01 4273.05 6811.49 7473.74 5452.8 3224.49 2980.73 0 3782.38 4251.07 3464.89 3244.67 2873.55 5041.56 6473.57 6490.64 3012.59 6928.31 5648.7 6419.27 5726.18 7176.67 6270.26 6992.48 6533.42 7411.92 5947.27 6568.98 5998.24 5734.25 5738.93 5102.7 6553.71 6728 6304.24 6355.45 7982.64 3902.87 4537.06 2936.2 3668.59 3972.5 3778.68 3492.83 3285.68 4905.32 4312.91 4472.16 6003.7 4923.57 5378.32 5152.85 7344.08 8222.42 10133.7 4159.34 7025.62 9270.2 7040.87 4916.23 8216.27 5187.66 7328.17 7618.99 8084.47 7157.63 6354.45 4152.65 4763.3 4096.88 4749.39 3522.26 5040.9 7673.91 6552.46 6216.64 6667.04 6970.27 5386.76 6297.83 5787.35 5139.06 4395.29 4726.67 14768.6 4580.02 11945.2 7375.95 5886.67 6597.79 9447.29 5126.54 7881.93 5697.91 6441.7 14246.2 6746.08 7748.98 2680.32 4363.87 3481.2 3561.34 3357.38 4002.67 3874.48 3919.34 3695.92 3821.11 3874.31 3972.47 3668.78 3758.54 4171.48 4801.36 4117.06 3587.62 2680.45 2962.11 3061.73 3414.66 3267.29 3027.2 3732.42 2963 4768.81 3959.65 2911.16 4329.12 4668.07 4014.47 3827.35 3830.84 3775.05 3557.68 4154.89 3867.71 5116.96 4307.14 3485.37 4243.42 4372.2 4058 2486.89 6389.86 3449.24 3464.31 6742.29 2587.22 5720.31 2758.84 3072.09 4283.72 10416.5 2582.42 2827.2 5798.38 4275.98 7478.38 2767.02 2651.56 3704.89 4252.59 4100.61 4166.64 2850.98 2525.13 2437.81 2907.28 7173.44 6039.63 7612.3 6422.45 7149.1 7545.53 7737.91 7298.79 7890.79 4886.55 5968.67 5747.8 5413.83 5320.43 5925.59 6022.74 5181.17 4943.37 4204.02 4627.83 5091.49 2800.59 2828.25 3320.73 6233.92 4135.38 4597.12 5414.83 5739.07 4801.15 4377.09 5180.16 4305.46 4171.01 4128.65 3238.82 4891.38 3500.45 4715.34 5066.46 4819.5 5241.64 5759.05 5309.89 5591.75 3783.97 4565.53 5680.4 4543.2 3342.4 3259.29 3954.37 3519.46 3898.12 5908.81 7034.94 3959.09 5041.31 5091.33 7647.55 6424.19 5097.73 5350.95 3440.56 3783.85 3928.07 4603.15 3315.52 6091.64 3414.2 4869.16 5702.27 7942.7 6518.91 4580.47 4617.73 
2767.51 3185.46 6525.37 6566.97 3920.48 2955.23 3023.35 3782.38 0 2214.82 1710.24 2331.48 3052.83 3639.91 3770.96 4123.68 3675.88 3989.21 6485.13 7017.79 6717.12 7630.56 7588.32 7720.71 7215.19 7388.01 7273.25 7084.79 6595.44 6244.94 6186.35 6570.39 6828.57 6964.79 6441.15 6813.97 8087.97 4147.62 4727.53 3973.3 3577.54 4209.44 4358.98 3505.09 3429.36 3526.9 3265.99 3809.22 5865.24 4833.8 5310.14 4719.61 7168.51 7869.85 9439.7 4715.72 6799.57 8417.55 7536.65 4590.41 8033.6 4249.84 6307.32 7220.46 7207.3 6592.11 5638.88 3331.05 4411.82 3318.28 3660.26 3302.45 3750.49 7007.47 5460.8 5647.95 5897.63 5519.88 5011.8 5305.13 5146.88 4273.02 3775.01 4153.92 13507.2 3272.43 11147 6445.7 4818.02 5106.89 8109.59 6292.57 8327.02 4965.86 5916.57 12995.9 5090.63 6807.1 4155.54 4543.58 4058.41 3344.84 4105.65 4015.08 3955.87 3847.07 3663.14 3596.03 3600.22 3723.92 3496.21 3643.22 3893.77 3292.05 3699.79 3428.58 2649.25 2737.24 3423.14 2275.3 3640.53 3195.92 4150.31 4318.3 5127.37 4309.82 4037.5 5138.34 5279.12 4836.7 4194.92 4311.64 4648.5 4270.31 4705.91 4628.47 5445.24 4960.64 4434.83 4780.2 4951.48 4507.58 2594.89 5224.43 2725.62 2914.54 5116.04 2465.62 4232.63 2344.95 2552.41 3259.31 8280.47 3550.05 2624.95 4701.78 3600.08 6302.27 2292.7 2146.68 2218.53 2626.91 2065.09 3435.14 1855.98 1995.65 2278.16 1752.99 5251.97 4543.19 6708.02 5508.94 5930.81 6599.24 6647.95 6372 7367.78 4710.11 4636.57 4314.53 3924.26 3576.81 4066.06 4364.51 3768.08 5328.45 3201.83 3995.74 4333.28 1646.29 1665.15 2063.76 4423.98 4863.58 3321.05 3953.09 4176.58 3760.43 3540.55 3713.05 2779.96 2890.98 3363.99 2700.46 3639.29 2841.1 3774.8 3518.46 4087.01 4365.21 4755.44 4251.38 4221.81 1916.85 2133.25 3073.84 2865.46 2261.05 2295.36 1794.68 1906.99 2405.3 4340.22 5473.1 2516.68 3710.14 4528.56 5095.55 3869.32 2655.67 3110.51 2530.11 2474.72 2792.12 3594.43 4188.39 4310.58 3540.59 2588.16 3344.11 6050.33 5594.73 2812.82 3345.4 
2463.07 2333.39 6058.58 6453.89 3459.51 3896.14 3668.34 4251.07 2214.82 0 2283.4 3091.43 3408.2 2567.71 4441.38 5358.65 4081.46 4425.56 6780.13 7483.92 7074.84 8062.05 7822.09 8123.95 7628.81 7749.01 7567.58 7356.41 7077.89 6630.25 6679.84 7174.82 7235.17 7235.45 6452.82 6961.32 8042.29 4432.98 4933.85 4415.32 3844.15 4574.32 4637.43 3772.64 3671.41 3351.5 4196.23 3601.71 5891.76 5545.61 4966.12 4271.17 6487.98 6861.86 8420.42 4945.22 6057.23 7195.63 6777.93 5034.12 6876.79 4181.65 6025.1 6903.59 6403.88 5690.87 5147.2 2982.03 3742.2 3346.89 2882.73 2886.35 2979.45 6474.8 5401.7 4864.82 5122.41 6354.92 4416.97 4502.37 4452.4 4084.46 3189.42 3606.41 12681.2 3534.05 10808.7 5596.42 5697.98 5418.24 7316.89 7231.28 7924.98 4765.01 5548.47 12493.5 5722.2 7060.27 4755.34 4835.15 4494.33 3612.99 4498.36 4336.39 4156.38 4145.46 3985.87 3844.45 3977.54 3889.02 3877.12 3742 3921.17 3512.96 3794.07 3574.08 3121.03 2978.02 3508.95 2447.19 4023.59 3643.81 4526.44 4743.38 5306.64 4392.66 4414.4 5213.27 5442.77 5060.44 4438.16 4558.01 4782.65 4422.65 4907.61 4830.45 5575.41 5114.04 4747.75 4954.82 5113.33 4779.77 3331.87 4594.46 2640.67 3388.18 4750.72 3014.47 3721.64 2702.28 2968.06 2589.24 7890.99 4388.23 3321.05 4138.12 3013.13 5771.82 2796.14 2792.22 2477.08 2161.76 2750.77 3118.59 2262.95 2484.88 2704.63 2092.67 4620.96 3976.51 6493.44 5136.68 5421.06 6404.74 6127.2 5819.9 7552.12 3848.87 3798.15 4093.09 3822.03 3510.65 3925.66 3994.12 3676.75 5231.46 3148.73 3654.47 4247.32 2060.23 2082.39 1534.44 4271.53 4708.86 3107.05 4298.25 4245.45 3718.72 3934.31 3259.83 2908.11 2872.37 3395.1 3788.56 3226.2 3060.62 3589.28 3677.48 4270.62 4063.22 4494.3 4223.54 4086.05 3065.5 2729.13 2626.6 2803.96 2127.69 2573.58 1999.07 1907.77 2274.24 3429.97 4472.23 2700.23 3761.62 4449.19 4963.22 3730.3 2733.72 3279.61 2448.11 2041.06 2623.25 4272.96 4099.96 4008.26 3718.28 2644.97 3508.66 5669.51 5413.53 3045.85 3216.54 
2839.11 3147.81 6700.39 6971.62 4054.72 3289.48 3043.4 3464.89 1710.24 2283.4 0 2240.39 3098.09 3543.94 3719.36 4522.7 3582.81 4251.89 5979.04 6683.73 6235.01 7153.5 7123.42 7285.43 6784.89 7033.83 6819.48 6561.38 6116.25 5663.67 5757.13 6439.77 6347.02 6481.75 5982.48 6323.4 7611.92 3808.1 4164.18 3677.57 3046.15 3864.74 4003.01 3131.55 3072.9 3621.78 3133.14 3408.44 5234.73 4587.73 4814.39 4366.99 7151.52 7546.97 9359.05 4392.78 6915.44 8193.72 7655.14 4700.21 7938.55 3682.11 6307.1 7573.25 7065.11 6528.82 5672.69 3329.73 4132.73 3174.37 3753.41 3575.74 3716.45 6713.92 5520.46 5458.99 5496.88 5671.68 4927.58 4997.09 4653.67 4068.09 3810.06 4089.51 13422 3366.81 11521.5 6646.38 4972.16 5348.11 8050.59 6302.57 8591.94 5242.23 5943.72 13087.3 5285.32 7470.32 3917.46 4241.59 3785.19 2981.41 3779.41 3727.49 3394.27 3482.38 3281.83 3186.37 3339.37 3400.25 3056.73 3638.02 3699.17 3359.73 3533.94 2979.48 2581.98 2769.05 3218.76 2583 3180.87 2841.72 3833.62 3942.06 4733.53 3692.91 3767.26 4737.3 4813.94 4444.52 3863.99 3894.31 4158.34 3852.68 4314.5 4079.09 5054.67 4511.88 3978.21 4400.6 4347.85 4175.23 2408.05 5210.83 2946.39 3206.96 5200.68 2213.03 4353.37 1971.74 2170.05 3330.75 8832.5 3571.66 2510.08 4818.14 3772.39 6451.25 1917.4 1886.08 2504.25 2636.79 2494.65 3669.7 1782.36 1884.2 1920.72 1847.95 5291.33 4591.24 6482.15 5069.62 5756.85 6360.08 6529.27 6182.03 7304.35 4643.56 4580.73 3996.76 3563.84 3459.94 3945.68 4158.69 3365.54 5247.59 3085.13 3814.85 4477.42 1652.99 1704.11 2146.61 4571.36 4815.69 3417.91 4126.76 4324.35 3506.87 3647.55 3637.26 3058.04 2988.17 3266.68 2609.53 3637.94 2981.06 3733.28 3635.18 4153.72 4197.47 4513.95 4036.39 4150.74 2324.79 2519.32 3208.29 2858.23 2228.76 2519.92 2020.32 1833.8 2304.18 4230.37 5325.49 2595.29 3821.99 5053.88 5324.98 4012.97 2854.85 3268.89 2565.14 2543.54 2666.95 4073.07 4072.2 4167.11 3330.94 2895.7 3465.34 6296.55 6034.31 3079.62 3298 
3187.16 3410.15 6427 6276.65 4515.9 2156.86 2473.1 3244.67 2331.48 3091.43 2240.39 0 2887.59 4220.33 4155.78 4184.97 3441.77 4899.02 6369.85 6889.62 6565.5 7355.77 7417.28 7669.4 7097.16 7268.44 7196.44 6933.68 6461.13 6036.7 6056.77 6407.25 6706.59 6982.57 6551.69 6802.51 8179.21 3923.23 4655.9 3692.8 3439.62 4029.63 4185.76 3269.92 3335.31 4462.57 3524.46 4119.03 6402.19 4230.38 5790.14 5203.55 7698.38 8473.64 10103.9 4497.23 7495.34 9258.44 7801.81 4376.91 8510.01 4658.03 7156.23 7963.86 8179.22 6667.14 5747.08 3804.55 4690.57 3776.8 4005.05 2995.18 4035.61 7696.89 6581.44 5926.96 6600.33 6233.63 5335.8 5911.21 5504.82 5009.87 4073.3 4469.4 13694.7 3738.23 11163.9 6548.92 4973.23 5218.42 8366.59 4994.31 8535.04 5333.98 6170.05 13216.1 5519.93 6961.19 3453.1 4344.18 3914.7 3258.03 3956.78 3912.64 3853.96 3786.04 3666.71 3596.83 3625.61 3736.23 3410.42 3827.12 3924.17 4014.88 3918.94 3297.03 2579 2893.93 3230.36 2504.46 3361.25 2966.87 4047.64 3958.45 4974.76 4270.13 3540.94 4880.97 5048 4583.04 4012.59 4046.96 4353.53 3996.7 4549.23 4432.74 5254.43 4882.2 4042.59 4582.58 4755.65 4277.73 2271.24 5271.9 2969.84 3292.15 5245.06 2306 4660.38 2192.87 2495.82 3706.18 8408.97 3268.09 2056.26 4762.41 3675.64 5752.78 2134.53 1709.82 2380.87 3037.92 2899.52 3294.18 1614.21 1843.01 2060.42 1846 5877.36 4585.82 7215.46 5997.02 6848.13 7313.02 7375.49 7033.21 7411.93 4897.89 5365.81 5149.14 4766.96 4469.52 5059.65 5244.84 4612.19 5411.59 3569.63 4138.36 4142.84 1749.79 1782.53 2248.22 5456.17 4234.45 3764.82 4459.9 4807.9 4037.15 3660.79 4367.5 3623.79 3543.52 3757.74 1935.37 4075.48 2927.98 4131.42 4108.71 4553.17 4645.68 5227.41 4710.35 5037.32 1629.55 2459.57 4027.93 3321.97 2579.52 2505.87 2405.3 2445.6 2761.73 4796.41 5970.23 3150.34 3713.86 4671.19 5990.45 4972.94 3721.33 4225.88 2655.86 3035.91 3596.62 3315.02 4229.87 4879.55 3599.08 3429.96 3932.28 6403.71 5679.75 2941.94 3381.07 
3073.81 3167.12 6153.77 6979.81 4538.97 3051.95 2904.24 2873.55 3052.83 3408.2 3098.09 2887.59 0 3932.39 5781.58 6496.09 1954.95 6154.32 5649.3 6144.08 6054.02 6481.45 6804.52 7358.77 6285.47 6268.99 6910.72 5847.05 6081.94 5369.52 5583.58 5875.49 6101.26 6327.11 5957.98 6035.99 7617.81 2814 4094.04 3425.53 3173.27 2729.81 2827.17 2552.46 2206.48 4078.65 4473.74 2975.31 5557.98 4299.84 4427.79 4039.89 6566.82 6907.8 8525.41 3160.23 6137.4 8023.62 6477.24 3850.7 7020.03 4270.19 6456.68 7500.18 7085.2 6151.61 5572.7 3226.83 3705.12 2582.63 3724.08 2811.42 3930.15 6842.98 5600.37 4622.01 5461.85 5993.48 4469.18 5074.37 4740.42 4082.85 3692.74 3727.39 13604.9 4420.92 12199.1 6586.59 6209.27 6150.42 8295.03 5736.5 8297.82 5992.32 6171.94 13115.3 6550.8 7304.56 2993.77 3433.71 3395.82 2974.47 3424.23 3023.56 3231.69 3248.9 3152.85 3228.82 3224.39 3249.72 3109.73 2887.21 2774.76 4194.77 3455.79 2409.74 2061.24 2564.34 2494.82 2565.15 2604.67 2707.05 2258.64 3163.55 3558.35 3501.83 2546.8 2726.84 3465.64 2766.3 2284.48 2484.7 2652.67 2401.31 2794.38 2780.49 3671.28 3185.79 2628.17 2784.8 3349.69 2497.03 2264.77 5862.48 2970.08 3144.84 5789.02 2131.37 4992.57 2118.28 2474.78 3273.43 10009.6 3405.18 2792.3 4958.68 3424.74 7188.1 2255.54 2234.34 2966.52 3100.2 3502.76 3665.06 1961.21 1882.06 2187.81 1859.54 6391.83 5026 6257.37 5344.57 6071.71 6229.09 6413.88 6072.88 6118.14 4373.89 4744.89 5227.82 4734.62 4815.56 5288.09 5191.45 4503.45 3413.74 3429.43 3758.99 3854.46 1652.06 1687.25 2148.72 5506.24 3581.98 3674.68 4577.52 5078.84 4126.5 3787.7 4358.08 3598.13 3454.81 3355.86 3109.22 3714.42 2624.09 3792.72 4162.87 4734.03 3534.43 4402.16 3787.65 4302.23 3102.12 3828.7 4777.23 3419.16 2934.64 2990 3111.85 2369.05 2718.73 4809.38 5931.9 2887.03 4249.48 5520.39 6954.28 5744.25 4402.3 4595.49 2564.73 2790.16 3387.19 4792.36 2403.37 4998.08 2208.79 4318.36 4937.54 7389.16 6076.01 3769.84 3939.08 
2881.03 2330.13 6303.62 6388.07 3081.53 4795.47 4436.68 5041.56 3639.91 2567.71 3543.94 4220.33 3932.39 0 5679.93 6992.03 4638.08 5856.25 7390.03 8148.69 7749.34 8721.69 8447.67 8762.8 8269.68 8388.86 8142.25 8062.36 7739.76 7260.05 7344.83 7724.69 7882.04 7808 6993.72 7516.87 8619.42 5047.23 5523.19 4949.57 4395.44 5115.1 5267.65 4277.23 4197.63 4082.78 5558.09 3797.91 7097.24 6278.9 5965.96 5564.33 7118.47 6960.91 8575.15 5525 7119.35 7619.6 6293.08 5845.14 7605.45 5143.59 6390.61 6988.55 7188.68 5392.58 5778.08 3162.15 3286.58 3971.71 2869.98 3683.32 3190.46 5691.86 6961.4 3826.9 5285.96 8104.78 4556.49 3862.03 3560.98 3583.4 3816.87 4044.94 11251.7 4251.83 10213.3 5167.47 7371.88 4973.81 6136.33 8452.2 7053.17 4176.87 5067.86 13048.2 6981.12 8762.41 5356.05 5393.56 5066.36 4244.95 5134.4 4877.66 4744.66 4764.87 4635.24 4430.87 4585.78 4518.49 4484.26 3284.27 3449.58 4777.71 3345.09 4044.86 3386.97 3467.06 3782.42 2846.93 4621.71 4172.87 5078.42 5336.43 5828.43 4844.78 4974.57 5768.06 5982.49 5527.67 4935.61 5137.06 5312.5 4921.38 5421.99 5338.69 6086.37 5683.51 5295.26 5507.73 5655.65 5296.37 3999.33 4795.95 2507.16 4301.24 4807.33 3751.36 3914.59 3256.99 3469.59 3364.14 9025.04 5342.67 4263.96 4363.59 3211.36 5688.39 3342.79 3500.39 2961.84 1951.82 3668.63 3208.89 3264.95 3151.4 3454.58 2641.26 5218.1 4714.45 5923.66 5747.1 6442.72 6202.75 5468.94 5301.27 6037.95 3554.15 3704.4 4542.12 3791.86 4326.96 5137.68 4590.3 3642.76 4817.43 3031.07 2415.07 3409.89 2544.16 2529.89 2103.44 4125.17 5005.46 3288.95 3672.51 3642.84 2760.53 2983.72 3749.17 3492.36 3020.97 3037.28 4561.72 3246.54 3193.54 3950.46 4088.52 3768.3 3115.1 3220.82 3460.09 4429.66 4018.28 4245.24 3011.92 2293.8 3178.59 3519.26 2953.52 2360.21 2097.98 3074.54 4178.98 3758.96 3246.38 6058.53 5590.14 4026.35 3154.16 3452.52 2569.6 2261.21 3508.39 5054.06 4715.34 2691 4280.47 4043.19 3183.54 5783.65 6000.45 3062.59 2732.6 
5498.48 5786.02 9400.09 9153.91 5654.02 5066.96 5505.52 6473.57 3770.96 4441.38 3719.36 4155.78 5781.58 5679.93 0 3964.58 6404.16 3013.14 9187.3 9771.92 9475.58 10216.7 10316.3 10484.9 9947.2 10064.8 10032 9780.47 9370.46 8900.6 8999.68 9582.74 9541.45 9685.85 9172.54 9470.78 10802.9 6721.34 7382.25 6613.65 6167.23 6826.19 6964.69 5983.16 5947.76 5682.74 4954.65 5786.87 7784.58 5707.11 7391.35 6650.15 9629.53 10248.9 11379.2 7320.35 9115.02 10647.9 10205.8 6952.68 10433.7 5561.06 8483.35 9722.76 9279.73 9009.08 8414.2 5661.35 6414.41 5612.7 6374.48 6088.65 6343.8 8614.54 6750.21 7729.27 7799.15 5241.39 7811.27 7360.84 7434.47 6499.07 6712.16 7053.03 15639.9 4971.64 11939.8 8299.69 4711.07 6258.07 10337.2 7575.52 10038.9 7324.51 7411.77 15768.8 5281.45 6519.26 6784.05 7126.11 6735.68 5961.92 6780.29 6628.03 6554.04 6506.88 6335.77 6253.7 6290.83 6404.45 6171.22 6261.64 6005.16 5079.19 5990.85 5608.03 5279.48 5382.57 5670.24 5109.94 6221.07 5752.76 6778.59 7073.71 7655.71 6858.5 6751.52 7630.32 7830.37 7313.2 6696.83 6831.66 7139.12 6750.31 7292.84 7187.53 7938.72 7553.7 6941.93 7327.23 7469 7022.5 5309.68 6479.16 5312.28 5394.52 7571.54 5179.75 6309.79 4832.68 5109.38 5984.99 9344.22 6342.93 4739.9 6995.48 6375.27 7694.25 4830.19 4613.84 4495.92 4912.35 4410.09 5877.59 4163.66 4724.13 4735.75 4393.24 7236.75 6777.24 8539.78 7194.16 7957.42 8507.62 8529.74 8238.45 9693.7 6880.28 6669.46 5947 5653.09 5102.97 5026.36 5763.24 5869.57 7834.85 5356.58 6104.53 6859.12 4305.75 4326.94 4798.75 6328.57 7418.65 5683.47 5620.83 6293.39 5824.81 5771.74 5978.38 5487.38 5423.41 5905.05 4732.89 6176.03 5243.54 6135.59 5743.02 6190.69 6256.93 6640 6031.83 5608.36 3673.18 3224.84 4344.85 4802.55 4523.33 4907.65 3936.54 4162.62 4626.11 6482.35 7685.26 4296.96 5457.52 6556.69 5316.63 4637.61 4192.59 4536.33 4951.35 4836.39 4822.4 5542.33 7030.09 6376.59 6288.97 4012.7 4602.11 7423.86 7148.98 4522.73 5318.33 
6340.92 6675.28 9948.09 9313.88 6559.36 5150.98 5563.32 6490.64 4123.68 5358.65 4522.7 4184.97 6496.09 6992.03 3964.58 0 7053.49 4370.11 9840.76 10375.1 10036.5 10881 10863.3 11087.2 10642.8 10780.9 10447.5 10479.3 9883.49 9598.03 9466.96 8849.77 10237.5 10369.7 9837.05 10136.4 11466.9 7428.69 8067.48 7001.48 6868.33 7529.12 7657.76 6706.19 6645.59 6785.25 5354.65 6906.71 8677.46 6515.22 8228.65 7552.62 10420.1 11400.9 12684.6 8046.01 10057.9 11672.6 11104.9 7227.35 11448.6 6593.3 9517.91 9672 10320.7 9955.55 9187.23 6630.92 7607.3 6530.93 7244.26 6510.29 7248.69 9892.54 7958.29 9054.58 9001.49 6834.15 8649.14 8697.09 8592.37 7724.31 7485.38 7821.22 16952.2 5420.46 11780.7 9087.92 5025.99 6242.73 11549 6842.03 9256.95 7151.03 7867.81 16569.9 5174.49 6022.28 6598.79 7854.91 7343.5 6643.93 7217.64 7352.83 7255.71 7212.15 7029.37 6936.81 6967.23 7070.46 6872.6 7130.54 7273.96 5823.52 7027.41 6555.06 5850.43 6160.08 6703.89 5538.16 6867.53 6402.17 7494.9 7433.12 8334.76 7529.96 7109.8 8354.99 8526.69 7976.85 7423.44 7558.42 7844.35 7462.13 8016.86 7891.47 8664.2 8242.1 7339.7 8030.53 8171.97 7750.47 5489.63 7035.12 6081.11 5932.75 8197.48 5662.77 7198.33 5525.26 5782.47 6790.22 8496.95 6173.9 5013.71 7709.05 6930.25 7961.35 5435.87 4806.69 5101.35 5973.76 4791.06 6426.11 4875.58 5147.72 5159.26 5108.76 8278.83 7605.91 9845.44 8213.18 8829.1 9714.98 9838.32 9474.22 10890.9 7619.05 7658.89 6940.95 6591.65 6044.28 6059.08 7071.27 6873.25 8892.94 6288.7 7428.19 7669.2 5112.33 5167.32 5614.5 7414.13 7548.01 6597.43 6882.83 7331.08 7003.16 6664.14 6903.27 6244.42 6306.98 6883.16 4572.83 7051.08 6157.99 7106.49 6564.83 6775.06 7608.22 7983.19 7341.11 6608.2 4197.61 3948.82 5507.47 5966.62 5436.37 5038.23 4722.34 5112.61 5755.48 7662.85 8725.24 5316.71 5863 5674.32 6551.62 5883.65 5310.49 5335.28 5739.4 5739.3 5773.1 4890.85 7827.32 7614.53 7111.2 4523.29 5551.49 8304.41 7179.52 5473.07 6153.25 
3671.31 3803.81 6623.37 7496.77 5135.14 3461.55 3443.2 3012.59 3675.88 4081.46 3582.81 3441.77 1954.95 4638.08 6404.16 7053.49 0 6732.55 5434.05 6138.9 5874.75 6253.96 6443.45 7064.27 6089.64 6412.57 6952.66 5761.15 5888.07 5071.28 5496.97 5955.07 6100.27 6714.61 6235.73 6219.74 8048.13 2680.91 4625.84 3503.68 3608.83 2981.08 2666.91 2852.43 2648.05 4333.76 5113.35 3503.1 5711.34 4879.13 4412.27 4425.45 6375.33 7032.15 8917.99 3413 6257.85 8119.52 6802.79 4065.36 6820.72 4779.57 6829.46 7545.33 7153.07 6693.3 5990.87 3807.11 4020.6 3078.58 4194.25 3341.71 4558.04 7096.87 6075.25 5021.37 6054.78 6519.59 4777.78 5494.18 5166.26 4583.49 4043.91 4108.74 14214.6 4906.22 12224.1 7251.73 6300.89 6494.68 8879.36 5917.1 8277.7 6330.2 6161.16 13721.4 6686.64 7792.38 3151.77 3755.23 3195.02 3425.63 3454.78 3124.62 3542.56 3584.66 3529.84 3582.03 3585.7 3587.98 3565.44 3141.6 3114.61 4769.21 3612.57 2731.92 2242.64 2570.82 2550.08 3078.34 2597.9 2893.53 2818.65 2912.99 4041.16 3843.19 2644.39 3285.99 3927.17 3073.42 2907.89 2739.87 2831.15 2659.45 3262.42 3298.89 4145.19 3569 2990.5 3243.49 3731.2 2956.86 2714.06 6205.53 3364.63 3555.95 6360.82 2781.33 5504.06 2626.08 3041.63 3782.33 10460.4 3570.31 3096.22 5336.41 3854.22 7610.58 2671.36 2817.9 3497.53 3690.07 4031.8 3977.81 2660.7 2385.85 2453.38 2445.53 7029.08 5670.4 6469.21 5654.81 6278.05 6484.12 6595.46 6200 6410.78 4786.43 4902.97 5606.82 5233.65 5327.21 5800.87 5678.46 5074.54 3526.75 3800.86 4169.51 4411.98 2246.39 2317.58 2773.63 5868.19 3794.67 4157.97 5025.97 5560.4 4652.14 4170.49 4902.79 4079.01 3823.04 3761.72 3766.13 4207.52 3024.13 4338.83 4672.52 5091.97 4082.55 4628.21 4122.39 4736.62 3675.03 4483.42 5401.76 4033.2 3247.8 3167.26 3794.75 2955.1 3351.45 5421.89 6553.53 3510.7 4709.96 5979.86 7454.26 6308.82 5041.53 5281.33 3201.73 3237.41 3724.56 5225.45 2295.35 5608.24 2638.67 4807.92 5562.87 7750.85 6620.71 4385.44 4493.62 
5660.26 5892.87 9495.21 9539.66 5504.39 5628.24 6112.91 6928.31 3989.21 4425.56 4251.89 4899.02 6154.32 5856.25 3013.14 4370.11 6732.55 0 9701.74 10215.6 9938.17 10750.8 10766.2 10926.3 10472.9 10614.3 10395.1 10327.7 9826.23 9439.25 9444.46 9909.22 10085.7 10206.7 9622.93 9983.21 11261.5 7271.01 7914.22 7010.49 6716.86 7374.46 7500.82 6533.06 6466.86 5376.7 5582.48 6077.96 7706.26 6710.82 7508.59 6617.91 9458.08 10208.9 11168.8 7867.28 8622.37 10371.8 10381.7 7335.7 10215.5 5677.74 8672.45 9326.04 9120.04 9116.4 8586.41 5824.1 6502.99 5833.31 6588.46 6272.88 6471.94 8557.77 5929.6 7914.42 7431.04 5335.25 8049.89 7401.93 7559.03 6659.83 6865.52 7224.9 15810 4715.45 11480.8 8584.73 4904.67 5949.01 10554.7 8411.67 9860.77 7192.68 7022.76 15943.6 4988.77 6426.38 7187.56 7676.18 7197.86 6489.55 7204.39 7174.1 7101.79 7053.14 6875.21 6783.64 6803.27 6916.89 6719.56 6478.54 6434.55 5056.81 6193.19 6077.8 5680.23 5686.13 5839.63 5273.67 6671.32 6207.98 7328.72 7483.43 8183.16 7370.94 7211.8 8176.26 8375.09 7792.64 7244.71 7379.69 7685.53 7294.49 7838.13 7734.38 8485.47 8090.16 7409.34 7874.97 8016.52 7571.75 5730.69 6535.43 5477.32 5292.97 7667.22 5640.29 6710.01 5351.77 5601.36 6177.05 8548.51 6812.92 5217.68 7100.68 6382.43 7726.28 5294.62 5034.31 4476.42 5108.89 4441.28 5915.15 4686.78 5132.77 5087.13 4587.88 7356.9 6967.4 8476.68 6993.27 7171.94 8373.57 8337.08 8062.49 10037.7 6884.46 6544.98 5600.32 5351.96 4677.67 4271.86 5497.59 5570.49 8267.84 5337.45 6290.8 7174.97 4614.06 4649.6 4993.49 6311.87 7709.87 5887.86 6093.86 6636.27 6178.6 6127.05 6101.51 5623.81 5529.84 6154.47 5531.75 6315.92 5580.06 6434.49 5803.02 5786.89 6299.17 6616.91 5972.53 5284.85 4303.5 3562.99 4032.49 4876 4549.06 4759.85 4127.77 4333.96 4660.59 6617.68 7669.99 4322.24 5353.39 6640.85 4723.17 4160.82 3886.52 4115.51 5088.39 4898.62 4712.67 5636.51 7217.85 6336.95 6671.56 3448.78 4475.13 7563.15 7011.74 4848.53 5609.76 
6404.94 6750.43 9770.92 10629.5 8349.27 6575.96 6055.25 5648.7 6485.13 6780.13 5979.04 6369.85 5649.3 7390.03 9187.3 9840.76 5434.05 9701.74 0 5134.05 3187.4 5325.74 3788.69 4469.93 4185.76 6127.6 5988.39 3389.55 3823.93 3303.39 3680.21 7325.65 3852.75 4472.19 4839.62 4991.03 5477.56 4148.25 3454.27 4692.07 3760.47 4507.89 4349.17 4385.92 4910.11 7263.92 5959.32 7086.64 7733.63 7397.47 7078.91 7307.01 9334.64 9964.26 12192.5 4653.73 9307.98 11237.3 9396.15 7359.16 9591.51 7429.34 8938.92 10718.8 9411.14 9852.36 8970.16 7096.32 7414.99 6760.58 7218 6802.71 7296.05 9480.42 8589.09 8457.01 8134.06 9084.35 7510 8473.33 7743.27 7376.91 6399.18 6870.47 17137.1 8045.5 15442.8 10460.8 9276.52 10029.4 11734.9 7908.31 11844.4 8968.85 9159.15 16446.2 10077.6 11502.1 5573.81 4764.87 3991.83 4512.35 4599.76 4424.84 3808.79 4082.03 4253.4 4564.94 4230.68 4598.84 3835.82 6463.39 6373.71 6893.14 6490.25 6517.54 5387.42 5432.51 5740.62 6184.12 4000.44 3917.17 5117 4452.27 6371.69 4911.93 4934.9 5735.97 5971.44 5761.75 5111.21 4764.2 5090.05 4916.98 5439.85 5089.22 6615.52 5655.55 5631.49 5617.2 5219.5 5100.94 5011.21 9611.14 6300.12 6733.37 9274.15 4819.59 8529.82 4570.98 4162.51 6777.32 13642.4 5896.37 6094.75 8323.81 7074.45 10803.8 4562.26 5345.58 6618.14 6557.62 7252.06 7343.95 5780.9 4972.17 4995.65 5466.52 9743.64 8437.54 10387.9 9008.79 9700.78 9926.3 10211.8 9902.24 10006.9 7843.65 8412.93 7545.59 7227.66 7308.37 8324.2 8259.15 6997.51 7376.86 6816.95 7088.32 7771.72 5096.97 5141.84 5625.38 8661.14 7014.43 7235.91 8290.59 8396.7 7281.98 7001.84 7675.23 6652.93 6343.02 6438.05 6174.56 7272.19 6157.79 7048.29 7472.93 8181.1 7720.59 8263.43 7168.62 8446.32 6650.82 7404.65 8262.34 6855.02 6221.29 6480.91 6618.43 5796.58 6214.48 8286.16 9426.14 6572.47 7971.54 9107.44 10576.6 9043.51 7721.49 8057.66 6284.52 6433.48 6896.1 8388.76 5124.32 8485.06 5053.09 7781.1 8474.65 10553.6 10072.5 7252.14 7536.33 
6930.05 7415.29 10275 11172.5 8910.47 7000.84 7147.98 6419.27 7017.79 7483.92 6683.73 6889.62 6144.08 8148.69 9771.92 10375.1 6138.9 10215.6 5134.05 0 4489.33 4282.95 5643.66 5886.11 4168.21 3876.67 8267.02 4652.73 4537.59 4010.35 4404.68 8488.42 3756.46 7392.2 7322.93 7603.89 8658.68 4640.46 5567.54 5160.58 5271.62 4811.03 4729.94 5480.9 5641.96 7786.8 7670.04 7806.75 9372.21 8306.19 7970.96 7835.51 10244.4 10548.9 12830.5 5612.47 9455.55 11980.8 9820.7 8227.65 9784.85 8876.93 9974.88 11428.4 10878.1 10663.6 9528.19 7641.17 8071.79 7190.38 7802.92 7292.55 7940.86 10343.6 9225.25 8772.91 9161.48 8749.51 8618.76 9505.65 8782.84 7779.14 6957.39 7792.87 17671.2 8488.89 15963.5 11193.4 9886.22 10609.2 12327.7 7986.37 12317.9 9614.86 9471.09 17124.3 10707.7 12173 5982.62 4286.05 4759.37 4744.76 5133.91 4633.46 5349.28 4805.06 4907.51 5273.79 4685.02 4980.83 4475.92 7237.85 6783.94 8394.08 7246.53 7264.16 5770.21 5968.31 6049.93 6806.86 4625.76 4335.68 5551.56 4979.38 7309.72 6548.84 5509.35 6422.82 7000.05 6485.71 5679.74 5236.52 5980.02 5739.27 6362.39 6308.34 7413.33 6638.96 6586.18 6464.4 6803.68 5441.46 5532.91 10139.4 7052.66 7169.09 9738.53 5291.29 9209.96 5117.87 4926.09 7524.65 14255.4 6165.59 6739.28 8978.72 7563.27 11441.1 5215.41 5922.6 7121.84 7143.16 7768.86 7931.9 6388.35 5563.52 5558.19 6080.71 10442.1 9179.63 11096.5 9929.28 10825.7 11110.7 11256.2 10877.8 10190.1 8160.14 9211.47 8869.21 8816.91 8748.97 9487.58 9417.11 8462.93 7499.65 7282.82 7593.44 8378.52 5688.09 5724.97 6210.45 9748.41 7634.12 7746.4 9228.99 9469.51 8150.61 8032.2 8611.83 7711.06 7529.81 7577.84 6757.36 8017.61 6942.25 7829.68 8475.39 8588.48 8187.92 8994.23 7493.2 9121.41 7195.17 8016.91 8847.42 7437.92 6657.47 6958.42 7194.68 6401.77 6791.55 8871.24 9975.09 6971.15 8446.17 9839.31 11140.7 9819 8497.98 8867.3 6816.56 6954.35 7450.15 8896.11 6249.61 9070.14 6641.25 8311.56 9059.73 11290.6 10561.9 7826.89 8033.37 
