237 237
0 3477.34 5298.76 5699.11 4192.95 4725.05 3244.62 3025.75 3194.9 3512.11 2666.2 4060.39 4011.09 3400.31 3450.93 2869.29 4525.44 5735.59 6616.8 4202.19 6161.16 5870.24 7658.92 8208.73 8167.12 8340.07 7839.24 8010.59 7955.2 7692.1 7239.87 6800.23 6882.36 7530.18 7446.91 8055.87 7041.55 8279.01 7500.39 5428.62 4620.36 4235.26 4762.7 4886.8 3988.44 3946.47 4019.17 4638.95 5288.3 4343.3 7440.23 6061.82 4874.34 4580.98 4503.21 6392.95 7204.68 5871.21 8288.34 6224.77 7245.26 5253.02 6018.55 7662.95 7902.73 6700.84 5789.53 6035.57 3089.75 4042.11 3963.71 3651.4 3454.29 3016 7394.92 7218.79 6354.64 7380.1 4210.54 3417.33 5528.48 4286.54 3564.4 3662.74 10972.8 10933.8 6353.9 7785.9 8825.58 5043.44 12365.8 8735.59 13791.1 5664.02 12992 8539.24 4049.37 3918.75 5117.81 4389.46 4595.88 3977.31 4660.42 4566.15 4566.55 4803.45 4390.04 4312.91 4340.88 4224.27 4651.05 3665.67 4218.2 4677.55 4066.99 4163.97 3223.19 2327.59 4498 3361.75 4551.3 4212.74 4938.35 5736.9 4907.18 4663.29 4881.72 5052.3 4724.33 5606.11 5905.7 5125.43 5630.25 4804.36 5090.97 5178.05 4741.09 5274.29 6040.77 5376.72 5062 5321.66 3004.8 4025.54 4478.21 3374.59 4153.09 3175.24 3284.28 8738.78 4843.5 3707.21 4722.02 3507.81 5582.26 2910.41 3095.29 2124.03 2460.37 3421.83 3143.13 2661.06 2733.25 2961.56 2594.13 5649.89 7256.78 6479.28 6850.86 7451.22 6777.09 7889.85 7389.39 4119.04 4398.66 5950.8 4658.1 4954.13 5697.64 5546.44 4627.83 3740.25 3696.65 3196.09 4122.34 2219.89 2182.5 4249.6 4392.33 3077.97 4651.02 4682.12 3915.79 3812.12 3279.67 3172.25 3059.43 4374.23 2811.07 3030.38 4106.43 2560 3035.46 3065.8 3381.48 3140.9 4379.67 4727.79 4601.63 4566.97 5318.46 2853.48 3131.83 2826.77 3590.49 3138.63 3703.41 2874.96 2776.02 2622.28 2476.22 6028.24 5684.08 4229.1 4983.47 3953.67 2759.31 2619.22 3884.4 5674.86 4478.9 4457.99 4278.6 3839.5 4197.76 5794.43 6245.77 
3477.34 0 6479.14 4663.44 4206.67 4665.45 3234.71 2684.25 3346.21 3559.87 2950.48 3867.83 3924.91 3416.49 3331.92 2469.37 4614.32 5927.1 6730.1 4119.7 6207.28 6127.78 7645.37 8262.42 8179.73 8367.26 7851.8 8002.39 7866.97 7662.11 7287.44 6776.05 6884.26 7312.14 7462.38 8053.11 6692.08 8027.17 7201.05 5270.53 4432.62 4112.25 4663.3 4776.8 3869.27 3788.98 3742.74 4535.7 5166.89 4413.39 7239.77 5949.42 4704.39 4934.57 4621.39 6388.25 6753.5 5800.69 7480.06 7300.79 6333.42 5119.49 7154.74 6284.85 6471.69 7406.73 7353.15 7835.51 4047.27 4633.96 4323.15 3036.19 3196.26 2269.36 7932.6 7322.65 7875.91 7584.67 4404.24 4634.55 5561.44 5039.76 2902.66 3234.24 11051.4 12218.4 6913.55 7850.05 9156.28 5833.06 12029.3 10301.4 15396.7 6785.05 11126.6 9627.87 3975.23 3823.78 4974.01 4240.45 4554.16 3781.22 4592.63 4464.18 4384.02 4522.23 4190.38 4037.39 4141.81 4063.34 4307.28 4123.46 4410.29 4735.31 4435 4102.04 3164.4 2823.44 4664.82 4025.65 4396 4136.13 4855.16 5449.86 4681.66 4536.4 4510.13 4771.23 4555.2 5430.91 5648.05 5012.68 5493.34 4696.66 4973.24 5014.22 4593.46 5013.76 5756.08 5147.71 4881.49 5724.44 3195.32 4401.67 4625.81 3194.28 4356.32 3034.05 2790.5 8340.73 4761.32 3525.61 4339.56 3151.45 6185.47 2856.39 2907.51 2776.75 2440.97 3799.02 3291.5 2787.87 2656.7 2914.14 2606.51 5437.69 7380.87 6345.26 6738.23 7323.51 6841.88 8039.04 7733.57 4491.91 4076.09 6141.25 4719.48 5079.61 5724.68 5576.66 4841.93 4087.34 4081.53 4380.73 4802.68 2072.8 1553.26 5617.64 5142.56 3688.37 4880.84 5417.71 5112.26 4335.32 3791.88 4189.76 3622.41 5012.78 3422.32 3836.38 4012.15 3785.81 3510.87 3995.21 4351.09 3733.62 4719.7 5275.66 4778.6 5042.42 5342.84 3141.15 3457.87 3025.42 4250.52 3553.89 4072.84 2949.03 2842.9 2693.43 2829.5 5498.21 6615.09 4671.13 5495.99 4319.16 2947.43 2778.96 3888.91 5670.96 4752.99 4333 4896.23 3600.54 3970.57 6440.81 6064.52 
5298.76 6479.14 0 7435.09 7873.39 7651.65 7259.08 6746.42 7351.45 7293.24 6897.16 7012.28 7359.07 6325.4 6277.22 6661.11 7238.89 9952.81 10818.3 6971.93 9721.17 10106.6 10618.2 11009 11390.6 11618.1 10764.5 11001.6 11369.7 10524.7 10407.4 9757.34 10015.7 10843.5 10521.7 10942.7 10571.9 11859.2 10834.3 8733.98 7610.55 7711.37 7584.5 7614.75 7217.27 7070.58 7188.47 8254.3 9109.77 7801.88 10591.7 9775.19 8354.72 7116.29 6609.76 9556.87 8049.58 9135.61 8899.58 6804.6 8144.49 8234.9 7030.69 9562.57 8729.1 7670.23 8604.41 8056.03 6209.62 6842.87 7020.65 6175.86 6598.35 6227.58 10084.8 10587.3 8373.75 10128.5 5437.31 5355.53 8961.45 7238.1 6254.97 5615.69 10437 12671.2 9427.25 10536.8 10926.5 7852.52 13402.2 10573.3 16017.2 8166.54 15795.4 8999.27 7365.33 7493.3 8251.97 7999.54 7711.52 7518.01 7875.18 7894.93 7898.86 7994.88 7757.46 7765.29 7765.52 7634.36 8172.53 6411.46 6846.16 8376.84 6581.1 7561.42 6285.73 6100.21 7148.62 6071.08 7526.5 7222.63 7598 8738.18 7864.92 7642.49 8299.28 7634.4 7492.56 8274.01 8835 7768.1 8071.73 7462.84 7743.33 7689.55 7270.97 8080.83 8984.73 8185.56 7691.47 7878.56 6542.57 7200.6 7116.26 6640.83 7176.91 6752.23 6595.42 10447.4 7839.81 6982.85 7630.01 6448.96 7718.84 6527.28 6582.46 5778.75 6108.79 7221.5 5869.36 6524.6 6259.2 6429.95 6440.87 8889.73 10822.5 10286.3 10636.6 10751.6 10178 11260.5 9361.89 6363.5 6748.92 9968.62 8627.16 8888.81 9745.08 9449.14 8250.88 7108.49 6454.97 5503.7 7186.42 5811.66 5443.67 7089.31 6943.43 5595.37 7076.99 8032.8 6883.16 7085.55 6289.18 5977.55 6209.48 7239.42 6168.07 6321.02 7797.6 5405.24 6173.41 5176.79 6234.48 6629.07 7309.34 7640.3 7786.87 7504.18 9121.23 6625.77 6873.41 7027 6384.27 6357.12 6921.41 6898.81 6837.31 6515.16 6242.91 8928.99 8962.11 8288.26 9023.01 7830.31 5934.54 6149.24 7601.25 7732.68 8098.52 7028.11 7198.13 6881.78 7242.17 8849.97 8637.75 
5699.11 4663.44 7435.09 0 6880.79 7473.74 6566.97 6453.89 6971.62 6276.65 6441.09 6906.13 6803.79 6388.07 6652.02 5528.05 7378.67 9153.91 9313.88 7496.77 8337.85 9539.66 11172.5 11754.1 11642.1 11913.5 11454.9 11642 11179 11341.6 10727.8 10422.2 10318.5 10199.3 11074.8 11668.5 10404.6 11646.9 10909.5 8978.18 7679.05 7780.82 8400.25 8513.23 7573.43 7498.71 7517.26 8287.42 8368.35 8074.38 11171.7 8816.19 8788.28 6492.97 6702.29 10317 8593.68 9742.71 8248.96 8786.03 8353.05 8885.35 9287.28 7458.28 8303.01 8845.36 9641.22 9931.52 6530.35 7735.6 7774.84 5594.35 5537.06 5231.77 11028.5 11199.7 10084.7 11044.1 6231.17 6639.1 9051.19 7614.82 5530.91 5854.19 10105.1 12949 9069.04 10019.9 10621 7255.71 11453.8 11707 16493.5 8794.82 12492 10056.3 6816.59 7407.56 8707.15 7967.8 8115.86 7523.97 7996.59 8213.27 8117.1 8225.92 7939.17 7746.84 7867.23 7783.52 8010.64 7002.22 7592.23 8113.62 7369.54 7626.1 6336.27 5553 7365.11 6202.65 8007.95 7668.59 8062.86 9186.44 8478.15 8292.88 8232.98 8534.7 7852.76 9209.65 9389.46 8740.2 9103.87 8356.44 8701.9 8644.59 8270.9 8798.34 9549.43 8936.95 8618.88 7391.77 5890.15 7479.05 5205.42 6637.78 6118.96 6624.15 6136.76 8831.66 7538.64 6660.66 6490.38 5641.34 6747.36 6354.06 6028.39 5695.54 5966.9 6665.11 5633.01 6215.02 6054.52 6306.94 6008.82 7207.9 10827.5 10212 10774 11103.9 10305.9 11467.2 10682.3 6525.65 6869.13 9848.43 8532.31 8544.06 9609.11 9308.91 8257.72 7002.22 7028.54 6239.78 6477.78 5720.24 5176.36 8085.42 7351.61 6427.89 7226.61 7906.68 7398.98 7016.2 6883.16 6646.26 6578.72 7356.16 6542.44 6528.8 6796.25 6335.22 6364.12 6231.46 6910.46 6379.81 7924.31 8249.53 8293.19 8321.96 9172.04 6479.14 6456.74 6370.5 6342.5 6621.64 7128.71 6802.79 6601.45 6347.67 6121.05 7718.46 8955.23 7875.29 8591.1 7502.93 5779.1 5975.85 7412.24 7572.12 8031.71 7996.59 7801.38 7312.98 7735.51 7866.74 7983.78 
4192.95 4206.67 7873.39 6880.79 0 2980.73 3023.35 3668.34 3043.4 2473.1 3227.24 2927.3 3247.36 4436.68 3115.15 3649.88 3223.07 5505.52 5563.32 3443.2 4624.86 6112.91 7147.98 7578.28 6985.38 7459.76 7232.88 7596.52 6542.98 6725.18 6590.65 6340.84 6191.44 5580.53 6817.42 7480.25 5699.16 7207.63 5939.88 4176.83 4042.72 3248.84 4272.21 4323.01 3393.49 3459.09 3260.07 4335.96 3561.07 4114.38 6029.02 3954.67 4239.75 5781.99 4926.22 5207.01 7962.75 4952.87 9096.88 7077.46 8008.48 4206.86 7233.06 7309.4 8345.36 7363.52 6797.09 7716.37 3856.15 4672.12 4156.35 3558.13 4497.54 3578.84 7276.21 6470.33 7959.68 7063.88 5414.34 4916.67 5415.59 5050.32 4119.82 4154.83 14283.7 11764.5 5886.08 5643.99 8447.45 5271.65 15287 10077.8 15416.9 6587.21 13861 9488.63 3397.5 3198.48 4450.03 3726.61 4328.84 3333.01 4259.92 4055.84 3613.43 3976.08 3689.72 3594.75 3663.87 3407.75 3825.81 3912.94 4330.28 4068.15 4354.15 3341.33 3332.21 2939.88 4185.04 3834.13 3694.65 3852.96 3934.97 4821.09 3982.26 3890.88 3582.05 4333.13 3299.55 4738.84 4747.53 4244.86 4437.75 4312.64 4314.92 4356.3 4033.94 4052.06 5156.64 4480.5 4414.49 5924.54 3155.2 3702.09 5876.48 2662.3 5058.97 2998.78 4088.53 9340.05 3508.34 2607.94 5236.11 3822.6 6691.97 2689.06 2407.07 3684.29 2904.5 3387.56 3946.88 2315.29 2337.15 2741.32 2168.73 6497.22 7178.5 5751.64 6567.55 7282.32 6752.61 7766.2 7867.14 5401.87 5908.88 5686.95 4663.02 4614.55 5116.65 5200.56 4483.15 4043.1 4629.99 4508.01 4333.26 2439.74 2920.92 5892.57 4231.52 4559.51 3823.7 4798.97 5274.91 4184.05 3842.6 4774.77 3935.02 4389.4 3863.89 3688.73 2717.03 4464.77 3436.03 4665.54 4869.58 3369.25 4986.92 5412.76 4691.86 5232.89 5227.2 3235.45 2804.54 3112.88 4205.37 3814.05 4089.99 3488.72 3295.57 2959.13 3351.14 5173.54 6978.16 4530.53 5684.56 4480.28 3040.36 3350.72 3819.68 6684.9 4704.16 3827.36 5516.35 2904.76 3085.82 7121.03 6363.3 
4725.05 4665.45 7651.65 7473.74 2980.73 0 3782.38 4251.07 3464.89 3244.67 4089.91 2482.57 2985.44 5041.56 2792.09 4393.14 2922.06 6473.57 6490.64 3012.59 4541.47 6928.31 6419.27 7176.67 6270.26 6992.48 6533.42 7411.92 5947.27 6568.98 5998.24 5734.25 5738.93 5102.7 6553.71 6839.41 6304.24 7897.76 6355.45 4537.06 2936.2 3668.59 3972.5 3778.68 3492.83 3109.61 3285.68 4905.32 4312.91 4472.16 6003.7 4778.87 4396.91 6230.89 5043.73 5378.32 8063.7 5152.85 9285.62 7344.08 8222.42 4159.34 7025.62 7040.87 8216.27 7719.24 7328.17 8084.47 4152.65 4763.3 4096.88 3522.26 5040.9 4123.44 7673.91 6552.46 7983.56 7350.78 5933.71 5386.76 6297.83 5787.35 4395.29 4726.67 14768.6 11945.2 6597.79 5126.54 7881.93 5697.91 15985.7 10019.7 16743.8 6441.7 14246.2 10385.9 3253.04 3495.85 4363.87 4016.55 3481.2 3561.34 3357.38 4002.67 3919.34 4121.1 3695.92 3821.11 3874.31 3668.78 4192.83 3758.54 4171.48 4801.36 4117.06 3587.62 2962.11 3414.66 3046.02 3048.47 3460.92 3267.29 2963 4768.81 3735.6 3722.7 3959.65 3851.98 2911.16 4329.12 4668.07 3796.88 3747.03 3830.84 3775.05 3502.82 3557.68 3867.71 5116.96 4243.42 4058 6389.86 3449.24 3464.31 6742.29 2587.22 5720.31 3072.09 4283.72 10416.5 2582.42 2726.4 5798.38 4275.98 7478.38 2767.02 2651.56 4252.59 3288.12 4100.61 4166.64 2850.98 2525.13 2437.81 2765.54 7173.44 7612.3 6422.45 7149.1 7574.34 7298.79 8355.92 7890.79 4886.55 5968.67 6496.69 5171.35 5320.43 5925.59 6022.74 5181.17 4204.02 4627.83 5091.49 5037.83 2828.25 3320.73 6233.92 4135.38 4597.12 3824.78 5414.83 5739.07 4801.15 4052.98 5180.16 4305.46 4964.25 4171.01 4128.65 3238.82 4891.38 3500.45 4715.34 5066.46 4265.16 5241.64 5759.05 4795.79 5309.89 5591.75 3342.4 3259.29 3954.37 4572.21 4238.76 4528.04 3962.31 3700.63 3519.46 3898.12 5091.33 7647.55 5320.8 6424.19 5097.73 3440.56 3783.85 3928.07 7018.42 4804.57 3315.52 6091.64 3274.71 3414.2 7942.7 6518.91 
3244.62 3234.71 7259.08 6566.97 3023.35 3782.38 0 2214.82 1710.24 2331.48 1813.35 3329.19 2381.68 3639.91 3198.17 2470.55 3616.18 3770.96 4123.68 3675.88 4653.9 3989.21 7017.79 7630.56 7588.32 7720.71 7215.19 7388.01 7273.25 7084.79 6595.44 6244.94 6186.35 6570.39 6828.57 7458.34 6441.15 7684 6813.97 4727.53 3973.3 3577.54 4209.44 4358.98 3505.09 3338.26 3429.36 3526.9 3265.99 3809.22 5865.24 4153.07 3644.84 4709.79 4220.3 5310.14 7625.49 4719.61 9173.28 7168.51 7869.85 4715.72 6799.57 7536.65 8033.6 7210.08 6307.32 7207.3 3331.05 4411.82 3318.28 3302.45 3750.49 3021.21 7007.47 5460.8 7580.51 6687.83 5480.76 5011.8 5305.13 5146.88 3775.01 4153.92 13507.2 11147 5106.89 6292.57 8327.02 4965.86 13918.2 9235.43 13746.9 5916.57 12995.9 9299.84 3296.49 3170.68 4543.58 3715.23 4058.41 3344.84 4105.65 4015.08 3847.07 4049.79 3663.14 3596.03 3600.22 3496.21 4008.84 3643.22 3893.77 3292.05 3699.79 3428.58 2737.24 2275.3 4060.4 3627.55 4033.9 3640.53 4318.3 5127.37 4312.92 4109.08 4309.82 4465.31 4037.5 5138.34 5279.12 4669.95 5028.56 4311.64 4648.5 4628.81 4270.31 4628.47 5445.24 4780.2 4507.58 5224.43 2725.62 2914.54 5116.04 2465.62 4232.63 2552.41 3259.31 8280.47 3550.05 2623.6 4701.78 3600.08 6302.27 2292.7 2146.68 2626.91 2033.55 2065.09 3435.14 1855.98 1995.65 2278.16 2012.6 5251.97 6708.02 5508.94 5930.81 6382.92 6372 7553.6 7367.78 4710.11 4636.57 4900.99 3537.86 3576.81 4066.06 4364.51 3768.08 3201.83 3995.74 4333.28 4177.86 1665.15 2063.76 4423.98 4863.58 3321.05 4365.92 3953.09 4176.58 3760.43 3027.45 3713.05 2779.96 4461.24 2890.98 3363.99 2700.46 3639.29 2841.1 3774.8 3518.46 3216.17 4365.21 4755.44 3640.18 4251.38 4221.81 2261.05 2295.36 1794.68 4330.15 3209.62 3760.38 1896.08 1568.63 1906.99 2405.3 4528.56 5095.55 2895.05 3869.32 2655.67 2530.11 2474.72 2792.12 5691.55 3312.28 4188.39 4310.58 3405.3 3540.59 6050.33 5594.73 
3025.75 2684.25 6746.42 6453.89 3668.34 4251.07 2214.82 0 2283.4 3091.43 1890.15 3638.73 3186 2567.71 3181.11 1798.8 4244.94 4441.38 5358.65 4081.46 5797.33 4425.56 7483.92 8062.05 7822.09 8123.95 7628.81 7749.01 7567.58 7356.41 7077.89 6630.25 6679.84 7174.82 7235.17 7827.71 6452.82 7705.52 6961.32 4933.85 4415.32 3844.15 4574.32 4637.43 3772.64 3666.62 3671.41 3351.5 4196.23 3601.71 5891.76 5059.24 3490.19 4265.07 3889.25 4966.12 6547.49 4271.17 8338.48 6487.98 6861.86 4945.22 6057.23 6777.93 6876.79 6364.86 6025.1 6403.88 2982.03 3742.2 3346.89 2886.35 2979.45 2233.99 6474.8 5401.7 6895.05 6304.38 4902.57 4416.97 4502.37 4452.4 3189.42 3606.41 12681.2 10808.7 5418.24 7231.28 7924.98 4765.01 12818.8 8838.12 13753.1 5548.47 12493.5 8606.91 3930.41 3597.15 4835.15 4034.47 4494.33 3612.99 4498.36 4336.39 4145.46 4217.69 3985.87 3844.45 3977.54 3877.12 4130.89 3742 3921.17 3512.96 3794.07 3574.08 2978.02 2447.19 4438.52 4017.74 4300.08 4023.59 4743.38 5306.64 4503.66 4361.83 4392.66 4629.29 4414.4 5213.27 5442.77 4896.21 5285.68 4558.01 4782.65 4823.42 4422.65 4830.45 5575.41 4954.82 4779.77 4594.46 2640.67 3388.18 4750.72 3014.47 3721.64 2968.06 2589.24 7890.99 4388.23 3351.89 4138.12 3013.13 5771.82 2796.14 2792.22 2161.76 2059.19 2750.77 3118.59 2262.95 2484.88 2704.63 2372.66 4620.96 6493.44 5136.68 5421.06 6175.33 5819.9 7217.24 7552.12 3848.87 3798.15 4565.44 3199.77 3510.65 3925.66 3994.12 3676.75 3148.73 3654.47 4247.32 4361.11 2082.39 1534.44 4271.53 4708.86 3107.05 4442.32 4298.25 4245.45 3718.72 3366.61 3259.83 2908.11 4615.09 2872.37 3395.1 3788.56 3226.2 3060.62 3589.28 3677.48 3052.85 4063.22 4494.3 3588.64 4223.54 4086.05 2127.69 2573.58 1999.07 4057.18 3204.63 3363.38 1911.75 1702.66 1907.77 2274.24 4449.19 4963.22 3171.62 3730.3 2733.72 2448.11 2041.06 2623.25 4967.13 3149.59 4099.96 4008.26 3332.75 3718.28 5669.51 5413.53 
3194.9 3346.21 7351.45 6971.62 3043.4 3464.89 1710.24 2283.4 0 2240.39 1948.89 3047.93 2429.18 3543.94 3326.14 2468.45 3364.78 3719.36 4522.7 3582.81 4836.09 4251.89 6683.73 7153.5 7123.42 7285.43 6784.89 7033.83 6819.48 6561.38 6116.25 5663.67 5757.13 6439.77 6347.02 6925.47 5982.48 7237.24 6323.4 4164.18 3677.57 3046.15 3864.74 4003.01 3131.55 2929.4 3072.9 3621.78 3133.14 3408.44 5234.73 4166.68 3132.13 4864.36 4463.28 4814.39 7482.58 4366.99 9181.24 7151.52 7546.97 4392.78 6915.44 7655.14 7938.55 7261.52 6307.1 7065.11 3329.73 4132.73 3174.37 3575.74 3716.45 2932.81 6713.92 5520.46 7272.96 6495.22 5538.77 4927.58 4997.09 4653.67 3810.06 4089.51 13422 11521.5 5348.11 6302.57 8591.94 5242.23 13833.8 9684.77 14079.3 5943.72 13087.3 9377.45 3176.96 2820.84 4241.59 3332.46 3785.19 2981.41 3779.41 3727.49 3482.38 3665.33 3281.83 3186.37 3339.37 3056.73 3727.84 3638.02 3699.17 3359.73 3533.94 2979.48 2769.05 2583 4109.36 3835.65 3623.61 3180.87 3942.06 4733.53 3851.96 3702.78 3692.91 4041.78 3767.26 4737.3 4813.94 4200.43 4572.15 3894.31 4158.34 4265.09 3852.68 4079.09 5054.67 4400.6 4175.23 5210.83 2946.39 3206.96 5200.68 2213.03 4353.37 2170.05 3330.75 8832.5 3571.66 2496.29 4818.14 3772.39 6451.25 1917.4 1886.08 2636.79 2260.76 2494.65 3669.7 1782.36 1884.2 1920.72 1673.12 5291.33 6482.15 5069.62 5756.85 6227.39 6182.03 7222.14 7304.35 4643.56 4580.73 4806.04 3447.2 3459.94 3945.68 4158.69 3365.54 3085.13 3814.85 4477.42 4331.46 1704.11 2146.61 4571.36 4815.69 3417.91 4597.22 4126.76 4324.35 3506.87 3008.02 3637.26 3058.04 4513.71 2988.17 3266.68 2609.53 3637.94 2981.06 3733.28 3635.18 3270.43 4197.47 4513.95 3442.64 4036.39 4150.74 2228.76 2519.92 2020.32 4589.14 3229.31 3763.97 1999.63 1621.89 1833.8 2304.18 5053.88 5324.98 2945.18 4012.97 2854.85 2565.14 2543.54 2666.95 5661.65 3460.83 4072.2 4167.11 3338.54 3330.94 6296.55 6034.31 
3512.11 3559.87 7293.24 6276.65 2473.1 3244.67 2331.48 3091.43 2240.39 0 2335.55 2707.09 2281.77 4220.33 3236.8 2946.5 2715.51 4155.78 4184.97 3441.77 3724.99 4899.02 6889.62 7355.77 7417.28 7669.4 7097.16 7268.44 7196.44 6933.68 6461.13 6036.7 6056.77 6407.25 6706.59 7311.12 6551.69 7811.82 6802.51 4655.9 3692.8 3439.62 4029.63 4185.76 3269.92 3268.65 3335.31 4462.57 3524.46 4119.03 6402.19 3592.92 4281.27 4974.49 4368.14 5790.14 8038.86 5203.55 9522.52 7698.38 8473.64 4497.23 7495.34 7801.81 8510.01 8108.39 7156.23 8179.22 3804.55 4690.57 3776.8 2995.18 4035.61 3262.3 7696.89 6581.44 8166.58 7457.56 5756.85 5335.8 5911.21 5504.82 4073.3 4469.4 13694.7 11163.9 5218.42 4994.31 8535.04 5333.98 14614.4 9912.23 14267 6170.05 13216.1 9263.38 2933.47 3219.73 4344.18 3714.9 3914.7 3258.03 3956.78 3912.64 3786.04 3990.5 3666.71 3596.83 3625.61 3410.42 4075.98 3827.12 3924.17 4014.88 3918.94 3297.03 2893.93 2504.46 3953.15 3418.28 3729.01 3361.25 3958.45 4974.76 4161.21 3993.84 4270.13 4199.9 3540.94 4880.97 5048 4367.36 4891.84 4046.96 4353.53 4430.84 3996.7 4432.74 5254.43 4582.58 4277.73 5271.9 2969.84 3292.15 5245.06 2306 4660.38 2495.82 3706.18 8408.97 3268.09 2378.79 4762.41 3675.64 5752.78 2134.53 1709.82 3037.92 2536.55 2899.52 3294.18 1614.21 1843.01 2060.42 1651.74 5877.36 7215.46 5997.02 6848.13 7024.31 7033.21 7991.94 7411.93 4897.89 5365.81 5810.31 4301 4469.52 5059.65 5244.84 4612.19 3569.63 4138.36 4142.84 3969.23 1782.53 2248.22 5456.17 4234.45 3764.82 4186.56 4459.9 4807.9 4037.15 3567.31 4367.5 3623.79 4079.42 3543.52 3757.74 1935.37 4075.48 2927.98 4131.42 4108.71 3298.79 4645.68 5227.41 4334.87 4710.35 5037.32 2579.52 2505.87 2405.3 4321.25 3606.34 4190.6 2786.63 2371.56 2445.6 2761.73 4671.19 5990.45 3902.67 4972.94 3721.33 2655.86 3035.91 3596.62 6377.31 4001.13 4229.87 4879.55 3605.98 3599.08 6403.71 5679.75 
2666.2 2950.48 6897.16 6441.09 3227.24 4089.91 1813.35 1890.15 1948.89 2335.55 0 3537.43 2810.04 3102.98 3075.42 2039.19 3821.03 3735.12 4716.61 3947.06 5067.22 3937.18 7257.09 7803.76 7878.64 7998.79 7519.32 7631.88 7601.88 7361.02 6828.65 6504.27 6504.44 7113.12 7092.47 7719.55 6590.21 7796.73 7056.74 4944.38 4265.92 3816.91 4437.92 4656.93 3725.31 3599.29 3618.44 3533.8 3847.31 3789.49 6193.92 4420.29 3938.52 4134.8 3921.97 5510.29 7114.53 4866.13 8785.3 6884.65 7399.46 4938.15 6529.15 7188.76 7604.87 7021.95 6052.4 6947.47 2783.29 3695.08 3364.17 2960.17 3333.49 2576.63 6691.99 5858.47 7018.08 6644.78 5200.95 4739.2 4808.51 4559.44 3428.38 3892.67 12856 10735.7 5083.81 6535.92 8057.63 4621.66 13314.4 8782.17 13395.5 5335.57 12707.6 8504.2 3746.98 3421.07 4757.97 3933.09 4364.01 3546.28 4409.47 4239.26 4080.78 4292.54 3900.31 3824.13 3867.78 3760.35 4152.78 3810.88 3831.66 3412.57 3733.99 3487.22 2802.65 2213.35 4270.32 3591.03 4318.78 3919.96 4632.16 5281.01 4553.54 4393.86 4531.54 4645.41 4343.97 5268.01 5441.48 4890.05 5337.04 4496.93 4867.23 4884.8 4470.77 4820.81 5637.61 5030.65 4711.62 4592.67 2502.75 3096.54 4673.35 2859.76 3882.52 2788.68 2974.01 7971.73 4113.39 2985.31 4099.27 3203.12 5802.33 2460.12 2382.12 1969.51 1816.74 2421.82 2838.8 1849.88 2299.3 2536.39 2175.89 4725.25 6670.86 5553.59 5927.81 6428.67 6053.25 7423.89 7330.23 4109.95 4154.2 4988.36 3630.1 3955.54 4477.69 4512.88 3825.17 3128.23 3494.71 4001.82 4046.54 1822.41 1739.77 4259.78 4507.19 2943.11 4318.29 3970.14 3995.9 3449.39 3170.93 3374.8 2820.83 4015.34 2832.43 3073.27 3030.95 3179.39 2806.8 3325.25 3483.5 2838.53 4039.62 4591.11 3722.65 4193 4315.71 2098.57 2478.42 1749.39 4184.79 3061.47 3612.54 1983.32 1777.47 1984.43 2145.05 4724.06 4472.63 2966.84 3758.69 2736.35 2194.48 1993.72 2891.63 5123.23 2955.55 4194.4 4061.68 3404.28 3779.22 5438.54 5231.88 
4060.39 3867.83 7012.28 6906.13 2927.3 2482.57 3329.19 3638.73 3047.93 2707.09 3537.43 0 2633.85 4239.62 2649.59 3719.26 2694.96 5886.26 6185.74 2697.51 4418.58 6320.44 5423.06 6102.92 5805.53 6456.64 5634.34 6081.62 5636.93 5538.73 5210.39 4800.29 4831.16 4691.54 5536.63 5931.7 5332.03 6810.7 5368.42 3456.28 2164.79 2410.7 2575.84 2623.53 1893.54 1921.07 1734.29 4422.55 3978.82 3848.56 6138.46 4430.13 3915.73 5692.96 4892.5 5185.38 7761.84 4815.54 9085.81 7266.6 7982.29 2947.6 6994.47 7001.25 8074.76 7631.99 7287.81 8041.23 3928.03 4426.08 3801.64 3241.16 4251 3397.67 7438.18 6749.95 7722 6978.35 5465.78 5015.73 5715.53 5335.76 3919.99 4198.01 13935 12206.3 6429.55 5334.54 8599.97 5755.97 15284.9 9821.96 16251.2 6631.74 13418.9 10305.8 1782.98 2550.44 3027.9 2655.38 2454.96 2196.23 2536.5 2554.8 2505.03 2715.39 2357.92 2443.86 2410.49 2432.18 2959.87 3515.21 3689.42 4619.51 3901.71 2990.42 2822.56 2667.71 3548.09 3102.66 2094.09 2005.34 2369.02 3444.32 2603 2472.7 2970.49 2529.61 2092.43 3137.63 3498.37 2789.18 3095.96 2543.6 2570.77 2596.56 2318.75 2811.18 3575.8 2918.72 2639.02 5970.18 2979.59 3421.6 6183.16 1626.68 5176.98 1592.18 3692.55 10011.9 2676.51 2209.45 5075.78 3619.82 7249.94 1476.75 1927.42 3422.33 2788.88 3624.84 3659.79 2162.22 1881.84 1908.18 1961.53 6720.94 6915.48 5804.76 6720.83 6823.6 6714.94 7717.95 7095.45 4590.91 5343.11 6012.18 4625.88 4966.2 5543.99 5497.86 4860.31 3562.08 4099.71 4398.53 4462.71 2015.66 2478.53 5901.49 4127.53 4077.76 3609.7 5017.94 5328.07 4549.72 3710.69 4885.69 4051.55 4632.65 3763.13 3870.15 2372.7 4243.16 2983.63 4439.63 4689.16 3487.04 4392.09 4899.71 4266.63 4687.63 4890.69 2923.71 2947.61 3298.22 4385.76 3462.81 3762.45 3220.55 2963.49 2676.15 3062.09 5536.57 7165.96 4830.3 5940.99 4685.1 2669.03 3129.35 3442.35 6592.36 4596.02 3399.03 5335.78 2999.28 3122.62 7486.66 6534.29 
4011.09 3924.91 7359.07 6803.79 3247.36 2985.44 2381.68 3186 2429.18 2281.77 2810.04 2633.85 0 4614.23 3234.08 3337.53 3010.08 4405.75 4552 3460.4 4214.38 4874.8 6737.68 7378.72 7382.15 7673.86 7158 7370.93 7113.06 6979.97 6468.36 6072.99 6069.89 6372.4 6867.88 7313.54 6822.28 8204.86 6937.99 4862.32 3614.36 3826.55 3962.04 4143.5 3436.48 3336.36 3395.8 4246.64 3632.79 4312.85 5995.77 3944.18 3805.66 5328.35 4270.66 5398.2 8132.58 4784.43 9653.97 7556.23 8573.21 4732.56 7016.97 7814.28 8299.29 7577.92 6922.06 7772.56 3883.04 4762.09 3798.05 3400.29 4636.59 3831.43 7751.69 6029.8 8177.33 7435.08 6200.28 5681.84 6168.33 5977.45 4477.18 4886.33 14275.5 11117 5248.75 5295.62 8118.99 5364.15 14994.2 9512.3 14519.4 5943.22 13766 9495.16 3003.37 3514.06 4517.87 3972.5 3902.34 3579.53 3712.18 4042.18 4099.24 4282.65 3870.48 3900.42 3884.68 3763.54 4367.53 3851.18 4066.16 4068.32 4119.4 3676.48 2926.08 2864.93 3887.26 3454.96 3740.77 3333.77 3675.34 5123.86 4154.21 3999.73 4517.84 4198.99 3555.83 4760.66 5301.07 4326.93 4668.61 4004.27 4290.07 4127.22 3867.53 4501.73 5325.76 4616.48 4201.51 5013.89 3348.17 3195.73 5922.31 2390.41 4665.41 2758.03 3904.7 8824.17 2892.41 2583.44 5070.48 3957.63 6567.92 2455.1 1941.97 3564.33 2704.25 2785.45 3660.27 2056.57 2212.21 2141.15 2285.66 5977.03 7453.71 5939.6 6645.47 6944.63 7109.03 8278.16 7759.14 4697.56 5171.49 5723.84 4149.72 4343.17 4832.78 5100.85 4805.73 3569.66 4462.02 4522.73 4570.91 2358.66 2825.12 5032.71 4605.97 3612.47 4210.91 4695.75 4731.42 4486.8 3540.97 4350.3 3537.31 4773.75 3448.67 4088.55 2455.95 4244.44 3194.1 3973.42 4161.54 3887.47 4926.79 5412.85 4160.67 4803.99 4790.19 2629.39 2686.89 2702.35 4855.84 3932.75 4542.94 2670.8 2286.51 2753.39 3340.77 4369.69 6087.68 4026.38 4849.54 3752.92 2923.66 3116.96 3120.5 6074.38 3726.2 4260.19 5217.95 3811.44 3870.56 6791.58 5645.86 
3400.31 3416.49 6325.4 6388.07 4436.68 5041.56 3639.91 2567.71 3543.94 4220.33 3102.98 4239.62 4614.23 0 3770.75 2888.24 5085.95 5679.93 6992.03 4638.08 6857.65 5856.25 8148.69 8721.69 8447.67 8762.8 8269.68 8388.86 8142.25 8062.36 7739.76 7260.05 7344.83 7724.69 7882.04 8469.44 6993.72 8301.56 7516.87 5523.19 4949.57 4395.44 5115.1 5267.65 4277.23 4264.56 4197.63 4082.78 5558.09 3797.91 7097.24 6410.47 4657.97 4322.35 4453.82 5965.96 6735.26 5564.33 7476 7118.47 6960.91 5525 7119.35 6293.08 7605.45 7520.52 6390.61 7188.68 3162.15 3286.58 3971.71 3683.32 3190.46 2606.64 5691.86 6961.4 5288.88 5548.77 5041 4556.49 3862.03 3560.98 3816.87 4044.94 11251.7 10213.3 4973.81 8452.2 7053.17 4176.87 11587.5 8236.23 13271 5067.86 13048.2 8099.86 4484.55 4250.86 5393.56 4584.52 5066.36 4244.95 5134.4 4877.66 4764.87 4894.46 4635.24 4430.87 4585.78 4484.26 4721.01 3284.27 3449.58 4777.71 3345.09 4044.86 3467.06 2846.93 4526.19 3932.71 4814.11 4621.71 5336.43 5828.43 5041.16 4930.9 4844.78 5171.09 4974.57 5768.06 5982.49 5425.36 5763.61 5137.06 5312.5 5333.88 4921.38 5338.69 6086.37 5507.73 5296.37 4795.95 2507.16 4301.24 4807.33 3751.36 3914.59 3469.59 3364.14 9025.04 5342.67 4154.2 4363.59 3211.36 5688.39 3342.79 3500.39 1951.82 2873.27 3668.63 3208.89 3264.95 3151.4 3454.58 3066.18 5218.1 5923.66 5747.1 6442.72 6468.61 5301.27 6181.57 6037.95 3554.15 3704.4 5141.44 3955.33 4326.96 5137.68 4590.3 3642.76 3031.07 2415.07 3409.89 2851.53 2529.89 2103.44 4125.17 5005.46 3288.95 3914.18 3672.51 3642.84 2760.53 3020.28 3749.17 3492.36 3509.71 3020.97 3037.28 4561.72 3246.54 3193.54 3950.46 4088.52 2584.11 3115.1 3220.82 3624.96 3460.09 4429.66 3178.59 3519.26 2953.52 4398.38 2260.5 2384.51 2874.91 3020.02 2360.21 2097.98 6058.53 5590.14 3516.49 4026.35 3154.16 2569.6 2261.21 3508.39 5052.29 4728.14 4715.34 2691 3870.18 4280.47 5783.65 6000.45 
3450.93 3331.92 6277.22 6652.02 3115.15 2792.09 3198.17 3181.11 3326.14 3236.8 3075.42 2649.59 3234.08 3770.75 0 3302.86 3042.12 6186.76 6749.3 2483.66 5444.05 6350.3 6317.41 6825.42 6579.97 6872.12 6336.07 6989.27 6492.78 6081.19 5919.04 5513.9 5569.84 5837.51 6254.03 6571.95 5985.44 7444.77 6242.84 4360.32 3298.44 3386.34 3594.65 3381.51 3152.73 2877.03 2930.55 4059.06 4608.12 3689.68 6114.93 5128.26 4005.01 5258.84 4296.65 5192.93 6873.4 5015.14 7891.71 6536.84 6974.95 3914.73 6026.33 6276.68 6976.16 6922.34 6334.33 6848.28 3137.32 3425.73 3276.57 2490.13 3719.41 2848.22 6713.18 6089.73 6582.61 6404.33 4591.84 3958.73 4967.71 4365.56 3027.83 3418.98 13396.1 11642.2 6318.69 5891.65 7731.99 5310.74 14720.8 9263.43 15906.1 5733.33 12886.8 9586.74 3274.09 3381.62 4251.61 3762.31 3477.45 3214.26 3616.79 3914.49 3556.38 3791.95 3560.39 3503.84 3547.69 3407.23 3674.45 3139.31 3328.85 4031.07 3356.15 3191.67 2181.66 2319.09 2996.58 2601.13 3017.01 3088.2 3150.41 4493.88 3435.25 3262.64 3752.47 3554.52 2831.39 3979.86 4388.15 3287.97 3731.28 3276.48 3403.41 3418.75 3166.7 3586 4684.43 3993.78 3524.68 5570.02 2554.69 3043.18 5688.68 2461.89 4706.52 2753.22 3169.8 9774.76 3194.14 2675.43 4710.7 3182.26 6926.08 2568.27 2504.18 2869.53 2377.44 3632.15 3306.25 2505.98 2198.92 2393.95 2446.23 6040.74 6839.6 5916.99 6329.77 6647.67 6126.73 7532.03 6758.64 4016.41 4577 6041.48 4796.26 4913.19 5712.69 5582.85 4436.07 3492.88 3371.79 3637.33 4274.18 2012.79 1969.92 5199.53 3360.46 3326.09 2998.71 4756.75 4818.5 3988.53 3251.78 4087.84 3377.43 4174.7 3061.07 2877.81 3480.35 3747.38 2873.57 3574.97 3993.82 3391.9 3978.68 4632.77 4093.33 4416.57 4926.55 2666.45 2896.85 3105.37 3553.76 3213.04 3529.15 3173.97 3054.28 2768.13 2802.02 4972.65 6640.18 4605.22 5523.2 4339.43 2433.84 2613.87 3299.75 5987.15 3882.43 2286.43 5070.28 2341.8 2660.07 6954.19 5985.31 
2869.29 2469.37 6661.11 5528.05 3649.88 4393.14 2470.55 1798.8 2468.45 2946.5 2039.19 3719.26 3337.53 2888.24 3302.86 0 4095.12 4853.99 5516.58 4079.64 5650.38 4815.73 7552.5 8088.76 8093.63 8221.33 7708.45 7822.92 7795.36 7544.64 7146.51 6657.31 6774.8 7270.3 7317.36 7923.13 6589.17 7831.51 7084.52 5146.15 4396.7 3953.98 4584.67 4733.1 3752.17 3680.06 3706.33 3753.77 4712.02 3833.7 6536.18 5515.52 4066.99 3977.34 3805.88 5727.18 7106.67 5037.66 7917.06 7034.84 7139.18 5078.6 6672.12 6519.59 7165.61 7219.38 6680.34 7161.75 3280.99 3930.9 3468.71 2291.5 2484.83 1784.34 6880.05 6337.85 7200.26 6783.78 5130.01 4616.47 5092.54 4653.57 2807.55 3711.86 11869.9 11159.8 5572.73 7408.99 7714.59 4932.85 12260.6 9295.21 14239.5 5646.91 11576.4 8706.51 3804.84 3648.09 4887.13 4121.78 4483.72 3722.32 4545.77 4383.57 4290.82 4392.6 4105.57 3931.45 4034.35 3971.19 4195.25 3795.6 3923.76 3916.25 3962.59 3676.22 2941.92 2448.45 4432.84 3780.08 4383.36 3984.95 4828.04 5352.96 4623.32 4471.72 4417.59 4714.56 4486.56 5390.03 5545.39 4959.8 5422.16 4592.21 4895.99 4975.5 4512.79 4966.49 5723.29 5093.98 4783.18 5041.29 2878.21 3285.8 3773.8 3034.88 3589.83 2884.46 2258.99 7685.3 4477.99 3401.67 3577.29 2669.39 5437.73 2656.46 2565.84 2081.68 2173.36 2750.57 3065.34 2315.12 2497.59 2613.73 2106.41 4000.86 6766.4 5597.39 5894.77 6513.82 6073.1 7543.91 7440.38 3695.92 3997.75 5099.87 3779.87 4070.85 4759.08 4685.36 3888.31 3229.82 3655.96 3894.33 4284.79 1894.75 1364 4736.07 4797.61 3101.38 4578.37 4742.08 4614.43 3915.58 3384.82 3650.94 3250.98 4685.06 2983.1 3551.68 3632.25 3449.77 3056.6 3684.11 3895.88 3188.19 4214.72 4636.18 3933.87 4298.87 4369.39 2397.87 2328.81 1889.43 4118.96 3219.15 3569.54 2117.22 1981.11 2034.51 2296 4624.76 5438 3413.8 4236.24 3113.08 2461.65 2014.93 3177.17 5295.75 3714.82 4295.09 4214.79 3536.49 3915.15 5333.85 5405.45 
4525.44 4614.32 7238.89 7378.67 3223.07 2922.06 3616.18 4244.94 3364.78 2715.51 3821.03 2694.96 3010.08 5085.95 3042.12 4095.12 0 5988.83 6228.73 2887.11 4781.95 6618.07 5904.53 5998.56 6484.34 6969.8 5857.58 6391.52 7046.78 5672.62 5628.45 5012.96 5189.72 6499.34 5758.56 6001.71 6789.32 8112.94 6929.04 4673.71 3453.33 3679.12 3174.66 3127.53 3277.53 3151.63 3342.41 5299.8 4422.05 4672.06 6643.81 4955.72 4538.19 6221.58 4798.74 5474.52 8182.71 5136.05 8915 7743.43 8262.89 3916.03 6973.56 7539.73 7793.76 8376.9 7398.06 8240 3993.38 4483.51 3604.85 3434.42 4941.17 4164.83 7981.02 6690.15 7767.81 7428.51 6331.23 5811.2 6540.54 6142.34 4695.04 5013.43 14728.8 11743.5 6264.54 4771.82 8709.96 6247.29 15676.2 9947.82 15983 6089.1 14137.1 10098.1 3126.72 3529.58 3800.09 3997.64 3422.03 3636.58 3664.01 3703.09 3972.28 4090.65 3866.33 3974.08 3929.49 3661.09 4535.93 4037.37 3608.99 4909.92 4001.7 3801.9 2955.89 3482.91 3530.76 3203.32 3058.43 2716.68 2879.84 4879.48 3540.39 3594.9 4431.45 3461.05 2951.29 4060.15 4685.25 3202.52 3785.63 3123.92 3463.42 3222.82 3174.31 3862.44 5064.86 4169.44 3281.56 6285.42 3829.79 3431.76 6178.31 2559.11 5586.94 2956.98 4381.2 9982.83 3310.1 2675.81 5627.57 4476.39 7332.59 2647.31 2571.85 4008.14 3407.77 3960.8 4107.69 2737.87 2581.17 2470.13 2310.6 6776.93 7908.96 6718.37 7491.62 7351.45 7400.79 8624.41 7204.54 5008.87 5699.25 6663.73 5368.21 5415.32 6095.29 6246.47 5421.71 4235.18 4488.84 4477.67 5017.18 2763.82 3218.4 6211.89 3752.53 4422.8 4074.87 5363.4 5881.5 4960.88 4097.43 5269.56 4660.21 4954.57 4188.75 4421.46 3145.75 4754.02 3513.56 4380.11 4858.96 4316.06 4810.82 5668.49 4471.79 4624.21 5763.74 3410.02 3201.3 3662.26 4881.13 4327.06 4774.23 3895.38 3654.39 3412.91 3772.83 5616.24 7396.44 4951.61 6295.13 4828.65 3448.26 3848.51 4423.72 7171.68 4817.19 3388.21 6047.76 3587.54 3672.23 7576.98 6285.19 
5735.59 5927.1 9952.81 9153.91 5505.52 6473.57 3770.96 4441.38 3719.36 4155.78 3735.12 5886.26 4405.75 5679.93 6186.76 4853.99 5988.83 0 3964.58 6404.16 6648.11 3013.14 9771.92 10216.7 10316.3 10484.9 9947.2 10064.8 10032 9780.47 9370.46 8900.6 8999.68 9582.74 9541.45 10162.7 9172.54 10432.2 9470.78 7382.25 6613.65 6167.23 6826.19 6964.69 5983.16 5918.19 5947.76 5682.74 4954.65 5786.87 7784.58 5193.5 5418.18 6707.12 6340.39 7391.35 9755.69 6650.15 11669.9 9629.53 10248.9 7320.35 9115.02 10205.8 10433.7 9461.34 8483.35 9279.73 5661.35 6414.41 5612.7 6088.65 6343.8 5648.24 8614.54 6750.21 9533.44 8547.51 8337.62 7811.27 7360.84 7434.47 6712.16 7053.03 15639.9 11939.8 6258.07 7575.52 10038.9 7324.51 15237.4 10587.1 11777 7411.77 15768.8 9559.3 6061.54 5854.08 7126.11 6377.49 6735.68 5961.92 6780.29 6628.03 6506.88 6731.51 6335.77 6253.7 6290.83 6171.22 6711.49 6261.64 6005.16 5079.19 5990.85 5608.03 5382.57 5109.94 6802.1 6458.62 6620.39 6221.07 7073.71 7655.71 6865.13 6717.14 6858.5 6935.86 6751.52 7630.32 7830.37 7188.36 7671.46 6831.66 7139.12 7212.74 6750.31 7187.53 7938.72 7327.23 7022.5 6479.16 5312.28 5394.52 7571.54 5179.75 6309.79 5109.38 5984.99 9344.22 6342.93 5217.9 6995.48 6375.27 7694.25 4830.19 4613.84 4912.35 4758.1 4410.09 5877.59 4163.66 4724.13 4735.75 4423 7236.75 8539.78 7194.16 7957.42 8193.8 8238.45 9397.43 9693.7 6880.28 6669.46 6391.32 5025.95 5102.97 5026.36 5763.24 5869.57 5356.58 6104.53 6859.12 6401.71 4326.94 4798.75 6328.57 7418.65 5683.47 7076.91 5620.83 6293.39 5824.81 5603.44 5978.38 5487.38 6360.23 5423.41 5905.05 4732.89 6176.03 5243.54 6135.59 5743.02 5749 6256.93 6640 5338.98 6031.83 5608.36 4523.33 4907.65 3936.54 7406.99 5548.77 6072.14 4056.69 3764.39 4162.62 4626.11 6556.69 5316.63 4022.25 4637.61 4192.59 4951.35 4836.39 4822.4 6723.27 4339.12 7030.09 6376.59 6231.62 6288.97 7423.86 7148.98 
6616.8 6730.1 10818.3 9313.88 5563.32 6490.64 4123.68 5358.65 4522.7 4184.97 4716.61 6185.74 4552 6992.03 6749.3 5516.58 6228.73 3964.58 0 7053.49 5522.31 4370.11 10375.1 10881 10863.3 11087.2 10642.8 10780.9 10447.5 10479.3 9883.49 9598.03 9466.96 8849.77 10237.5 10827.1 9837.05 11127 10136.4 8067.48 7001.48 6868.33 7529.12 7657.76 6706.19 6621.24 6645.59 6785.25 5354.65 6906.71 8677.46 4951.28 6362.32 7399.43 6671.55 8228.65 10973.3 7552.62 12829.8 10420.1 11400.9 8046.01 10057.9 11104.9 11448.6 10149.6 9517.91 10320.7 6630.92 7607.3 6530.93 6510.29 7248.69 6574.65 9892.54 7958.29 10813.4 9910.86 9136.22 8649.14 8697.09 8592.37 7485.38 7821.22 16952.2 11780.7 6242.73 6842.03 9256.95 7151.03 16351.2 11071.8 13048.9 7867.81 16569.9 10001.5 5474.38 6488.56 7854.91 7077.92 7343.5 6643.93 7217.64 7352.83 7212.15 7417.66 7029.37 6936.81 6967.23 6872.6 7395.64 7130.54 7273.96 5823.52 7027.41 6555.06 6160.08 5538.16 7369.33 6800.94 7211.13 6867.53 7433.12 8334.76 7565.38 7409.49 7529.96 7662.31 7109.8 8354.99 8526.69 7895.45 8374.88 7558.42 7844.35 7871.04 7462.13 7891.47 8664.2 8030.53 7750.47 7035.12 6081.11 5932.75 8197.48 5662.77 7198.33 5782.47 6790.22 8496.95 6173.9 5556.37 7709.05 6930.25 7961.35 5435.87 4806.69 5973.76 5592.15 4791.06 6426.11 4875.58 5147.72 5159.26 4945.94 8278.83 9845.44 8213.18 8829.1 9276.99 9474.22 10745.5 10890.9 7619.05 7658.89 7405.17 5870.34 6044.28 6059.08 7071.27 6873.25 6288.7 7428.19 7669.2 7155.22 5167.32 5614.5 7414.13 7548.01 6597.43 7586.51 6882.83 7331.08 7003.16 6516.82 6903.27 6244.42 7215.84 6306.98 6883.16 4572.83 7051.08 6157.99 7106.49 6564.83 6293.87 7608.22 7983.19 6606.71 7341.11 6608.2 5436.37 5038.23 4722.34 7693.06 6667.82 7189.09 4983.85 4602.39 5112.61 5755.48 5674.32 6551.62 5145.16 5883.65 5310.49 5739.4 5739.3 5773.1 7773.29 5214.11 7827.32 7614.53 7026.59 7111.2 8304.41 7179.52 
4202.19 4119.7 6971.93 7496.77 3443.2 3012.59 3675.88 4081.46 3582.81 3441.77 3947.06 2697.51 3460.4 4638.08 2483.66 4079.64 2887.11 6404.16 7053.49 0 5896.86 6732.55 6138.9 6253.96 6443.45 7064.27 6089.64 6412.57 6952.66 5761.15 5888.07 5071.28 5496.97 5955.07 6100.27 6309.11 6235.73 7932.35 6219.74 4625.84 3503.68 3608.83 2981.08 2666.91 2852.43 2720.69 2648.05 4333.76 5113.35 3503.1 5711.34 5052.22 3781.66 6073.16 5102.07 4412.27 6879.08 4425.45 7888.59 6375.33 7032.15 3413 6257.85 6802.79 6820.72 7256.34 6829.46 7153.07 3807.11 4020.6 3078.58 3341.71 4558.04 3650.16 7096.87 6075.25 7217.61 6330.97 5286.77 4777.78 5494.18 5166.26 4043.91 4108.74 14214.6 12224.1 6494.68 5917.1 8277.7 6330.2 15533.2 9824.64 16667.8 6161.16 13721.4 10301.4 3368.23 3650.26 3755.23 3973.56 3195.02 3425.63 3454.78 3124.62 3584.66 3700.93 3529.84 3582.03 3585.7 3565.44 4075.38 3141.6 3114.61 4769.21 3612.57 2731.92 2570.82 3078.34 3346.78 3311.48 2770.48 2597.9 2912.99 4041.16 2923.24 2888.85 3843.19 2999.38 2644.39 3285.99 3927.17 3036.7 3010.99 2739.87 2831.15 2850.43 2659.45 3298.89 4145.19 3243.49 2956.86 6205.53 3364.63 3555.95 6360.82 2781.33 5504.06 3041.63 3782.33 10460.4 3570.31 3018.97 5336.41 3854.22 7610.58 2671.36 2817.9 3690.07 2978.22 4031.8 3977.81 2660.7 2385.85 2453.38 2527.12 7029.08 6469.21 5654.81 6278.05 6249.28 6200 7301.53 6410.78 4786.43 4902.97 6155.85 4856.93 5327.21 5800.87 5678.46 5074.54 3800.86 4169.51 4411.98 4954.28 2317.58 2773.63 5868.19 3794.67 4157.97 3593.8 5025.97 5560.4 4652.14 3600.86 4902.79 4079.01 4827.31 3823.04 3761.72 3766.13 4207.52 3024.13 4338.83 4672.52 3916.43 4082.55 4628.21 3794.2 4122.39 4736.62 3247.8 3167.26 3794.75 4419.37 3588.59 3816.62 3511.4 3411.78 2955.1 3351.45 5979.86 7454.26 5149.8 6308.82 5041.53 3201.73 3237.41 3724.56 6973.94 5044.75 2295.35 5608.24 2624.15 2638.67 7750.85 6620.71 
6161.16 6207.28 9721.17 8337.85 4624.86 4541.47 4653.9 5797.33 4836.09 3724.99 5067.22 4418.58 4214.38 6857.65 5444.05 5650.38 4781.95 6648.11 5522.31 5896.86 0 7223.46 8611.97 9424.88 8857.43 9344.18 8933.08 9580.09 7951.84 9154.93 8153.68 7987.17 7825.06 5938.67 8805.12 9233.21 8706.95 10039.4 9005.19 6936.2 4676.83 5738.84 6313.5 6231.79 5540.51 5479.36 5488.84 7228.26 5726.55 6846.39 9144.61 5657.15 6886.7 7580.75 6455.29 8415.71 10851.7 8046.2 12281.8 10207.5 11302.2 6761.95 9997 10075.9 10983.7 10420.9 10074.3 10973.2 6287.91 7375 6487.16 5439.32 6718.24 5934.91 10485 9416.97 10889.7 10233.6 8443.19 7979.17 8639.01 8153.31 6760.64 7112.78 16358.3 12234.8 7466.06 5269.99 8004.83 6798.76 17332.2 11918.3 16286.5 8152.82 15832.4 11412.1 3774.71 5296.2 6668.38 5925.82 5590.45 5454.12 5002.01 6194.19 6075.12 6285.25 5897.19 5805.61 5825.24 5741.54 6245.9 6218.36 6549.66 6706.74 6352.99 6043.27 4998.88 4787.68 5232.68 5247.68 5757.59 5408.21 5311.68 7205.14 6436.16 6228.46 6392.92 6485.79 5350.75 7132.17 7397.07 6543.54 6936.52 6316.92 6517.63 6458.93 6147.22 6755.88 7507.45 6890.61 6582.29 7790.35 5273.83 5404.91 8018.42 4271.65 7142.27 4560.98 6319.76 10371.7 4226.18 4211.86 7164.33 6102.09 8227.59 4173.65 3925.45 5718.08 5162.44 4925.34 5791.51 4281.98 4213.94 4185.84 4172.35 8583.74 9917.14 8641.62 9509.87 9857.08 9746.89 10682 10242.1 6802.81 8005.02 8457.11 6971.53 7092.55 7649.83 7972.91 7280.83 5821.29 6506.85 6785.64 6227.56 4446.78 4887.72 8160.49 6327.45 6371.4 6165.03 7138.58 7470.35 6695.16 6307.43 7174.45 6336.46 6750.43 6136.93 6401.18 3714 6809.18 5724.57 6731.51 6890.34 5920.01 7406.37 7949.47 7116.23 7374.1 7668.99 4743.46 4463.12 4944.61 6444.67 6237.91 6862.27 5402.55 5053.81 5123.56 5428.9 5331.35 8436.6 6462.85 7323.95 6339.52 4981.71 5502.05 5687.9 8712.05 6401 6555.71 7551.31 6212.51 6407.13 8850.51 7592.13 
