243 243
0 3589.16 1841.38 3244.62 3025.75 3194.9 3512.11 4011.09 3252.78 3718.11 3450.93 2869.29 5735.59 6616.8 4202.19 6161.16 7063.75 7358.82 8208.73 8167.12 8340.07 7839.24 8010.59 7321.48 7955.2 7692.1 7239.87 6800.23 6697.01 6882.36 7530.18 7446.91 7712.08 7056.42 8279.01 7500.39 8680.29 4653.04 4505.78 5428.62 4620.36 4235.26 4886.8 3988.44 3946.47 4019.17 5288.3 4343.3 7440.23 6032.46 6061.82 4580.98 4503.21 6392.95 7204.68 5871.21 7245.26 5253.02 7510.37 7662.95 6700.84 5789.53 6541.62 5237.49 5321.3 3089.75 3963.71 3027.18 3651.4 3454.29 7394.92 6354.64 4675.54 6334.22 7736.31 3417.33 5528.48 3564.4 3662.74 10972.8 4464.32 10933.8 7198.86 6353.9 5701.84 7785.9 12365.8 8735.59 13791.1 5664.02 7282 8719.31 8539.24 4947.39 4591.78 3918.75 5117.81 4595.88 4660.42 4566.15 4612.47 4566.55 4803.45 4312.91 4340.88 4224.27 4218.2 4066.99 4163.97 3099.52 3719.3 2327.59 4498 3361.75 4551.3 3706.27 4795.59 5736.9 4907.18 4881.72 5606.11 5905.7 5125.43 4732.75 5630.25 5561.51 5090.97 5178.05 5353.25 5350.92 5274.29 6040.77 5557.43 5042.5 5376.72 5561.93 5062 5423.28 3556.57 5321.66 3004.8 2922.68 3284.28 8738.78 2932.32 3879.58 6231.06 3953.71 4722.02 3507.81 5582.26 2910.41 3235.88 3095.29 2124.03 3949.4 2460.37 3143.13 2661.06 2551.85 2733.25 2961.56 2277.09 5649.89 4470.86 7256.78 6479.28 6850.86 7414.78 7451.22 7079.56 6777.09 7889.85 7389.39 5950.8 4922.95 4658.1 4954.13 4551.51 5697.64 5546.44 3740.25 3696.65 3196.09 3542.8 4122.34 4249.6 4392.33 3077.97 4651.02 2970.19 3915.79 3812.12 4097.1 3172.25 4374.23 3030.38 4106.43 2560 3035.46 3065.8 3381.48 4861.82 4253.15 4727.79 4601.63 4566.97 5318.46 3393.42 3558.88 2781.97 2853.48 3131.83 2826.77 3590.49 3138.63 3703.41 3591.31 4443.05 3614.21 3745.37 4229.1 4983.47 3953.67 4377.44 2759.31 2619.22 4178.55 3682.53 3598.54 3884.4 4478.9 4457.99 4278.6 4197.76 3982.12 4051.24 2979.55 2880.58 3432.22 3431.78 6063.86 5502.79 
3589.16 0 3213.19 3189.61 3507.36 3027.19 3104.97 3849.02 2981.29 3218.9 3520.12 3309.03 5317.58 6421.62 3949.01 5715.66 6790.12 7055.28 7882.24 7888.07 8071.13 7543.14 7698.96 7032.78 7642.32 7369.27 6887.18 6539.99 6393.53 6569.1 7105.37 7117.35 7336.53 6649.97 7998.57 7133.47 8443.2 4359.74 4086.32 5041.97 4280.16 3861.39 4603.42 3703.53 3613.47 3591.49 4892.08 3446.9 6907.26 5452.45 5664.18 4911.93 4809.7 5969.19 7010.53 5517.2 7643.64 4936.63 8645.14 6520.09 8228.15 7162.18 7381.17 6248.55 5976.76 3579.06 3584.55 3631.28 3672.04 3680.76 5308.78 5785.62 4172.57 5333.47 7691.19 5311.08 3878.94 4118.3 4488.21 11994.2 3806.35 10418.8 6878.88 4661.3 6881.67 7363.64 12631.9 8793.38 13481.4 5366.32 6371.99 9099.04 9199.32 4583.5 4179.76 3511.4 4782.68 4348.72 4429.57 4287.15 4239.68 4176.17 4371.34 3898.72 3926.52 3839.72 2687.8 2972.97 3433.31 2665.81 2991.86 2789.88 3907.49 3607.05 4275.35 3412.41 4498.49 5327.91 4598.66 4543.71 5287.64 5540.49 4850.5 4404.75 5344.14 5239.81 4793.79 4866.48 4999.36 4996.62 4909.64 5618.9 5212.77 4689.49 5045.58 5158.71 4695.72 5025.86 3065.25 5413.35 2418.46 2503.33 3910.27 9838.79 2613.9 3477.72 6696.11 3383.85 4656.6 3632.85 6495.92 2547.5 2840.83 2707.79 2371.59 3446.63 2755.85 3731.61 2543.75 2552.64 2381.9 2637.29 2047.51 5569.17 4964.22 5539.49 5584.38 6514.35 5837.93 6118 5585.05 5424.85 5752.44 5332.59 5292.42 3792.96 4085.46 4280.45 3463.23 5290.97 4508.35 2321.31 2123.45 3483.22 3614.68 2596.56 4934.65 4777.22 3839.13 3455.12 4375.88 4307.97 2975.72 2762.69 4360.54 3737.83 3157.97 3626.16 4066.44 3037.96 4530.04 4483.44 3251.98 3122.63 3014.04 3516.72 2855.86 4355.3 3186.01 3892.35 2599.57 2764.71 3064.41 2774.35 4644.56 2512.81 2936.33 4163.74 5296.56 3377.74 3374.4 3481.08 4079.64 3187.76 3534.17 2320.64 2486.41 3817.91 3200.93 3243.76 3467.6 5036.43 4471.43 2749.24 3824.58 3953.5 3403.45 3118.8 2805.82 2853.91 2975.18 5803.08 5151 
1841.38 3213.19 0 2767.51 2463.07 2839.11 3187.16 3523.95 2654.44 3073.81 2856.08 2487.91 5498.48 6340.92 3671.31 5781.65 6404.94 6672.24 7529.17 7498.31 7661.4 7132 7284.76 6685.9 7325.58 6977.19 6588.8 6171.46 6002.91 6215.41 6919.66 6737.05 6957.38 6288.26 7472.75 6784.93 7912.73 3995.05 3770.98 4605.64 4002.46 3540.16 4238.93 3401.22 3295.58 3330.44 4596.96 4014.55 6830.95 5392.35 5426.32 4313.05 4193.55 5822.53 6717.69 5262.5 6709.15 4592.24 7020.98 7039.59 6156.85 5706.01 6816.59 4879.79 4565.67 2833.48 3766.02 2454.85 2872.36 2826.79 7258.44 6338.88 4454.49 5903.55 7190.68 3336.85 5029.06 2668.23 2803.94 11429.6 4200.45 10996 6894.48 6209.9 6184.84 7348.28 12471.1 8670.41 14034.3 5639.39 7104.76 8286.24 8776.2 4454.56 3765.73 3210.34 4453.48 4057.95 4147.75 3900.3 3966.17 3820.83 4038.3 3610.13 3608.6 3507.59 3917.91 3715.53 3740.57 2652.73 3284.61 1990.43 4169.13 3111.38 3977.4 3062.43 4203.2 5043.05 4245.92 4207.86 4883.74 5201.42 4549.15 4128.75 4959.07 4922.24 4487.21 4515.62 4625.82 4647.73 4588.78 5239.6 4838.5 4424.8 4717.03 4875.08 4358.29 4730.42 2924.66 5096.32 2571.47 2284.9 2629.4 8583.08 2315.84 3296.42 5573.61 3488.71 4302.47 2898.2 5463.67 2327.13 2654.66 2572.81 1903.23 3188.25 1929.44 2763.04 2308.61 2093.43 2133.17 2486.22 1768.34 5257.12 4148.35 6943.94 5985.18 6417.56 6963.51 7043.72 6680.21 6403.75 7552.5 7089.58 5669.24 4707.2 4293.44 4625.31 4354.43 5288.74 5196.47 3530.27 3389.44 3037.14 3180.03 3989.87 4217.31 3904.84 2650.04 4218.2 2783.53 3718.4 3494.06 3722.56 2783.79 4204.39 2884.86 3555.78 2295.55 2739.35 2720.28 3078.45 4524.16 4120.32 4519.81 4317.96 4358.09 4918.47 2860.07 3224.96 2286.69 2670.41 2829.66 2461.76 3274.11 2946.15 3331.06 3235.22 4150.65 3373.09 3651.89 4115.05 4820.39 3712.05 4271.56 2429.37 2130.38 3751.08 3336.96 3294.2 3546.14 4148.69 3807.9 4081.58 3490.29 3735.74 3857.97 2714.16 2873.66 2854.22 2789.97 5504.4 5059.28 
3244.62 3189.61 2767.51 0 2214.82 1710.24 2331.48 2381.68 2648.04 3052.83 3198.17 2470.55 3770.96 4123.68 3675.88 4653.9 6485.13 6717.12 7630.56 7588.32 7720.71 7215.19 7388.01 6699.39 7273.25 7084.79 6595.44 6244.94 6063.71 6186.35 6570.39 6828.57 6964.79 6363.88 7684 6813.97 8087.97 4147.62 3813.24 4727.53 3973.3 3577.54 4358.98 3505.09 3338.26 3429.36 3265.99 3809.22 5865.24 4833.8 4153.07 4709.79 4220.3 5310.14 7625.49 4719.61 7869.85 4715.72 8417.55 7536.65 7210.08 6307.32 7220.46 6592.11 5638.88 3331.05 3318.28 3660.26 3302.45 3750.49 7007.47 7580.51 5647.95 5897.63 5519.88 5011.8 5305.13 3775.01 4153.92 13507.2 3272.43 11147 4818.02 5106.89 8109.59 6292.57 13918.2 9235.43 13746.9 5916.57 5090.63 6807.1 9299.84 4155.54 3895.38 3170.68 4543.58 4058.41 4105.65 4015.08 3955.87 3847.07 4049.79 3596.03 3600.22 3496.21 3893.77 3699.79 3428.58 2649.25 3423.14 2275.3 4060.4 3627.55 4033.9 3195.92 4150.31 5127.37 4312.92 4309.82 5138.34 5279.12 4669.95 4194.92 5028.56 5027.15 4648.5 4628.81 4689.68 4705.91 4628.47 5445.24 4960.64 4434.83 4780.2 4951.48 4507.58 4717.92 2594.89 5224.43 2725.62 2344.95 3259.31 8280.47 2071.68 2757.75 6525.84 2624.95 4701.78 3600.08 6302.27 2292.7 2619.31 2146.68 2626.91 3143.04 2033.55 3435.14 1855.98 1759.48 1995.65 2278.16 1752.99 5251.97 4543.19 6708.02 5508.94 5930.81 6599.24 6382.92 6647.95 6372 7553.6 7367.78 4900.99 3924.26 3537.86 3576.81 4170.88 4066.06 4364.51 3201.83 3995.74 4333.28 3299.42 4177.86 4423.98 4863.58 3321.05 4365.92 4016.6 4176.58 3760.43 3540.55 3713.05 4461.24 3363.99 2700.46 3639.29 2841.1 3774.8 3518.46 4087.01 4615.5 4755.44 3640.18 4251.38 4221.81 1916.85 2133.25 1428.67 2261.05 2295.36 1794.68 4330.15 3209.62 3760.38 4340.22 5473.1 2516.68 3710.14 2895.05 3869.32 2655.67 3110.51 2530.11 2474.72 2934.05 2620.75 2770.31 2792.12 3312.28 4188.39 4310.58 3540.59 2588.16 3344.11 2812.82 3345.4 2526.21 2760.79 4288.63 4298.03 
3025.75 3507.36 2463.07 2214.82 0 2283.4 3091.43 3186 3045.25 3408.2 3181.11 1798.8 4441.38 5358.65 4081.46 5797.33 6780.13 7074.84 8062.05 7822.09 8123.95 7628.81 7749.01 7124.82 7567.58 7356.41 7077.89 6630.25 6492.89 6679.84 7174.82 7235.17 7235.45 6482.34 7705.52 6961.32 8042.29 4432.98 4096.15 4933.85 4415.32 3844.15 4637.43 3772.64 3666.62 3671.41 4196.23 3601.71 5891.76 5545.61 5059.24 4265.07 3889.25 4966.12 6547.49 4271.17 6861.86 4945.22 7195.63 6777.93 6364.86 6025.1 6903.59 5690.87 5147.2 2982.03 3346.89 2882.73 2886.35 2979.45 6474.8 6895.05 4864.82 5122.41 6354.92 4416.97 4502.37 3189.42 3606.41 12681.2 3534.05 10808.7 5697.98 5418.24 7316.89 7231.28 12818.8 8838.12 13753.1 5548.47 5722.2 7060.27 8606.91 4755.34 4214.48 3597.15 4835.15 4494.33 4498.36 4336.39 4156.38 4145.46 4217.69 3844.45 3977.54 3877.12 3921.17 3794.07 3574.08 3121.03 3508.95 2447.19 4438.52 4017.74 4300.08 3643.81 4526.44 5306.64 4503.66 4392.66 5213.27 5442.77 4896.21 4438.16 5285.68 5183.32 4782.65 4823.42 4865.39 4907.61 4830.45 5575.41 5114.04 4747.75 4954.82 5113.33 4779.77 5065.61 3331.87 4594.46 2640.67 2702.28 2589.24 7890.99 2557.48 3528.06 5563.18 3321.05 4138.12 3013.13 5771.82 2796.14 3006.02 2792.22 2161.76 3614.37 2059.19 3118.59 2262.95 2278.43 2484.88 2704.63 2092.67 4620.96 3976.51 6493.44 5136.68 5421.06 6404.74 6175.33 6127.2 5819.9 7217.24 7552.12 4565.44 3822.03 3199.77 3510.65 3811.43 3925.66 3994.12 3148.73 3654.47 4247.32 3180.61 4361.11 4271.53 4708.86 3107.05 4442.32 3269.88 4245.45 3718.72 3934.31 3259.83 4615.09 3395.1 3788.56 3226.2 3060.62 3589.28 3677.48 4270.62 4147.65 4494.3 3588.64 4223.54 4086.05 3065.5 2729.13 2194.05 2127.69 2573.58 1999.07 4057.18 3204.63 3363.38 3429.97 4472.23 2700.23 3761.62 3171.62 3730.3 2733.72 3279.61 2448.11 2041.06 2804.3 3288.2 3434.75 2623.25 3149.59 4099.96 4008.26 3718.28 2644.97 3508.66 3045.85 3216.54 3141.28 3206.79 5105.9 5310.93 
3194.9 3027.19 2839.11 1710.24 2283.4 0 2240.39 2429.18 2273.5 3098.09 3326.14 2468.45 3719.36 4522.7 3582.81 4836.09 5979.04 6235.01 7153.5 7123.42 7285.43 6784.89 7033.83 6208.12 6819.48 6561.38 6116.25 5663.67 5683.73 5757.13 6439.77 6347.02 6481.75 5784.43 7237.24 6323.4 7611.92 3808.1 3194.47 4164.18 3677.57 3046.15 4003.01 3131.55 2929.4 3072.9 3133.14 3408.44 5234.73 4587.73 4166.68 4864.36 4463.28 4814.39 7482.58 4366.99 7546.97 4392.78 8193.72 7655.14 7261.52 6307.1 7573.25 6528.82 5672.69 3329.73 3174.37 3753.41 3575.74 3716.45 6713.92 7272.96 5458.99 5496.88 5671.68 4927.58 4997.09 3810.06 4089.51 13422 3366.81 11521.5 4972.16 5348.11 8050.59 6302.57 13833.8 9684.77 14079.3 5943.72 5285.32 7470.32 9377.45 3917.46 3564.56 2820.84 4241.59 3785.19 3779.41 3727.49 3394.27 3482.38 3665.33 3186.37 3339.37 3056.73 3699.17 3533.94 2979.48 2581.98 3218.76 2583 4109.36 3835.65 3623.61 2841.72 3833.62 4733.53 3851.96 3692.91 4737.3 4813.94 4200.43 3863.99 4572.15 4617.03 4158.34 4265.09 4098.74 4314.5 4079.09 5054.67 4511.88 3978.21 4400.6 4347.85 4175.23 4174.04 2408.05 5210.83 2946.39 1971.74 3330.75 8832.5 1720.79 2537.04 6442.85 2510.08 4818.14 3772.39 6451.25 1917.4 2169.88 1886.08 2636.79 2881.41 2260.76 3669.7 1782.36 1677.04 1884.2 1920.72 1847.95 5291.33 4591.24 6482.15 5069.62 5756.85 6360.08 6227.39 6529.27 6182.03 7222.14 7304.35 4806.04 3563.84 3447.2 3459.94 3844.79 3945.68 4158.69 3085.13 3814.85 4477.42 3345.04 4331.46 4571.36 4815.69 3417.91 4597.22 4031.57 4324.35 3506.87 3647.55 3637.26 4513.71 3266.68 2609.53 3637.94 2981.06 3733.28 3635.18 4153.72 4368.97 4513.95 3442.64 4036.39 4150.74 2324.79 2519.32 1284.39 2228.76 2519.92 2020.32 4589.14 3229.31 3763.97 4230.37 5325.49 2595.29 3821.99 2945.18 4012.97 2854.85 3268.89 2565.14 2543.54 2915.58 2967.67 3136.9 2666.95 3460.83 4072.2 4167.11 3330.94 2895.7 3465.34 3079.62 3298 2326.83 2541.14 4284.14 4328.08 
3512.11 3104.97 3187.16 2331.48 3091.43 2240.39 0 2281.77 2539.26 2887.59 3236.8 2946.5 4155.78 4184.97 3441.77 3724.99 6369.85 6565.5 7355.77 7417.28 7669.4 7097.16 7268.44 6533.93 7196.44 6933.68 6461.13 6036.7 5895.56 6056.77 6407.25 6706.59 6982.57 6393.28 7811.82 6802.51 8179.21 3923.23 3734.01 4655.9 3692.8 3439.62 4185.76 3269.92 3268.65 3335.31 3524.46 4119.03 6402.19 4230.38 3592.92 4974.49 4368.14 5790.14 8038.86 5203.55 8473.64 4497.23 9258.44 7801.81 8108.39 7156.23 7963.86 6667.14 5747.08 3804.55 3776.8 4005.05 2995.18 4035.61 7696.89 8166.58 5926.96 6600.33 6233.63 5335.8 5911.21 4073.3 4469.4 13694.7 3738.23 11163.9 4973.23 5218.42 8366.59 4994.31 14614.4 9912.23 14267 6170.05 5519.93 6961.19 9263.38 3453.1 3872.66 3219.73 4344.18 3914.7 3956.78 3912.64 3853.96 3786.04 3990.5 3596.83 3625.61 3410.42 3924.17 3918.94 3297.03 2579 3230.36 2504.46 3953.15 3418.28 3729.01 2966.87 4047.64 4974.76 4161.21 4270.13 4880.97 5048 4367.36 4012.59 4891.84 4783.99 4353.53 4430.84 4596.4 4549.23 4432.74 5254.43 4882.2 4042.59 4582.58 4755.65 4277.73 4572.78 2271.24 5271.9 2969.84 2192.87 3706.18 8408.97 1986.38 2662.34 6825.07 2056.26 4762.41 3675.64 5752.78 2134.53 2555.08 1709.82 3037.92 2822.49 2536.55 3294.18 1614.21 2042.11 1843.01 2060.42 1846 5877.36 4585.82 7215.46 5997.02 6848.13 7313.02 7024.31 7375.49 7033.21 7991.94 7411.93 5810.31 4766.96 4301 4469.52 4987.75 5059.65 5244.84 3569.63 4138.36 4142.84 3533.52 3969.23 5456.17 4234.45 3764.82 4186.56 4702.8 4807.9 4037.15 3660.79 4367.5 4079.42 3757.74 1935.37 4075.48 2927.98 4131.42 4108.71 4553.17 4953.16 5227.41 4334.87 4710.35 5037.32 1629.55 2459.57 1772.03 2579.52 2505.87 2405.3 4321.25 3606.34 4190.6 4796.41 5970.23 3150.34 3713.86 3902.67 4972.94 3721.33 4225.88 2655.86 3035.91 3675.06 2458.75 2746.58 3596.62 4001.13 4229.87 4879.55 3599.08 3429.96 3932.28 2941.94 3381.07 2110.7 2367.32 3880.22 3249.7 
4011.09 3849.02 3523.95 2381.68 3186 2429.18 2281.77 0 2366.1 2920.21 3234.08 3337.53 4405.75 4552 3460.4 4214.38 6401.91 6520.96 7378.72 7382.15 7673.86 7158 7370.93 6398.64 7113.06 6979.97 6468.36 6072.99 5764.98 6069.89 6372.4 6867.88 7218.43 6677.41 8204.86 6937.99 8462.51 3882.96 4065.95 4862.32 3614.36 3826.55 4143.5 3436.48 3336.36 3395.8 3632.79 4312.85 5995.77 4950.79 3944.18 5328.35 4270.66 5398.2 8132.58 4784.43 8573.21 4732.56 9239.57 7814.28 7577.92 6922.06 7630.4 7067.31 6120.16 3883.04 3798.05 4333.94 3400.29 4636.59 7751.69 8177.33 6277.93 6461.19 5595.49 5681.84 6168.33 4477.18 4886.33 14275.5 3638.45 11117 4714.28 5248.75 8971.44 5295.62 14994.2 9512.3 14519.4 5943.22 5562.54 6863.06 9495.16 3278.55 4228.14 3514.06 4517.87 3902.34 3712.18 4042.18 4097.41 4099.24 4282.65 3900.42 3884.68 3763.54 4066.16 4119.4 3676.48 2633.29 3227.26 2864.93 3887.26 3454.96 3740.77 2983.82 3973.62 5123.86 4154.21 4517.84 4760.66 5301.07 4326.93 3883.85 4668.61 4638.96 4290.07 4127.22 4745.1 4662.55 4501.73 5325.76 4907.43 3896.95 4616.48 4936.18 4201.51 4591.95 2224.45 5013.89 3348.17 2494.16 3904.7 8824.17 2183.2 2444.36 6979.41 2321.51 5070.48 3957.63 6567.92 2455.1 2873.4 1941.97 3564.33 2927.33 2704.25 3660.27 2056.57 2041.66 2212.21 2141.15 2390.41 5977.03 5183.03 7453.71 5939.6 6645.47 7407.52 6944.63 7521.74 7109.03 8278.16 7759.14 5723.84 4783.06 4149.72 4343.17 5173.99 4832.78 5100.85 3569.66 4462.02 4522.73 3531.61 4570.91 5032.71 4605.97 3612.47 4210.91 4485.91 4731.42 4486.8 4041.03 4350.3 4773.75 4088.55 2455.95 4244.44 3194.1 3973.42 4161.54 4658.63 5038.83 5412.85 4160.67 4803.99 4790.19 2427.23 2798.25 1913 2629.39 2686.89 2702.35 4855.84 3932.75 4542.94 5175.92 6497.24 2977.39 4030.74 4026.38 4849.54 3752.92 4132.5 2923.66 3116.96 3408.66 2492.54 2918.14 3120.5 3726.2 4260.19 5217.95 3870.56 3506.22 4148.2 3476.71 3881.69 2102.82 2589.6 3719.87 3582.62 
3252.78 2981.29 2654.44 2648.04 3045.25 2273.5 2539.26 2366.1 0 2174.36 2122.78 3021.79 5279.97 5861.99 2553.24 4318.41 4788.97 4794.43 6017.43 5602.79 5839.67 5500.72 6030.95 4975.7 5495.39 5494.51 4928.69 4567.71 4431.1 4579.95 5231.54 5220 5601.18 5087.63 6517.83 5467.03 6803.56 2568.71 2534.61 3335.25 2336.84 2246.63 2734.23 2196.35 1981.76 2172.41 3431.46 3547.27 5768.27 4172.15 4413.32 5320.44 4631.07 4883.85 7407.97 4472.37 7626.94 3272.34 8668.35 7024.04 7452.39 6903.6 7650.85 6116.91 4884.06 3348.42 3332.27 3457.23 2728.18 3464.63 7103.49 7158.14 5372.31 6026.6 6400.3 4527.36 5262.64 3253.39 3655.76 13256 3797.57 12081.6 5906.23 6249.52 7865.06 5460.44 14494.2 9979.92 15788.3 5961.71 6223.65 8153.57 9901.37 2492.7 2712.07 1975.45 3146.53 2594.32 2588.69 2681.97 2726.36 2617.48 2931.96 2449.59 2485.52 2269.72 3161.45 3192.02 2933.56 1632.91 2297.47 2378.72 2967.66 2844.45 2351.95 1597.48 2752.75 3816.99 2929.12 2985.13 3519.62 3858.78 2862.87 2793.23 3213.51 3450.78 2924.98 2894.47 3263.02 3314.32 3121.39 4213.14 3446.5 2919.43 3377.18 3428.23 2950.95 3313.3 1635.71 5899.66 2607.93 1213.34 3141.33 9985.17 1137.53 1643.5 6227.7 2452.73 4664.82 3219.06 6916.08 1244.34 1522.91 1462.19 2697.82 1809.66 2173.62 3444.7 1935.84 1707.68 1201.27 1345.37 1559.57 5918.98 4842.72 6701.28 5403.19 6239.08 6595.69 6678.36 6760.01 6421 7347.83 6887.01 5352.09 4215.73 3974.1 4300.65 4415.69 4783.96 4744.52 2947.64 3158.92 3804.43 2824.07 4027.1 5282.37 4042.85 3407.56 3537 4056.96 4905.25 3824.26 3582.51 4158.66 4310.33 3235.09 2381.48 3694.07 2719.79 3762.84 4126.15 3997.02 4281.82 4610.55 3711.08 3885.14 4652.59 2697.97 3449.34 1661.74 2136.39 2391.09 2721.47 3806.1 2956.66 3570.45 4344.69 5534.9 2896.31 3951.25 4156.62 5289.82 3904.36 4301.73 2251.25 2452.26 3038.83 2537.31 2689.93 3082.02 4250.22 2786.97 4590.24 2646.91 3760.24 4544.16 3386.09 3565.39 1464.85 1347.92 3848.25 3457.85 
3718.11 3218.9 3073.81 3052.83 3408.2 3098.09 2887.59 2920.21 2174.36 0 2286.89 3435.86 5781.58 6496.09 1954.95 5562.22 5649.3 6054.02 6481.45 6804.52 7358.77 6285.47 6268.99 5707.5 6910.72 5847.05 6081.94 5369.52 5144.4 5583.58 5875.49 6101.26 6327.11 6041.23 7530.14 6035.99 7617.81 2814 3476.22 4094.04 3425.53 3173.27 2827.17 2552.46 2415.01 2206.48 4473.74 2975.31 5557.98 4299.84 4706.97 5567.8 4687.19 4427.79 6732.36 4039.89 6907.8 3160.23 8023.62 6477.24 7277.07 6456.68 7500.18 6151.61 5572.7 3226.83 2582.63 3724.08 2811.42 3930.15 6842.98 6723.42 4622.01 5461.85 5993.48 4469.18 5074.37 3692.74 3727.39 13604.9 4420.92 12199.1 6209.27 6150.42 8295.03 5736.5 14946.9 9158.43 16104.7 6171.94 6550.8 7304.56 9778.09 2993.77 3647.73 3127.12 3433.71 3395.82 3424.23 3023.56 3231.69 3248.9 3399.4 3228.82 3224.39 3109.73 2774.76 3455.79 2409.74 2061.24 2494.82 2565.15 3388.34 2909.71 2530.19 2707.05 2258.64 3558.35 2462.23 3501.83 2726.84 3465.64 2772.98 2284.48 3014.03 2804.84 2652.67 2681.32 3152.01 2794.38 2780.49 3671.28 3185.79 2628.17 2784.8 3349.69 2497.03 2977.1 2264.77 5862.48 2970.08 2118.28 3273.43 10009.6 2183.17 2770.86 6145.66 2792.3 4958.68 3424.74 7188.1 2255.54 2493.24 2234.34 3100.2 2288.91 2432.48 3665.06 1961.21 2139.56 1882.06 2187.81 1859.54 6391.83 5026 6257.37 5344.57 6071.71 6229.09 5994.68 6413.88 6072.88 6978.1 6118.14 5659.63 4734.62 4296.27 4815.56 4925.03 5288.09 5191.45 3429.43 3758.99 3854.46 3296.71 4451.22 5506.24 3581.98 3674.68 3221.69 4166.98 5078.84 4126.5 3787.7 4358.08 4255.51 3355.86 3109.22 3714.42 2624.09 3792.72 4162.87 4734.03 4009.53 4402.16 3517.4 3787.65 4302.23 3102.12 3828.7 2472.59 2934.64 2990 3111.85 4382.78 3115.88 3269.07 4809.38 5931.9 2887.03 4249.48 4563.69 5744.25 4402.3 4595.49 2564.73 2790.16 3693.56 2777.03 3243.51 3387.19 4618.81 2403.37 4998.08 2208.79 4318.36 4937.54 3769.84 3939.08 1908.32 2357.99 4142.02 4220.22 
3450.93 3520.12 2856.08 3198.17 3181.11 3326.14 3236.8 3234.08 2122.78 2286.89 0 3302.86 6186.76 6749.3 2483.66 5444.05 5530.27 5756.08 6825.42 6579.97 6872.12 6336.07 6989.27 5968.75 6492.78 6081.19 5919.04 5513.9 5207.99 5569.84 5837.51 6254.03 6500.02 5951.85 7444.77 6242.84 7723.83 3406.77 3555.85 4360.32 3298.44 3386.34 3381.51 3152.73 2877.03 2930.55 4608.12 3689.68 6114.93 4976.44 5128.26 5258.84 4296.65 5192.93 6873.4 5015.14 6974.95 3914.73 8124.44 6276.68 6922.34 6334.33 7287.96 6024.97 5206.44 3137.32 3276.57 3420.57 2490.13 3719.41 6713.18 6582.61 4829.17 5425.82 6748.11 3958.73 4967.71 3027.83 3418.98 13396.1 4301.53 11642.2 6234.81 6318.69 8040.7 5891.65 14720.8 9263.43 15906.1 5733.33 6449.03 7400.37 9586.74 3095.82 3959.4 3381.62 4251.61 3477.45 3616.79 3914.49 3563.26 3556.38 3791.95 3503.84 3547.69 3407.23 3328.85 3356.15 3191.67 2229.97 2629.15 2319.09 2996.58 2601.13 3017.01 2761.72 3324.03 4493.88 3435.25 3752.47 3979.86 4388.15 3287.97 3351.17 3731.28 4072.01 3403.41 3418.75 3780.88 3874.47 3586 4684.43 4038.76 3387.78 3993.78 3978.06 3524.68 3620.12 2343.31 5570.02 2554.69 2524.58 3169.8 9774.76 2333.12 2748 5950.02 3061.06 4710.7 3182.26 6926.08 2568.27 2857.57 2504.18 2869.53 2627.73 2377.44 3306.25 2505.98 2452.1 2198.92 2393.95 2013.5 6040.74 4772.73 6839.6 5916.99 6329.77 6694.25 6647.67 6704.87 6126.73 7532.03 6758.64 6041.48 4884.95 4796.26 4913.19 4652.19 5712.69 5582.85 3492.88 3371.79 3637.33 2801.53 4274.18 5199.53 3360.46 3326.09 2998.71 4209.8 4818.5 3988.53 3786.08 4087.84 4174.7 2877.81 3480.35 3747.38 2873.57 3574.97 3993.82 4493.77 4298.1 4632.77 4093.33 4416.57 4926.55 3357.11 3789.39 2887.55 2666.45 2896.85 3105.37 3553.76 3213.04 3529.15 4597.66 5739.69 3332.43 4177.69 4605.22 5523.2 4339.43 4841.81 2433.84 2613.87 3633.94 2751.34 3080.42 3299.75 3882.43 2286.43 5070.28 2660.07 4042.46 4788.08 3596.29 3701.6 2309.71 2578.88 4543.32 4227.61 
2869.29 3309.03 2487.91 2470.55 1798.8 2468.45 2946.5 3337.53 3021.79 3435.86 3302.86 0 4853.99 5516.58 4079.64 5650.38 6950 7251.81 8088.76 8093.63 8221.33 7708.45 7822.92 7205.04 7795.36 7544.64 7146.51 6657.31 6554.08 6774.8 7270.3 7317.36 7461.45 6611.17 7831.51 7084.52 8227.77 4480.7 4209.14 5146.15 4396.7 3953.98 4733.1 3752.17 3680.06 3706.33 4712.02 3833.7 6536.18 5590.36 5515.52 3977.34 3805.88 5727.18 7106.67 5037.66 7139.18 5078.6 7574.61 6519.59 7219.38 6680.34 7671.57 5072.11 4420.53 3280.99 3468.71 2453.23 2291.5 2484.83 6880.05 7200.26 5203.22 5650.33 6823.84 4616.47 5092.54 2807.55 3711.86 11869.9 3739.47 11159.8 6144.81 5572.73 6782.06 7408.99 12260.6 9295.21 14239.5 5646.91 6262.1 7454.19 8706.51 4703.07 4337.5 3648.09 4887.13 4483.72 4545.77 4383.57 4251.75 4290.82 4392.6 3931.45 4034.35 3971.19 3923.76 3962.59 3676.22 3043.38 3504.94 2448.45 4432.84 3780.08 4383.36 3537.7 4540.31 5352.96 4623.32 4417.59 5390.03 5545.39 4959.8 4467.97 5422.16 5269.89 4895.99 4975.5 5023.43 5048.93 4966.49 5723.29 5306.55 4809.05 5093.98 5193.41 4783.18 5114.44 3251.67 5041.29 2878.21 2637.48 2258.99 7685.3 2548.78 3577.75 5243.92 3407.36 3577.29 2669.39 5437.73 2656.46 2907.96 2565.84 2081.68 3750.14 2173.36 3065.34 2315.12 2189.82 2497.59 2613.73 1984.06 4000.86 3543.72 6766.4 5597.39 5894.77 6760.11 6513.82 6479.26 6073.1 7543.91 7440.38 5099.87 4235.16 3779.87 4070.85 4153.86 4759.08 4685.36 3229.82 3655.96 3894.33 3268.07 4284.79 4736.07 4797.61 3101.38 4578.37 3573.77 4614.43 3915.58 3984.04 3650.94 4685.06 3551.68 3632.25 3449.77 3056.6 3684.11 3895.88 4368.41 4135.86 4636.18 3933.87 4298.87 4369.39 2917.76 2710.77 2182.7 2397.87 2328.81 1889.43 4118.96 3219.15 3569.54 2995.16 3871.45 2873.36 3661.89 3413.8 4236.24 3113.08 3797.36 2461.65 2014.93 3324.25 3214.54 3129.73 3177.17 3714.82 4295.09 4214.79 3915.15 2990.47 3656.92 2872.15 3210.97 3013.37 3168.24 5583.79 5155.72 
5735.59 5317.58 5498.48 3770.96 4441.38 3719.36 4155.78 4405.75 5279.97 5781.58 6186.76 4853.99 0 3964.58 6404.16 6648.11 9187.3 9475.58 10216.7 10316.3 10484.9 9947.2 10064.8 9439.14 10032 9780.47 9370.46 8900.6 8785.33 8999.68 9582.74 9541.45 9685.85 9029.75 10432.2 9470.78 10802.9 6721.34 6449.45 7382.25 6613.65 6167.23 6964.69 5983.16 5918.19 5947.76 4954.65 5786.87 7784.58 5707.11 5193.5 6707.12 6340.39 7391.35 9755.69 6650.15 10248.9 7320.35 10647.9 10205.8 9461.34 8483.35 9722.76 9009.08 8414.2 5661.35 5612.7 6374.48 6088.65 6343.8 8614.54 9533.44 7729.27 7799.15 5241.39 7811.27 7360.84 6712.16 7053.03 15639.9 4971.64 11939.8 4711.07 6258.07 10337.2 7575.52 15237.4 10587.1 11777 7411.77 5281.45 6519.26 9559.3 6784.05 6544.84 5854.08 7126.11 6735.68 6780.29 6628.03 6554.04 6506.88 6731.51 6253.7 6290.83 6171.22 6005.16 5990.85 5608.03 5279.48 5670.24 5109.94 6802.1 6458.62 6620.39 5752.76 6778.59 7655.71 6865.13 6858.5 7630.32 7830.37 7188.36 6696.83 7671.46 7511.52 7139.12 7212.74 7284.6 7292.84 7187.53 7938.72 7553.7 6941.93 7327.23 7469 7022.5 7333.23 5309.68 6479.16 5312.28 4832.68 5984.99 9344.22 4702.56 5567.69 8737.66 4739.9 6995.48 6375.27 7694.25 4830.19 5143.45 4613.84 4912.35 5867.17 4758.1 5877.59 4163.66 4274.05 4724.13 4735.75 4393.24 7236.75 6777.24 8539.78 7194.16 7957.42 8507.62 8193.8 8529.74 8238.45 9397.43 9693.7 6391.32 5653.09 5025.95 5102.97 5991.73 5026.36 5763.24 5356.58 6104.53 6859.12 6009.94 6401.71 6328.57 7418.65 5683.47 7076.91 6314.77 6293.39 5824.81 5771.74 5978.38 6360.23 5905.05 4732.89 6176.03 5243.54 6135.59 5743.02 6190.69 6361.89 6640 5338.98 6031.83 5608.36 3673.18 3224.84 3833.23 4523.33 4907.65 3936.54 7406.99 5548.77 6072.14 6482.35 7685.26 4296.96 5457.52 4022.25 4637.61 4192.59 4536.33 4951.35 4836.39 4697.71 4748.9 5211.53 4822.4 4339.12 7030.09 6376.59 6288.97 4012.7 4602.11 4522.73 5318.33 5058.23 5454.1 5834.4 5298.64 
6616.8 6421.62 6340.92 4123.68 5358.65 4522.7 4184.97 4552 5861.99 6496.09 6749.3 5516.58 3964.58 0 7053.49 5522.31 9840.76 10036.5 10881 10863.3 11087.2 10642.8 10780.9 10038.9 10447.5 10479.3 9883.49 9598.03 9400.85 9466.96 8849.77 10237.5 10369.7 9693.77 11127 10136.4 11466.9 7428.69 7130.98 8067.48 7001.48 6868.33 7657.76 6706.19 6621.24 6645.59 5354.65 6906.71 8677.46 6515.22 4951.28 7399.43 6671.55 8228.65 10973.3 7552.62 11400.9 8046.01 11672.6 11104.9 10149.6 9517.91 9672 9955.55 9187.23 6630.92 6530.93 7244.26 6510.29 7248.69 9892.54 10813.4 9054.58 9001.49 6834.15 8649.14 8697.09 7485.38 7821.22 16952.2 5420.46 11780.7 5025.99 6242.73 11549 6842.03 16351.2 11071.8 13048.9 7867.81 5174.49 6022.28 10001.5 6598.79 7246.94 6488.56 7854.91 7343.5 7217.64 7352.83 7255.71 7212.15 7417.66 6936.81 6967.23 6872.6 7273.96 7027.41 6555.06 5850.43 6703.89 5538.16 7369.33 6800.94 7211.13 6402.17 7494.9 8334.76 7565.38 7529.96 8354.99 8526.69 7895.45 7423.44 8374.88 8216.45 7844.35 7871.04 8006.05 8016.86 7891.47 8664.2 8242.1 7339.7 8030.53 8171.97 7750.47 8048.76 5489.63 7035.12 6081.11 5525.26 6790.22 8496.95 5218.39 5681.2 9709.67 5013.71 7709.05 6930.25 7961.35 5435.87 5808.98 4806.69 5973.76 6097.15 5592.15 6426.11 4875.58 4965.27 5147.72 5159.26 5108.76 8278.83 7605.91 9845.44 8213.18 8829.1 9714.98 9276.99 9838.32 9474.22 10745.5 10890.9 7405.17 6591.65 5870.34 6044.28 7198.97 6059.08 7071.27 6288.7 7428.19 7669.2 6400.31 7155.22 7414.13 7548.01 6597.43 7586.51 7229.22 7331.08 7003.16 6664.14 6903.27 7215.84 6883.16 4572.83 7051.08 6157.99 7106.49 6564.83 6775.06 7729.87 7983.19 6606.71 7341.11 6608.2 4197.61 3948.82 4479.22 5436.37 5038.23 4722.34 7693.06 6667.82 7189.09 7662.85 8725.24 5316.71 5863 5145.16 5883.65 5310.49 5335.28 5739.4 5739.3 5658.48 5351.32 5318.73 5773.1 5214.11 7827.32 7614.53 7111.2 4523.29 5551.49 5473.07 6153.25 5488.35 5783.25 5821.04 5502.37 
4202.19 3949.01 3671.31 3675.88 4081.46 3582.81 3441.77 3460.4 2553.24 1954.95 2483.66 4079.64 6404.16 7053.49 0 5896.86 5434.05 5874.75 6253.96 6443.45 7064.27 6089.64 6412.57 5644.45 6952.66 5761.15 5888.07 5071.28 4978.16 5496.97 5955.07 6100.27 6714.61 6444.69 7932.35 6219.74 8048.13 2680.91 3981.82 4625.84 3503.68 3608.83 2666.91 2852.43 2720.69 2648.05 5113.35 3503.1 5711.34 4879.13 5052.22 6073.16 5102.07 4412.27 6879.08 4425.45 7032.15 3413 8119.52 6802.79 7256.34 6829.46 7545.33 6693.3 5990.87 3807.11 3078.58 4194.25 3341.71 4558.04 7096.87 7217.61 5021.37 6054.78 6519.59 4777.78 5494.18 4043.91 4108.74 14214.6 4906.22 12224.1 6300.89 6494.68 8879.36 5917.1 15533.2 9824.64 16667.8 6161.16 6686.64 7792.38 10301.4 3151.77 4160.69 3650.26 3755.23 3195.02 3454.78 3124.62 3542.56 3584.66 3700.93 3582.03 3585.7 3565.44 3114.61 3612.57 2731.92 2242.64 2550.08 3078.34 3346.78 3311.48 2770.48 2893.53 2818.65 4041.16 2923.24 3843.19 3285.99 3927.17 3036.7 2907.89 3010.99 3207.04 2831.15 2850.43 3475.36 3262.42 3298.89 4145.19 3569 2990.5 3243.49 3731.2 2956.86 3414.19 2714.06 6205.53 3364.63 2626.08 3782.33 10460.4 2760.99 2955.33 6639.28 3096.22 5336.41 3854.22 7610.58 2671.36 3105.42 2817.9 3690.07 2869.08 2978.22 3977.81 2660.7 2621.33 2385.85 2453.38 2445.53 7029.08 5670.4 6469.21 5654.81 6278.05 6484.12 6249.28 6595.46 6200 7301.53 6410.78 6155.85 5233.65 4856.93 5327.21 5393.81 5800.87 5678.46 3800.86 4169.51 4411.98 3166.66 4954.28 5868.19 3794.67 4157.97 3593.8 4682.65 5560.4 4652.14 4170.49 4902.79 4827.31 3761.72 3766.13 4207.52 3024.13 4338.83 4672.52 5091.97 4620.07 4628.21 3794.2 4122.39 4736.62 3675.03 4483.42 3085.44 3247.8 3167.26 3794.75 4419.37 3588.59 3816.62 5421.89 6553.53 3510.7 4709.96 5149.8 6308.82 5041.53 5281.33 3201.73 3237.41 4064.31 3074.25 3298.26 3724.56 5044.75 2295.35 5608.24 2638.67 4807.92 5562.87 4385.44 4493.62 2441.17 2788.42 4555.33 4532.3 
6161.16 5715.66 5781.65 4653.9 5797.33 4836.09 3724.99 4214.38 4318.41 5562.22 5444.05 5650.38 6648.11 5522.31 5896.86 0 8232.37 8160.23 9424.88 8857.43 9344.18 8933.08 9580.09 8391.9 7951.84 9154.93 8153.68 7987.17 7544.42 7825.06 5938.67 8805.12 9229.12 8564.16 10039.4 9005.19 10337.3 6106.96 6001.07 6936.2 4676.83 5738.84 6231.79 5540.51 5479.36 5488.84 5726.55 6846.39 9144.61 6422.71 5657.15 7580.75 6455.29 8415.71 10851.7 8046.2 11302.2 6761.95 12150.5 10075.9 10420.9 10074.3 9676.79 9282.58 8257.14 6287.91 6487.16 6632.65 5439.32 6718.24 10485 10889.7 8826.39 9452.43 8825.89 7979.17 8639.01 6760.64 7112.78 16358.3 5632.78 12234.8 6385.05 7466.06 11034 5269.99 17332.2 11918.3 16286.5 8152.82 7078.46 8227.77 11412.1 4521.88 6078.2 5296.2 6668.38 5590.45 5002.01 6194.19 6123.77 6075.12 6285.25 5805.61 5825.24 5741.54 6549.66 6352.99 6043.27 4629.13 5305.41 4787.68 5232.68 5247.68 5757.59 4709.06 6325.14 7205.14 6436.16 6392.92 7132.17 7397.07 6543.54 6258.52 6936.52 7054.31 6517.63 6458.93 6855.25 6860.11 6755.88 7507.45 7112.14 6055.92 6890.61 7038.5 6582.29 6902.97 4101.16 7790.35 5273.83 4284.27 6319.76 10371.7 4081.46 4136.53 9490.87 4311.54 7164.33 6102.09 8227.59 4173.65 4677.87 3925.45 5718.08 4612.19 5162.44 5791.51 4281.98 4485.5 4213.94 4185.84 4474.54 8583.74 7198.06 9917.14 8641.62 9509.87 10016.7 9857.08 10097.4 9746.89 10682 10242.1 8457.11 7395.33 6971.53 7092.55 7593.57 7649.83 7972.91 5821.29 6506.85 6785.64 5576.85 6227.56 8160.49 6327.45 6371.4 6165.03 7430.89 7470.35 6695.16 6132.94 7174.45 6750.43 6401.18 3714 6809.18 5724.57 6731.51 6890.34 6279.89 7713.3 7949.47 7116.23 7374.1 7668.99 4332.16 4939.53 4131.47 4743.46 4463.12 4944.61 6444.67 6237.91 6862.27 7479.55 8657.87 5661.62 6052.95 6462.85 7323.95 6339.52 6627 4981.71 5502.05 5909.59 4682.94 4282.92 5687.9 6401 6555.71 7551.31 6407.13 5777.48 6543.8 5616.28 5769.75 4142.46 4288.39 5306.71 4163.82 
7063.75 6790.12 6404.94 6485.13 6780.13 5979.04 6369.85 6401.91 4788.97 5649.3 5530.27 6950 9187.3 9840.76 5434.05 8232.37 0 3187.4 5325.74 3788.69 4469.93 4185.76 6127.6 4668.5 5988.39 3389.55 3823.93 3303.39 4260.91 3680.21 7325.65 3852.75 4472.19 3680.77 4623.57 4991.03 5477.56 4148.25 3674.19 3454.27 4692.07 3760.47 4349.17 4385.92 4520.8 4910.11 5959.32 7086.64 7733.63 7397.47 7482.3 9233.41 8332.87 7078.91 10304.6 7307.01 9964.26 4653.73 11237.3 9396.15 9924.32 8938.92 10718.8 9852.36 8970.16 7096.32 6760.58 7218 6802.71 7296.05 9480.42 9501.19 8457.01 8134.06 9084.35 7510 8473.33 6399.18 6870.47 17137.1 8045.5 15442.8 9276.52 10029.4 11734.9 7908.31 18409.2 13509.8 19740.6 9159.15 10077.6 11502.1 13379 5573.81 4564.4 4572.3 4764.87 3991.83 4599.76 4424.84 3808.79 4082.03 4617.98 4564.94 4230.68 3835.82 6373.71 6490.25 6517.54 5387.42 5740.62 6184.12 6124.02 6303.57 4452.12 3917.17 5117 6371.69 4749.8 4911.93 5735.97 5971.44 4312.54 5111.21 5263.85 5714.09 5090.05 5019.15 5042.93 5439.85 5089.22 6615.52 5655.55 5631.49 5617.2 5219.5 5100.94 5282.04 5011.21 9611.14 6300.12 4570.98 6777.32 13642.4 4877.37 5113.8 9842.82 6094.75 8323.81 7074.45 10803.8 4562.26 4329.7 5345.58 6557.62 4824.33 5926.41 7343.95 5780.9 5570.08 4972.17 4995.65 5466.52 9743.64 8437.54 10387.9 9008.79 9700.78 9926.3 10163.5 10211.8 9902.24 10953.1 10006.9 8709.1 7227.66 7686.06 7308.37 7387.13 8324.2 8259.15 6816.95 7088.32 7771.72 6047.93 8117.4 8661.14 7014.43 7235.91 7129.59 7507.53 8396.7 7281.98 7001.84 7675.23 7653.44 6438.05 6174.56 7272.19 6157.79 7048.29 7472.93 8181.1 7745.02 8263.43 7117.1 7168.62 8446.32 6650.82 7404.65 5615.72 6221.29 6480.91 6618.43 7020.24 6868.21 7195.43 8286.16 9426.14 6572.47 7971.54 7816.37 9043.51 7721.49 8057.66 6284.52 6433.48 6880.29 6386.24 6520.2 6896.1 7770.66 5124.32 8485.06 5053.09 7781.1 8474.65 7252.14 7536.33 5063.04 4690.34 6877.53 7078.31 
7358.82 7055.28 6672.24 6717.12 7074.84 6235.01 6565.5 6520.96 4794.43 6054.02 5756.08 7251.81 9475.58 10036.5 5874.75 8160.23 3187.4 0 4919.89 2967.29 3427.83 3271.42 6093.11 4347.97 6012.07 4190.66 3451.71 3419.63 3603.36 3034.32 7494.49 3500.6 5459.13 4627.68 5811.94 5809.07 6662.98 4609.36 4062.39 4173.72 4315.98 4195.58 4706.98 5131.04 5054.49 5341.07 6377.03 7583.11 8163.62 7837.41 7761.28 9455.67 8479.88 7583.98 10756.1 7673.12 10257.9 5149.56 11590.3 9511.69 10103.3 9407.01 11009.4 10267.5 9076.89 7412.16 7165.13 7531.19 6961.74 7577.56 9811.72 9773.9 8950.79 8402.8 9372.94 7895.73 8938.54 6581.24 7198.69 17421.2 8050.28 15501.2 9465.75 10310.7 12015.3 7511.29 18682.5 13874.8 19999.9 9233.56 10209.8 11834.4 13787.4 5691.08 4728.43 4641.92 5174.81 4064.84 4927.67 4932.72 4522.72 4357.62 5002.72 4810.02 4728.54 3993.94 6716.73 6733.93 6958.36 5481.59 5619.6 6501.16 5807.34 6345.72 4885.06 4142.52 5620.75 7018.93 5563.96 5613.47 6413.75 6631.01 4811.59 5727.91 5841.13 6334.78 5742.58 5611.99 5794.18 6221.43 5801.66 7322.95 6328.8 6185.81 6331.64 5963.68 5710.19 5855.04 5290.38 9809.78 6547.77 4846.14 7236.07 13997.1 5109.96 5235.36 10193.5 6401.17 8572.24 7300.89 10964.8 4841.23 4760.8 5574.61 6851.3 5158.31 6246.04 7637.85 6090.78 5857.72 5244.94 5258.21 5784.11 10171.5 8847.75 10823.2 9477.76 10229.9 10509.4 10710.6 10830.7 10499.7 11465.2 10518.6 9158.12 7640.41 8076.43 7713.47 7832.8 8782.91 8674.36 7022.12 7098.7 8083.05 5757.04 8235.65 9189.81 7394.31 7568.16 7289.25 7926.29 8852.22 7568.94 7553.86 8098.82 8137.01 6890.09 6410.49 7803.05 6605.43 7369 8016.32 8208.41 8106.62 8731.71 7618.54 7332.21 8877.85 6893.42 7700.61 5866.93 6228.78 6565.62 6892.13 7146.61 7239.77 7671.7 8570.35 9693.16 6816.62 8147.58 8142.09 9364.47 8025.73 8344.71 6408.98 6603.22 6897.57 6490.07 6441.58 7098.93 8136.3 5393.77 8769.25 5578.11 7953.89 8758.84 7528.46 7735.52 5400.59 4792.76 7201.75 7136.47 
8208.73 7882.24 7529.17 7630.56 8062.05 7153.5 7355.77 7378.72 6017.43 6481.45 6825.42 8088.76 10216.7 10881 6253.96 9424.88 5325.74 4919.89 0 6280.98 5687.86 3741.7 4490.18 4251.14 9274.78 4376.24 4510.31 3593.21 4512.63 4247.63 9520.73 3571.64 7405.22 5860.88 7737.13 7668.85 8562.84 5162.36 5180.74 6004 6360.54 5639.68 5276.98 6284.83 6059.62 6328.49 7963.95 8237.58 8923.4 8539.74 8519.74 10242.2 9433.34 8059.14 11306.4 8086.69 10358.7 6015.64 11903.8 10363.7 11188 10140.2 12026.4 11161.9 10151.6 8105.88 7202.55 8344.05 7725.64 8498.69 10585.9 10030.8 8710.5 8916.76 9384.52 8883.13 9782.04 7543.44 8073.74 18312.9 9179.21 16368.6 10155.1 11120.1 12906.9 8678.68 19595.3 14466.8 20765.5 10066.5 11066.5 12271.4 14456.4 6384.57 5389.39 5258.42 5286.27 5724.19 6212.85 5476.72 5510.6 5260.29 5800.12 5993.06 5615.99 4949.11 7119.36 7593.56 7569 6462.6 6799.61 7368.76 7369.73 7277.49 5962.28 5575.28 6061.52 7946.47 6114.8 7306.31 6885.5 7506.89 5840.52 6076.89 6117.45 6545.33 6265.1 5937.83 6912 7030.42 6787.87 7986.1 7188.1 6831.88 6945.6 6978.85 5796.49 5995.06 5949.14 10591 7567.44 5700.3 8222.39 14441.7 6087.6 6344.75 11322.6 7493.16 9658.19 8182.46 11918.2 5719.25 6016.29 6402.96 7736.8 6238.38 7197.83 8362.18 6873.68 6638.71 6176.9 6191.32 6564.69 11103.9 9800.4 11407.8 10331.3 10972.3 11202 10506.6 11364.9 10606.1 12294.9 9667.68 10304.7 9109.94 9169.95 9096.24 9120.29 9935.02 9890.99 8112.36 8186.78 8789.28 7052.47 9291.64 9720.5 7815.43 8188.34 8305.31 8802.68 9865.75 8407.8 8038.32 8909.65 8847.75 7874.46 7204.79 8534.69 7072.99 8153.03 8454.45 9409.94 8521.77 9038.84 8064.87 7975.68 9430.57 7683.64 8455.66 6764.26 7434.35 7599.97 7683.17 8186.06 8068.89 8387.68 9462.04 10586.7 7456.68 9094.97 9106.49 10279.8 8995.79 9318.04 7454.16 7582.07 8136.59 7207.71 7577 8135 9178.53 6190.96 9635.95 6641.78 8955.93 9506.06 8272.66 8606.66 6089 5903.47 8195.02 7993.15 
8167.12 7888.07 7498.31 7588.32 7822.09 7123.42 7417.28 7382.15 5602.79 6804.52 6579.97 8093.63 10316.3 10863.3 6443.45 8857.43 3788.69 2967.29 6280.98 0 3641.25 4394.78 7421.82 5505.45 5814.06 4857.07 4113.22 4622.13 4984.12 3858.3 7475.89 4615.77 5711.25 5461.72 6354.76 6192.53 6789.27 5295.33 4759.46 4451.46 4843.74 4650.18 5435.87 5605.9 5819.84 5997.7 6742.09 8266.04 8701.17 8158.38 8250.48 10406.4 9396.26 7973.12 11266.8 8201.65 11020.4 5611.17 12241.5 10013.9 10474.9 10088.1 11325.4 10827.4 9903.6 8145.91 8132.69 8328.81 7774.52 8399.16 10788.9 10773.9 9677.91 9475.5 10503.6 8693.64 9590.12 7511.54 7821.32 18252.1 8822.78 16344.1 10380.4 11104.6 12859.6 7970.63 19521.8 14543.3 20850.9 10068.6 10960.9 12493.1 14532.8 6408.11 5504.32 5363.71 5642.48 4453.98 5423.31 5385.74 5228.62 5049.21 5626.88 5335.98 5343.08 4841.41 7624.14 7476.64 7570.29 6212.68 6325.99 7275.21 6394.57 7113.37 5396.15 4833.41 6414.19 7476.35 6230.7 5843.45 6975.99 7080.88 5328.72 6484.86 6397.98 6919.32 6464.85 6137.18 6173.64 6630.51 6315.08 7790.61 6646.56 6634.46 6822.9 6319.7 6452.26 6767.15 6178.26 10677.9 7301.98 5620.03 7958.9 14861 6015.01 6066.51 10854.3 7005.1 9413.73 8151.79 11764.8 5652.71 5457.96 6361.55 7684.45 5815.42 6934.98 8499.02 6908.58 6676.95 6038.2 6001.76 6573.09 10935.7 9611.93 11405.1 9918.79 10638.4 10877.9 11462 11230.1 10986.2 11860.6 11400.8 9596.14 8208.69 8631.84 8280.13 8648.09 9232.29 9134.6 7765.5 8008.91 8991.99 6515.54 9078.79 10031 8179.95 8510.08 7882.02 8609.6 9359.83 8350.3 8277.65 8926.3 8780.49 7681.34 7144.94 8376.94 7479.3 8278.55 8867.64 8857.73 9038.68 9603.31 8382.75 8248.8 9561.45 7735.63 8549.44 6692.82 7062.26 7395.55 7742.53 7699.02 7925.68 8206.1 9413.15 10542.3 7782.06 8966.46 8971.68 10174 8867.73 9065.09 7279.41 7441.36 7617.65 7383.02 7313.02 7768.57 8818.12 6083.62 9612.05 6212.09 8805.1 9601.64 8365.63 8624.08 6354.76 5613.67 7687.02 8005.41 
