241 241
0 3589.16 5298.76 4948.6 4192.95 4725.05 3025.75 3512.11 2666.2 4060.39 4011.09 2918.92 5142.09 3718.11 3400.31 3450.93 2869.29 4525.44 5735.59 6616.8 4202.19 6161.16 8208.73 8167.12 7839.24 8010.59 7321.48 7955.2 7692.1 6800.23 6697.01 6882.36 7530.18 8055.87 7041.55 8701.71 8279.01 7500.39 8680.29 4653.04 4505.78 5428.62 4620.36 4235.26 4762.7 4886.8 3988.44 4019.17 4638.95 5288.3 4343.3 7440.23 6061.82 4874.34 4580.98 4503.21 6392.95 7204.68 5871.21 8288.34 6224.77 7245.26 7662.95 5378.18 7902.73 6700.84 5465.07 6541.62 6035.57 3089.75 3963.71 3027.18 3454.29 7394.92 7218.79 6354.64 4675.54 6334.22 7736.31 5528.48 4286.54 3564.4 3662.74 10972.8 4464.32 10933.8 7198.86 6353.9 5043.44 12365.8 13791.1 5664.02 12992 7282 8719.31 8539.24 4947.39 4591.78 4049.37 3918.75 5117.81 4389.46 4595.88 3977.31 4566.15 4612.47 4390.04 4340.88 4428.38 3665.67 4218.2 3099.52 3223.19 3719.3 2327.59 3361.75 4938.35 4663.29 5052.3 4724.33 5606.11 5905.7 5125.43 5382.41 4804.36 4741.09 5353.25 5274.29 6040.77 5042.5 5376.72 5423.28 3556.57 5321.66 4025.54 4478.21 4153.09 2922.68 3175.24 3284.28 8738.78 2932.32 3879.58 3707.21 3953.71 4722.02 3507.81 5582.26 2910.41 3235.88 3095.29 3050.75 2124.03 2460.37 3421.83 3143.13 2661.06 2551.85 2733.25 2961.56 2594.13 5649.89 4470.86 6479.28 6850.86 7451.22 7079.56 6777.09 7889.85 7389.39 4119.04 4398.66 5380.25 4922.95 4658.1 4954.13 4551.51 5697.64 5546.44 5509.78 3740.25 3696.65 3542.8 4122.34 2220.8 2219.89 2182.5 4249.6 3077.97 4651.02 4682.12 2970.19 3812.12 4097.1 3279.67 3172.25 3059.43 4374.23 2811.07 3030.38 4106.43 2560 3035.46 3065.8 3381.48 3140.9 4861.82 4379.67 4566.97 5318.46 3393.42 3558.88 3646.19 3727.56 2790.12 3590.49 3138.63 3703.41 3123.43 2776.02 2622.28 2476.22 3591.31 4443.05 4229.1 4983.47 3953.67 3884.4 5062.59 5674.86 4478.9 4457.99 4278.6 4197.76 2979.55 2880.58 3432.22 3431.78 5349.85 6063.86 5502.79 
3589.16 0 6690.04 6777.06 3683.78 4260.83 3507.36 3104.97 3071.01 3451.04 3849.02 2851.47 4138.69 3218.9 2503.15 3520.12 3309.03 4055 5317.58 6421.62 3949.01 5715.66 7882.24 7888.07 7543.14 7698.96 7032.78 7642.32 7369.27 6539.99 6393.53 6569.1 7105.37 7758.18 6809.03 8325.98 7998.57 7133.47 8443.2 4359.74 4086.32 5041.97 4280.16 3861.39 4501.07 4603.42 3703.53 3591.49 4069.36 4892.08 3446.9 6907.26 5664.18 4663.22 4911.93 4809.7 5969.19 7010.53 5517.2 7884.31 7509.43 7643.64 6520.09 5504.47 8069.77 8228.15 4896.13 7381.17 8000.94 3579.06 3584.55 3631.28 3680.76 5308.78 6987.74 5785.62 4172.57 5333.47 7691.19 3878.94 3660.54 4118.3 4488.21 11994.2 3806.35 10418.8 6878.88 4661.3 4934.31 12631.9 13481.4 5366.32 13273.1 6371.99 9099.04 9199.32 4583.5 4179.76 3658.5 3511.4 4782.68 4022.88 4348.72 3599.29 4287.15 4239.68 3991.38 3926.52 4040.76 3158.31 2687.8 2665.81 2984.1 2991.86 2789.88 3607.05 4723.92 4378.05 4660.46 4365.33 5287.64 5540.49 4850.5 5052.56 4489.43 4424.98 4999.36 4909.64 5618.9 4689.49 5045.58 5025.86 3065.25 5413.35 3770.94 5428.8 4705.17 2503.33 2812.32 3910.27 9838.79 2613.9 3477.72 3342.04 3383.85 4656.6 3632.85 6495.92 2547.5 2840.83 2707.79 2397.53 2371.59 2755.85 3327.36 3731.61 2543.75 2552.64 2381.9 2637.29 2215.2 5569.17 4964.22 5584.38 6514.35 6118 5585.05 5424.85 5752.44 5332.59 4527.9 4832.05 4413.74 3792.96 4085.46 4280.45 3463.23 5290.97 4508.35 4446.85 2321.31 2123.45 3614.68 2596.56 1832.42 1832.89 2308.6 4934.65 3839.13 3455.12 3609.46 4375.88 2975.72 2762.69 3117.11 4360.54 3835.07 3737.83 3400.47 3157.97 3626.16 4066.44 3037.96 4530.04 4483.44 2842.89 3251.98 2890.23 2855.86 4355.3 3186.01 3892.35 3219.79 3491.13 2322.2 4644.56 2512.81 2936.33 3971.28 2692.92 2112.95 1697.87 4163.74 5296.56 3481.08 4079.64 3187.76 3467.6 4533.83 5719.83 5036.43 4471.43 2749.24 3824.58 3118.8 2805.82 2853.91 2975.18 4861.2 5803.08 5151 
5298.76 6690.04 0 5920.32 7873.39 7651.65 6746.42 7293.24 6897.16 7012.28 7359.07 6825.53 8301.93 6473.37 6325.4 6277.22 6661.11 7238.89 9952.81 10818.3 6971.93 9721.17 11009 11390.6 10764.5 11001.6 10283.3 11369.7 10524.7 9757.34 9573.82 10015.7 10843.5 10942.7 10571.9 12273.7 11859.2 10834.3 12205.4 7382.22 7953.92 8733.98 7610.55 7711.37 7584.5 7614.75 7217.27 7188.47 8254.3 9109.77 7801.88 10591.7 9775.19 8354.72 7116.29 6609.76 9556.87 8049.58 9135.61 8899.58 6804.6 8144.49 9562.57 8517.49 8729.1 7670.23 9326.28 7718.84 8056.03 6209.62 7020.65 6139.63 6598.35 10084.8 10587.3 8373.75 7141.69 9436.48 10921.8 8961.45 7238.1 6254.97 5615.69 10437 8238.99 12671.2 10659.2 9427.25 7852.52 13402.2 16017.2 8166.54 15795.4 10897.7 11733.5 8999.27 7717.32 8151.48 7365.33 7493.3 8251.97 7999.54 7711.52 7518.01 7894.93 7791.85 7757.46 7765.52 7768.89 6411.46 6846.16 6198.59 6285.73 6637.85 6100.21 6071.08 7598 7642.49 7634.4 7492.56 8274.01 8835 7768.1 7999.94 7462.84 7270.97 8407.37 8080.83 8984.73 7968.21 8185.56 8139.17 6830.79 7878.56 7200.6 7116.26 7176.91 6449.79 6752.23 6595.42 10447.4 6536.37 7194.63 6982.85 7351.83 7630.01 6448.96 7718.84 6527.28 6865.69 6582.46 6621.85 5778.75 6108.79 7221.5 5869.36 6524.6 6272.37 6259.2 6429.95 6440.87 8889.73 8014.06 10286.3 10636.6 10751.6 10532.5 10178 11260.5 9361.89 6363.5 6748.92 9323.19 8666.3 8627.16 8888.81 8280.13 9745.08 9449.14 7547.04 7108.49 6454.97 6852.1 7186.42 5818.47 5811.66 5443.67 7089.31 5595.37 7076.99 8032.8 5960.45 7085.55 7070.24 6289.18 5977.55 6209.48 7239.42 6168.07 6321.02 7797.6 5405.24 6173.41 5176.79 6234.48 6629.07 8387.34 7309.34 7504.18 9121.23 7112.22 7630.88 7718.41 7676.05 6413.94 6384.27 6357.12 6921.41 5028.2 6837.31 6515.16 6242.91 6291.1 6895.66 8288.26 9023.01 7830.31 7601.25 8717.03 7732.68 8098.52 7028.11 7198.13 7242.17 6401.83 6548.14 6410.22 6716.12 8074.07 9396.43 8726.68 
4948.6 6777.06 5920.32 0 6955.78 6811.49 6058.58 6427 6273.18 6440.13 6770.74 6294.37 7965.73 6153.77 6303.62 5608.78 5319.79 7010.12 9400.09 9948.09 6623.37 8760.34 10886.8 10807.9 10473.3 10873.6 9937.65 10569.2 10367.7 9462.38 9212.49 9539.12 10138 10637 9871.11 11645.9 11145.4 10145.3 11500.9 7269.86 7455.57 8249.69 7075.96 7281.17 7416.91 7397.05 6713.67 6728.37 7787.45 8420.92 7608.18 10254.3 9067.98 8015.24 6239.36 6308.82 9345.46 7953.44 8977.46 7861.3 7720.25 7544.77 7460.35 8260.2 7646.31 7841.89 8836.35 8519.53 8222.71 6008.26 7113.93 4729.26 5394.6 10777.4 10300.4 8933.9 7557.78 9601.95 10692 8887.17 7408.8 4938.79 4935.57 9481.17 7431.77 12597.1 10142.5 9668.85 7457.26 11395.3 16409.4 8334.59 12735.1 10385.2 11166.8 9686.75 7188.85 7514.82 6771.05 6900.35 7908.29 7286.11 7242.69 6884.62 7386.75 7283.98 7183.17 7211.85 7025.42 6407.95 6987.4 5819.39 5670.83 6305.94 5571.14 5877.94 7160.07 7362.81 7492.33 6786.77 8099.77 8528.25 7624.57 7783.99 7351.13 7172.18 7939 7868.82 8683.63 7702.64 7968.28 7990.98 6186.57 7659.97 6794.79 5373.56 5951.13 5828.92 6148.56 5384.56 8872.49 5698.31 6412 6290.36 6496.28 6356.33 5227.43 6591.64 5912.29 6161.84 5978.56 6052.28 5505.66 5548.4 6418.03 5252.67 5921.87 5704.02 5504.7 5778.36 5698.77 7093.06 6893.57 9771.72 10061.5 10537.7 10408.9 10040.7 11309.5 10355.6 5975.51 6312.25 8906.78 8473.79 8224.8 8551.58 8062.78 9238.86 9070.89 8012.11 6740.97 6565.1 6230.35 6771.27 5212.76 5228.56 4689.88 7396.39 5689.13 7020.35 8055.87 6028.83 7188.6 7316.64 6601.67 6105.75 6075.66 7472.69 6140.17 6420.53 6928.49 5594.21 6137.04 5348.73 6373.98 6606.12 7737.29 7693.9 7862.62 8651.46 6461.26 6993.43 7229.7 7382.14 6099.99 5761.45 6457.61 6952.11 4799.54 6241.27 5992.43 5948.45 5530.95 5297.83 7963.18 8825.37 7617.15 6852.14 8024.11 7322.27 7683.6 6716.9 7676.49 6914.97 6180.53 6042.09 5849.94 5795.13 7486.95 8672.52 7962.53 
4192.95 3683.78 7873.39 6955.78 0 2980.73 3668.34 2473.1 3227.24 2927.3 3247.36 3605.94 4354.13 2904.24 4436.68 3115.15 3649.88 3223.07 5505.52 5563.32 3443.2 4624.86 7578.28 6985.38 7232.88 7596.52 6737.66 6542.98 6725.18 6340.84 6279.72 6191.44 5580.53 7480.25 5699.16 7299.98 7207.63 5939.88 7259.19 4272.42 3729.43 4176.83 4042.72 3248.84 4272.21 4323.01 3393.49 3260.07 4335.96 3561.07 4114.38 6029.02 3954.67 4239.75 5781.99 4926.22 5207.01 7962.75 4952.87 9096.88 7077.46 8008.48 7309.4 4441.56 8345.36 7363.52 4203.16 7497.36 7716.37 3856.15 4156.35 4440.84 4497.54 7276.21 6470.33 7959.68 5947.91 6491.68 7056.49 5415.59 5050.32 4119.82 4154.83 14283.7 4063.28 11764.5 5461.71 5886.08 5271.65 15287 15416.9 6587.21 13861 6188.54 7207.57 9488.63 3411.58 4045.95 3397.5 3198.48 4450.03 3726.61 4328.84 3333.01 4055.84 3781.2 3689.72 3663.87 3706.2 3912.94 4330.28 2980.73 3332.21 3593.79 2939.88 3834.13 3934.97 3890.88 4333.13 3299.55 4738.84 4747.53 4244.86 4507.48 4312.64 4033.94 4061.13 4052.06 5156.64 3727.3 4480.5 4620.44 2644.29 5924.54 3702.09 5876.48 5058.97 2723.43 2998.78 4088.53 9340.05 2561.96 2782.62 2607.94 2447.85 5236.11 3822.6 6691.97 2689.06 3043.21 2407.07 2989.55 3684.29 2904.5 3387.56 3946.88 2315.29 2739.5 2337.15 2741.32 2168.73 6497.22 5272.39 5751.64 6567.55 7282.32 7109.48 6752.61 7766.2 7867.14 5401.87 5908.88 5308.32 4555.52 4663.02 4614.55 4951.77 5116.65 5200.56 5142.74 4043.1 4629.99 3973.74 4333.26 2441.56 2439.74 2920.92 5892.57 4559.51 3823.7 4798.97 5003.17 4184.05 3875.73 3842.6 4774.77 3935.02 4389.4 3863.89 3688.73 2717.03 4464.77 3436.03 4665.54 4869.58 3369.25 4893.33 4986.92 5232.89 5227.2 3081.32 3778.34 4355.38 4971.11 4007.49 4205.37 3814.05 4089.99 4480.31 3295.57 2959.13 3351.14 5356.78 6555.6 4530.53 5684.56 4480.28 3819.68 4027.77 6684.9 4704.16 3827.36 5516.35 3085.82 3961.24 3845.25 2682.12 2733.35 3769.56 3865.8 4052.22 
4725.05 4260.83 7651.65 6811.49 2980.73 0 4251.07 3244.67 4089.91 2482.57 2985.44 4311.62 4498.68 2873.55 5041.56 2792.09 4393.14 2922.06 6473.57 6490.64 3012.59 4541.47 7176.67 6270.26 6533.42 7411.92 6039.95 5947.27 6568.98 5734.25 5259.76 5738.93 5102.7 6839.41 6304.24 7914.22 7897.76 6355.45 7982.64 3902.87 3920.16 4537.06 2936.2 3668.59 3972.5 3778.68 3492.83 3285.68 4905.32 4312.91 4472.16 6003.7 4778.87 4396.91 6230.89 5043.73 5378.32 8063.7 5152.85 9285.62 7344.08 8222.42 7040.87 4916.23 8216.27 7719.24 5187.66 7618.99 8084.47 4152.65 4096.88 4749.39 5040.9 7673.91 6552.46 7983.56 6216.64 6667.04 6970.27 6297.83 5787.35 4395.29 4726.67 14768.6 4580.02 11945.2 5886.67 6597.79 5697.91 15985.7 16743.8 6441.7 14246.2 6746.08 7748.98 10385.9 2680.32 4256.08 3253.04 3495.85 4363.87 4016.55 3481.2 3561.34 4002.67 3874.48 3695.92 3874.31 3972.47 3758.54 4171.48 2680.45 2962.11 3061.73 3414.66 3048.47 2963 3722.7 3851.98 2911.16 4329.12 4668.07 3796.88 4014.47 3830.84 3557.68 4067.53 3867.71 5116.96 3485.37 4243.42 4232.06 2486.89 6389.86 3464.31 6742.29 5720.31 2758.84 3072.09 4283.72 10416.5 2647.45 2303.48 2726.4 2827.2 5798.38 4275.98 7478.38 2767.02 3184.34 2651.56 3704.89 4252.59 3288.12 4100.61 4166.64 2850.98 2960.71 2525.13 2437.81 2765.54 7173.44 6039.63 6422.45 7149.1 7574.34 7737.91 7298.79 8355.92 7890.79 4886.55 5968.67 5747.8 5413.83 5171.35 5320.43 5608.41 5925.59 6022.74 4943.37 4204.02 4627.83 3722.9 5037.83 2800.59 2828.25 3320.73 6233.92 4597.12 3824.78 5414.83 5234.74 4801.15 4377.09 4052.98 5180.16 4305.46 4964.25 4171.01 4128.65 3238.82 4891.38 3500.45 4715.34 5066.46 4265.16 4819.5 5241.64 5309.89 5591.75 3783.97 4565.53 4938.22 5680.4 4543.2 4572.21 4238.76 4528.04 4576.9 3700.63 3519.46 3898.12 5908.81 7034.94 5320.8 6424.19 5097.73 3928.07 4603.15 7018.42 4804.57 3315.52 6091.64 3414.2 4580.47 4617.73 2580.32 2702.39 2993.3 3815.59 4010.38 
3025.75 3507.36 6746.42 6058.58 3668.34 4251.07 0 3091.43 1890.15 3638.73 3186 2255.79 3777.95 3408.2 2567.71 3181.11 1798.8 4244.94 4441.38 5358.65 4081.46 5797.33 8062.05 7822.09 7628.81 7749.01 7124.82 7567.58 7356.41 6630.25 6492.89 6679.84 7174.82 7827.71 6452.82 8271.19 7705.52 6961.32 8042.29 4432.98 4096.15 4933.85 4415.32 3844.15 4574.32 4637.43 3772.64 3671.41 3351.5 4196.23 3601.71 5891.76 5059.24 3490.19 4265.07 3889.25 4966.12 6547.49 4271.17 8338.48 6487.98 6861.86 6777.93 5034.12 6876.79 6364.86 4181.65 6903.59 6403.88 2982.03 3346.89 2882.73 2979.45 6474.8 5401.7 6895.05 4864.82 5122.41 6354.92 4502.37 4452.4 3189.42 3606.41 12681.2 3534.05 10808.7 5697.98 5418.24 4765.01 12818.8 13753.1 5548.47 12493.5 5722.2 7060.27 8606.91 4755.34 4214.48 3930.41 3597.15 4835.15 4034.47 4494.33 3612.99 4336.39 4156.38 3985.87 3977.54 3889.02 3742 3921.17 3121.03 2978.02 3508.95 2447.19 4017.74 4743.38 4361.83 4629.29 4414.4 5213.27 5442.77 4896.21 5060.44 4558.01 4422.65 4865.39 4830.45 5575.41 4747.75 4954.82 5065.61 3331.87 4594.46 3388.18 4750.72 3721.64 2702.28 2968.06 2589.24 7890.99 2557.48 3528.06 3351.89 3321.05 4138.12 3013.13 5771.82 2796.14 3006.02 2792.22 2477.08 2161.76 2059.19 2750.77 3118.59 2262.95 2278.43 2484.88 2704.63 2372.66 4620.96 3976.51 5136.68 5421.06 6175.33 6127.2 5819.9 7217.24 7552.12 3848.87 3798.15 4093.09 3822.03 3199.77 3510.65 3811.43 3925.66 3994.12 5231.46 3148.73 3654.47 3180.61 4361.11 2060.23 2082.39 1534.44 4271.53 3107.05 4442.32 4298.25 3269.88 3718.72 3934.31 3366.61 3259.83 2908.11 4615.09 2872.37 3395.1 3788.56 3226.2 3060.62 3589.28 3677.48 3052.85 4270.62 4063.22 4223.54 4086.05 3065.5 2729.13 2258.57 2626.6 2803.96 4057.18 3204.63 3363.38 3265.72 1702.66 1907.77 2274.24 3429.97 4472.23 3171.62 3730.3 2733.72 2623.25 4272.96 4967.13 3149.59 4099.96 4008.26 3718.28 3045.85 3216.54 3141.28 3206.79 5166.79 5105.9 5310.93 
3512.11 3104.97 7293.24 6427 2473.1 3244.67 3091.43 0 2335.55 2707.09 2281.77 2849.31 3933.48 2887.59 4220.33 3236.8 2946.5 2715.51 4155.78 4184.97 3441.77 3724.99 7355.77 7417.28 7097.16 7268.44 6533.93 7196.44 6933.68 6036.7 5895.56 6056.77 6407.25 7311.12 6551.69 8017.83 7811.82 6802.51 8179.21 3923.23 3734.01 4655.9 3692.8 3439.62 4029.63 4185.76 3269.92 3335.31 4462.57 3524.46 4119.03 6402.19 3592.92 4281.27 4974.49 4368.14 5790.14 8038.86 5203.55 9522.52 7698.38 8473.64 7801.81 4376.91 8510.01 8108.39 4658.03 7963.86 8179.22 3804.55 3776.8 4005.05 4035.61 7696.89 6581.44 8166.58 5926.96 6600.33 6233.63 5911.21 5504.82 4073.3 4469.4 13694.7 3738.23 11163.9 4973.23 5218.42 5333.98 14614.4 14267 6170.05 13216.1 5519.93 6961.19 9263.38 3453.1 3872.66 2933.47 3219.73 4344.18 3714.9 3914.7 3258.03 3912.64 3853.96 3666.71 3625.61 3736.23 3827.12 3924.17 2579 2893.93 3230.36 2504.46 3418.28 3958.45 3993.84 4199.9 3540.94 4880.97 5048 4367.36 4583.04 4046.96 3996.7 4596.4 4432.74 5254.43 4042.59 4582.58 4572.78 2271.24 5271.9 3292.15 5245.06 4660.38 2192.87 2495.82 3706.18 8408.97 1986.38 2662.34 2378.79 2056.26 4762.41 3675.64 5752.78 2134.53 2555.08 1709.82 2380.87 3037.92 2536.55 2899.52 3294.18 1614.21 2042.11 1843.01 2060.42 1651.74 5877.36 4585.82 5997.02 6848.13 7024.31 7375.49 7033.21 7991.94 7411.93 4897.89 5365.81 5149.14 4766.96 4301 4469.52 4987.75 5059.65 5244.84 5411.59 3569.63 4138.36 3533.52 3969.23 1749.79 1782.53 2248.22 5456.17 3764.82 4186.56 4459.9 4702.8 4037.15 3660.79 3567.31 4367.5 3623.79 4079.42 3543.52 3757.74 1935.37 4075.48 2927.98 4131.42 4108.71 3298.79 4553.17 4645.68 4710.35 5037.32 1629.55 2459.57 3483.17 4027.93 3321.97 4321.25 3606.34 4190.6 4162.57 2371.56 2445.6 2761.73 4796.41 5970.23 3902.67 4972.94 3721.33 3596.62 3315.02 6377.31 4001.13 4229.87 4879.55 3599.08 2941.94 3381.07 2110.7 2367.32 3593.46 3880.22 3249.7 
2666.2 3071.01 6897.16 6273.18 3227.24 4089.91 1890.15 2335.55 0 3537.43 2810.04 2190.35 3713.8 3342.51 3102.98 3075.42 2039.19 3821.03 3735.12 4716.61 3947.06 5067.22 7803.76 7878.64 7519.32 7631.88 6951.51 7601.88 7361.02 6504.27 6345.7 6504.44 7113.12 7719.55 6590.21 8242.71 7796.73 7056.74 8246.67 4360.94 4059.4 4944.38 4265.92 3816.91 4437.92 4656.93 3725.31 3618.44 3533.8 3847.31 3789.49 6193.92 4420.29 3938.52 4134.8 3921.97 5510.29 7114.53 4866.13 8785.3 6884.65 7399.46 7188.76 4353.69 7604.87 7021.95 4302.4 7346.54 6947.47 2783.29 3364.17 3246.77 3333.49 6691.99 5858.47 7018.08 5015.74 5490.79 5932.54 4808.51 4559.44 3428.38 3892.67 12856 3206.11 10735.7 5251.94 5083.81 4621.66 13314.4 13395.5 5335.57 12707.6 5458.84 6814.97 8504.2 4440.11 4106.93 3746.98 3421.07 4757.97 3933.09 4364.01 3546.28 4239.26 4180.97 3900.31 3867.78 3946.69 3810.88 3831.66 2893.87 2802.65 3272.38 2213.35 3591.03 4632.16 4393.86 4645.41 4343.97 5268.01 5441.48 4890.05 5020.97 4496.93 4470.77 4900.98 4820.81 5637.61 4638.68 5030.65 4911.74 2852.92 4592.67 3096.54 4673.35 3882.52 2515.85 2788.68 2974.01 7971.73 2293.74 3300.55 2985.31 2716.56 4099.27 3203.12 5802.33 2460.12 2838.94 2382.12 2083.69 1969.51 1816.74 2421.82 2838.8 1849.88 1961.31 2299.3 2536.39 2175.89 4725.25 3772.23 5553.59 5927.81 6428.67 6381.99 6053.25 7423.89 7330.23 4109.95 4154.2 4479.25 4057.37 3630.1 3955.54 3995.15 4477.69 4512.88 5244.04 3128.23 3494.71 3042.84 4046.54 1834.38 1822.41 1739.77 4259.78 2943.11 4318.29 3970.14 3602.7 3449.39 3397.17 3170.93 3374.8 2820.83 4015.34 2832.43 3073.27 3030.95 3179.39 2806.8 3325.25 3483.5 2838.53 4119.12 4039.62 4193 4315.71 2176.89 1995.56 2405.8 2693.62 2579.38 4184.79 3061.47 3612.54 3635.06 1777.47 1984.43 2145.05 3754.45 4889.22 2966.84 3758.69 2736.35 2891.63 3764.82 5123.23 2955.55 4194.4 4061.68 3779.22 2167.16 2742.84 2802.52 3057.92 4907.4 4675.66 4282.99 
4060.39 3451.04 7012.28 6440.13 2927.3 2482.57 3638.73 2707.09 3537.43 0 2633.85 3650.37 4575.23 2270.04 4239.62 2649.59 3719.26 2694.96 5886.26 6185.74 2697.51 4418.58 6102.92 5805.53 5634.34 6081.62 5007.3 5636.93 5538.73 4800.29 4322.84 4831.16 4691.54 5931.7 5332.03 6817.89 6810.7 5368.42 6914.1 2541.65 2656.97 3456.28 2164.79 2410.7 2575.84 2623.53 1893.54 1734.29 4422.55 3978.82 3848.56 6138.46 4430.13 3915.73 5692.96 4892.5 5185.38 7761.84 4815.54 9085.81 7266.6 7982.29 7001.25 4617.14 8074.76 7631.99 4821.31 7630.08 8041.23 3928.03 3801.64 3930.14 4251 7438.18 6749.95 7722 5506.18 6375.75 6757.98 5715.53 5335.76 3919.99 4198.01 13935 4320.43 12206.3 6162.53 6429.55 5755.97 15284.9 16251.2 6631.74 13418.9 6526.98 8118.14 10305.8 2108.37 2835.65 1782.98 2550.44 3027.9 2655.38 2454.96 2196.23 2554.8 2564.34 2357.92 2410.49 2496.81 3515.21 3689.42 2304.57 2822.56 2597.88 2667.71 3102.66 2369.02 2472.7 2529.61 2092.43 3137.63 3498.37 2789.18 2729.14 2543.6 2318.75 2943.17 2811.18 3575.8 2534.95 2918.72 3112.16 1690.75 5970.18 3421.6 6183.16 5176.98 1397.75 1592.18 3692.55 10011.9 1811.65 2021.46 2209.45 2387.52 5075.78 3619.82 7249.94 1476.75 1671.9 1927.42 3060.76 3422.33 2788.88 3624.84 3659.79 2162.22 2358.84 1881.84 1908.18 1961.53 6720.94 5300.47 5804.76 6720.83 6823.6 7028.67 6714.94 7717.95 7095.45 4590.91 5343.11 5468.24 5002.41 4625.88 4966.2 5205.04 5543.99 5497.86 4628.77 3562.08 4099.71 3543.12 4462.71 1951.64 2015.66 2478.53 5901.49 4077.76 3609.7 5017.94 4677.87 4549.72 3890.73 3710.69 4885.69 4051.55 4632.65 3763.13 3870.15 2372.7 4243.16 2983.63 4439.63 4689.16 3487.04 4683.45 4392.09 4687.63 4890.69 3192.93 4025.34 4266.53 5086.67 3742.22 4385.76 3462.81 3762.45 3744.4 2963.49 2676.15 3062.09 5139.32 6275.94 4830.3 5940.99 4685.1 3442.35 4516.23 6592.36 4596.02 3399.03 5335.78 3122.62 3968.1 4001.69 1554.7 1356.91 2494.44 3828.14 3637.35 
4011.09 3849.02 7359.07 6770.74 3247.36 2985.44 3186 2281.77 2810.04 2633.85 0 3015.09 3469.05 2920.21 4614.23 3234.08 3337.53 3010.08 4405.75 4552 3460.4 4214.38 7378.72 7382.15 7158 7370.93 6398.64 7113.06 6979.97 6072.99 5764.98 6069.89 6372.4 7313.54 6822.28 8325.72 8204.86 6937.99 8462.51 3882.96 4065.95 4862.32 3614.36 3826.55 3962.04 4143.5 3436.48 3395.8 4246.64 3632.79 4312.85 5995.77 3944.18 3805.66 5328.35 4270.66 5398.2 8132.58 4784.43 9653.97 7556.23 8573.21 7814.28 4922.8 8299.29 7577.92 4524.97 7630.4 7772.56 3883.04 3798.05 4333.94 4636.59 7751.69 6029.8 8177.33 6277.93 6461.19 5595.49 6168.33 5977.45 4477.18 4886.33 14275.5 3638.45 11117 4714.28 5248.75 5364.15 14994.2 14519.4 5943.22 13766 5562.54 6863.06 9495.16 3278.55 4228.14 3003.37 3514.06 4517.87 3972.5 3902.34 3579.53 4042.18 4097.41 3870.48 3884.68 3961.25 3851.18 4066.16 2633.29 2926.08 3227.26 2864.93 3454.96 3675.34 3999.73 4198.99 3555.83 4760.66 5301.07 4326.93 4414.86 4004.27 3867.53 4745.1 4501.73 5325.76 3896.95 4616.48 4591.95 2224.45 5013.89 3195.73 5922.31 4665.41 2494.16 2758.03 3904.7 8824.17 2183.2 2444.36 2583.44 2321.51 5070.48 3957.63 6567.92 2455.1 2873.4 1941.97 2705.24 3564.33 2704.25 2785.45 3660.27 2056.57 2041.66 2212.21 2141.15 2285.66 5977.03 5183.03 5939.6 6645.47 6944.63 7521.74 7109.03 8278.16 7759.14 4697.56 5171.49 4989.63 4783.06 4149.72 4343.17 5173.99 4832.78 5100.85 5507.81 3569.66 4462.02 3531.61 4570.91 2300.99 2358.66 2825.12 5032.71 3612.47 4210.91 4695.75 4485.91 4486.8 4041.03 3540.97 4350.3 3537.31 4773.75 3448.67 4088.55 2455.95 4244.44 3194.1 3973.42 4161.54 3887.47 4658.63 4926.79 4803.99 4790.19 2427.23 2798.25 3411.72 4122.35 3799.16 4855.84 3932.75 4542.94 4405.72 2286.51 2753.39 3340.77 5175.92 6497.24 4026.38 4849.54 3752.92 3120.5 3719.31 6074.38 3726.2 4260.19 5217.95 3870.56 3476.71 3881.69 2102.82 2589.6 3524.57 3719.87 3582.62 
2918.92 2851.47 6825.53 6294.37 3605.94 4311.62 2255.79 2849.31 2190.35 3650.37 3015.09 0 3355.79 3398.38 2887.56 3374.39 2227.34 3935.98 4332.65 5113.9 4026.28 5442.47 8059.36 8053.74 7705.66 7814.99 7140.88 7782.82 7495.39 6625.24 6513.64 6629.82 7199.97 7872.14 6896.74 8520.34 8139.08 7300.87 8535.34 4432.76 4268.93 5128.08 4364.81 4010.82 4581.19 4657.32 3801.82 3771.18 3352.73 4485.77 3435.56 6442.02 5338.2 3592.14 4463.19 4120.59 5223.06 7019.52 4723.74 8662.94 6833.51 7361.73 7288.9 5168.56 7729.73 6937.39 4317.73 6820.35 6821.2 2975.63 3083.87 3312.44 3518.97 6184.72 5818.25 6470.61 4797.91 5115.27 6610.05 4730.58 4364.11 3963.69 4320.33 12616.3 3157.13 10574.6 5548.64 4708.23 4709.69 12736.8 13394 4752.79 13097.3 5521.4 7446.74 8639.1 4612.75 4402.15 3707.51 3699.4 4900.54 4179.15 4498.49 3807.2 4396.36 4405.32 4184.04 4120.92 4234.55 3450.88 3396.95 2707.97 2636.03 3301.97 2318.29 3253.58 4674.53 4500.13 4682.58 4313.04 5388.37 5669.98 4889.14 5035.64 4615.32 4473.36 5142.46 4981.95 5758.81 4810.13 5057.4 5086.5 3157.66 4715.25 2924.82 4689.56 3834.72 2684.46 2923.92 3288.43 8154.52 2546.78 3344.68 3234.36 3283.41 4412.25 3361.49 5807.07 2780.21 2973.55 2646.55 1862.78 1905.08 2071.32 2054.82 3259.59 2339.21 2096.17 2390.33 2614.13 2088.31 4759.63 4533.43 5156.22 5553.54 6040.03 5989.32 5775.04 7052.37 6764.95 3852.63 3945.46 3934.6 3588.3 3257.18 3547.25 3514.48 4182.53 4038.5 4926.38 2755.04 3252.33 2955.06 3487.52 1959.79 1949.5 2138.02 4122.14 2927.18 4017.01 4081.32 3190.14 3501.49 3571.15 2893.7 3243.9 2988.87 4172.63 2577.88 3290.95 3631.32 3221.53 2750.97 3634.82 3605.52 2705.13 3865.18 3742.81 3763.13 3879.58 2803.44 2828.33 1990.26 2682.88 2346.04 4137.58 2838.08 3271.01 3354.08 1771.03 1938.86 2044.84 3533.47 4623.63 2749.72 3416.79 2386.28 2672.93 3766.83 5098.6 3445.07 4256.96 3446.2 3892.55 2782.43 2868.9 2809.25 3130.25 4892.14 5168.65 5104.25 
5142.09 4138.69 8301.93 7965.73 4354.13 4498.68 3777.95 3933.48 3713.8 4575.23 3469.05 3355.79 0 3973.47 4619.29 4266.74 4169.58 4413.42 4928.17 5643.1 4567.73 6139.87 8797.72 8986.02 8641.57 8709.99 7912.43 8919.51 8184.83 7604.6 7409.32 7483.92 8109.24 8689.74 8420.61 9910.68 9680.15 8550.1 10063.5 5338.13 5622.76 6341.6 5439.48 5326.49 5387.84 5472.44 4947.57 4966.7 4450.81 5021.76 4414.46 6255.95 5655.35 4376.66 5882.01 4425.73 5446.62 7562.39 4932.98 9504.25 7735.19 8274.27 8033.11 6104.42 8460.81 7771.24 4888.16 7821.62 7614.36 4001.51 3876.73 5459.92 5627.43 7017.11 5502.52 7259.22 6022.47 5798.13 6230.32 5822.92 6099.55 5665.37 6258.58 14907.7 3520.16 10467.2 5123.79 4685.12 5917.12 14675.3 13928.5 5439.4 15237.3 5101.89 7071.9 9057.51 4794.2 5892.8 4893.21 5259.74 5949.56 5674.44 5806.91 5271.9 5550.15 5719.11 5539.33 5523.41 5660.4 4944.47 4028.22 3779.7 3969.48 4144.07 4259.71 4429.27 4991.84 5347.08 5280.42 4767.06 5788.39 6497.42 5328.55 5599.39 5174.56 4985.02 6061.04 5745.84 6737.9 5339.46 5916.53 5698.43 4066.52 5279.68 3455.82 6481.26 5150.01 4310.13 4547.36 5159.03 8947.23 3970.7 4195.09 4203.1 4126.39 6337.09 5213.18 7296.66 4214.7 4594.54 3841.82 3523.73 4257.79 3866.43 3583.28 5230.79 3582.01 3472.83 3752.5 3870.22 3824.02 5987.15 6355.74 6125.06 6797.97 6866.11 7161.96 6871.48 7943.13 7795.07 5319.44 5379.12 4758.91 4673.45 4176.13 4171.51 4892.35 4684.85 4717.71 5498.14 3804.57 4479.38 4049.18 5026.45 3776.61 3736.87 4269.34 5327.32 4660.69 4580.69 4984.25 4958.87 5081.78 4576.56 4532.42 5056.71 4562.86 5711.75 4659.3 4878.25 4217.62 5120.78 4201.18 5069.27 5086.88 4637.73 4608.96 4732.51 4222.34 4721.78 4034.13 4177.02 3356.57 3785.07 4205.89 5824.6 4562.13 4854.92 5273.28 3339.36 3385.8 3792.27 5817.25 6993.95 3535.84 4271.02 3653.52 3487.12 4547.69 5543.79 4314.03 5256.96 5200.6 5032.38 4493.34 4508.52 3840.22 4304.75 5122.77 5002.75 5433.17 
3718.11 3218.9 6473.37 6153.77 2904.24 2873.55 3408.2 2887.59 3342.51 2270.04 2920.21 3398.38 3973.47 0 3932.39 2286.89 3435.86 2666.81 5781.58 6496.09 1954.95 5562.22 6481.45 6804.52 6285.47 6268.99 5707.5 6910.72 5847.05 5369.52 5144.4 5583.58 5875.49 6492.12 5957.98 7583.29 7530.14 6035.99 7617.81 2814 3476.22 4094.04 3425.53 3173.27 2729.81 2827.17 2552.46 2206.48 4078.65 4473.74 2975.31 5557.98 4706.97 3563.99 5567.8 4687.19 4427.79 6732.36 4039.89 7875.73 6566.82 6907.8 6477.24 3850.7 7020.03 7277.07 4270.19 7500.18 7085.2 3226.83 2582.63 3724.08 3930.15 6842.98 5600.37 6723.42 4622.01 5461.85 5993.48 5074.37 4740.42 3692.74 3727.39 13604.9 4420.92 12199.1 6209.27 6150.42 5992.32 14946.9 16104.7 6171.94 13115.3 6550.8 7304.56 9778.09 2993.77 3647.73 3040.37 3127.12 3433.71 3463.98 3395.82 2974.47 3023.56 3231.69 3152.85 3224.39 3249.72 2887.21 2774.76 2061.24 2564.34 2494.82 2565.15 2909.71 3163.55 2614.97 2506.8 2546.8 2726.84 3465.64 2772.98 2766.3 2484.7 2401.31 3152.01 2780.49 3671.28 2628.17 2784.8 2977.1 2264.77 5862.48 3144.84 5789.02 4992.57 2118.28 2474.78 3273.43 10009.6 2183.17 2770.86 2625.29 2792.3 4958.68 3424.74 7188.1 2255.54 2493.24 2234.34 2966.52 3100.2 2432.48 3502.76 3665.06 1961.21 2139.56 1882.06 2187.81 1908.82 6391.83 5026 5344.57 6071.71 5994.68 6413.88 6072.88 6978.1 6118.14 4373.89 4744.89 5227.82 4734.62 4296.27 4815.56 4925.03 5288.09 5191.45 3413.74 3429.43 3758.99 3296.71 4451.22 1652.06 1687.25 2148.72 5506.24 3674.68 3221.69 4577.52 4166.98 4126.5 3787.7 2987.1 4358.08 3598.13 4255.51 3454.81 3355.86 3109.22 3714.42 2624.09 3792.72 4162.87 3371.44 4734.03 3534.43 3787.65 4302.23 3102.12 3828.7 3922.82 4777.23 3419.16 4382.78 3115.88 3269.07 3081.24 2734.25 2369.05 2718.73 4809.38 5931.9 4563.69 5744.25 4402.3 3387.19 4792.36 6573.01 4618.81 2403.37 4998.08 2208.79 3769.84 3939.08 1908.32 2357.99 3700.18 4142.02 4220.22 
3400.31 2503.15 6325.4 6303.62 4436.68 5041.56 2567.71 4220.33 3102.98 4239.62 4614.23 2887.56 4619.29 3932.39 0 3770.75 2888.24 5085.95 5679.93 6992.03 4638.08 6857.65 8721.69 8447.67 8269.68 8388.86 7765.89 8142.25 8062.36 7260.05 7159.96 7344.83 7724.69 8469.44 6993.72 8826.13 8301.56 7516.87 8619.42 5047.23 4736.93 5523.19 4949.57 4395.44 5115.1 5267.65 4277.23 4197.63 4082.78 5558.09 3797.91 7097.24 6410.47 4657.97 4322.35 4453.82 5965.96 6735.26 5564.33 7476 7118.47 6960.91 6293.08 5845.14 7605.45 7520.52 5143.59 6988.55 7188.68 3162.15 3971.71 2869.98 3190.46 5691.86 6961.4 5288.88 3826.9 5285.96 8104.78 3862.03 3560.98 3816.87 4044.94 11251.7 4251.83 10213.3 7371.88 4973.81 4176.87 11587.5 13271 5067.86 13048.2 6981.12 8762.41 8099.86 5356.05 4872.71 4484.55 4250.86 5393.56 4584.52 5066.36 4244.95 4877.66 4744.66 4635.24 4585.78 4518.49 3284.27 3449.58 3386.97 3467.06 3782.42 2846.93 3932.71 5336.43 4930.9 5171.09 4974.57 5768.06 5982.49 5425.36 5527.67 5137.06 4921.38 5383.26 5338.69 6086.37 5295.26 5507.73 5624.08 3999.33 4795.95 4301.24 4807.33 3914.59 3256.99 3469.59 3364.14 9025.04 3263.54 4390.56 4154.2 4263.96 4363.59 3211.36 5688.39 3342.79 3522.01 3500.39 2961.84 1951.82 2873.27 3668.63 3208.89 3264.95 3100.12 3151.4 3454.58 3066.18 5218.1 4714.45 5747.1 6442.72 6468.61 5468.94 5301.27 6181.57 6037.95 3554.15 3704.4 4542.12 3791.86 3955.33 4326.96 3313.54 5137.68 4590.3 4817.43 3031.07 2415.07 3760.45 2851.53 2544.16 2529.89 2103.44 4125.17 3288.95 3914.18 3672.51 3540.03 2760.53 2983.72 3020.28 3749.17 3492.36 3509.71 3020.97 3037.28 4561.72 3246.54 3193.54 3950.46 4088.52 2584.11 3768.3 3115.1 3460.09 4429.66 4018.28 4245.24 3236.96 3011.92 2293.8 4398.38 2260.5 2384.51 3188.34 3020.02 2360.21 2097.98 3074.54 4178.98 3516.49 4026.35 3154.16 3508.39 5054.06 5052.29 4728.14 4715.34 2691 4280.47 3062.59 2732.6 3838.41 3810.1 5784.52 6556.92 6180.55 
3450.93 3520.12 6277.22 5608.78 3115.15 2792.09 3181.11 3236.8 3075.42 2649.59 3234.08 3374.39 4266.74 2286.89 3770.75 0 3302.86 3042.12 6186.76 6749.3 2483.66 5444.05 6825.42 6579.97 6336.07 6989.27 5968.75 6492.78 6081.19 5513.9 5207.99 5569.84 5837.51 6571.95 5985.44 7649.68 7444.77 6242.84 7723.83 3406.77 3555.85 4360.32 3298.44 3386.34 3594.65 3381.51 3152.73 2930.55 4059.06 4608.12 3689.68 6114.93 5128.26 4005.01 5258.84 4296.65 5192.93 6873.4 5015.14 7891.71 6536.84 6974.95 6276.68 4014.28 6976.16 6922.34 4663.99 7287.96 6848.28 3137.32 3276.57 3420.57 3719.41 6713.18 6089.73 6582.61 4829.17 5425.82 6748.11 4967.71 4365.56 3027.83 3418.98 13396.1 4301.53 11642.2 6234.81 6318.69 5310.74 14720.8 15906.1 5733.33 12886.8 6449.03 7400.37 9586.74 3095.82 3959.4 3274.09 3381.62 4251.61 3762.31 3477.45 3214.26 3914.49 3563.26 3560.39 3547.69 3450.69 3139.31 3328.85 2229.97 2181.66 2629.15 2319.09 2601.13 3150.41 3262.64 3554.52 2831.39 3979.86 4388.15 3287.97 3855.96 3276.48 3166.7 3780.88 3586 4684.43 3387.78 3993.78 3620.12 2343.31 5570.02 3043.18 5688.68 4706.52 2524.58 2753.22 3169.8 9774.76 2333.12 2748 2675.43 3061.06 4710.7 3182.26 6926.08 2568.27 2857.57 2504.18 2993.8 2869.53 2377.44 3632.15 3306.25 2505.98 2452.1 2198.92 2393.95 2446.23 6040.74 4772.73 5916.99 6329.77 6647.67 6704.87 6126.73 7532.03 6758.64 4016.41 4577 5232.5 4884.95 4796.26 4913.19 4652.19 5712.69 5582.85 4011.24 3492.88 3371.79 2801.53 4274.18 1959.03 2012.79 1969.92 5199.53 3326.09 2998.71 4756.75 4209.8 3988.53 3786.08 3251.78 4087.84 3377.43 4174.7 3061.07 2877.81 3480.35 3747.38 2873.57 3574.97 3993.82 3391.9 4493.77 3978.68 4416.57 4926.55 3357.11 3789.39 3985.07 4529.06 3513.9 3553.76 3213.04 3529.15 3118.82 3054.28 2768.13 2802.02 4597.66 5739.69 4605.22 5523.2 4339.43 3299.75 4558.05 5987.15 3882.43 2286.43 5070.28 2660.07 3596.29 3701.6 2309.71 2578.88 3597.91 4543.32 4227.61 
2869.29 3309.03 6661.11 5319.79 3649.88 4393.14 1798.8 2946.5 2039.19 3719.26 3337.53 2227.34 4169.58 3435.86 2888.24 3302.86 0 4095.12 4853.99 5516.58 4079.64 5650.38 8088.76 8093.63 7708.45 7822.92 7205.04 7795.36 7544.64 6657.31 6554.08 6774.8 7270.3 7923.13 6589.17 8449.95 7831.51 7084.52 8227.77 4480.7 4209.14 5146.15 4396.7 3953.98 4584.67 4733.1 3752.17 3706.33 3753.77 4712.02 3833.7 6536.18 5515.52 4066.99 3977.34 3805.88 5727.18 7106.67 5037.66 7917.06 7034.84 7139.18 6519.59 5039.05 7165.61 7219.38 4695.53 7671.57 7161.75 3280.99 3468.71 2453.23 2484.83 6880.05 6337.85 7200.26 5203.22 5650.33 6823.84 5092.54 4653.57 2807.55 3711.86 11869.9 3739.47 11159.8 6144.81 5572.73 4932.85 12260.6 14239.5 5646.91 11576.4 6262.1 7454.19 8706.51 4703.07 4337.5 3804.84 3648.09 4887.13 4121.78 4483.72 3722.32 4383.57 4251.75 4105.57 4034.35 4008.02 3795.6 3923.76 3043.38 2941.92 3504.94 2448.45 3780.08 4828.04 4471.72 4714.56 4486.56 5390.03 5545.39 4959.8 5084.45 4592.21 4512.79 5023.43 4966.49 5723.29 4809.05 5093.98 5114.44 3251.67 5041.29 3285.8 3773.8 3589.83 2637.48 2884.46 2258.99 7685.3 2548.78 3577.75 3401.67 3407.36 3577.29 2669.39 5437.73 2656.46 2907.96 2565.84 2474.41 2081.68 2173.36 2750.57 3065.34 2315.12 2189.82 2497.59 2613.73 2106.41 4000.86 3543.72 5597.39 5894.77 6513.82 6479.26 6073.1 7543.91 7440.38 3695.92 3997.75 4563.58 4235.16 3779.87 4070.85 4153.86 4759.08 4685.36 5425.49 3229.82 3655.96 3268.07 4284.79 1894.21 1894.75 1364 4736.07 3101.38 4578.37 4742.08 3573.77 3915.58 3984.04 3384.82 3650.94 3250.98 4685.06 2983.1 3551.68 3632.25 3449.77 3056.6 3684.11 3895.88 3188.19 4368.41 4214.72 4298.87 4369.39 2917.76 2710.77 2739.47 3184.09 2730.95 4118.96 3219.15 3569.54 2951.45 1981.11 2034.51 2296 2995.16 3871.45 3413.8 4236.24 3113.08 3177.17 4540.88 5295.75 3714.82 4295.09 4214.79 3915.15 2872.15 3210.97 3013.37 3168.24 5018.1 5583.79 5155.72 
4525.44 4055 7238.89 7010.12 3223.07 2922.06 4244.94 2715.51 3821.03 2694.96 3010.08 3935.98 4413.42 2666.81 5085.95 3042.12 4095.12 0 5988.83 6228.73 2887.11 4781.95 5998.56 6484.34 5857.58 6391.52 5429.11 7046.78 5672.62 5012.96 4747.91 5189.72 6499.34 6001.71 6789.32 8196.04 8112.94 6929.04 8386.23 3029.62 3915.23 4673.71 3453.33 3679.12 3174.66 3127.53 3277.53 3342.41 5299.8 4422.05 4672.06 6643.81 4955.72 4538.19 6221.58 4798.74 5474.52 8182.71 5136.05 8915 7743.43 8262.89 7539.73 4813.08 7793.76 8376.9 5595.01 8457.12 8240 3993.38 3604.85 4765.38 4941.17 7981.02 6690.15 7767.81 5923.1 6684.39 6582.87 6540.54 6142.34 4695.04 5013.43 14728.8 4700.6 11743.5 5630.23 6264.54 6247.29 15676.2 15983 6089.1 14137.1 6355.07 7551.89 10098.1 2895.15 4230.68 3126.72 3529.58 3800.09 3997.64 3422.03 3636.58 3703.09 3837.67 3866.33 3929.49 4038.3 4037.37 3608.99 2886.83 2955.89 3156.57 3482.91 3203.32 2879.84 3594.9 3461.05 2951.29 4060.15 4685.25 3202.52 3955.49 3123.92 3174.31 4342.6 3862.44 5064.86 3590.03 4169.44 3859.73 2569.83 6285.42 3431.76 6178.31 5586.94 2692.94 2956.98 4381.2 9982.83 2675.21 2764.89 2675.81 2792.84 5627.57 4476.39 7332.59 2647.31 3036.65 2571.85 3470.62 4008.14 3407.77 3960.8 4107.69 2737.87 3025.74 2581.17 2470.13 2310.6 6776.93 5550.61 6718.37 7491.62 7351.45 7931.88 7400.79 8624.41 7204.54 5008.87 5699.25 5977.39 5631.86 5368.21 5415.32 5762.6 6095.29 6246.47 4378.73 4235.18 4488.84 3467.12 5017.18 2696.94 2763.82 3218.4 6211.89 4422.8 4074.87 5363.4 5243.38 4960.88 4206.97 4097.43 5269.56 4660.21 4954.57 4188.75 4421.46 3145.75 4754.02 3513.56 4380.11 4858.96 4316.06 5584.97 4810.82 4624.21 5763.74 3253.8 4130.1 4614.73 5469.84 4365.9 4881.13 4327.06 4774.23 4572.66 3654.39 3412.91 3772.83 5843.09 6938.46 4951.61 6295.13 4828.65 4423.72 4762.38 7171.68 4817.19 3388.21 6047.76 3672.23 4197.06 4634.52 2188.52 2807.9 3179.05 4070.07 3818.9 
5735.59 5317.58 9952.81 9400.09 5505.52 6473.57 4441.38 4155.78 3735.12 5886.26 4405.75 4332.65 4928.17 5781.58 5679.93 6186.76 4853.99 5988.83 0 3964.58 6404.16 6648.11 10216.7 10316.3 9947.2 10064.8 9439.14 10032 9780.47 8900.6 8785.33 8999.68 9582.74 10162.7 9172.54 10690.2 10432.2 9470.78 10802.9 6721.34 6449.45 7382.25 6613.65 6167.23 6826.19 6964.69 5983.16 5947.76 5682.74 4954.65 5786.87 7784.58 5193.5 5418.18 6707.12 6340.39 7391.35 9755.69 6650.15 11669.9 9629.53 10248.9 10205.8 6952.68 10433.7 9461.34 5561.06 9722.76 9279.73 5661.35 5612.7 6374.48 6343.8 8614.54 6750.21 9533.44 7729.27 7799.15 5241.39 7360.84 7434.47 6712.16 7053.03 15639.9 4971.64 11939.8 4711.07 6258.07 7324.51 15237.4 11777 7411.77 15768.8 5281.45 6519.26 9559.3 6784.05 6544.84 6061.54 5854.08 7126.11 6377.49 6735.68 5961.92 6628.03 6554.04 6335.77 6290.83 6404.45 6261.64 6005.16 5279.48 5382.57 5670.24 5109.94 6458.62 7073.71 6717.14 6935.86 6751.52 7630.32 7830.37 7188.36 7313.2 6831.66 6750.31 7284.6 7187.53 7938.72 6941.93 7327.23 7333.23 5309.68 6479.16 5394.52 7571.54 6309.79 4832.68 5109.38 5984.99 9344.22 4702.56 5567.69 5217.9 4739.9 6995.48 6375.27 7694.25 4830.19 5143.45 4613.84 4495.92 4912.35 4758.1 4410.09 5877.59 4163.66 4274.05 4724.13 4735.75 4423 7236.75 6777.24 7194.16 7957.42 8193.8 8529.74 8238.45 9397.43 9693.7 6880.28 6669.46 5947 5653.09 5025.95 5102.97 5991.73 5026.36 5763.24 7834.85 5356.58 6104.53 6009.94 6401.71 4305.75 4326.94 4798.75 6328.57 5683.47 7076.91 5620.83 6314.77 5824.81 5771.74 5603.44 5978.38 5487.38 6360.23 5423.41 5905.05 4732.89 6176.03 5243.54 6135.59 5743.02 5749 6190.69 6256.93 6031.83 5608.36 3673.18 3224.84 4090.05 4344.85 4802.55 7406.99 5548.77 6072.14 6597.5 3764.39 4162.62 4626.11 6482.35 7685.26 4022.25 4637.61 4192.59 4822.4 5542.33 6723.27 4339.12 7030.09 6376.59 6288.97 4522.73 5318.33 5058.23 5454.1 7193.54 5834.4 5298.64 
6616.8 6421.62 10818.3 9948.09 5563.32 6490.64 5358.65 4184.97 4716.61 6185.74 4552 5113.9 5643.1 6496.09 6992.03 6749.3 5516.58 6228.73 3964.58 0 7053.49 5522.31 10881 10863.3 10642.8 10780.9 10038.9 10447.5 10479.3 9598.03 9400.85 9466.96 8849.77 10827.1 9837.05 11354.1 11127 10136.4 11466.9 7428.69 7130.98 8067.48 7001.48 6868.33 7529.12 7657.76 6706.19 6645.59 6785.25 5354.65 6906.71 8677.46 4951.28 6362.32 7399.43 6671.55 8228.65 10973.3 7552.62 12829.8 10420.1 11400.9 11104.9 7227.35 11448.6 10149.6 6593.3 9672 10320.7 6630.92 6530.93 7244.26 7248.69 9892.54 7958.29 10813.4 9054.58 9001.49 6834.15 8697.09 8592.37 7485.38 7821.22 16952.2 5420.46 11780.7 5025.99 6242.73 7151.03 16351.2 13048.9 7867.81 16569.9 5174.49 6022.28 10001.5 6598.79 7246.94 5474.38 6488.56 7854.91 7077.92 7343.5 6643.93 7352.83 7255.71 7029.37 6967.23 7070.46 7130.54 7273.96 5850.43 6160.08 6703.89 5538.16 6800.94 7433.12 7409.49 7662.31 7109.8 8354.99 8526.69 7895.45 7976.85 7558.42 7462.13 8006.05 7891.47 8664.2 7339.7 8030.53 8048.76 5489.63 7035.12 5932.75 8197.48 7198.33 5525.26 5782.47 6790.22 8496.95 5218.39 5681.2 5556.37 5013.71 7709.05 6930.25 7961.35 5435.87 5808.98 4806.69 5101.35 5973.76 5592.15 4791.06 6426.11 4875.58 4965.27 5147.72 5159.26 4945.94 8278.83 7605.91 8213.18 8829.1 9276.99 9838.32 9474.22 10745.5 10890.9 7619.05 7658.89 6940.95 6591.65 5870.34 6044.28 7198.97 6059.08 7071.27 8892.94 6288.7 7428.19 6400.31 7155.22 5112.33 5167.32 5614.5 7414.13 6597.43 7586.51 6882.83 7229.22 7003.16 6664.14 6516.82 6903.27 6244.42 7215.84 6306.98 6883.16 4572.83 7051.08 6157.99 7106.49 6564.83 6293.87 6775.06 7608.22 7341.11 6608.2 4197.61 3948.82 5181.05 5507.47 5966.62 7693.06 6667.82 7189.09 7500.17 4602.39 5112.61 5755.48 7662.85 8725.24 5145.16 5883.65 5310.49 5773.1 4890.85 7773.29 5214.11 7827.32 7614.53 7111.2 5473.07 6153.25 5488.35 5783.25 6286.38 5821.04 5502.37 
4202.19 3949.01 6971.93 6623.37 3443.2 3012.59 4081.46 3441.77 3947.06 2697.51 3460.4 4026.28 4567.73 1954.95 4638.08 2483.66 4079.64 2887.11 6404.16 7053.49 0 5896.86 6253.96 6443.45 6089.64 6412.57 5644.45 6952.66 5761.15 5071.28 4978.16 5496.97 5955.07 6309.11 6235.73 7996.97 7932.35 6219.74 8048.13 2680.91 3981.82 4625.84 3503.68 3608.83 2981.08 2666.91 2852.43 2648.05 4333.76 5113.35 3503.1 5711.34 5052.22 3781.66 6073.16 5102.07 4412.27 6879.08 4425.45 7888.59 6375.33 7032.15 6802.79 4065.36 6820.72 7256.34 4779.57 7545.33 7153.07 3807.11 3078.58 4194.25 4558.04 7096.87 6075.25 7217.61 5021.37 6054.78 6519.59 5494.18 5166.26 4043.91 4108.74 14214.6 4906.22 12224.1 6300.89 6494.68 6330.2 15533.2 16667.8 6161.16 13721.4 6686.64 7792.38 10301.4 3151.77 4160.69 3368.23 3650.26 3755.23 3973.56 3195.02 3425.63 3124.62 3542.56 3529.84 3585.7 3587.98 3141.6 3114.61 2242.64 2570.82 2550.08 3078.34 3311.48 2912.99 2888.85 2999.38 2644.39 3285.99 3927.17 3036.7 3073.42 2739.87 2659.45 3475.36 3298.89 4145.19 2990.5 3243.49 3414.19 2714.06 6205.53 3555.95 6360.82 5504.06 2626.08 3041.63 3782.33 10460.4 2760.99 2955.33 3018.97 3096.22 5336.41 3854.22 7610.58 2671.36 3105.42 2817.9 3497.53 3690.07 2978.22 4031.8 3977.81 2660.7 2621.33 2385.85 2453.38 2527.12 7029.08 5670.4 5654.81 6278.05 6249.28 6595.46 6200 7301.53 6410.78 4786.43 4902.97 5606.82 5233.65 4856.93 5327.21 5393.81 5800.87 5678.46 3526.75 3800.86 4169.51 3166.66 4954.28 2246.39 2317.58 2773.63 5868.19 4157.97 3593.8 5025.97 4682.65 4652.14 4170.49 3600.86 4902.79 4079.01 4827.31 3823.04 3761.72 3766.13 4207.52 3024.13 4338.83 4672.52 3916.43 5091.97 4082.55 4122.39 4736.62 3675.03 4483.42 4532.36 5401.76 4033.2 4419.37 3588.59 3816.62 3637.28 3411.78 2955.1 3351.45 5421.89 6553.53 5149.8 6308.82 5041.53 3724.56 5225.45 6973.94 5044.75 2295.35 5608.24 2638.67 4385.44 4493.62 2441.17 2788.42 3653.36 4555.33 4532.3 
