241 241
0 3589.16 1841.38 3477.34 4948.6 5699.11 4192.95 4725.05 3244.62 3194.9 3512.11 4011.09 3252.78 2918.92 5142.09 2869.29 4525.44 6616.8 4202.19 6161.16 7063.75 7658.92 7358.82 8340.07 7839.24 8010.59 7321.48 7955.2 7239.87 6800.23 7059.8 7530.18 7446.91 7712.08 7041.55 7056.42 8279.01 7500.39 8680.29 4505.78 5428.62 4235.26 4762.7 3988.44 3946.47 4019.17 4343.3 7440.23 6032.46 6061.82 7204.68 8288.34 6224.77 7245.26 7373.67 5253.02 7510.37 7662.95 5378.18 7902.73 6700.84 5465.07 5789.53 6035.57 3027.18 3454.29 3016 7394.92 6354.64 4675.54 6334.22 7736.31 4210.54 4286.54 3662.74 10972.8 4464.32 10933.8 5734.02 7198.86 5701.84 7785.9 8735.59 12992 8719.31 8539.24 4947.39 4591.78 4049.37 3918.75 5117.81 4389.46 4595.88 3977.31 4660.42 4566.15 4612.47 4390.04 4312.91 4340.88 4428.38 3665.67 4218.2 4677.55 4066.99 4163.97 3099.52 3223.19 2327.59 4498 3361.75 4551.3 4212.74 4795.59 4938.35 5736.9 4907.18 5052.3 4724.33 5606.11 5905.7 5125.43 5382.41 4732.75 5630.25 5561.51 4804.36 5090.97 5178.05 4741.09 5353.25 5350.92 5274.29 6040.77 5557.43 5042.5 5376.72 5561.93 5062 5423.28 3556.57 5321.66 3004.8 4025.54 4478.21 3374.59 4153.09 3175.24 3284.28 8738.78 2932.32 3879.58 6231.06 3953.71 4722.02 3507.81 5582.26 3095.29 3050.75 3949.4 3143.13 2661.06 2961.56 2277.09 2594.13 4470.86 7256.78 6479.28 6850.86 7414.78 7079.56 6777.09 7889.85 7389.39 4119.04 4398.66 5380.25 4551.51 5697.64 5546.44 4627.83 5509.78 3740.25 3696.65 3196.09 3542.8 4122.34 4249.6 4392.33 3077.97 4682.12 3812.12 4097.1 3279.67 3172.25 4374.23 2811.07 3030.38 4106.43 2560 3035.46 3140.9 4861.82 4727.79 4601.63 4566.97 5318.46 3558.88 2781.97 3646.19 3727.56 2790.12 2874.96 2776.02 2622.28 2476.22 3591.31 4443.05 6028.24 5684.08 4229.1 4983.47 3953.67 4377.44 2759.31 2619.22 4178.55 3682.53 3598.54 3884.4 5062.59 5674.86 4478.9 4278.6 4197.76 3982.12 4051.24 3998.75 4176.17 5349.85 6063.86 
3589.16 0 3213.19 3796.33 6777.06 6626.62 3683.78 4260.83 3189.61 3027.19 3104.97 3849.02 2981.29 2851.47 4138.69 3309.03 4055 6421.62 3949.01 5715.66 6790.12 7366.68 7055.28 8071.13 7543.14 7698.96 7032.78 7642.32 6887.18 6539.99 6620.83 7105.37 7117.35 7336.53 6809.03 6649.97 7998.57 7133.47 8443.2 4086.32 5041.97 3861.39 4501.07 3703.53 3613.47 3591.49 3446.9 6907.26 5452.45 5664.18 7010.53 7884.31 7509.43 7643.64 9048.82 4936.63 8645.14 6520.09 5504.47 8069.77 8228.15 4896.13 7162.18 8000.94 3631.28 3680.76 2987.7 5308.78 5785.62 4172.57 5333.47 7691.19 5744.46 3660.54 4488.21 11994.2 3806.35 10418.8 5881.89 6878.88 6881.67 7363.64 8793.38 13273.1 9099.04 9199.32 4583.5 4179.76 3658.5 3511.4 4782.68 4022.88 4348.72 3599.29 4429.57 4287.15 4239.68 3991.38 3898.72 3926.52 4040.76 3158.31 2687.8 4817.09 2972.97 3433.31 2665.81 2984.1 2789.88 3907.49 3607.05 4275.35 3902.18 4498.49 4723.92 5327.91 4598.66 4660.46 4365.33 5287.64 5540.49 4850.5 5052.56 4404.75 5344.14 5239.81 4489.43 4793.79 4866.48 4424.98 4999.36 4996.62 4909.64 5618.9 5212.77 4689.49 5045.58 5158.71 4695.72 5025.86 3065.25 5413.35 2418.46 3770.94 5428.8 2959.6 4705.17 2812.32 3910.27 9838.79 2613.9 3477.72 6696.11 3383.85 4656.6 3632.85 6495.92 2707.79 2397.53 3446.63 3731.61 2543.75 2637.29 2047.51 2215.2 4964.22 5539.49 5584.38 6514.35 5837.93 5585.05 5424.85 5752.44 5332.59 4527.9 4832.05 4413.74 3463.23 5290.97 4508.35 3417.52 4446.85 2321.31 2123.45 3483.22 3614.68 2596.56 4934.65 4777.22 3839.13 3609.46 2975.72 2762.69 3117.11 4360.54 3737.83 3400.47 3157.97 3626.16 4066.44 3037.96 2842.89 3251.98 3014.04 3516.72 2855.86 4355.3 3892.35 2599.57 3219.79 3491.13 2322.2 2670.16 2692.92 2112.95 1697.87 4163.74 5296.56 6415.71 5672.63 3481.08 4079.64 3187.76 3534.17 2320.64 2486.41 3817.91 3200.93 3243.76 3467.6 4533.83 5719.83 5036.43 2749.24 3824.58 3953.5 3403.45 4140.17 4419.56 4861.2 5803.08 
1841.38 3213.19 0 2705.43 4825.43 5509.32 3714.63 4079.01 2767.51 2839.11 3187.16 3523.95 2654.44 2627.48 4910.99 2487.91 4054.42 6340.92 3671.31 5781.65 6404.94 6930.05 6672.24 7661.4 7132 7284.76 6685.9 7325.58 6588.8 6171.46 6451.26 6919.66 6737.05 6957.38 6300.91 6288.26 7472.75 6784.93 7912.73 3770.98 4605.64 3540.16 4109.19 3401.22 3295.58 3330.44 4014.55 6830.95 5392.35 5426.32 6717.69 7833.81 6168.89 6709.15 7091.07 4592.24 7020.98 7039.59 4776.89 7173.85 6156.85 5021.52 5706.01 6205.49 2454.85 2826.79 2195.9 7258.44 6338.88 4454.49 5903.55 7190.68 3805.62 4036.16 2803.94 11429.6 4200.45 10996 5449.7 6894.48 6184.84 7348.28 8670.41 12151.3 8286.24 8776.2 4454.56 3765.73 3518.21 3210.34 4453.48 3630.82 4057.95 3276.86 4147.75 3900.3 3966.17 3672.56 3610.13 3608.6 3731.1 3384.25 3917.91 4187.78 3715.53 3740.57 2652.73 2733.82 1990.43 4169.13 3111.38 3977.4 3649.59 4203.2 4321.33 5043.05 4245.92 4416.52 4005.31 4883.74 5201.42 4549.15 4757.87 4128.75 4959.07 4922.24 4103.88 4487.21 4515.62 4101.25 4625.82 4647.73 4588.78 5239.6 4838.5 4424.8 4717.03 4875.08 4358.29 4730.42 2924.66 5096.32 2571.47 3875.07 4338.61 2684.92 3777.29 2580.83 2629.4 8583.08 2315.84 3296.42 5573.61 3488.71 4302.47 2898.2 5463.67 2572.81 2663.78 3188.25 2763.04 2308.61 2486.22 1768.34 2117.82 4148.35 6943.94 5985.18 6417.56 6963.51 6680.21 6403.75 7552.5 7089.58 3893.87 4030.83 5099.47 4354.43 5288.74 5196.47 4413.37 4918.01 3530.27 3389.44 3037.14 3180.03 3989.87 4217.31 3904.84 2650.04 4491.91 3494.06 3722.56 3000.5 2783.79 4204.39 2429.27 2884.86 3555.78 2295.55 2739.35 2732.19 4524.16 4519.81 4317.96 4358.09 4918.47 3224.96 2286.69 3335.69 3568.92 2639.03 2492.03 2345.09 2161.27 2200.92 3235.22 4150.65 5480.68 5653.16 4115.05 4820.39 3712.05 4271.56 2429.37 2130.38 3751.08 3336.96 3294.2 3546.14 4837.68 5535.47 4148.69 4081.58 3490.29 3735.74 3857.97 3368.21 3932.32 4811.98 5504.4 
3477.34 3796.33 2705.43 0 4405.72 4663.44 4206.67 4665.45 3234.71 3346.21 3559.87 3924.91 3198.15 3317.2 5399.41 2469.37 4614.32 6730.1 4119.7 6207.28 7111.76 7645.37 7373.77 8367.26 7851.8 8002.39 7340.97 7866.97 7287.44 6776.05 7098.02 7312.14 7462.38 7525.07 6692.08 6734.31 8027.17 7201.05 8347.94 4359.55 5270.53 4112.25 4663.3 3869.27 3788.98 3742.74 4413.39 7239.77 5890.66 5949.42 6753.5 7480.06 7300.79 6333.42 7787.02 5119.49 6903.33 6284.85 5439.13 6471.69 7406.73 5437.2 7353.15 7835.51 2786.72 3196.26 2269.36 7932.6 7875.91 5839.44 6560.07 7669.29 4404.24 5039.76 3234.24 11051.4 4914.23 12218.4 5851.79 7400.12 6836.16 7850.05 10301.4 11126.6 8507.58 9627.87 4877.1 4469.89 3975.23 3823.78 4974.01 4240.45 4554.16 3781.22 4592.63 4464.18 4395.77 4190.38 4037.39 4141.81 4155.38 4123.46 4410.29 4735.31 4435 4102.04 3133.03 3164.4 2823.44 4664.82 4025.65 4396 4136.13 4642.85 4855.16 5449.86 4681.66 4771.23 4555.2 5430.91 5648.05 5012.68 5137.22 4532.99 5493.34 5335.17 4696.66 4973.24 5014.22 4593.46 5106.19 5113.06 5013.76 5756.08 5359.25 4963.27 5147.71 5289.57 4881.49 5182.74 3442.35 5724.44 3195.32 4401.67 4625.81 3194.28 4356.32 3034.05 2790.5 8340.73 2742.24 3837.64 5366.07 3863.95 4339.56 3151.45 6185.47 2907.51 3194.69 3866.21 3291.5 2787.87 2914.14 2123.92 2606.51 4526.22 7380.87 6345.26 6738.23 7463.21 7170.11 6841.88 8039.04 7733.57 4491.91 4076.09 5600.82 4989.89 5724.68 5576.66 4841.93 5587.36 4087.34 4081.53 4380.73 3836.32 4802.68 5617.64 5142.56 3688.37 5417.71 4335.32 4532.84 3791.88 4189.76 5012.78 3422.32 3836.38 4012.15 3785.81 3510.87 3733.62 5096.53 5275.66 4778.6 5042.42 5342.84 3650.95 2851.66 3732.62 4252.89 3478.14 2949.03 2842.9 2693.43 2829.5 3741.85 4454.47 5498.21 6615.09 4671.13 5495.99 4319.16 4879.06 2947.43 2778.96 4250.21 3860.97 3778.58 3888.91 5397.64 5670.96 4752.99 4896.23 3970.57 4204.33 4634.8 3954.79 4504.21 5318.35 6074.26 
4948.6 6777.06 4825.43 4405.72 0 4657.35 6955.78 6811.49 6525.37 6700.39 6427 6770.74 5651.57 6294.37 7965.73 5319.79 7010.12 9948.09 6623.37 8760.34 9770.92 10275 9910.76 11000.7 10473.3 10873.6 9937.65 10569.2 9901.29 9462.38 9757.19 10138 10223.6 10639.1 9871.11 9790.01 11145.4 10145.3 11500.9 7455.57 8249.69 7281.17 7416.91 6713.67 6619.27 6728.37 7608.18 10254.3 8952.92 9067.98 7953.44 7861.3 7720.25 7544.77 8206.54 7989.75 7322.53 7460.35 8260.2 7646.31 7841.89 8836.35 8730.7 8222.71 4729.26 5394.6 4909.33 10777.4 8933.9 7557.78 9601.95 10692 5096.5 7408.8 4935.57 9481.17 7431.77 12597.1 6497.02 10142.5 6206.33 10058.2 10740 12735.1 11166.8 9686.75 7188.85 7514.82 6771.05 6900.35 7908.29 7286.11 7242.69 6884.62 7368.56 7386.75 7283.98 7183.17 7036.85 7211.85 7025.42 6407.95 6987.4 7917.01 6780.79 7076.59 5819.39 5670.83 5571.14 6743.14 5877.94 7029.21 6783.5 7344.06 7160.07 8308.32 7577.25 7492.33 6786.77 8099.77 8528.25 7624.57 7783.99 7254.67 7921.81 8036.48 7351.13 7562.15 7537.86 7172.18 7939 7994.95 7868.82 8683.63 8213.91 7702.64 7968.28 8174.47 7523.2 7990.98 6186.57 7659.97 6062.62 6794.79 5373.56 5946.37 5951.13 6148.56 5384.56 8872.49 5698.31 6412 6768.18 6496.28 6356.33 5227.43 6591.64 5978.56 6052.28 6444.61 5252.67 5921.87 5778.36 5330.24 5698.77 6893.57 10459.6 9771.72 10061.5 10653.4 10408.9 10040.7 11309.5 10355.6 5975.51 6312.25 8906.78 8062.78 9238.86 9070.89 7988.38 8012.11 6740.97 6565.1 5722.13 6230.35 6771.27 7396.39 6555.8 5689.13 8055.87 7188.6 7316.64 6601.67 6105.75 7472.69 6140.17 6420.53 6928.49 5594.21 6137.04 6606.12 7737.29 8006.1 7719.28 7862.62 8651.46 6993.43 6053.25 7229.7 7382.14 6099.99 6344.88 6241.27 5992.43 5948.45 5530.95 5297.83 7702.11 8860.7 7963.18 8825.37 7617.15 8205.13 5452.1 5675.94 7081.36 6327.62 6446.07 6852.14 8024.11 7322.27 7683.6 7676.49 6914.97 7304.2 7468.7 6562.36 7053.51 7486.95 8672.52 
5699.11 6626.62 5509.32 4663.44 4657.35 0 6880.79 7473.74 6566.97 6971.62 6276.65 6803.79 6616.92 6456.25 8264.1 5528.05 7378.67 9313.88 7496.77 8337.85 10629.5 11172.5 10836.7 11913.5 11454.9 11642 10847.7 11179 10727.8 10422.2 9903.95 10199.3 11074.8 11244.7 10404.6 10426.6 11646.9 10909.5 12043.2 8043.05 8978.18 7780.82 8400.25 7573.43 7498.71 7517.26 8074.38 11171.7 9068.7 8816.19 8593.68 8248.96 8786.03 8353.05 9586.22 8885.35 8483.12 7458.28 8471.59 8303.01 8845.36 9133.05 9641.22 9931.52 5185.85 5537.06 5231.77 11028.5 10084.7 8250.48 10204.8 11429.4 6231.17 7614.82 5854.19 10105.1 7450.64 12949 6485.78 9948.5 7545.48 10019.9 11707 12492 11169.6 10056.3 7560.25 8127.28 6816.59 7407.56 8707.15 7967.8 8115.86 7523.97 7996.59 8213.27 8085.67 7939.17 7746.84 7867.23 7835.48 7002.22 7592.23 8113.62 7369.54 7626.1 6231.88 6336.27 5553 7365.11 6202.65 8007.95 7668.59 8371.25 8062.86 9186.44 8478.15 8534.7 7852.76 9209.65 9389.46 8740.2 8763.16 8292.93 9103.87 9109.24 8356.44 8701.9 8644.59 8270.9 8848.79 8876.43 8798.34 9549.43 9154.12 8265.55 8936.95 9029.91 8618.88 8944.95 6444.22 7391.77 5890.15 7479.05 5205.42 6637.78 6118.96 6624.15 6136.76 8831.66 6258.61 6764.17 7443.26 6636.27 6490.38 5641.34 6747.36 6028.39 5995.66 6945.93 5633.01 6215.02 6306.94 5663.12 6008.82 7046.38 10827.5 10212 10774 11079.9 10748.7 10305.9 11467.2 10682.3 6525.65 6869.13 9119.37 8213.08 9609.11 9308.91 8257.72 8728.26 7002.22 7028.54 6239.78 6957.48 6477.78 8085.42 7351.61 6427.89 7906.68 7016.2 7055.22 6883.16 6646.26 7356.16 6542.44 6528.8 6796.25 6335.22 6364.12 6379.81 7797.39 8249.53 8293.19 8321.96 9172.04 6930.69 6275.14 7440.74 7467.69 6339.62 6802.79 6601.45 6347.67 6121.05 5898.64 5890.75 7718.46 8955.23 7875.29 8591.1 7502.93 8042.93 5779.1 5975.85 7797.84 6740.22 6292.8 7412.24 7578.06 7572.12 8031.71 7801.38 7735.51 7625.56 7436.23 7537.5 7895.69 7709.41 8787.97 
4192.95 3683.78 3714.63 4206.67 6955.78 6880.79 0 2980.73 3023.35 3043.4 2473.1 3247.36 2693.47 3605.94 4354.13 3649.88 3223.07 5563.32 3443.2 4624.86 6055.25 7147.98 6357.73 7459.76 7232.88 7596.52 6737.66 6542.98 6590.65 6340.84 5639.4 5580.53 6817.42 6116.22 5699.16 5785.17 7207.63 5939.88 7259.19 3729.43 4176.83 3248.84 4272.21 3393.49 3459.09 3260.07 4114.38 6029.02 4282.41 3954.67 7962.75 9096.88 7077.46 8008.48 8675.51 4206.86 8853.11 7309.4 4441.56 8345.36 7363.52 4203.16 6797.09 7716.37 4440.84 4497.54 3578.84 7276.21 7959.68 5947.91 6491.68 7056.49 5414.34 5050.32 4154.83 14283.7 4063.28 11764.5 6889.44 5461.71 8915.82 5643.99 10077.8 13861 7207.57 9488.63 3411.58 4045.95 3397.5 3198.48 4450.03 3726.61 4328.84 3333.01 4259.92 4055.84 3781.2 3689.72 3594.75 3663.87 3706.2 3912.94 4330.28 4068.15 4354.15 3341.33 2980.73 3332.21 2939.88 4185.04 3834.13 3694.65 3852.96 4211.3 3934.97 4821.09 3982.26 4333.13 3299.55 4738.84 4747.53 4244.86 4507.48 4321.4 4437.75 4751.33 4312.64 4314.92 4356.3 4033.94 4061.13 4291.77 4052.06 5156.64 4318.58 3727.3 4480.5 4260.82 4414.49 4620.44 2644.29 5924.54 3155.2 3702.09 5876.48 2662.3 5058.97 2998.78 4088.53 9340.05 2561.96 2782.62 6892.67 2447.85 5236.11 3822.6 6691.97 2407.07 2989.55 2704.21 3946.88 2315.29 2741.32 2391.01 2168.73 5272.39 7178.5 5751.64 6567.55 6846.91 7109.48 6752.61 7766.2 7867.14 5401.87 5908.88 5308.32 4951.77 5116.65 5200.56 4483.15 5142.74 4043.1 4629.99 4508.01 3973.74 4333.26 5892.57 4231.52 4559.51 4798.97 4184.05 3875.73 3842.6 4774.77 4389.4 3863.89 3688.73 2717.03 4464.77 3436.03 3369.25 4893.33 5412.76 4691.86 5232.89 5227.2 3778.34 2590.06 4355.38 4971.11 4007.49 3488.72 3295.57 2959.13 3351.14 5356.78 6555.6 5173.54 6978.16 4530.53 5684.56 4480.28 4593.59 3040.36 3350.72 4054.5 3196.83 3003.21 3819.68 4027.77 6684.9 4704.16 5516.35 3085.82 4319.29 5069.38 3369.22 3705.68 3769.56 3865.8 
4725.05 4260.83 4079.01 4665.45 6811.49 7473.74 2980.73 0 3782.38 3464.89 3244.67 2985.44 2329.15 4311.62 4498.68 4393.14 2922.06 6490.64 3012.59 4541.47 5648.7 6419.27 5726.18 6992.48 6533.42 7411.92 6039.95 5947.27 5998.24 5734.25 5035.96 5102.7 6553.71 6728 6304.24 6316.3 7897.76 6355.45 7982.64 3920.16 4537.06 3668.59 3972.5 3492.83 3109.61 3285.68 4472.16 6003.7 4923.57 4778.87 8063.7 9285.62 7344.08 8222.42 9117.09 4159.34 9270.2 7040.87 4916.23 8216.27 7719.24 5187.66 7328.17 8084.47 4749.39 5040.9 4123.44 7673.91 7983.56 6216.64 6667.04 6970.27 5933.71 5787.35 4726.67 14768.6 4580.02 11945.2 7375.95 5886.67 9447.29 5126.54 10019.7 14246.2 7748.98 10385.9 2680.32 4256.08 3253.04 3495.85 4363.87 4016.55 3481.2 3561.34 3357.38 4002.67 3874.48 3695.92 3821.11 3874.31 3972.47 3758.54 4171.48 4801.36 4117.06 3587.62 2680.45 2962.11 3414.66 3046.02 3048.47 3460.92 3267.29 3732.42 2963 4768.81 3735.6 3851.98 2911.16 4329.12 4668.07 3796.88 4014.47 3827.35 3747.03 4162.48 3830.84 3775.05 3502.82 3557.68 4067.53 4154.89 3867.71 5116.96 4307.14 3485.37 4243.42 4372.2 4058 4232.06 2486.89 6389.86 3449.24 3464.31 6742.29 2587.22 5720.31 3072.09 4283.72 10416.5 2647.45 2303.48 7152.45 2827.2 5798.38 4275.98 7478.38 2651.56 3704.89 2542.89 4166.64 2850.98 2437.81 2907.28 2765.54 6039.63 7612.3 6422.45 7149.1 7545.53 7737.91 7298.79 8355.92 7890.79 4886.55 5968.67 5747.8 5608.41 5925.59 6022.74 5181.17 4943.37 4204.02 4627.83 5091.49 3722.9 5037.83 6233.92 4135.38 4597.12 5414.83 4801.15 4377.09 4052.98 5180.16 4964.25 4171.01 4128.65 3238.82 4891.38 3500.45 4265.16 4819.5 5759.05 4795.79 5309.89 5591.75 4565.53 2970.21 4938.22 5680.4 4543.2 3962.31 3700.63 3519.46 3898.12 5908.81 7034.94 5091.33 7647.55 5320.8 6424.19 5097.73 5350.95 3440.56 3783.85 4004.77 2962.07 3248.64 3928.07 4603.15 7018.42 4804.57 6091.64 3414.2 4869.16 5702.27 3012.1 3348.82 2993.3 3815.59 
3244.62 3189.61 2767.51 3234.71 6525.37 6566.97 3023.35 3782.38 0 1710.24 2331.48 2381.68 2648.04 2161.99 3325.99 2470.55 3616.18 4123.68 3675.88 4653.9 6485.13 7017.79 6717.12 7720.71 7215.19 7388.01 6699.39 7273.25 6595.44 6244.94 6331.82 6570.39 6828.57 6964.79 6441.15 6363.88 7684 6813.97 8087.97 3813.24 4727.53 3577.54 4209.44 3505.09 3338.26 3429.36 3809.22 5865.24 4833.8 4153.07 7625.49 9173.28 7168.51 7869.85 8104.66 4715.72 8417.55 7536.65 4590.41 8033.6 7210.08 4249.84 6307.32 7207.3 3660.26 3750.49 3021.21 7007.47 7580.51 5647.95 5897.63 5519.88 5480.76 5146.88 4153.92 13507.2 3272.43 11147 6445.7 4818.02 8109.59 6292.57 9235.43 12995.9 6807.1 9299.84 4155.54 3895.38 3296.49 3170.68 4543.58 3715.23 4058.41 3344.84 4105.65 4015.08 3955.87 3663.14 3596.03 3600.22 3723.92 3643.22 3893.77 3292.05 3699.79 3428.58 2649.25 2737.24 2275.3 4060.4 3627.55 4033.9 3640.53 4150.31 4318.3 5127.37 4312.92 4465.31 4037.5 5138.34 5279.12 4669.95 4836.7 4194.92 5028.56 5027.15 4311.64 4648.5 4628.81 4270.31 4689.68 4705.91 4628.47 5445.24 4960.64 4434.83 4780.2 4951.48 4507.58 4717.92 2594.89 5224.43 2725.62 2914.54 5116.04 2465.62 4232.63 2552.41 3259.31 8280.47 2071.68 2757.75 6525.84 2624.95 4701.78 3600.08 6302.27 2146.68 2218.53 3143.04 3435.14 1855.98 2278.16 1752.99 2012.6 4543.19 6708.02 5508.94 5930.81 6599.24 6647.95 6372 7553.6 7367.78 4710.11 4636.57 4314.53 4170.88 4066.06 4364.51 3768.08 5328.45 3201.83 3995.74 4333.28 3299.42 4177.86 4423.98 4863.58 3321.05 3953.09 3760.43 3540.55 3027.45 3713.05 4461.24 2890.98 3363.99 2700.46 3639.29 2841.1 3216.17 4087.01 4755.44 3640.18 4251.38 4221.81 2133.25 1428.67 2428.86 3073.84 2865.46 1896.08 1568.63 1906.99 2405.3 4340.22 5473.1 4528.56 5095.55 2895.05 3869.32 2655.67 3110.51 2530.11 2474.72 2934.05 2620.75 2770.31 2792.12 3594.43 5691.55 3312.28 4310.58 3540.59 2588.16 3344.11 2778.04 3122.09 4511.66 4288.63 
3194.9 3027.19 2839.11 3346.21 6700.39 6971.62 3043.4 3464.89 1710.24 0 2240.39 2429.18 2273.5 2394.82 3448.25 2468.45 3364.78 4522.7 3582.81 4836.09 5979.04 6683.73 6235.01 7285.43 6784.89 7033.83 6208.12 6819.48 6116.25 5663.67 5906.12 6439.77 6347.02 6481.75 5982.48 5784.43 7237.24 6323.4 7611.92 3194.47 4164.18 3046.15 3864.74 3131.55 2929.4 3072.9 3408.44 5234.73 4587.73 4166.68 7482.58 9181.24 7151.52 7546.97 8092.78 4392.78 8193.72 7655.14 4700.21 7938.55 7261.52 3682.11 6307.1 7065.11 3753.41 3716.45 2932.81 6713.92 7272.96 5458.99 5496.88 5671.68 5538.77 4653.67 4089.51 13422 3366.81 11521.5 6646.38 4972.16 8050.59 6302.57 9684.77 13087.3 7470.32 9377.45 3917.46 3564.56 3176.96 2820.84 4241.59 3332.46 3785.19 2981.41 3779.41 3727.49 3394.27 3281.83 3186.37 3339.37 3400.25 3638.02 3699.17 3359.73 3533.94 2979.48 2581.98 2769.05 2583 4109.36 3835.65 3623.61 3180.87 3833.62 3942.06 4733.53 3851.96 4041.78 3767.26 4737.3 4813.94 4200.43 4444.52 3863.99 4572.15 4617.03 3894.31 4158.34 4265.09 3852.68 4098.74 4314.5 4079.09 5054.67 4511.88 3978.21 4400.6 4347.85 4175.23 4174.04 2408.05 5210.83 2946.39 3206.96 5200.68 2213.03 4353.37 2170.05 3330.75 8832.5 1720.79 2537.04 6442.85 2510.08 4818.14 3772.39 6451.25 1886.08 2504.25 2881.41 3669.7 1782.36 1920.72 1847.95 1673.12 4591.24 6482.15 5069.62 5756.85 6360.08 6529.27 6182.03 7222.14 7304.35 4643.56 4580.73 3996.76 3844.79 3945.68 4158.69 3365.54 5247.59 3085.13 3814.85 4477.42 3345.04 4331.46 4571.36 4815.69 3417.91 4126.76 3506.87 3647.55 3008.02 3637.26 4513.71 2988.17 3266.68 2609.53 3637.94 2981.06 3270.43 4153.72 4513.95 3442.64 4036.39 4150.74 2519.32 1284.39 2689.82 3208.29 2858.23 1999.63 1621.89 1833.8 2304.18 4230.37 5325.49 5053.88 5324.98 2945.18 4012.97 2854.85 3268.89 2565.14 2543.54 2915.58 2967.67 3136.9 2666.95 4073.07 5661.65 3460.83 4167.11 3330.94 2895.7 3465.34 2927.19 3150.13 4440.25 4284.14 
3512.11 3104.97 3187.16 3559.87 6427 6276.65 2473.1 3244.67 2331.48 2240.39 0 2281.77 2539.26 2849.31 3933.48 2946.5 2715.51 4184.97 3441.77 3724.99 6369.85 6889.62 6565.5 7669.4 7097.16 7268.44 6533.93 7196.44 6461.13 6036.7 5531.28 6407.25 6706.59 6982.57 6551.69 6393.28 7811.82 6802.51 8179.21 3734.01 4655.9 3439.62 4029.63 3269.92 3268.65 3335.31 4119.03 6402.19 4230.38 3592.92 8038.86 9522.52 7698.38 8473.64 9088.26 4497.23 9258.44 7801.81 4376.91 8510.01 8108.39 4658.03 7156.23 8179.22 4005.05 4035.61 3262.3 7696.89 8166.58 5926.96 6600.33 6233.63 5756.85 5504.82 4469.4 13694.7 3738.23 11163.9 6548.92 4973.23 8366.59 4994.31 9912.23 13216.1 6961.19 9263.38 3453.1 3872.66 2933.47 3219.73 4344.18 3714.9 3914.7 3258.03 3956.78 3912.64 3853.96 3666.71 3596.83 3625.61 3736.23 3827.12 3924.17 4014.88 3918.94 3297.03 2579 2893.93 2504.46 3953.15 3418.28 3729.01 3361.25 4047.64 3958.45 4974.76 4161.21 4199.9 3540.94 4880.97 5048 4367.36 4583.04 4012.59 4891.84 4783.99 4046.96 4353.53 4430.84 3996.7 4596.4 4549.23 4432.74 5254.43 4882.2 4042.59 4582.58 4755.65 4277.73 4572.78 2271.24 5271.9 2969.84 3292.15 5245.06 2306 4660.38 2495.82 3706.18 8408.97 1986.38 2662.34 6825.07 2056.26 4762.41 3675.64 5752.78 1709.82 2380.87 2822.49 3294.18 1614.21 2060.42 1846 1651.74 4585.82 7215.46 5997.02 6848.13 7313.02 7375.49 7033.21 7991.94 7411.93 4897.89 5365.81 5149.14 4987.75 5059.65 5244.84 4612.19 5411.59 3569.63 4138.36 4142.84 3533.52 3969.23 5456.17 4234.45 3764.82 4459.9 4037.15 3660.79 3567.31 4367.5 4079.42 3543.52 3757.74 1935.37 4075.48 2927.98 3298.79 4553.17 5227.41 4334.87 4710.35 5037.32 2459.57 1772.03 3483.17 4027.93 3321.97 2786.63 2371.56 2445.6 2761.73 4796.41 5970.23 4671.19 5990.45 3902.67 4972.94 3721.33 4225.88 2655.86 3035.91 3675.06 2458.75 2746.58 3596.62 3315.02 6377.31 4001.13 4879.55 3599.08 3429.96 3932.28 3417.41 3636.04 3593.46 3880.22 
4011.09 3849.02 3523.95 3924.91 6770.74 6803.79 3247.36 2985.44 2381.68 2429.18 2281.77 0 2366.1 3015.09 3469.05 3337.53 3010.08 4552 3460.4 4214.38 6401.91 6737.68 6520.96 7673.86 7158 7370.93 6398.64 7113.06 6468.36 6072.99 5828.53 6372.4 6867.88 7218.43 6822.28 6677.41 8204.86 6937.99 8462.51 4065.95 4862.32 3826.55 3962.04 3436.48 3336.36 3395.8 4312.85 5995.77 4950.79 3944.18 8132.58 9653.97 7556.23 8573.21 8684.16 4732.56 9239.57 7814.28 4922.8 8299.29 7577.92 4524.97 6922.06 7772.56 4333.94 4636.59 3831.43 7751.69 8177.33 6277.93 6461.19 5595.49 6200.28 5977.45 4886.33 14275.5 3638.45 11117 6835.7 4714.28 8971.44 5295.62 9512.3 13766 6863.06 9495.16 3278.55 4228.14 3003.37 3514.06 4517.87 3972.5 3902.34 3579.53 3712.18 4042.18 4097.41 3870.48 3900.42 3884.68 3961.25 3851.18 4066.16 4068.32 4119.4 3676.48 2633.29 2926.08 2864.93 3887.26 3454.96 3740.77 3333.77 3973.62 3675.34 5123.86 4154.21 4198.99 3555.83 4760.66 5301.07 4326.93 4414.86 3883.85 4668.61 4638.96 4004.27 4290.07 4127.22 3867.53 4745.1 4662.55 4501.73 5325.76 4907.43 3896.95 4616.48 4936.18 4201.51 4591.95 2224.45 5013.89 3348.17 3195.73 5922.31 2390.41 4665.41 2758.03 3904.7 8824.17 2183.2 2444.36 6979.41 2321.51 5070.48 3957.63 6567.92 1941.97 2705.24 2927.33 3660.27 2056.57 2141.15 2390.41 2285.66 5183.03 7453.71 5939.6 6645.47 7407.52 7521.74 7109.03 8278.16 7759.14 4697.56 5171.49 4989.63 5173.99 4832.78 5100.85 4805.73 5507.81 3569.66 4462.02 4522.73 3531.61 4570.91 5032.71 4605.97 3612.47 4695.75 4486.8 4041.03 3540.97 4350.3 4773.75 3448.67 4088.55 2455.95 4244.44 3194.1 3887.47 4658.63 5412.85 4160.67 4803.99 4790.19 2798.25 1913 3411.72 4122.35 3799.16 2670.8 2286.51 2753.39 3340.77 5175.92 6497.24 4369.69 6087.68 4026.38 4849.54 3752.92 4132.5 2923.66 3116.96 3408.66 2492.54 2918.14 3120.5 3719.31 6074.38 3726.2 5217.95 3870.56 3506.22 4148.2 2886.81 3135.95 3524.57 3719.87 
3252.78 2981.29 2654.44 3198.15 5651.57 6616.92 2693.47 2329.15 2648.04 2273.5 2539.26 2366.1 0 2931.29 3961.17 3021.79 2330.49 5861.99 2553.24 4318.41 4788.97 5346.18 4794.43 5839.67 5500.72 6030.95 4975.7 5495.39 4928.69 4567.71 4669.29 5231.54 5220 5601.18 5144.87 5087.63 6517.83 5467.03 6803.56 2534.61 3335.25 2246.63 2706.11 2196.35 1981.76 2172.41 3547.27 5768.27 4172.15 4413.32 7407.97 8484.24 6940.62 7626.94 8497.68 3272.34 8668.35 7024.04 4768.87 7612.92 7452.39 4298.84 6903.6 7451.75 3457.23 3464.63 2624.58 7103.49 7158.14 5372.31 6026.6 6400.3 4939.53 4735.06 3655.76 13256 3797.57 12081.6 6793.57 5906.23 7865.06 5460.44 9979.92 12674.4 8153.57 9901.37 2492.7 2712.07 2093.03 1975.45 3146.53 2444.65 2594.32 2138.52 2588.69 2681.97 2726.36 2527.58 2449.59 2485.52 2617.44 2998.15 3161.45 4023.66 3192.02 2933.56 1632.91 2025.96 2378.72 2967.66 2844.45 2351.95 2058.62 2752.75 2286.98 3816.99 2929.12 2974.89 2183.39 3519.62 3858.78 2862.87 3211.19 2793.23 3213.51 3450.78 2804.12 2924.98 2894.47 2483.52 3263.02 3314.32 3121.39 4213.14 3446.5 2919.43 3377.18 3428.23 2950.95 3313.3 1635.71 5899.66 2607.93 3136.24 5436.78 1282.93 4806.01 1369.26 3141.33 9985.17 1137.53 1643.5 6227.7 2452.73 4664.82 3219.06 6916.08 1462.19 2688.96 1809.66 3444.7 1935.84 1345.37 1559.57 1399.78 4842.72 6701.28 5403.19 6239.08 6595.69 6760.01 6421 7347.83 6887.01 4253.38 4917.22 4641.65 4415.69 4783.96 4744.52 4019.95 4378.21 2947.64 3158.92 3804.43 2824.07 4027.1 5282.37 4042.85 3407.56 4764.86 3824.26 3582.51 3073.34 4158.66 4310.33 3073.73 3235.09 2381.48 3694.07 2719.79 3178.6 3997.02 4610.55 3711.08 3885.14 4652.59 3449.34 1661.74 3517.02 4335.62 2936.69 2493.89 2357.78 1995.63 2333.28 4344.69 5534.9 5456.49 6568.16 4156.62 5289.82 3904.36 4301.73 2251.25 2452.26 3038.83 2537.31 2689.93 3082.02 4346.57 6253.99 4250.22 4590.24 2646.91 3760.24 4544.16 2697.91 3163.2 2906.1 3848.25 
2918.92 2851.47 2627.48 3317.2 6294.37 6456.25 3605.94 4311.62 2161.99 2394.82 2849.31 3015.09 2931.29 0 3355.79 2227.34 3935.98 5113.9 4026.28 5442.47 6938.09 7469.7 7185.45 8181.47 7705.66 7814.99 7140.88 7782.82 7017.3 6625.24 6903.15 7199.97 7246.91 7537.36 6896.74 6859.84 8139.08 7300.87 8535.34 4268.93 5128.08 4010.82 4581.19 3801.82 3724.91 3771.18 3435.56 6442.02 5694.91 5338.2 7019.52 8662.94 6833.51 7361.73 7726.9 5149.89 7941.32 7288.9 5168.56 7729.73 6937.39 4317.73 5976.47 6821.2 3312.44 3518.97 2898.47 6184.72 6470.61 4797.91 5115.27 6610.05 5396.86 4364.11 4320.33 12616.3 3157.13 10574.6 5792.2 5548.64 7314.98 7238.21 8407.06 13097.3 7446.74 8639.1 4612.75 4402.15 3707.51 3699.4 4900.54 4179.15 4498.49 3807.2 4489.97 4396.36 4405.32 4184.04 4101.29 4120.92 4234.55 3450.88 3396.95 3611.13 3402.19 3622.2 2707.97 2636.03 2318.29 4010.58 3253.58 4321.53 3969.67 4548.34 4674.53 5500.82 4629.71 4682.58 4313.04 5388.37 5669.98 4889.14 5035.64 4428.87 5368.07 5263.51 4615.32 4853.05 4903.09 4473.36 5142.46 5077.95 4981.95 5758.81 5375.81 4810.13 5057.4 5323.42 4755.67 5086.5 3157.66 4715.25 2626.05 2924.82 4689.56 2865.21 3834.72 2923.92 3288.43 8154.52 2546.78 3344.68 5924.81 3283.41 4412.25 3361.49 5807.07 2646.55 1862.78 3596.98 3259.59 2339.21 2614.13 2053.96 2088.31 4533.43 6261.47 5156.22 5553.54 6303.29 5989.32 5775.04 7052.37 6764.95 3852.63 3945.46 3934.6 3514.48 4182.53 4038.5 3430.71 4926.38 2755.04 3252.33 3472.8 2955.06 3487.52 4122.14 4614.19 2927.18 4081.32 3501.49 3571.15 2893.7 3243.9 4172.63 2577.88 3290.95 3631.32 3221.53 2750.97 2705.13 3865.18 4079.69 3478.96 3763.13 3879.58 2828.33 2142.31 1990.26 2682.88 2346.04 1871.7 1771.03 1938.86 2044.84 3533.47 4623.63 5190.43 4800.67 2749.72 3416.79 2386.28 2798.82 2181.37 2223.07 2929.89 3011.57 2940.99 2672.93 3766.83 5098.6 3445.07 3446.2 3892.55 2609.76 3328.77 3074.11 3501.45 4892.14 5168.65 
5142.09 4138.69 4910.99 5399.41 7965.73 8264.1 4354.13 4498.68 3325.99 3448.25 3933.48 3469.05 3961.17 3355.79 0 4169.58 4413.42 5643.1 4567.73 6139.87 7878.63 8300.96 8103.31 9220.99 8641.57 8709.99 7912.43 8919.51 7959.28 7604.6 7968.36 8109.24 8231.03 8781.7 8420.61 8309.6 9680.15 8550.1 10063.5 5622.76 6341.6 5326.49 5387.84 4947.57 4765.28 4966.7 4414.46 6255.95 6479.78 5655.35 7562.39 9504.25 7735.19 8274.27 8646.22 6091.69 9275.11 8033.11 6104.42 8460.81 7771.24 4888.16 7122.29 7614.36 5459.92 5627.43 4875.89 7017.11 7259.22 6022.47 5798.13 6230.32 7472.93 6099.55 6258.58 14907.7 3520.16 10467.2 6994.1 5123.79 9663.14 6521.77 8808.6 15237.3 7071.9 9057.51 4794.2 5892.8 4893.21 5259.74 5949.56 5674.44 5806.91 5271.9 5453.57 5550.15 5719.11 5539.33 5596.63 5523.41 5660.4 4944.47 4028.22 4718.66 4678.97 4479.01 3779.7 3969.48 4259.71 4403.49 4429.27 5236.46 4875.21 5123.29 4991.84 6398.87 5458.58 5280.42 4767.06 5788.39 6497.42 5328.55 5599.39 5024.81 5676.15 5724.98 5174.56 5351.9 5211.39 4985.02 6061.04 5856.5 5745.84 6737.9 6134.89 5339.46 5916.53 6188.75 5265.44 5698.43 4066.52 5279.68 3928.62 3455.82 6481.26 4095.43 5150.01 4547.36 5159.03 8947.23 3970.7 4195.09 7492.16 4126.39 6337.09 5213.18 7296.66 3841.82 3523.73 4396.47 5230.79 3582.01 3870.22 3905.53 3824.02 6355.74 7270.74 6125.06 6797.97 7271.32 7161.96 6871.48 7943.13 7795.07 5319.44 5379.12 4758.91 4892.35 4684.85 4717.71 4773.85 5498.14 3804.57 4479.38 5509.46 4049.18 5026.45 5327.32 5256.17 4660.69 4984.25 5081.78 4576.56 4532.42 5056.71 5711.75 4659.3 4878.25 4217.62 5120.78 4201.18 4637.73 4608.96 5284.95 3752.73 4222.34 4721.78 4177.02 3521.01 3356.57 3785.07 4205.89 3362.74 3339.36 3385.8 3792.27 5817.25 6993.95 5187.31 5537.96 3535.84 4271.02 3653.52 3840.8 3915.11 3773.13 3605.6 3622.83 3883.13 3487.12 4547.69 5543.79 4314.03 5200.6 5032.38 3754.11 4515.46 3818.25 3555.29 5122.77 5002.75 
2869.29 3309.03 2487.91 2469.37 5319.79 5528.05 3649.88 4393.14 2470.55 2468.45 2946.5 3337.53 3021.79 2227.34 4169.58 0 4095.12 5516.58 4079.64 5650.38 6950 7552.5 7251.81 8221.33 7708.45 7822.92 7205.04 7795.36 7146.51 6657.31 6884.74 7270.3 7317.36 7461.45 6589.17 6611.17 7831.51 7084.52 8227.77 4209.14 5146.15 3953.98 4584.67 3752.17 3680.06 3706.33 3833.7 6536.18 5590.36 5515.52 7106.67 7917.06 7034.84 7139.18 7884.95 5078.6 7574.61 6519.59 5039.05 7165.61 7219.38 4695.53 6680.34 7161.75 2453.23 2484.83 1784.34 6880.05 7200.26 5203.22 5650.33 6823.84 5130.01 4653.57 3711.86 11869.9 3739.47 11159.8 5504.69 6144.81 6782.06 7408.99 9295.21 11576.4 7454.19 8706.51 4703.07 4337.5 3804.84 3648.09 4887.13 4121.78 4483.72 3722.32 4545.77 4383.57 4251.75 4105.57 3931.45 4034.35 4008.02 3795.6 3923.76 3916.25 3962.59 3676.22 3043.38 2941.92 2448.45 4432.84 3780.08 4383.36 3984.95 4540.31 4828.04 5352.96 4623.32 4714.56 4486.56 5390.03 5545.39 4959.8 5084.45 4467.97 5422.16 5269.89 4592.21 4895.99 4975.5 4512.79 5023.43 5048.93 4966.49 5723.29 5306.55 4809.05 5093.98 5193.41 4783.18 5114.44 3251.67 5041.29 2878.21 3285.8 3773.8 3034.88 3589.83 2884.46 2258.99 7685.3 2548.78 3577.75 5243.92 3407.36 3577.29 2669.39 5437.73 2565.84 2474.41 3750.14 3065.34 2315.12 2613.73 1984.06 2106.41 3543.72 6766.4 5597.39 5894.77 6760.11 6479.26 6073.1 7543.91 7440.38 3695.92 3997.75 4563.58 4153.86 4759.08 4685.36 3888.31 5425.49 3229.82 3655.96 3894.33 3268.07 4284.79 4736.07 4797.61 3101.38 4742.08 3915.58 3984.04 3384.82 3650.94 4685.06 2983.1 3551.68 3632.25 3449.77 3056.6 3188.19 4368.41 4636.18 3933.87 4298.87 4369.39 2710.77 2182.7 2739.47 3184.09 2730.95 2117.22 1981.11 2034.51 2296 2995.16 3871.45 4624.76 5438 3413.8 4236.24 3113.08 3797.36 2461.65 2014.93 3324.25 3214.54 3129.73 3177.17 4540.88 5295.75 3714.82 4214.79 3915.15 2990.47 3656.92 3423.07 3629.6 5018.1 5583.79 
4525.44 4055 4054.42 4614.32 7010.12 7378.67 3223.07 2922.06 3616.18 3364.78 2715.51 3010.08 2330.49 3935.98 4413.42 4095.12 0 6228.73 2887.11 4781.95 5429.67 5904.53 5645.88 6969.8 5857.58 6391.52 5429.11 7046.78 5628.45 5012.96 5579.72 6499.34 5758.56 7033.93 6789.32 6651.51 8112.94 6929.04 8386.23 3915.23 4673.71 3679.12 3174.66 3277.53 3151.63 3342.41 4672.06 6643.81 5021.73 4955.72 8182.71 8915 7743.43 8262.89 9305.58 3916.03 9625.56 7539.73 4813.08 7793.76 8376.9 5595.01 7398.06 8240 4765.38 4941.17 4164.83 7981.02 7767.81 5923.1 6684.39 6582.87 6331.23 6142.34 5013.43 14728.8 4700.6 11743.5 7274.48 5630.23 9352.82 4771.82 9947.82 14137.1 7551.89 10098.1 2895.15 4230.68 3126.72 3529.58 3800.09 3997.64 3422.03 3636.58 3664.01 3703.09 3837.67 3866.33 3974.08 3929.49 4038.3 4037.37 3608.99 4909.92 4001.7 3801.9 2886.83 2955.89 3482.91 3530.76 3203.32 3058.43 2716.68 3285.74 2879.84 4879.48 3540.39 3461.05 2951.29 4060.15 4685.25 3202.52 3955.49 3356.52 3785.63 3917.02 3123.92 3463.42 3222.82 3174.31 4342.6 4094.13 3862.44 5064.86 4442 3590.03 4169.44 4434.32 3281.56 3859.73 2569.83 6285.42 3829.79 3431.76 6178.31 2559.11 5586.94 2956.98 4381.2 9982.83 2675.21 2764.89 7437.98 2792.84 5627.57 4476.39 7332.59 2571.85 3470.62 2757.14 4107.69 2737.87 2470.13 2830.62 2310.6 5550.61 7908.96 6718.37 7491.62 7809.53 7931.88 7400.79 8624.41 7204.54 5008.87 5699.25 5977.39 5762.6 6095.29 6246.47 5421.71 4378.73 4235.18 4488.84 4477.67 3467.12 5017.18 6211.89 3752.53 4422.8 5363.4 4960.88 4206.97 4097.43 5269.56 4954.57 4188.75 4421.46 3145.75 4754.02 3513.56 4316.06 5584.97 5668.49 4471.79 4624.21 5763.74 4130.1 2630.65 4614.73 5469.84 4365.9 3895.38 3654.39 3412.91 3772.83 5843.09 6938.46 5616.24 7396.44 4951.61 6295.13 4828.65 5358.15 3448.26 3848.51 4287.51 2891.05 3231.98 4423.72 4762.38 7171.68 4817.19 6047.76 3672.23 4660.41 5458.67 3590.38 3077.97 3179.05 4070.07 
6616.8 6421.62 6340.92 6730.1 9948.09 9313.88 5563.32 6490.64 4123.68 4522.7 4184.97 4552 5861.99 5113.9 5643.1 5516.58 6228.73 0 7053.49 5522.31 9840.76 10375.1 10036.5 11087.2 10642.8 10780.9 10038.9 10447.5 9883.49 9598.03 8636.72 8849.77 10237.5 10369.7 9837.05 9693.77 11127 10136.4 11466.9 7130.98 8067.48 6868.33 7529.12 6706.19 6621.24 6645.59 6906.71 8677.46 6515.22 4951.28 10973.3 12829.8 10420.1 11400.9 11237.7 8046.01 11672.6 11104.9 7227.35 11448.6 10149.6 6593.3 9517.91 10320.7 7244.26 7248.69 6574.65 9892.54 10813.4 9054.58 9001.49 6834.15 9136.22 8592.37 7821.22 16952.2 5420.46 11780.7 9087.92 5025.99 11549 6842.03 11071.8 16569.9 6022.28 10001.5 6598.79 7246.94 5474.38 6488.56 7854.91 7077.92 7343.5 6643.93 7217.64 7352.83 7255.71 7029.37 6936.81 6967.23 7070.46 7130.54 7273.96 5823.52 7027.41 6555.06 5850.43 6160.08 5538.16 7369.33 6800.94 7211.13 6867.53 7494.9 7433.12 8334.76 7565.38 7662.31 7109.8 8354.99 8526.69 7895.45 7976.85 7423.44 8374.88 8216.45 7558.42 7844.35 7871.04 7462.13 8006.05 8016.86 7891.47 8664.2 8242.1 7339.7 8030.53 8171.97 7750.47 8048.76 5489.63 7035.12 6081.11 5932.75 8197.48 5662.77 7198.33 5782.47 6790.22 8496.95 5218.39 5681.2 9709.67 5013.71 7709.05 6930.25 7961.35 4806.69 5101.35 6097.15 6426.11 4875.58 5159.26 5108.76 4945.94 7605.91 9845.44 8213.18 8829.1 9714.98 9838.32 9474.22 10745.5 10890.9 7619.05 7658.89 6940.95 7198.97 6059.08 7071.27 6873.25 8892.94 6288.7 7428.19 7669.2 6400.31 7155.22 7414.13 7548.01 6597.43 6882.83 7003.16 6664.14 6516.82 6903.27 7215.84 6306.98 6883.16 4572.83 7051.08 6157.99 6293.87 6775.06 7983.19 6606.71 7341.11 6608.2 3948.82 4479.22 5181.05 5507.47 5966.62 4983.85 4602.39 5112.61 5755.48 7662.85 8725.24 5674.32 6551.62 5145.16 5883.65 5310.49 5335.28 5739.4 5739.3 5658.48 5351.32 5318.73 5773.1 4890.85 7773.29 5214.11 7614.53 7111.2 4523.29 5551.49 6175.36 6149.9 6286.38 5821.04 
4202.19 3949.01 3671.31 4119.7 6623.37 7496.77 3443.2 3012.59 3675.88 3582.81 3441.77 3460.4 2553.24 4026.28 4567.73 4079.64 2887.11 7053.49 0 5896.86 5434.05 6138.9 5874.75 7064.27 6089.64 6412.57 5644.45 6952.66 5888.07 5071.28 6130.17 5955.07 6100.27 6714.61 6235.73 6444.69 7932.35 6219.74 8048.13 3981.82 4625.84 3608.83 2981.08 2852.43 2720.69 2648.05 3503.1 5711.34 4879.13 5052.22 6879.08 7888.59 6375.33 7032.15 8189.27 3413 8119.52 6802.79 4065.36 6820.72 7256.34 4779.57 6829.46 7153.07 4194.25 4558.04 3650.16 7096.87 7217.61 5021.37 6054.78 6519.59 5286.77 5166.26 4108.74 14214.6 4906.22 12224.1 7251.73 6300.89 8879.36 5917.1 9824.64 13721.4 7792.38 10301.4 3151.77 4160.69 3368.23 3650.26 3755.23 3973.56 3195.02 3425.63 3454.78 3124.62 3542.56 3529.84 3582.03 3585.7 3587.98 3141.6 3114.61 4769.21 3612.57 2731.92 2242.64 2570.82 3078.34 3346.78 3311.48 2770.48 2597.9 2818.65 2912.99 4041.16 2923.24 2999.38 2644.39 3285.99 3927.17 3036.7 3073.42 2907.89 3010.99 3207.04 2739.87 2831.15 2850.43 2659.45 3475.36 3262.42 3298.89 4145.19 3569 2990.5 3243.49 3731.2 2956.86 3414.19 2714.06 6205.53 3364.63 3555.95 6360.82 2781.33 5504.06 3041.63 3782.33 10460.4 2760.99 2955.33 6639.28 3096.22 5336.41 3854.22 7610.58 2817.9 3497.53 2869.08 3977.81 2660.7 2453.38 2445.53 2527.12 5670.4 6469.21 5654.81 6278.05 6484.12 6595.46 6200 7301.53 6410.78 4786.43 4902.97 5606.82 5393.81 5800.87 5678.46 5074.54 3526.75 3800.86 4169.51 4411.98 3166.66 4954.28 5868.19 3794.67 4157.97 5025.97 4652.14 4170.49 3600.86 4902.79 4827.31 3823.04 3761.72 3766.13 4207.52 3024.13 3916.43 5091.97 4628.21 3794.2 4122.39 4736.62 4483.42 3085.44 4532.36 5401.76 4033.2 3511.4 3411.78 2955.1 3351.45 5421.89 6553.53 5979.86 7454.26 5149.8 6308.82 5041.53 5281.33 3201.73 3237.41 4064.31 3074.25 3298.26 3724.56 5225.45 6973.94 5044.75 5608.24 2638.67 4807.92 5562.87 2957.43 3230.44 3653.36 4555.33 
6161.16 5715.66 5781.65 6207.28 8760.34 8337.85 4624.86 4541.47 4653.9 4836.09 3724.99 4214.38 4318.41 5442.47 6139.87 5650.38 4781.95 5522.31 5896.86 0 8232.37 8611.97 8160.23 9344.18 8933.08 9580.09 8391.9 7951.84 8153.68 7987.17 6558.19 5938.67 8805.12 9229.12 8706.95 8564.16 10039.4 9005.19 10337.3 6001.07 6936.2 5738.84 6313.5 5540.51 5479.36 5488.84 6846.39 9144.61 6422.71 5657.15 10851.7 12281.8 10207.5 11302.2 11987.5 6761.95 12150.5 10075.9 7093.95 10983.7 10420.9 7324.29 10074.3 10973.2 6632.65 6718.24 5934.91 10485 10889.7 8826.39 9452.43 8825.89 8443.19 8153.31 7112.78 16358.3 5632.78 12234.8 9073.41 6385.05 11034 5269.99 11918.3 15832.4 8227.77 11412.1 4521.88 6078.2 3774.71 5296.2 6668.38 5925.82 5590.45 5454.12 5002.01 6194.19 6123.77 5897.19 5805.61 5825.24 5938.87 6218.36 6549.66 6706.74 6352.99 6043.27 4629.13 4998.88 4787.68 5232.68 5247.68 5757.59 5408.21 6325.14 5311.68 7205.14 6436.16 6485.79 5350.75 7132.17 7397.07 6543.54 6651.02 6258.52 6936.52 7054.31 6316.92 6517.63 6458.93 6147.22 6855.25 6860.11 6755.88 7507.45 7112.14 6055.92 6890.61 7038.5 6582.29 6902.97 4101.16 7790.35 5273.83 5404.91 8018.42 4271.65 7142.27 4560.98 6319.76 10371.7 4081.46 4136.53 9490.87 4311.54 7164.33 6102.09 8227.59 3925.45 4856.32 4612.19 5791.51 4281.98 4185.84 4474.54 4172.35 7198.06 9917.14 8641.62 9509.87 10016.7 10097.4 9746.89 10682 10242.1 6802.81 8005.02 7747.49 7593.57 7649.83 7972.91 7280.83 8087.04 5821.29 6506.85 6785.64 5576.85 6227.56 8160.49 6327.45 6371.4 7138.58 6695.16 6132.94 6307.43 7174.45 6750.43 6136.93 6401.18 3714 6809.18 5724.57 5920.01 6279.89 7949.47 7116.23 7374.1 7668.99 4939.53 4131.47 6112.54 6741.09 6027.06 5402.55 5053.81 5123.56 5428.9 7479.55 8657.87 5331.35 8436.6 6462.85 7323.95 6339.52 6627 4981.71 5502.05 5909.59 4682.94 4282.92 5687.9 4439.67 8712.05 6401 7551.31 6407.13 5777.48 6543.8 5726.24 5858.28 4185.68 5306.71 
7063.75 6790.12 6404.94 7111.76 9770.92 10629.5 6055.25 5648.7 6485.13 5979.04 6369.85 6401.91 4788.97 6938.09 7878.63 6950 5429.67 9840.76 5434.05 8232.37 0 5134.05 3187.4 4469.93 4185.76 6127.6 4668.5 5988.39 3823.93 3303.39 5280.19 7325.65 3852.75 4472.19 4839.62 3680.77 4623.57 4991.03 5477.56 3674.19 3454.27 3760.47 4507.89 4385.92 4520.8 4910.11 7086.64 7733.63 7397.47 7482.3 10304.6 10958.8 9334.64 9964.26 11376 4653.73 11237.3 9396.15 7359.16 9591.51 9924.32 7429.34 8938.92 9411.14 7218 7296.05 6371.01 9480.42 9501.19 8457.01 8134.06 9084.35 8174.75 7743.27 6870.47 17137.1 8045.5 15442.8 10460.8 9276.52 11734.9 7908.31 13509.8 16446.2 11502.1 13379 5573.81 4564.4 4946.32 4572.3 4764.87 4256.4 3991.83 4512.35 4599.76 4424.84 3808.79 4253.4 4564.94 4230.68 4598.84 6463.39 6373.71 6893.14 6490.25 6517.54 5387.42 5432.51 6184.12 6124.02 6303.57 4452.12 4000.44 5117 4452.27 6371.69 4749.8 5402.59 4934.9 5735.97 5971.44 4312.54 5761.75 5111.21 5263.85 5714.09 4764.2 5090.05 5019.15 4916.98 5042.93 5439.85 5089.22 6615.52 5655.55 5631.49 5617.2 5219.5 5100.94 5282.04 5011.21 9611.14 6300.12 6733.37 9274.15 4819.59 8529.82 4162.51 6777.32 13642.4 4877.37 5113.8 9842.82 6094.75 8323.81 7074.45 10803.8 5345.58 6618.14 4824.33 7343.95 5780.9 4995.65 5466.52 5292.87 8437.54 10387.9 9008.79 9700.78 9926.3 10211.8 9902.24 10953.1 10006.9 7843.65 8412.93 7545.59 7387.13 8324.2 8259.15 6997.51 7376.86 6816.95 7088.32 7771.72 6047.93 8117.4 8661.14 7014.43 7235.91 8290.59 7281.98 7001.84 6532.86 7675.23 7653.44 6343.02 6438.05 6174.56 7272.19 6157.79 6807.84 8181.1 8263.43 7117.1 7168.62 8446.32 7404.65 5615.72 7405.69 8262.34 6855.02 6327.78 6263.85 5796.58 6214.48 8286.16 9426.14 9107.44 10576.6 7816.37 9043.51 7721.49 8057.66 6284.52 6433.48 6880.29 6386.24 6520.2 6896.1 8388.76 10348.3 7770.66 8485.06 5053.09 7781.1 8474.65 6331.81 6006.75 5654.39 6877.53 
