242 242
0 3589.16 1841.38 5298.76 4948.6 4192.95 4725.05 3025.75 3194.9 3512.11 3718.11 3400.31 2869.29 5735.59 6616.8 6161.16 5870.24 7063.75 7658.92 8208.73 8340.07 7839.24 8010.59 7321.48 7955.2 7239.87 7059.8 6882.36 7530.18 7446.91 7712.08 7041.55 7056.42 8701.71 8279.01 7500.39 8680.29 4505.78 4620.36 4235.26 4762.7 4638.95 7440.23 6032.46 6061.82 4874.34 4580.98 4503.21 6392.95 7204.68 8288.34 6224.77 7245.26 8160.32 7373.67 5253.02 6018.55 7510.37 7662.95 5378.18 7902.73 5789.53 6035.57 5237.49 5321.3 3089.75 4042.11 3027.18 3016 7394.92 7218.79 6354.64 4675.54 7380.1 7736.31 4210.54 3417.33 5528.48 4823.38 3564.4 3662.74 4464.32 10933.8 5701.84 7785.9 8825.58 5043.44 12365.8 8735.59 13791.1 5664.02 12992 8719.31 8539.24 4947.39 4049.37 3918.75 5117.81 3977.31 4660.42 4612.47 4803.45 4390.04 4312.91 4340.88 4428.38 4224.27 4651.05 3665.67 4218.2 4677.55 4066.99 4163.97 3719.3 2327.59 4498 3361.75 4212.74 3706.27 4795.59 4938.35 5736.9 4663.29 5606.11 5905.7 5125.43 5382.41 4732.75 5630.25 5561.51 5178.05 4741.09 5353.25 5350.92 5274.29 5557.43 5376.72 5561.93 5062 5423.28 3004.8 4478.21 3374.59 2922.68 3175.24 3284.28 2932.32 3879.58 4843.5 3707.21 6231.06 3953.71 4722.02 3507.81 2910.41 3235.88 3949.4 2460.37 3421.83 2661.06 2733.25 2961.56 2594.13 5649.89 4470.86 7256.78 7451.22 7079.56 6777.09 7389.39 4119.04 4398.66 5950.8 4922.95 5697.64 4627.83 5509.78 3740.25 3196.09 3542.8 4122.34 4249.6 4392.33 3077.97 4651.02 2970.19 3915.79 3812.12 3279.67 3172.25 3059.43 2811.07 4106.43 2560 3035.46 3140.9 4861.82 4253.15 4379.67 4727.79 4601.63 3393.42 3558.88 2781.97 3727.56 2790.12 2853.48 3131.83 2826.77 3590.49 3138.63 3123.43 2874.96 2776.02 3614.21 3745.37 6028.24 5684.08 4229.1 4983.47 3953.67 4377.44 2759.31 2619.22 4178.55 3682.53 3598.54 3884.4 5062.59 5674.86 4478.9 3982.12 4051.24 5794.43 6245.77 3998.75 4176.17 3432.22 3431.78 5349.85 6063.86 5502.79 
3589.16 0 3213.19 6690.04 6777.06 3683.78 4260.83 3507.36 3027.19 3104.97 3218.9 2503.15 3309.03 5317.58 6421.62 5715.66 5746.36 6790.12 7366.68 7882.24 8071.13 7543.14 7698.96 7032.78 7642.32 6887.18 6620.83 6569.1 7105.37 7117.35 7336.53 6809.03 6649.97 8325.98 7998.57 7133.47 8443.2 4086.32 4280.16 3861.39 4501.07 4069.36 6907.26 5452.45 5664.18 4663.22 4911.93 4809.7 5969.19 7010.53 7884.31 7509.43 7643.64 9013.73 9048.82 4936.63 7639.14 8645.14 6520.09 5504.47 8069.77 7162.18 8000.94 6248.55 5976.76 3579.06 3467.45 3631.28 2987.7 5308.78 6987.74 5785.62 4172.57 5390.83 7691.19 5744.46 5311.08 3878.94 3166.96 4118.3 4488.21 3806.35 10418.8 6881.67 7363.64 7569.42 4934.31 12631.9 8793.38 13481.4 5366.32 13273.1 9099.04 9199.32 4583.5 3658.5 3511.4 4782.68 3599.29 4429.57 4239.68 4371.34 3991.38 3898.72 3926.52 4040.76 3839.72 4355.87 3158.31 2687.8 4817.09 2972.97 3433.31 2991.86 2789.88 3907.49 3607.05 3902.18 3412.41 4498.49 4723.92 5327.91 4378.05 5287.64 5540.49 4850.5 5052.56 4404.75 5344.14 5239.81 4866.48 4424.98 4999.36 4996.62 4909.64 5212.77 5045.58 5158.71 4695.72 5025.86 2418.46 5428.8 2959.6 2503.33 2812.32 3910.27 2613.9 3477.72 4452.17 3342.04 6696.11 3383.85 4656.6 3632.85 2547.5 2840.83 3446.63 2755.85 3327.36 2543.75 2381.9 2637.29 2215.2 5569.17 4964.22 5539.49 6118 5585.05 5424.85 5332.59 4527.9 4832.05 5292.42 3792.96 5290.97 3417.52 4446.85 2321.31 3483.22 3614.68 2596.56 4934.65 4777.22 3839.13 3455.12 4375.88 4307.97 2975.72 3117.11 4360.54 3835.07 3400.47 3626.16 4066.44 3037.96 2842.89 3251.98 3122.63 2890.23 3014.04 3516.72 3186.01 3892.35 2599.57 3491.13 2322.2 2764.71 3064.41 2774.35 4644.56 2512.81 3971.28 2670.16 2692.92 3377.74 3374.4 6415.71 5672.63 3481.08 4079.64 3187.76 3534.17 2320.64 2486.41 3817.91 3200.93 3243.76 3467.6 4533.83 5719.83 5036.43 3953.5 3403.45 6219.28 6746.64 4140.17 4419.56 2853.91 2975.18 4861.2 5803.08 5151 
1841.38 3213.19 0 5435.55 4825.43 3714.63 4079.01 2463.07 2839.11 3187.16 3073.81 2881.03 2487.91 5498.48 6340.92 5781.65 5660.26 6404.94 6930.05 7529.17 7661.4 7132 7284.76 6685.9 7325.58 6588.8 6451.26 6215.41 6919.66 6737.05 6957.38 6300.91 6288.26 7975.21 7472.75 6784.93 7912.73 3770.98 4002.46 3540.16 4109.19 4071.06 6830.95 5392.35 5426.32 4353.75 4313.05 4193.55 5822.53 6717.69 7833.81 6168.89 6709.15 8148.62 7091.07 4592.24 5911.52 7020.98 7039.59 4776.89 7173.85 5706.01 6205.49 4879.79 4565.67 2833.48 3694.35 2454.85 2195.9 7258.44 6785.4 6338.88 4454.49 6973.15 7190.68 3805.62 3336.85 5029.06 4398.95 2668.23 2803.94 4200.45 10996 6184.84 7348.28 8772.74 4629.33 12471.1 8670.41 14034.3 5639.39 12151.3 8286.24 8776.2 4454.56 3518.21 3210.34 4453.48 3276.86 4147.75 3966.17 4038.3 3672.56 3610.13 3608.6 3731.1 3507.59 3900.8 3384.25 3917.91 4187.78 3715.53 3740.57 3284.61 1990.43 4169.13 3111.38 3649.59 3062.43 4203.2 4321.33 5043.05 4046.78 4883.74 5201.42 4549.15 4757.87 4128.75 4959.07 4922.24 4515.62 4101.25 4625.82 4647.73 4588.78 4838.5 4717.03 4875.08 4358.29 4730.42 2571.47 4338.61 2684.92 2284.9 2580.83 2629.4 2315.84 3296.42 4205.37 3105.57 5573.61 3488.71 4302.47 2898.2 2327.13 2654.66 3188.25 1929.44 3236.5 2308.61 2133.17 2486.22 2117.82 5257.12 4148.35 6943.94 7043.72 6680.21 6403.75 7089.58 3893.87 4030.83 5669.24 4707.2 5288.74 4413.37 4918.01 3530.27 3037.14 3180.03 3989.87 4217.31 3904.84 2650.04 4218.2 2783.53 3718.4 3494.06 3000.5 2783.79 2629.67 2429.27 3555.78 2295.55 2739.35 2732.19 4524.16 4120.32 4175.69 4519.81 4317.96 2860.07 3224.96 2286.69 3568.92 2639.03 2670.41 2829.66 2461.76 3274.11 2946.15 2704.98 2492.03 2345.09 3373.09 3651.89 5480.68 5653.16 4115.05 4820.39 3712.05 4271.56 2429.37 2130.38 3751.08 3336.96 3294.2 3546.14 4837.68 5535.47 4148.69 3735.74 3857.97 5592.19 5978.57 3368.21 3932.32 2854.22 2789.97 4811.98 5504.4 5059.28 
5298.76 6690.04 5435.55 0 5920.32 7873.39 7651.65 6746.42 7351.45 7293.24 6473.37 6325.4 6661.11 9952.81 10818.3 9721.17 10106.6 10115.4 10618.2 11009 11618.1 10764.5 11001.6 10283.3 11369.7 10407.4 10493.8 10015.7 10843.5 10521.7 11155.8 10571.9 10517.6 12273.7 11859.2 10834.3 12205.4 7953.92 7610.55 7711.37 7584.5 8254.3 10591.7 9621.07 9775.19 8354.72 7116.29 6609.76 9556.87 8049.58 8899.58 6804.6 8144.49 8016.73 7865.07 8234.9 7030.69 8498.52 9562.57 8517.49 8729.1 8604.41 8056.03 6773.21 7523.51 6209.62 6842.87 6139.63 6227.58 10084.8 10587.3 8373.75 7141.69 10128.5 10921.8 5437.31 5355.53 8961.45 7950.41 6254.97 5615.69 8238.99 12671.2 6522.06 10536.8 10926.5 7852.52 13402.2 10573.3 16017.2 8166.54 15795.4 11733.5 8999.27 7717.32 7365.33 7493.3 8251.97 7518.01 7875.18 7791.85 7994.88 7757.46 7765.29 7765.52 7768.89 7634.36 8172.53 6411.46 6846.16 8376.84 6581.1 7561.42 6637.85 6100.21 7148.62 6071.08 7222.63 7020.41 7494.68 7598 8738.18 7642.49 8274.01 8835 7768.1 7999.94 7458.48 8071.73 8217.76 7689.55 7270.97 8407.37 8192.24 8080.83 8533.23 8185.56 8576.34 7691.47 8139.17 6542.57 7116.26 6640.83 6449.79 6752.23 6595.42 6536.37 7194.63 7839.81 6982.85 8321.32 7351.83 7630.01 6448.96 6527.28 6865.69 7144.95 6108.79 7221.5 6524.6 6259.2 6429.95 6440.87 8889.73 8014.06 10822.5 10751.6 10532.5 10178 9361.89 6363.5 6748.92 9968.62 8666.3 9745.08 8250.88 7547.04 7108.49 5503.7 6852.1 7186.42 7089.31 6943.43 5595.37 7076.99 5960.45 6883.16 7085.55 6289.18 5977.55 6209.48 6168.07 7797.6 5405.24 6173.41 6629.07 8387.34 6945.76 7309.34 7640.3 7786.87 7112.22 7630.88 6730.51 7676.05 6413.94 6625.77 6873.41 7027 6384.27 6357.12 5028.2 6898.81 6837.31 6894.11 7129.74 8928.99 8962.11 8288.26 9023.01 7830.31 8416.99 5934.54 6149.24 7731.19 6820.09 7066.88 7601.25 8717.03 7732.68 8098.52 7972.29 7523.92 8849.97 8637.75 7220.38 7289.6 6410.22 6716.12 8074.07 9396.43 8726.68 
4948.6 6777.06 4825.43 5920.32 0 6955.78 6811.49 6058.58 6700.39 6427 6153.77 6303.62 5319.79 9400.09 9948.09 8760.34 9495.21 9770.92 10275 10886.8 11000.7 10473.3 10873.6 9937.65 10569.2 9901.29 9757.19 9539.12 10138 10223.6 10639.1 9871.11 9790.01 11645.9 11145.4 10145.3 11500.9 7455.57 7075.96 7281.17 7416.91 7787.45 10254.3 8952.92 9067.98 8015.24 6239.36 6308.82 9345.46 7953.44 7861.3 7720.25 7544.77 9635.25 8206.54 7989.75 7761.04 7322.53 7460.35 8260.2 7646.31 8730.7 8222.71 4949.13 5530.78 6008.26 6945.89 4729.26 4909.33 10777.4 10300.4 8933.9 7557.78 10531 10692 5096.5 5328.93 8887.17 8092.53 4938.79 4935.57 7431.77 12597.1 6206.33 10058.2 10571.7 7457.26 11395.3 10740 16409.4 8334.59 12735.1 11166.8 9686.75 7188.85 6771.05 6900.35 7908.29 6884.62 7368.56 7283.98 7472.63 7183.17 7036.85 7211.85 7025.42 7228.3 7435.01 6407.95 6987.4 7917.01 6780.79 7076.59 6305.94 5571.14 6743.14 5877.94 6783.5 6305.85 7344.06 7160.07 8308.32 7362.81 8099.77 8528.25 7624.57 7783.99 7254.67 7921.81 8036.48 7537.86 7172.18 7939 7994.95 7868.82 8213.91 7968.28 8174.47 7523.2 7990.98 6062.62 5373.56 5946.37 5828.92 6148.56 5384.56 5698.31 6412 7059.69 6290.36 6768.18 6496.28 6356.33 5227.43 5912.29 6161.84 6444.61 5548.4 6418.03 5921.87 5504.7 5778.36 5698.77 7093.06 6893.57 10459.6 10537.7 10408.9 10040.7 10355.6 5975.51 6312.25 9622.48 8473.79 9238.86 7988.38 8012.11 6740.97 5722.13 6230.35 6771.27 7396.39 6555.8 5689.13 7020.35 6028.83 7056.31 7188.6 6601.67 6105.75 6075.66 6140.17 6928.49 5594.21 6137.04 6606.12 7737.29 7376.1 7693.9 8006.1 7719.28 6461.26 6993.43 6053.25 7382.14 6099.99 5981.5 6219.52 6413.93 5761.45 6457.61 4799.54 6344.88 6241.27 6789.5 6776.12 7702.11 8860.7 7963.18 8825.37 7617.15 8205.13 5452.1 5675.94 7081.36 6327.62 6446.07 6852.14 8024.11 7322.27 7683.6 7304.2 7468.7 7882.9 7474.98 6562.36 7053.51 5849.94 5795.13 7486.95 8672.52 7962.53 
4192.95 3683.78 3714.63 7873.39 6955.78 0 2980.73 3668.34 3043.4 2473.1 2904.24 4436.68 3649.88 5505.52 5563.32 4624.86 6112.91 6055.25 7147.98 7578.28 7459.76 7232.88 7596.52 6737.66 6542.98 6590.65 5639.4 6191.44 5580.53 6817.42 6116.22 5699.16 5785.17 7299.98 7207.63 5939.88 7259.19 3729.43 4042.72 3248.84 4272.21 4335.96 6029.02 4282.41 3954.67 4239.75 5781.99 4926.22 5207.01 7962.75 9096.88 7077.46 8008.48 9764.97 8675.51 4206.86 7233.06 8853.11 7309.4 4441.56 8345.36 6797.09 7716.37 6736.18 6160.29 3856.15 4672.12 4440.84 3578.84 7276.21 6470.33 7959.68 5947.91 7063.88 7056.49 5414.34 4916.67 5415.59 4591.99 4119.82 4154.83 4063.28 11764.5 8915.82 5643.99 8447.45 5271.65 15287 10077.8 15416.9 6587.21 13861 7207.57 9488.63 3411.58 3397.5 3198.48 4450.03 3333.01 4259.92 3781.2 3976.08 3689.72 3594.75 3663.87 3706.2 3407.75 3825.81 3912.94 4330.28 4068.15 4354.15 3341.33 3593.79 2939.88 4185.04 3834.13 3852.96 3607.19 4211.3 3934.97 4821.09 3890.88 4738.84 4747.53 4244.86 4507.48 4321.4 4437.75 4751.33 4356.3 4033.94 4061.13 4291.77 4052.06 4318.58 4480.5 4260.82 4414.49 4620.44 3155.2 5876.48 2662.3 2723.43 2998.78 4088.53 2561.96 2782.62 3508.34 2607.94 6892.67 2447.85 5236.11 3822.6 2689.06 3043.21 2704.21 2904.5 3387.56 2315.29 2337.15 2741.32 2168.73 6497.22 5272.39 7178.5 7282.32 7109.48 6752.61 7867.14 5401.87 5908.88 5686.95 4555.52 5116.65 4483.15 5142.74 4043.1 4508.01 3973.74 4333.26 5892.57 4231.52 4559.51 3823.7 5003.17 5274.91 4184.05 3842.6 4774.77 3935.02 3863.89 2717.03 4464.77 3436.03 3369.25 4893.33 5564.81 4986.92 5412.76 4691.86 3081.32 3778.34 2590.06 4971.11 4007.49 3235.45 2804.54 3112.88 4205.37 3814.05 4480.31 3488.72 3295.57 3943.22 4245.8 5173.54 6978.16 4530.53 5684.56 4480.28 4593.59 3040.36 3350.72 4054.5 3196.83 3003.21 3819.68 4027.77 6684.9 4704.16 4319.29 5069.38 7121.03 6363.3 3369.22 3705.68 2682.12 2733.35 3769.56 3865.8 4052.22 
4725.05 4260.83 4079.01 7651.65 6811.49 2980.73 0 4251.07 3464.89 3244.67 2873.55 5041.56 4393.14 6473.57 6490.64 4541.47 6928.31 5648.7 6419.27 7176.67 6992.48 6533.42 7411.92 6039.95 5947.27 5998.24 5035.96 5738.93 5102.7 6553.71 6728 6304.24 6316.3 7914.22 7897.76 6355.45 7982.64 3920.16 2936.2 3668.59 3972.5 4905.32 6003.7 4923.57 4778.87 4396.91 6230.89 5043.73 5378.32 8063.7 9285.62 7344.08 8222.42 10133.7 9117.09 4159.34 7025.62 9270.2 7040.87 4916.23 8216.27 7328.17 8084.47 7157.63 6354.45 4152.65 4763.3 4749.39 4123.44 7673.91 6552.46 7983.56 6216.64 7350.78 6970.27 5933.71 5386.76 6297.83 5139.06 4395.29 4726.67 4580.02 11945.2 9447.29 5126.54 7881.93 5697.91 15985.7 10019.7 16743.8 6441.7 14246.2 7748.98 10385.9 2680.32 3253.04 3495.85 4363.87 3561.34 3357.38 3874.48 4121.1 3695.92 3821.11 3874.31 3972.47 3668.78 4192.83 3758.54 4171.48 4801.36 4117.06 3587.62 3061.73 3414.66 3046.02 3048.47 3267.29 3027.2 3732.42 2963 4768.81 3722.7 4329.12 4668.07 3796.88 4014.47 3827.35 3747.03 4162.48 3502.82 3557.68 4067.53 4154.89 3867.71 4307.14 4243.42 4372.2 4058 4232.06 3449.24 6742.29 2587.22 2758.84 3072.09 4283.72 2647.45 2303.48 2582.42 2726.4 7152.45 2827.2 5798.38 4275.98 2767.02 3184.34 2542.89 3288.12 4100.61 2850.98 2525.13 2437.81 2765.54 7173.44 6039.63 7612.3 7574.34 7737.91 7298.79 7890.79 4886.55 5968.67 6496.69 5413.83 5925.59 5181.17 4943.37 4204.02 5091.49 3722.9 5037.83 6233.92 4135.38 4597.12 3824.78 5234.74 5739.07 4801.15 4052.98 5180.16 4305.46 4171.01 3238.82 4891.38 3500.45 4265.16 4819.5 5646.43 5241.64 5759.05 4795.79 3783.97 4565.53 2970.21 5680.4 4543.2 3342.4 3259.29 3954.37 4572.21 4238.76 4576.9 3962.31 3700.63 3959.09 5041.31 5091.33 7647.55 5320.8 6424.19 5097.73 5350.95 3440.56 3783.85 4004.77 2962.07 3248.64 3928.07 4603.15 7018.42 4804.57 4869.16 5702.27 7942.7 6518.91 3012.1 3348.82 2580.32 2702.39 2993.3 3815.59 4010.38 
3025.75 3507.36 2463.07 6746.42 6058.58 3668.34 4251.07 0 2283.4 3091.43 3408.2 2567.71 1798.8 4441.38 5358.65 5797.33 4425.56 6780.13 7483.92 8062.05 8123.95 7628.81 7749.01 7124.82 7567.58 7077.89 6853.99 6679.84 7174.82 7235.17 7235.45 6452.82 6482.34 8271.19 7705.52 6961.32 8042.29 4096.15 4415.32 3844.15 4574.32 3351.5 5891.76 5545.61 5059.24 3490.19 4265.07 3889.25 4966.12 6547.49 8338.48 6487.98 6861.86 8420.42 7123.31 4945.22 6057.23 7195.63 6777.93 5034.12 6876.79 6025.1 6403.88 5690.87 5147.2 2982.03 3742.2 2882.73 2233.99 6474.8 5401.7 6895.05 4864.82 6304.38 6354.92 4902.57 4416.97 4502.37 4084.46 3189.42 3606.41 3534.05 10808.7 7316.89 7231.28 7924.98 4765.01 12818.8 8838.12 13753.1 5548.47 12493.5 7060.27 8606.91 4755.34 3930.41 3597.15 4835.15 3612.99 4498.36 4156.38 4217.69 3985.87 3844.45 3977.54 3889.02 3877.12 4130.89 3742 3921.17 3512.96 3794.07 3574.08 3508.95 2447.19 4438.52 4017.74 4023.59 3643.81 4526.44 4743.38 5306.64 4361.83 5213.27 5442.77 4896.21 5060.44 4438.16 5285.68 5183.32 4823.42 4422.65 4865.39 4907.61 4830.45 5114.04 4954.82 5113.33 4779.77 5065.61 2640.67 4750.72 3014.47 2702.28 2968.06 2589.24 2557.48 3528.06 4388.23 3351.89 5563.18 3321.05 4138.12 3013.13 2796.14 3006.02 3614.37 2059.19 2750.77 2262.95 2484.88 2704.63 2372.66 4620.96 3976.51 6493.44 6175.33 6127.2 5819.9 7552.12 3848.87 3798.15 4565.44 3822.03 3925.66 3676.75 5231.46 3148.73 4247.32 3180.61 4361.11 4271.53 4708.86 3107.05 4442.32 3269.88 4245.45 3718.72 3366.61 3259.83 2908.11 2872.37 3788.56 3226.2 3060.62 3052.85 4270.62 4147.65 4063.22 4494.3 3588.64 3065.5 2729.13 2194.05 2626.6 2803.96 2127.69 2573.58 1999.07 4057.18 3204.63 3265.72 1911.75 1702.66 2700.23 3761.62 4449.19 4963.22 3171.62 3730.3 2733.72 3279.61 2448.11 2041.06 2804.3 3288.2 3434.75 2623.25 4272.96 4967.13 3149.59 2644.97 3508.66 5669.51 5413.53 2980.5 3454.39 3141.28 3206.79 5166.79 5105.9 5310.93 
3194.9 3027.19 2839.11 7351.45 6700.39 3043.4 3464.89 2283.4 0 2240.39 3098.09 3543.94 2468.45 3719.36 4522.7 4836.09 4251.89 5979.04 6683.73 7153.5 7285.43 6784.89 7033.83 6208.12 6819.48 6116.25 5906.12 5757.13 6439.77 6347.02 6481.75 5982.48 5784.43 7469.49 7237.24 6323.4 7611.92 3194.47 3677.57 3046.15 3864.74 3621.78 5234.73 4587.73 4166.68 3132.13 4864.36 4463.28 4814.39 7482.58 9181.24 7151.52 7546.97 9359.05 8092.78 4392.78 6915.44 8193.72 7655.14 4700.21 7938.55 6307.1 7065.11 6528.82 5672.69 3329.73 4132.73 3753.41 2932.81 6713.92 5520.46 7272.96 5458.99 6495.22 5671.68 5538.77 4927.58 4997.09 4068.09 3810.06 4089.51 3366.81 11521.5 8050.59 6302.57 8591.94 5242.23 13833.8 9684.77 14079.3 5943.72 13087.3 7470.32 9377.45 3917.46 3176.96 2820.84 4241.59 2981.41 3779.41 3394.27 3665.33 3281.83 3186.37 3339.37 3400.25 3056.73 3727.84 3638.02 3699.17 3359.73 3533.94 2979.48 3218.76 2583 4109.36 3835.65 3180.87 2841.72 3833.62 3942.06 4733.53 3702.78 4737.3 4813.94 4200.43 4444.52 3863.99 4572.15 4617.03 4265.09 3852.68 4098.74 4314.5 4079.09 4511.88 4400.6 4347.85 4175.23 4174.04 2946.39 5200.68 2213.03 1971.74 2170.05 3330.75 1720.79 2537.04 3571.66 2496.29 6442.85 2510.08 4818.14 3772.39 1917.4 2169.88 2881.41 2260.76 2494.65 1782.36 1884.2 1920.72 1673.12 5291.33 4591.24 6482.15 6227.39 6529.27 6182.03 7304.35 4643.56 4580.73 4806.04 3563.84 3945.68 3365.54 5247.59 3085.13 4477.42 3345.04 4331.46 4571.36 4815.69 3417.91 4597.22 4031.57 4324.35 3506.87 3008.02 3637.26 3058.04 2988.17 2609.53 3637.94 2981.06 3270.43 4153.72 4368.97 4197.47 4513.95 3442.64 2324.79 2519.32 1284.39 3208.29 2858.23 2228.76 2519.92 2020.32 4589.14 3229.31 4037.56 1999.63 1621.89 2595.29 3821.99 5053.88 5324.98 2945.18 4012.97 2854.85 3268.89 2565.14 2543.54 2915.58 2967.67 3136.9 2666.95 4073.07 5661.65 3460.83 2895.7 3465.34 6296.55 6034.31 2927.19 3150.13 2326.83 2541.14 4440.25 4284.14 4328.08 
3512.11 3104.97 3187.16 7293.24 6427 2473.1 3244.67 3091.43 2240.39 0 2887.59 4220.33 2946.5 4155.78 4184.97 3724.99 4899.02 6369.85 6889.62 7355.77 7669.4 7097.16 7268.44 6533.93 7196.44 6461.13 5531.28 6056.77 6407.25 6706.59 6982.57 6551.69 6393.28 8017.83 7811.82 6802.51 8179.21 3734.01 3692.8 3439.62 4029.63 4462.57 6402.19 4230.38 3592.92 4281.27 4974.49 4368.14 5790.14 8038.86 9522.52 7698.38 8473.64 10103.9 9088.26 4497.23 7495.34 9258.44 7801.81 4376.91 8510.01 7156.23 8179.22 6667.14 5747.08 3804.55 4690.57 4005.05 3262.3 7696.89 6581.44 8166.58 5926.96 7457.56 6233.63 5756.85 5335.8 5911.21 5009.87 4073.3 4469.4 3738.23 11163.9 8366.59 4994.31 8535.04 5333.98 14614.4 9912.23 14267 6170.05 13216.1 6961.19 9263.38 3453.1 2933.47 3219.73 4344.18 3258.03 3956.78 3853.96 3990.5 3666.71 3596.83 3625.61 3736.23 3410.42 4075.98 3827.12 3924.17 4014.88 3918.94 3297.03 3230.36 2504.46 3953.15 3418.28 3361.25 2966.87 4047.64 3958.45 4974.76 3993.84 4880.97 5048 4367.36 4583.04 4012.59 4891.84 4783.99 4430.84 3996.7 4596.4 4549.23 4432.74 4882.2 4582.58 4755.65 4277.73 4572.78 2969.84 5245.06 2306 2192.87 2495.82 3706.18 1986.38 2662.34 3268.09 2378.79 6825.07 2056.26 4762.41 3675.64 2134.53 2555.08 2822.49 2536.55 2899.52 1614.21 1843.01 2060.42 1651.74 5877.36 4585.82 7215.46 7024.31 7375.49 7033.21 7411.93 4897.89 5365.81 5810.31 4766.96 5059.65 4612.19 5411.59 3569.63 4142.84 3533.52 3969.23 5456.17 4234.45 3764.82 4186.56 4702.8 4807.9 4037.15 3567.31 4367.5 3623.79 3543.52 1935.37 4075.48 2927.98 3298.79 4553.17 4953.16 4645.68 5227.41 4334.87 1629.55 2459.57 1772.03 4027.93 3321.97 2579.52 2505.87 2405.3 4321.25 3606.34 4162.57 2786.63 2371.56 3150.34 3713.86 4671.19 5990.45 3902.67 4972.94 3721.33 4225.88 2655.86 3035.91 3675.06 2458.75 2746.58 3596.62 3315.02 6377.31 4001.13 3429.96 3932.28 6403.71 5679.75 3417.41 3636.04 2110.7 2367.32 3593.46 3880.22 3249.7 
3718.11 3218.9 3073.81 6473.37 6153.77 2904.24 2873.55 3408.2 3098.09 2887.59 0 3932.39 3435.86 5781.58 6496.09 5562.22 6154.32 5649.3 6144.08 6481.45 7358.77 6285.47 6268.99 5707.5 6910.72 6081.94 6122.27 5583.58 5875.49 6101.26 6327.11 5957.98 6041.23 7583.29 7530.14 6035.99 7617.81 3476.22 3425.53 3173.27 2729.81 4078.65 5557.98 4299.84 4706.97 3563.99 5567.8 4687.19 4427.79 6732.36 7875.73 6566.82 6907.8 8525.41 7892.56 3160.23 6137.4 8023.62 6477.24 3850.7 7020.03 6456.68 7085.2 6151.61 5572.7 3226.83 3705.12 3724.08 3064.76 6842.98 5600.37 6723.42 4622.01 6003.73 5993.48 4888.84 4469.18 5074.37 4082.85 3692.74 3727.39 4420.92 12199.1 8295.03 5736.5 8297.82 5992.32 14946.9 9158.43 16104.7 6171.94 13115.3 7304.56 9778.09 2993.77 3040.37 3127.12 3433.71 2974.47 3424.23 3231.69 3399.4 3152.85 3228.82 3224.39 3249.72 3109.73 3563.93 2887.21 2774.76 4194.77 3455.79 2409.74 2494.82 2565.15 3388.34 2909.71 2604.67 2707.05 2258.64 3163.55 3558.35 2614.97 2726.84 3465.64 2772.98 2766.3 2284.48 3014.03 2804.84 2681.32 2401.31 3152.01 2794.38 2780.49 3185.79 2784.8 3349.69 2497.03 2977.1 2970.08 5789.02 2131.37 2118.28 2474.78 3273.43 2183.17 2770.86 3405.18 2625.29 6145.66 2792.3 4958.68 3424.74 2255.54 2493.24 2288.91 2432.48 3502.76 1961.21 1882.06 2187.81 1908.82 6391.83 5026 6257.37 5994.68 6413.88 6072.88 6118.14 4373.89 4744.89 5659.63 4734.62 5288.09 4503.45 3413.74 3429.43 3854.46 3296.71 4451.22 5506.24 3581.98 3674.68 3221.69 4166.98 5078.84 4126.5 2987.1 4358.08 3598.13 3454.81 3109.22 3714.42 2624.09 3371.44 4734.03 4009.53 3534.43 4402.16 3517.4 3102.12 3828.7 2472.59 4777.23 3419.16 2934.64 2990 3111.85 4382.78 3115.88 3081.24 2884.65 2734.25 2887.03 4249.48 5520.39 6954.28 4563.69 5744.25 4402.3 4595.49 2564.73 2790.16 3693.56 2777.03 3243.51 3387.19 4792.36 6573.01 4618.81 4318.36 4937.54 7389.16 6076.01 2557.86 3024.87 1908.32 2357.99 3700.18 4142.02 4220.22 
3400.31 2503.15 2881.03 6325.4 6303.62 4436.68 5041.56 2567.71 3543.94 4220.33 3932.39 0 2888.24 5679.93 6992.03 6857.65 5856.25 7390.03 8148.69 8721.69 8762.8 8269.68 8388.86 7765.89 8142.25 7739.76 7520.81 7344.83 7724.69 7882.04 7808 6993.72 7092.17 8826.13 8301.56 7516.87 8619.42 4736.93 4949.57 4395.44 5115.1 4082.78 7097.24 6278.9 6410.47 4657.97 4322.35 4453.82 5965.96 6735.26 7476 7118.47 6960.91 8575.15 7958.47 5525 7119.35 7619.6 6293.08 5845.14 7605.45 6390.61 7188.68 5392.58 5778.08 3162.15 3286.58 2869.98 2606.64 5691.86 6961.4 5288.88 3826.9 5548.77 8104.78 5041 4556.49 3862.03 3583.4 3816.87 4044.94 4251.83 10213.3 6136.33 8452.2 7053.17 4176.87 11587.5 8236.23 13271 5067.86 13048.2 8762.41 8099.86 5356.05 4484.55 4250.86 5393.56 4244.95 5134.4 4744.66 4894.46 4635.24 4430.87 4585.78 4518.49 4484.26 4721.01 3284.27 3449.58 4777.71 3345.09 4044.86 3782.42 2846.93 4526.19 3932.71 4621.71 4172.87 5078.42 5336.43 5828.43 4930.9 5768.06 5982.49 5425.36 5527.67 4935.61 5763.61 5682.11 5333.88 4921.38 5383.26 5421.99 5338.69 5683.51 5507.73 5655.65 5296.37 5624.08 2507.16 4807.33 3751.36 3256.99 3469.59 3364.14 3263.54 4390.56 5342.67 4154.2 5778.63 4263.96 4363.59 3211.36 3342.79 3522.01 4178.42 2873.27 3668.63 3264.95 3151.4 3454.58 3066.18 5218.1 4714.45 5923.66 6468.61 5468.94 5301.27 6037.95 3554.15 3704.4 5141.44 3791.86 5137.68 3642.76 4817.43 3031.07 3409.89 3760.45 2851.53 4125.17 5005.46 3288.95 3914.18 3540.03 3642.84 2760.53 3020.28 3749.17 3492.36 3020.97 4561.72 3246.54 3193.54 2584.11 3768.3 2961.1 3115.1 3220.82 3624.96 4018.28 4245.24 3348.26 3011.92 2293.8 3178.59 3519.26 2953.52 4398.38 2260.5 3188.34 2874.91 3020.02 3758.96 3246.38 6058.53 5590.14 3516.49 4026.35 3154.16 3452.52 2569.6 2261.21 3825.88 3994.23 3945.14 3508.39 5054.06 5052.29 4728.14 4043.19 3183.54 5783.65 6000.45 4247.45 4737.72 3838.41 3810.1 5784.52 6556.92 6180.55 
2869.29 3309.03 2487.91 6661.11 5319.79 3649.88 4393.14 1798.8 2468.45 2946.5 3435.86 2888.24 0 4853.99 5516.58 5650.38 4815.73 6950 7552.5 8088.76 8221.33 7708.45 7822.92 7205.04 7795.36 7146.51 6884.74 6774.8 7270.3 7317.36 7461.45 6589.17 6611.17 8449.95 7831.51 7084.52 8227.77 4209.14 4396.7 3953.98 4584.67 3753.77 6536.18 5590.36 5515.52 4066.99 3977.34 3805.88 5727.18 7106.67 7917.06 7034.84 7139.18 9051.58 7884.95 5078.6 6672.12 7574.61 6519.59 5039.05 7165.61 6680.34 7161.75 5072.11 4420.53 3280.99 3930.9 2453.23 1784.34 6880.05 6337.85 7200.26 5203.22 6783.78 6823.84 5130.01 4616.47 5092.54 4464.42 2807.55 3711.86 3739.47 11159.8 6782.06 7408.99 7714.59 4932.85 12260.6 9295.21 14239.5 5646.91 11576.4 7454.19 8706.51 4703.07 3804.84 3648.09 4887.13 3722.32 4545.77 4251.75 4392.6 4105.57 3931.45 4034.35 4008.02 3971.19 4195.25 3795.6 3923.76 3916.25 3962.59 3676.22 3504.94 2448.45 4432.84 3780.08 3984.95 3537.7 4540.31 4828.04 5352.96 4471.72 5390.03 5545.39 4959.8 5084.45 4467.97 5422.16 5269.89 4975.5 4512.79 5023.43 5048.93 4966.49 5306.55 5093.98 5193.41 4783.18 5114.44 2878.21 3773.8 3034.88 2637.48 2884.46 2258.99 2548.78 3577.75 4477.99 3401.67 5243.92 3407.36 3577.29 2669.39 2656.46 2907.96 3750.14 2173.36 2750.57 2315.12 2497.59 2613.73 2106.41 4000.86 3543.72 6766.4 6513.82 6479.26 6073.1 7440.38 3695.92 3997.75 5099.87 4235.16 4759.08 3888.31 5425.49 3229.82 3894.33 3268.07 4284.79 4736.07 4797.61 3101.38 4578.37 3573.77 4614.43 3915.58 3384.82 3650.94 3250.98 2983.1 3632.25 3449.77 3056.6 3188.19 4368.41 4135.86 4214.72 4636.18 3933.87 2917.76 2710.77 2182.7 3184.09 2730.95 2397.87 2328.81 1889.43 4118.96 3219.15 2951.45 2117.22 1981.11 2873.36 3661.89 4624.76 5438 3413.8 4236.24 3113.08 3797.36 2461.65 2014.93 3324.25 3214.54 3129.73 3177.17 4540.88 5295.75 3714.82 2990.47 3656.92 5333.85 5405.45 3423.07 3629.6 3013.37 3168.24 5018.1 5583.79 5155.72 
5735.59 5317.58 5498.48 9952.81 9400.09 5505.52 6473.57 4441.38 3719.36 4155.78 5781.58 5679.93 4853.99 0 3964.58 6648.11 3013.14 9187.3 9771.92 10216.7 10484.9 9947.2 10064.8 9439.14 10032 9370.46 8804.59 8999.68 9582.74 9541.45 9685.85 9172.54 9029.75 10690.2 10432.2 9470.78 10802.9 6449.45 6613.65 6167.23 6826.19 5682.74 7784.58 5707.11 5193.5 5418.18 6707.12 6340.39 7391.35 9755.69 11669.9 9629.53 10248.9 11379.2 10167.5 7320.35 9115.02 10647.9 10205.8 6952.68 10433.7 8483.35 9279.73 9009.08 8414.2 5661.35 6414.41 6374.48 5648.24 8614.54 6750.21 9533.44 7729.27 8547.51 5241.39 8337.62 7811.27 7360.84 6499.07 6712.16 7053.03 4971.64 11939.8 10337.2 7575.52 10038.9 7324.51 15237.4 10587.1 11777 7411.77 15768.8 6519.26 9559.3 6784.05 6061.54 5854.08 7126.11 5961.92 6780.29 6554.04 6731.51 6335.77 6253.7 6290.83 6404.45 6171.22 6711.49 6261.64 6005.16 5079.19 5990.85 5608.03 5670.24 5109.94 6802.1 6458.62 6221.07 5752.76 6778.59 7073.71 7655.71 6717.14 7630.32 7830.37 7188.36 7313.2 6696.83 7671.46 7511.52 7212.74 6750.31 7284.6 7292.84 7187.53 7553.7 7327.23 7469 7022.5 7333.23 5312.28 7571.54 5179.75 4832.68 5109.38 5984.99 4702.56 5567.69 6342.93 5217.9 8737.66 4739.9 6995.48 6375.27 4830.19 5143.45 5867.17 4758.1 4410.09 4163.66 4724.13 4735.75 4423 7236.75 6777.24 8539.78 8193.8 8529.74 8238.45 9693.7 6880.28 6669.46 6391.32 5653.09 5026.36 5869.57 7834.85 5356.58 6859.12 6009.94 6401.71 6328.57 7418.65 5683.47 7076.91 6314.77 6293.39 5824.81 5603.44 5978.38 5487.38 5423.41 4732.89 6176.03 5243.54 5749 6190.69 6361.89 6256.93 6640 5338.98 3673.18 3224.84 3833.23 4344.85 4802.55 4523.33 4907.65 3936.54 7406.99 5548.77 6597.5 4056.69 3764.39 4296.96 5457.52 6556.69 5316.63 4022.25 4637.61 4192.59 4536.33 4951.35 4836.39 4697.71 4748.9 5211.53 4822.4 5542.33 6723.27 4339.12 4012.7 4602.11 7423.86 7148.98 5541.31 5317.41 5058.23 5454.1 7193.54 5834.4 5298.64 
6616.8 6421.62 6340.92 10818.3 9948.09 5563.32 6490.64 5358.65 4522.7 4184.97 6496.09 6992.03 5516.58 3964.58 0 5522.31 4370.11 9840.76 10375.1 10881 11087.2 10642.8 10780.9 10038.9 10447.5 9883.49 8636.72 9466.96 8849.77 10237.5 10369.7 9837.05 9693.77 11354.1 11127 10136.4 11466.9 7130.98 7001.48 6868.33 7529.12 6785.25 8677.46 6515.22 4951.28 6362.32 7399.43 6671.55 8228.65 10973.3 12829.8 10420.1 11400.9 12684.6 11237.7 8046.01 10057.9 11672.6 11104.9 7227.35 11448.6 9517.91 10320.7 9955.55 9187.23 6630.92 7607.3 7244.26 6574.65 9892.54 7958.29 10813.4 9054.58 9910.86 6834.15 9136.22 8649.14 8697.09 7724.31 7485.38 7821.22 5420.46 11780.7 11549 6842.03 9256.95 7151.03 16351.2 11071.8 13048.9 7867.81 16569.9 6022.28 10001.5 6598.79 5474.38 6488.56 7854.91 6643.93 7217.64 7255.71 7417.66 7029.37 6936.81 6967.23 7070.46 6872.6 7395.64 7130.54 7273.96 5823.52 7027.41 6555.06 6703.89 5538.16 7369.33 6800.94 6867.53 6402.17 7494.9 7433.12 8334.76 7409.49 8354.99 8526.69 7895.45 7976.85 7423.44 8374.88 8216.45 7871.04 7462.13 8006.05 8016.86 7891.47 8242.1 8030.53 8171.97 7750.47 8048.76 6081.11 8197.48 5662.77 5525.26 5782.47 6790.22 5218.39 5681.2 6173.9 5556.37 9709.67 5013.71 7709.05 6930.25 5435.87 5808.98 6097.15 5592.15 4791.06 4875.58 5147.72 5159.26 4945.94 8278.83 7605.91 9845.44 9276.99 9838.32 9474.22 10890.9 7619.05 7658.89 7405.17 6591.65 6059.08 6873.25 8892.94 6288.7 7669.2 6400.31 7155.22 7414.13 7548.01 6597.43 7586.51 7229.22 7331.08 7003.16 6516.82 6903.27 6244.42 6306.98 4572.83 7051.08 6157.99 6293.87 6775.06 7729.87 7608.22 7983.19 6606.71 4197.61 3948.82 4479.22 5507.47 5966.62 5436.37 5038.23 4722.34 7693.06 6667.82 7500.17 4983.85 4602.39 5316.71 5863 5674.32 6551.62 5145.16 5883.65 5310.49 5335.28 5739.4 5739.3 5658.48 5351.32 5318.73 5773.1 4890.85 7773.29 5214.11 4523.29 5551.49 8304.41 7179.52 6175.36 6149.9 5488.35 5783.25 6286.38 5821.04 5502.37 
6161.16 5715.66 5781.65 9721.17 8760.34 4624.86 4541.47 5797.33 4836.09 3724.99 5562.22 6857.65 5650.38 6648.11 5522.31 0 7223.46 8232.37 8611.97 9424.88 9344.18 8933.08 9580.09 8391.9 7951.84 8153.68 6558.19 7825.06 5938.67 8805.12 9229.12 8706.95 8564.16 10197.5 10039.4 9005.19 10337.3 6001.07 4676.83 5738.84 6313.5 7228.26 9144.61 6422.71 5657.15 6886.7 7580.75 6455.29 8415.71 10851.7 12281.8 10207.5 11302.2 12961.1 11987.5 6761.95 9997 12150.5 10075.9 7093.95 10983.7 10074.3 10973.2 9282.58 8257.14 6287.91 7375 6632.65 5934.91 10485 9416.97 10889.7 8826.39 10233.6 8825.89 8443.19 7979.17 8639.01 7790.91 6760.64 7112.78 5632.78 12234.8 11034 5269.99 8004.83 6798.76 17332.2 11918.3 16286.5 8152.82 15832.4 8227.77 11412.1 4521.88 3774.71 5296.2 6668.38 5454.12 5002.01 6123.77 6285.25 5897.19 5805.61 5825.24 5938.87 5741.54 6245.9 6218.36 6549.66 6706.74 6352.99 6043.27 5305.41 4787.68 5232.68 5247.68 5408.21 4709.06 6325.14 5311.68 7205.14 6228.46 7132.17 7397.07 6543.54 6651.02 6258.52 6936.52 7054.31 6458.93 6147.22 6855.25 6860.11 6755.88 7112.14 6890.61 7038.5 6582.29 6902.97 5273.83 8018.42 4271.65 4284.27 4560.98 6319.76 4081.46 4136.53 4226.18 4211.86 9490.87 4311.54 7164.33 6102.09 4173.65 4677.87 4612.19 5162.44 4925.34 4281.98 4213.94 4185.84 4172.35 8583.74 7198.06 9917.14 9857.08 10097.4 9746.89 10242.1 6802.81 8005.02 8457.11 7395.33 7649.83 7280.83 8087.04 5821.29 6785.64 5576.85 6227.56 8160.49 6327.45 6371.4 6165.03 7430.89 7470.35 6695.16 6307.43 7174.45 6336.46 6136.93 3714 6809.18 5724.57 5920.01 6279.89 7713.3 7406.37 7949.47 7116.23 4332.16 4939.53 4131.47 6741.09 6027.06 4743.46 4463.12 4944.61 6444.67 6237.91 6897.27 5402.55 5053.81 5661.62 6052.95 5331.35 8436.6 6462.85 7323.95 6339.52 6627 4981.71 5502.05 5909.59 4682.94 4282.92 5687.9 4439.67 8712.05 6401 5777.48 6543.8 8850.51 7592.13 5726.24 5858.28 4142.46 4288.39 4185.68 5306.71 4163.82 
5870.24 5746.36 5660.26 10106.6 9495.21 6112.91 6928.31 4425.56 4251.89 4899.02 6154.32 5856.25 4815.73 3013.14 4370.11 7223.46 0 9701.74 10215.6 10750.8 10926.3 10472.9 10614.3 9906.47 10395.1 9826.23 9392.27 9444.46 9909.22 10085.7 10206.7 9622.93 9542.18 11202.7 10865.3 9983.21 11261.5 6979.09 7010.49 6716.86 7374.46 5376.7 7706.26 6710.82 5946.75 5400.21 6848.11 6216.73 7508.59 9613.7 11965.6 9458.08 10208.9 11168.8 9898.18 7867.28 8622.37 10371.8 10381.7 7335.7 10215.5 8672.45 9120.04 9116.4 8586.41 5824.1 6502.99 6588.46 5795.5 8557.77 5929.6 9552.35 7914.42 8510.23 5335.25 8495.05 8049.89 7401.93 6659.83 6865.52 7224.9 4715.45 11480.8 10554.7 8411.67 9860.77 7192.68 15100.1 9791.63 11108.2 7022.76 15943.6 6426.38 9552.73 7187.56 6503.72 6348.05 7676.18 6489.55 7204.39 7101.79 7263.27 6875.21 6783.64 6803.27 6916.89 6719.56 7223.93 6478.54 6434.55 5056.81 6193.19 6077.8 5839.63 5273.67 7014.35 6585.24 6671.32 6207.98 7328.72 7483.43 8183.16 7257.66 8176.26 8375.09 7739.04 7792.64 7244.71 8212.2 8060.64 7701.38 7294.49 7833.27 7838.13 7734.38 8090.16 7874.97 8016.52 7571.75 7880.99 5477.32 7667.22 5640.29 5351.77 5601.36 6177.05 5137.32 5996.89 6812.92 5682.72 8805.36 5217.68 7100.68 6382.43 5294.62 5655.89 6331.76 5008.35 4441.28 4686.78 5132.77 5087.13 4943.85 7356.9 6967.4 8476.68 7807.57 8337.08 8062.49 10037.7 6884.46 6544.98 5895.39 5351.96 4271.86 5570.49 8267.84 5337.45 7174.97 5816.85 6591.03 6311.87 7709.87 5887.86 7168.06 6081.91 6636.27 6178.6 5879.48 6101.51 5623.81 5529.84 5531.75 6315.92 5580.06 5840.59 5786.89 6465.54 6299.17 6616.91 5406.13 4303.5 3562.99 4369.37 4032.49 4876 4549.06 4759.85 4127.77 7465.36 5699.58 6834.02 3826.85 3774.8 4322.24 5353.39 6640.85 4723.17 3936.06 4160.82 3886.52 4115.51 5088.39 4898.62 4545.69 5204.6 5322.28 4712.67 5636.51 6620.48 4203.56 3448.78 4475.13 7563.15 7011.74 5601.28 5542.43 5595.05 5888.18 7698.87 6312.72 6228.29 
7063.75 6790.12 6404.94 10115.4 9770.92 6055.25 5648.7 6780.13 5979.04 6369.85 5649.3 7390.03 6950 9187.3 9840.76 8232.37 9701.74 0 5134.05 5325.74 4469.93 4185.76 6127.6 4668.5 5988.39 3823.93 5280.19 3680.21 7325.65 3852.75 4472.19 4839.62 3680.77 5041.08 4623.57 4991.03 5477.56 3674.19 4692.07 3760.47 4507.89 7263.92 7733.63 7397.47 7482.3 6585.34 9233.41 8332.87 7078.91 10304.6 10958.8 9334.64 9964.26 12192.5 11376 4653.73 9307.98 11237.3 9396.15 7359.16 9591.51 8938.92 9411.14 9852.36 8970.16 7096.32 7414.99 7218 6371.01 9480.42 8589.09 9501.19 8457.01 9832.78 9084.35 8174.75 7510 8473.33 7376.91 6399.18 6870.47 8045.5 15442.8 11734.9 7908.31 11844.4 8968.85 18409.2 13509.8 19740.6 9159.15 16446.2 11502.1 13379 5573.81 4946.32 4572.3 4764.87 4512.35 4599.76 3808.79 4617.98 4253.4 4564.94 4230.68 4598.84 3835.82 4807.2 6463.39 6373.71 6893.14 6490.25 6517.54 5740.62 6184.12 6124.02 6303.57 4000.44 3917.17 5117 4452.27 6371.69 4969.4 5735.97 5971.44 4312.54 5761.75 5111.21 5263.85 5714.09 5019.15 4916.98 5042.93 5439.85 5089.22 5655.55 5617.2 5219.5 5100.94 5282.04 6300.12 9274.15 4819.59 4570.98 4162.51 6777.32 4877.37 5113.8 5896.37 5202.23 9842.82 6094.75 8323.81 7074.45 4562.26 4329.7 4824.33 5926.41 7252.06 5780.9 4972.17 4995.65 5292.87 9743.64 8437.54 10387.9 10163.5 10211.8 9902.24 10006.9 7843.65 8412.93 8709.1 7227.66 8324.2 6997.51 7376.86 6816.95 7771.72 6047.93 8117.4 8661.14 7014.43 7235.91 7129.59 7507.53 8396.7 7281.98 6532.86 7675.23 6652.93 6343.02 6174.56 7272.19 6157.79 6807.84 8181.1 7745.02 7720.59 8263.43 7117.1 6650.82 7404.65 5615.72 8262.34 6855.02 6221.29 6480.91 6618.43 7020.24 6868.21 7286.97 6327.78 6263.85 6572.47 7971.54 9107.44 10576.6 7816.37 9043.51 7721.49 8057.66 6284.52 6433.48 6880.29 6386.24 6520.2 6896.1 8388.76 10348.3 7770.66 7781.1 8474.65 10553.6 10072.5 6331.81 6006.75 5063.04 4690.34 5654.39 6877.53 7078.31 
7658.92 7366.68 6930.05 10618.2 10275 7147.98 6419.27 7483.92 6683.73 6889.62 6144.08 8148.69 7552.5 9771.92 10375.1 8611.97 10215.6 5134.05 0 4282.95 5886.11 4168.21 3876.67 2694.56 8267.02 4537.59 6876.09 4404.68 8488.42 3756.46 7392.2 7322.93 6434.81 8660.9 7659.12 7603.89 8658.68 5076.91 5160.58 5271.62 4811.03 7786.8 9372.21 8306.19 8206 7731.95 9784.32 8657.81 7970.96 10976.3 11492.4 10244.4 10548.9 12830.5 12064.8 5612.47 9455.55 11980.8 9820.7 8227.65 9784.85 9974.88 10878.1 10663.6 9528.19 7641.17 8071.79 7802.92 7035.91 10343.6 9225.25 10067.7 8772.91 10428 8749.51 9262.85 8618.76 9505.65 7779.14 6957.39 7792.87 8488.89 15963.5 12327.7 7986.37 12317.9 9614.86 19006.8 13906.2 20329.2 9471.09 17124.3 12173 14380 5982.62 5603.74 5032.95 4286.05 4744.76 5133.91 5349.28 5112.13 4907.51 5273.79 4685.02 4980.83 4475.92 5255.73 7237.85 6783.94 8394.08 7246.53 7264.16 6049.93 6806.86 6599.58 6619.38 4625.76 4335.68 5551.56 4979.38 7309.72 5864.44 6422.82 7000.05 5224.71 6485.71 5679.74 6097.51 6146.46 5420.15 5739.27 6487.83 6362.39 6308.34 6638.96 6464.4 6803.68 5441.46 6018.62 7052.66 9738.53 5291.29 5117.87 4926.09 7524.65 5385.66 5845.77 6165.59 5683.67 10567.7 6739.28 8978.72 7563.27 5215.41 5090.16 5741.88 6558.3 7768.86 6388.35 5563.52 5558.19 5894.43 10442.1 9179.63 11096.5 10845.9 11256.2 10877.8 10190.1 8160.14 9211.47 9947.91 8816.91 9487.58 8462.93 7499.65 7282.82 8378.52 6348.68 8603.77 9748.41 7634.12 7746.4 7563.61 8281.8 9469.51 8150.61 7347.69 8611.83 7711.06 7529.81 6757.36 8017.61 6942.25 7319.61 8588.48 8195.65 8187.92 8994.23 7793.91 7195.17 8016.91 6190.57 8847.42 7437.92 6657.47 6958.42 7194.68 7627.07 7515.56 7808.37 6901.31 6850.88 6971.15 8446.17 9839.31 11140.7 8615.63 9819 8497.98 8867.3 6816.56 6954.35 7558.57 6935.57 6950.53 7450.15 8896.11 10941.8 8670.6 8311.56 9059.73 11290.6 10561.9 7048.25 6918.41 5672.16 5142.95 6182.93 7631.32 7465.01 
8208.73 7882.24 7529.17 11009 10886.8 7578.28 7176.67 8062.05 7153.5 7355.77 6481.45 8721.69 8088.76 10216.7 10881 9424.88 10750.8 5325.74 4282.95 0 5687.86 3741.7 4490.18 4251.14 9274.78 4510.31 7208.21 4247.63 9520.73 3571.64 7405.22 7539.37 5860.88 8056.99 7737.13 7668.85 8562.84 5180.74 6360.54 5639.68 5299.22 8232.1 8923.4 8539.74 8519.74 7674.46 10242.2 9433.34 8059.14 11306.4 11331.8 10178.6 10358.7 12749.3 12326.2 6015.64 9472.6 11903.8 10363.7 8018.9 9633.24 10140.2 10859.8 11161.9 10151.6 8105.88 8527.69 8344.05 7666.59 10585.9 9522.95 10030.8 8710.5 10310.1 9384.52 9661.96 8883.13 9782.04 8426.59 7543.44 8073.74 9179.21 16368.6 12906.9 8678.68 12912.3 10203.5 19595.3 14466.8 20765.5 10066.5 17722.9 12271.4 14456.4 6384.57 6328.03 5258.42 5286.27 5083.38 6212.85 5510.6 5800.12 5441.29 5993.06 5615.99 5866.47 4949.11 6334.2 7625.41 7119.36 8582.88 7593.56 7569 6799.61 7368.76 7369.73 7277.49 5209.74 5575.28 6061.52 5873.38 7946.47 6238.71 6885.5 7506.89 5840.52 6968.08 6076.89 6117.45 6545.33 5937.83 5989.37 6912 7030.42 6787.87 7188.1 6945.6 6978.85 5796.49 5995.06 7567.44 10242.1 5873.16 5700.3 5862.32 8222.39 6087.6 6344.75 6970.75 6216.23 11322.6 7493.16 9658.19 8182.46 5719.25 6016.29 6238.38 7197.83 8390.95 6873.68 6176.9 6191.32 6458.58 11103.9 9800.4 11407.8 10506.6 11364.9 10606.1 9667.68 8872.84 9348.23 10304.7 9109.94 9935.02 8735.33 7008.39 8112.36 8789.28 7052.47 9291.64 9720.5 7815.43 8188.34 8305.31 8802.68 9865.75 8407.8 7689.11 8909.65 8094.73 7504.63 7204.79 8534.69 7072.99 7878.51 9409.94 8521.77 8112.34 9038.84 8064.87 7683.64 8455.66 6764.26 9438.22 8020.77 7434.35 7599.97 7683.17 8186.06 8068.89 8244.94 7475.13 7368.57 7456.68 9094.97 10387.2 11585.7 9106.49 10279.8 8995.79 9318.04 7454.16 7582.07 8136.59 7207.71 7577 8135 9634.95 11485.5 9178.53 8955.93 9506.06 11757.5 10929.3 7666.19 7106.48 6089 5903.47 6740.33 8195.02 7993.15 
8340.07 8071.13 7661.4 11618.1 11000.7 7459.76 6992.48 8123.95 7285.43 7669.4 7358.77 8762.8 8221.33 10484.9 11087.2 9344.18 10926.3 4469.93 5886.11 5687.86 0 3999.64 6990.73 5777.6 7414.15 3564.79 5759.65 3797.83 8692.74 3902.66 6672.39 6659.72 5383.16 7151.19 6836.87 6947.98 7396.04 5085.81 5715.39 5461.65 6535.65 8652.91 9314.39 8792.73 8854.27 8191.32 10592.3 9786.89 9013.64 12106.3 12764.6 11104.9 11641.5 14197.8 13252.7 6721.41 10786.5 12900.5 10941.8 9197.85 11243.7 10837.2 11230.4 11320.6 10192.4 8668.96 8893.14 8548.34 7693.14 11022.4 9978.73 10960.3 10200.5 11148.9 10437 9655.34 8884.49 9984.29 8617.14 7728.99 8202.67 9202.09 16853.8 12995.1 8915.8 13011.3 10148.3 19684 15292.7 20994.4 10473.6 17800.5 13177.4 14991.2 7145.92 6398.4 5342.33 6930.07 5233.34 6361.72 5757.2 6377.9 5793.43 6126.2 5979.08 6110.95 5257.4 6285.13 8047.05 8090.98 8685.2 7753.93 8144.19 6788.93 7507.25 7010.93 7675.69 5880.36 5359.55 7070.7 5824.08 8230.03 6948.02 7821.2 7966.3 6494.21 7818.81 7096.82 7155.47 7928.86 7191.27 6911.23 7062.95 7610.86 7271.81 7560.74 7734.94 7222.48 7261.73 7244.05 7675.45 10537.6 6159.91 5913.08 5701.63 8380.27 6098.34 6362.58 7092.98 6574.77 11468.5 7470.35 9694.54 8325.64 5848.84 5871.01 6312.88 7267.58 8457.88 7129.48 6275.59 6297.62 6583.81 11180.1 9898.38 11867.5 11871.4 11866.1 11493.4 11837.4 9244 9993.81 10284 8784.69 9835.89 8417.56 9286.04 8069.33 9097.69 6850.23 9313.89 10228.2 8628.93 8650.28 8647.67 9196.72 9933.9 8569.76 8080.43 9132.55 8117.04 7841.56 7485.56 8910.94 7797.6 8059.31 9363.71 9378.21 9353.61 9813.86 8794.69 7897.56 8687.95 6862.87 9526.25 8111.28 7348.34 7684.85 7891.06 8175.49 8210.41 8795.15 7617.45 7544.93 8085.65 9289.24 10636.3 11803.1 9204.73 10357.3 9023.56 9398.18 7535.72 7655.6 8196.73 7676.93 7576.75 8187.86 9660.34 11667.7 9157.06 8991.37 9738.56 11911.6 11602.2 7758.99 7601.04 6527.61 5890.46 7005.03 8464.97 8224.34 
