239 239
0 3589.16 3477.34 3665.98 4204.48 4192.95 4725.05 3244.62 3194.9 3512.11 2666.2 4060.39 3252.78 6161.16 5870.24 7063.75 7658.92 7358.82 8208.73 8167.12 8340.07 7839.24 8010.59 7321.48 7692.1 7239.87 7059.8 6882.36 7446.91 8055.87 7712.08 7041.55 7056.42 8701.71 7500.39 8680.29 4653.04 4505.78 5428.62 4235.26 4762.7 4886.8 3946.47 4019.17 4638.95 4343.3 6032.46 4874.34 8288.34 6224.77 7245.26 8160.32 5253.02 6018.55 7510.37 7662.95 6700.84 5789.53 6541.62 6035.57 3027.18 3651.4 3454.29 3016 7218.79 6334.22 7380.1 7736.31 3417.33 5528.48 4286.54 3564.4 3662.74 10972.8 10933.8 5734.02 7198.86 6353.9 5701.84 7785.9 8825.58 5043.44 8735.59 13791.1 12992 7282 8719.31 8539.24 4049.37 3918.75 5117.81 4389.46 4595.88 4660.42 4566.15 4612.47 4566.55 4390.04 4312.91 4340.88 4428.38 4224.27 3665.67 4677.55 4066.99 3099.52 3223.19 3719.3 2327.59 4498 4551.3 4212.74 4938.35 5736.9 4907.18 4663.29 4881.72 5052.3 5606.11 5905.7 5382.41 4732.75 5630.25 5090.97 4741.09 5353.25 5274.29 6040.77 5557.43 5042.5 5376.72 5561.93 5062 5423.28 5321.66 3004.8 4025.54 4478.21 3374.59 4153.09 2922.68 3175.24 8738.78 2932.32 3879.58 4843.5 6231.06 3953.71 4722.02 5582.26 2910.41 3235.88 3050.75 2124.03 3949.4 2460.37 3421.83 2661.06 2551.85 2733.25 2961.56 2277.09 2594.13 4470.86 6479.28 6850.86 7451.22 7079.56 6777.09 7889.85 4119.04 4398.66 5380.25 5950.8 4922.95 4658.1 4551.51 5546.44 5509.78 3740.25 3696.65 4122.34 4249.6 4392.33 3077.97 4651.02 2970.19 3812.12 4097.1 3279.67 3059.43 4374.23 2811.07 3030.38 4106.43 2560 3035.46 3065.8 3381.48 3140.9 4861.82 4379.67 5318.46 3393.42 3558.88 2781.97 3646.19 3590.49 3138.63 3703.41 3123.43 2874.96 2776.02 2622.28 2476.22 6028.24 5684.08 2759.31 2619.22 4178.55 3682.53 3598.54 3884.4 5062.59 5674.86 4478.9 4457.99 4278.6 3839.5 4197.76 3982.12 4051.24 5794.43 6245.77 2979.55 2880.58 5349.85 6063.86 5502.79 
3589.16 0 3796.33 3290.05 3803.12 3683.78 4260.83 3189.61 3027.19 3104.97 3071.01 3451.04 2981.29 5715.66 5746.36 6790.12 7366.68 7055.28 7882.24 7888.07 8071.13 7543.14 7698.96 7032.78 7369.27 6887.18 6620.83 6569.1 7117.35 7758.18 7336.53 6809.03 6649.97 8325.98 7133.47 8443.2 4359.74 4086.32 5041.97 3861.39 4501.07 4603.42 3613.47 3591.49 4069.36 3446.9 5452.45 4663.22 7884.31 7509.43 7643.64 9013.73 4936.63 7639.14 8645.14 6520.09 8228.15 7162.18 7381.17 8000.94 3631.28 3672.04 3680.76 2987.7 6987.74 5333.47 5390.83 7691.19 5311.08 3878.94 3660.54 4118.3 4488.21 11994.2 10418.8 5881.89 6878.88 4661.3 6881.67 7363.64 7569.42 4934.31 8793.38 13481.4 13273.1 6371.99 9099.04 9199.32 3658.5 3511.4 4782.68 4022.88 4348.72 4429.57 4287.15 4239.68 4176.17 3991.38 3898.72 3926.52 4040.76 3839.72 3158.31 4817.09 2972.97 2665.81 2984.1 2991.86 2789.88 3907.49 4275.35 3902.18 4723.92 5327.91 4598.66 4378.05 4543.71 4660.46 5287.64 5540.49 5052.56 4404.75 5344.14 4793.79 4424.98 4999.36 4909.64 5618.9 5212.77 4689.49 5045.58 5158.71 4695.72 5025.86 5413.35 2418.46 3770.94 5428.8 2959.6 4705.17 2503.33 2812.32 9838.79 2613.9 3477.72 4452.17 6696.11 3383.85 4656.6 6495.92 2547.5 2840.83 2397.53 2371.59 3446.63 2755.85 3327.36 2543.75 2552.64 2381.9 2637.29 2047.51 2215.2 4964.22 5584.38 6514.35 6118 5585.05 5424.85 5752.44 4527.9 4832.05 4413.74 5292.42 3792.96 4085.46 3463.23 4508.35 4446.85 2321.31 2123.45 2596.56 4934.65 4777.22 3839.13 3455.12 4375.88 2975.72 2762.69 3117.11 3835.07 3737.83 3400.47 3157.97 3626.16 4066.44 3037.96 4530.04 4483.44 2842.89 3251.98 2890.23 4355.3 3186.01 3892.35 2599.57 3219.79 4644.56 2512.81 2936.33 3971.28 2670.16 2692.92 2112.95 1697.87 6415.71 5672.63 2320.64 2486.41 3817.91 3200.93 3243.76 3467.6 4533.83 5719.83 5036.43 4471.43 2749.24 3716.58 3824.58 3953.5 3403.45 6219.28 6746.64 3118.8 2805.82 4861.2 5803.08 5151 
3477.34 3796.33 0 4773.49 4317.24 4206.67 4665.45 3234.71 3346.21 3559.87 2950.48 3867.83 3198.15 6207.28 6127.78 7111.76 7645.37 7373.77 8262.42 8179.73 8367.26 7851.8 8002.39 7340.97 7662.11 7287.44 7098.02 6884.26 7462.38 8053.11 7525.07 6692.08 6734.31 8551.79 7201.05 8347.94 4586.05 4359.55 5270.53 4112.25 4663.3 4776.8 3788.98 3742.74 4535.7 4413.39 5890.66 4704.39 7480.06 7300.79 6333.42 9388.16 5119.49 7154.74 6903.33 6284.85 7406.73 7353.15 8340.52 7835.51 2786.72 3036.19 3196.26 2269.36 7322.65 6560.07 7584.67 7669.29 4634.55 5561.44 5039.76 2902.66 3234.24 11051.4 12218.4 5851.79 7400.12 6913.55 6836.16 7850.05 9156.28 5833.06 10301.4 15396.7 11126.6 7583.33 8507.58 9627.87 3975.23 3823.78 4974.01 4240.45 4554.16 4592.63 4464.18 4395.77 4384.02 4190.38 4037.39 4141.81 4155.38 4063.34 4123.46 4735.31 4435 3133.03 3164.4 3844.81 2823.44 4664.82 4396 4136.13 4855.16 5449.86 4681.66 4536.4 4510.13 4771.23 5430.91 5648.05 5137.22 4532.99 5493.34 4973.24 4593.46 5106.19 5013.76 5756.08 5359.25 4963.27 5147.71 5289.57 4881.49 5182.74 5724.44 3195.32 4401.67 4625.81 3194.28 4356.32 2751.02 3034.05 8340.73 2742.24 3837.64 4761.32 5366.07 3863.95 4339.56 6185.47 2856.39 3016.57 3194.69 2776.75 3866.21 2440.97 3799.02 2787.87 2698.7 2656.7 2914.14 2123.92 2606.51 4526.22 6345.26 6738.23 7323.51 7170.11 6841.88 8039.04 4491.91 4076.09 5600.82 6141.25 5154.89 4719.48 4989.89 5576.66 5587.36 4087.34 4081.53 4802.68 5617.64 5142.56 3688.37 4880.84 4278.42 4335.32 4532.84 3791.88 3622.41 5012.78 3422.32 3836.38 4012.15 3785.81 3510.87 3995.21 4351.09 3733.62 5096.53 4719.7 5342.84 3495.96 3650.95 2851.66 3732.62 4250.52 3553.89 4072.84 3302.52 2949.03 2842.9 2693.43 2829.5 5498.21 6615.09 2947.43 2778.96 4250.21 3860.97 3778.58 3888.91 5397.64 5670.96 4752.99 4333 4896.23 3600.54 3970.57 4204.33 4634.8 6440.81 6064.52 3485.27 3965.67 5318.35 6074.26 5603.44 
3665.98 3290.05 4773.49 0 5084.6 4544.47 5452.8 3920.48 4054.72 4515.9 3476.95 4635.75 4428.33 6980.33 5504.39 8349.27 8910.47 8571.87 9515.58 9224.7 9717.55 9150.18 9288.11 8586.36 8880.18 8503.01 8039.85 8166.17 8756.4 9380.95 8520.75 7894.71 8045.86 9713.36 8376.1 9558.44 5893.04 5579.27 6397.49 5326.16 5928.94 6113.82 5068.21 5027.24 4541.16 4134.81 6650.22 5201.4 8622.91 6637.54 7227.66 8331.42 6227.6 6736.08 7869.64 7272.02 7215.15 6739.1 6555.21 7298.77 4324.33 4607.02 4475.51 3965.27 6776.49 5247.27 5686.44 8240.18 5474.8 4506.38 4370.12 4815.22 4842.56 12485.9 9706.76 4963.85 6811.33 4760.92 7373.35 8564.11 7340.41 4648.36 7789.97 12718.9 14384.3 6289.47 8623.89 7925.61 5167.46 5057.44 6093.75 5441.56 5834.43 5986.22 5627.78 5752.56 5588.59 5396.14 5261.96 5442.37 5444.27 5347.34 4466.95 5160.33 4399.37 4215.33 4242.99 4301.33 3355.8 5296.47 5550.36 5478.12 5976.52 6550.46 6032.46 5760.38 5803.84 5998.73 6549.29 6742.9 6213.4 5907.41 6502.34 6264.54 5806.98 6269.94 6131.42 6831.26 6366.03 5820.76 6378.46 6445.03 6187.12 6514.82 4481.9 3240.45 4267.51 5560.18 4446.96 4337.98 4100.03 4476.34 8529.97 4134.97 4863.38 5690.96 6716.7 4504.29 5145.66 5794.41 4195.04 4480.29 3179.44 2767.96 4826 3236.6 3528.69 3630.54 3768.32 3921.64 4171.8 3451.71 3753.22 5381.56 5660.35 6241.82 6310.95 5570.15 5381.66 6511.84 4490.71 4681.61 4505.81 4905.88 3747.51 3687.47 3505.91 4408.39 5659.27 2987.92 3469.7 3768.59 4899.09 5276.24 4196.19 4471.44 4106.01 4024.22 4159.31 4028.08 4318.58 4747.97 3685.01 4079.61 4949.22 4042.71 4069.35 4709.57 4848.74 3229.46 3530.83 3706.33 4120.41 4496.06 4386.71 3930.12 3285.08 4934.2 3304.42 3491.53 4332.07 3255.26 3384.04 3072.5 2797.42 6420.43 4861.11 3117.11 2872.53 3972.33 4360.51 4192.29 3709.35 4772.26 4616.08 4637.11 5501.55 3964.74 4750.61 5111.79 3657.88 3484.62 6133.54 6560.27 3744.44 3209.12 6210.46 6657.62 6507.68 
4204.48 3803.12 4317.24 5084.6 0 2742.87 3224.49 2955.23 3289.48 2156.86 3085.25 3057.04 2809.79 3890.68 5628.24 6575.96 7000.84 6691.29 7568.88 7368.89 7785.04 7322.67 7907.72 6884.32 7281.17 6701.58 5894.14 6273.05 7105.13 7544.41 7552.83 7174.05 7038.55 8617.93 7203.14 8805.35 4290.29 4573.68 5297.81 4298.28 4459.41 4368.45 3628.63 3587.8 4985.81 4463.79 4693.79 4855.76 9536.87 7591.08 8587.64 10372.9 4684.94 7687.15 9727.67 7973.08 8103.12 7734.82 7852.7 8536.25 4578.49 3402.14 4845.31 3950.35 7024.57 7061.4 7595.87 6485.15 5719.64 6285.2 5890.09 4578.58 4866.9 14370.6 11150.4 7081.33 5263.59 5681.34 9086.9 4709.78 8066.61 5681.26 9724.3 14897.9 13959.6 5458.98 6909.57 9306.03 3407.98 3820.69 4950.8 4438.67 4049.49 4046.56 4404.9 4526.26 4453.01 4204.15 4202.49 4221.46 4278.7 4212.31 3917.14 4746.9 4079.6 2576.84 2916.51 3280.17 2932.41 3726.44 4043.4 3974.86 3903.22 5319.03 4573.91 4296.17 4838.93 4487.58 5072.91 5464.56 4714.05 4254.51 4993.1 4574.95 4215.55 4897.78 4829.56 5655.39 5139.76 4225.53 4962.8 5148.55 4535.8 4972.51 5814.98 3508.54 3755.39 5849.49 2889.31 4953.07 2860.18 3282.5 8970.56 2744.14 2931.16 3183.5 7472.65 2486.14 5170.56 6796.85 2844.45 3321.06 3092.34 3781.29 3179.34 3237.23 3409.78 2283.8 2598.57 2456.58 2523.55 2483.28 2386.79 5131.07 6538.39 7321.1 7558.11 7792.61 7456.61 8285.99 5222.54 5844.26 5893.67 6446.92 5584.33 5053 5673.02 5988.5 5434.84 3944.32 4388.85 4482.64 6073.19 4328.83 4228.28 4043.78 5445.38 4562.22 4219.99 4151.91 4199.11 4586.85 4357.05 4164.09 2734.86 4724.55 3524.48 4645.79 5000.79 3795.74 4841.51 5027.79 5514.62 2571.11 3251.49 2580.87 4407.39 4474.17 4026.06 4527.41 4503.22 3633.84 3405.82 3168.35 3496.38 4902.69 6554.74 3020.86 3536.27 3941.5 2814.77 2642.67 3785.8 3682.43 6674.56 4579.28 4223.95 5694.38 3749.75 4060.84 4305.09 4738.84 6792.09 5850.02 3630.92 4066.83 3525.98 3935.29 2932.23 
4192.95 3683.78 4206.67 4544.47 2742.87 0 2980.73 3023.35 3043.4 2473.1 3227.24 2927.3 2693.47 4624.86 6112.91 6055.25 7147.98 6357.73 7578.28 6985.38 7459.76 7232.88 7596.52 6737.66 6725.18 6590.65 5639.4 6191.44 6817.42 7480.25 6116.22 5699.16 5785.17 7299.98 5939.88 7259.19 4272.42 3729.43 4176.83 3248.84 4272.21 4323.01 3459.09 3260.07 4335.96 4114.38 4282.41 4239.75 9096.88 7077.46 8008.48 9764.97 4206.86 7233.06 8853.11 7309.4 7363.52 6797.09 7497.36 7716.37 4440.84 3558.13 4497.54 3578.84 6470.33 6491.68 7063.88 7056.49 4916.67 5415.59 5050.32 4119.82 4154.83 14283.7 11764.5 6889.44 5461.71 5886.08 8915.82 5643.99 8447.45 5271.65 10077.8 15416.9 13861 6188.54 7207.57 9488.63 3397.5 3198.48 4450.03 3726.61 4328.84 4259.92 4055.84 3781.2 3613.43 3689.72 3594.75 3663.87 3706.2 3407.75 3912.94 4068.15 4354.15 2980.73 3332.21 3593.79 2939.88 4185.04 3694.65 3852.96 3934.97 4821.09 3982.26 3890.88 3582.05 4333.13 4738.84 4747.53 4507.48 4321.4 4437.75 4314.92 4033.94 4061.13 4052.06 5156.64 4318.58 3727.3 4480.5 4260.82 4414.49 4620.44 5924.54 3155.2 3702.09 5876.48 2662.3 5058.97 2723.43 2998.78 9340.05 2561.96 2782.62 3508.34 6892.67 2447.85 5236.11 6691.97 2689.06 3043.21 2989.55 3684.29 2704.21 2904.5 3387.56 2315.29 2739.5 2337.15 2741.32 2391.01 2168.73 5272.39 5751.64 6567.55 7282.32 7109.48 6752.61 7766.2 5401.87 5908.88 5308.32 5686.95 4555.52 4663.02 4951.77 5200.56 5142.74 4043.1 4629.99 4333.26 5892.57 4231.52 4559.51 3823.7 5003.17 4184.05 3875.73 3842.6 3935.02 4389.4 3863.89 3688.73 2717.03 4464.77 3436.03 4665.54 4869.58 3369.25 4893.33 4986.92 5227.2 3081.32 3778.34 2590.06 4355.38 4205.37 3814.05 4089.99 4480.31 3488.72 3295.57 2959.13 3351.14 5173.54 6978.16 3040.36 3350.72 4054.5 3196.83 3003.21 3819.68 4027.77 6684.9 4704.16 3827.36 5516.35 2904.76 3085.82 4319.29 5069.38 7121.03 6363.3 3961.24 3845.25 3769.56 3865.8 4052.22 
4725.05 4260.83 4665.45 5452.8 3224.49 2980.73 0 3782.38 3464.89 3244.67 4089.91 2482.57 2329.15 4541.47 6928.31 5648.7 6419.27 5726.18 7176.67 6270.26 6992.48 6533.42 7411.92 6039.95 6568.98 5998.24 5035.96 5738.93 6553.71 6839.41 6728 6304.24 6316.3 7914.22 6355.45 7982.64 3902.87 3920.16 4537.06 3668.59 3972.5 3778.68 3109.61 3285.68 4905.32 4472.16 4923.57 4396.91 9285.62 7344.08 8222.42 10133.7 4159.34 7025.62 9270.2 7040.87 7719.24 7328.17 7618.99 8084.47 4749.39 3522.26 5040.9 4123.44 6552.46 6667.04 7350.78 6970.27 5386.76 6297.83 5787.35 4395.29 4726.67 14768.6 11945.2 7375.95 5886.67 6597.79 9447.29 5126.54 7881.93 5697.91 10019.7 16743.8 14246.2 6746.08 7748.98 10385.9 3253.04 3495.85 4363.87 4016.55 3481.2 3357.38 4002.67 3874.48 3919.34 3695.92 3821.11 3874.31 3972.47 3668.78 3758.54 4801.36 4117.06 2680.45 2962.11 3061.73 3414.66 3046.02 3460.92 3267.29 2963 4768.81 3735.6 3722.7 3959.65 3851.98 4329.12 4668.07 4014.47 3827.35 3747.03 3775.05 3557.68 4067.53 3867.71 5116.96 4307.14 3485.37 4243.42 4372.2 4058 4232.06 6389.86 3449.24 3464.31 6742.29 2587.22 5720.31 2758.84 3072.09 10416.5 2647.45 2303.48 2582.42 7152.45 2827.2 5798.38 7478.38 2767.02 3184.34 3704.89 4252.59 2542.89 3288.12 4100.61 2850.98 2960.71 2525.13 2437.81 2907.28 2765.54 6039.63 6422.45 7149.1 7574.34 7737.91 7298.79 8355.92 4886.55 5968.67 5747.8 6496.69 5413.83 5171.35 5608.41 6022.74 4943.37 4204.02 4627.83 5037.83 6233.92 4135.38 4597.12 3824.78 5234.74 4801.15 4377.09 4052.98 4305.46 4964.25 4171.01 4128.65 3238.82 4891.38 3500.45 4715.34 5066.46 4265.16 4819.5 5241.64 5591.75 3783.97 4565.53 2970.21 4938.22 4572.21 4238.76 4528.04 4576.9 3962.31 3700.63 3519.46 3898.12 5091.33 7647.55 3440.56 3783.85 4004.77 2962.07 3248.64 3928.07 4603.15 7018.42 4804.57 3315.52 6091.64 3274.71 3414.2 4869.16 5702.27 7942.7 6518.91 4580.47 4617.73 2993.3 3815.59 4010.38 
3244.62 3189.61 3234.71 3920.48 2955.23 3023.35 3782.38 0 1710.24 2331.48 1813.35 3329.19 2648.04 4653.9 3989.21 6485.13 7017.79 6717.12 7630.56 7588.32 7720.71 7215.19 7388.01 6699.39 7084.79 6595.44 6331.82 6186.35 6828.57 7458.34 6964.79 6441.15 6363.88 7977.78 6813.97 8087.97 4147.62 3813.24 4727.53 3577.54 4209.44 4358.98 3338.26 3429.36 3526.9 3809.22 4833.8 3644.84 9173.28 7168.51 7869.85 9439.7 4715.72 6799.57 8417.55 7536.65 7210.08 6307.32 7220.46 7207.3 3660.26 3302.45 3750.49 3021.21 5460.8 5897.63 6687.83 5519.88 5011.8 5305.13 5146.88 3775.01 4153.92 13507.2 11147 6445.7 4818.02 5106.89 8109.59 6292.57 8327.02 4965.86 9235.43 13746.9 12995.9 5090.63 6807.1 9299.84 3296.49 3170.68 4543.58 3715.23 4058.41 4105.65 4015.08 3955.87 3847.07 3663.14 3596.03 3600.22 3723.92 3496.21 3643.22 3292.05 3699.79 2649.25 2737.24 3423.14 2275.3 4060.4 4033.9 3640.53 4318.3 5127.37 4312.92 4109.08 4309.82 4465.31 5138.34 5279.12 4836.7 4194.92 5028.56 4648.5 4270.31 4689.68 4628.47 5445.24 4960.64 4434.83 4780.2 4951.48 4507.58 4717.92 5224.43 2725.62 2914.54 5116.04 2465.62 4232.63 2344.95 2552.41 8280.47 2071.68 2757.75 3550.05 6525.84 2624.95 4701.78 6302.27 2292.7 2619.31 2218.53 2626.91 3143.04 2033.55 2065.09 1855.98 1759.48 1995.65 2278.16 1752.99 2012.6 4543.19 5508.94 5930.81 6382.92 6647.95 6372 7553.6 4710.11 4636.57 4314.53 4900.99 3924.26 3537.86 4170.88 4364.51 5328.45 3201.83 3995.74 4177.86 4423.98 4863.58 3321.05 4365.92 4016.6 3760.43 3540.55 3027.45 2779.96 4461.24 2890.98 3363.99 2700.46 3639.29 2841.1 3774.8 3518.46 3216.17 4087.01 4365.21 4221.81 1916.85 2133.25 1428.67 2428.86 4330.15 3209.62 3760.38 4001.51 1896.08 1568.63 1906.99 2405.3 4528.56 5095.55 2530.11 2474.72 2934.05 2620.75 2770.31 2792.12 3594.43 5691.55 3312.28 4188.39 4310.58 3405.3 3540.59 2588.16 3344.11 6050.33 5594.73 2812.82 3345.4 4511.66 4288.63 4298.03 
3194.9 3027.19 3346.21 4054.72 3289.48 3043.4 3464.89 1710.24 0 2240.39 1948.89 3047.93 2273.5 4836.09 4251.89 5979.04 6683.73 6235.01 7153.5 7123.42 7285.43 6784.89 7033.83 6208.12 6561.38 6116.25 5906.12 5757.13 6347.02 6925.47 6481.75 5982.48 5784.43 7469.49 6323.4 7611.92 3808.1 3194.47 4164.18 3046.15 3864.74 4003.01 2929.4 3072.9 3621.78 3408.44 4587.73 3132.13 9181.24 7151.52 7546.97 9359.05 4392.78 6915.44 8193.72 7655.14 7261.52 6307.1 7573.25 7065.11 3753.41 3575.74 3716.45 2932.81 5520.46 5496.88 6495.22 5671.68 4927.58 4997.09 4653.67 3810.06 4089.51 13422 11521.5 6646.38 4972.16 5348.11 8050.59 6302.57 8591.94 5242.23 9684.77 14079.3 13087.3 5285.32 7470.32 9377.45 3176.96 2820.84 4241.59 3332.46 3785.19 3779.41 3727.49 3394.27 3482.38 3281.83 3186.37 3339.37 3400.25 3056.73 3638.02 3359.73 3533.94 2581.98 2769.05 3218.76 2583 4109.36 3623.61 3180.87 3942.06 4733.53 3851.96 3702.78 3692.91 4041.78 4737.3 4813.94 4444.52 3863.99 4572.15 4158.34 3852.68 4098.74 4079.09 5054.67 4511.88 3978.21 4400.6 4347.85 4175.23 4174.04 5210.83 2946.39 3206.96 5200.68 2213.03 4353.37 1971.74 2170.05 8832.5 1720.79 2537.04 3571.66 6442.85 2510.08 4818.14 6451.25 1917.4 2169.88 2504.25 2636.79 2881.41 2260.76 2494.65 1782.36 1677.04 1884.2 1920.72 1847.95 1673.12 4591.24 5069.62 5756.85 6227.39 6529.27 6182.03 7222.14 4643.56 4580.73 3996.76 4806.04 3563.84 3447.2 3844.79 4158.69 5247.59 3085.13 3814.85 4331.46 4571.36 4815.69 3417.91 4597.22 4031.57 3506.87 3647.55 3008.02 3058.04 4513.71 2988.17 3266.68 2609.53 3637.94 2981.06 3733.28 3635.18 3270.43 4153.72 4197.47 4150.74 2324.79 2519.32 1284.39 2689.82 4589.14 3229.31 3763.97 4037.56 1999.63 1621.89 1833.8 2304.18 5053.88 5324.98 2565.14 2543.54 2915.58 2967.67 3136.9 2666.95 4073.07 5661.65 3460.83 4072.2 4167.11 3338.54 3330.94 2895.7 3465.34 6296.55 6034.31 3079.62 3298 4440.25 4284.14 4328.08 
3512.11 3104.97 3559.87 4515.9 2156.86 2473.1 3244.67 2331.48 2240.39 0 2335.55 2707.09 2539.26 3724.99 4899.02 6369.85 6889.62 6565.5 7355.77 7417.28 7669.4 7097.16 7268.44 6533.93 6933.68 6461.13 5531.28 6056.77 6706.59 7311.12 6982.57 6551.69 6393.28 8017.83 6802.51 8179.21 3923.23 3734.01 4655.9 3439.62 4029.63 4185.76 3268.65 3335.31 4462.57 4119.03 4230.38 4281.27 9522.52 7698.38 8473.64 10103.9 4497.23 7495.34 9258.44 7801.81 8108.39 7156.23 7963.86 8179.22 4005.05 2995.18 4035.61 3262.3 6581.44 6600.33 7457.56 6233.63 5335.8 5911.21 5504.82 4073.3 4469.4 13694.7 11163.9 6548.92 4973.23 5218.42 8366.59 4994.31 8535.04 5333.98 9912.23 14267 13216.1 5519.93 6961.19 9263.38 2933.47 3219.73 4344.18 3714.9 3914.7 3956.78 3912.64 3853.96 3786.04 3666.71 3596.83 3625.61 3736.23 3410.42 3827.12 4014.88 3918.94 2579 2893.93 3230.36 2504.46 3953.15 3729.01 3361.25 3958.45 4974.76 4161.21 3993.84 4270.13 4199.9 4880.97 5048 4583.04 4012.59 4891.84 4353.53 3996.7 4596.4 4432.74 5254.43 4882.2 4042.59 4582.58 4755.65 4277.73 4572.78 5271.9 2969.84 3292.15 5245.06 2306 4660.38 2192.87 2495.82 8408.97 1986.38 2662.34 3268.09 6825.07 2056.26 4762.41 5752.78 2134.53 2555.08 2380.87 3037.92 2822.49 2536.55 2899.52 1614.21 2042.11 1843.01 2060.42 1846 1651.74 4585.82 5997.02 6848.13 7024.31 7375.49 7033.21 7991.94 4897.89 5365.81 5149.14 5810.31 4766.96 4301 4987.75 5244.84 5411.59 3569.63 4138.36 3969.23 5456.17 4234.45 3764.82 4186.56 4702.8 4037.15 3660.79 3567.31 3623.79 4079.42 3543.52 3757.74 1935.37 4075.48 2927.98 4131.42 4108.71 3298.79 4553.17 4645.68 5037.32 1629.55 2459.57 1772.03 3483.17 4321.25 3606.34 4190.6 4162.57 2786.63 2371.56 2445.6 2761.73 4671.19 5990.45 2655.86 3035.91 3675.06 2458.75 2746.58 3596.62 3315.02 6377.31 4001.13 4229.87 4879.55 3605.98 3599.08 3429.96 3932.28 6403.71 5679.75 2941.94 3381.07 3593.46 3880.22 3249.7 
2666.2 3071.01 2950.48 3476.95 3085.25 3227.24 4089.91 1813.35 1948.89 2335.55 0 3537.43 2879.45 5067.22 3937.18 6804.62 7257.09 6991.53 7803.76 7878.64 7998.79 7519.32 7631.88 6951.51 7361.02 6828.65 6596.91 6504.44 7092.47 7719.55 7258.82 6590.21 6589.7 8242.71 7056.74 8246.67 4360.94 4059.4 4944.38 3816.91 4437.92 4656.93 3599.29 3618.44 3533.8 3789.49 4747.29 3938.52 8785.3 6884.65 7399.46 8925.57 4938.15 6529.15 8034.31 7188.76 7021.95 6052.4 7346.54 6947.47 3246.77 2960.17 3333.49 2576.63 5858.47 5490.79 6644.78 5932.54 4739.2 4808.51 4559.44 3428.38 3892.67 12856 10735.7 6060.09 5251.94 5083.81 7517.11 6535.92 8057.63 4621.66 8782.17 13395.5 12707.6 5458.84 6814.97 8504.2 3746.98 3421.07 4757.97 3933.09 4364.01 4409.47 4239.26 4180.97 4080.78 3900.31 3824.13 3867.78 3946.69 3760.35 3810.88 3412.57 3733.99 2893.87 2802.65 3272.38 2213.35 4270.32 4318.78 3919.96 4632.16 5281.01 4553.54 4393.86 4531.54 4645.41 5268.01 5441.48 5020.97 4385.11 5337.04 4867.23 4470.77 4900.98 4820.81 5637.61 5131.59 4638.68 5030.65 5135.92 4711.62 4911.74 4592.67 2502.75 3096.54 4673.35 2859.76 3882.52 2515.85 2788.68 7971.73 2293.74 3300.55 4113.39 5852.6 2716.56 4099.27 5802.33 2460.12 2838.94 2083.69 1969.51 3543.03 1816.74 2421.82 1849.88 1961.31 2299.3 2536.39 1765.2 2175.89 3772.23 5553.59 5927.81 6428.67 6381.99 6053.25 7423.89 4109.95 4154.2 4479.25 4988.36 4057.37 3630.1 3995.15 4512.88 5244.04 3128.23 3494.71 4046.54 4259.78 4507.19 2943.11 4318.29 3602.7 3449.39 3397.17 3170.93 2820.83 4015.34 2832.43 3073.27 3030.95 3179.39 2806.8 3325.25 3483.5 2838.53 4119.12 4039.62 4315.71 2176.89 1995.56 1707.25 2405.8 4184.79 3061.47 3612.54 3635.06 1983.32 1777.47 1984.43 2145.05 4724.06 4472.63 2194.48 1993.72 2887.53 2710.96 2836.62 2891.63 3764.82 5123.23 2955.55 4194.4 4061.68 3404.28 3779.22 2595.8 2970.84 5438.54 5231.88 2167.16 2742.84 4907.4 4675.66 4282.99 
4060.39 3451.04 3867.83 4635.75 3057.04 2927.3 2482.57 3329.19 3047.93 2707.09 3537.43 0 1914.22 4418.58 6320.44 4940.71 5423.06 5096 6102.92 5805.53 6456.64 5634.34 6081.62 5007.3 5538.73 5210.39 4536.46 4831.16 5536.63 5931.7 5600.03 5332.03 5260.24 6817.89 5368.42 6914.1 2541.65 2656.97 3456.28 2410.7 2575.84 2623.53 1921.07 1734.29 4422.55 3848.56 4121.1 3915.73 9085.81 7266.6 7982.29 9739.34 2947.6 6994.47 8921.29 7001.25 7631.99 7287.81 7630.08 8041.23 3930.14 3241.16 4251 3397.67 6749.95 6375.75 6978.35 6757.98 5015.73 5715.53 5335.76 3919.99 4198.01 13935 12206.3 6756.2 6162.53 6429.55 8624.85 5334.54 8599.97 5755.97 9821.96 16251.2 13418.9 6526.98 8118.14 10305.8 1782.98 2550.44 3027.9 2655.38 2454.96 2536.5 2554.8 2564.34 2505.03 2357.92 2443.86 2410.49 2496.81 2432.18 3515.21 4619.51 3901.71 2304.57 2822.56 2597.88 2667.71 3548.09 2094.09 2005.34 2369.02 3444.32 2603 2472.7 2970.49 2529.61 3137.63 3498.37 2729.14 2473.14 3095.96 2570.77 2318.75 2943.17 2811.18 3575.8 3168.81 2534.95 2918.72 3180.59 2639.02 3112.16 5970.18 2979.59 3421.6 6183.16 1626.68 5176.98 1397.75 1592.18 10011.9 1811.65 2021.46 2676.51 6538.61 2387.52 5075.78 7249.94 1476.75 1671.9 3060.76 3422.33 1524.13 2788.88 3624.84 2162.22 2358.84 1881.84 1908.18 2051.09 1961.53 5300.47 5804.76 6720.83 6823.6 7028.67 6714.94 7717.95 4590.91 5343.11 5468.24 6012.18 5002.41 4625.88 5205.04 5497.86 4628.77 3562.08 4099.71 4462.71 5901.49 4127.53 4077.76 3609.7 4677.87 4549.72 3890.73 3710.69 4051.55 4632.65 3763.13 3870.15 2372.7 4243.16 2983.63 4439.63 4689.16 3487.04 4683.45 4392.09 4890.69 3192.93 4025.34 2441.22 4266.53 4385.76 3462.81 3762.45 3744.4 3220.55 2963.49 2676.15 3062.09 5536.57 7165.96 2669.03 3129.35 3827.01 2899.76 3126.01 3442.35 4516.23 6592.36 4596.02 3399.03 5335.78 2999.28 3122.62 4386.84 5197.79 7486.66 6534.29 3968.1 4001.69 2494.44 3828.14 3637.35 
3252.78 2981.29 3198.15 4428.33 2809.79 2693.47 2329.15 2648.04 2273.5 2539.26 2879.45 1914.22 0 4318.41 5683.45 4788.97 5346.18 4794.43 6017.43 5602.79 5839.67 5500.72 6030.95 4975.7 5494.51 4928.69 4669.29 4579.95 5220 5712.8 5601.18 5144.87 5087.63 6679.67 5467.03 6803.56 2568.71 2534.61 3335.25 2246.63 2706.11 2734.23 1981.76 2172.41 3942.47 3547.27 4172.15 3550.41 8484.24 6940.62 7626.94 9466.74 3272.34 6570.48 8668.35 7024.04 7452.39 6903.6 7650.85 7451.75 3457.23 2728.18 3464.63 2624.58 6146.28 6026.6 6559.03 6400.3 4527.36 5262.64 4735.06 3253.39 3655.76 13256 12081.6 6793.57 5906.23 6249.52 7865.06 5460.44 8388.67 5348.33 9979.92 15788.3 12674.4 6223.65 8153.57 9901.37 2093.03 1975.45 3146.53 2444.65 2594.32 2588.69 2681.97 2726.36 2617.48 2527.58 2449.59 2485.52 2617.44 2269.72 2998.15 4023.66 3192.02 1632.91 2025.96 2297.47 2378.72 2967.66 2351.95 2058.62 2286.98 3816.99 2929.12 2705.66 2985.13 2974.89 3519.62 3858.78 3211.19 2793.23 3213.51 2924.98 2483.52 3263.02 3121.39 4213.14 3446.5 2919.43 3377.18 3428.23 2950.95 3313.3 5899.66 2607.93 3136.24 5436.78 1282.93 4806.01 1213.34 1369.26 9985.17 1137.53 1643.5 2460.81 6227.7 2452.73 4664.82 6916.08 1244.34 1522.91 2688.96 2697.82 1809.66 2173.62 3102.11 1935.84 1707.68 1201.27 1345.37 1559.57 1399.78 4842.72 5403.19 6239.08 6678.36 6760.01 6421 7347.83 4253.38 4917.22 4641.65 5352.09 4215.73 3974.1 4415.69 4744.52 4378.21 2947.64 3158.92 4027.1 5282.37 4042.85 3407.56 3537 4056.96 3824.26 3582.51 3073.34 3299.85 4310.33 3073.73 3235.09 2381.48 3694.07 2719.79 3762.84 4126.15 3178.6 3997.02 4212.47 4652.59 2697.97 3449.34 1661.74 3517.02 3806.1 2956.66 3570.45 3529.75 2493.89 2357.78 1995.63 2333.28 5456.49 6568.16 2251.25 2452.26 3038.83 2537.31 2689.93 3082.02 4346.57 6253.99 4250.22 2786.97 4590.24 2433.04 2646.91 3760.24 4544.16 6782.33 6399.86 3386.09 3565.39 2906.1 3848.25 3457.85 
6161.16 5715.66 6207.28 6980.33 3890.68 4624.86 4541.47 4653.9 4836.09 3724.99 5067.22 4418.58 4318.41 0 7223.46 8232.37 8611.97 8160.23 9424.88 8857.43 9344.18 8933.08 9580.09 8391.9 9154.93 8153.68 6558.19 7825.06 8805.12 9233.21 9229.12 8706.95 8564.16 10197.5 9005.19 10337.3 6106.96 6001.07 6936.2 5738.84 6313.5 6231.79 5479.36 5488.84 7228.26 6846.39 6422.71 6886.7 12281.8 10207.5 11302.2 12961.1 6761.95 9997 12150.5 10075.9 10420.9 10074.3 9676.79 10973.2 6632.65 5439.32 6718.24 5934.91 9416.97 9452.43 10233.6 8825.89 7979.17 8639.01 8153.31 6760.64 7112.78 16358.3 12234.8 9073.41 6385.05 7466.06 11034 5269.99 8004.83 6798.76 11918.3 16286.5 15832.4 7078.46 8227.77 11412.1 3774.71 5296.2 6668.38 5925.82 5590.45 5002.01 6194.19 6123.77 6075.12 5897.19 5805.61 5825.24 5938.87 5741.54 6218.36 6706.74 6352.99 4629.13 4998.88 5305.41 4787.68 5232.68 5757.59 5408.21 5311.68 7205.14 6436.16 6228.46 6392.92 6485.79 7132.17 7397.07 6651.02 6258.52 6936.52 6517.63 6147.22 6855.25 6755.88 7507.45 7112.14 6055.92 6890.61 7038.5 6582.29 6902.97 7790.35 5273.83 5404.91 8018.42 4271.65 7142.27 4284.27 4560.98 10371.7 4081.46 4136.53 4226.18 9490.87 4311.54 7164.33 8227.59 4173.65 4677.87 4856.32 5718.08 4612.19 5162.44 4925.34 4281.98 4485.5 4213.94 4185.84 4474.54 4172.35 7198.06 8641.62 9509.87 9857.08 10097.4 9746.89 10682 6802.81 8005.02 7747.49 8457.11 7395.33 6971.53 7593.57 7972.91 8087.04 5821.29 6506.85 6227.56 8160.49 6327.45 6371.4 6165.03 7430.89 6695.16 6132.94 6307.43 6336.46 6750.43 6136.93 6401.18 3714 6809.18 5724.57 6731.51 6890.34 5920.01 6279.89 7406.37 7668.99 4332.16 4939.53 4131.47 6112.54 6444.67 6237.91 6862.27 6897.27 5402.55 5053.81 5123.56 5428.9 5331.35 8436.6 4981.71 5502.05 5909.59 4682.94 4282.92 5687.9 4439.67 8712.05 6401 6555.71 7551.31 6212.51 6407.13 5777.48 6543.8 8850.51 7592.13 5616.28 5769.75 4185.68 5306.71 4163.82 
5870.24 5746.36 6127.78 5504.39 5628.24 6112.91 6928.31 3989.21 4251.89 4899.02 3937.18 6320.44 5683.45 7223.46 0 9701.74 10215.6 9938.17 10750.8 10766.2 10926.3 10472.9 10614.3 9906.47 10327.7 9826.23 9392.27 9444.46 10085.7 10686.5 10206.7 9622.93 9542.18 11202.7 9983.21 11261.5 7271.01 6979.09 7914.22 6716.86 7374.46 7500.82 6468.3 6466.86 5376.7 6077.96 6710.82 5400.21 11965.6 9458.08 10208.9 11168.8 7867.28 8622.37 10371.8 10381.7 9207.55 8672.45 9326.04 9120.04 6588.46 6272.88 6471.94 5795.5 5929.6 7431.04 8510.23 5335.25 8049.89 7401.93 7559.03 6865.52 7224.9 15810 11480.8 8584.73 4904.67 5949.01 10554.7 8411.67 9860.77 7192.68 9791.63 11108.2 15943.6 4988.77 6426.38 9552.73 6503.72 6348.05 7676.18 6903.84 7197.86 7204.39 7174.1 7101.79 7053.14 6875.21 6783.64 6803.27 6916.89 6719.56 6478.54 5056.81 6193.19 5680.23 5686.13 5839.63 5273.67 7014.35 7121.99 6671.32 7483.43 8183.16 7414.19 7257.66 7370.94 7483.58 8176.26 8375.09 7792.64 7244.71 8212.2 7685.53 7294.49 7833.27 7734.38 8485.47 8090.16 7409.34 7874.97 8016.52 7571.75 7880.99 6535.43 5477.32 5292.97 7667.22 5640.29 6710.01 5351.77 5601.36 8548.51 5137.32 5996.89 6812.92 8805.36 5217.68 7100.68 7726.28 5294.62 5655.89 4476.42 5108.89 6331.76 5008.35 4441.28 4686.78 4607.59 5132.77 5087.13 4587.88 4943.85 6967.4 6993.27 7171.94 7807.57 8337.08 8062.49 9397.24 6884.46 6544.98 5600.32 5895.39 5351.96 4493.17 5658.28 5497.59 8267.84 5337.45 6290.8 6591.03 6311.87 7709.87 5887.86 7168.06 6081.91 6178.6 6127.05 5879.48 5623.81 6943.93 5529.84 6154.47 5531.75 6315.92 5580.06 6434.49 5803.02 5840.59 5786.89 6299.17 5284.85 4303.5 3562.99 4369.37 3697.88 7465.36 5699.58 6029.42 6834.02 3826.85 3774.8 4333.96 4660.59 6640.85 4723.17 5088.39 4898.62 4545.69 5204.6 5322.28 4712.67 5636.51 6620.48 4203.56 7217.85 6336.95 6427.6 6671.56 3448.78 4475.13 7563.15 7011.74 4848.53 5609.76 7698.87 6312.72 6228.29 
7063.75 6790.12 7111.76 8349.27 6575.96 6055.25 5648.7 6485.13 5979.04 6369.85 6804.62 4940.71 4788.97 8232.37 9701.74 0 5134.05 3187.4 5325.74 3788.69 4469.93 4185.76 6127.6 4668.5 3389.55 3823.93 5280.19 3680.21 3852.75 4376.38 4472.19 4839.62 3680.77 5041.08 4991.03 5477.56 4148.25 3674.19 3454.27 3760.47 4507.89 4349.17 4520.8 4910.11 7263.92 7086.64 7397.47 6585.34 10958.8 9334.64 9964.26 12192.5 4653.73 9307.98 11237.3 9396.15 9924.32 8938.92 10718.8 9411.14 7218 6802.71 7296.05 6371.01 8589.09 8134.06 9832.78 9084.35 7510 8473.33 7743.27 6399.18 6870.47 17137.1 15442.8 10460.8 9276.52 10029.4 11734.9 7908.31 11844.4 8968.85 13509.8 19740.6 16446.2 10077.6 11502.1 13379 4946.32 4572.3 4764.87 4256.4 3991.83 4599.76 4424.84 3808.79 4082.03 4253.4 4564.94 4230.68 4598.84 3835.82 6463.39 6893.14 6490.25 5387.42 5432.51 5740.62 6184.12 6124.02 4452.12 4000.44 4452.27 6371.69 4749.8 4969.4 4911.93 5402.59 5735.97 5971.44 5761.75 5111.21 5263.85 5090.05 4916.98 5042.93 5089.22 6615.52 5655.55 5631.49 5617.2 5219.5 5100.94 5282.04 9611.14 6300.12 6733.37 9274.15 4819.59 8529.82 4570.98 4162.51 13642.4 4877.37 5113.8 5896.37 9842.82 6094.75 8323.81 10803.8 4562.26 4329.7 6618.14 6557.62 4824.33 5926.41 7252.06 5780.9 5570.08 4972.17 4995.65 5466.52 5292.87 8437.54 9008.79 9700.78 10163.5 10211.8 9902.24 10953.1 7843.65 8412.93 7545.59 8709.1 7227.66 7686.06 7387.13 8259.15 7376.86 6816.95 7088.32 8117.4 8661.14 7014.43 7235.91 7129.59 7507.53 7281.98 7001.84 6532.86 6652.93 7653.44 6343.02 6438.05 6174.56 7272.19 6157.79 7048.29 7472.93 6807.84 8181.1 7720.59 8446.32 6650.82 7404.65 5615.72 7405.69 7020.24 6868.21 7195.43 7286.97 6327.78 6263.85 5796.58 6214.48 9107.44 10576.6 6284.52 6433.48 6880.29 6386.24 6520.2 6896.1 8388.76 10348.3 7770.66 5124.32 8485.06 5165.07 5053.09 7781.1 8474.65 10553.6 10072.5 7252.14 7536.33 5654.39 6877.53 7078.31 
7658.92 7366.68 7645.37 8910.47 7000.84 7147.98 6419.27 7017.79 6683.73 6889.62 7257.09 5423.06 5346.18 8611.97 10215.6 5134.05 0 4489.33 4282.95 5643.66 5886.11 4168.21 3876.67 2694.56 4652.73 4537.59 6876.09 4404.68 3756.46 3929.09 7392.2 7322.93 6434.81 8660.9 7603.89 8658.68 4640.46 5076.91 5567.54 5271.62 4811.03 4729.94 5373.83 5641.96 7786.8 7806.75 8306.19 7731.95 11492.4 10244.4 10548.9 12830.5 5612.47 9455.55 11980.8 9820.7 10677.9 9974.88 11428.4 10878.1 7802.92 7292.55 7940.86 7035.91 9225.25 9161.48 10428 8749.51 8618.76 9505.65 8782.84 6957.39 7792.87 17671.2 15963.5 11193.4 9886.22 10609.2 12327.7 7986.37 12317.9 9614.86 13906.2 20329.2 17124.3 10707.7 12173 14380 5603.74 5032.95 4286.05 4647.13 4759.37 5133.91 4633.46 5349.28 4805.06 4907.51 5273.79 4685.02 4980.83 4475.92 7237.85 8394.08 7246.53 5770.21 5968.31 6049.93 6806.86 6599.58 5237.78 4625.76 4979.38 7309.72 5530.95 5864.44 6548.84 6021.29 6422.82 7000.05 6485.71 5679.74 6097.51 5980.02 5739.27 6487.83 6308.34 7413.33 6638.96 6586.18 6464.4 6803.68 5441.46 6018.62 10139.4 7052.66 7169.09 9738.53 5291.29 9209.96 5117.87 4926.09 14255.4 5385.66 5845.77 6165.59 10567.7 6739.28 8978.72 11441.1 5215.41 5090.16 7121.84 7143.16 5741.88 6558.3 7768.86 6388.35 6089.76 5563.52 5558.19 6080.71 5894.43 9179.63 9929.28 10825.7 10845.9 11256.2 10877.8 11779.7 8160.14 9211.47 8869.21 9947.91 8816.91 8586.03 8845.16 9417.11 7499.65 7282.82 7593.44 8603.77 9748.41 7634.12 7746.4 7563.61 8281.8 8150.61 8032.2 7347.69 7711.06 8750.92 7529.81 7577.84 6757.36 8017.61 6942.25 7829.68 8475.39 7319.61 8588.48 8187.92 9121.41 7195.17 8016.91 6190.57 7993.09 7627.07 7515.56 8028.89 7808.37 6901.31 6850.88 6401.77 6791.55 9839.31 11140.7 6816.56 6954.35 7558.57 6935.57 6950.53 7450.15 8896.11 10941.8 8670.6 6249.61 9070.14 6445.73 6641.25 8311.56 9059.73 11290.6 10561.9 7826.89 8033.37 6182.93 7631.32 7465.01 
7358.82 7055.28 7373.77 8571.87 6691.29 6357.73 5726.18 6717.12 6235.01 6565.5 6991.53 5096 4794.43 8160.23 9938.17 3187.4 4489.33 0 4919.89 2967.29 3427.83 3271.42 6093.11 4347.97 4190.66 3451.71 4562.5 3034.32 3500.6 3750.81 5459.13 5464.44 4627.68 6409.1 5809.07 6662.98 4609.36 4062.39 4173.72 4195.58 5022.87 4706.98 5054.49 5341.07 7582.74 7583.11 7837.41 7091.58 11455.1 9695.36 10257.9 12568.5 5149.56 9447.02 11590.3 9511.69 10103.3 9407.01 11009.4 9784.38 7531.19 6961.74 7577.56 6748.55 9029.8 8402.8 10061.6 9372.94 7895.73 8938.54 8024.96 6581.24 7198.69 17421.2 15501.2 10756.4 9465.75 10310.7 12015.3 7511.29 11857.3 9023.03 13874.8 19999.9 16834.5 10209.8 11834.4 13787.4 5354.96 4641.92 5174.81 4451.02 4064.84 4927.67 4932.72 4522.72 4357.62 4576.7 4810.02 4728.54 4954.58 3993.94 6834.01 7413.4 6733.93 5481.59 5360.22 5619.6 6501.16 5807.34 4885.06 4406.7 4372.56 7018.93 5563.96 5584.37 5613.47 5984.57 6413.75 6631.01 6452.92 5727.91 5841.13 5742.58 5520.72 5794.18 5801.66 7322.95 6328.8 6185.81 6331.64 5963.68 5710.19 5855.04 9809.78 6547.77 6914.34 9446.61 4906.81 8884.32 4846.14 4537.93 13997.1 5109.96 5235.36 5832.88 10193.5 6401.17 8572.24 10964.8 4841.23 4760.8 6869.03 6851.3 5158.31 6246.04 7391.58 6090.78 5857.72 5244.94 5258.21 5784.11 5611.54 8847.75 9477.76 10229.9 10710.6 10830.7 10499.7 11465.2 8064.83 8960.36 7879.32 9158.12 7640.41 8076.43 7832.8 8674.36 7741.48 7022.12 7098.7 8235.65 9189.81 7394.31 7568.16 7289.25 7926.29 7568.94 7553.86 6922.42 7109.53 8137.01 6778.94 6890.09 6410.49 7803.05 6605.43 7369 8016.32 7037.57 8208.41 8226.68 8877.85 6893.42 7700.61 5866.93 7690.3 7146.61 7239.77 7671.7 7647.31 6592.46 6541.3 6093.17 6481.28 9387.37 10796.5 6408.98 6603.22 6897.57 6490.07 6441.58 7098.93 8561.6 10535.8 8136.3 5393.77 8769.25 5686.93 5578.11 7953.89 8758.84 10960.4 10379.3 7528.46 7735.52 5727.62 7201.75 7136.47 
8208.73 7882.24 8262.42 9515.58 7568.88 7578.28 7176.67 7630.56 7153.5 7355.77 7803.76 6102.92 6017.43 9424.88 10750.8 5325.74 4282.95 4919.89 0 6280.98 5687.86 3741.7 4490.18 4251.14 4376.24 4510.31 7208.21 4247.63 3571.64 3165.21 7405.22 7539.37 5860.88 8056.99 7668.85 8562.84 5162.36 5180.74 6004 5639.68 5299.22 5276.98 6059.62 6328.49 8232.1 8237.58 8539.74 7674.46 11331.8 10178.6 10358.7 12749.3 6015.64 9472.6 11903.8 10363.7 11188 10140.2 12026.4 10859.8 8344.05 7725.64 8498.69 7666.59 9522.95 8916.76 10310.1 9384.52 8883.13 9782.04 9044.5 7543.44 8073.74 18312.9 16368.6 11601.8 10155.1 11120.1 12906.9 8678.68 12912.3 10203.5 14466.8 20765.5 17722.9 11066.5 12271.4 14456.4 6328.03 5258.42 5286.27 5382.81 5724.19 6212.85 5476.72 5510.6 5260.29 5441.29 5993.06 5615.99 5866.47 4949.11 7625.41 8582.88 7593.56 6462.6 6547.68 6799.61 7368.76 7369.73 5962.28 5209.74 5873.38 7946.47 6114.8 6238.71 7306.31 6267.46 6885.5 7506.89 6968.08 6076.89 6117.45 6265.1 5989.37 6912 6787.87 7986.1 7188.1 6831.88 6945.6 6978.85 5796.49 5995.06 10591 7567.44 7801.98 10242.1 5873.16 9789.56 5700.3 5862.32 14441.7 6087.6 6344.75 6970.75 11322.6 7493.16 9658.19 11918.2 5719.25 6016.29 7731.42 7736.8 6238.38 7197.83 8390.95 6873.68 6638.71 6176.9 6191.32 6564.69 6458.58 9800.4 10331.3 10972.3 10506.6 11364.9 10606.1 12294.9 8872.84 9348.23 8925.55 10304.7 9109.94 9169.95 9120.29 9890.99 7008.39 8112.36 8186.78 9291.64 9720.5 7815.43 8188.34 8305.31 8802.68 8407.8 8038.32 7689.11 8094.73 8847.75 7504.63 7874.46 7204.79 8534.69 7072.99 8153.03 8454.45 7878.51 9409.94 8112.34 9430.57 7683.64 8455.66 6764.26 8583.35 8186.06 8068.89 8387.68 8244.94 7475.13 7368.57 6960.75 7360.13 10387.2 11585.7 7454.16 7582.07 8136.59 7207.71 7577 8135 9634.95 11485.5 9178.53 6190.96 9635.95 6673.95 6641.78 8955.93 9506.06 11757.5 10929.3 8272.66 8606.66 6740.33 8195.02 7993.15 
8167.12 7888.07 8179.73 9224.7 7368.89 6985.38 6270.26 7588.32 7123.42 7417.28 7878.64 5805.53 5602.79 8857.43 10766.2 3788.69 5643.66 2967.29 6280.98 0 3641.25 4394.78 7421.82 5505.45 4857.07 4113.22 4970.8 3858.3 4615.77 5078.82 5711.25 5591.75 5461.72 6810.74 6192.53 6789.27 5295.33 4759.46 4451.46 4650.18 5701.55 5435.87 5819.84 5997.7 8207.46 8266.04 8158.38 7799.74 12044.8 10178.2 11020.4 13041.2 5611.17 10288.4 12241.5 10013.9 10474.9 10088.1 11325.4 10384 8328.81 7774.52 8399.16 7514.58 9874.03 9475.5 10806.5 10503.6 8693.64 9590.12 8732.02 7511.54 7821.32 18252.1 16344.1 11545.9 10380.4 11104.6 12859.6 7970.63 12338.4 9685.25 14543.3 20850.9 17616.3 10960.9 12493.1 14532.8 6061.68 5363.71 5642.48 5265.72 4453.98 5423.31 5385.74 5228.62 5049.21 5279.03 5335.98 5343.08 5634.51 4841.41 7507.81 7925.88 7476.64 6212.68 6242.61 6325.99 7275.21 6394.57 5396.15 5186.03 5050.34 7476.35 6230.7 6258.83 5843.45 6666.81 6975.99 7080.88 6963.51 6484.86 6397.98 6464.85 6237.96 6173.64 6315.08 7790.61 6646.56 6634.46 6822.9 6319.7 6452.26 6767.15 10677.9 7301.98 7806.61 10323 5731.78 9732.72 5620.03 5257.56 14861 6015.01 6066.51 6526.41 10854.3 7005.1 9413.73 11764.8 5652.71 5457.96 7678.33 7684.45 5815.42 6934.98 8283.7 6908.58 6676.95 6038.2 6001.76 6573.09 6381.04 9611.93 9918.79 10638.4 11462 11230.1 10986.2 11860.6 8765.71 9705.42 8673.56 9596.14 8208.69 8631.84 8648.09 9134.6 8396.51 7765.5 8008.91 9078.79 10031 8179.95 8510.08 7882.02 8609.6 8350.3 8277.65 7690.91 7799.52 8780.49 7645.69 7681.34 7144.94 8376.94 7479.3 8278.55 8867.64 7697.91 8857.73 9059.08 9561.45 7735.63 8549.44 6692.82 8532.81 7699.02 7925.68 8206.1 8483.35 7445.89 7403.65 6938.68 7321.46 10107.5 11638.4 7279.41 7441.36 7617.65 7383.02 7313.02 7768.57 9057.77 11290.1 8818.12 6083.62 9612.05 6449.22 6212.09 8805.1 9601.64 11753.7 11191 8365.63 8624.08 6435.72 7687.02 8005.41 
8340.07 8071.13 8367.26 9717.55 7785.04 7459.76 6992.48 7720.71 7285.43 7669.4 7998.79 6456.64 5839.67 9344.18 10926.3 4469.93 5886.11 3427.83 5687.86 3641.25 0 3999.64 6990.73 5777.6 5265.95 3564.79 5759.65 3797.83 3902.66 4378.02 6672.39 6659.72 5383.16 7151.19 6947.98 7396.04 6140.97 5085.81 5470.19 5461.65 6535.65 6193.08 6291.39 6502.28 8652.91 8666.88 8792.73 8191.32 12764.6 11104.9 11641.5 14197.8 6721.41 10786.5 12900.5 10941.8 11388.1 10837.2 12327.2 11230.4 8548.34 8107.39 8583.58 7693.14 9978.73 9571.77 11148.9 10437 8884.49 9984.29 9000.6 7728.99 8202.67 18401 16853.8 11973.7 10772.5 11428.9 12995.1 8915.8 13011.3 10148.3 15292.7 20994.4 17800.5 11239.7 13177.4 14991.2 6398.4 5342.33 6930.07 5334.02 5302.87 6361.72 6383.26 5757.2 5617.6 5793.43 6126.2 5979.08 6110.95 5257.4 8047.05 8685.2 7753.93 6555.54 6509.15 6788.93 7507.25 7010.93 6375.33 5880.36 5824.08 8230.03 6787.33 6948.02 6861.8 7483.62 7821.2 7966.3 7818.81 7096.82 7155.47 7143.05 6911.23 7062.95 7271.81 8638.22 7560.74 7499.72 7734.94 7222.48 7261.73 7244.05 11154.7 7675.45 8319.78 10537.6 6159.91 10021 5913.08 5701.63 14964.7 6098.34 6362.58 7092.98 11468.5 7470.35 9694.54 12146.6 5848.84 5871.01 7930.93 7840.77 6312.88 7267.58 8457.88 7129.48 6848.6 6275.59 6297.62 6768.3 6583.81 9898.38 10562 11279.9 11871.4 11866.1 11493.4 12511.9 9244 9993.81 8837.03 10284 8784.69 9150.25 8786.95 9805.52 9286.04 8069.33 8306.2 9313.89 10228.2 8628.93 8650.28 8647.67 9196.72 8569.76 8554.43 8080.43 8117.04 9113.08 7841.56 7941.28 7485.56 8910.94 7797.6 8658.5 9173.51 8059.31 9363.71 9353.61 9860.66 7897.56 8687.95 6862.87 8670.59 8175.49 8210.41 8686.19 8795.15 7617.45 7544.93 7090.31 7465.13 10636.3 11803.1 7535.72 7655.6 8196.73 7676.93 7576.75 8187.86 9660.34 11667.7 9157.06 6729.27 9748.97 6803.22 6861.86 8991.37 9738.56 11911.6 11602.2 8514.52 8778.47 7005.03 8464.97 8224.34 
