239 239
0 3589.16 1841.38 2900.04 5298.76 4948.6 5699.11 3244.62 3025.75 3194.9 3512.11 2666.2 4060.39 4011.09 3252.78 3718.11 3400.31 2869.29 4525.44 7063.75 7358.82 8208.73 8167.12 8340.07 7839.24 8010.59 7321.48 7955.2 7692.1 6800.23 7059.8 6697.01 7530.18 7446.91 8055.87 7056.42 8701.71 8279.01 4653.04 4505.78 5428.62 4620.36 4762.7 4886.8 3988.44 3946.47 4019.17 5288.3 4343.3 7440.23 6032.46 6061.82 4874.34 4580.98 4503.21 6392.95 7204.68 6224.77 7245.26 6018.55 7902.73 6700.84 5465.07 5789.53 6035.57 5237.49 5321.3 3089.75 4042.11 3454.29 3016 7394.92 7218.79 4675.54 4210.54 3417.33 5528.48 4286.54 4823.38 3564.4 10972.8 4464.32 10933.8 5734.02 7198.86 6353.9 5701.84 7785.9 8825.58 5043.44 8735.59 13791.1 5664.02 12992 8539.24 4947.39 4591.78 4049.37 5117.81 4389.46 4595.88 4660.42 4566.15 4612.47 4566.55 4803.45 4312.91 4428.38 4224.27 4651.05 4218.2 4677.55 4163.97 3099.52 3223.19 3719.3 4498 3361.75 4551.3 3706.27 4795.59 4938.35 5736.9 4907.18 4663.29 4881.72 5052.3 5606.11 5905.7 5125.43 5382.41 4732.75 5630.25 4804.36 5090.97 5178.05 4741.09 5353.25 5274.29 6040.77 5557.43 5042.5 5376.72 5561.93 5062 5423.28 3556.57 4025.54 4478.21 3374.59 3175.24 3284.28 8738.78 2932.32 6231.06 3953.71 3507.81 3235.88 3095.29 3050.75 2124.03 2460.37 3143.13 2551.85 2733.25 2961.56 2277.09 6479.28 7414.78 7451.22 7889.85 7389.39 5380.25 4922.95 4658.1 4954.13 4551.51 5697.64 5546.44 5509.78 3740.25 3696.65 2220.8 2219.89 4249.6 4392.33 3077.97 4651.02 4682.12 2970.19 3915.79 4097.1 3279.67 3172.25 3059.43 4374.23 2811.07 3030.38 4106.43 2560 3065.8 3381.48 3140.9 4861.82 4253.15 4379.67 4601.63 4566.97 5318.46 3727.56 2790.12 3138.63 3703.41 3123.43 2874.96 2622.28 2476.22 3614.21 3745.37 4983.47 3953.67 2759.31 2619.22 4178.55 3682.53 3598.54 3884.4 5062.59 5674.86 4478.9 4278.6 3839.5 3982.12 4051.24 2979.55 2880.58 5349.85 6063.86 5502.79 
3589.16 0 3213.19 3122.18 6690.04 6777.06 6626.62 3189.61 3507.36 3027.19 3104.97 3071.01 3451.04 3849.02 2981.29 3218.9 2503.15 3309.03 4055 6790.12 7055.28 7882.24 7888.07 8071.13 7543.14 7698.96 7032.78 7642.32 7369.27 6539.99 6620.83 6393.53 7105.37 7117.35 7758.18 6649.97 8325.98 7998.57 4359.74 4086.32 5041.97 4280.16 4501.07 4603.42 3703.53 3613.47 3591.49 4892.08 3446.9 6907.26 5452.45 5664.18 4663.22 4911.93 4809.7 5969.19 7010.53 7509.43 7643.64 7639.14 8069.77 8228.15 4896.13 7162.18 8000.94 6248.55 5976.76 3579.06 3467.45 3680.76 2987.7 5308.78 6987.74 4172.57 5744.46 5311.08 3878.94 3660.54 3166.96 4118.3 11994.2 3806.35 10418.8 5881.89 6878.88 4661.3 6881.67 7363.64 7569.42 4934.31 8793.38 13481.4 5366.32 13273.1 9199.32 4583.5 4179.76 3658.5 4782.68 4022.88 4348.72 4429.57 4287.15 4239.68 4176.17 4371.34 3898.72 4040.76 3839.72 4355.87 2687.8 4817.09 3433.31 2665.81 2984.1 2991.86 3907.49 3607.05 4275.35 3412.41 4498.49 4723.92 5327.91 4598.66 4378.05 4543.71 4660.46 5287.64 5540.49 4850.5 5052.56 4404.75 5344.14 4489.43 4793.79 4866.48 4424.98 4999.36 4909.64 5618.9 5212.77 4689.49 5045.58 5158.71 4695.72 5025.86 3065.25 3770.94 5428.8 2959.6 2812.32 3910.27 9838.79 2613.9 6696.11 3383.85 3632.85 2840.83 2707.79 2397.53 2371.59 2755.85 3731.61 2552.64 2381.9 2637.29 2047.51 5584.38 5837.93 6118 5752.44 5332.59 4413.74 3792.96 4085.46 4280.45 3463.23 5290.97 4508.35 4446.85 2321.31 2123.45 1832.42 1832.89 4934.65 4777.22 3839.13 3455.12 3609.46 4375.88 4307.97 2762.69 3117.11 4360.54 3835.07 3737.83 3400.47 3157.97 3626.16 4066.44 4530.04 4483.44 2842.89 3251.98 3122.63 2890.23 3516.72 2855.86 4355.3 3491.13 2322.2 2512.81 2936.33 3971.28 2670.16 2112.95 1697.87 3377.74 3374.4 4079.64 3187.76 2320.64 2486.41 3817.91 3200.93 3243.76 3467.6 4533.83 5719.83 5036.43 2749.24 3716.58 3953.5 3403.45 3118.8 2805.82 4861.2 5803.08 5151 
1841.38 3213.19 0 2284.65 5435.55 4825.43 5509.32 2767.51 2463.07 2839.11 3187.16 2345.7 3343.25 3523.95 2654.44 3073.81 2881.03 2487.91 4054.42 6404.94 6672.24 7529.17 7498.31 7661.4 7132 7284.76 6685.9 7325.58 6977.19 6171.46 6451.26 6002.91 6919.66 6737.05 7394.59 6288.26 7975.21 7472.75 3995.05 3770.98 4605.64 4002.46 4109.19 4238.93 3401.22 3295.58 3330.44 4596.96 4014.55 6830.95 5392.35 5426.32 4353.75 4313.05 4193.55 5822.53 6717.69 6168.89 6709.15 5911.52 7173.85 6156.85 5021.52 5706.01 6205.49 4879.79 4565.67 2833.48 3694.35 2826.79 2195.9 7258.44 6785.4 4454.49 3805.62 3336.85 5029.06 4036.16 4398.95 2668.23 11429.6 4200.45 10996 5449.7 6894.48 6209.9 6184.84 7348.28 8772.74 4629.33 8670.41 14034.3 5639.39 12151.3 8776.2 4454.56 3765.73 3518.21 4453.48 3630.82 4057.95 4147.75 3900.3 3966.17 3820.83 4038.3 3610.13 3731.1 3507.59 3900.8 3917.91 4187.78 3740.57 2652.73 2733.82 3284.61 4169.13 3111.38 3977.4 3062.43 4203.2 4321.33 5043.05 4245.92 4046.78 4207.86 4416.52 4883.74 5201.42 4549.15 4757.87 4128.75 4959.07 4103.88 4487.21 4515.62 4101.25 4625.82 4588.78 5239.6 4838.5 4424.8 4717.03 4875.08 4358.29 4730.42 2924.66 3875.07 4338.61 2684.92 2580.83 2629.4 8583.08 2315.84 5573.61 3488.71 2898.2 2654.66 2572.81 2663.78 1903.23 1929.44 2763.04 2093.43 2133.17 2486.22 1768.34 5985.18 6963.51 7043.72 7552.5 7089.58 5099.47 4707.2 4293.44 4625.31 4354.43 5288.74 5196.47 4918.01 3530.27 3389.44 1640.48 1641.56 4217.31 3904.84 2650.04 4218.2 4491.91 2783.53 3718.4 3722.56 3000.5 2783.79 2629.67 4204.39 2429.27 2884.86 3555.78 2295.55 2720.28 3078.45 2732.19 4524.16 4120.32 4175.69 4317.96 4358.09 4918.47 3568.92 2639.03 2946.15 3331.06 2704.98 2492.03 2161.27 2200.92 3373.09 3651.89 4820.39 3712.05 2429.37 2130.38 3751.08 3336.96 3294.2 3546.14 4837.68 5535.47 4148.69 4081.58 3008.65 3735.74 3857.97 2714.16 2873.66 4811.98 5504.4 5059.28 
2900.04 3122.18 2284.65 0 6052.85 4950.63 5116.9 3185.46 2333.39 3147.81 3410.15 2672.47 3452.38 3950.56 2878.18 3167.12 2330.13 1863.89 4278.66 6750.43 7035.47 8003.09 7759.39 8053.67 7570.08 7630.96 7046.08 7460.05 7323.9 6517.14 6738.41 6421.44 6949.87 7150.51 7764.2 6364.36 8140.34 7584.95 4265.3 4005.66 4886.53 4190.46 4340.61 4483.07 3533.09 3411.36 3421.05 4904.71 3922.87 6952.26 5492.7 5742.73 4579.94 3919.29 4404.09 6093.04 7163.09 7175.87 7189.59 7057.95 7285.05 7464.61 5235.75 6723.65 7415.73 4138.62 4061.58 3292.42 3718.33 2247.22 1456.72 7058.74 6953.46 4931.28 4377.38 4037.52 4897.76 4161.87 4318.99 2421.81 10977.6 4397.55 11696.4 5391.35 7266.45 6175.95 6125.57 7668.05 8098.7 5042.36 9541.25 14779.4 6200.35 11136.6 8912.52 4549.39 4164.73 3678.85 4598.35 3863.64 4277.32 4302.65 4095.92 4019.8 4066.79 4106.52 3649.16 3755.41 3797.51 3923.73 3773.74 4487.87 3617.97 2739.06 2831.04 3204.87 3977.95 3264.7 4028.23 3404.66 4291.58 4561.3 5003.66 4351.31 4207.05 4034.78 4395.22 5035.13 5208.45 4675.17 4735.77 4225.66 5091.51 4411.53 4606.54 4634.81 4185.6 4670.83 4601.26 5351.52 4963.71 4530.26 4771.56 4880.56 4596.6 4924.22 3240 4079.56 3713.56 2960.78 2736.8 2377.18 8377.64 2592.23 4773.15 3562.62 2357.32 2694.77 2723.08 2622.86 2003.8 2203.67 2707.17 2539.66 2390.59 2730.6 1834.24 6001.63 6850.55 6933.59 7317.91 6849.05 5040.28 4558.46 4201.17 4684.45 4285.1 5328.82 5060.04 4811.64 3261.43 3209.41 1767.37 1762.87 4958.61 4510.26 3147.48 3986.38 4599.24 3616.43 4263.52 3557.38 3208.78 3789.52 3117.43 3968.22 2773.58 2991.47 3762.82 3198.37 3588.18 3731.06 2686.96 4460.74 4012.41 3790.43 4228.95 4177.07 4905.57 3724.21 2676.04 2682.34 3032.04 2253.8 2728.02 2276.4 2067.23 3671.6 3738.48 4753.77 3748.37 2223.07 2178.2 3775.71 3588.72 3479.74 3659.21 4645.19 5646.55 4526.89 4091.27 3206.21 3912.01 3802.68 2897.26 3126.14 4983.67 5879.96 5379.99 
5298.76 6690.04 5435.55 6052.85 0 5920.32 7435.09 7259.08 6746.42 7351.45 7293.24 6897.16 7012.28 7359.07 6457.21 6473.37 6325.4 6661.11 7238.89 10115.4 10423.9 11009 11390.6 11618.1 10764.5 11001.6 10283.3 11369.7 10524.7 9757.34 10493.8 9573.82 10843.5 10521.7 10942.7 10517.6 12273.7 11859.2 7382.22 7953.92 8733.98 7610.55 7584.5 7614.75 7217.27 7070.58 7188.47 9109.77 7801.88 10591.7 9621.07 9775.19 8354.72 7116.29 6609.76 9556.87 8049.58 6804.6 8144.49 7030.69 8729.1 7670.23 9326.28 8604.41 8056.03 6773.21 7523.51 6209.62 6842.87 6598.35 6227.58 10084.8 10587.3 7141.69 5437.31 5355.53 8961.45 7238.1 7950.41 6254.97 10437 8238.99 12671.2 7410.24 10659.2 9427.25 6522.06 10536.8 10926.5 7852.52 10573.3 16017.2 8166.54 15795.4 8999.27 7717.32 8151.48 7365.33 8251.97 7999.54 7711.52 7875.18 7894.93 7791.85 7898.86 7994.88 7765.29 7768.89 7634.36 8172.53 6846.16 8376.84 7561.42 6198.59 6285.73 6637.85 7148.62 6071.08 7526.5 7020.41 7494.68 7598 8738.18 7864.92 7642.49 8299.28 7634.4 8274.01 8835 7768.1 7999.94 7458.48 8071.73 7462.84 7743.33 7689.55 7270.97 8407.37 8080.83 8984.73 8533.23 7968.21 8185.56 8576.34 7691.47 8139.17 6830.79 7200.6 7116.26 6640.83 6752.23 6595.42 10447.4 6536.37 8321.32 7351.83 6448.96 6865.69 6582.46 6621.85 5778.75 6108.79 5869.36 6272.37 6259.2 6429.95 5999.33 10286.3 11070.3 10751.6 11260.5 9361.89 9323.19 8666.3 8627.16 8888.81 8280.13 9745.08 9449.14 7547.04 7108.49 6454.97 5818.47 5811.66 7089.31 6943.43 5595.37 7076.99 8032.8 5960.45 6883.16 7070.24 6289.18 5977.55 6209.48 7239.42 6168.07 6321.02 7797.6 5405.24 5176.79 6234.48 6629.07 8387.34 6945.76 7309.34 7786.87 7504.18 9121.23 7676.05 6413.94 6357.12 6921.41 5028.2 6898.81 6515.16 6242.91 6894.11 7129.74 9023.01 7830.31 5934.54 6149.24 7731.19 6820.09 7066.88 7601.25 8717.03 7732.68 8098.52 7198.13 6881.78 7972.29 7523.92 6401.83 6548.14 8074.07 9396.43 8726.68 
4948.6 6777.06 4825.43 4950.63 5920.32 0 4657.35 6525.37 6058.58 6700.39 6427 6273.18 6440.13 6770.74 5651.57 6153.77 6303.62 5319.79 7010.12 9770.92 9910.76 10886.8 10807.9 11000.7 10473.3 10873.6 9937.65 10569.2 10367.7 9462.38 9757.19 9212.49 10138 10223.6 10637 9790.01 11645.9 11145.4 7269.86 7455.57 8249.69 7075.96 7416.91 7397.05 6713.67 6619.27 6728.37 8420.92 7608.18 10254.3 8952.92 9067.98 8015.24 6239.36 6308.82 9345.46 7953.44 7720.25 7544.77 7761.04 7646.31 7841.89 8836.35 8730.7 8222.71 4949.13 5530.78 6008.26 6945.89 5394.6 4909.33 10777.4 10300.4 7557.78 5096.5 5328.93 8887.17 7408.8 8092.53 4938.79 9481.17 7431.77 12597.1 6497.02 10142.5 9668.85 6206.33 10058.2 10571.7 7457.26 10740 16409.4 8334.59 12735.1 9686.75 7188.85 7514.82 6771.05 7908.29 7286.11 7242.69 7368.56 7386.75 7283.98 7423.63 7472.63 7036.85 7025.42 7228.3 7435.01 6987.4 7917.01 7076.59 5819.39 5670.83 6305.94 6743.14 5877.94 7029.21 6305.85 7344.06 7160.07 8308.32 7577.25 7362.81 7588.58 7492.33 8099.77 8528.25 7624.57 7783.99 7254.67 7921.81 7351.13 7562.15 7537.86 7172.18 7939 7868.82 8683.63 8213.91 7702.64 7968.28 8174.47 7523.2 7990.98 6186.57 6794.79 5373.56 5946.37 6148.56 5384.56 8872.49 5698.31 6768.18 6496.28 5227.43 6161.84 5978.56 6052.28 5505.66 5548.4 5252.67 5704.02 5504.7 5778.36 5330.24 9771.72 10653.4 10537.7 11309.5 10355.6 8906.78 8473.79 8224.8 8551.58 8062.78 9238.86 9070.89 8012.11 6740.97 6565.1 5212.76 5228.56 7396.39 6555.8 5689.13 7020.35 8055.87 6028.83 7056.31 7316.64 6601.67 6105.75 6075.66 7472.69 6140.17 6420.53 6928.49 5594.21 5348.73 6373.98 6606.12 7737.29 7376.1 7693.9 7719.28 7862.62 8651.46 7382.14 6099.99 6457.61 6952.11 4799.54 6344.88 5992.43 5948.45 6789.5 6776.12 8825.37 7617.15 5452.1 5675.94 7081.36 6327.62 6446.07 6852.14 8024.11 7322.27 7683.6 7676.49 6377.43 7304.2 7468.7 6180.53 6042.09 7486.95 8672.52 7962.53 
5699.11 6626.62 5509.32 5116.9 7435.09 4657.35 0 6566.97 6453.89 6971.62 6276.65 6441.09 6906.13 6803.79 6616.92 6979.81 6388.07 5528.05 7378.67 10629.5 10836.7 11754.1 11642.1 11913.5 11454.9 11642 10847.7 11179 11341.6 10422.2 9903.95 10150.7 10199.3 11074.8 11668.5 10426.6 12228 11646.9 8285.98 8043.05 8978.18 7679.05 8400.25 8513.23 7573.43 7498.71 7517.26 8368.35 8074.38 11171.7 9068.7 8816.19 8788.28 6492.97 6702.29 10317 8593.68 8786.03 8353.05 9287.28 8303.01 8845.36 9133.05 9641.22 9931.52 5759.73 5798.66 6530.35 7735.6 5537.06 5231.77 11028.5 11199.7 8250.48 6231.17 6639.1 9051.19 7614.82 8478.82 5530.91 10105.1 7450.64 12949 6485.78 9948.5 9069.04 7545.48 10019.9 10621 7255.71 11707 16493.5 8794.82 12492 10056.3 7560.25 8127.28 6816.59 8707.15 7967.8 8115.86 7996.59 8213.27 8085.67 8117.1 8225.92 7746.84 7835.48 7783.52 8010.64 7592.23 8113.62 7626.1 6231.88 6336.27 6990.75 7365.11 6202.65 8007.95 7150.46 8371.25 8062.86 9186.44 8478.15 8292.88 8232.98 8534.7 9209.65 9389.46 8740.2 8763.16 8292.93 9103.87 8356.44 8701.9 8644.59 8270.9 8848.79 8798.34 9549.43 9154.12 8265.55 8936.95 9029.91 8618.88 8944.95 6444.22 7479.05 5205.42 6637.78 6624.15 6136.76 8831.66 6258.61 7443.26 6636.27 5641.34 6719.85 6028.39 5995.66 5695.54 5966.9 5633.01 6204.74 6054.52 6306.94 5663.12 10212 11079.9 11103.9 11467.2 10682.3 9119.37 8639.8 8532.31 8544.06 8213.08 9609.11 9308.91 8728.26 7002.22 7028.54 5683.86 5720.24 8085.42 7351.61 6427.89 7226.61 7906.68 7065.77 7398.98 7055.22 6883.16 6646.26 6578.72 7356.16 6542.44 6528.8 6796.25 6335.22 6231.46 6910.46 6379.81 7797.39 7797.37 7924.31 8293.19 8321.96 9172.04 7467.69 6339.62 6621.64 7128.71 5611.88 6802.79 6347.67 6121.05 7545.89 6615.21 8591.1 7502.93 5779.1 5975.85 7797.84 6740.22 6292.8 7412.24 7578.06 7572.12 8031.71 7801.38 7312.98 7625.56 7436.23 6080.17 5918.94 7709.41 8787.97 8145.71 
3244.62 3189.61 2767.51 3185.46 7259.08 6525.37 6566.97 0 2214.82 1710.24 2331.48 1813.35 3329.19 2381.68 2648.04 3052.83 3639.91 2470.55 3616.18 6485.13 6717.12 7630.56 7588.32 7720.71 7215.19 7388.01 6699.39 7273.25 7084.79 6244.94 6331.82 6063.71 6570.39 6828.57 7458.34 6363.88 7977.78 7684 4147.62 3813.24 4727.53 3973.3 4209.44 4358.98 3505.09 3338.26 3429.36 3265.99 3809.22 5865.24 4833.8 4153.07 3644.84 4709.79 4220.3 5310.14 7625.49 7168.51 7869.85 6799.57 8033.6 7210.08 4249.84 6307.32 7207.3 6592.11 5638.88 3331.05 4411.82 3750.49 3021.21 7007.47 5460.8 5647.95 5480.76 5011.8 5305.13 5146.88 4273.02 3775.01 13507.2 3272.43 11147 6445.7 4818.02 5106.89 8109.59 6292.57 8327.02 4965.86 9235.43 13746.9 5916.57 12995.9 9299.84 4155.54 3895.38 3296.49 4543.58 3715.23 4058.41 4105.65 4015.08 3955.87 3847.07 4049.79 3596.03 3723.92 3496.21 4008.84 3893.77 3292.05 3428.58 2649.25 2737.24 3423.14 4060.4 3627.55 4033.9 3195.92 4150.31 4318.3 5127.37 4312.92 4109.08 4309.82 4465.31 5138.34 5279.12 4669.95 4836.7 4194.92 5028.56 4311.64 4648.5 4628.81 4270.31 4689.68 4628.47 5445.24 4960.64 4434.83 4780.2 4951.48 4507.58 4717.92 2594.89 2914.54 5116.04 2465.62 2552.41 3259.31 8280.47 2071.68 6525.84 2624.95 3600.08 2619.31 2146.68 2218.53 2626.91 2033.55 3435.14 1759.48 1995.65 2278.16 1752.99 5508.94 6599.24 6382.92 7553.6 7367.78 4314.53 3924.26 3537.86 3576.81 4170.88 4066.06 4364.51 5328.45 3201.83 3995.74 1646.29 1665.15 4423.98 4863.58 3321.05 4365.92 3953.09 4016.6 4176.58 3540.55 3027.45 3713.05 2779.96 4461.24 2890.98 3363.99 2700.46 3639.29 3774.8 3518.46 3216.17 4087.01 4615.5 4365.21 3640.18 4251.38 4221.81 3073.84 2865.46 3209.62 3760.38 4001.51 1896.08 1906.99 2405.3 2516.68 3710.14 3869.32 2655.67 2530.11 2474.72 2934.05 2620.75 2770.31 2792.12 3594.43 5691.55 3312.28 4310.58 3405.3 2588.16 3344.11 2812.82 3345.4 4511.66 4288.63 4298.03 
3025.75 3507.36 2463.07 2333.39 6746.42 6058.58 6453.89 2214.82 0 2283.4 3091.43 1890.15 3638.73 3186 3045.25 3408.2 2567.71 1798.8 4244.94 6780.13 7074.84 8062.05 7822.09 8123.95 7628.81 7749.01 7124.82 7567.58 7356.41 6630.25 6853.99 6492.89 7174.82 7235.17 7827.71 6482.34 8271.19 7705.52 4432.98 4096.15 4933.85 4415.32 4574.32 4637.43 3772.64 3666.62 3671.41 4196.23 3601.71 5891.76 5545.61 5059.24 3490.19 4265.07 3889.25 4966.12 6547.49 6487.98 6861.86 6057.23 6876.79 6364.86 4181.65 6025.1 6403.88 5690.87 5147.2 2982.03 3742.2 2979.45 2233.99 6474.8 5401.7 4864.82 4902.57 4416.97 4502.37 4452.4 4084.46 3189.42 12681.2 3534.05 10808.7 5596.42 5697.98 5418.24 7316.89 7231.28 7924.98 4765.01 8838.12 13753.1 5548.47 12493.5 8606.91 4755.34 4214.48 3930.41 4835.15 4034.47 4494.33 4498.36 4336.39 4156.38 4145.46 4217.69 3844.45 3889.02 3877.12 4130.89 3921.17 3512.96 3574.08 3121.03 2978.02 3508.95 4438.52 4017.74 4300.08 3643.81 4526.44 4743.38 5306.64 4503.66 4361.83 4392.66 4629.29 5213.27 5442.77 4896.21 5060.44 4438.16 5285.68 4558.01 4782.65 4823.42 4422.65 4865.39 4830.45 5575.41 5114.04 4747.75 4954.82 5113.33 4779.77 5065.61 3331.87 3388.18 4750.72 3014.47 2968.06 2589.24 7890.99 2557.48 5563.18 3321.05 3013.13 3006.02 2792.22 2477.08 2161.76 2059.19 3118.59 2278.43 2484.88 2704.63 2092.67 5136.68 6404.74 6175.33 7217.24 7552.12 4093.09 3822.03 3199.77 3510.65 3811.43 3925.66 3994.12 5231.46 3148.73 3654.47 2060.23 2082.39 4271.53 4708.86 3107.05 4442.32 4298.25 3269.88 4245.45 3934.31 3366.61 3259.83 2908.11 4615.09 2872.37 3395.1 3788.56 3226.2 3589.28 3677.48 3052.85 4270.62 4147.65 4063.22 3588.64 4223.54 4086.05 2626.6 2803.96 3204.63 3363.38 3265.72 1911.75 1907.77 2274.24 2700.23 3761.62 3730.3 2733.72 2448.11 2041.06 2804.3 3288.2 3434.75 2623.25 4272.96 4967.13 3149.59 4008.26 3332.75 2644.97 3508.66 3045.85 3216.54 5166.79 5105.9 5310.93 
3194.9 3027.19 2839.11 3147.81 7351.45 6700.39 6971.62 1710.24 2283.4 0 2240.39 1948.89 3047.93 2429.18 2273.5 3098.09 3543.94 2468.45 3364.78 5979.04 6235.01 7153.5 7123.42 7285.43 6784.89 7033.83 6208.12 6819.48 6561.38 5663.67 5906.12 5683.73 6439.77 6347.02 6925.47 5784.43 7469.49 7237.24 3808.1 3194.47 4164.18 3677.57 3864.74 4003.01 3131.55 2929.4 3072.9 3133.14 3408.44 5234.73 4587.73 4166.68 3132.13 4864.36 4463.28 4814.39 7482.58 7151.52 7546.97 6915.44 7938.55 7261.52 3682.11 6307.1 7065.11 6528.82 5672.69 3329.73 4132.73 3716.45 2932.81 6713.92 5520.46 5458.99 5538.77 4927.58 4997.09 4653.67 4068.09 3810.06 13422 3366.81 11521.5 6646.38 4972.16 5348.11 8050.59 6302.57 8591.94 5242.23 9684.77 14079.3 5943.72 13087.3 9377.45 3917.46 3564.56 3176.96 4241.59 3332.46 3785.19 3779.41 3727.49 3394.27 3482.38 3665.33 3186.37 3400.25 3056.73 3727.84 3699.17 3359.73 2979.48 2581.98 2769.05 3218.76 4109.36 3835.65 3623.61 2841.72 3833.62 3942.06 4733.53 3851.96 3702.78 3692.91 4041.78 4737.3 4813.94 4200.43 4444.52 3863.99 4572.15 3894.31 4158.34 4265.09 3852.68 4098.74 4079.09 5054.67 4511.88 3978.21 4400.6 4347.85 4175.23 4174.04 2408.05 3206.96 5200.68 2213.03 2170.05 3330.75 8832.5 1720.79 6442.85 2510.08 3772.39 2169.88 1886.08 2504.25 2636.79 2260.76 3669.7 1677.04 1884.2 1920.72 1847.95 5069.62 6360.08 6227.39 7222.14 7304.35 3996.76 3563.84 3447.2 3459.94 3844.79 3945.68 4158.69 5247.59 3085.13 3814.85 1652.99 1704.11 4571.36 4815.69 3417.91 4597.22 4126.76 4031.57 4324.35 3647.55 3008.02 3637.26 3058.04 4513.71 2988.17 3266.68 2609.53 3637.94 3733.28 3635.18 3270.43 4153.72 4368.97 4197.47 3442.64 4036.39 4150.74 3208.29 2858.23 3229.31 3763.97 4037.56 1999.63 1833.8 2304.18 2595.29 3821.99 4012.97 2854.85 2565.14 2543.54 2915.58 2967.67 3136.9 2666.95 4073.07 5661.65 3460.83 4167.11 3338.54 2895.7 3465.34 3079.62 3298 4440.25 4284.14 4328.08 
3512.11 3104.97 3187.16 3410.15 7293.24 6427 6276.65 2331.48 3091.43 2240.39 0 2335.55 2707.09 2281.77 2539.26 2887.59 4220.33 2946.5 2715.51 6369.85 6565.5 7355.77 7417.28 7669.4 7097.16 7268.44 6533.93 7196.44 6933.68 6036.7 5531.28 5895.56 6407.25 6706.59 7311.12 6393.28 8017.83 7811.82 3923.23 3734.01 4655.9 3692.8 4029.63 4185.76 3269.92 3268.65 3335.31 3524.46 4119.03 6402.19 4230.38 3592.92 4281.27 4974.49 4368.14 5790.14 8038.86 7698.38 8473.64 7495.34 8510.01 8108.39 4658.03 7156.23 8179.22 6667.14 5747.08 3804.55 4690.57 4035.61 3262.3 7696.89 6581.44 5926.96 5756.85 5335.8 5911.21 5504.82 5009.87 4073.3 13694.7 3738.23 11163.9 6548.92 4973.23 5218.42 8366.59 4994.31 8535.04 5333.98 9912.23 14267 6170.05 13216.1 9263.38 3453.1 3872.66 2933.47 4344.18 3714.9 3914.7 3956.78 3912.64 3853.96 3786.04 3990.5 3596.83 3736.23 3410.42 4075.98 3924.17 4014.88 3297.03 2579 2893.93 3230.36 3953.15 3418.28 3729.01 2966.87 4047.64 3958.45 4974.76 4161.21 3993.84 4270.13 4199.9 4880.97 5048 4367.36 4583.04 4012.59 4891.84 4046.96 4353.53 4430.84 3996.7 4596.4 4432.74 5254.43 4882.2 4042.59 4582.58 4755.65 4277.73 4572.78 2271.24 3292.15 5245.06 2306 2495.82 3706.18 8408.97 1986.38 6825.07 2056.26 3675.64 2555.08 1709.82 2380.87 3037.92 2536.55 3294.18 2042.11 1843.01 2060.42 1846 5997.02 7313.02 7024.31 7991.94 7411.93 5149.14 4766.96 4301 4469.52 4987.75 5059.65 5244.84 5411.59 3569.63 4138.36 1749.79 1782.53 5456.17 4234.45 3764.82 4186.56 4459.9 4702.8 4807.9 3660.79 3567.31 4367.5 3623.79 4079.42 3543.52 3757.74 1935.37 4075.48 4131.42 4108.71 3298.79 4553.17 4953.16 4645.68 4334.87 4710.35 5037.32 4027.93 3321.97 3606.34 4190.6 4162.57 2786.63 2445.6 2761.73 3150.34 3713.86 4972.94 3721.33 2655.86 3035.91 3675.06 2458.75 2746.58 3596.62 3315.02 6377.31 4001.13 4879.55 3605.98 3429.96 3932.28 2941.94 3381.07 3593.46 3880.22 3249.7 
2666.2 3071.01 2345.7 2672.47 6897.16 6273.18 6441.09 1813.35 1890.15 1948.89 2335.55 0 3537.43 2810.04 2879.45 3342.51 3102.98 2039.19 3821.03 6804.62 6991.53 7803.76 7878.64 7998.79 7519.32 7631.88 6951.51 7601.88 7361.02 6504.27 6596.91 6345.7 7113.12 7092.47 7719.55 6589.7 8242.71 7796.73 4360.94 4059.4 4944.38 4265.92 4437.92 4656.93 3725.31 3599.29 3618.44 3847.31 3789.49 6193.92 4747.29 4420.29 3938.52 4134.8 3921.97 5510.29 7114.53 6884.65 7399.46 6529.15 7604.87 7021.95 4302.4 6052.4 6947.47 5860.29 5348.33 2783.29 3695.08 3333.49 2576.63 6691.99 5858.47 5015.74 5200.95 4739.2 4808.51 4559.44 4224.4 3428.38 12856 3206.11 10735.7 6060.09 5251.94 5083.81 7517.11 6535.92 8057.63 4621.66 8782.17 13395.5 5335.57 12707.6 8504.2 4440.11 4106.93 3746.98 4757.97 3933.09 4364.01 4409.47 4239.26 4180.97 4080.78 4292.54 3824.13 3946.69 3760.35 4152.78 3831.66 3412.57 3487.22 2893.87 2802.65 3272.38 4270.32 3591.03 4318.78 3406.24 4456.64 4632.16 5281.01 4553.54 4393.86 4531.54 4645.41 5268.01 5441.48 4890.05 5020.97 4385.11 5337.04 4496.93 4867.23 4884.8 4470.77 4900.98 4820.81 5637.61 5131.59 4638.68 5030.65 5135.92 4711.62 4911.74 2852.92 3096.54 4673.35 2859.76 2788.68 2974.01 7971.73 2293.74 5852.6 2716.56 3203.12 2838.94 2382.12 2083.69 1969.51 1816.74 2838.8 1961.31 2299.3 2536.39 1765.2 5553.59 6627.61 6428.67 7423.89 7330.23 4479.25 4057.37 3630.1 3955.54 3995.15 4477.69 4512.88 5244.04 3128.23 3494.71 1834.38 1822.41 4259.78 4507.19 2943.11 4318.29 3970.14 3602.7 3995.9 3397.17 3170.93 3374.8 2820.83 4015.34 2832.43 3073.27 3030.95 3179.39 3325.25 3483.5 2838.53 4119.12 4153.92 4039.62 3722.65 4193 4315.71 2693.62 2579.38 3061.47 3612.54 3635.06 1983.32 1984.43 2145.05 2664.75 3249.28 3758.69 2736.35 2194.48 1993.72 2887.53 2710.96 2836.62 2891.63 3764.82 5123.23 2955.55 4061.68 3404.28 2595.8 2970.84 2167.16 2742.84 4907.4 4675.66 4282.99 
4060.39 3451.04 3343.25 3452.38 7012.28 6440.13 6906.13 3329.19 3638.73 3047.93 2707.09 3537.43 0 2633.85 1914.22 2270.04 4239.62 3719.26 2694.96 4940.71 5096 6102.92 5805.53 6456.64 5634.34 6081.62 5007.3 5636.93 5538.73 4800.29 4536.46 4322.84 4691.54 5536.63 5931.7 5260.24 6817.89 6810.7 2541.65 2656.97 3456.28 2164.79 2575.84 2623.53 1893.54 1921.07 1734.29 3978.82 3848.56 6138.46 4121.1 4430.13 3915.73 5692.96 4892.5 5185.38 7761.84 7266.6 7982.29 6994.47 8074.76 7631.99 4821.31 7287.81 8041.23 6520.34 5834.56 3928.03 4426.08 4251 3397.67 7438.18 6749.95 5506.18 5465.78 5015.73 5715.53 5335.76 4845.03 3919.99 13935 4320.43 12206.3 6756.2 6162.53 6429.55 8624.85 5334.54 8599.97 5755.97 9821.96 16251.2 6631.74 13418.9 10305.8 2108.37 2835.65 1782.98 3027.9 2655.38 2454.96 2536.5 2554.8 2564.34 2505.03 2715.39 2443.86 2496.81 2432.18 2959.87 3689.42 4619.51 2990.42 2304.57 2822.56 2597.88 3548.09 3102.66 2094.09 1779.95 2544.56 2369.02 3444.32 2603 2472.7 2970.49 2529.61 3137.63 3498.37 2789.18 2729.14 2473.14 3095.96 2543.6 2570.77 2596.56 2318.75 2943.17 2811.18 3575.8 3168.81 2534.95 2918.72 3180.59 2639.02 3112.16 1690.75 3421.6 6183.16 1626.68 1592.18 3692.55 10011.9 1811.65 6538.61 2387.52 3619.82 1671.9 1927.42 3060.76 3422.33 2788.88 3659.79 2358.84 1881.84 1908.18 2051.09 5804.76 6981.98 6823.6 7717.95 7095.45 5468.24 5002.41 4625.88 4966.2 5205.04 5543.99 5497.86 4628.77 3562.08 4099.71 1951.64 2015.66 5901.49 4127.53 4077.76 3609.7 5017.94 4677.87 5328.07 3890.73 3710.69 4885.69 4051.55 4632.65 3763.13 3870.15 2372.7 4243.16 4439.63 4689.16 3487.04 4683.45 4826.55 4392.09 4266.63 4687.63 4890.69 5086.67 3742.22 3462.81 3762.45 3744.4 3220.55 2676.15 3062.09 3565.55 4393.96 5940.99 4685.1 2669.03 3129.35 3827.01 2899.76 3126.01 3442.35 4516.23 6592.36 4596.02 5335.78 2999.28 4386.84 5197.79 3968.1 4001.69 2494.44 3828.14 3637.35 
4011.09 3849.02 3523.95 3950.56 7359.07 6770.74 6803.79 2381.68 3186 2429.18 2281.77 2810.04 2633.85 0 2366.1 2920.21 4614.23 3337.53 3010.08 6401.91 6520.96 7378.72 7382.15 7673.86 7158 7370.93 6398.64 7113.06 6979.97 6072.99 5828.53 5764.98 6372.4 6867.88 7313.54 6677.41 8325.72 8204.86 3882.96 4065.95 4862.32 3614.36 3962.04 4143.5 3436.48 3336.36 3395.8 3632.79 4312.85 5995.77 4950.79 3944.18 3805.66 5328.35 4270.66 5398.2 8132.58 7556.23 8573.21 7016.97 8299.29 7577.92 4524.97 6922.06 7772.56 7067.31 6120.16 3883.04 4762.09 4636.59 3831.43 7751.69 6029.8 6277.93 6200.28 5681.84 6168.33 5977.45 5066.38 4477.18 14275.5 3638.45 11117 6835.7 4714.28 5248.75 8971.44 5295.62 8118.99 5364.15 9512.3 14519.4 5943.22 13766 9495.16 3278.55 4228.14 3003.37 4517.87 3972.5 3902.34 3712.18 4042.18 4097.41 4099.24 4282.65 3900.42 3961.25 3763.54 4367.53 4066.16 4068.32 3676.48 2633.29 2926.08 3227.26 3887.26 3454.96 3740.77 2983.82 3973.62 3675.34 5123.86 4154.21 3999.73 4517.84 4198.99 4760.66 5301.07 4326.93 4414.86 3883.85 4668.61 4004.27 4290.07 4127.22 3867.53 4745.1 4501.73 5325.76 4907.43 3896.95 4616.48 4936.18 4201.51 4591.95 2224.45 3195.73 5922.31 2390.41 2758.03 3904.7 8824.17 2183.2 6979.41 2321.51 3957.63 2873.4 1941.97 2705.24 3564.33 2704.25 3660.27 2041.66 2212.21 2141.15 2390.41 5939.6 7407.52 6944.63 8278.16 7759.14 4989.63 4783.06 4149.72 4343.17 5173.99 4832.78 5100.85 5507.81 3569.66 4462.02 2300.99 2358.66 5032.71 4605.97 3612.47 4210.91 4695.75 4485.91 4731.42 4041.03 3540.97 4350.3 3537.31 4773.75 3448.67 4088.55 2455.95 4244.44 3973.42 4161.54 3887.47 4658.63 5038.83 4926.79 4160.67 4803.99 4790.19 4122.35 3799.16 3932.75 4542.94 4405.72 2670.8 2753.39 3340.77 2977.39 4030.74 4849.54 3752.92 2923.66 3116.96 3408.66 2492.54 2918.14 3120.5 3719.31 6074.38 3726.2 5217.95 3811.44 3506.22 4148.2 3476.71 3881.69 3524.57 3719.87 3582.62 
3252.78 2981.29 2654.44 2878.18 6457.21 5651.57 6616.92 2648.04 3045.25 2273.5 2539.26 2879.45 1914.22 2366.1 0 2174.36 3608.79 3021.79 2330.49 4788.97 4794.43 6017.43 5602.79 5839.67 5500.72 6030.95 4975.7 5495.39 5494.51 4567.71 4669.29 4431.1 5231.54 5220 5712.8 5087.63 6679.67 6517.83 2568.71 2534.61 3335.25 2336.84 2706.11 2734.23 2196.35 1981.76 2172.41 3431.46 3547.27 5768.27 4172.15 4413.32 3550.41 5320.44 4631.07 4883.85 7407.97 6940.62 7626.94 6570.48 7612.92 7452.39 4298.84 6903.6 7451.75 6116.91 4884.06 3348.42 3818.1 3464.63 2624.58 7103.49 6146.28 5372.31 4939.53 4527.36 5262.64 4735.06 4042.26 3253.39 13256 3797.57 12081.6 6793.57 5906.23 6249.52 7865.06 5460.44 8388.67 5348.33 9979.92 15788.3 5961.71 12674.4 9901.37 2492.7 2712.07 2093.03 3146.53 2444.65 2594.32 2588.69 2681.97 2726.36 2617.48 2931.96 2449.59 2617.44 2269.72 2854.11 3161.45 4023.66 2933.56 1632.91 2025.96 2297.47 2967.66 2844.45 2351.95 1597.48 2752.75 2286.98 3816.99 2929.12 2705.66 2985.13 2974.89 3519.62 3858.78 2862.87 3211.19 2793.23 3213.51 2804.12 2924.98 2894.47 2483.52 3263.02 3121.39 4213.14 3446.5 2919.43 3377.18 3428.23 2950.95 3313.3 1635.71 3136.24 5436.78 1282.93 1369.26 3141.33 9985.17 1137.53 6227.7 2452.73 3219.06 1522.91 1462.19 2688.96 2697.82 2173.62 3444.7 1707.68 1201.27 1345.37 1559.57 5403.19 6595.69 6678.36 7347.83 6887.01 4641.65 4215.73 3974.1 4300.65 4415.69 4783.96 4744.52 4378.21 2947.64 3158.92 1242.89 1280.99 5282.37 4042.85 3407.56 3537 4764.86 4056.96 4905.25 3582.51 3073.34 4158.66 3299.85 4310.33 3073.73 3235.09 2381.48 3694.07 3762.84 4126.15 3178.6 3997.02 4281.82 4212.47 3711.08 3885.14 4652.59 4335.62 2936.69 2956.66 3570.45 3529.75 2493.89 1995.63 2333.28 2896.31 3951.25 5289.82 3904.36 2251.25 2452.26 3038.83 2537.31 2689.93 3082.02 4346.57 6253.99 4250.22 4590.24 2433.04 3760.24 4544.16 3386.09 3565.39 2906.1 3848.25 3457.85 
3718.11 3218.9 3073.81 3167.12 6473.37 6153.77 6979.81 3052.83 3408.2 3098.09 2887.59 3342.51 2270.04 2920.21 2174.36 0 3932.39 3435.86 2666.81 5649.3 6054.02 6481.45 6804.52 7358.77 6285.47 6268.99 5707.5 6910.72 5847.05 5369.52 6122.27 5144.4 5875.49 6101.26 6492.12 6041.23 7583.29 7530.14 2814 3476.22 4094.04 3425.53 2729.81 2827.17 2552.46 2415.01 2206.48 4473.74 2975.31 5557.98 4299.84 4706.97 3563.99 5567.8 4687.19 4427.79 6732.36 6566.82 6907.8 6137.4 7020.03 7277.07 4270.19 6456.68 7085.2 6151.61 5572.7 3226.83 3705.12 3930.15 3064.76 6842.98 5600.37 4622.01 4888.84 4469.18 5074.37 4740.42 4082.85 3692.74 13604.9 4420.92 12199.1 6586.59 6209.27 6150.42 8295.03 5736.5 8297.82 5992.32 9158.43 16104.7 6171.94 13115.3 9778.09 2993.77 3647.73 3040.37 3433.71 3463.98 3395.82 3424.23 3023.56 3231.69 3248.9 3399.4 3228.82 3249.72 3109.73 3563.93 2774.76 4194.77 2409.74 2061.24 2564.34 2494.82 3388.34 2909.71 2530.19 2707.05 2258.64 3163.55 3558.35 2462.23 2614.97 3501.83 2506.8 2726.84 3465.64 2772.98 2766.3 2284.48 3014.03 2484.7 2652.67 2681.32 2401.31 3152.01 2780.49 3671.28 3185.79 2628.17 2784.8 3349.69 2497.03 2977.1 2264.77 3144.84 5789.02 2131.37 2474.78 3273.43 10009.6 2183.17 6145.66 2792.3 3424.74 2493.24 2234.34 2966.52 3100.2 2432.48 3665.06 2139.56 1882.06 2187.81 1859.54 5344.57 6229.09 5994.68 6978.1 6118.14 5227.82 4734.62 4296.27 4815.56 4925.03 5288.09 5191.45 3413.74 3429.43 3758.99 1652.06 1687.25 5506.24 3581.98 3674.68 3221.69 4577.52 4166.98 5078.84 3787.7 2987.1 4358.08 3598.13 4255.51 3454.81 3355.86 3109.22 3714.42 3792.72 4162.87 3371.44 4734.03 4009.53 3534.43 3517.4 3787.65 4302.23 4777.23 3419.16 3115.88 3269.07 3081.24 2884.65 2369.05 2718.73 2887.03 4249.48 5744.25 4402.3 2564.73 2790.16 3693.56 2777.03 3243.51 3387.19 4792.36 6573.01 4618.81 4998.08 2203.92 4318.36 4937.54 3769.84 3939.08 3700.18 4142.02 4220.22 
3400.31 2503.15 2881.03 2330.13 6325.4 6303.62 6388.07 3639.91 2567.71 3543.94 4220.33 3102.98 4239.62 4614.23 3608.79 3932.39 0 2888.24 5085.95 7390.03 7749.34 8721.69 8447.67 8762.8 8269.68 8388.86 7765.89 8142.25 8062.36 7260.05 7520.81 7159.96 7724.69 7882.04 8469.44 7092.17 8826.13 8301.56 5047.23 4736.93 5523.19 4949.57 5115.1 5267.65 4277.23 4264.56 4197.63 5558.09 3797.91 7097.24 6278.9 6410.47 4657.97 4322.35 4453.82 5965.96 6735.26 7118.47 6960.91 7119.35 7605.45 7520.52 5143.59 6390.61 7188.68 5392.58 5778.08 3162.15 3286.58 3190.46 2606.64 5691.86 6961.4 3826.9 5041 4556.49 3862.03 3560.98 3583.4 3816.87 11251.7 4251.83 10213.3 5167.47 7371.88 4973.81 6136.33 8452.2 7053.17 4176.87 8236.23 13271 5067.86 13048.2 8099.86 5356.05 4872.71 4484.55 5393.56 4584.52 5066.36 5134.4 4877.66 4744.66 4764.87 4894.46 4430.87 4518.49 4484.26 4721.01 3449.58 4777.71 4044.86 3386.97 3467.06 3782.42 4526.19 3932.71 4814.11 4172.87 5078.42 5336.43 5828.43 5041.16 4930.9 4844.78 5171.09 5768.06 5982.49 5425.36 5527.67 4935.61 5763.61 5137.06 5312.5 5333.88 4921.38 5383.26 5338.69 6086.37 5683.51 5295.26 5507.73 5655.65 5296.37 5624.08 3999.33 4301.24 4807.33 3751.36 3469.59 3364.14 9025.04 3263.54 5778.63 4263.96 3211.36 3522.01 3500.39 2961.84 1951.82 2873.27 3208.89 3100.12 3151.4 3454.58 2641.26 5747.1 6202.75 6468.61 6181.57 6037.95 4542.12 3791.86 3955.33 4326.96 3313.54 5137.68 4590.3 4817.43 3031.07 2415.07 2544.16 2529.89 4125.17 5005.46 3288.95 3914.18 3672.51 3540.03 3642.84 2983.72 3020.28 3749.17 3492.36 3509.71 3020.97 3037.28 4561.72 3246.54 3950.46 4088.52 2584.11 3768.3 2961.1 3115.1 3624.96 3460.09 4429.66 3011.92 2293.8 2260.5 2384.51 3188.34 2874.91 2360.21 2097.98 3758.96 3246.38 4026.35 3154.16 2569.6 2261.21 3825.88 3994.23 3945.14 3508.39 5054.06 5052.29 4728.14 2691 3870.18 4043.19 3183.54 3062.59 2732.6 5784.52 6556.92 6180.55 
2869.29 3309.03 2487.91 1863.89 6661.11 5319.79 5528.05 2470.55 1798.8 2468.45 2946.5 2039.19 3719.26 3337.53 3021.79 3435.86 2888.24 0 4095.12 6950 7251.81 8088.76 8093.63 8221.33 7708.45 7822.92 7205.04 7795.36 7544.64 6657.31 6884.74 6554.08 7270.3 7317.36 7923.13 6611.17 8449.95 7831.51 4480.7 4209.14 5146.15 4396.7 4584.67 4733.1 3752.17 3680.06 3706.33 4712.02 3833.7 6536.18 5590.36 5515.52 4066.99 3977.34 3805.88 5727.18 7106.67 7034.84 7139.18 6672.12 7165.61 7219.38 4695.53 6680.34 7161.75 5072.11 4420.53 3280.99 3930.9 2484.83 1784.34 6880.05 6337.85 5203.22 5130.01 4616.47 5092.54 4653.57 4464.42 2807.55 11869.9 3739.47 11159.8 5504.69 6144.81 5572.73 6782.06 7408.99 7714.59 4932.85 9295.21 14239.5 5646.91 11576.4 8706.51 4703.07 4337.5 3804.84 4887.13 4121.78 4483.72 4545.77 4383.57 4251.75 4290.82 4392.6 3931.45 4008.02 3971.19 4195.25 3923.76 3916.25 3676.22 3043.38 2941.92 3504.94 4432.84 3780.08 4383.36 3537.7 4540.31 4828.04 5352.96 4623.32 4471.72 4417.59 4714.56 5390.03 5545.39 4959.8 5084.45 4467.97 5422.16 4592.21 4895.99 4975.5 4512.79 5023.43 4966.49 5723.29 5306.55 4809.05 5093.98 5193.41 4783.18 5114.44 3251.67 3285.8 3773.8 3034.88 2884.46 2258.99 7685.3 2548.78 5243.92 3407.36 2669.39 2907.96 2565.84 2474.41 2081.68 2173.36 3065.34 2189.82 2497.59 2613.73 1984.06 5597.39 6760.11 6513.82 7543.91 7440.38 4563.58 4235.16 3779.87 4070.85 4153.86 4759.08 4685.36 5425.49 3229.82 3655.96 1894.21 1894.75 4736.07 4797.61 3101.38 4578.37 4742.08 3573.77 4614.43 3984.04 3384.82 3650.94 3250.98 4685.06 2983.1 3551.68 3632.25 3449.77 3684.11 3895.88 3188.19 4368.41 4135.86 4214.72 3933.87 4298.87 4369.39 3184.09 2730.95 3219.15 3569.54 2951.45 2117.22 2034.51 2296 2873.36 3661.89 4236.24 3113.08 2461.65 2014.93 3324.25 3214.54 3129.73 3177.17 4540.88 5295.75 3714.82 4214.79 3536.49 2990.47 3656.92 2872.15 3210.97 5018.1 5583.79 5155.72 
4525.44 4055 4054.42 4278.66 7238.89 7010.12 7378.67 3616.18 4244.94 3364.78 2715.51 3821.03 2694.96 3010.08 2330.49 2666.81 5085.95 4095.12 0 5429.67 5645.88 5998.56 6484.34 6969.8 5857.58 6391.52 5429.11 7046.78 5672.62 5012.96 5579.72 4747.91 6499.34 5758.56 6001.71 6651.51 8196.04 8112.94 3029.62 3915.23 4673.71 3453.33 3174.66 3127.53 3277.53 3151.63 3342.41 4422.05 4672.06 6643.81 5021.73 4955.72 4538.19 6221.58 4798.74 5474.52 8182.71 7743.43 8262.89 6973.56 7793.76 8376.9 5595.01 7398.06 8240 7383.78 6504.33 3993.38 4483.51 4941.17 4164.83 7981.02 6690.15 5923.1 6331.23 5811.2 6540.54 6142.34 5467.07 4695.04 14728.8 4700.6 11743.5 7274.48 5630.23 6264.54 9352.82 4771.82 8709.96 6247.29 9947.82 15983 6089.1 14137.1 10098.1 2895.15 4230.68 3126.72 3800.09 3997.64 3422.03 3664.01 3703.09 3837.67 3972.28 4090.65 3974.08 4038.3 3661.09 4535.93 3608.99 4909.92 3801.9 2886.83 2955.89 3156.57 3530.76 3203.32 3058.43 2851.04 3285.74 2879.84 4879.48 3540.39 3594.9 4431.45 3461.05 4060.15 4685.25 3202.52 3955.49 3356.52 3785.63 3123.92 3463.42 3222.82 3174.31 4342.6 3862.44 5064.86 4442 3590.03 4169.44 4434.32 3281.56 3859.73 2569.83 3431.76 6178.31 2559.11 2956.98 4381.2 9982.83 2675.21 7437.98 2792.84 4476.39 3036.65 2571.85 3470.62 4008.14 3407.77 4107.69 3025.74 2581.17 2470.13 2830.62 6718.37 7809.53 7351.45 8624.41 7204.54 5977.39 5631.86 5368.21 5415.32 5762.6 6095.29 6246.47 4378.73 4235.18 4488.84 2696.94 2763.82 6211.89 3752.53 4422.8 4074.87 5363.4 5243.38 5881.5 4206.97 4097.43 5269.56 4660.21 4954.57 4188.75 4421.46 3145.75 4754.02 4380.11 4858.96 4316.06 5584.97 4897.47 4810.82 4471.79 4624.21 5763.74 5469.84 4365.9 4327.06 4774.23 4572.66 3895.38 3412.91 3772.83 3415.56 4671.35 6295.13 4828.65 3448.26 3848.51 4287.51 2891.05 3231.98 4423.72 4762.38 7171.68 4817.19 6047.76 3587.54 4660.41 5458.67 4197.06 4634.52 3179.05 4070.07 3818.9 
7063.75 6790.12 6404.94 6750.43 10115.4 9770.92 10629.5 6485.13 6780.13 5979.04 6369.85 6804.62 4940.71 6401.91 4788.97 5649.3 7390.03 6950 5429.67 0 3187.4 5325.74 3788.69 4469.93 4185.76 6127.6 4668.5 5988.39 3389.55 3303.39 5280.19 4260.91 7325.65 3852.75 4376.38 3680.77 5041.08 4623.57 4148.25 3674.19 3454.27 4692.07 4507.89 4349.17 4385.92 4520.8 4910.11 5959.32 7086.64 7733.63 7397.47 7482.3 6585.34 9233.41 8332.87 7078.91 10304.6 9334.64 9964.26 9307.98 9591.51 9924.32 7429.34 8938.92 9411.14 9852.36 8970.16 7096.32 7414.99 7296.05 6371.01 9480.42 8589.09 8457.01 8174.75 7510 8473.33 7743.27 7376.91 6399.18 17137.1 8045.5 15442.8 10460.8 9276.52 10029.4 11734.9 7908.31 11844.4 8968.85 13509.8 19740.6 9159.15 16446.2 13379 5573.81 4564.4 4946.32 4764.87 4256.4 3991.83 4599.76 4424.84 3808.79 4082.03 4617.98 4564.94 4598.84 3835.82 4807.2 6373.71 6893.14 6517.54 5387.42 5432.51 5740.62 6124.02 6303.57 4452.12 3917.17 5117 4452.27 6371.69 4749.8 4969.4 4911.93 5402.59 5735.97 5971.44 4312.54 5761.75 5111.21 5263.85 4764.2 5090.05 5019.15 4916.98 5042.93 5089.22 6615.52 5655.55 5631.49 5617.2 5219.5 5100.94 5282.04 5011.21 6733.37 9274.15 4819.59 4162.51 6777.32 13642.4 4877.37 9842.82 6094.75 7074.45 4329.7 5345.58 6618.14 6557.62 5926.41 7343.95 5570.08 4972.17 4995.65 5466.52 9008.79 9926.3 10163.5 10953.1 10006.9 7545.59 7227.66 7686.06 7308.37 7387.13 8324.2 8259.15 7376.86 6816.95 7088.32 5096.97 5141.84 8661.14 7014.43 7235.91 7129.59 8290.59 7507.53 8396.7 7001.84 6532.86 7675.23 6652.93 7653.44 6343.02 6438.05 6174.56 7272.19 7048.29 7472.93 6807.84 8181.1 7745.02 7720.59 7117.1 7168.62 8446.32 8262.34 6855.02 6868.21 7195.43 7286.97 6327.78 5796.58 6214.48 6572.47 7971.54 9043.51 7721.49 6284.52 6433.48 6880.29 6386.24 6520.2 6896.1 8388.76 10348.3 7770.66 8485.06 5165.07 7781.1 8474.65 7252.14 7536.33 5654.39 6877.53 7078.31 
7358.82 7055.28 6672.24 7035.47 10423.9 9910.76 10836.7 6717.12 7074.84 6235.01 6565.5 6991.53 5096 6520.96 4794.43 6054.02 7749.34 7251.81 5645.88 3187.4 0 4919.89 2967.29 3427.83 3271.42 6093.11 4347.97 6012.07 4190.66 3419.63 4562.5 3603.36 7494.49 3500.6 3750.81 4627.68 6409.1 5811.94 4609.36 4062.39 4173.72 4315.98 5022.87 4706.98 5131.04 5054.49 5341.07 6377.03 7583.11 8163.62 7837.41 7761.28 7091.58 9455.67 8479.88 7583.98 10756.1 9695.36 10257.9 9447.02 9767.09 10103.3 7908.74 9407.01 9784.38 10267.5 9076.89 7412.16 7778.4 7577.56 6748.55 9811.72 9029.8 8950.79 8546.38 7895.73 8938.54 8024.96 7552.53 6581.24 17421.2 8050.28 15501.2 10756.4 9465.75 10310.7 12015.3 7511.29 11857.3 9023.03 13874.8 19999.9 9233.56 16834.5 13787.4 5691.08 4728.43 5354.96 5174.81 4451.02 4064.84 4927.67 4932.72 4522.72 4357.62 5002.72 4810.02 4954.58 3993.94 5042.33 6716.73 7413.4 6958.36 5481.59 5360.22 5619.6 5807.34 6345.72 4885.06 4142.52 5620.75 4372.56 7018.93 5563.96 5584.37 5613.47 5984.57 6413.75 6631.01 4811.59 6452.92 5727.91 5841.13 5351.87 5742.58 5611.99 5520.72 5794.18 5801.66 7322.95 6328.8 6185.81 6331.64 5963.68 5710.19 5855.04 5290.38 6914.34 9446.61 4906.81 4537.93 7236.07 13997.1 5109.96 10193.5 6401.17 7300.89 4760.8 5574.61 6869.03 6851.3 6246.04 7637.85 5857.72 5244.94 5258.21 5784.11 9477.76 10509.4 10710.6 11465.2 10518.6 7879.32 7640.41 8076.43 7713.47 7832.8 8782.91 8674.36 7741.48 7022.12 7098.7 5387.9 5421.3 9189.81 7394.31 7568.16 7289.25 8753.47 7926.29 8852.22 7553.86 6922.42 8098.82 7109.53 8137.01 6778.94 6890.09 6410.49 7803.05 7369 8016.32 7037.57 8208.41 8106.62 8226.68 7618.54 7332.21 8877.85 8546.53 7141.57 7239.77 7671.7 7647.31 6592.46 6093.17 6481.28 6816.62 8147.58 9364.47 8025.73 6408.98 6603.22 6897.57 6490.07 6441.58 7098.93 8561.6 10535.8 8136.3 8769.25 5686.93 7953.89 8758.84 7528.46 7735.52 5727.62 7201.75 7136.47 
