240 240
0 3589.16 2900.04 3665.98 4204.48 4192.95 4725.05 3244.62 3025.75 3718.11 3400.31 3450.93 2869.29 6616.8 4202.19 6161.16 5870.24 7358.82 8167.12 8340.07 7692.1 7239.87 6800.23 7059.8 6697.01 6882.36 7530.18 7446.91 8055.87 7712.08 7056.42 8701.71 8279.01 7500.39 8680.29 5428.62 4620.36 4235.26 4762.7 4886.8 5288.3 7440.23 6032.46 6061.82 4874.34 4580.98 4503.21 5871.21 8288.34 6224.77 7245.26 8160.32 7373.67 5253.02 6018.55 7662.95 7902.73 5465.07 5789.53 6541.62 3089.75 4042.11 3963.71 3027.18 3651.4 3454.29 7218.79 6334.22 7380.1 7736.31 3417.33 5528.48 4286.54 3662.74 10972.8 5734.02 7198.86 6353.9 5701.84 7785.9 8825.58 5043.44 8735.59 5664.02 12992 8719.31 8539.24 4947.39 4591.78 4049.37 3918.75 5117.81 4389.46 4595.88 4660.42 4612.47 4803.45 4390.04 4340.88 4428.38 4224.27 3665.67 4677.55 4066.99 4163.97 3099.52 3719.3 2327.59 4498 3361.75 4551.3 4212.74 4795.59 4938.35 5736.9 4907.18 4663.29 5052.3 4724.33 5606.11 5905.7 5382.41 5630.25 4804.36 5090.97 5178.05 4741.09 5353.25 5350.92 5274.29 6040.77 5557.43 5042.5 5423.28 3556.57 5321.66 3004.8 4025.54 4478.21 3374.59 4153.09 3175.24 8738.78 2932.32 3879.58 3707.21 6231.06 3953.71 4722.02 3507.81 5582.26 2910.41 3235.88 3095.29 3050.75 2124.03 3949.4 3143.13 2661.06 2551.85 2733.25 2961.56 2277.09 2594.13 4470.86 6479.28 7414.78 7079.56 6777.09 7889.85 4119.04 4398.66 5380.25 5950.8 4922.95 4658.1 4954.13 4551.51 5546.44 5509.78 3740.25 3542.8 4249.6 3077.97 4651.02 4682.12 2970.19 3812.12 4097.1 3279.67 3172.25 4374.23 2811.07 3030.38 2560 3035.46 3065.8 3381.48 3140.9 4861.82 4253.15 4379.67 4601.63 4566.97 5318.46 3393.42 3558.88 2781.97 3646.19 2853.48 3131.83 2826.77 3138.63 3703.41 2874.96 2776.02 2622.28 2476.22 3591.31 4443.05 4229.1 4983.47 4377.44 4178.55 3682.53 3598.54 3884.4 5062.59 5674.86 4478.9 4457.99 4278.6 3839.5 4197.76 3982.12 4051.24 3998.75 4176.17 3432.22 3431.78 
3589.16 0 3122.18 3290.05 3803.12 3683.78 4260.83 3189.61 3507.36 3218.9 2503.15 3520.12 3309.03 6421.62 3949.01 5715.66 5746.36 7055.28 7888.07 8071.13 7369.27 6887.18 6539.99 6620.83 6393.53 6569.1 7105.37 7117.35 7758.18 7336.53 6649.97 8325.98 7998.57 7133.47 8443.2 5041.97 4280.16 3861.39 4501.07 4603.42 4892.08 6907.26 5452.45 5664.18 4663.22 4911.93 4809.7 5517.2 7884.31 7509.43 7643.64 9013.73 9048.82 4936.63 7639.14 6520.09 8069.77 4896.13 7162.18 7381.17 3579.06 3467.45 3584.55 3631.28 3672.04 3680.76 6987.74 5333.47 5390.83 7691.19 5311.08 3878.94 3660.54 4488.21 11994.2 5881.89 6878.88 4661.3 6881.67 7363.64 7569.42 4934.31 8793.38 5366.32 13273.1 9099.04 9199.32 4583.5 4179.76 3658.5 3511.4 4782.68 4022.88 4348.72 4429.57 4239.68 4371.34 3991.38 3926.52 4040.76 3839.72 3158.31 4817.09 2972.97 3433.31 2665.81 2991.86 2789.88 3907.49 3607.05 4275.35 3902.18 4498.49 4723.92 5327.91 4598.66 4378.05 4660.46 4365.33 5287.64 5540.49 5052.56 5344.14 4489.43 4793.79 4866.48 4424.98 4999.36 4996.62 4909.64 5618.9 5212.77 4689.49 5025.86 3065.25 5413.35 2418.46 3770.94 5428.8 2959.6 4705.17 2812.32 9838.79 2613.9 3477.72 3342.04 6696.11 3383.85 4656.6 3632.85 6495.92 2547.5 2840.83 2707.79 2397.53 2371.59 3446.63 3731.61 2543.75 2552.64 2381.9 2637.29 2047.51 2215.2 4964.22 5584.38 5837.93 5585.05 5424.85 5752.44 4527.9 4832.05 4413.74 5292.42 3792.96 4085.46 4280.45 3463.23 4508.35 4446.85 2321.31 3614.68 4934.65 3839.13 3455.12 3609.46 4375.88 2975.72 2762.69 3117.11 4360.54 3737.83 3400.47 3157.97 4066.44 3037.96 4530.04 4483.44 2842.89 3251.98 3122.63 2890.23 3516.72 2855.86 4355.3 3186.01 3892.35 2599.57 3219.79 2764.71 3064.41 2774.35 2512.81 2936.33 2670.16 2692.92 2112.95 1697.87 4163.74 5296.56 3481.08 4079.64 3534.17 3817.91 3200.93 3243.76 3467.6 4533.83 5719.83 5036.43 4471.43 2749.24 3716.58 3824.58 3953.5 3403.45 4140.17 4419.56 2853.91 2975.18 
2900.04 3122.18 0 3878.79 4024.4 3774.63 4273.05 3185.46 2333.39 3167.12 2330.13 3065.44 1863.89 6675.28 3803.81 6054.07 5892.87 7035.47 7759.39 8053.67 7323.9 7023.4 6517.14 6738.41 6421.44 6625.31 6949.87 7150.51 7764.2 7138.2 6364.36 8140.34 7584.95 6738.53 7866.64 4886.53 4190.46 3730.63 4340.61 4483.07 4904.71 6952.26 5492.7 5742.73 4579.94 3919.29 4404.09 5565.34 7091.81 7175.87 7189.59 9286.28 8152.73 4791.52 7057.95 5926.68 7285.05 5235.75 6723.65 7669.7 3292.42 3718.33 3726.65 1884.44 2269.64 2247.22 6953.46 6055.77 6810 7719.27 4037.52 4897.76 4161.87 3176.52 10977.6 5391.35 7266.45 6175.95 6125.57 7668.05 8098.7 5042.36 9541.25 6200.35 11136.6 8342.19 8912.52 4549.39 4164.73 3678.85 3554.78 4598.35 3863.64 4277.32 4302.65 4019.8 4106.52 3848.75 3894.52 3755.41 3797.51 3319.71 4487.87 3692.36 3617.97 2739.06 3204.87 2325.29 3977.95 3264.7 4028.23 3816.25 4291.58 4561.3 5003.66 4351.31 4207.05 4395.22 4185.85 5035.13 5208.45 4735.77 5091.51 4411.53 4606.54 4634.81 4185.6 4670.83 4666.97 4601.26 5351.52 4963.71 4530.26 4924.22 3240 5385.75 2395.55 4079.56 3713.56 2960.78 3634.21 2736.8 8377.64 2592.23 3650.19 3399.75 4773.15 3562.62 3338.95 2357.32 5555.88 2542.65 2694.77 2723.08 2622.86 2003.8 3428.25 2707.17 2597.96 2539.66 2390.59 2730.6 1834.24 2305.6 3667.86 6001.63 6850.55 6442.65 6185.81 7317.91 3558.44 4001.92 5040.28 5565.37 4558.46 4201.17 4684.45 4285.1 5060.04 4811.64 3261.43 3471.81 4958.61 3147.48 3986.38 4599.24 3616.43 3405.21 3557.38 3208.78 3789.52 3968.22 2773.58 2991.47 3198.37 2847.59 3588.18 3731.06 2686.96 4460.74 4012.41 3790.43 4228.95 4177.07 4905.57 3265.33 3588.96 2622.83 3349.34 2863.05 3196.77 2783.33 2682.34 3032.04 2728.02 2716.05 2276.4 2067.23 2732.51 3779.47 4099.56 4753.77 4039.38 3775.71 3588.72 3479.74 3659.21 4645.19 5646.55 4526.89 3961.39 4091.27 3206.21 3573.33 3912.01 3802.68 3803.55 4228.19 3038.31 3060.79 
3665.98 3290.05 3878.79 0 5084.6 4544.47 5452.8 3920.48 3459.51 4538.97 3081.53 4569.62 3727.24 6559.36 5135.14 6980.33 5504.39 8571.87 9224.7 9717.55 8880.18 8503.01 8173.31 8039.85 7985.91 8166.17 8242.9 8756.4 9380.95 8520.75 8045.86 9713.36 9279.22 8376.1 9558.44 6397.49 5766.24 5326.16 5928.94 6113.82 5946.38 7403.31 6650.22 6539.81 5201.4 4859.61 4464.27 5711.85 8622.91 6637.54 7227.66 8331.42 8074.56 6227.6 6736.08 7272.02 7949.05 5511.48 6739.1 6555.21 3662.54 3916.35 4330.67 4324.33 4607.02 4475.51 6776.49 5247.27 5686.44 8240.18 5474.8 4506.38 4370.12 4842.56 12485.9 4963.85 6811.33 4760.92 7373.35 8564.11 7340.41 4648.36 7789.97 4463.02 14384.3 8623.89 7925.61 5745.27 5744.64 5167.46 5057.44 6093.75 5441.56 5834.43 5986.22 5752.56 5709.86 5396.14 5442.37 5444.27 5347.34 4466.95 5160.33 4399.37 4604.05 4215.33 4301.33 3355.8 5296.47 4572.48 5550.36 5478.12 5992.72 5976.52 6550.46 6032.46 5760.38 5998.73 5489.66 6549.29 6742.9 6213.4 6502.34 6063.37 6264.54 6159.56 5806.98 6269.94 6205.25 6131.42 6831.26 6366.03 5820.76 6514.82 4491.39 4481.9 3240.45 4267.51 5560.18 4446.96 4337.98 4476.34 8529.97 4134.97 4863.38 4525.89 6716.7 4504.29 5145.66 4335.88 5794.41 4195.04 4480.29 4082.61 3179.44 2767.96 4826 3777.12 3630.54 3768.32 3921.64 4171.8 3451.71 3753.22 5381.56 5660.35 6034.17 5570.15 5381.66 6511.84 4490.71 4681.61 4505.81 4905.88 3747.51 3687.47 4349.39 3505.91 4408.39 5659.27 2987.92 4082.83 4899.09 4196.19 4471.44 4343.03 4106.01 4024.22 4159.31 4028.08 4281.31 4747.97 3685.01 4079.61 4042.71 4069.35 4709.57 4848.74 3229.46 3530.83 3676.22 3706.33 3710.66 3677.36 4120.41 4496.06 4386.71 3930.12 3285.08 3365.65 3557.43 3078.3 3304.42 3491.53 3255.26 3384.04 3072.5 2797.42 4325.93 5006.32 3278.83 3778.33 3278.58 3972.33 4360.51 4192.29 3709.35 4772.26 4616.08 4637.11 5501.55 3964.74 4750.61 5111.79 3657.88 3484.62 4461.01 4736.58 4271.2 4443.23 
4204.48 3803.12 4024.4 5084.6 0 2742.87 3224.49 2955.23 3896.14 3051.95 4795.47 3309.27 3778.51 5150.98 3461.55 3890.68 5628.24 6691.29 7368.89 7785.04 7281.17 6701.58 6439.1 5894.14 6055.43 6273.05 6433.75 7105.13 7544.41 7552.83 7038.55 8617.93 8528.04 7203.14 8805.35 5297.81 3744.67 4298.28 4459.41 4368.45 4408.45 6901.69 4693.79 4207.93 4855.76 5645.34 4587.9 5769.66 9536.87 7591.08 8587.64 10372.9 9460.4 4684.94 7687.15 7973.08 8325.23 5037.69 7734.82 7852.7 3986.77 4855.27 4129.37 4578.49 3402.14 4845.31 7024.57 7061.4 7595.87 6485.15 5719.64 6285.2 5890.09 4866.9 14370.6 7081.33 5263.59 5681.34 9086.9 4709.78 8066.61 5681.26 9724.3 6386.98 13959.6 6909.57 9306.03 3653.51 4571.16 3407.98 3820.69 4950.8 4438.67 4049.49 4046.56 4526.26 4633.86 4204.15 4221.46 4278.7 4212.31 3917.14 4746.9 4079.6 3840 2576.84 3280.17 2932.41 3726.44 3540.98 4043.4 3974.86 4269.3 3903.22 5319.03 4573.91 4296.17 4487.58 3705.54 5072.91 5464.56 4714.05 4993.1 4298.09 4574.95 4702.88 4215.55 4897.78 4882.27 4829.56 5655.39 5139.76 4225.53 4972.51 2739.69 5814.98 3508.54 3755.39 5849.49 2889.31 4953.07 3282.5 8970.56 2744.14 2931.16 2663.59 7472.65 2486.14 5170.56 4056.95 6796.85 2844.45 3321.06 2535.35 3092.34 3781.29 3179.34 3859.46 2283.8 2598.57 2456.58 2523.55 2483.28 2386.79 5131.07 6538.39 7650.01 7792.61 7456.61 8285.99 5222.54 5844.26 5893.67 6446.92 5584.33 5053 5335.9 5673.02 5988.5 5434.84 3944.32 3503.7 6073.19 4228.28 4043.78 4981.87 5445.38 4562.22 4219.99 4151.91 5187.81 4586.85 4357.05 4164.09 4724.55 3524.48 4645.79 5000.79 3795.74 4841.51 5398.94 5027.79 4708.77 5071.7 5514.62 2571.11 3251.49 2580.87 4407.39 3056.54 2861.54 3192.26 4026.06 4527.41 3633.84 3405.82 3168.35 3496.38 5515.43 6729.75 4626.65 5756.63 4826.55 3941.5 2814.77 2642.67 3785.8 3682.43 6674.56 4579.28 4223.95 5694.38 3749.75 4060.84 4305.09 4738.84 3611.66 3774.46 2607.7 2948.17 
4192.95 3683.78 3774.63 4544.47 2742.87 0 2980.73 3023.35 3668.34 2904.24 4436.68 3115.15 3649.88 5563.32 3443.2 4624.86 6112.91 6357.73 6985.38 7459.76 6725.18 6590.65 6340.84 5639.4 6279.72 6191.44 5580.53 6817.42 7480.25 6116.22 5785.17 7299.98 7207.63 5939.88 7259.19 4176.83 4042.72 3248.84 4272.21 4323.01 3561.07 6029.02 4282.41 3954.67 4239.75 5781.99 4926.22 4952.87 9096.88 7077.46 8008.48 9764.97 8675.51 4206.86 7233.06 7309.4 8345.36 4203.16 6797.09 7497.36 3856.15 4672.12 4156.35 4440.84 3558.13 4497.54 6470.33 6491.68 7063.88 7056.49 4916.67 5415.59 5050.32 4154.83 14283.7 6889.44 5461.71 5886.08 8915.82 5643.99 8447.45 5271.65 10077.8 6587.21 13861 7207.57 9488.63 3411.58 4045.95 3397.5 3198.48 4450.03 3726.61 4328.84 4259.92 3781.2 3976.08 3689.72 3663.87 3706.2 3407.75 3912.94 4068.15 4354.15 3341.33 2980.73 3593.79 2939.88 4185.04 3834.13 3694.65 3852.96 4211.3 3934.97 4821.09 3982.26 3890.88 4333.13 3299.55 4738.84 4747.53 4507.48 4437.75 4312.64 4314.92 4356.3 4033.94 4061.13 4291.77 4052.06 5156.64 4318.58 3727.3 4620.44 2644.29 5924.54 3155.2 3702.09 5876.48 2662.3 5058.97 2998.78 9340.05 2561.96 2782.62 2607.94 6892.67 2447.85 5236.11 3822.6 6691.97 2689.06 3043.21 2407.07 2989.55 3684.29 2704.21 3946.88 2315.29 2739.5 2337.15 2741.32 2391.01 2168.73 5272.39 5751.64 6846.91 7109.48 6752.61 7766.2 5401.87 5908.88 5308.32 5686.95 4555.52 4663.02 4614.55 4951.77 5200.56 5142.74 4043.1 3973.74 5892.57 4559.51 3823.7 4798.97 5003.17 4184.05 3875.73 3842.6 4774.77 4389.4 3863.89 3688.73 4464.77 3436.03 4665.54 4869.58 3369.25 4893.33 5564.81 4986.92 4691.86 5232.89 5227.2 3081.32 3778.34 2590.06 4355.38 3235.45 2804.54 3112.88 3814.05 4089.99 3488.72 3295.57 2959.13 3351.14 5356.78 6555.6 4530.53 5684.56 4593.59 4054.5 3196.83 3003.21 3819.68 4027.77 6684.9 4704.16 3827.36 5516.35 2904.76 3085.82 4319.29 5069.38 3369.22 3705.68 2682.12 2733.35 
4725.05 4260.83 4273.05 5452.8 3224.49 2980.73 0 3782.38 4251.07 2873.55 5041.56 2792.09 4393.14 6490.64 3012.59 4541.47 6928.31 5726.18 6270.26 6992.48 6568.98 5998.24 5734.25 5035.96 5259.76 5738.93 5102.7 6553.71 6839.41 6728 6316.3 7914.22 7897.76 6355.45 7982.64 4537.06 2936.2 3668.59 3972.5 3778.68 4312.91 6003.7 4923.57 4778.87 4396.91 6230.89 5043.73 5152.85 9285.62 7344.08 8222.42 10133.7 9117.09 4159.34 7025.62 7040.87 8216.27 5187.66 7328.17 7618.99 4152.65 4763.3 4096.88 4749.39 3522.26 5040.9 6552.46 6667.04 7350.78 6970.27 5386.76 6297.83 5787.35 4726.67 14768.6 7375.95 5886.67 6597.79 9447.29 5126.54 7881.93 5697.91 10019.7 6441.7 14246.2 7748.98 10385.9 2680.32 4256.08 3253.04 3495.85 4363.87 4016.55 3481.2 3357.38 3874.48 4121.1 3695.92 3874.31 3972.47 3668.78 3758.54 4801.36 4117.06 3587.62 2680.45 3061.73 3414.66 3046.02 3048.47 3460.92 3267.29 3732.42 2963 4768.81 3735.6 3722.7 3851.98 2911.16 4329.12 4668.07 4014.47 3747.03 3830.84 3775.05 3502.82 3557.68 4067.53 4154.89 3867.71 5116.96 4307.14 3485.37 4232.06 2486.89 6389.86 3449.24 3464.31 6742.29 2587.22 5720.31 3072.09 10416.5 2647.45 2303.48 2726.4 7152.45 2827.2 5798.38 4275.98 7478.38 2767.02 3184.34 2651.56 3704.89 4252.59 2542.89 4166.64 2850.98 2960.71 2525.13 2437.81 2907.28 2765.54 6039.63 6422.45 7545.53 7737.91 7298.79 8355.92 4886.55 5968.67 5747.8 6496.69 5413.83 5171.35 5320.43 5608.41 6022.74 4943.37 4204.02 3722.9 6233.92 4597.12 3824.78 5414.83 5234.74 4801.15 4377.09 4052.98 5180.16 4964.25 4171.01 4128.65 4891.38 3500.45 4715.34 5066.46 4265.16 4819.5 5646.43 5241.64 4795.79 5309.89 5591.75 3783.97 4565.53 2970.21 4938.22 3342.4 3259.29 3954.37 4238.76 4528.04 3962.31 3700.63 3519.46 3898.12 5908.81 7034.94 5320.8 6424.19 5350.95 4004.77 2962.07 3248.64 3928.07 4603.15 7018.42 4804.57 3315.52 6091.64 3274.71 3414.2 4869.16 5702.27 3012.1 3348.82 2580.32 2702.39 
3244.62 3189.61 3185.46 3920.48 2955.23 3023.35 3782.38 0 2214.82 3052.83 3639.91 3198.17 2470.55 4123.68 3675.88 4653.9 3989.21 6717.12 7588.32 7720.71 7084.79 6595.44 6244.94 6331.82 6063.71 6186.35 6570.39 6828.57 7458.34 6964.79 6363.88 7977.78 7684 6813.97 8087.97 4727.53 3973.3 3577.54 4209.44 4358.98 3265.99 5865.24 4833.8 4153.07 3644.84 4709.79 4220.3 4719.61 9173.28 7168.51 7869.85 9439.7 8104.66 4715.72 6799.57 7536.65 8033.6 4249.84 6307.32 7220.46 3331.05 4411.82 3318.28 3660.26 3302.45 3750.49 5460.8 5897.63 6687.83 5519.88 5011.8 5305.13 5146.88 4153.92 13507.2 6445.7 4818.02 5106.89 8109.59 6292.57 8327.02 4965.86 9235.43 5916.57 12995.9 6807.1 9299.84 4155.54 3895.38 3296.49 3170.68 4543.58 3715.23 4058.41 4105.65 3955.87 4049.79 3663.14 3600.22 3723.92 3496.21 3643.22 3292.05 3699.79 3428.58 2649.25 3423.14 2275.3 4060.4 3627.55 4033.9 3640.53 4150.31 4318.3 5127.37 4312.92 4109.08 4465.31 4037.5 5138.34 5279.12 4836.7 5028.56 4311.64 4648.5 4628.81 4270.31 4689.68 4705.91 4628.47 5445.24 4960.64 4434.83 4717.92 2594.89 5224.43 2725.62 2914.54 5116.04 2465.62 4232.63 2552.41 8280.47 2071.68 2757.75 2623.6 6525.84 2624.95 4701.78 3600.08 6302.27 2292.7 2619.31 2146.68 2218.53 2626.91 3143.04 3435.14 1855.98 1759.48 1995.65 2278.16 1752.99 2012.6 4543.19 5508.94 6599.24 6647.95 6372 7553.6 4710.11 4636.57 4314.53 4900.99 3924.26 3537.86 3576.81 4170.88 4364.51 5328.45 3201.83 3299.42 4423.98 3321.05 4365.92 3953.09 4016.6 3760.43 3540.55 3027.45 3713.05 4461.24 2890.98 3363.99 3639.29 2841.1 3774.8 3518.46 3216.17 4087.01 4615.5 4365.21 3640.18 4251.38 4221.81 1916.85 2133.25 1428.67 2428.86 2261.05 2295.36 1794.68 3209.62 3760.38 1896.08 1568.63 1906.99 2405.3 4340.22 5473.1 2895.05 3869.32 3110.51 2934.05 2620.75 2770.31 2792.12 3594.43 5691.55 3312.28 4188.39 4310.58 3405.3 3540.59 2588.16 3344.11 2778.04 3122.09 2526.21 2760.79 
3025.75 3507.36 2333.39 3459.51 3896.14 3668.34 4251.07 2214.82 0 3408.2 2567.71 3181.11 1798.8 5358.65 4081.46 5797.33 4425.56 7074.84 7822.09 8123.95 7356.41 7077.89 6630.25 6853.99 6492.89 6679.84 7174.82 7235.17 7827.71 7235.45 6482.34 8271.19 7705.52 6961.32 8042.29 4933.85 4415.32 3844.15 4574.32 4637.43 4196.23 5891.76 5545.61 5059.24 3490.19 4265.07 3889.25 4271.17 8338.48 6487.98 6861.86 8420.42 7123.31 4945.22 6057.23 6777.93 6876.79 4181.65 6025.1 6903.59 2982.03 3742.2 3346.89 2882.73 2886.35 2979.45 5401.7 5122.41 6304.38 6354.92 4416.97 4502.37 4452.4 3606.41 12681.2 5596.42 5697.98 5418.24 7316.89 7231.28 7924.98 4765.01 8838.12 5548.47 12493.5 7060.27 8606.91 4755.34 4214.48 3930.41 3597.15 4835.15 4034.47 4494.33 4498.36 4156.38 4217.69 3985.87 3977.54 3889.02 3877.12 3742 3512.96 3794.07 3574.08 3121.03 3508.95 2447.19 4438.52 4017.74 4300.08 4023.59 4526.44 4743.38 5306.64 4503.66 4361.83 4629.29 4414.4 5213.27 5442.77 5060.44 5285.68 4558.01 4782.65 4823.42 4422.65 4865.39 4907.61 4830.45 5575.41 5114.04 4747.75 5065.61 3331.87 4594.46 2640.67 3388.18 4750.72 3014.47 3721.64 2968.06 7890.99 2557.48 3528.06 3351.89 5563.18 3321.05 4138.12 3013.13 5771.82 2796.14 3006.02 2792.22 2477.08 2161.76 3614.37 3118.59 2262.95 2278.43 2484.88 2704.63 2092.67 2372.66 3976.51 5136.68 6404.74 6127.2 5819.9 7217.24 3848.87 3798.15 4093.09 4565.44 3822.03 3199.77 3510.65 3811.43 3994.12 5231.46 3148.73 3180.61 4271.53 3107.05 4442.32 4298.25 3269.88 3718.72 3934.31 3366.61 3259.83 4615.09 2872.37 3395.1 3226.2 3060.62 3589.28 3677.48 3052.85 4270.62 4147.65 4063.22 3588.64 4223.54 4086.05 3065.5 2729.13 2194.05 2258.57 2127.69 2573.58 1999.07 3204.63 3363.38 1911.75 1702.66 1907.77 2274.24 3429.97 4472.23 3171.62 3730.3 3279.61 2804.3 3288.2 3434.75 2623.25 4272.96 4967.13 3149.59 4099.96 4008.26 3332.75 3718.28 2644.97 3508.66 2980.5 3454.39 3141.28 3206.79 
3718.11 3218.9 3167.12 4538.97 3051.95 2904.24 2873.55 3052.83 3408.2 0 3932.39 2286.89 3435.86 6496.09 1954.95 5562.22 6154.32 6054.02 6804.52 7358.77 5847.05 6081.94 5369.52 6122.27 5144.4 5583.58 5875.49 6101.26 6492.12 6327.11 6041.23 7583.29 7530.14 6035.99 7617.81 4094.04 3425.53 3173.27 2729.81 2827.17 4473.74 5557.98 4299.84 4706.97 3563.99 5567.8 4687.19 4039.89 7875.73 6566.82 6907.8 8525.41 7892.56 3160.23 6137.4 6477.24 7020.03 4270.19 6456.68 7500.18 3226.83 3705.12 2582.63 3724.08 2811.42 3930.15 5600.37 5461.85 6003.73 5993.48 4469.18 5074.37 4740.42 3727.39 13604.9 6586.59 6209.27 6150.42 8295.03 5736.5 8297.82 5992.32 9158.43 6171.94 13115.3 7304.56 9778.09 2993.77 3647.73 3040.37 3127.12 3433.71 3463.98 3395.82 3424.23 3231.69 3399.4 3152.85 3224.39 3249.72 3109.73 2887.21 4194.77 3455.79 2409.74 2061.24 2494.82 2565.15 3388.34 2909.71 2530.19 2604.67 2258.64 3163.55 3558.35 2462.23 2614.97 2506.8 2546.8 2726.84 3465.64 2766.3 3014.03 2484.7 2652.67 2681.32 2401.31 3152.01 2794.38 2780.49 3671.28 3185.79 2628.17 2977.1 2264.77 5862.48 2970.08 3144.84 5789.02 2131.37 4992.57 2474.78 10009.6 2183.17 2770.86 2625.29 6145.66 2792.3 4958.68 3424.74 7188.1 2255.54 2493.24 2234.34 2966.52 3100.2 2288.91 3665.06 1961.21 2139.56 1882.06 2187.81 1859.54 1908.82 5026 5344.57 6229.09 6413.88 6072.88 6978.1 4373.89 4744.89 5227.82 5659.63 4734.62 4296.27 4815.56 4925.03 5191.45 3413.74 3429.43 3296.71 5506.24 3674.68 3221.69 4577.52 4166.98 4126.5 3787.7 2987.1 4358.08 4255.51 3454.81 3355.86 3714.42 2624.09 3792.72 4162.87 3371.44 4734.03 4009.53 3534.43 3517.4 3787.65 4302.23 3102.12 3828.7 2472.59 3922.82 2934.64 2990 3111.85 3115.88 3269.07 2884.65 2734.25 2369.05 2718.73 4809.38 5931.9 4563.69 5744.25 4595.49 3693.56 2777.03 3243.51 3387.19 4792.36 6573.01 4618.81 2403.37 4998.08 2203.92 2208.79 4318.36 4937.54 2557.86 3024.87 1908.32 2357.99 
3400.31 2503.15 2330.13 3081.53 4795.47 4436.68 5041.56 3639.91 2567.71 3932.39 0 3770.75 2888.24 6992.03 4638.08 6857.65 5856.25 7749.34 8447.67 8762.8 8062.36 7739.76 7260.05 7520.81 7159.96 7344.83 7724.69 7882.04 8469.44 7808 7092.17 8826.13 8301.56 7516.87 8619.42 5523.19 4949.57 4395.44 5115.1 5267.65 5558.09 7097.24 6278.9 6410.47 4657.97 4322.35 4453.82 5564.33 7476 7118.47 6960.91 8575.15 7958.47 5525 7119.35 6293.08 7605.45 5143.59 6390.61 6988.55 3162.15 3286.58 3971.71 2869.98 3683.32 3190.46 6961.4 5285.96 5548.77 8104.78 4556.49 3862.03 3560.98 4044.94 11251.7 5167.47 7371.88 4973.81 6136.33 8452.2 7053.17 4176.87 8236.23 5067.86 13048.2 8762.41 8099.86 5356.05 4872.71 4484.55 4250.86 5393.56 4584.52 5066.36 5134.4 4744.66 4894.46 4635.24 4585.78 4518.49 4484.26 3284.27 4777.71 3345.09 4044.86 3386.97 3782.42 2846.93 4526.19 3932.71 4814.11 4621.71 5078.42 5336.43 5828.43 5041.16 4930.9 5171.09 4974.57 5768.06 5982.49 5527.67 5763.61 5137.06 5312.5 5333.88 4921.38 5383.26 5421.99 5338.69 6086.37 5683.51 5295.26 5624.08 3999.33 4795.95 2507.16 4301.24 4807.33 3751.36 3914.59 3469.59 9025.04 3263.54 4390.56 4154.2 5778.63 4263.96 4363.59 3211.36 5688.39 3342.79 3522.01 3500.39 2961.84 1951.82 4178.42 3208.89 3264.95 3100.12 3151.4 3454.58 2641.26 3066.18 4714.45 5747.1 6202.75 5468.94 5301.27 6181.57 3554.15 3704.4 4542.12 5141.44 3791.86 3955.33 4326.96 3313.54 4590.3 4817.43 3031.07 3760.45 4125.17 3288.95 3914.18 3672.51 3540.03 2760.53 2983.72 3020.28 3749.17 3509.71 3020.97 3037.28 3246.54 3193.54 3950.46 4088.52 2584.11 3768.3 2961.1 3115.1 3624.96 3460.09 4429.66 4018.28 4245.24 3348.26 3236.96 3178.59 3519.26 2953.52 2260.5 2384.51 2874.91 3020.02 2360.21 2097.98 3074.54 4178.98 3516.49 4026.35 3452.52 3825.88 3994.23 3945.14 3508.39 5054.06 5052.29 4728.14 4715.34 2691 3870.18 4280.47 4043.19 3183.54 4247.45 4737.72 3838.41 3810.1 
3450.93 3520.12 3065.44 4569.62 3309.27 3115.15 2792.09 3198.17 3181.11 2286.89 3770.75 0 3302.86 6749.3 2483.66 5444.05 6350.3 5756.08 6579.97 6872.12 6081.19 5919.04 5513.9 5524.23 5207.99 5569.84 5837.51 6254.03 6571.95 6500.02 5951.85 7649.68 7444.77 6242.84 7723.83 4360.32 3298.44 3386.34 3594.65 3381.51 4608.12 6114.93 4976.44 5128.26 4005.01 5258.84 4296.65 5015.14 7891.71 6536.84 6974.95 8977.51 8179.04 3914.73 6026.33 6276.68 6976.16 4663.99 6334.33 7287.96 3137.32 3425.73 3276.57 3420.57 2490.13 3719.41 6089.73 5425.82 6404.33 6748.11 3958.73 4967.71 4365.56 3418.98 13396.1 6368.41 6234.81 6318.69 8040.7 5891.65 7731.99 5310.74 9263.43 5733.33 12886.8 7400.37 9586.74 3095.82 3959.4 3274.09 3381.62 4251.61 3762.31 3477.45 3616.79 3563.26 3791.95 3560.39 3547.69 3450.69 3407.23 3139.31 4031.07 3356.15 3191.67 2229.97 2629.15 2319.09 2996.58 2601.13 3017.01 3088.2 3324.03 3150.41 4493.88 3435.25 3262.64 3554.52 2831.39 3979.86 4388.15 3855.96 3731.28 3276.48 3403.41 3418.75 3166.7 3780.88 3874.47 3586 4684.43 4038.76 3387.78 3620.12 2343.31 5570.02 2554.69 3043.18 5688.68 2461.89 4706.52 2753.22 9774.76 2333.12 2748 2675.43 5950.02 3061.06 4710.7 3182.26 6926.08 2568.27 2857.57 2504.18 2993.8 2869.53 2627.73 3306.25 2505.98 2452.1 2198.92 2393.95 2013.5 2446.23 4772.73 5916.99 6694.25 6704.87 6126.73 7532.03 4016.41 4577 5232.5 6041.48 4884.95 4796.26 4913.19 4652.19 5582.85 4011.24 3492.88 2801.53 5199.53 3326.09 2998.71 4756.75 4209.8 3988.53 3786.08 3251.78 4087.84 4174.7 3061.07 2877.81 3747.38 2873.57 3574.97 3993.82 3391.9 4493.77 4298.1 3978.68 4093.33 4416.57 4926.55 3357.11 3789.39 2887.55 3985.07 2666.45 2896.85 3105.37 3213.04 3529.15 3173.97 3054.28 2768.13 2802.02 4597.66 5739.69 4605.22 5523.2 4841.81 3633.94 2751.34 3080.42 3299.75 4558.05 5987.15 3882.43 2286.43 5070.28 2341.8 2660.07 4042.46 4788.08 2525.13 2928.85 2309.71 2578.88 
2869.29 3309.03 1863.89 3727.24 3778.51 3649.88 4393.14 2470.55 1798.8 3435.86 2888.24 3302.86 0 5516.58 4079.64 5650.38 4815.73 7251.81 8093.63 8221.33 7544.64 7146.51 6657.31 6884.74 6554.08 6774.8 7270.3 7317.36 7923.13 7461.45 6611.17 8449.95 7831.51 7084.52 8227.77 5146.15 4396.7 3953.98 4584.67 4733.1 4712.02 6536.18 5590.36 5515.52 4066.99 3977.34 3805.88 5037.66 7917.06 7034.84 7139.18 9051.58 7884.95 5078.6 6672.12 6519.59 7165.61 4695.53 6680.34 7671.57 3280.99 3930.9 3468.71 2453.23 2291.5 2484.83 6337.85 5650.33 6783.78 6823.84 4616.47 5092.54 4653.57 3711.86 11869.9 5504.69 6144.81 5572.73 6782.06 7408.99 7714.59 4932.85 9295.21 5646.91 11576.4 7454.19 8706.51 4703.07 4337.5 3804.84 3648.09 4887.13 4121.78 4483.72 4545.77 4251.75 4392.6 4105.57 4034.35 4008.02 3971.19 3795.6 3916.25 3962.59 3676.22 3043.38 3504.94 2448.45 4432.84 3780.08 4383.36 3984.95 4540.31 4828.04 5352.96 4623.32 4471.72 4714.56 4486.56 5390.03 5545.39 5084.45 5422.16 4592.21 4895.99 4975.5 4512.79 5023.43 5048.93 4966.49 5723.29 5306.55 4809.05 5114.44 3251.67 5041.29 2878.21 3285.8 3773.8 3034.88 3589.83 2884.46 7685.3 2548.78 3577.75 3401.67 5243.92 3407.36 3577.29 2669.39 5437.73 2656.46 2907.96 2565.84 2474.41 2081.68 3750.14 3065.34 2315.12 2189.82 2497.59 2613.73 1984.06 2106.41 3543.72 5597.39 6760.11 6479.26 6073.1 7543.91 3695.92 3997.75 4563.58 5099.87 4235.16 3779.87 4070.85 4153.86 4685.36 5425.49 3229.82 3268.07 4736.07 3101.38 4578.37 4742.08 3573.77 3915.58 3984.04 3384.82 3650.94 4685.06 2983.1 3551.68 3449.77 3056.6 3684.11 3895.88 3188.19 4368.41 4135.86 4214.72 3933.87 4298.87 4369.39 2917.76 2710.77 2182.7 2739.47 2397.87 2328.81 1889.43 3219.15 3569.54 2117.22 1981.11 2034.51 2296 2995.16 3871.45 3413.8 4236.24 3797.36 3324.25 3214.54 3129.73 3177.17 4540.88 5295.75 3714.82 4295.09 4214.79 3536.49 3915.15 2990.47 3656.92 3423.07 3629.6 3013.37 3168.24 
6616.8 6421.62 6675.28 6559.36 5150.98 5563.32 6490.64 4123.68 5358.65 6496.09 6992.03 6749.3 5516.58 0 7053.49 5522.31 4370.11 10036.5 10863.3 11087.2 10479.3 9883.49 9598.03 8636.72 9400.85 9466.96 8849.77 10237.5 10827.1 10369.7 9693.77 11354.1 11127 10136.4 11466.9 8067.48 7001.48 6868.33 7529.12 7657.76 5354.65 8677.46 6515.22 4951.28 6362.32 7399.43 6671.55 7552.62 12829.8 10420.1 11400.9 12684.6 11237.7 8046.01 10057.9 11104.9 11448.6 6593.3 9517.91 9672 6630.92 7607.3 6530.93 7244.26 6510.29 7248.69 7958.29 9001.49 9910.86 6834.15 8649.14 8697.09 8592.37 7821.22 16952.2 9087.92 5025.99 6242.73 11549 6842.03 9256.95 7151.03 11071.8 7867.81 16569.9 6022.28 10001.5 6598.79 7246.94 5474.38 6488.56 7854.91 7077.92 7343.5 7217.64 7255.71 7417.66 7029.37 6967.23 7070.46 6872.6 7130.54 5823.52 7027.41 6555.06 5850.43 6703.89 5538.16 7369.33 6800.94 7211.13 6867.53 7494.9 7433.12 8334.76 7565.38 7409.49 7662.31 7109.8 8354.99 8526.69 7976.85 8374.88 7558.42 7844.35 7871.04 7462.13 8006.05 8016.86 7891.47 8664.2 8242.1 7339.7 8048.76 5489.63 7035.12 6081.11 5932.75 8197.48 5662.77 7198.33 5782.47 8496.95 5218.39 5681.2 5556.37 9709.67 5013.71 7709.05 6930.25 7961.35 5435.87 5808.98 4806.69 5101.35 5973.76 6097.15 6426.11 4875.58 4965.27 5147.72 5159.26 5108.76 4945.94 7605.91 8213.18 9714.98 9838.32 9474.22 10745.5 7619.05 7658.89 6940.95 7405.17 6591.65 5870.34 6044.28 7198.97 7071.27 8892.94 6288.7 6400.31 7414.13 6597.43 7586.51 6882.83 7229.22 7003.16 6664.14 6516.82 6903.27 7215.84 6306.98 6883.16 7051.08 6157.99 7106.49 6564.83 6293.87 6775.06 7729.87 7608.22 6606.71 7341.11 6608.2 4197.61 3948.82 4479.22 5181.05 5436.37 5038.23 4722.34 6667.82 7189.09 4983.85 4602.39 5112.61 5755.48 7662.85 8725.24 5145.16 5883.65 5335.28 5658.48 5351.32 5318.73 5773.1 4890.85 7773.29 5214.11 7827.32 7614.53 7026.59 7111.2 4523.29 5551.49 6175.36 6149.9 5488.35 5783.25 
4202.19 3949.01 3803.81 5135.14 3461.55 3443.2 3012.59 3675.88 4081.46 1954.95 4638.08 2483.66 4079.64 7053.49 0 5896.86 6732.55 5874.75 6443.45 7064.27 5761.15 5888.07 5071.28 6130.17 4978.16 5496.97 5955.07 6100.27 6309.11 6714.61 6444.69 7996.97 7932.35 6219.74 8048.13 4625.84 3503.68 3608.83 2981.08 2666.91 5113.35 5711.34 4879.13 5052.22 3781.66 6073.16 5102.07 4425.45 7888.59 6375.33 7032.15 8917.99 8189.27 3413 6257.85 6802.79 6820.72 4779.57 6829.46 7545.33 3807.11 4020.6 3078.58 4194.25 3341.71 4558.04 6075.25 6054.78 6330.97 6519.59 4777.78 5494.18 5166.26 4108.74 14214.6 7251.73 6300.89 6494.68 8879.36 5917.1 8277.7 6330.2 9824.64 6161.16 13721.4 7792.38 10301.4 3151.77 4160.69 3368.23 3650.26 3755.23 3973.56 3195.02 3454.78 3542.56 3700.93 3529.84 3585.7 3587.98 3565.44 3141.6 4769.21 3612.57 2731.92 2242.64 2550.08 3078.34 3346.78 3311.48 2770.48 2597.9 2818.65 2912.99 4041.16 2923.24 2888.85 2999.38 2644.39 3285.99 3927.17 3073.42 3010.99 2739.87 2831.15 2850.43 2659.45 3475.36 3262.42 3298.89 4145.19 3569 2990.5 3414.19 2714.06 6205.53 3364.63 3555.95 6360.82 2781.33 5504.06 3041.63 10460.4 2760.99 2955.33 3018.97 6639.28 3096.22 5336.41 3854.22 7610.58 2671.36 3105.42 2817.9 3497.53 3690.07 2869.08 3977.81 2660.7 2621.33 2385.85 2453.38 2445.53 2527.12 5670.4 5654.81 6484.12 6595.46 6200 7301.53 4786.43 4902.97 5606.82 6155.85 5233.65 4856.93 5327.21 5393.81 5678.46 3526.75 3800.86 3166.66 5868.19 4157.97 3593.8 5025.97 4682.65 4652.14 4170.49 3600.86 4902.79 4827.31 3823.04 3761.72 4207.52 3024.13 4338.83 4672.52 3916.43 5091.97 4620.07 4082.55 3794.2 4122.39 4736.62 3675.03 4483.42 3085.44 4532.36 3247.8 3167.26 3794.75 3588.59 3816.62 3511.4 3411.78 2955.1 3351.45 5421.89 6553.53 5149.8 6308.82 5281.33 4064.31 3074.25 3298.26 3724.56 5225.45 6973.94 5044.75 2295.35 5608.24 2624.15 2638.67 4807.92 5562.87 2957.43 3230.44 2441.17 2788.42 
6161.16 5715.66 6054.07 6980.33 3890.68 4624.86 4541.47 4653.9 5797.33 5562.22 6857.65 5444.05 5650.38 5522.31 5896.86 0 7223.46 8160.23 8857.43 9344.18 9154.93 8153.68 7987.17 6558.19 7544.42 7825.06 5938.67 8805.12 9233.21 9229.12 8564.16 10197.5 10039.4 9005.19 10337.3 6936.2 4676.83 5738.84 6313.5 6231.79 5726.55 9144.61 6422.71 5657.15 6886.7 7580.75 6455.29 8046.2 12281.8 10207.5 11302.2 12961.1 11987.5 6761.95 9997 10075.9 10983.7 7324.29 10074.3 9676.79 6287.91 7375 6487.16 6632.65 5439.32 6718.24 9416.97 9452.43 10233.6 8825.89 7979.17 8639.01 8153.31 7112.78 16358.3 9073.41 6385.05 7466.06 11034 5269.99 8004.83 6798.76 11918.3 8152.82 15832.4 8227.77 11412.1 4521.88 6078.2 3774.71 5296.2 6668.38 5925.82 5590.45 5002.01 6123.77 6285.25 5897.19 5825.24 5938.87 5741.54 6218.36 6706.74 6352.99 6043.27 4629.13 5305.41 4787.68 5232.68 5247.68 5757.59 5408.21 6325.14 5311.68 7205.14 6436.16 6228.46 6485.79 5350.75 7132.17 7397.07 6651.02 6936.52 6316.92 6517.63 6458.93 6147.22 6855.25 6860.11 6755.88 7507.45 7112.14 6055.92 6902.97 4101.16 7790.35 5273.83 5404.91 8018.42 4271.65 7142.27 4560.98 10371.7 4081.46 4136.53 4211.86 9490.87 4311.54 7164.33 6102.09 8227.59 4173.65 4677.87 3925.45 4856.32 5718.08 4612.19 5791.51 4281.98 4485.5 4213.94 4185.84 4474.54 4172.35 7198.06 8641.62 10016.7 10097.4 9746.89 10682 6802.81 8005.02 7747.49 8457.11 7395.33 6971.53 7092.55 7593.57 7972.91 8087.04 5821.29 5576.85 8160.49 6371.4 6165.03 7138.58 7430.89 6695.16 6132.94 6307.43 7174.45 6750.43 6136.93 6401.18 6809.18 5724.57 6731.51 6890.34 5920.01 6279.89 7713.3 7406.37 7116.23 7374.1 7668.99 4332.16 4939.53 4131.47 6112.54 4743.46 4463.12 4944.61 6237.91 6862.27 5402.55 5053.81 5123.56 5428.9 7479.55 8657.87 6462.85 7323.95 6627 5909.59 4682.94 4282.92 5687.9 4439.67 8712.05 6401 6555.71 7551.31 6212.51 6407.13 5777.48 6543.8 5726.24 5858.28 4142.46 4288.39 
5870.24 5746.36 5892.87 5504.39 5628.24 6112.91 6928.31 3989.21 4425.56 6154.32 5856.25 6350.3 4815.73 4370.11 6732.55 7223.46 0 9938.17 10766.2 10926.3 10327.7 9826.23 9439.25 9392.27 9239.51 9444.46 9909.22 10085.7 10686.5 10206.7 9542.18 11202.7 10865.3 9983.21 11261.5 7914.22 7010.49 6716.86 7374.46 7500.82 5582.48 7706.26 6710.82 5946.75 5400.21 6848.11 6216.73 6617.91 11965.6 9458.08 10208.9 11168.8 9898.18 7867.28 8622.37 10381.7 10215.5 5677.74 8672.45 9326.04 5824.1 6502.99 5833.31 6588.46 6272.88 6471.94 5929.6 7431.04 8510.23 5335.25 8049.89 7401.93 7559.03 7224.9 15810 8584.73 4904.67 5949.01 10554.7 8411.67 9860.77 7192.68 9791.63 7022.76 15943.6 6426.38 9552.73 7187.56 7091.99 6503.72 6348.05 7676.18 6903.84 7197.86 7204.39 7101.79 7263.27 6875.21 6803.27 6916.89 6719.56 6478.54 5056.81 6193.19 6077.8 5680.23 5839.63 5273.67 7014.35 6585.24 7121.99 6671.32 7328.72 7483.43 8183.16 7414.19 7257.66 7483.58 7211.8 8176.26 8375.09 7792.64 8212.2 7379.69 7685.53 7701.38 7294.49 7833.27 7838.13 7734.38 8485.47 8090.16 7409.34 7880.99 5730.69 6535.43 5477.32 5292.97 7667.22 5640.29 6710.01 5601.36 8548.51 5137.32 5996.89 5682.72 8805.36 5217.68 7100.68 6382.43 7726.28 5294.62 5655.89 5034.31 4476.42 5108.89 6331.76 5915.15 4686.78 4607.59 5132.77 5087.13 4587.88 4943.85 6967.4 6993.27 8373.57 8337.08 8062.49 9397.24 6884.46 6544.98 5600.32 5895.39 5351.96 4493.17 4677.67 5658.28 5497.59 8267.84 5337.45 5816.85 6311.87 5887.86 7168.06 6093.86 6081.91 6178.6 6127.05 5879.48 6101.51 6943.93 5529.84 6154.47 6315.92 5580.06 6434.49 5803.02 5840.59 5786.89 6465.54 6299.17 5406.13 5972.53 5284.85 4303.5 3562.99 4369.37 3697.88 4549.06 4759.85 4127.77 5699.58 6029.42 3826.85 3774.8 4333.96 4660.59 6617.68 7669.99 3936.06 4160.82 4115.51 4545.69 5204.6 5322.28 4712.67 5636.51 6620.48 4203.56 7217.85 6336.95 6427.6 6671.56 3448.78 4475.13 5601.28 5542.43 5595.05 5888.18 
7358.82 7055.28 7035.47 8571.87 6691.29 6357.73 5726.18 6717.12 7074.84 6054.02 7749.34 5756.08 7251.81 10036.5 5874.75 8160.23 9938.17 0 2967.29 3427.83 4190.66 3451.71 3419.63 4562.5 3603.36 3034.32 7494.49 3500.6 3750.81 5459.13 4627.68 6409.1 5811.94 5809.07 6662.98 4173.72 4315.98 4195.58 5022.87 4706.98 6377.03 8163.62 7837.41 7761.28 7091.58 9455.67 8479.88 7673.12 11455.1 9695.36 10257.9 12568.5 11835.4 5149.56 9447.02 9511.69 9767.09 7908.74 9407.01 11009.4 7412.16 7778.4 7165.13 7531.19 6961.74 7577.56 9029.8 8402.8 10061.6 9372.94 7895.73 8938.54 8024.96 7198.69 17421.2 10756.4 9465.75 10310.7 12015.3 7511.29 11857.3 9023.03 13874.8 9233.56 16834.5 11834.4 13787.4 5691.08 4728.43 5354.96 4641.92 5174.81 4451.02 4064.84 4927.67 4522.72 5002.72 4576.7 4728.54 4954.58 3993.94 6834.01 7413.4 6733.93 6958.36 5481.59 5619.6 6501.16 5807.34 6345.72 4885.06 4406.7 5620.75 4372.56 7018.93 5563.96 5584.37 5984.57 5077.11 6413.75 6631.01 6452.92 5841.13 5351.87 5742.58 5611.99 5520.72 5794.18 6221.43 5801.66 7322.95 6328.8 6185.81 5855.04 5290.38 9809.78 6547.77 6914.34 9446.61 4906.81 8884.32 4537.93 13997.1 5109.96 5235.36 5272.09 10193.5 6401.17 8572.24 7300.89 10964.8 4841.23 4760.8 5574.61 6869.03 6851.3 5158.31 7637.85 6090.78 5857.72 5244.94 5258.21 5784.11 5611.54 8847.75 9477.76 10509.4 10830.7 10499.7 11465.2 8064.83 8960.36 7879.32 9158.12 7640.41 8076.43 7713.47 7832.8 8674.36 7741.48 7022.12 5757.04 9189.81 7568.16 7289.25 8753.47 7926.29 7568.94 7553.86 6922.42 8098.82 8137.01 6778.94 6890.09 7803.05 6605.43 7369 8016.32 7037.57 8208.41 8106.62 8226.68 7618.54 7332.21 8877.85 6893.42 7700.61 5866.93 7690.3 6228.78 6565.62 6892.13 7239.77 7671.7 6592.46 6541.3 6093.17 6481.28 8570.35 9693.16 8142.09 9364.47 8344.71 6897.57 6490.07 6441.58 7098.93 8561.6 10535.8 8136.3 5393.77 8769.25 5686.93 5578.11 7953.89 8758.84 6482.44 6349.6 5400.59 4792.76 
8167.12 7888.07 7759.39 9224.7 7368.89 6985.38 6270.26 7588.32 7822.09 6804.52 8447.67 6579.97 8093.63 10863.3 6443.45 8857.43 10766.2 2967.29 0 3641.25 4857.07 4113.22 4622.13 4970.8 4984.12 3858.3 7475.89 4615.77 5078.82 5711.25 5461.72 6810.74 6354.76 6192.53 6789.27 4451.46 4843.74 4650.18 5701.55 5435.87 6742.09 8701.17 8158.38 8250.48 7799.74 10406.4 9396.26 8201.65 12044.8 10178.2 11020.4 13041.2 12225.2 5611.17 10288.4 10013.9 10573.2 8358.23 10088.1 11325.4 8145.91 8516.81 8132.69 8328.81 7774.52 8399.16 9874.03 9475.5 10806.5 10503.6 8693.64 9590.12 8732.02 7821.32 18252.1 11545.9 10380.4 11104.6 12859.6 7970.63 12338.4 9685.25 14543.3 10068.6 17616.3 12493.1 14532.8 6408.11 5504.32 6061.68 5363.71 5642.48 5265.72 4453.98 5423.31 5228.62 5626.88 5279.03 5343.08 5634.51 4841.41 7507.81 7925.88 7476.64 7570.29 6212.68 6325.99 7275.21 6394.57 7113.37 5396.15 5186.03 6414.19 5050.34 7476.35 6230.7 6258.83 6666.81 5717.34 6975.99 7080.88 6963.51 6397.98 6184.58 6464.85 6137.18 6237.96 6173.64 6630.51 6315.08 7790.61 6646.56 6634.46 6767.15 6178.26 10677.9 7301.98 7806.61 10323 5731.78 9732.72 5257.56 14861 6015.01 6066.51 6052.4 10854.3 7005.1 9413.73 8151.79 11764.8 5652.71 5457.96 6361.55 7678.33 7684.45 5815.42 8499.02 6908.58 6676.95 6038.2 6001.76 6573.09 6381.04 9611.93 9918.79 10877.9 11230.1 10986.2 11860.6 8765.71 9705.42 8673.56 9596.14 8208.69 8631.84 8280.13 8648.09 9134.6 8396.51 7765.5 6515.54 10031 8510.08 7882.02 9431.2 8609.6 8350.3 8277.65 7690.91 8926.3 8780.49 7645.69 7681.34 8376.94 7479.3 8278.55 8867.64 7697.91 8857.73 9038.68 9059.08 8382.75 8248.8 9561.45 7735.63 8549.44 6692.82 8532.81 7062.26 7395.55 7742.53 7925.68 8206.1 7445.89 7403.65 6938.68 7321.46 9413.15 10542.3 8971.68 10174 9065.09 7617.65 7383.02 7313.02 7768.57 9057.77 11290.1 8818.12 6083.62 9612.05 6449.22 6212.09 8805.1 9601.64 7121.62 7196.04 6354.76 5613.67 
8340.07 8071.13 8053.67 9717.55 7785.04 7459.76 6992.48 7720.71 8123.95 7358.77 8762.8 6872.12 8221.33 11087.2 7064.27 9344.18 10926.3 3427.83 3641.25 0 5265.95 3564.79 4433.12 5759.65 5111.27 3797.83 8692.74 3902.66 4378.02 6672.39 5383.16 7151.19 6836.87 6947.98 7396.04 5470.19 5715.39 5461.65 6535.65 6193.08 7652.58 9314.39 8792.73 8854.27 8191.32 10592.3 9786.89 9150.76 12764.6 11104.9 11641.5 14197.8 13252.7 6721.41 10786.5 10941.8 11243.7 8966.27 10837.2 12327.2 8668.96 8893.14 8430.84 8548.34 8107.39 8583.58 9978.73 9571.77 11148.9 10437 8884.49 9984.29 9000.6 8202.67 18401 11973.7 10772.5 11428.9 12995.1 8915.8 13011.3 10148.3 15292.7 10473.6 17800.5 13177.4 14991.2 7145.92 5205.97 6398.4 5342.33 6930.07 5334.02 5302.87 6361.72 5757.2 6377.9 5793.43 5979.08 6110.95 5257.4 8047.05 8685.2 7753.93 8144.19 6555.54 6788.93 7507.25 7010.93 7675.69 6375.33 5880.36 7070.7 5824.08 8230.03 6787.33 6948.02 7483.62 6279.6 7821.2 7966.3 7818.81 7155.47 6873.33 7143.05 7191.27 6911.23 7062.95 7610.86 7271.81 8638.22 7560.74 7499.72 7244.05 6509.29 11154.7 7675.45 8319.78 10537.6 6159.91 10021 5701.63 14964.7 6098.34 6362.58 6574.77 11468.5 7470.35 9694.54 8325.64 12146.6 5848.84 5871.01 6643.69 7930.93 7840.77 6312.88 8677.3 7129.48 6848.6 6275.59 6297.62 6768.3 6583.81 9898.38 10562 11559.9 11866.1 11493.4 12511.9 9244 9993.81 8837.03 10284 8784.69 9150.25 8897.24 8786.95 9805.52 9286.04 8069.33 6850.23 10228.2 8650.28 8647.67 9776.49 9196.72 8569.76 8554.43 8080.43 9132.55 9113.08 7841.56 7941.28 8910.94 7797.6 8658.5 9173.51 8059.31 9363.71 9378.21 9353.61 8794.69 8645.78 9860.66 7897.56 8687.95 6862.87 8670.59 7348.34 7684.85 7891.06 8210.41 8686.19 7617.45 7544.93 7090.31 7465.13 9550.07 10680 9204.73 10357.3 9398.18 8196.73 7676.93 7576.75 8187.86 9660.34 11667.7 9157.06 6729.27 9748.97 6803.22 6861.86 8991.37 9738.56 7758.99 7601.04 6527.61 5890.46 
7692.1 7369.27 7323.9 8880.18 7281.17 6725.18 6568.98 7084.79 7356.41 5847.05 8062.36 6081.19 7544.64 10479.3 5761.15 9154.93 10327.7 4190.66 4857.07 5265.95 0 4114.9 3942.78 6399.72 4875.2 3681.01 8629.99 3327.67 4235.49 5422.78 4556.62 6241.27 5872.41 5991.01 6429.53 4028.15 5778.5 4584.69 4129.85 4361.82 6814.58 8123.67 7916.21 8043.75 6956.22 9788.96 9056.43 7409.24 10730.6 9848.78 9984.31 12385.5 11692.6 4812.88 9166.69 9786.02 9534.2 8090.65 9346.81 11563.2 7459.76 7835.13 6697.2 7715.86 7184.68 7837.09 8714.62 7895.66 9729.5 9115.9 7957.85 8956.18 8181.01 7285.83 17707.2 10930.4 9758.36 10528.2 12323.2 8510.59 12549 9749.98 13962.9 9755.17 16997.4 11797.8 13781 5969.42 4515.29 5742.96 4817.92 3945.64 4323.93 5019.97 5353.89 4142.21 4700.61 4326.95 4651.34 4786.73 4336.41 7017.32 7743.15 7098.46 6912.35 6008.04 6413.47 6895.69 7047.01 6910.92 4946.07 4309.83 4861.25 5247.34 6621.51 4817.58 5040.6 5188.35 5353.75 5695.25 6186.31 5941.55 5430.91 4690.2 5129.37 4978.16 4839.15 5517.94 5674.24 5356.68 6695.45 5833.41 6174.54 5015.36 5558.35 10120.6 7057.78 7338.21 9729.85 5345.47 9061.77 4806.55 14041.1 5565.8 5871.71 5797.42 10366 7002.2 8880.63 7563.49 11484.5 5236.39 4781.61 5943.03 7218.79 7169.2 5598.89 7916.62 6336.2 6133.22 5631.26 5800.34 5988.96 5863.66 9023.85 9562.29 10473 10704.8 10139.6 11578.2 8441.3 8781.2 8226.53 9559.61 8088.88 8482.45 8216.84 8100.26 9124.19 6789.88 7663.84 6854.86 9083.43 7667.19 7694.66 8757.41 8072.1 7766.13 7566.3 6946.8 8210.14 8097.68 6820.93 6894.65 7865.28 6587.01 7505.93 7926.58 7315.11 9001.54 7936.68 7698.88 7430.13 7367.4 8724.55 7246.61 8012.28 6190.47 8001 7027.89 7131.44 7207.86 7337.56 7649.82 6928.7 6853.1 6391.76 6805.52 8878.5 10001 8492.58 9728.33 8662.11 7655.71 6902.89 7218.57 7638.8 9221.33 10930.1 8503.68 5546.57 9077.4 5728.75 5476.84 8414.63 9066.99 6930.01 6433.17 5485.92 5255.84 
