240 240
0 3589.16 1841.38 2900.04 4948.6 5699.11 3665.98 4204.48 3025.75 3194.9 3512.11 2666.2 3718.11 3400.31 3450.93 2869.29 5735.59 6616.8 4202.19 6161.16 5870.24 8208.73 8340.07 7839.24 8010.59 7321.48 7692.1 7239.87 6800.23 7059.8 6882.36 7530.18 7446.91 7041.55 7056.42 8701.71 8279.01 7500.39 8680.29 4653.04 4505.78 4620.36 4235.26 4762.7 3988.44 3946.47 4343.3 7440.23 6032.46 6061.82 4874.34 4580.98 4503.21 6392.95 7204.68 5871.21 8288.34 6224.77 7245.26 8160.32 5253.02 6018.55 7510.37 7662.95 7902.73 5465.07 4042.11 3963.71 3027.18 3651.4 3454.29 3016 7394.92 6354.64 6334.22 7380.1 4210.54 3417.33 5528.48 4286.54 3564.4 3662.74 10972.8 10933.8 7198.86 6353.9 5701.84 7785.9 8825.58 5043.44 8735.59 5664.02 12992 7282 8719.31 8539.24 4591.78 4049.37 5117.81 4389.46 4595.88 3977.31 4566.15 4566.55 4803.45 4390.04 4312.91 4340.88 4428.38 4224.27 4651.05 3665.67 4066.99 4163.97 3099.52 3223.19 3361.75 4212.74 3706.27 5736.9 4907.18 4663.29 4881.72 5052.3 5606.11 5125.43 5382.41 4732.75 5630.25 5090.97 5178.05 4741.09 5350.92 5274.29 6040.77 5557.43 5042.5 5376.72 5561.93 5062 5423.28 3556.57 5321.66 4025.54 4478.21 4153.09 3175.24 8738.78 2932.32 3879.58 4843.5 3707.21 4722.02 3507.81 2910.41 3235.88 3095.29 3050.75 2124.03 3949.4 2460.37 3421.83 2551.85 2733.25 2961.56 2277.09 4470.86 6479.28 6850.86 7414.78 7451.22 6777.09 7889.85 4119.04 4398.66 5380.25 5950.8 4658.1 5697.64 5546.44 4627.83 3740.25 3696.65 3196.09 3542.8 4122.34 2220.8 2182.5 4249.6 3077.97 4682.12 2970.19 3812.12 4097.1 3279.67 3172.25 3059.43 4374.23 2811.07 3030.38 2560 3035.46 3065.8 3381.48 3140.9 4861.82 4253.15 4379.67 4727.79 4601.63 5318.46 3393.42 2781.97 2853.48 2826.77 3590.49 3138.63 3703.41 2874.96 2476.22 3591.31 4443.05 6028.24 5684.08 4983.47 3953.67 4377.44 3884.4 5062.59 5674.86 4478.9 4457.99 4278.6 3839.5 4197.76 3432.22 3431.78 5349.85 6063.86 5502.79 
3589.16 0 3213.19 3122.18 6777.06 6626.62 3290.05 3803.12 3507.36 3027.19 3104.97 3071.01 3218.9 2503.15 3520.12 3309.03 5317.58 6421.62 3949.01 5715.66 5746.36 7882.24 8071.13 7543.14 7698.96 7032.78 7369.27 6887.18 6539.99 6620.83 6569.1 7105.37 7117.35 6809.03 6649.97 8325.98 7998.57 7133.47 8443.2 4359.74 4086.32 4280.16 3861.39 4501.07 3703.53 3613.47 3446.9 6907.26 5452.45 5664.18 4663.22 4911.93 4809.7 5969.19 7010.53 5517.2 7884.31 7509.43 7643.64 9013.73 4936.63 7639.14 8645.14 6520.09 8069.77 4896.13 3467.45 3584.55 3631.28 3672.04 3680.76 2987.7 5308.78 5785.62 5333.47 5390.83 5744.46 5311.08 3878.94 3660.54 4118.3 4488.21 11994.2 10418.8 6878.88 4661.3 6881.67 7363.64 7569.42 4934.31 8793.38 5366.32 13273.1 6371.99 9099.04 9199.32 4179.76 3658.5 4782.68 4022.88 4348.72 3599.29 4287.15 4176.17 4371.34 3991.38 3898.72 3926.52 4040.76 3839.72 4355.87 3158.31 2972.97 3433.31 2665.81 2984.1 3607.05 3902.18 3412.41 5327.91 4598.66 4378.05 4543.71 4660.46 5287.64 4850.5 5052.56 4404.75 5344.14 4793.79 4866.48 4424.98 4996.62 4909.64 5618.9 5212.77 4689.49 5045.58 5158.71 4695.72 5025.86 3065.25 5413.35 3770.94 5428.8 4705.17 2812.32 9838.79 2613.9 3477.72 4452.17 3342.04 4656.6 3632.85 2547.5 2840.83 2707.79 2397.53 2371.59 3446.63 2755.85 3327.36 2552.64 2381.9 2637.29 2047.51 4964.22 5584.38 6514.35 5837.93 6118 5424.85 5752.44 4527.9 4832.05 4413.74 5292.42 4085.46 5290.97 4508.35 3417.52 2321.31 2123.45 3483.22 3614.68 2596.56 1832.42 2308.6 4934.65 3839.13 3609.46 4375.88 2975.72 2762.69 3117.11 4360.54 3835.07 3737.83 3400.47 3157.97 4066.44 3037.96 4530.04 4483.44 2842.89 3251.98 3122.63 2890.23 3014.04 3516.72 4355.3 3186.01 2599.57 2764.71 2774.35 4644.56 2512.81 2936.33 2670.16 1697.87 4163.74 5296.56 6415.71 5672.63 4079.64 3187.76 3534.17 3467.6 4533.83 5719.83 5036.43 4471.43 2749.24 3716.58 3824.58 2853.91 2975.18 4861.2 5803.08 5151 
1841.38 3213.19 0 2284.65 4825.43 5509.32 3372.7 3816.31 2463.07 2839.11 3187.16 2345.7 3073.81 2881.03 2856.08 2487.91 5498.48 6340.92 3671.31 5781.65 5660.26 7529.17 7661.4 7132 7284.76 6685.9 6977.19 6588.8 6171.46 6451.26 6215.41 6919.66 6737.05 6300.91 6288.26 7975.21 7472.75 6784.93 7912.73 3995.05 3770.98 4002.46 3540.16 4109.19 3401.22 3295.58 4014.55 6830.95 5392.35 5426.32 4353.75 4313.05 4193.55 5822.53 6717.69 5262.5 7833.81 6168.89 6709.15 8148.62 4592.24 5911.52 7020.98 7039.59 7173.85 5021.52 3694.35 3766.02 2454.85 2872.36 2826.79 2195.9 7258.44 6338.88 5903.55 6973.15 3805.62 3336.85 5029.06 4036.16 2668.23 2803.94 11429.6 10996 6894.48 6209.9 6184.84 7348.28 8772.74 4629.33 8670.41 5639.39 12151.3 7104.76 8286.24 8776.2 3765.73 3518.21 4453.48 3630.82 4057.95 3276.86 3900.3 3820.83 4038.3 3672.56 3610.13 3608.6 3731.1 3507.59 3900.8 3384.25 3715.53 3740.57 2652.73 2733.82 3111.38 3649.59 3062.43 5043.05 4245.92 4046.78 4207.86 4416.52 4883.74 4549.15 4757.87 4128.75 4959.07 4487.21 4515.62 4101.25 4647.73 4588.78 5239.6 4838.5 4424.8 4717.03 4875.08 4358.29 4730.42 2924.66 5096.32 3875.07 4338.61 3777.29 2580.83 8583.08 2315.84 3296.42 4205.37 3105.57 4302.47 2898.2 2327.13 2654.66 2572.81 2663.78 1903.23 3188.25 1929.44 3236.5 2093.43 2133.17 2486.22 1768.34 4148.35 5985.18 6417.56 6963.51 7043.72 6403.75 7552.5 3893.87 4030.83 5099.47 5669.24 4293.44 5288.74 5196.47 4413.37 3530.27 3389.44 3037.14 3180.03 3989.87 1640.48 1488.12 4217.31 2650.04 4491.91 2783.53 3494.06 3722.56 3000.5 2783.79 2629.67 4204.39 2429.27 2884.86 2295.55 2739.35 2720.28 3078.45 2732.19 4524.16 4120.32 4175.69 4519.81 4317.96 4918.47 2860.07 2286.69 2670.41 2461.76 3274.11 2946.15 3331.06 2492.03 2200.92 3235.22 4150.65 5480.68 5653.16 4820.39 3712.05 4271.56 3546.14 4837.68 5535.47 4148.69 3807.9 4081.58 3008.65 3490.29 2854.22 2789.97 4811.98 5504.4 5059.28 
2900.04 3122.18 2284.65 0 4950.63 5116.9 3878.79 4024.4 2333.39 3147.81 3410.15 2672.47 3167.12 2330.13 3065.44 1863.89 5786.02 6675.28 3803.81 6054.07 5892.87 8003.09 8053.67 7570.08 7630.96 7046.08 7323.9 7023.4 6517.14 6738.41 6625.31 6949.87 7150.51 6203.09 6364.36 8140.34 7584.95 6738.53 7866.64 4265.3 4005.66 4190.46 3730.63 4340.61 3533.09 3411.36 3922.87 6952.26 5492.7 5742.73 4579.94 3919.29 4404.09 6093.04 7163.09 5565.34 7091.81 7175.87 7189.59 9286.28 4791.52 7057.95 7604.5 5926.68 7285.05 5235.75 3718.33 3726.65 1884.44 2269.64 2247.22 1456.72 7058.74 6962.32 6055.77 6810 4377.38 4037.52 4897.76 4161.87 2421.81 3176.52 10977.6 11696.4 7266.45 6175.95 6125.57 7668.05 8098.7 5042.36 9541.25 6200.35 11136.6 7320.43 8342.19 8912.52 4164.73 3678.85 4598.35 3863.64 4277.32 3551.38 4095.92 4066.79 4106.52 3848.75 3649.16 3894.52 3755.41 3797.51 3923.73 3319.71 3692.36 3617.97 2739.06 2831.04 3264.7 3816.25 3404.66 5003.66 4351.31 4207.05 4034.78 4395.22 5035.13 4675.17 4735.77 4225.66 5091.51 4606.54 4634.81 4185.6 4666.97 4601.26 5351.52 4963.71 4530.26 4771.56 4880.56 4596.6 4924.22 3240 5385.75 4079.56 3713.56 3634.21 2736.8 8377.64 2592.23 3650.19 4607.87 3399.75 3338.95 2357.32 2542.65 2694.77 2723.08 2622.86 2003.8 3428.25 2203.67 3490.36 2539.66 2390.59 2730.6 1834.24 3667.86 6001.63 6457.46 6850.55 6933.59 6185.81 7317.91 3558.44 4001.92 5040.28 5565.37 4201.17 5328.82 5060.04 4099.36 3261.43 3209.41 3518.22 3471.81 3853.7 1767.37 1237.65 4958.61 3147.48 4599.24 3616.43 3405.21 3557.38 3208.78 3789.52 3117.43 3968.22 2773.58 2991.47 3198.37 2847.59 3588.18 3731.06 2686.96 4460.74 4012.41 3790.43 4389.06 4228.95 4905.57 3265.33 2622.83 2863.05 2783.33 3931.74 2682.34 3032.04 2728.02 2067.23 2732.51 3779.47 5240.45 6139.98 4753.77 3748.37 4039.38 3659.21 4645.19 5646.55 4526.89 3961.39 4091.27 3206.21 3573.33 3038.31 3060.79 4983.67 5879.96 5379.99 
4948.6 6777.06 4825.43 4950.63 0 4657.35 7182.96 6770.81 6058.58 6700.39 6427 6273.18 6153.77 6303.62 5608.78 5319.79 9400.09 9948.09 6623.37 8760.34 9495.21 10886.8 11000.7 10473.3 10873.6 9937.65 10367.7 9901.29 9462.38 9757.19 9539.12 10138 10223.6 9871.11 9790.01 11645.9 11145.4 10145.3 11500.9 7269.86 7455.57 7075.96 7281.17 7416.91 6713.67 6619.27 7608.18 10254.3 8952.92 9067.98 8015.24 6239.36 6308.82 9345.46 7953.44 8977.46 7861.3 7720.25 7544.77 9635.25 7989.75 7761.04 7322.53 7460.35 7646.31 8836.35 6945.89 7113.93 4729.26 4792.14 5394.6 4909.33 10777.4 8933.9 9601.95 10531 5096.5 5328.93 8887.17 7408.8 4938.79 4935.57 9481.17 12597.1 10142.5 9668.85 6206.33 10058.2 10571.7 7457.26 10740 8334.59 12735.1 10385.2 11166.8 9686.75 7514.82 6771.05 7908.29 7286.11 7242.69 6884.62 7386.75 7423.63 7472.63 7183.17 7036.85 7211.85 7025.42 7228.3 7435.01 6407.95 6780.79 7076.59 5819.39 5670.83 5877.94 6783.5 6305.85 8308.32 7577.25 7362.81 7588.58 7492.33 8099.77 7624.57 7783.99 7254.67 7921.81 7562.15 7537.86 7172.18 7994.95 7868.82 8683.63 8213.91 7702.64 7968.28 8174.47 7523.2 7990.98 6186.57 7659.97 6794.79 5373.56 5951.13 6148.56 8872.49 5698.31 6412 7059.69 6290.36 6356.33 5227.43 5912.29 6161.84 5978.56 6052.28 5505.66 6444.61 5548.4 6418.03 5704.02 5504.7 5778.36 5330.24 6893.57 9771.72 10061.5 10653.4 10537.7 10040.7 11309.5 5975.51 6312.25 8906.78 9622.48 8224.8 9238.86 9070.89 7988.38 6740.97 6565.1 5722.13 6230.35 6771.27 5212.76 4689.88 7396.39 5689.13 8055.87 6028.83 7188.6 7316.64 6601.67 6105.75 6075.66 7472.69 6140.17 6420.53 5594.21 6137.04 5348.73 6373.98 6606.12 7737.29 7376.1 7693.9 8006.1 7719.28 8651.46 6461.26 6053.25 5981.5 6413.93 5761.45 6457.61 6952.11 6344.88 5948.45 5530.95 5297.83 7702.11 8860.7 8825.37 7617.15 8205.13 6852.14 8024.11 7322.27 7683.6 6716.9 7676.49 6377.43 6914.97 5849.94 5795.13 7486.95 8672.52 7962.53 
5699.11 6626.62 5509.32 5116.9 4657.35 0 7041.73 6808.41 6453.89 6971.62 6276.65 6441.09 6979.81 6388.07 6652.02 5528.05 9153.91 9313.88 7496.77 8337.85 9539.66 11754.1 11913.5 11454.9 11642 10847.7 11341.6 10727.8 10422.2 9903.95 10318.5 10199.3 11074.8 10404.6 10426.6 12228 11646.9 10909.5 12043.2 8285.98 8043.05 7679.05 7780.82 8400.25 7573.43 7498.71 8074.38 11171.7 9068.7 8816.19 8788.28 6492.97 6702.29 10317 8593.68 9742.71 8248.96 8786.03 8353.05 10915 8885.35 9287.28 8483.12 7458.28 8303.01 9133.05 7735.6 7774.84 5185.85 5594.35 5537.06 5231.77 11028.5 10084.7 10204.8 11044.1 6231.17 6639.1 9051.19 7614.82 5530.91 5854.19 10105.1 12949 9948.5 9069.04 7545.48 10019.9 10621 7255.71 11707 8794.82 12492 10472 11169.6 10056.3 8127.28 6816.59 8707.15 7967.8 8115.86 7523.97 8213.27 8117.1 8225.92 7939.17 7746.84 7867.23 7835.48 7783.52 8010.64 7002.22 7369.54 7626.1 6231.88 6336.27 6202.65 7668.59 7150.46 9186.44 8478.15 8292.88 8232.98 8534.7 9209.65 8740.2 8763.16 8292.93 9103.87 8701.9 8644.59 8270.9 8876.43 8798.34 9549.43 9154.12 8265.55 8936.95 9029.91 8618.88 8944.95 6444.22 7391.77 7479.05 5205.42 6118.96 6624.15 8831.66 6258.61 6764.17 7538.64 6660.66 6490.38 5641.34 6354.06 6719.85 6028.39 5995.66 5695.54 6945.93 5966.9 6665.11 6204.74 6054.52 6306.94 5663.12 7046.38 10212 10774 11079.9 11103.9 10305.9 11467.2 6525.65 6869.13 9119.37 9848.43 8532.31 9609.11 9308.91 8257.72 7002.22 7028.54 6239.78 6957.48 6477.78 5683.86 5176.36 8085.42 6427.89 7906.68 7065.77 7016.2 7055.22 6883.16 6646.26 6578.72 7356.16 6542.44 6528.8 6335.22 6364.12 6231.46 6910.46 6379.81 7797.39 7797.37 7924.31 8249.53 8293.19 9172.04 6411.29 6275.14 6479.14 6370.5 6342.5 6621.64 7128.71 6802.79 6121.05 5898.64 5890.75 7718.46 8955.23 8591.1 7502.93 8042.93 7412.24 7578.06 7572.12 8031.71 7996.59 7801.38 7312.98 7735.51 6424.9 6503.75 7709.41 8787.97 8145.71 
3665.98 3290.05 3372.7 3878.79 7182.96 7041.73 0 5084.6 3459.51 4054.72 4515.9 3476.95 4538.97 3081.53 4569.62 3727.24 5654.02 6559.36 5135.14 6980.33 5504.39 9515.58 9717.55 9150.18 9288.11 8586.36 8880.18 8503.01 8173.31 8039.85 8166.17 8242.9 8756.4 7894.71 8045.86 9713.36 9279.22 8376.1 9558.44 5893.04 5579.27 5766.24 5326.16 5928.94 5189.52 5068.21 4134.81 7403.31 6650.22 6539.81 5201.4 4859.61 4464.27 6158.72 6626.69 5711.85 8622.91 6637.54 7227.66 8331.42 6227.6 6736.08 7869.64 7272.02 7949.05 5511.48 3916.35 4330.67 4324.33 4607.02 4475.51 3965.27 5842.62 6022.55 5247.27 5686.44 5803.99 5474.8 4506.38 4370.12 4815.22 4842.56 12485.9 9706.76 6811.33 4760.92 7373.35 8564.11 7340.41 4648.36 7789.97 4463.02 14384.3 6289.47 8623.89 7925.61 5744.64 5167.46 6093.75 5441.56 5834.43 5150.63 5627.78 5588.59 5709.86 5396.14 5261.96 5442.37 5444.27 5347.34 5611.86 4466.95 4399.37 4604.05 4215.33 4242.99 4572.48 5478.12 5063.94 6550.46 6032.46 5760.38 5803.84 5998.73 6549.29 6305.07 6213.4 5907.41 6502.34 6264.54 6159.56 5806.98 6205.25 6131.42 6831.26 6366.03 5820.76 6378.46 6445.03 6187.12 6514.82 4491.39 4481.9 4267.51 5560.18 4337.98 4476.34 8529.97 4134.97 4863.38 5690.96 4525.89 5145.66 4335.88 4195.04 4480.29 4082.61 3179.44 2767.96 4826 3236.6 3528.69 3768.32 3921.64 4171.8 3451.71 5381.56 5660.35 6241.82 6034.17 6310.95 5381.66 6511.84 4490.71 4681.61 4505.81 4905.88 3687.47 4903.81 4408.39 3721.9 2987.92 3469.7 4291.07 4082.83 3768.59 3514.02 3558.95 4899.09 4196.19 4343.03 4106.01 4024.22 4159.31 4028.08 4281.31 4318.58 4747.97 3685.01 4079.61 4042.71 4069.35 4709.57 4848.74 3229.46 3530.83 3676.22 3706.33 3818.09 3710.66 4120.41 4496.06 3930.12 3365.65 3078.3 4934.2 3304.42 3491.53 3255.26 2797.42 4325.93 5006.32 6420.43 4861.11 3778.33 3242.01 3278.58 3709.35 4772.26 4616.08 4637.11 5501.55 3964.74 4750.61 5111.79 4271.2 4443.23 6210.46 6657.62 6507.68 
4204.48 3803.12 3816.31 4024.4 6770.81 6808.41 5084.6 0 3896.14 3289.48 2156.86 3085.25 3051.95 4795.47 3309.27 3778.51 5066.96 5150.98 3461.55 3890.68 5628.24 7568.88 7785.04 7322.67 7907.72 6884.32 7281.17 6701.58 6439.1 5894.14 6273.05 6433.75 7105.13 7174.05 7038.55 8617.93 8528.04 7203.14 8805.35 4290.29 4573.68 3744.67 4298.28 4459.41 3703.15 3628.63 4463.79 6901.69 4693.79 4207.93 4855.76 5645.34 4587.9 6076.42 8116.84 5769.66 9536.87 7591.08 8587.64 10372.9 4684.94 7687.15 9727.67 7973.08 8325.23 5037.69 4855.27 4129.37 4578.49 3402.14 4845.31 3950.35 8067.06 8427.41 7061.4 7595.87 6215.65 5719.64 6285.2 5890.09 4578.58 4866.9 14370.6 11150.4 5263.59 5681.34 9086.9 4709.78 8066.61 5681.26 9724.3 6386.98 13959.6 5458.98 6909.57 9306.03 4571.16 3407.98 4950.8 4438.67 4049.49 3978.07 4404.9 4453.01 4633.86 4204.15 4202.49 4221.46 4278.7 4212.31 4649.89 3917.14 4079.6 3840 2576.84 2916.51 3540.98 3974.86 3254.71 5319.03 4573.91 4296.17 4838.93 4487.58 5072.91 4542.76 4714.05 4254.51 4993.1 4574.95 4702.88 4215.55 4882.27 4829.56 5655.39 5139.76 4225.53 4962.8 5148.55 4535.8 4972.51 2739.69 5814.98 3755.39 5849.49 4953.07 3282.5 8970.56 2744.14 2931.16 3183.5 2663.59 5170.56 4056.95 2844.45 3321.06 2535.35 3092.34 3781.29 3179.34 3237.23 3409.78 2598.57 2456.58 2523.55 2483.28 5131.07 6538.39 7321.1 7650.01 7558.11 7456.61 8285.99 5222.54 5844.26 5893.67 6446.92 5053 5796.72 5988.5 5376.62 3944.32 4388.85 4434.36 3503.7 4482.64 2510.66 3014.96 6073.19 4228.28 4981.87 5445.38 4562.22 4219.99 4151.91 5187.81 4199.11 4586.85 4357.05 4164.09 4724.55 3524.48 4645.79 5000.79 3795.74 4841.51 5398.94 5027.79 5612.83 4708.77 5514.62 2571.11 2580.87 3056.54 3192.26 4474.17 4026.06 4527.41 3633.84 3496.38 5515.43 6729.75 4902.69 6554.74 5756.63 4531.42 4826.55 3785.8 3682.43 6674.56 4579.28 4223.95 5694.38 3749.75 4060.84 2607.7 2948.17 3525.98 3935.29 2932.23 
3025.75 3507.36 2463.07 2333.39 6058.58 6453.89 3459.51 3896.14 0 2283.4 3091.43 1890.15 3408.2 2567.71 3181.11 1798.8 4441.38 5358.65 4081.46 5797.33 4425.56 8062.05 8123.95 7628.81 7749.01 7124.82 7356.41 7077.89 6630.25 6853.99 6679.84 7174.82 7235.17 6452.82 6482.34 8271.19 7705.52 6961.32 8042.29 4432.98 4096.15 4415.32 3844.15 4574.32 3772.64 3666.62 3601.71 5891.76 5545.61 5059.24 3490.19 4265.07 3889.25 4966.12 6547.49 4271.17 8338.48 6487.98 6861.86 8420.42 4945.22 6057.23 7195.63 6777.93 6876.79 4181.65 3742.2 3346.89 2882.73 2886.35 2979.45 2233.99 6474.8 6895.05 5122.41 6304.38 4902.57 4416.97 4502.37 4452.4 3189.42 3606.41 12681.2 10808.7 5697.98 5418.24 7316.89 7231.28 7924.98 4765.01 8838.12 5548.47 12493.5 5722.2 7060.27 8606.91 4214.48 3930.41 4835.15 4034.47 4494.33 3612.99 4336.39 4145.46 4217.69 3985.87 3844.45 3977.54 3889.02 3877.12 4130.89 3742 3794.07 3574.08 3121.03 2978.02 4017.74 4023.59 3643.81 5306.64 4503.66 4361.83 4392.66 4629.29 5213.27 4896.21 5060.44 4438.16 5285.68 4782.65 4823.42 4422.65 4907.61 4830.45 5575.41 5114.04 4747.75 4954.82 5113.33 4779.77 5065.61 3331.87 4594.46 3388.18 4750.72 3721.64 2968.06 7890.99 2557.48 3528.06 4388.23 3351.89 4138.12 3013.13 2796.14 3006.02 2792.22 2477.08 2161.76 3614.37 2059.19 2750.77 2278.43 2484.88 2704.63 2092.67 3976.51 5136.68 5421.06 6404.74 6175.33 5819.9 7217.24 3848.87 3798.15 4093.09 4565.44 3199.77 3925.66 3994.12 3676.75 3148.73 3654.47 4247.32 3180.61 4361.11 2060.23 1534.44 4271.53 3107.05 4298.25 3269.88 3718.72 3934.31 3366.61 3259.83 2908.11 4615.09 2872.37 3395.1 3226.2 3060.62 3589.28 3677.48 3052.85 4270.62 4147.65 4063.22 4494.3 3588.64 4086.05 3065.5 2194.05 2127.69 1999.07 4057.18 3204.63 3363.38 1911.75 2274.24 3429.97 4472.23 4449.19 4963.22 3730.3 2733.72 3279.61 2623.25 4272.96 4967.13 3149.59 4099.96 4008.26 3332.75 3718.28 3141.28 3206.79 5166.79 5105.9 5310.93 
3194.9 3027.19 2839.11 3147.81 6700.39 6971.62 4054.72 3289.48 2283.4 0 2240.39 1948.89 3098.09 3543.94 3326.14 2468.45 3719.36 4522.7 3582.81 4836.09 4251.89 7153.5 7285.43 6784.89 7033.83 6208.12 6561.38 6116.25 5663.67 5906.12 5757.13 6439.77 6347.02 5982.48 5784.43 7469.49 7237.24 6323.4 7611.92 3808.1 3194.47 3677.57 3046.15 3864.74 3131.55 2929.4 3408.44 5234.73 4587.73 4166.68 3132.13 4864.36 4463.28 4814.39 7482.58 4366.99 9181.24 7151.52 7546.97 9359.05 4392.78 6915.44 8193.72 7655.14 7938.55 3682.11 4132.73 3174.37 3753.41 3575.74 3716.45 2932.81 6713.92 7272.96 5496.88 6495.22 5538.77 4927.58 4997.09 4653.67 3810.06 4089.51 13422 11521.5 4972.16 5348.11 8050.59 6302.57 8591.94 5242.23 9684.77 5943.72 13087.3 5285.32 7470.32 9377.45 3564.56 3176.96 4241.59 3332.46 3785.19 2981.41 3727.49 3482.38 3665.33 3281.83 3186.37 3339.37 3400.25 3056.73 3727.84 3638.02 3533.94 2979.48 2581.98 2769.05 3835.65 3180.87 2841.72 4733.53 3851.96 3702.78 3692.91 4041.78 4737.3 4200.43 4444.52 3863.99 4572.15 4158.34 4265.09 3852.68 4314.5 4079.09 5054.67 4511.88 3978.21 4400.6 4347.85 4175.23 4174.04 2408.05 5210.83 3206.96 5200.68 4353.37 2170.05 8832.5 1720.79 2537.04 3571.66 2496.29 4818.14 3772.39 1917.4 2169.88 1886.08 2504.25 2636.79 2881.41 2260.76 2494.65 1677.04 1884.2 1920.72 1847.95 4591.24 5069.62 5756.85 6360.08 6227.39 6182.03 7222.14 4643.56 4580.73 3996.76 4806.04 3447.2 3945.68 4158.69 3365.54 3085.13 3814.85 4477.42 3345.04 4331.46 1652.99 2146.61 4571.36 3417.91 4126.76 4031.57 3506.87 3647.55 3008.02 3637.26 3058.04 4513.71 2988.17 3266.68 3637.94 2981.06 3733.28 3635.18 3270.43 4153.72 4368.97 4197.47 4513.95 3442.64 4150.74 2324.79 1284.39 2228.76 2020.32 4589.14 3229.31 3763.97 1999.63 2304.18 4230.37 5325.49 5053.88 5324.98 4012.97 2854.85 3268.89 2666.95 4073.07 5661.65 3460.83 4072.2 4167.11 3338.54 3330.94 2326.83 2541.14 4440.25 4284.14 4328.08 
3512.11 3104.97 3187.16 3410.15 6427 6276.65 4515.9 2156.86 3091.43 2240.39 0 2335.55 2887.59 4220.33 3236.8 2946.5 4155.78 4184.97 3441.77 3724.99 4899.02 7355.77 7669.4 7097.16 7268.44 6533.93 6933.68 6461.13 6036.7 5531.28 6056.77 6407.25 6706.59 6551.69 6393.28 8017.83 7811.82 6802.51 8179.21 3923.23 3734.01 3692.8 3439.62 4029.63 3269.92 3268.65 4119.03 6402.19 4230.38 3592.92 4281.27 4974.49 4368.14 5790.14 8038.86 5203.55 9522.52 7698.38 8473.64 10103.9 4497.23 7495.34 9258.44 7801.81 8510.01 4658.03 4690.57 3776.8 4005.05 2995.18 4035.61 3262.3 7696.89 8166.58 6600.33 7457.56 5756.85 5335.8 5911.21 5504.82 4073.3 4469.4 13694.7 11163.9 4973.23 5218.42 8366.59 4994.31 8535.04 5333.98 9912.23 6170.05 13216.1 5519.93 6961.19 9263.38 3872.66 2933.47 4344.18 3714.9 3914.7 3258.03 3912.64 3786.04 3990.5 3666.71 3596.83 3625.61 3736.23 3410.42 4075.98 3827.12 3918.94 3297.03 2579 2893.93 3418.28 3361.25 2966.87 4974.76 4161.21 3993.84 4270.13 4199.9 4880.97 4367.36 4583.04 4012.59 4891.84 4353.53 4430.84 3996.7 4549.23 4432.74 5254.43 4882.2 4042.59 4582.58 4755.65 4277.73 4572.78 2271.24 5271.9 3292.15 5245.06 4660.38 2495.82 8408.97 1986.38 2662.34 3268.09 2378.79 4762.41 3675.64 2134.53 2555.08 1709.82 2380.87 3037.92 2822.49 2536.55 2899.52 2042.11 1843.01 2060.42 1846 4585.82 5997.02 6848.13 7313.02 7024.31 7033.21 7991.94 4897.89 5365.81 5149.14 5810.31 4301 5059.65 5244.84 4612.19 3569.63 4138.36 4142.84 3533.52 3969.23 1749.79 2248.22 5456.17 3764.82 4459.9 4702.8 4037.15 3660.79 3567.31 4367.5 3623.79 4079.42 3543.52 3757.74 4075.48 2927.98 4131.42 4108.71 3298.79 4553.17 4953.16 4645.68 5227.41 4334.87 5037.32 1629.55 1772.03 2579.52 2405.3 4321.25 3606.34 4190.6 2786.63 2761.73 4796.41 5970.23 4671.19 5990.45 4972.94 3721.33 4225.88 3596.62 3315.02 6377.31 4001.13 4229.87 4879.55 3605.98 3599.08 2110.7 2367.32 3593.46 3880.22 3249.7 
2666.2 3071.01 2345.7 2672.47 6273.18 6441.09 3476.95 3085.25 1890.15 1948.89 2335.55 0 3342.51 3102.98 3075.42 2039.19 3735.12 4716.61 3947.06 5067.22 3937.18 7803.76 7998.79 7519.32 7631.88 6951.51 7361.02 6828.65 6504.27 6596.91 6504.44 7113.12 7092.47 6590.21 6589.7 8242.71 7796.73 7056.74 8246.67 4360.94 4059.4 4265.92 3816.91 4437.92 3725.31 3599.29 3789.49 6193.92 4747.29 4420.29 3938.52 4134.8 3921.97 5510.29 7114.53 4866.13 8785.3 6884.65 7399.46 8925.57 4938.15 6529.15 8034.31 7188.76 7604.87 4302.4 3695.08 3364.17 3246.77 2960.17 3333.49 2576.63 6691.99 7018.08 5490.79 6644.78 5200.95 4739.2 4808.51 4559.44 3428.38 3892.67 12856 10735.7 5251.94 5083.81 7517.11 6535.92 8057.63 4621.66 8782.17 5335.57 12707.6 5458.84 6814.97 8504.2 4106.93 3746.98 4757.97 3933.09 4364.01 3546.28 4239.26 4080.78 4292.54 3900.31 3824.13 3867.78 3946.69 3760.35 4152.78 3810.88 3733.99 3487.22 2893.87 2802.65 3591.03 3919.96 3406.24 5281.01 4553.54 4393.86 4531.54 4645.41 5268.01 4890.05 5020.97 4385.11 5337.04 4867.23 4884.8 4470.77 4961.42 4820.81 5637.61 5131.59 4638.68 5030.65 5135.92 4711.62 4911.74 2852.92 4592.67 3096.54 4673.35 3882.52 2788.68 7971.73 2293.74 3300.55 4113.39 2985.31 4099.27 3203.12 2460.12 2838.94 2382.12 2083.69 1969.51 3543.03 1816.74 2421.82 1961.31 2299.3 2536.39 1765.2 3772.23 5553.59 5927.81 6627.61 6428.67 6053.25 7423.89 4109.95 4154.2 4479.25 4988.36 3630.1 4477.69 4512.88 3825.17 3128.23 3494.71 4001.82 3042.84 4046.54 1834.38 1739.77 4259.78 2943.11 3970.14 3602.7 3449.39 3397.17 3170.93 3374.8 2820.83 4015.34 2832.43 3073.27 3179.39 2806.8 3325.25 3483.5 2838.53 4119.12 4153.92 4039.62 4591.11 3722.65 4315.71 2176.89 1707.25 2098.57 1749.39 4184.79 3061.47 3612.54 1983.32 2145.05 3754.45 4889.22 4724.06 4472.63 3758.69 2736.35 3262.66 2891.63 3764.82 5123.23 2955.55 4194.4 4061.68 3404.28 3779.22 2802.52 3057.92 4907.4 4675.66 4282.99 
3718.11 3218.9 3073.81 3167.12 6153.77 6979.81 4538.97 3051.95 3408.2 3098.09 2887.59 3342.51 0 3932.39 2286.89 3435.86 5781.58 6496.09 1954.95 5562.22 6154.32 6481.45 7358.77 6285.47 6268.99 5707.5 5847.05 6081.94 5369.52 6122.27 5583.58 5875.49 6101.26 5957.98 6041.23 7583.29 7530.14 6035.99 7617.81 2814 3476.22 3425.53 3173.27 2729.81 2552.46 2415.01 2975.31 5557.98 4299.84 4706.97 3563.99 5567.8 4687.19 4427.79 6732.36 4039.89 7875.73 6566.82 6907.8 8525.41 3160.23 6137.4 8023.62 6477.24 7020.03 4270.19 3705.12 2582.63 3724.08 2811.42 3930.15 3064.76 6842.98 6723.42 5461.85 6003.73 4888.84 4469.18 5074.37 4740.42 3692.74 3727.39 13604.9 12199.1 6209.27 6150.42 8295.03 5736.5 8297.82 5992.32 9158.43 6171.94 13115.3 6550.8 7304.56 9778.09 3647.73 3040.37 3433.71 3463.98 3395.82 2974.47 3023.56 3248.9 3399.4 3152.85 3228.82 3224.39 3249.72 3109.73 3563.93 2887.21 3455.79 2409.74 2061.24 2564.34 2909.71 2604.67 2707.05 3558.35 2462.23 2614.97 3501.83 2506.8 2726.84 2772.98 2766.3 2284.48 3014.03 2652.67 2681.32 2401.31 2794.38 2780.49 3671.28 3185.79 2628.17 2784.8 3349.69 2497.03 2977.1 2264.77 5862.48 3144.84 5789.02 4992.57 2474.78 10009.6 2183.17 2770.86 3405.18 2625.29 4958.68 3424.74 2255.54 2493.24 2234.34 2966.52 3100.2 2288.91 2432.48 3502.76 2139.56 1882.06 2187.81 1859.54 5026 5344.57 6071.71 6229.09 5994.68 6072.88 6978.1 4373.89 4744.89 5227.82 5659.63 4296.27 5288.09 5191.45 4503.45 3429.43 3758.99 3854.46 3296.71 4451.22 1652.06 2148.72 5506.24 3674.68 4577.52 4166.98 4126.5 3787.7 2987.1 4358.08 3598.13 4255.51 3454.81 3355.86 3714.42 2624.09 3792.72 4162.87 3371.44 4734.03 4009.53 3534.43 4402.16 3517.4 4302.23 3102.12 2472.59 2934.64 3111.85 4382.78 3115.88 3269.07 2884.65 2718.73 4809.38 5931.9 5520.39 6954.28 5744.25 4402.3 4595.49 3387.19 4792.36 6573.01 4618.81 2403.37 4998.08 2203.92 2208.79 1908.32 2357.99 3700.18 4142.02 4220.22 
3400.31 2503.15 2881.03 2330.13 6303.62 6388.07 3081.53 4795.47 2567.71 3543.94 4220.33 3102.98 3932.39 0 3770.75 2888.24 5679.93 6992.03 4638.08 6857.65 5856.25 8721.69 8762.8 8269.68 8388.86 7765.89 8062.36 7739.76 7260.05 7520.81 7344.83 7724.69 7882.04 6993.72 7092.17 8826.13 8301.56 7516.87 8619.42 5047.23 4736.93 4949.57 4395.44 5115.1 4277.23 4264.56 3797.91 7097.24 6278.9 6410.47 4657.97 4322.35 4453.82 5965.96 6735.26 5564.33 7476 7118.47 6960.91 8575.15 5525 7119.35 7619.6 6293.08 7605.45 5143.59 3286.58 3971.71 2869.98 3683.32 3190.46 2606.64 5691.86 5288.88 5285.96 5548.77 5041 4556.49 3862.03 3560.98 3816.87 4044.94 11251.7 10213.3 7371.88 4973.81 6136.33 8452.2 7053.17 4176.87 8236.23 5067.86 13048.2 6981.12 8762.41 8099.86 4872.71 4484.55 5393.56 4584.52 5066.36 4244.95 4877.66 4764.87 4894.46 4635.24 4430.87 4585.78 4518.49 4484.26 4721.01 3284.27 3345.09 4044.86 3386.97 3467.06 3932.71 4621.71 4172.87 5828.43 5041.16 4930.9 4844.78 5171.09 5768.06 5425.36 5527.67 4935.61 5763.61 5312.5 5333.88 4921.38 5421.99 5338.69 6086.37 5683.51 5295.26 5507.73 5655.65 5296.37 5624.08 3999.33 4795.95 4301.24 4807.33 3914.59 3469.59 9025.04 3263.54 4390.56 5342.67 4154.2 4363.59 3211.36 3342.79 3522.01 3500.39 2961.84 1951.82 4178.42 2873.27 3668.63 3100.12 3151.4 3454.58 2641.26 4714.45 5747.1 6442.72 6202.75 6468.61 5301.27 6181.57 3554.15 3704.4 4542.12 5141.44 3955.33 5137.68 4590.3 3642.76 3031.07 2415.07 3409.89 3760.45 2851.53 2544.16 2103.44 4125.17 3288.95 3672.51 3540.03 2760.53 2983.72 3020.28 3749.17 3492.36 3509.71 3020.97 3037.28 3246.54 3193.54 3950.46 4088.52 2584.11 3768.3 2961.1 3115.1 3220.82 3624.96 4429.66 4018.28 3348.26 3178.59 2953.52 4398.38 2260.5 2384.51 2874.91 2097.98 3074.54 4178.98 6058.53 5590.14 4026.35 3154.16 3452.52 3508.39 5054.06 5052.29 4728.14 4715.34 2691 3870.18 4280.47 3838.41 3810.1 5784.52 6556.92 6180.55 
3450.93 3520.12 2856.08 3065.44 5608.78 6652.02 4569.62 3309.27 3181.11 3326.14 3236.8 3075.42 2286.89 3770.75 0 3302.86 6186.76 6749.3 2483.66 5444.05 6350.3 6825.42 6872.12 6336.07 6989.27 5968.75 6081.19 5919.04 5513.9 5524.23 5569.84 5837.51 6254.03 5985.44 5951.85 7649.68 7444.77 6242.84 7723.83 3406.77 3555.85 3298.44 3386.34 3594.65 3152.73 2877.03 3689.68 6114.93 4976.44 5128.26 4005.01 5258.84 4296.65 5192.93 6873.4 5015.14 7891.71 6536.84 6974.95 8977.51 3914.73 6026.33 8124.44 6276.68 6976.16 4663.99 3425.73 3276.57 3420.57 2490.13 3719.41 2848.22 6713.18 6582.61 5425.82 6404.33 4591.84 3958.73 4967.71 4365.56 3027.83 3418.98 13396.1 11642.2 6234.81 6318.69 8040.7 5891.65 7731.99 5310.74 9263.43 5733.33 12886.8 6449.03 7400.37 9586.74 3959.4 3274.09 4251.61 3762.31 3477.45 3214.26 3914.49 3556.38 3791.95 3560.39 3503.84 3547.69 3450.69 3407.23 3674.45 3139.31 3356.15 3191.67 2229.97 2181.66 2601.13 3088.2 2761.72 4493.88 3435.25 3262.64 3752.47 3554.52 3979.86 3287.97 3855.96 3351.17 3731.28 3403.41 3418.75 3166.7 3874.47 3586 4684.43 4038.76 3387.78 3993.78 3978.06 3524.68 3620.12 2343.31 5570.02 3043.18 5688.68 4706.52 2753.22 9774.76 2333.12 2748 3194.14 2675.43 4710.7 3182.26 2568.27 2857.57 2504.18 2993.8 2869.53 2627.73 2377.44 3632.15 2452.1 2198.92 2393.95 2013.5 4772.73 5916.99 6329.77 6694.25 6647.67 6126.73 7532.03 4016.41 4577 5232.5 6041.48 4796.26 5712.69 5582.85 4436.07 3492.88 3371.79 3637.33 2801.53 4274.18 1959.03 1969.92 5199.53 3326.09 4756.75 4209.8 3988.53 3786.08 3251.78 4087.84 3377.43 4174.7 3061.07 2877.81 3747.38 2873.57 3574.97 3993.82 3391.9 4493.77 4298.1 3978.68 4632.77 4093.33 4926.55 3357.11 2887.55 2666.45 3105.37 3553.76 3213.04 3529.15 3173.97 2802.02 4597.66 5739.69 4972.65 6640.18 5523.2 4339.43 4841.81 3299.75 4558.05 5987.15 3882.43 2286.43 5070.28 2341.8 2660.07 2309.71 2578.88 3597.91 4543.32 4227.61 
2869.29 3309.03 2487.91 1863.89 5319.79 5528.05 3727.24 3778.51 1798.8 2468.45 2946.5 2039.19 3435.86 2888.24 3302.86 0 4853.99 5516.58 4079.64 5650.38 4815.73 8088.76 8221.33 7708.45 7822.92 7205.04 7544.64 7146.51 6657.31 6884.74 6774.8 7270.3 7317.36 6589.17 6611.17 8449.95 7831.51 7084.52 8227.77 4480.7 4209.14 4396.7 3953.98 4584.67 3752.17 3680.06 3833.7 6536.18 5590.36 5515.52 4066.99 3977.34 3805.88 5727.18 7106.67 5037.66 7917.06 7034.84 7139.18 9051.58 5078.6 6672.12 7574.61 6519.59 7165.61 4695.53 3930.9 3468.71 2453.23 2291.5 2484.83 1784.34 6880.05 7200.26 5650.33 6783.78 5130.01 4616.47 5092.54 4653.57 2807.55 3711.86 11869.9 11159.8 6144.81 5572.73 6782.06 7408.99 7714.59 4932.85 9295.21 5646.91 11576.4 6262.1 7454.19 8706.51 4337.5 3804.84 4887.13 4121.78 4483.72 3722.32 4383.57 4290.82 4392.6 4105.57 3931.45 4034.35 4008.02 3971.19 4195.25 3795.6 3962.59 3676.22 3043.38 2941.92 3780.08 3984.95 3537.7 5352.96 4623.32 4471.72 4417.59 4714.56 5390.03 4959.8 5084.45 4467.97 5422.16 4895.99 4975.5 4512.79 5048.93 4966.49 5723.29 5306.55 4809.05 5093.98 5193.41 4783.18 5114.44 3251.67 5041.29 3285.8 3773.8 3589.83 2884.46 7685.3 2548.78 3577.75 4477.99 3401.67 3577.29 2669.39 2656.46 2907.96 2565.84 2474.41 2081.68 3750.14 2173.36 2750.57 2189.82 2497.59 2613.73 1984.06 3543.72 5597.39 5894.77 6760.11 6513.82 6073.1 7543.91 3695.92 3997.75 4563.58 5099.87 3779.87 4759.08 4685.36 3888.31 3229.82 3655.96 3894.33 3268.07 4284.79 1894.21 1364 4736.07 3101.38 4742.08 3573.77 3915.58 3984.04 3384.82 3650.94 3250.98 4685.06 2983.1 3551.68 3449.77 3056.6 3684.11 3895.88 3188.19 4368.41 4135.86 4214.72 4636.18 3933.87 4369.39 2917.76 2182.7 2397.87 1889.43 4118.96 3219.15 3569.54 2117.22 2296 2995.16 3871.45 4624.76 5438 4236.24 3113.08 3797.36 3177.17 4540.88 5295.75 3714.82 4295.09 4214.79 3536.49 3915.15 3013.37 3168.24 5018.1 5583.79 5155.72 
5735.59 5317.58 5498.48 5786.02 9400.09 9153.91 5654.02 5066.96 4441.38 3719.36 4155.78 3735.12 5781.58 5679.93 6186.76 4853.99 0 3964.58 6404.16 6648.11 3013.14 10216.7 10484.9 9947.2 10064.8 9439.14 9780.47 9370.46 8900.6 8804.59 8999.68 9582.74 9541.45 9172.54 9029.75 10690.2 10432.2 9470.78 10802.9 6721.34 6449.45 6613.65 6167.23 6826.19 5983.16 5918.19 5786.87 7784.58 5707.11 5193.5 5418.18 6707.12 6340.39 7391.35 9755.69 6650.15 11669.9 9629.53 10248.9 11379.2 7320.35 9115.02 10647.9 10205.8 10433.7 5561.06 6414.41 5612.7 6374.48 6088.65 6343.8 5648.24 8614.54 9533.44 7799.15 8547.51 8337.62 7811.27 7360.84 7434.47 6712.16 7053.03 15639.9 11939.8 4711.07 6258.07 10337.2 7575.52 10038.9 7324.51 10587.1 7411.77 15768.8 5281.45 6519.26 9559.3 6544.84 6061.54 7126.11 6377.49 6735.68 5961.92 6628.03 6506.88 6731.51 6335.77 6253.7 6290.83 6404.45 6171.22 6711.49 6261.64 5990.85 5608.03 5279.48 5382.57 6458.62 6221.07 5752.76 7655.71 6865.13 6717.14 6858.5 6935.86 7630.32 7188.36 7313.2 6696.83 7671.46 7139.12 7212.74 6750.31 7292.84 7187.53 7938.72 7553.7 6941.93 7327.23 7469 7022.5 7333.23 5309.68 6479.16 5394.52 7571.54 6309.79 5109.38 9344.22 4702.56 5567.69 6342.93 5217.9 6995.48 6375.27 4830.19 5143.45 4613.84 4495.92 4912.35 5867.17 4758.1 4410.09 4274.05 4724.13 4735.75 4393.24 6777.24 7194.16 7957.42 8507.62 8193.8 8238.45 9397.43 6880.28 6669.46 5947 6391.32 5025.95 5026.36 5763.24 5869.57 5356.58 6104.53 6859.12 6009.94 6401.71 4305.75 4798.75 6328.57 5683.47 5620.83 6314.77 5824.81 5771.74 5603.44 5978.38 5487.38 6360.23 5423.41 5905.05 6176.03 5243.54 6135.59 5743.02 5749 6190.69 6361.89 6256.93 6640 5338.98 5608.36 3673.18 3833.23 4523.33 3936.54 7406.99 5548.77 6072.14 4056.69 4626.11 6482.35 7685.26 6556.69 5316.63 4637.61 4192.59 4536.33 4822.4 5542.33 6723.27 4339.12 7030.09 6376.59 6231.62 6288.97 5058.23 5454.1 7193.54 5834.4 5298.64 
6616.8 6421.62 6340.92 6675.28 9948.09 9313.88 6559.36 5150.98 5358.65 4522.7 4184.97 4716.61 6496.09 6992.03 6749.3 5516.58 3964.58 0 7053.49 5522.31 4370.11 10881 11087.2 10642.8 10780.9 10038.9 10479.3 9883.49 9598.03 8636.72 9466.96 8849.77 10237.5 9837.05 9693.77 11354.1 11127 10136.4 11466.9 7428.69 7130.98 7001.48 6868.33 7529.12 6706.19 6621.24 6906.71 8677.46 6515.22 4951.28 6362.32 7399.43 6671.55 8228.65 10973.3 7552.62 12829.8 10420.1 11400.9 12684.6 8046.01 10057.9 11672.6 11104.9 11448.6 6593.3 7607.3 6530.93 7244.26 6510.29 7248.69 6574.65 9892.54 10813.4 9001.49 9910.86 9136.22 8649.14 8697.09 8592.37 7485.38 7821.22 16952.2 11780.7 5025.99 6242.73 11549 6842.03 9256.95 7151.03 11071.8 7867.81 16569.9 5174.49 6022.28 10001.5 7246.94 5474.38 7854.91 7077.92 7343.5 6643.93 7352.83 7212.15 7417.66 7029.37 6936.81 6967.23 7070.46 6872.6 7395.64 7130.54 7027.41 6555.06 5850.43 6160.08 6800.94 6867.53 6402.17 8334.76 7565.38 7409.49 7529.96 7662.31 8354.99 7895.45 7976.85 7423.44 8374.88 7844.35 7871.04 7462.13 8016.86 7891.47 8664.2 8242.1 7339.7 8030.53 8171.97 7750.47 8048.76 5489.63 7035.12 5932.75 8197.48 7198.33 5782.47 8496.95 5218.39 5681.2 6173.9 5556.37 7709.05 6930.25 5435.87 5808.98 4806.69 5101.35 5973.76 6097.15 5592.15 4791.06 4965.27 5147.72 5159.26 5108.76 7605.91 8213.18 8829.1 9714.98 9276.99 9474.22 10745.5 7619.05 7658.89 6940.95 7405.17 5870.34 6059.08 7071.27 6873.25 6288.7 7428.19 7669.2 6400.31 7155.22 5112.33 5614.5 7414.13 6597.43 6882.83 7229.22 7003.16 6664.14 6516.82 6903.27 6244.42 7215.84 6306.98 6883.16 7051.08 6157.99 7106.49 6564.83 6293.87 6775.06 7729.87 7608.22 7983.19 6606.71 6608.2 4197.61 4479.22 5436.37 4722.34 7693.06 6667.82 7189.09 4983.85 5755.48 7662.85 8725.24 5674.32 6551.62 5883.65 5310.49 5335.28 5773.1 4890.85 7773.29 5214.11 7827.32 7614.53 7026.59 7111.2 5488.35 5783.25 6286.38 5821.04 5502.37 
4202.19 3949.01 3671.31 3803.81 6623.37 7496.77 5135.14 3461.55 4081.46 3582.81 3441.77 3947.06 1954.95 4638.08 2483.66 4079.64 6404.16 7053.49 0 5896.86 6732.55 6253.96 7064.27 6089.64 6412.57 5644.45 5761.15 5888.07 5071.28 6130.17 5496.97 5955.07 6100.27 6235.73 6444.69 7996.97 7932.35 6219.74 8048.13 2680.91 3981.82 3503.68 3608.83 2981.08 2852.43 2720.69 3503.1 5711.34 4879.13 5052.22 3781.66 6073.16 5102.07 4412.27 6879.08 4425.45 7888.59 6375.33 7032.15 8917.99 3413 6257.85 8119.52 6802.79 6820.72 4779.57 4020.6 3078.58 4194.25 3341.71 4558.04 3650.16 7096.87 7217.61 6054.78 6330.97 5286.77 4777.78 5494.18 5166.26 4043.91 4108.74 14214.6 12224.1 6300.89 6494.68 8879.36 5917.1 8277.7 6330.2 9824.64 6161.16 13721.4 6686.64 7792.38 10301.4 4160.69 3368.23 3755.23 3973.56 3195.02 3425.63 3124.62 3584.66 3700.93 3529.84 3582.03 3585.7 3587.98 3565.44 4075.38 3141.6 3612.57 2731.92 2242.64 2570.82 3311.48 2597.9 2893.53 4041.16 2923.24 2888.85 3843.19 2999.38 3285.99 3036.7 3073.42 2907.89 3010.99 2831.15 2850.43 2659.45 3262.42 3298.89 4145.19 3569 2990.5 3243.49 3731.2 2956.86 3414.19 2714.06 6205.53 3555.95 6360.82 5504.06 3041.63 10460.4 2760.99 2955.33 3570.31 3018.97 5336.41 3854.22 2671.36 3105.42 2817.9 3497.53 3690.07 2869.08 2978.22 4031.8 2621.33 2385.85 2453.38 2445.53 5670.4 5654.81 6278.05 6484.12 6249.28 6200 7301.53 4786.43 4902.97 5606.82 6155.85 4856.93 5800.87 5678.46 5074.54 3800.86 4169.51 4411.98 3166.66 4954.28 2246.39 2773.63 5868.19 4157.97 5025.97 4682.65 4652.14 4170.49 3600.86 4902.79 4079.01 4827.31 3823.04 3761.72 4207.52 3024.13 4338.83 4672.52 3916.43 5091.97 4620.07 4082.55 4628.21 3794.2 4736.62 3675.03 3085.44 3247.8 3794.75 4419.37 3588.59 3816.62 3511.4 3351.45 5421.89 6553.53 5979.86 7454.26 6308.82 5041.53 5281.33 3724.56 5225.45 6973.94 5044.75 2295.35 5608.24 2624.15 2638.67 2441.17 2788.42 3653.36 4555.33 4532.3 
6161.16 5715.66 5781.65 6054.07 8760.34 8337.85 6980.33 3890.68 5797.33 4836.09 3724.99 5067.22 5562.22 6857.65 5444.05 5650.38 6648.11 5522.31 5896.86 0 7223.46 9424.88 9344.18 8933.08 9580.09 8391.9 9154.93 8153.68 7987.17 6558.19 7825.06 5938.67 8805.12 8706.95 8564.16 10197.5 10039.4 9005.19 10337.3 6106.96 6001.07 4676.83 5738.84 6313.5 5540.51 5479.36 6846.39 9144.61 6422.71 5657.15 6886.7 7580.75 6455.29 8415.71 10851.7 8046.2 12281.8 10207.5 11302.2 12961.1 6761.95 9997 12150.5 10075.9 10983.7 7324.29 7375 6487.16 6632.65 5439.32 6718.24 5934.91 10485 10889.7 9452.43 10233.6 8443.19 7979.17 8639.01 8153.31 6760.64 7112.78 16358.3 12234.8 6385.05 7466.06 11034 5269.99 8004.83 6798.76 11918.3 8152.82 15832.4 7078.46 8227.77 11412.1 6078.2 3774.71 6668.38 5925.82 5590.45 5454.12 6194.19 6075.12 6285.25 5897.19 5805.61 5825.24 5938.87 5741.54 6245.9 6218.36 6352.99 6043.27 4629.13 4998.88 5247.68 5408.21 4709.06 7205.14 6436.16 6228.46 6392.92 6485.79 7132.17 6543.54 6651.02 6258.52 6936.52 6517.63 6458.93 6147.22 6860.11 6755.88 7507.45 7112.14 6055.92 6890.61 7038.5 6582.29 6902.97 4101.16 7790.35 5404.91 8018.42 7142.27 4560.98 10371.7 4081.46 4136.53 4226.18 4211.86 7164.33 6102.09 4173.65 4677.87 3925.45 4856.32 5718.08 4612.19 5162.44 4925.34 4485.5 4213.94 4185.84 4474.54 7198.06 8641.62 9509.87 10016.7 9857.08 9746.89 10682 6802.81 8005.02 7747.49 8457.11 6971.53 7649.83 7972.91 7280.83 5821.29 6506.85 6785.64 5576.85 6227.56 4384.11 4887.72 8160.49 6371.4 7138.58 7430.89 6695.16 6132.94 6307.43 7174.45 6336.46 6750.43 6136.93 6401.18 6809.18 5724.57 6731.51 6890.34 5920.01 6279.89 7713.3 7406.37 7949.47 7116.23 7668.99 4332.16 4131.47 4743.46 4944.61 6444.67 6237.91 6862.27 5402.55 5428.9 7479.55 8657.87 5331.35 8436.6 7323.95 6339.52 6627 5687.9 4439.67 8712.05 6401 6555.71 7551.31 6212.51 6407.13 4142.46 4288.39 4185.68 5306.71 4163.82 
5870.24 5746.36 5660.26 5892.87 9495.21 9539.66 5504.39 5628.24 4425.56 4251.89 4899.02 3937.18 6154.32 5856.25 6350.3 4815.73 3013.14 4370.11 6732.55 7223.46 0 10750.8 10926.3 10472.9 10614.3 9906.47 10327.7 9826.23 9439.25 9392.27 9444.46 9909.22 10085.7 9622.93 9542.18 11202.7 10865.3 9983.21 11261.5 7271.01 6979.09 7010.49 6716.86 7374.46 6533.06 6468.3 6077.96 7706.26 6710.82 5946.75 5400.21 6848.11 6216.73 7508.59 9613.7 6617.91 11965.6 9458.08 10208.9 11168.8 7867.28 8622.37 10371.8 10381.7 10215.5 5677.74 6502.99 5833.31 6588.46 6272.88 6471.94 5795.5 8557.77 9552.35 7431.04 8510.23 8495.05 8049.89 7401.93 7559.03 6865.52 7224.9 15810 11480.8 4904.67 5949.01 10554.7 8411.67 9860.77 7192.68 9791.63 7022.76 15943.6 4988.77 6426.38 9552.73 7091.99 6503.72 7676.18 6903.84 7197.86 6489.55 7174.1 7053.14 7263.27 6875.21 6783.64 6803.27 6916.89 6719.56 7223.93 6478.54 6193.19 6077.8 5680.23 5686.13 6585.24 6671.32 6207.98 8183.16 7414.19 7257.66 7370.94 7483.58 8176.26 7739.04 7792.64 7244.71 8212.2 7685.53 7701.38 7294.49 7838.13 7734.38 8485.47 8090.16 7409.34 7874.97 8016.52 7571.75 7880.99 5730.69 6535.43 5292.97 7667.22 6710.01 5601.36 8548.51 5137.32 5996.89 6812.92 5682.72 7100.68 6382.43 5294.62 5655.89 5034.31 4476.42 5108.89 6331.76 5008.35 4441.28 4607.59 5132.77 5087.13 4587.88 6967.4 6993.27 7171.94 8373.57 7807.57 8062.49 9397.24 6884.46 6544.98 5600.32 5895.39 4493.17 4271.86 5497.59 5570.49 5337.45 6290.8 7174.97 5816.85 6591.03 4614.06 4993.49 6311.87 5887.86 6093.86 6081.91 6178.6 6127.05 5879.48 6101.51 5623.81 6943.93 5529.84 6154.47 6315.92 5580.06 6434.49 5803.02 5840.59 5786.89 6465.54 6299.17 6616.91 5406.13 5284.85 4303.5 4369.37 4549.06 4127.77 7465.36 5699.58 6029.42 3826.85 4660.59 6617.68 7669.99 6640.85 4723.17 4160.82 3886.52 4115.51 4712.67 5636.51 6620.48 4203.56 7217.85 6336.95 6427.6 6671.56 5595.05 5888.18 7698.87 6312.72 6228.29 
