242 242
0 3213.19 3122.18 3796.33 6777.06 6626.62 3290.05 3803.12 3507.36 3027.19 3104.97 3071.01 3451.04 3849.02 2981.29 3218.9 2503.15 3520.12 3309.03 4055 5317.58 3949.01 5715.66 5746.36 6790.12 7366.68 7888.07 7543.14 7698.96 7032.78 7369.27 6539.99 6620.83 6393.53 6569.1 7117.35 7336.53 6809.03 6649.97 8325.98 7998.57 7133.47 4359.74 4086.32 3861.39 3703.53 3591.49 4069.36 4892.08 3446.9 4663.22 7010.53 5517.2 7884.31 7509.43 7643.64 9048.82 4936.63 8645.14 6520.09 5504.47 8069.77 8228.15 4896.13 7162.18 7381.17 6248.55 5976.76 3467.45 3584.55 3631.28 3672.04 3680.76 2987.7 5308.78 6987.74 5785.62 4172.57 5390.83 7691.19 5744.46 3878.94 4118.3 4488.21 11994.2 3806.35 5881.89 6878.88 4661.3 6881.67 7569.42 4934.31 8793.38 13481.4 5366.32 13273.1 9099.04 4583.5 4179.76 3511.4 4782.68 4022.88 4429.57 4287.15 4239.68 4176.17 4371.34 3991.38 3926.52 4040.76 4355.87 2687.8 2972.97 3433.31 2665.81 2984.1 2789.88 4275.35 3412.41 4723.92 5327.91 4598.66 4378.05 4543.71 4365.33 5540.49 4850.5 4404.75 5344.14 4489.43 4793.79 4866.48 4424.98 4996.62 4909.64 4689.49 4695.72 5025.86 3065.25 5413.35 3770.94 5428.8 2503.33 2812.32 3910.27 2613.9 3477.72 3342.04 6696.11 3383.85 6495.92 2547.5 2840.83 2707.79 2397.53 2371.59 3446.63 2755.85 3327.36 3731.61 2543.75 2552.64 2381.9 2047.51 2215.2 5569.17 4964.22 5584.38 5837.93 5585.05 5424.85 5752.44 5332.59 4527.9 4832.05 4280.45 3463.23 5290.97 4508.35 3417.52 4446.85 2321.31 2123.45 3483.22 3614.68 1832.42 1832.89 2308.6 4934.65 3839.13 3455.12 4375.88 2975.72 3117.11 4360.54 3835.07 3737.83 3626.16 4066.44 4483.44 2842.89 3251.98 3122.63 2890.23 3014.04 3516.72 2855.86 4355.3 3186.01 2599.57 3219.79 2764.71 3064.41 2774.35 4644.56 2512.81 3971.28 2670.16 2112.95 1697.87 4163.74 5296.56 6415.71 5672.63 4079.64 3187.76 2320.64 2486.41 3817.91 3200.93 3243.76 4533.83 5719.83 5036.43 6219.28 6746.64 3118.8 2805.82 2853.91 2975.18 5803.08 5151 
3213.19 0 2284.65 2705.43 4825.43 5509.32 3372.7 3816.31 2463.07 2839.11 3187.16 2345.7 3343.25 3523.95 2654.44 3073.81 2881.03 2856.08 2487.91 4054.42 5498.48 3671.31 5781.65 5660.26 6404.94 6930.05 7498.31 7132 7284.76 6685.9 6977.19 6171.46 6451.26 6002.91 6215.41 6737.05 6957.38 6300.91 6288.26 7975.21 7472.75 6784.93 3995.05 3770.98 3540.16 3401.22 3330.44 4071.06 4596.96 4014.55 4353.75 6717.69 5262.5 7833.81 6168.89 6709.15 7091.07 4592.24 7020.98 7039.59 4776.89 7173.85 6156.85 5021.52 5706.01 6816.59 4879.79 4565.67 3694.35 3766.02 2454.85 2872.36 2826.79 2195.9 7258.44 6785.4 6338.88 4454.49 6973.15 7190.68 3805.62 5029.06 2668.23 2803.94 11429.6 4200.45 5449.7 6894.48 6209.9 6184.84 8772.74 4629.33 8670.41 14034.3 5639.39 12151.3 8286.24 4454.56 3765.73 3210.34 4453.48 3630.82 4147.75 3900.3 3966.17 3820.83 4038.3 3672.56 3608.6 3731.1 3900.8 3917.91 3715.53 3740.57 2652.73 2733.82 1990.43 3977.4 3062.43 4321.33 5043.05 4245.92 4046.78 4207.86 4005.31 5201.42 4549.15 4128.75 4959.07 4103.88 4487.21 4515.62 4101.25 4647.73 4588.78 4424.8 4358.29 4730.42 2924.66 5096.32 3875.07 4338.61 2284.9 2580.83 2629.4 2315.84 3296.42 3105.57 5573.61 3488.71 5463.67 2327.13 2654.66 2572.81 2663.78 1903.23 3188.25 1929.44 3236.5 2763.04 2308.61 2093.43 2133.17 1768.34 2117.82 5257.12 4148.35 5985.18 6963.51 6680.21 6403.75 7552.5 7089.58 3893.87 4030.83 4625.31 4354.43 5288.74 5196.47 4413.37 4918.01 3530.27 3389.44 3037.14 3180.03 1640.48 1641.56 1488.12 4217.31 2650.04 4218.2 2783.53 3494.06 3000.5 2783.79 2629.67 4204.39 3555.78 2295.55 3078.45 2732.19 4524.16 4120.32 4175.69 4519.81 4317.96 4358.09 4918.47 2860.07 2286.69 3335.69 2670.41 2829.66 2461.76 3274.11 2946.15 2704.98 2492.03 2161.27 2200.92 3235.22 4150.65 5480.68 5653.16 4820.39 3712.05 2429.37 2130.38 3751.08 3336.96 3294.2 4837.68 5535.47 4148.69 5592.19 5978.57 2714.16 2873.66 2854.22 2789.97 5504.4 5059.28 
3122.18 2284.65 0 2388.03 4950.63 5116.9 3878.79 4024.4 2333.39 3147.81 3410.15 2672.47 3452.38 3950.56 2878.18 3167.12 2330.13 3065.44 1863.89 4278.66 5786.02 3803.81 6054.07 5892.87 6750.43 7415.29 7759.39 7570.08 7630.96 7046.08 7323.9 6517.14 6738.41 6421.44 6625.31 7150.51 7138.2 6203.09 6364.36 8140.34 7584.95 6738.53 4265.3 4005.66 3730.63 3533.09 3421.05 4296.91 4904.71 3922.87 4579.94 7163.09 5565.34 7091.81 7175.87 7189.59 8152.73 4791.52 7604.5 5926.68 5062.79 7285.05 7464.61 5235.75 6723.65 7669.7 4138.62 4061.58 3718.33 3726.65 1884.44 2269.64 2247.22 1456.72 7058.74 6953.46 6962.32 4931.28 6810 7719.27 4377.38 4897.76 2421.81 3176.52 10977.6 4397.55 5391.35 7266.45 6175.95 6125.57 8098.7 5042.36 9541.25 14779.4 6200.35 11136.6 8342.19 4549.39 4164.73 3554.78 4598.35 3863.64 4302.65 4095.92 4019.8 4066.79 4106.52 3848.75 3894.52 3755.41 3923.73 3773.74 3692.36 3617.97 2739.06 2831.04 2325.29 4028.23 3404.66 4561.3 5003.66 4351.31 4207.05 4034.78 4185.85 5208.45 4675.17 4225.66 5091.51 4411.53 4606.54 4634.81 4185.6 4666.97 4601.26 4530.26 4596.6 4924.22 3240 5385.75 4079.56 3713.56 2485.97 2736.8 2377.18 2592.23 3650.19 3399.75 4773.15 3562.62 5555.88 2542.65 2694.77 2723.08 2622.86 2003.8 3428.25 2203.67 3490.36 2707.17 2597.96 2539.66 2390.59 1834.24 2305.6 4589.08 3667.86 6001.63 6850.55 6442.65 6185.81 7317.91 6849.05 3558.44 4001.92 4684.45 4285.1 5328.82 5060.04 4099.36 4811.64 3261.43 3209.41 3518.22 3471.81 1767.37 1762.87 1237.65 4958.61 3147.48 3986.38 3616.43 3405.21 3208.78 3789.52 3117.43 3968.22 3762.82 3198.37 3731.06 2686.96 4460.74 4012.41 3790.43 4389.06 4228.95 4177.07 4905.57 3265.33 2622.83 3349.34 2863.05 3196.77 2783.33 3931.74 2682.34 2253.8 2728.02 2276.4 2067.23 2732.51 3779.47 5240.45 6139.98 4753.77 3748.37 2223.07 2178.2 3775.71 3588.72 3479.74 4645.19 5646.55 4526.89 5410.64 5383.99 2897.26 3126.14 3038.31 3060.79 5879.96 5379.99 
3796.33 2705.43 2388.03 0 4405.72 4663.44 4773.49 4317.24 2684.25 3346.21 3559.87 2950.48 3867.83 3924.91 3198.15 3498.56 3416.49 3331.92 2469.37 4614.32 5927.1 4119.7 6207.28 6127.78 7111.76 7645.37 8179.73 7851.8 8002.39 7340.97 7662.11 6776.05 7098.02 6651.89 6884.26 7462.38 7525.07 6692.08 6734.31 8551.79 8027.17 7201.05 4586.05 4359.55 4112.25 3869.27 3742.74 4535.7 5166.89 4413.39 4704.39 6753.5 5800.69 7480.06 7300.79 6333.42 7787.02 5119.49 6903.33 6284.85 5439.13 6471.69 7406.73 5437.2 7353.15 8340.52 4985.89 4571.73 4633.96 4323.15 2786.72 3036.19 3196.26 2269.36 7932.6 7322.65 7875.91 5839.44 7584.67 7669.29 4404.24 5561.44 2902.66 3234.24 11051.4 4914.23 5851.79 7400.12 6913.55 6836.16 9156.28 5833.06 10301.4 15396.7 6785.05 11126.6 8507.58 4877.1 4469.89 3823.78 4974.01 4240.45 4592.63 4464.18 4395.77 4384.02 4522.23 4190.38 4141.81 4155.38 4307.28 4410.29 4435 4102.04 3133.03 3164.4 2823.44 4396 3685.19 4855.16 5449.86 4681.66 4536.4 4510.13 4555.2 5648.05 5012.68 4532.99 5493.34 4696.66 4973.24 5014.22 4593.46 5113.06 5013.76 4963.27 4881.49 5182.74 3442.35 5724.44 4401.67 4625.81 2751.02 3034.05 2790.5 2742.24 3837.64 3525.61 5366.07 3863.95 6185.47 2856.39 3016.57 2907.51 3194.69 2776.75 3866.21 2440.97 3799.02 3291.5 2787.87 2698.7 2656.7 2123.92 2606.51 5437.69 4526.22 6345.26 7463.21 7170.11 6841.88 8039.04 7733.57 4491.91 4076.09 5079.61 4989.89 5724.68 5576.66 4841.93 5587.36 4087.34 4081.53 4380.73 3836.32 2043.79 2072.8 1553.26 5617.64 3688.37 4880.84 4278.42 4335.32 3791.88 4189.76 3622.41 5012.78 4012.15 3785.81 4351.09 3733.62 5096.53 4956.64 4719.7 5275.66 4778.6 5042.42 5342.84 3495.96 2851.66 3732.62 3141.15 3457.87 3025.42 4250.52 3553.89 3302.52 2949.03 2693.43 2829.5 3741.85 4454.47 5498.21 6615.09 5495.99 4319.16 2947.43 2778.96 4250.21 3860.97 3778.58 5397.64 5670.96 4752.99 6440.81 6064.52 3485.27 3965.67 3251.93 3322.52 6074.26 5603.44 
6777.06 4825.43 4950.63 4405.72 0 4657.35 7182.96 6770.81 6058.58 6700.39 6427 6273.18 6440.13 6770.74 5651.57 6153.77 6303.62 5608.78 5319.79 7010.12 9400.09 6623.37 8760.34 9495.21 9770.92 10275 10807.9 10473.3 10873.6 9937.65 10367.7 9462.38 9757.19 9212.49 9539.12 10223.6 10639.1 9871.11 9790.01 11645.9 11145.4 10145.3 7269.86 7455.57 7281.17 6713.67 6728.37 7787.45 8420.92 7608.18 8015.24 7953.44 8977.46 7861.3 7720.25 7544.77 8206.54 7989.75 7322.53 7460.35 8260.2 7646.31 7841.89 8836.35 8730.7 8519.53 4949.13 5530.78 6945.89 7113.93 4729.26 4792.14 5394.6 4909.33 10777.4 10300.4 8933.9 7557.78 10531 10692 5096.5 8887.17 4938.79 4935.57 9481.17 7431.77 6497.02 10142.5 9668.85 6206.33 10571.7 7457.26 10740 16409.4 8334.59 12735.1 11166.8 7188.85 7514.82 6900.35 7908.29 7286.11 7368.56 7386.75 7283.98 7423.63 7472.63 7183.17 7211.85 7025.42 7435.01 6987.4 6780.79 7076.59 5819.39 5670.83 5571.14 7029.21 6305.85 7160.07 8308.32 7577.25 7362.81 7588.58 6786.77 8528.25 7624.57 7254.67 7921.81 7351.13 7562.15 7537.86 7172.18 7994.95 7868.82 7702.64 7523.2 7990.98 6186.57 7659.97 6794.79 5373.56 5828.92 6148.56 5384.56 5698.31 6412 6290.36 6768.18 6496.28 6591.64 5912.29 6161.84 5978.56 6052.28 5505.66 6444.61 5548.4 6418.03 5252.67 5921.87 5704.02 5504.7 5330.24 5698.77 7093.06 6893.57 9771.72 10653.4 10408.9 10040.7 11309.5 10355.6 5975.51 6312.25 8551.58 8062.78 9238.86 9070.89 7988.38 8012.11 6740.97 6565.1 5722.13 6230.35 5212.76 5228.56 4689.88 7396.39 5689.13 7020.35 6028.83 7188.6 6601.67 6105.75 6075.66 7472.69 6928.49 5594.21 6373.98 6606.12 7737.29 7376.1 7693.9 8006.1 7719.28 7862.62 8651.46 6461.26 6053.25 7229.7 5981.5 6219.52 6413.93 5761.45 6457.61 4799.54 6344.88 5992.43 5948.45 5530.95 5297.83 7702.11 8860.7 8825.37 7617.15 5452.1 5675.94 7081.36 6327.62 6446.07 8024.11 7322.27 7683.6 7882.9 7474.98 6180.53 6042.09 5849.94 5795.13 8672.52 7962.53 
6626.62 5509.32 5116.9 4663.44 4657.35 0 7041.73 6808.41 6453.89 6971.62 6276.65 6441.09 6906.13 6803.79 6616.92 6979.81 6388.07 6652.02 5528.05 7378.67 9153.91 7496.77 8337.85 9539.66 10629.5 11172.5 11642.1 11454.9 11642 10847.7 11341.6 10422.2 9903.95 10150.7 10318.5 11074.8 11244.7 10404.6 10426.6 12228 11646.9 10909.5 8285.98 8043.05 7780.82 7573.43 7517.26 8287.42 8368.35 8074.38 8788.28 8593.68 9742.71 8248.96 8786.03 8353.05 9586.22 8885.35 8483.12 7458.28 8471.59 8303.01 8845.36 9133.05 9641.22 9212.09 5759.73 5798.66 7735.6 7774.84 5185.85 5594.35 5537.06 5231.77 11028.5 11199.7 10084.7 8250.48 11044.1 11429.4 6231.17 9051.19 5530.91 5854.19 10105.1 7450.64 6485.78 9948.5 9069.04 7545.48 10621 7255.71 11707 16493.5 8794.82 12492 11169.6 7560.25 8127.28 7407.56 8707.15 7967.8 7996.59 8213.27 8085.67 8117.1 8225.92 7939.17 7867.23 7835.48 8010.64 7592.23 7369.54 7626.1 6231.88 6336.27 5553 8007.95 7150.46 8062.86 9186.44 8478.15 8292.88 8232.98 7852.76 9389.46 8740.2 8292.93 9103.87 8356.44 8701.9 8644.59 8270.9 8876.43 8798.34 8265.55 8618.88 8944.95 6444.22 7391.77 7479.05 5205.42 6406.5 6624.15 6136.76 6258.61 6764.17 6660.66 7443.26 6636.27 6747.36 6354.06 6719.85 6028.39 5995.66 5695.54 6945.93 5966.9 6665.11 5633.01 6215.02 6204.74 6054.52 5663.12 6008.82 7207.9 7046.38 10212 11079.9 10748.7 10305.9 11467.2 10682.3 6525.65 6869.13 8544.06 8213.08 9609.11 9308.91 8257.72 8728.26 7002.22 7028.54 6239.78 6957.48 5683.86 5720.24 5176.36 8085.42 6427.89 7226.61 7065.77 7016.2 6883.16 6646.26 6578.72 7356.16 6796.25 6335.22 6910.46 6379.81 7797.39 7797.37 7924.31 8249.53 8293.19 8321.96 9172.04 6411.29 6275.14 7440.74 6479.14 6456.74 6370.5 6342.5 6621.64 5611.88 6802.79 6347.67 6121.05 5898.64 5890.75 7718.46 8955.23 8591.1 7502.93 5779.1 5975.85 7797.84 6740.22 6292.8 7578.06 7572.12 8031.71 7866.74 7983.78 6080.17 5918.94 6424.9 6503.75 8787.97 8145.71 
3290.05 3372.7 3878.79 4773.49 7182.96 7041.73 0 5084.6 3459.51 4054.72 4515.9 3476.95 4635.75 4667.02 4428.33 4538.97 3081.53 4569.62 3727.24 5547.46 5654.02 5135.14 6980.33 5504.39 8349.27 8910.47 9224.7 9150.18 9288.11 8586.36 8880.18 8173.31 8039.85 7985.91 8166.17 8756.4 8520.75 7894.71 8045.86 9713.36 9279.22 8376.1 5893.04 5579.27 5326.16 5189.52 5027.24 4541.16 5946.38 4134.81 5201.4 6626.69 5711.85 8622.91 6637.54 7227.66 8074.56 6227.6 7869.64 7272.02 6005.75 7949.05 7215.15 5511.48 6739.1 6555.21 6274.86 6542.7 3916.35 4330.67 4324.33 4607.02 4475.51 3965.27 5842.62 6776.49 6022.55 4542.03 5686.44 8240.18 5803.99 4506.38 4815.22 4842.56 12485.9 3660.68 4963.85 6811.33 4760.92 7373.35 7340.41 4648.36 7789.97 12718.9 4463.02 14384.3 8623.89 5745.27 5744.64 5057.44 6093.75 5441.56 5986.22 5627.78 5752.56 5588.59 5709.86 5396.14 5442.37 5444.27 5611.86 4237 4399.37 4604.05 4215.33 4242.99 3355.8 5550.36 5063.94 5976.52 6550.46 6032.46 5760.38 5803.84 5489.66 6742.9 6305.07 5907.41 6502.34 6063.37 6264.54 6159.56 5806.98 6205.25 6131.42 5820.76 6187.12 6514.82 4491.39 4481.9 4267.51 5560.18 4100.03 4476.34 4500.97 4134.97 4863.38 4525.89 6716.7 4504.29 5794.41 4195.04 4480.29 4082.61 3179.44 2767.96 4826 3236.6 3528.69 3777.12 3630.54 3768.32 3921.64 3451.71 3753.22 5713.81 5381.56 5660.35 6034.17 5570.15 5381.66 6511.84 7340.7 4490.71 4681.61 4349.39 3505.91 4903.81 4408.39 3721.9 5659.27 2987.92 3469.7 4291.07 4082.83 3514.02 3480.41 3558.95 4899.09 4196.19 4471.44 4106.01 4024.22 4028.08 4281.31 4318.58 4747.97 4949.22 4042.71 4848.74 3229.46 3530.83 3676.22 3706.33 3818.09 3710.66 3677.36 4120.41 4496.06 3930.12 3285.08 3365.65 3557.43 3078.3 4934.2 3304.42 4332.07 3255.26 3072.5 2797.42 4325.93 5006.32 6420.43 4861.11 3778.33 3242.01 3117.11 2872.53 3972.33 4360.51 4192.29 4772.26 4616.08 4637.11 6133.54 6560.27 3744.44 3209.12 4271.2 4443.23 6657.62 6507.68 
3803.12 3816.31 4024.4 4317.24 6770.81 6808.41 5084.6 0 3896.14 3289.48 2156.86 3085.25 3057.04 2861.74 2809.79 3051.95 4795.47 3309.27 3778.51 2918.61 5066.96 3461.55 3890.68 5628.24 6575.96 7000.84 7368.89 7322.67 7907.72 6884.32 7281.17 6439.1 5894.14 6055.43 6273.05 7105.13 7552.83 7174.05 7038.55 8617.93 8528.04 7203.14 4290.29 4573.68 4298.28 3703.15 3587.8 4985.81 4408.45 4463.79 4855.76 8116.84 5769.66 9536.87 7591.08 8587.64 9460.4 4684.94 9727.67 7973.08 4702.5 8325.23 8103.12 5037.69 7734.82 7852.7 7060.76 6278.75 4855.27 4129.37 4578.49 3402.14 4845.31 3950.35 8067.06 7024.57 8427.41 6270.77 7595.87 6485.15 6215.65 6285.2 4578.58 4866.9 14370.6 4071.59 7081.33 5263.59 5681.34 9086.9 8066.61 5681.26 9724.3 14897.9 6386.98 13959.6 6909.57 3653.51 4571.16 3820.69 4950.8 4438.67 4046.56 4404.9 4526.26 4453.01 4633.86 4204.15 4221.46 4278.7 4649.89 4168.64 4079.6 3840 2576.84 2916.51 2932.41 4043.4 3254.71 3903.22 5319.03 4573.91 4296.17 4838.93 3705.54 5464.56 4542.76 4254.51 4993.1 4298.09 4574.95 4702.88 4215.55 4882.27 4829.56 4225.53 4535.8 4972.51 2739.69 5814.98 3755.39 5849.49 2860.18 3282.5 4176.33 2744.14 2931.16 2663.59 7472.65 2486.14 6796.85 2844.45 3321.06 2535.35 3092.34 3781.29 3179.34 3237.23 3409.78 3859.46 2283.8 2598.57 2456.58 2483.28 2386.79 6514.52 5131.07 6538.39 7650.01 7792.61 7456.61 8285.99 7810.05 5222.54 5844.26 5335.9 5673.02 5796.72 5988.5 5376.62 5434.84 3944.32 4388.85 4434.36 3503.7 2510.66 2531.12 3014.96 6073.19 4228.28 4043.78 5445.38 4562.22 4151.91 5187.81 4199.11 4586.85 2734.86 4724.55 5000.79 3795.74 4841.51 5398.94 5027.79 5612.83 4708.77 5071.7 5514.62 2571.11 2580.87 4407.39 3056.54 2861.54 3192.26 4474.17 4026.06 4503.22 3633.84 3168.35 3496.38 5515.43 6729.75 4902.69 6554.74 5756.63 4531.42 3020.86 3536.27 3941.5 2814.77 2642.67 3682.43 6674.56 4579.28 6792.09 5850.02 3630.92 4066.83 2607.7 2948.17 3935.29 2932.23 
3507.36 2463.07 2333.39 2684.25 6058.58 6453.89 3459.51 3896.14 0 2283.4 3091.43 1890.15 3638.73 3186 3045.25 3408.2 2567.71 3181.11 1798.8 4244.94 4441.38 4081.46 5797.33 4425.56 6780.13 7483.92 7822.09 7628.81 7749.01 7124.82 7356.41 6630.25 6853.99 6492.89 6679.84 7235.17 7235.45 6452.82 6482.34 8271.19 7705.52 6961.32 4432.98 4096.15 3844.15 3772.64 3671.41 3351.5 4196.23 3601.71 3490.19 6547.49 4271.17 8338.48 6487.98 6861.86 7123.31 4945.22 7195.63 6777.93 5034.12 6876.79 6364.86 4181.65 6025.1 6903.59 5690.87 5147.2 3742.2 3346.89 2882.73 2886.35 2979.45 2233.99 6474.8 5401.7 6895.05 4864.82 6304.38 6354.92 4902.57 4502.37 3189.42 3606.41 12681.2 3534.05 5596.42 5697.98 5418.24 7316.89 7924.98 4765.01 8838.12 13753.1 5548.47 12493.5 7060.27 4755.34 4214.48 3597.15 4835.15 4034.47 4498.36 4336.39 4156.38 4145.46 4217.69 3985.87 3977.54 3889.02 4130.89 3921.17 3794.07 3574.08 3121.03 2978.02 2447.19 4300.08 3643.81 4743.38 5306.64 4503.66 4361.83 4392.66 4414.4 5442.77 4896.21 4438.16 5285.68 4558.01 4782.65 4823.42 4422.65 4907.61 4830.45 4747.75 4779.77 5065.61 3331.87 4594.46 3388.18 4750.72 2702.28 2968.06 2589.24 2557.48 3528.06 3351.89 5563.18 3321.05 5771.82 2796.14 3006.02 2792.22 2477.08 2161.76 3614.37 2059.19 2750.77 3118.59 2262.95 2278.43 2484.88 2092.67 2372.66 4620.96 3976.51 5136.68 6404.74 6127.2 5819.9 7217.24 7552.12 3848.87 3798.15 3510.65 3811.43 3925.66 3994.12 3676.75 5231.46 3148.73 3654.47 4247.32 3180.61 2060.23 2082.39 1534.44 4271.53 3107.05 4442.32 3269.88 3718.72 3366.61 3259.83 2908.11 4615.09 3788.56 3226.2 3677.48 3052.85 4270.62 4147.65 4063.22 4494.3 3588.64 4223.54 4086.05 3065.5 2194.05 2258.57 2127.69 2573.58 1999.07 4057.18 3204.63 3265.72 1911.75 1907.77 2274.24 3429.97 4472.23 4449.19 4963.22 3730.3 2733.72 2448.11 2041.06 2804.3 3288.2 3434.75 4272.96 4967.13 3149.59 5669.51 5413.53 3045.85 3216.54 3141.28 3206.79 5105.9 5310.93 
3027.19 2839.11 3147.81 3346.21 6700.39 6971.62 4054.72 3289.48 2283.4 0 2240.39 1948.89 3047.93 2429.18 2273.5 3098.09 3543.94 3326.14 2468.45 3364.78 3719.36 3582.81 4836.09 4251.89 5979.04 6683.73 7123.42 6784.89 7033.83 6208.12 6561.38 5663.67 5906.12 5683.73 5757.13 6347.02 6481.75 5982.48 5784.43 7469.49 7237.24 6323.4 3808.1 3194.47 3046.15 3131.55 3072.9 3621.78 3133.14 3408.44 3132.13 7482.58 4366.99 9181.24 7151.52 7546.97 8092.78 4392.78 8193.72 7655.14 4700.21 7938.55 7261.52 3682.11 6307.1 7573.25 6528.82 5672.69 4132.73 3174.37 3753.41 3575.74 3716.45 2932.81 6713.92 5520.46 7272.96 5458.99 6495.22 5671.68 5538.77 4997.09 3810.06 4089.51 13422 3366.81 6646.38 4972.16 5348.11 8050.59 8591.94 5242.23 9684.77 14079.3 5943.72 13087.3 7470.32 3917.46 3564.56 2820.84 4241.59 3332.46 3779.41 3727.49 3394.27 3482.38 3665.33 3281.83 3339.37 3400.25 3727.84 3699.17 3533.94 2979.48 2581.98 2769.05 2583 3623.61 2841.72 3942.06 4733.53 3851.96 3702.78 3692.91 3767.26 4813.94 4200.43 3863.99 4572.15 3894.31 4158.34 4265.09 3852.68 4314.5 4079.09 3978.21 4175.23 4174.04 2408.05 5210.83 3206.96 5200.68 1971.74 2170.05 3330.75 1720.79 2537.04 2496.29 6442.85 2510.08 6451.25 1917.4 2169.88 1886.08 2504.25 2636.79 2881.41 2260.76 2494.65 3669.7 1782.36 1677.04 1884.2 1847.95 1673.12 5291.33 4591.24 5069.62 6360.08 6529.27 6182.03 7222.14 7304.35 4643.56 4580.73 3459.94 3844.79 3945.68 4158.69 3365.54 5247.59 3085.13 3814.85 4477.42 3345.04 1652.99 1704.11 2146.61 4571.36 3417.91 4597.22 4031.57 3506.87 3008.02 3637.26 3058.04 4513.71 2609.53 3637.94 3635.18 3270.43 4153.72 4368.97 4197.47 4513.95 3442.64 4036.39 4150.74 2324.79 1284.39 2689.82 2228.76 2519.92 2020.32 4589.14 3229.31 4037.56 1999.63 1833.8 2304.18 4230.37 5325.49 5053.88 5324.98 4012.97 2854.85 2565.14 2543.54 2915.58 2967.67 3136.9 4073.07 5661.65 3460.83 6296.55 6034.31 3079.62 3298 2326.83 2541.14 4284.14 4328.08 
3104.97 3187.16 3410.15 3559.87 6427 6276.65 4515.9 2156.86 3091.43 2240.39 0 2335.55 2707.09 2281.77 2539.26 2887.59 4220.33 3236.8 2946.5 2715.51 4155.78 3441.77 3724.99 4899.02 6369.85 6889.62 7417.28 7097.16 7268.44 6533.93 6933.68 6036.7 5531.28 5895.56 6056.77 6706.59 6982.57 6551.69 6393.28 8017.83 7811.82 6802.51 3923.23 3734.01 3439.62 3269.92 3335.31 4462.57 3524.46 4119.03 4281.27 8038.86 5203.55 9522.52 7698.38 8473.64 9088.26 4497.23 9258.44 7801.81 4376.91 8510.01 8108.39 4658.03 7156.23 7963.86 6667.14 5747.08 4690.57 3776.8 4005.05 2995.18 4035.61 3262.3 7696.89 6581.44 8166.58 5926.96 7457.56 6233.63 5756.85 5911.21 4073.3 4469.4 13694.7 3738.23 6548.92 4973.23 5218.42 8366.59 8535.04 5333.98 9912.23 14267 6170.05 13216.1 6961.19 3453.1 3872.66 3219.73 4344.18 3714.9 3956.78 3912.64 3853.96 3786.04 3990.5 3666.71 3625.61 3736.23 4075.98 3924.17 3918.94 3297.03 2579 2893.93 2504.46 3729.01 2966.87 3958.45 4974.76 4161.21 3993.84 4270.13 3540.94 5048 4367.36 4012.59 4891.84 4046.96 4353.53 4430.84 3996.7 4549.23 4432.74 4042.59 4277.73 4572.78 2271.24 5271.9 3292.15 5245.06 2192.87 2495.82 3706.18 1986.38 2662.34 2378.79 6825.07 2056.26 5752.78 2134.53 2555.08 1709.82 2380.87 3037.92 2822.49 2536.55 2899.52 3294.18 1614.21 2042.11 1843.01 1846 1651.74 5877.36 4585.82 5997.02 7313.02 7375.49 7033.21 7991.94 7411.93 4897.89 5365.81 4469.52 4987.75 5059.65 5244.84 4612.19 5411.59 3569.63 4138.36 4142.84 3533.52 1749.79 1782.53 2248.22 5456.17 3764.82 4186.56 4702.8 4037.15 3567.31 4367.5 3623.79 4079.42 1935.37 4075.48 4108.71 3298.79 4553.17 4953.16 4645.68 5227.41 4334.87 4710.35 5037.32 1629.55 1772.03 3483.17 2579.52 2505.87 2405.3 4321.25 3606.34 4162.57 2786.63 2445.6 2761.73 4796.41 5970.23 4671.19 5990.45 4972.94 3721.33 2655.86 3035.91 3675.06 2458.75 2746.58 3315.02 6377.31 4001.13 6403.71 5679.75 2941.94 3381.07 2110.7 2367.32 3880.22 3249.7 
3071.01 2345.7 2672.47 2950.48 6273.18 6441.09 3476.95 3085.25 1890.15 1948.89 2335.55 0 3537.43 2810.04 2879.45 3342.51 3102.98 3075.42 2039.19 3821.03 3735.12 3947.06 5067.22 3937.18 6804.62 7257.09 7878.64 7519.32 7631.88 6951.51 7361.02 6504.27 6596.91 6345.7 6504.44 7092.47 7258.82 6590.21 6589.7 8242.71 7796.73 7056.74 4360.94 4059.4 3816.91 3725.31 3618.44 3533.8 3847.31 3789.49 3938.52 7114.53 4866.13 8785.3 6884.65 7399.46 7846.79 4938.15 8034.31 7188.76 4353.69 7604.87 7021.95 4302.4 6052.4 7346.54 5860.29 5348.33 3695.08 3364.17 3246.77 2960.17 3333.49 2576.63 6691.99 5858.47 7018.08 5015.74 6644.78 5932.54 5200.95 4808.51 3428.38 3892.67 12856 3206.11 6060.09 5251.94 5083.81 7517.11 8057.63 4621.66 8782.17 13395.5 5335.57 12707.6 6814.97 4440.11 4106.93 3421.07 4757.97 3933.09 4409.47 4239.26 4180.97 4080.78 4292.54 3900.31 3867.78 3946.69 4152.78 3831.66 3733.99 3487.22 2893.87 2802.65 2213.35 4318.78 3406.24 4632.16 5281.01 4553.54 4393.86 4531.54 4343.97 5441.48 4890.05 4385.11 5337.04 4496.93 4867.23 4884.8 4470.77 4961.42 4820.81 4638.68 4711.62 4911.74 2852.92 4592.67 3096.54 4673.35 2515.85 2788.68 2974.01 2293.74 3300.55 2985.31 5852.6 2716.56 5802.33 2460.12 2838.94 2382.12 2083.69 1969.51 3543.03 1816.74 2421.82 2838.8 1849.88 1961.31 2299.3 1765.2 2175.89 4725.25 3772.23 5553.59 6627.61 6381.99 6053.25 7423.89 7330.23 4109.95 4154.2 3955.54 3995.15 4477.69 4512.88 3825.17 5244.04 3128.23 3494.71 4001.82 3042.84 1834.38 1822.41 1739.77 4259.78 2943.11 4318.29 3602.7 3449.39 3170.93 3374.8 2820.83 4015.34 3030.95 3179.39 3483.5 2838.53 4119.12 4153.92 4039.62 4591.11 3722.65 4193 4315.71 2176.89 1707.25 2405.8 2098.57 2478.42 1749.39 4184.79 3061.47 3635.06 1983.32 1984.43 2145.05 3754.45 4889.22 4724.06 4472.63 3758.69 2736.35 2194.48 1993.72 2887.53 2710.96 2836.62 3764.82 5123.23 2955.55 5438.54 5231.88 2167.16 2742.84 2802.52 3057.92 4675.66 4282.99 
3451.04 3343.25 3452.38 3867.83 6440.13 6906.13 4635.75 3057.04 3638.73 3047.93 2707.09 3537.43 0 2633.85 1914.22 2270.04 4239.62 2649.59 3719.26 2694.96 5886.26 2697.51 4418.58 6320.44 4940.71 5423.06 5805.53 5634.34 6081.62 5007.3 5538.73 4800.29 4536.46 4322.84 4831.16 5536.63 5600.03 5332.03 5260.24 6817.89 6810.7 5368.42 2541.65 2656.97 2410.7 1893.54 1734.29 4422.55 3978.82 3848.56 3915.73 7761.84 4815.54 9085.81 7266.6 7982.29 8865.26 2947.6 8921.29 7001.25 4617.14 8074.76 7631.99 4821.31 7287.81 7630.08 6520.34 5834.56 4426.08 3801.64 3930.14 3241.16 4251 3397.67 7438.18 6749.95 7722 5506.18 6978.35 6757.98 5465.78 5715.53 3919.99 4198.01 13935 4320.43 6756.2 6162.53 6429.55 8624.85 8599.97 5755.97 9821.96 16251.2 6631.74 13418.9 8118.14 2108.37 2835.65 2550.44 3027.9 2655.38 2536.5 2554.8 2564.34 2505.03 2715.39 2357.92 2410.49 2496.81 2959.87 3689.42 3901.71 2990.42 2304.57 2822.56 2667.71 2094.09 1779.95 2369.02 3444.32 2603 2472.7 2970.49 2092.43 3498.37 2789.18 2473.14 3095.96 2543.6 2570.77 2596.56 2318.75 2857.6 2811.18 2534.95 2639.02 3112.16 1690.75 5970.18 3421.6 6183.16 1397.75 1592.18 3692.55 1811.65 2021.46 2209.45 6538.61 2387.52 7249.94 1476.75 1671.9 1927.42 3060.76 3422.33 1524.13 2788.88 3624.84 3659.79 2162.22 2358.84 1881.84 2051.09 1961.53 6720.94 5300.47 5804.76 6981.98 7028.67 6714.94 7717.95 7095.45 4590.91 5343.11 4966.2 5205.04 5543.99 5497.86 4860.31 4628.77 3562.08 4099.71 4398.53 3543.12 1951.64 2015.66 2478.53 5901.49 4077.76 3609.7 4677.87 4549.72 3710.69 4885.69 4051.55 4632.65 2372.7 4243.16 4689.16 3487.04 4683.45 4826.55 4392.09 4899.71 4266.63 4687.63 4890.69 3192.93 2441.22 4266.53 2923.71 2947.61 3298.22 4385.76 3462.81 3744.4 3220.55 2676.15 3062.09 5139.32 6275.94 5536.57 7165.96 5940.99 4685.1 2669.03 3129.35 3827.01 2899.76 3126.01 4516.23 6592.36 4596.02 7486.66 6534.29 3968.1 4001.69 1554.7 1356.91 3828.14 3637.35 
3849.02 3523.95 3950.56 3924.91 6770.74 6803.79 4667.02 2861.74 3186 2429.18 2281.77 2810.04 2633.85 0 2366.1 2920.21 4614.23 3234.08 3337.53 3010.08 4405.75 3460.4 4214.38 4874.8 6401.91 6737.68 7382.15 7158 7370.93 6398.64 6979.97 6072.99 5828.53 5764.98 6069.89 6867.88 7218.43 6822.28 6677.41 8325.72 8204.86 6937.99 3882.96 4065.95 3826.55 3436.48 3395.8 4246.64 3632.79 4312.85 3805.66 8132.58 4784.43 9653.97 7556.23 8573.21 8684.16 4732.56 9239.57 7814.28 4922.8 8299.29 7577.92 4524.97 6922.06 7630.4 7067.31 6120.16 4762.09 3798.05 4333.94 3400.29 4636.59 3831.43 7751.69 6029.8 8177.33 6277.93 7435.08 5595.49 6200.28 6168.33 4477.18 4886.33 14275.5 3638.45 6835.7 4714.28 5248.75 8971.44 8118.99 5364.15 9512.3 14519.4 5943.22 13766 6863.06 3278.55 4228.14 3514.06 4517.87 3972.5 3712.18 4042.18 4097.41 4099.24 4282.65 3870.48 3884.68 3961.25 4367.53 4066.16 4119.4 3676.48 2633.29 2926.08 2864.93 3740.77 2983.82 3675.34 5123.86 4154.21 3999.73 4517.84 3555.83 5301.07 4326.93 3883.85 4668.61 4004.27 4290.07 4127.22 3867.53 4662.55 4501.73 3896.95 4201.51 4591.95 2224.45 5013.89 3195.73 5922.31 2494.16 2758.03 3904.7 2183.2 2444.36 2583.44 6979.41 2321.51 6567.92 2455.1 2873.4 1941.97 2705.24 3564.33 2927.33 2704.25 2785.45 3660.27 2056.57 2041.66 2212.21 2390.41 2285.66 5977.03 5183.03 5939.6 7407.52 7521.74 7109.03 8278.16 7759.14 4697.56 5171.49 4343.17 5173.99 4832.78 5100.85 4805.73 5507.81 3569.66 4462.02 4522.73 3531.61 2300.99 2358.66 2825.12 5032.71 3612.47 4210.91 4485.91 4486.8 3540.97 4350.3 3537.31 4773.75 2455.95 4244.44 4161.54 3887.47 4658.63 5038.83 4926.79 5412.85 4160.67 4803.99 4790.19 2427.23 1913 3411.72 2629.39 2686.89 2702.35 4855.84 3932.75 4405.72 2670.8 2753.39 3340.77 5175.92 6497.24 4369.69 6087.68 4849.54 3752.92 2923.66 3116.96 3408.66 2492.54 2918.14 3719.31 6074.38 3726.2 6791.58 5645.86 3476.71 3881.69 2102.82 2589.6 3719.87 3582.62 
2981.29 2654.44 2878.18 3198.15 5651.57 6616.92 4428.33 2809.79 3045.25 2273.5 2539.26 2879.45 1914.22 2366.1 0 2174.36 3608.79 2122.78 3021.79 2330.49 5279.97 2553.24 4318.41 5683.45 4788.97 5346.18 5602.79 5500.72 6030.95 4975.7 5494.51 4567.71 4669.29 4431.1 4579.95 5220 5601.18 5144.87 5087.63 6679.67 6517.83 5467.03 2568.71 2534.61 2246.63 2196.35 2172.41 3942.47 3431.46 3547.27 3550.41 7407.97 4472.37 8484.24 6940.62 7626.94 8497.68 3272.34 8668.35 7024.04 4768.87 7612.92 7452.39 4298.84 6903.6 7650.85 6116.91 4884.06 3818.1 3332.27 3457.23 2728.18 3464.63 2624.58 7103.49 6146.28 7158.14 5372.31 6559.03 6400.3 4939.53 5262.64 3253.39 3655.76 13256 3797.57 6793.57 5906.23 6249.52 7865.06 8388.67 5348.33 9979.92 15788.3 5961.71 12674.4 8153.57 2492.7 2712.07 1975.45 3146.53 2444.65 2588.69 2681.97 2726.36 2617.48 2931.96 2527.58 2485.52 2617.44 2854.11 3161.45 3192.02 2933.56 1632.91 2025.96 2378.72 2351.95 1597.48 2286.98 3816.99 2929.12 2705.66 2985.13 2183.39 3858.78 2862.87 2793.23 3213.51 2804.12 2924.98 2894.47 2483.52 3314.32 3121.39 2919.43 2950.95 3313.3 1635.71 5899.66 3136.24 5436.78 1213.34 1369.26 3141.33 1137.53 1643.5 1575.32 6227.7 2452.73 6916.08 1244.34 1522.91 1462.19 2688.96 2697.82 1809.66 2173.62 3102.11 3444.7 1935.84 1707.68 1201.27 1559.57 1399.78 5918.98 4842.72 5403.19 6595.69 6760.01 6421 7347.83 6887.01 4253.38 4917.22 4300.65 4415.69 4783.96 4744.52 4019.95 4378.21 2947.64 3158.92 3804.43 2824.07 1242.89 1280.99 1750.03 5282.37 3407.56 3537 4056.96 3824.26 3073.34 4158.66 3299.85 4310.33 2381.48 3694.07 4126.15 3178.6 3997.02 4281.82 4212.47 4610.55 3711.08 3885.14 4652.59 2697.97 1661.74 3517.02 2136.39 2391.09 2721.47 3806.1 2956.66 3529.75 2493.89 1995.63 2333.28 4344.69 5534.9 5456.49 6568.16 5289.82 3904.36 2251.25 2452.26 3038.83 2537.31 2689.93 4346.57 6253.99 4250.22 6782.33 6399.86 3386.09 3565.39 1464.85 1347.92 3848.25 3457.85 
3218.9 3073.81 3167.12 3498.56 6153.77 6979.81 4538.97 3051.95 3408.2 3098.09 2887.59 3342.51 2270.04 2920.21 2174.36 0 3932.39 2286.89 3435.86 2666.81 5781.58 1954.95 5562.22 6154.32 5649.3 6144.08 6804.52 6285.47 6268.99 5707.5 5847.05 5369.52 6122.27 5144.4 5583.58 6101.26 6327.11 5957.98 6041.23 7583.29 7530.14 6035.99 2814 3476.22 3173.27 2552.46 2206.48 4078.65 4473.74 2975.31 3563.99 6732.36 4039.89 7875.73 6566.82 6907.8 7892.56 3160.23 8023.62 6477.24 3850.7 7020.03 7277.07 4270.19 6456.68 7500.18 6151.61 5572.7 3705.12 2582.63 3724.08 2811.42 3930.15 3064.76 6842.98 5600.37 6723.42 4622.01 6003.73 5993.48 4888.84 5074.37 3692.74 3727.39 13604.9 4420.92 6586.59 6209.27 6150.42 8295.03 8297.82 5992.32 9158.43 16104.7 6171.94 13115.3 7304.56 2993.77 3647.73 3127.12 3433.71 3463.98 3424.23 3023.56 3231.69 3248.9 3399.4 3152.85 3224.39 3249.72 3563.93 2774.76 3455.79 2409.74 2061.24 2564.34 2565.15 2530.19 2707.05 3163.55 3558.35 2462.23 2614.97 3501.83 2546.8 3465.64 2772.98 2284.48 3014.03 2484.7 2652.67 2681.32 2401.31 2794.38 2780.49 2628.17 2497.03 2977.1 2264.77 5862.48 3144.84 5789.02 2118.28 2474.78 3273.43 2183.17 2770.86 2625.29 6145.66 2792.3 7188.1 2255.54 2493.24 2234.34 2966.52 3100.2 2288.91 2432.48 3502.76 3665.06 1961.21 2139.56 1882.06 1859.54 1908.82 6391.83 5026 5344.57 6229.09 6413.88 6072.88 6978.1 6118.14 4373.89 4744.89 4815.56 4925.03 5288.09 5191.45 4503.45 3413.74 3429.43 3758.99 3854.46 3296.71 1652.06 1687.25 2148.72 5506.24 3674.68 3221.69 4166.98 4126.5 2987.1 4358.08 3598.13 4255.51 3109.22 3714.42 4162.87 3371.44 4734.03 4009.53 3534.43 4402.16 3517.4 3787.65 4302.23 3102.12 2472.59 3922.82 2934.64 2990 3111.85 4382.78 3115.88 3081.24 2884.65 2369.05 2718.73 4809.38 5931.9 5520.39 6954.28 5744.25 4402.3 2564.73 2790.16 3693.56 2777.03 3243.51 4792.36 6573.01 4618.81 7389.16 6076.01 3769.84 3939.08 1908.32 2357.99 4142.02 4220.22 
2503.15 2881.03 2330.13 3416.49 6303.62 6388.07 3081.53 4795.47 2567.71 3543.94 4220.33 3102.98 4239.62 4614.23 3608.79 3932.39 0 3770.75 2888.24 5085.95 5679.93 4638.08 6857.65 5856.25 7390.03 8148.69 8447.67 8269.68 8388.86 7765.89 8062.36 7260.05 7520.81 7159.96 7344.83 7882.04 7808 6993.72 7092.17 8826.13 8301.56 7516.87 5047.23 4736.93 4395.44 4277.23 4197.63 4082.78 5558.09 3797.91 4657.97 6735.26 5564.33 7476 7118.47 6960.91 7958.47 5525 7619.6 6293.08 5845.14 7605.45 7520.52 5143.59 6390.61 6988.55 5392.58 5778.08 3286.58 3971.71 2869.98 3683.32 3190.46 2606.64 5691.86 6961.4 5288.88 3826.9 5548.77 8104.78 5041 3862.03 3816.87 4044.94 11251.7 4251.83 5167.47 7371.88 4973.81 6136.33 7053.17 4176.87 8236.23 13271 5067.86 13048.2 8762.41 5356.05 4872.71 4250.86 5393.56 4584.52 5134.4 4877.66 4744.66 4764.87 4894.46 4635.24 4585.78 4518.49 4721.01 3449.58 3345.09 4044.86 3386.97 3467.06 2846.93 4814.11 4172.87 5336.43 5828.43 5041.16 4930.9 4844.78 4974.57 5982.49 5425.36 4935.61 5763.61 5137.06 5312.5 5333.88 4921.38 5421.99 5338.69 5295.26 5296.37 5624.08 3999.33 4795.95 4301.24 4807.33 3256.99 3469.59 3364.14 3263.54 4390.56 4154.2 5778.63 4263.96 5688.39 3342.79 3522.01 3500.39 2961.84 1951.82 4178.42 2873.27 3668.63 3208.89 3264.95 3100.12 3151.4 2641.26 3066.18 5218.1 4714.45 5747.1 6202.75 5468.94 5301.27 6181.57 6037.95 3554.15 3704.4 4326.96 3313.54 5137.68 4590.3 3642.76 4817.43 3031.07 2415.07 3409.89 3760.45 2544.16 2529.89 2103.44 4125.17 3288.95 3914.18 3540.03 2760.53 3020.28 3749.17 3492.36 3509.71 4561.72 3246.54 4088.52 2584.11 3768.3 2961.1 3115.1 3220.82 3624.96 3460.09 4429.66 4018.28 3348.26 3236.96 3178.59 3519.26 2953.52 4398.38 2260.5 3188.34 2874.91 2360.21 2097.98 3074.54 4178.98 6058.53 5590.14 4026.35 3154.16 2569.6 2261.21 3825.88 3994.23 3945.14 5054.06 5052.29 4728.14 5783.65 6000.45 3062.59 2732.6 3838.41 3810.1 6556.92 6180.55 
3520.12 2856.08 3065.44 3331.92 5608.78 6652.02 4569.62 3309.27 3181.11 3326.14 3236.8 3075.42 2649.59 3234.08 2122.78 2286.89 3770.75 0 3302.86 3042.12 6186.76 2483.66 5444.05 6350.3 5530.27 6317.41 6579.97 6336.07 6989.27 5968.75 6081.19 5513.9 5524.23 5207.99 5569.84 6254.03 6500.02 5985.44 5951.85 7649.68 7444.77 6242.84 3406.77 3555.85 3386.34 3152.73 2930.55 4059.06 4608.12 3689.68 4005.01 6873.4 5015.14 7891.71 6536.84 6974.95 8179.04 3914.73 8124.44 6276.68 4014.28 6976.16 6922.34 4663.99 6334.33 7287.96 6024.97 5206.44 3425.73 3276.57 3420.57 2490.13 3719.41 2848.22 6713.18 6089.73 6582.61 4829.17 6404.33 6748.11 4591.84 4967.71 3027.83 3418.98 13396.1 4301.53 6368.41 6234.81 6318.69 8040.7 7731.99 5310.74 9263.43 15906.1 5733.33 12886.8 7400.37 3095.82 3959.4 3381.62 4251.61 3762.31 3616.79 3914.49 3563.26 3556.38 3791.95 3560.39 3547.69 3450.69 3674.45 3328.85 3356.15 3191.67 2229.97 2181.66 2319.09 3017.01 2761.72 3150.41 4493.88 3435.25 3262.64 3752.47 2831.39 4388.15 3287.97 3351.17 3731.28 3276.48 3403.41 3418.75 3166.7 3874.47 3586 3387.78 3524.68 3620.12 2343.31 5570.02 3043.18 5688.68 2524.58 2753.22 3169.8 2333.12 2748 2675.43 5950.02 3061.06 6926.08 2568.27 2857.57 2504.18 2993.8 2869.53 2627.73 2377.44 3632.15 3306.25 2505.98 2452.1 2198.92 2013.5 2446.23 6040.74 4772.73 5916.99 6694.25 6704.87 6126.73 7532.03 6758.64 4016.41 4577 4913.19 4652.19 5712.69 5582.85 4436.07 4011.24 3492.88 3371.79 3637.33 2801.53 1959.03 2012.79 1969.92 5199.53 3326.09 2998.71 4209.8 3988.53 3251.78 4087.84 3377.43 4174.7 3480.35 3747.38 3993.82 3391.9 4493.77 4298.1 3978.68 4632.77 4093.33 4416.57 4926.55 3357.11 2887.55 3985.07 2666.45 2896.85 3105.37 3553.76 3213.04 3118.82 3173.97 2768.13 2802.02 4597.66 5739.69 4972.65 6640.18 5523.2 4339.43 2433.84 2613.87 3633.94 2751.34 3080.42 4558.05 5987.15 3882.43 6954.19 5985.31 3596.29 3701.6 2309.71 2578.88 4543.32 4227.61 
3309.03 2487.91 1863.89 2469.37 5319.79 5528.05 3727.24 3778.51 1798.8 2468.45 2946.5 2039.19 3719.26 3337.53 3021.79 3435.86 2888.24 3302.86 0 4095.12 4853.99 4079.64 5650.38 4815.73 6950 7552.5 8093.63 7708.45 7822.92 7205.04 7544.64 6657.31 6884.74 6554.08 6774.8 7317.36 7461.45 6589.17 6611.17 8449.95 7831.51 7084.52 4480.7 4209.14 3953.98 3752.17 3706.33 3753.77 4712.02 3833.7 4066.99 7106.67 5037.66 7917.06 7034.84 7139.18 7884.95 5078.6 7574.61 6519.59 5039.05 7165.61 7219.38 4695.53 6680.34 7671.57 5072.11 4420.53 3930.9 3468.71 2453.23 2291.5 2484.83 1784.34 6880.05 6337.85 7200.26 5203.22 6783.78 6823.84 5130.01 5092.54 2807.55 3711.86 11869.9 3739.47 5504.69 6144.81 5572.73 6782.06 7714.59 4932.85 9295.21 14239.5 5646.91 11576.4 7454.19 4703.07 4337.5 3648.09 4887.13 4121.78 4545.77 4383.57 4251.75 4290.82 4392.6 4105.57 4034.35 4008.02 4195.25 3923.76 3962.59 3676.22 3043.38 2941.92 2448.45 4383.36 3537.7 4828.04 5352.96 4623.32 4471.72 4417.59 4486.56 5545.39 4959.8 4467.97 5422.16 4592.21 4895.99 4975.5 4512.79 5048.93 4966.49 4809.05 4783.18 5114.44 3251.67 5041.29 3285.8 3773.8 2637.48 2884.46 2258.99 2548.78 3577.75 3401.67 5243.92 3407.36 5437.73 2656.46 2907.96 2565.84 2474.41 2081.68 3750.14 2173.36 2750.57 3065.34 2315.12 2189.82 2497.59 1984.06 2106.41 4000.86 3543.72 5597.39 6760.11 6479.26 6073.1 7543.91 7440.38 3695.92 3997.75 4070.85 4153.86 4759.08 4685.36 3888.31 5425.49 3229.82 3655.96 3894.33 3268.07 1894.21 1894.75 1364 4736.07 3101.38 4578.37 3573.77 3915.58 3384.82 3650.94 3250.98 4685.06 3632.25 3449.77 3895.88 3188.19 4368.41 4135.86 4214.72 4636.18 3933.87 4298.87 4369.39 2917.76 2182.7 2739.47 2397.87 2328.81 1889.43 4118.96 3219.15 2951.45 2117.22 2034.51 2296 2995.16 3871.45 4624.76 5438 4236.24 3113.08 2461.65 2014.93 3324.25 3214.54 3129.73 4540.88 5295.75 3714.82 5333.85 5405.45 2872.15 3210.97 3013.37 3168.24 5583.79 5155.72 
4055 4054.42 4278.66 4614.32 7010.12 7378.67 5547.46 2918.61 4244.94 3364.78 2715.51 3821.03 2694.96 3010.08 2330.49 2666.81 5085.95 3042.12 4095.12 0 5988.83 2887.11 4781.95 6618.07 5429.67 5904.53 6484.34 5857.58 6391.52 5429.11 5672.62 5012.96 5579.72 4747.91 5189.72 5758.56 7033.93 6789.32 6651.51 8196.04 8112.94 6929.04 3029.62 3915.23 3679.12 3277.53 3342.41 5299.8 4422.05 4672.06 4538.19 8182.71 5136.05 8915 7743.43 8262.89 9305.58 3916.03 9625.56 7539.73 4813.08 7793.76 8376.9 5595.01 7398.06 8457.12 7383.78 6504.33 4483.51 3604.85 4765.38 3434.42 4941.17 4164.83 7981.02 6690.15 7767.81 5923.1 7428.51 6582.87 6331.23 6540.54 4695.04 5013.43 14728.8 4700.6 7274.48 5630.23 6264.54 9352.82 8709.96 6247.29 9947.82 15983 6089.1 14137.1 7551.89 2895.15 4230.68 3529.58 3800.09 3997.64 3664.01 3703.09 3837.67 3972.28 4090.65 3866.33 3929.49 4038.3 4535.93 3608.99 4001.7 3801.9 2886.83 2955.89 3482.91 3058.43 2851.04 2879.84 4879.48 3540.39 3594.9 4431.45 2951.29 4685.25 3202.52 3356.52 3785.63 3123.92 3463.42 3222.82 3174.31 4094.13 3862.44 3590.03 3281.56 3859.73 2569.83 6285.42 3431.76 6178.31 2692.94 2956.98 4381.2 2675.21 2764.89 2675.81 7437.98 2792.84 7332.59 2647.31 3036.65 2571.85 3470.62 4008.14 2757.14 3407.77 3960.8 4107.69 2737.87 3025.74 2581.17 2830.62 2310.6 6776.93 5550.61 6718.37 7809.53 7931.88 7400.79 8624.41 7204.54 5008.87 5699.25 5415.32 5762.6 6095.29 6246.47 5421.71 4378.73 4235.18 4488.84 4477.67 3467.12 2696.94 2763.82 3218.4 6211.89 4422.8 4074.87 5243.38 4960.88 4097.43 5269.56 4660.21 4954.57 3145.75 4754.02 4858.96 4316.06 5584.97 4897.47 4810.82 5668.49 4471.79 4624.21 5763.74 3253.8 2630.65 4614.73 3410.02 3201.3 3662.26 4881.13 4327.06 4572.66 3895.38 3412.91 3772.83 5843.09 6938.46 5616.24 7396.44 6295.13 4828.65 3448.26 3848.51 4287.51 2891.05 3231.98 4762.38 7171.68 4817.19 7576.98 6285.19 4197.06 4634.52 2188.52 2807.9 4070.07 3818.9 
5317.58 5498.48 5786.02 5927.1 9400.09 9153.91 5654.02 5066.96 4441.38 3719.36 4155.78 3735.12 5886.26 4405.75 5279.97 5781.58 5679.93 6186.76 4853.99 5988.83 0 6404.16 6648.11 3013.14 9187.3 9771.92 10316.3 9947.2 10064.8 9439.14 9780.47 8900.6 8804.59 8785.33 8999.68 9541.45 9685.85 9172.54 9029.75 10690.2 10432.2 9470.78 6721.34 6449.45 6167.23 5983.16 5947.76 5682.74 4954.65 5786.87 5418.18 9755.69 6650.15 11669.9 9629.53 10248.9 10167.5 7320.35 10647.9 10205.8 6952.68 10433.7 9461.34 5561.06 8483.35 9722.76 9009.08 8414.2 6414.41 5612.7 6374.48 6088.65 6343.8 5648.24 8614.54 6750.21 9533.44 7729.27 8547.51 5241.39 8337.62 7360.84 6712.16 7053.03 15639.9 4971.64 8299.69 4711.07 6258.07 10337.2 10038.9 7324.51 10587.1 11777 7411.77 15768.8 6519.26 6784.05 6544.84 5854.08 7126.11 6377.49 6780.29 6628.03 6554.04 6506.88 6731.51 6335.77 6290.83 6404.45 6711.49 6005.16 5990.85 5608.03 5279.48 5382.57 5109.94 6620.39 5752.76 7073.71 7655.71 6865.13 6717.14 6858.5 6751.52 7830.37 7188.36 6696.83 7671.46 6831.66 7139.12 7212.74 6750.31 7292.84 7187.53 6941.93 7022.5 7333.23 5309.68 6479.16 5394.52 7571.54 4832.68 5109.38 5984.99 4702.56 5567.69 5217.9 8737.66 4739.9 7694.25 4830.19 5143.45 4613.84 4495.92 4912.35 5867.17 4758.1 4410.09 5877.59 4163.66 4274.05 4724.13 4393.24 4423 7236.75 6777.24 7194.16 8507.62 8529.74 8238.45 9397.43 9693.7 6880.28 6669.46 5102.97 5991.73 5026.36 5763.24 5869.57 7834.85 5356.58 6104.53 6859.12 6009.94 4305.75 4326.94 4798.75 6328.57 5683.47 7076.91 6314.77 5824.81 5603.44 5978.38 5487.38 6360.23 4732.89 6176.03 5743.02 5749 6190.69 6361.89 6256.93 6640 5338.98 6031.83 5608.36 3673.18 3833.23 4090.05 4523.33 4907.65 3936.54 7406.99 5548.77 6597.5 4056.69 4162.62 4626.11 6482.35 7685.26 6556.69 5316.63 4637.61 4192.59 4951.35 4836.39 4697.71 4748.9 5211.53 5542.33 6723.27 4339.12 7423.86 7148.98 4522.73 5318.33 5058.23 5454.1 5834.4 5298.64 
