235 235
0 3213.19 3122.18 3796.33 3189.61 3507.36 3027.19 3104.97 3071.01 3451.04 3849.02 2981.29 2851.47 4138.69 3218.9 2503.15 3309.03 5317.58 6421.62 5746.36 7366.68 7055.28 7882.24 7888.07 8071.13 7543.14 7698.96 7642.32 7369.27 6620.83 6393.53 6569.1 7105.37 7117.35 7336.53 6649.97 8325.98 7998.57 8443.2 4086.32 5041.97 4280.16 3861.39 4603.42 3703.53 3613.47 3591.49 4069.36 4892.08 3446.9 6907.26 5452.45 5664.18 4663.22 5517.2 7884.31 9013.73 9048.82 4936.63 7639.14 8645.14 6520.09 8069.77 8228.15 4896.13 7162.18 7381.17 8000.94 6248.55 5976.76 3467.45 3584.55 3672.04 3680.76 2987.7 5308.78 6987.74 5785.62 4172.57 5333.47 7691.19 5744.46 5311.08 3660.54 3166.96 4488.21 11994.2 3806.35 10418.8 5881.89 6878.88 4661.3 7569.42 8793.38 13481.4 5366.32 6371.99 9099.04 9199.32 4583.5 3658.5 3511.4 4782.68 4022.88 3599.29 4429.57 4239.68 4176.17 4371.34 3898.72 3926.52 4040.76 3839.72 4355.87 3158.31 2687.8 4817.09 2972.97 3433.31 2665.81 2984.1 2991.86 2789.88 3907.49 3607.05 4498.49 4723.92 5327.91 4598.66 4378.05 4543.71 4660.46 4365.33 5287.64 5540.49 5052.56 4404.75 5344.14 5239.81 4489.43 4866.48 4424.98 4999.36 4996.62 4909.64 5212.77 4689.49 5045.58 5158.71 5025.86 3065.25 2418.46 3770.94 2959.6 2812.32 3910.27 9838.79 4452.17 6696.11 4656.6 6495.92 2547.5 2707.79 2397.53 3446.63 2047.51 2215.2 5569.17 4964.22 5584.38 6514.35 5837.93 6118 5585.05 5424.85 5752.44 4527.9 4832.05 4413.74 5292.42 3792.96 3463.23 5290.97 4508.35 4446.85 2123.45 3483.22 2596.56 4934.65 3839.13 3609.46 4375.88 4307.97 2762.69 3117.11 4360.54 3835.07 3737.83 3400.47 3157.97 3626.16 4066.44 3037.96 4530.04 4483.44 2842.89 3251.98 2890.23 3516.72 3186.01 3892.35 2599.57 3219.79 4644.56 2512.81 2670.16 2692.92 2112.95 1697.87 4163.74 5296.56 3377.74 3374.4 4079.64 3187.76 3534.17 3467.6 4533.83 5036.43 4140.17 4419.56 2853.91 2975.18 5803.08 5151 
3213.19 0 2284.65 2705.43 2767.51 2463.07 2839.11 3187.16 2345.7 3343.25 3523.95 2654.44 2627.48 4910.99 3073.81 2881.03 2487.91 5498.48 6340.92 5660.26 6930.05 6672.24 7529.17 7498.31 7661.4 7132 7284.76 7325.58 6977.19 6451.26 6002.91 6215.41 6919.66 6737.05 6957.38 6288.26 7975.21 7472.75 7912.73 3770.98 4605.64 4002.46 3540.16 4238.93 3401.22 3295.58 3330.44 4071.06 4596.96 4014.55 6830.95 5392.35 5426.32 4353.75 5262.5 7833.81 8148.62 7091.07 4592.24 5911.52 7020.98 7039.59 7173.85 6156.85 5021.52 5706.01 6816.59 6205.49 4879.79 4565.67 3694.35 3766.02 2872.36 2826.79 2195.9 7258.44 6785.4 6338.88 4454.49 5903.55 7190.68 3805.62 3336.85 4036.16 4398.95 2803.94 11429.6 4200.45 10996 5449.7 6894.48 6209.9 8772.74 8670.41 14034.3 5639.39 7104.76 8286.24 8776.2 4454.56 3518.21 3210.34 4453.48 3630.82 3276.86 4147.75 3966.17 3820.83 4038.3 3610.13 3608.6 3731.1 3507.59 3900.8 3384.25 3917.91 4187.78 3715.53 3740.57 2652.73 2733.82 3284.61 1990.43 4169.13 3111.38 4203.2 4321.33 5043.05 4245.92 4046.78 4207.86 4416.52 4005.31 4883.74 5201.42 4757.87 4128.75 4959.07 4922.24 4103.88 4515.62 4101.25 4625.82 4647.73 4588.78 4838.5 4424.8 4717.03 4875.08 4730.42 2924.66 2571.47 3875.07 2684.92 2580.83 2629.4 8583.08 4205.37 5573.61 4302.47 5463.67 2327.13 2572.81 2663.78 3188.25 1768.34 2117.82 5257.12 4148.35 5985.18 6417.56 6963.51 7043.72 6680.21 6403.75 7552.5 3893.87 4030.83 5099.47 5669.24 4707.2 4354.43 5288.74 5196.47 4918.01 3389.44 3037.14 3989.87 4217.31 2650.04 4491.91 2783.53 3718.4 3722.56 3000.5 2783.79 2629.67 4204.39 2429.27 2884.86 3555.78 2295.55 2739.35 2720.28 3078.45 2732.19 4524.16 4175.69 4317.96 2860.07 3224.96 2286.69 3335.69 3274.11 2946.15 2492.03 2345.09 2161.27 2200.92 3235.22 4150.65 3373.09 3651.89 4820.39 3712.05 4271.56 3546.14 4837.68 4148.69 3368.21 3932.32 2854.22 2789.97 5504.4 5059.28 
3122.18 2284.65 0 2388.03 3185.46 2333.39 3147.81 3410.15 2672.47 3452.38 3950.56 2878.18 2783.84 5068.36 3167.12 2330.13 1863.89 5786.02 6675.28 5892.87 7415.29 7035.47 8003.09 7759.39 8053.67 7570.08 7630.96 7460.05 7323.9 6738.41 6421.44 6625.31 6949.87 7150.51 7138.2 6364.36 8140.34 7584.95 7866.64 4005.66 4886.53 4190.46 3730.63 4483.07 3533.09 3411.36 3421.05 4296.91 4904.71 3922.87 6952.26 5492.7 5742.73 4579.94 5565.34 7091.81 9286.28 8152.73 4791.52 7057.95 7604.5 5926.68 7285.05 7464.61 5235.75 6723.65 7669.7 7415.73 4138.62 4061.58 3718.33 3726.65 2269.64 2247.22 1456.72 7058.74 6953.46 6962.32 4931.28 6055.77 7719.27 4377.38 4037.52 4161.87 4318.99 3176.52 10977.6 4397.55 11696.4 5391.35 7266.45 6175.95 8098.7 9541.25 14779.4 6200.35 7320.43 8342.19 8912.52 4549.39 3678.85 3554.78 4598.35 3863.64 3551.38 4302.65 4019.8 4066.79 4106.52 3649.16 3894.52 3755.41 3797.51 3923.73 3319.71 3773.74 4487.87 3692.36 3617.97 2739.06 2831.04 3204.87 2325.29 3977.95 3264.7 4291.58 4561.3 5003.66 4351.31 4207.05 4034.78 4395.22 4185.85 5035.13 5208.45 4735.77 4225.66 5091.51 4954.41 4411.53 4634.81 4185.6 4670.83 4666.97 4601.26 4963.71 4530.26 4771.56 4880.56 4924.22 3240 2395.55 4079.56 2960.78 2736.8 2377.18 8377.64 4607.87 4773.15 3338.95 5555.88 2542.65 2723.08 2622.86 3428.25 1834.24 2305.6 4589.08 3667.86 6001.63 6457.46 6850.55 6933.59 6442.65 6185.81 7317.91 3558.44 4001.92 5040.28 5565.37 4558.46 4285.1 5328.82 5060.04 4811.64 3209.41 3518.22 3853.7 4958.61 3147.48 4599.24 3616.43 4263.52 3557.38 3208.78 3789.52 3117.43 3968.22 2773.58 2991.47 3762.82 3198.37 2847.59 3588.18 3731.06 2686.96 4460.74 3790.43 4228.95 3265.33 3588.96 2622.83 3349.34 3931.74 2682.34 2728.02 2716.05 2276.4 2067.23 2732.51 3779.47 3671.6 3738.48 4753.77 3748.37 4039.38 3659.21 4645.19 4526.89 3803.55 4228.19 3038.31 3060.79 5879.96 5379.99 
3796.33 2705.43 2388.03 0 3234.71 2684.25 3346.21 3559.87 2950.48 3867.83 3924.91 3198.15 3317.2 5399.41 3498.56 3416.49 2469.37 5927.1 6730.1 6127.78 7645.37 7373.77 8262.42 8179.73 8367.26 7851.8 8002.39 7866.97 7662.11 7098.02 6651.89 6884.26 7312.14 7462.38 7525.07 6734.31 8551.79 8027.17 8347.94 4359.55 5270.53 4432.62 4112.25 4776.8 3869.27 3788.98 3742.74 4535.7 5166.89 4413.39 7239.77 5890.66 5949.42 4704.39 5800.69 7480.06 9388.16 7787.02 5119.49 7154.74 6903.33 6284.85 6471.69 7406.73 5437.2 7353.15 8340.52 7835.51 4985.89 4571.73 4633.96 4323.15 3036.19 3196.26 2269.36 7932.6 7322.65 7875.91 5839.44 6560.07 7669.29 4404.24 4634.55 5039.76 5161.63 3234.24 11051.4 4914.23 12218.4 5851.79 7400.12 6913.55 9156.28 10301.4 15396.7 6785.05 7583.33 8507.58 9627.87 4877.1 3975.23 3823.78 4974.01 4240.45 3781.22 4592.63 4395.77 4384.02 4522.23 4037.39 4141.81 4155.38 4063.34 4307.28 4123.46 4410.29 4735.31 4435 4102.04 3133.03 3164.4 3844.81 2823.44 4664.82 4025.65 4642.85 4855.16 5449.86 4681.66 4536.4 4510.13 4771.23 4555.2 5430.91 5648.05 5137.22 4532.99 5493.34 5335.17 4696.66 5014.22 4593.46 5106.19 5113.06 5013.76 5359.25 4963.27 5147.71 5289.57 5182.74 3442.35 3195.32 4401.67 3194.28 3034.05 2790.5 8340.73 4761.32 5366.07 4339.56 6185.47 2856.39 2907.51 3194.69 3866.21 2123.92 2606.51 5437.69 4526.22 6345.26 6738.23 7463.21 7323.51 7170.11 6841.88 8039.04 4491.91 4076.09 5600.82 6141.25 5154.89 4989.89 5724.68 5576.66 5587.36 4081.53 4380.73 4802.68 5617.64 3688.37 5417.71 4278.42 5112.26 4532.84 3791.88 4189.76 3622.41 5012.78 3422.32 3836.38 4012.15 3785.81 3510.87 3995.21 4351.09 3733.62 5096.53 4719.7 4778.6 3495.96 3650.95 2851.66 3732.62 4250.52 3553.89 2949.03 2842.9 2693.43 2829.5 3741.85 4454.47 3919.26 4601.35 5495.99 4319.16 4879.06 3888.91 5397.64 4752.99 3954.79 4504.21 3251.93 3322.52 6074.26 5603.44 
3189.61 2767.51 3185.46 3234.71 0 2214.82 1710.24 2331.48 1813.35 3329.19 2381.68 2648.04 2161.99 3325.99 3052.83 3639.91 2470.55 3770.96 4123.68 3989.21 7017.79 6717.12 7630.56 7588.32 7720.71 7215.19 7388.01 7273.25 7084.79 6331.82 6063.71 6186.35 6570.39 6828.57 6964.79 6363.88 7977.78 7684 8087.97 3813.24 4727.53 3973.3 3577.54 4358.98 3505.09 3338.26 3429.36 3526.9 3265.99 3809.22 5865.24 4833.8 4153.07 3644.84 4719.61 9173.28 9439.7 8104.66 4715.72 6799.57 8417.55 7536.65 8033.6 7210.08 4249.84 6307.32 7220.46 7207.3 6592.11 5638.88 4411.82 3318.28 3302.45 3750.49 3021.21 7007.47 5460.8 7580.51 5647.95 5897.63 5519.88 5480.76 5011.8 5146.88 4273.02 4153.92 13507.2 3272.43 11147 6445.7 4818.02 5106.89 8327.02 9235.43 13746.9 5916.57 5090.63 6807.1 9299.84 4155.54 3296.49 3170.68 4543.58 3715.23 3344.84 4105.65 3955.87 3847.07 4049.79 3596.03 3600.22 3723.92 3496.21 4008.84 3643.22 3893.77 3292.05 3699.79 3428.58 2649.25 2737.24 3423.14 2275.3 4060.4 3627.55 4150.31 4318.3 5127.37 4312.92 4109.08 4309.82 4465.31 4037.5 5138.34 5279.12 4836.7 4194.92 5028.56 5027.15 4311.64 4628.81 4270.31 4689.68 4705.91 4628.47 4960.64 4434.83 4780.2 4951.48 4717.92 2594.89 2725.62 2914.54 2465.62 2552.41 3259.31 8280.47 3550.05 6525.84 4701.78 6302.27 2292.7 2146.68 2218.53 3143.04 1752.99 2012.6 5251.97 4543.19 5508.94 5930.81 6599.24 6382.92 6647.95 6372 7553.6 4710.11 4636.57 4314.53 4900.99 3924.26 4170.88 4066.06 4364.51 5328.45 3995.74 4333.28 4177.86 4423.98 3321.05 3953.09 4016.6 4176.58 3540.55 3027.45 3713.05 2779.96 4461.24 2890.98 3363.99 2700.46 3639.29 2841.1 3774.8 3518.46 3216.17 4087.01 4365.21 3640.18 1916.85 2133.25 1428.67 2428.86 4330.15 3209.62 1896.08 1568.63 1906.99 2405.3 4340.22 5473.1 2516.68 3710.14 3869.32 2655.67 3110.51 2792.12 3594.43 3312.28 2778.04 3122.09 2526.21 2760.79 4288.63 4298.03 
3507.36 2463.07 2333.39 2684.25 2214.82 0 2283.4 3091.43 1890.15 3638.73 3186 3045.25 2255.79 3777.95 3408.2 2567.71 1798.8 4441.38 5358.65 4425.56 7483.92 7074.84 8062.05 7822.09 8123.95 7628.81 7749.01 7567.58 7356.41 6853.99 6492.89 6679.84 7174.82 7235.17 7235.45 6482.34 8271.19 7705.52 8042.29 4096.15 4933.85 4415.32 3844.15 4637.43 3772.64 3666.62 3671.41 3351.5 4196.23 3601.71 5891.76 5545.61 5059.24 3490.19 4271.17 8338.48 8420.42 7123.31 4945.22 6057.23 7195.63 6777.93 6876.79 6364.86 4181.65 6025.1 6903.59 6403.88 5690.87 5147.2 3742.2 3346.89 2886.35 2979.45 2233.99 6474.8 5401.7 6895.05 4864.82 5122.41 6354.92 4902.57 4416.97 4452.4 4084.46 3606.41 12681.2 3534.05 10808.7 5596.42 5697.98 5418.24 7924.98 8838.12 13753.1 5548.47 5722.2 7060.27 8606.91 4755.34 3930.41 3597.15 4835.15 4034.47 3612.99 4498.36 4156.38 4145.46 4217.69 3844.45 3977.54 3889.02 3877.12 4130.89 3742 3921.17 3512.96 3794.07 3574.08 3121.03 2978.02 3508.95 2447.19 4438.52 4017.74 4526.44 4743.38 5306.64 4503.66 4361.83 4392.66 4629.29 4414.4 5213.27 5442.77 5060.44 4438.16 5285.68 5183.32 4558.01 4823.42 4422.65 4865.39 4907.61 4830.45 5114.04 4747.75 4954.82 5113.33 5065.61 3331.87 2640.67 3388.18 3014.47 2968.06 2589.24 7890.99 4388.23 5563.18 4138.12 5771.82 2796.14 2792.22 2477.08 3614.37 2092.67 2372.66 4620.96 3976.51 5136.68 5421.06 6404.74 6175.33 6127.2 5819.9 7217.24 3848.87 3798.15 4093.09 4565.44 3822.03 3811.43 3925.66 3994.12 5231.46 3654.47 4247.32 4361.11 4271.53 3107.05 4298.25 3269.88 4245.45 3934.31 3366.61 3259.83 2908.11 4615.09 2872.37 3395.1 3788.56 3226.2 3060.62 3589.28 3677.48 3052.85 4270.62 4063.22 3588.64 3065.5 2729.13 2194.05 2258.57 4057.18 3204.63 1911.75 1702.66 1907.77 2274.24 3429.97 4472.23 2700.23 3761.62 3730.3 2733.72 3279.61 2623.25 4272.96 3149.59 2980.5 3454.39 3141.28 3206.79 5105.9 5310.93 
3027.19 2839.11 3147.81 3346.21 1710.24 2283.4 0 2240.39 1948.89 3047.93 2429.18 2273.5 2394.82 3448.25 3098.09 3543.94 2468.45 3719.36 4522.7 4251.89 6683.73 6235.01 7153.5 7123.42 7285.43 6784.89 7033.83 6819.48 6561.38 5906.12 5683.73 5757.13 6439.77 6347.02 6481.75 5784.43 7469.49 7237.24 7611.92 3194.47 4164.18 3677.57 3046.15 4003.01 3131.55 2929.4 3072.9 3621.78 3133.14 3408.44 5234.73 4587.73 4166.68 3132.13 4366.99 9181.24 9359.05 8092.78 4392.78 6915.44 8193.72 7655.14 7938.55 7261.52 3682.11 6307.1 7573.25 7065.11 6528.82 5672.69 4132.73 3174.37 3575.74 3716.45 2932.81 6713.92 5520.46 7272.96 5458.99 5496.88 5671.68 5538.77 4927.58 4653.67 4068.09 4089.51 13422 3366.81 11521.5 6646.38 4972.16 5348.11 8591.94 9684.77 14079.3 5943.72 5285.32 7470.32 9377.45 3917.46 3176.96 2820.84 4241.59 3332.46 2981.41 3779.41 3394.27 3482.38 3665.33 3186.37 3339.37 3400.25 3056.73 3727.84 3638.02 3699.17 3359.73 3533.94 2979.48 2581.98 2769.05 3218.76 2583 4109.36 3835.65 3833.62 3942.06 4733.53 3851.96 3702.78 3692.91 4041.78 3767.26 4737.3 4813.94 4444.52 3863.99 4572.15 4617.03 3894.31 4265.09 3852.68 4098.74 4314.5 4079.09 4511.88 3978.21 4400.6 4347.85 4174.04 2408.05 2946.39 3206.96 2213.03 2170.05 3330.75 8832.5 3571.66 6442.85 4818.14 6451.25 1917.4 1886.08 2504.25 2881.41 1847.95 1673.12 5291.33 4591.24 5069.62 5756.85 6360.08 6227.39 6529.27 6182.03 7222.14 4643.56 4580.73 3996.76 4806.04 3563.84 3844.79 3945.68 4158.69 5247.59 3814.85 4477.42 4331.46 4571.36 3417.91 4126.76 4031.57 4324.35 3647.55 3008.02 3637.26 3058.04 4513.71 2988.17 3266.68 2609.53 3637.94 2981.06 3733.28 3635.18 3270.43 4153.72 4197.47 3442.64 2324.79 2519.32 1284.39 2689.82 4589.14 3229.31 1999.63 1621.89 1833.8 2304.18 4230.37 5325.49 2595.29 3821.99 4012.97 2854.85 3268.89 2666.95 4073.07 3460.83 2927.19 3150.13 2326.83 2541.14 4284.14 4328.08 
3104.97 3187.16 3410.15 3559.87 2331.48 3091.43 2240.39 0 2335.55 2707.09 2281.77 2539.26 2849.31 3933.48 2887.59 4220.33 2946.5 4155.78 4184.97 4899.02 6889.62 6565.5 7355.77 7417.28 7669.4 7097.16 7268.44 7196.44 6933.68 5531.28 5895.56 6056.77 6407.25 6706.59 6982.57 6393.28 8017.83 7811.82 8179.21 3734.01 4655.9 3692.8 3439.62 4185.76 3269.92 3268.65 3335.31 4462.57 3524.46 4119.03 6402.19 4230.38 3592.92 4281.27 5203.55 9522.52 10103.9 9088.26 4497.23 7495.34 9258.44 7801.81 8510.01 8108.39 4658.03 7156.23 7963.86 8179.22 6667.14 5747.08 4690.57 3776.8 2995.18 4035.61 3262.3 7696.89 6581.44 8166.58 5926.96 6600.33 6233.63 5756.85 5335.8 5504.82 5009.87 4469.4 13694.7 3738.23 11163.9 6548.92 4973.23 5218.42 8535.04 9912.23 14267 6170.05 5519.93 6961.19 9263.38 3453.1 2933.47 3219.73 4344.18 3714.9 3258.03 3956.78 3853.96 3786.04 3990.5 3596.83 3625.61 3736.23 3410.42 4075.98 3827.12 3924.17 4014.88 3918.94 3297.03 2579 2893.93 3230.36 2504.46 3953.15 3418.28 4047.64 3958.45 4974.76 4161.21 3993.84 4270.13 4199.9 3540.94 4880.97 5048 4583.04 4012.59 4891.84 4783.99 4046.96 4430.84 3996.7 4596.4 4549.23 4432.74 4882.2 4042.59 4582.58 4755.65 4572.78 2271.24 2969.84 3292.15 2306 2495.82 3706.18 8408.97 3268.09 6825.07 4762.41 5752.78 2134.53 1709.82 2380.87 2822.49 1846 1651.74 5877.36 4585.82 5997.02 6848.13 7313.02 7024.31 7375.49 7033.21 7991.94 4897.89 5365.81 5149.14 5810.31 4766.96 4987.75 5059.65 5244.84 5411.59 4138.36 4142.84 3969.23 5456.17 3764.82 4459.9 4702.8 4807.9 3660.79 3567.31 4367.5 3623.79 4079.42 3543.52 3757.74 1935.37 4075.48 2927.98 4131.42 4108.71 3298.79 4553.17 4645.68 4334.87 1629.55 2459.57 1772.03 3483.17 4321.25 3606.34 2786.63 2371.56 2445.6 2761.73 4796.41 5970.23 3150.34 3713.86 4972.94 3721.33 4225.88 3596.62 3315.02 4001.13 3417.41 3636.04 2110.7 2367.32 3880.22 3249.7 
3071.01 2345.7 2672.47 2950.48 1813.35 1890.15 1948.89 2335.55 0 3537.43 2810.04 2879.45 2190.35 3713.8 3342.51 3102.98 2039.19 3735.12 4716.61 3937.18 7257.09 6991.53 7803.76 7878.64 7998.79 7519.32 7631.88 7601.88 7361.02 6596.91 6345.7 6504.44 7113.12 7092.47 7258.82 6589.7 8242.71 7796.73 8246.67 4059.4 4944.38 4265.92 3816.91 4656.93 3725.31 3599.29 3618.44 3533.8 3847.31 3789.49 6193.92 4747.29 4420.29 3938.52 4866.13 8785.3 8925.57 7846.79 4938.15 6529.15 8034.31 7188.76 7604.87 7021.95 4302.4 6052.4 7346.54 6947.47 5860.29 5348.33 3695.08 3364.17 2960.17 3333.49 2576.63 6691.99 5858.47 7018.08 5015.74 5490.79 5932.54 5200.95 4739.2 4559.44 4224.4 3892.67 12856 3206.11 10735.7 6060.09 5251.94 5083.81 8057.63 8782.17 13395.5 5335.57 5458.84 6814.97 8504.2 4440.11 3746.98 3421.07 4757.97 3933.09 3546.28 4409.47 4180.97 4080.78 4292.54 3824.13 3867.78 3946.69 3760.35 4152.78 3810.88 3831.66 3412.57 3733.99 3487.22 2893.87 2802.65 3272.38 2213.35 4270.32 3591.03 4456.64 4632.16 5281.01 4553.54 4393.86 4531.54 4645.41 4343.97 5268.01 5441.48 5020.97 4385.11 5337.04 5192.86 4496.93 4884.8 4470.77 4900.98 4961.42 4820.81 5131.59 4638.68 5030.65 5135.92 4911.74 2852.92 2502.75 3096.54 2859.76 2788.68 2974.01 7971.73 4113.39 5852.6 4099.27 5802.33 2460.12 2382.12 2083.69 3543.03 1765.2 2175.89 4725.25 3772.23 5553.59 5927.81 6627.61 6428.67 6381.99 6053.25 7423.89 4109.95 4154.2 4479.25 4988.36 4057.37 3995.15 4477.69 4512.88 5244.04 3494.71 4001.82 4046.54 4259.78 2943.11 3970.14 3602.7 3995.9 3397.17 3170.93 3374.8 2820.83 4015.34 2832.43 3073.27 3030.95 3179.39 2806.8 3325.25 3483.5 2838.53 4119.12 4039.62 3722.65 2176.89 1995.56 1707.25 2405.8 4184.79 3061.47 1983.32 1777.47 1984.43 2145.05 3754.45 4889.22 2664.75 3249.28 3758.69 2736.35 3262.66 2891.63 3764.82 2955.55 3037.23 3357.63 2802.52 3057.92 4675.66 4282.99 
3451.04 3343.25 3452.38 3867.83 3329.19 3638.73 3047.93 2707.09 3537.43 0 2633.85 1914.22 3650.37 4575.23 2270.04 4239.62 3719.26 5886.26 6185.74 6320.44 5423.06 5096 6102.92 5805.53 6456.64 5634.34 6081.62 5636.93 5538.73 4536.46 4322.84 4831.16 4691.54 5536.63 5600.03 5260.24 6817.89 6810.7 6914.1 2656.97 3456.28 2164.79 2410.7 2623.53 1893.54 1921.07 1734.29 4422.55 3978.82 3848.56 6138.46 4121.1 4430.13 3915.73 4815.54 9085.81 9739.34 8865.26 2947.6 6994.47 8921.29 7001.25 8074.76 7631.99 4821.31 7287.81 7630.08 8041.23 6520.34 5834.56 4426.08 3801.64 3241.16 4251 3397.67 7438.18 6749.95 7722 5506.18 6375.75 6757.98 5465.78 5015.73 5335.76 4845.03 4198.01 13935 4320.43 12206.3 6756.2 6162.53 6429.55 8599.97 9821.96 16251.2 6631.74 6526.98 8118.14 10305.8 2108.37 1782.98 2550.44 3027.9 2655.38 2196.23 2536.5 2564.34 2505.03 2715.39 2443.86 2410.49 2496.81 2432.18 2959.87 3515.21 3689.42 4619.51 3901.71 2990.42 2304.57 2822.56 2597.88 2667.71 3548.09 3102.66 2544.56 2369.02 3444.32 2603 2472.7 2970.49 2529.61 2092.43 3137.63 3498.37 2729.14 2473.14 3095.96 3080.57 2543.6 2596.56 2318.75 2943.17 2857.6 2811.18 3168.81 2534.95 2918.72 3180.59 3112.16 1690.75 2979.59 3421.6 1626.68 1592.18 3692.55 10011.9 2676.51 6538.61 5075.78 7249.94 1476.75 1927.42 3060.76 1524.13 2051.09 1961.53 6720.94 5300.47 5804.76 6720.83 6981.98 6823.6 7028.67 6714.94 7717.95 4590.91 5343.11 5468.24 6012.18 5002.41 5205.04 5543.99 5497.86 4628.77 4099.71 4398.53 4462.71 5901.49 4077.76 5017.94 4677.87 5328.07 3890.73 3710.69 4885.69 4051.55 4632.65 3763.13 3870.15 2372.7 4243.16 2983.63 4439.63 4689.16 3487.04 4683.45 4392.09 4266.63 3192.93 4025.34 2441.22 4266.53 4385.76 3462.81 3220.55 2963.49 2676.15 3062.09 5139.32 6275.94 3565.55 4393.96 5940.99 4685.1 4918.24 3442.35 4516.23 4596.02 3254.96 3646.71 1554.7 1356.91 3828.14 3637.35 
3849.02 3523.95 3950.56 3924.91 2381.68 3186 2429.18 2281.77 2810.04 2633.85 0 2366.1 3015.09 3469.05 2920.21 4614.23 3337.53 4405.75 4552 4874.8 6737.68 6520.96 7378.72 7382.15 7673.86 7158 7370.93 7113.06 6979.97 5828.53 5764.98 6069.89 6372.4 6867.88 7218.43 6677.41 8325.72 8204.86 8462.51 4065.95 4862.32 3614.36 3826.55 4143.5 3436.48 3336.36 3395.8 4246.64 3632.79 4312.85 5995.77 4950.79 3944.18 3805.66 4784.43 9653.97 9843.92 8684.16 4732.56 7016.97 9239.57 7814.28 8299.29 7577.92 4524.97 6922.06 7630.4 7772.56 7067.31 6120.16 4762.09 3798.05 3400.29 4636.59 3831.43 7751.69 6029.8 8177.33 6277.93 6461.19 5595.49 6200.28 5681.84 5977.45 5066.38 4886.33 14275.5 3638.45 11117 6835.7 4714.28 5248.75 8118.99 9512.3 14519.4 5943.22 5562.54 6863.06 9495.16 3278.55 3003.37 3514.06 4517.87 3972.5 3579.53 3712.18 4097.41 4099.24 4282.65 3900.42 3884.68 3961.25 3763.54 4367.53 3851.18 4066.16 4068.32 4119.4 3676.48 2633.29 2926.08 3227.26 2864.93 3887.26 3454.96 3973.62 3675.34 5123.86 4154.21 3999.73 4517.84 4198.99 3555.83 4760.66 5301.07 4414.86 3883.85 4668.61 4638.96 4004.27 4127.22 3867.53 4745.1 4662.55 4501.73 4907.43 3896.95 4616.48 4936.18 4591.95 2224.45 3348.17 3195.73 2390.41 2758.03 3904.7 8824.17 2892.41 6979.41 5070.48 6567.92 2455.1 1941.97 2705.24 2927.33 2390.41 2285.66 5977.03 5183.03 5939.6 6645.47 7407.52 6944.63 7521.74 7109.03 8278.16 4697.56 5171.49 4989.63 5723.84 4783.06 5173.99 4832.78 5100.85 5507.81 4462.02 4522.73 4570.91 5032.71 3612.47 4695.75 4485.91 4731.42 4041.03 3540.97 4350.3 3537.31 4773.75 3448.67 4088.55 2455.95 4244.44 3194.1 3973.42 4161.54 3887.47 4658.63 4926.79 4160.67 2427.23 2798.25 1913 3411.72 4855.84 3932.75 2670.8 2286.51 2753.39 3340.77 5175.92 6497.24 2977.39 4030.74 4849.54 3752.92 4132.5 3120.5 3719.31 3726.2 2886.81 3135.95 2102.82 2589.6 3719.87 3582.62 
2981.29 2654.44 2878.18 3198.15 2648.04 3045.25 2273.5 2539.26 2879.45 1914.22 2366.1 0 2931.29 3961.17 2174.36 3608.79 3021.79 5279.97 5861.99 5683.45 5346.18 4794.43 6017.43 5602.79 5839.67 5500.72 6030.95 5495.39 5494.51 4669.29 4431.1 4579.95 5231.54 5220 5601.18 5087.63 6679.67 6517.83 6803.56 2534.61 3335.25 2336.84 2246.63 2734.23 2196.35 1981.76 2172.41 3942.47 3431.46 3547.27 5768.27 4172.15 4413.32 3550.41 4472.37 8484.24 9466.74 8497.68 3272.34 6570.48 8668.35 7024.04 7612.92 7452.39 4298.84 6903.6 7650.85 7451.75 6116.91 4884.06 3818.1 3332.27 2728.18 3464.63 2624.58 7103.49 6146.28 7158.14 5372.31 6026.6 6400.3 4939.53 4527.36 4735.06 4042.26 3655.76 13256 3797.57 12081.6 6793.57 5906.23 6249.52 8388.67 9979.92 15788.3 5961.71 6223.65 8153.57 9901.37 2492.7 2093.03 1975.45 3146.53 2444.65 2138.52 2588.69 2726.36 2617.48 2931.96 2449.59 2485.52 2617.44 2269.72 2854.11 2998.15 3161.45 4023.66 3192.02 2933.56 1632.91 2025.96 2297.47 2378.72 2967.66 2844.45 2752.75 2286.98 3816.99 2929.12 2705.66 2985.13 2974.89 2183.39 3519.62 3858.78 3211.19 2793.23 3213.51 3450.78 2804.12 2894.47 2483.52 3263.02 3314.32 3121.39 3446.5 2919.43 3377.18 3428.23 3313.3 1635.71 2607.93 3136.24 1282.93 1369.26 3141.33 9985.17 2460.81 6227.7 4664.82 6916.08 1244.34 1462.19 2688.96 1809.66 1559.57 1399.78 5918.98 4842.72 5403.19 6239.08 6595.69 6678.36 6760.01 6421 7347.83 4253.38 4917.22 4641.65 5352.09 4215.73 4415.69 4783.96 4744.52 4378.21 3158.92 3804.43 4027.1 5282.37 3407.56 4764.86 4056.96 4905.25 3582.51 3073.34 4158.66 3299.85 4310.33 3073.73 3235.09 2381.48 3694.07 2719.79 3762.84 4126.15 3178.6 3997.02 4212.47 3711.08 2697.97 3449.34 1661.74 3517.02 3806.1 2956.66 2493.89 2357.78 1995.63 2333.28 4344.69 5534.9 2896.31 3951.25 5289.82 3904.36 4301.73 3082.02 4346.57 4250.22 2697.91 3163.2 1464.85 1347.92 3848.25 3457.85 
2851.47 2627.48 2783.84 3317.2 2161.99 2255.79 2394.82 2849.31 2190.35 3650.37 3015.09 2931.29 0 3355.79 3398.38 2887.56 2227.34 4332.65 5113.9 4476.78 7469.7 7185.45 8059.36 8053.74 8181.47 7705.66 7814.99 7782.82 7495.39 6903.15 6513.64 6629.82 7199.97 7246.91 7537.36 6859.84 8520.34 8139.08 8535.34 4268.93 5128.08 4364.81 4010.82 4657.32 3801.82 3724.91 3771.18 3352.73 4485.77 3435.56 6442.02 5694.91 5338.2 3592.14 4723.74 8662.94 8691.89 7726.9 5149.89 6436.72 7941.32 7288.9 7729.73 6937.39 4317.73 5976.47 6820.35 6821.2 6086.68 5671.41 3515.99 3083.87 3392.66 3518.97 2898.47 6184.72 5818.25 6470.61 4797.91 5115.27 6610.05 5396.86 4924.73 4364.11 4090.18 4320.33 12616.3 3157.13 10574.6 5792.2 5548.64 4708.23 7867.62 8407.06 13394 4752.79 5521.4 7446.74 8639.1 4612.75 3707.51 3699.4 4900.54 4179.15 3807.2 4489.97 4405.32 4367.04 4578.85 4101.29 4120.92 4234.55 4004.59 4502.82 3450.88 3396.95 3611.13 3402.19 3622.2 2707.97 2636.03 3301.97 2318.29 4010.58 3253.58 4548.34 4674.53 5500.82 4629.71 4500.13 4688.6 4682.58 4313.04 5388.37 5669.98 5035.64 4428.87 5368.07 5263.51 4615.32 4903.09 4473.36 5142.46 5077.95 4981.95 5375.81 4810.13 5057.4 5323.42 5086.5 3157.66 2626.05 2924.82 2865.21 2923.92 3288.43 8154.52 4224.99 5924.81 4412.25 5807.07 2780.21 2646.55 1862.78 3596.98 2053.96 2088.31 4759.63 4533.43 5156.22 5553.54 6303.29 6040.03 5989.32 5775.04 7052.37 3852.63 3945.46 3934.6 4648.85 3588.3 3514.48 4182.53 4038.5 4926.38 3252.33 3472.8 3487.52 4122.14 2927.18 4081.32 3190.14 3936.14 3571.15 2893.7 3243.9 2988.87 4172.63 2577.88 3290.95 3631.32 3221.53 2750.97 3634.82 3605.52 2705.13 3865.18 3742.81 3478.96 2803.44 2828.33 2142.31 1990.26 4137.58 2838.08 1871.7 1771.03 1938.86 2044.84 3533.47 4623.63 2433.79 3095.45 3416.79 2386.28 2798.82 2672.93 3766.83 3445.07 3074.11 3501.45 2809.25 3130.25 5168.65 5104.25 
4138.69 4910.99 5068.36 5399.41 3325.99 3777.95 3448.25 3933.48 3713.8 4575.23 3469.05 3961.17 3355.79 0 3973.47 4619.29 4169.58 4928.17 5643.1 5068.86 8300.96 8103.31 8797.72 8986.02 9220.99 8641.57 8709.99 8919.51 8184.83 7968.36 7409.32 7483.92 8109.24 8231.03 8781.7 8309.6 9910.68 9680.15 10063.5 5622.76 6341.6 5439.48 5326.49 5472.44 4947.57 4765.28 4966.7 4450.81 5021.76 4414.46 6255.95 6479.78 5655.35 4376.66 4932.98 9504.25 9205.79 8646.22 6091.69 7052.31 9275.11 8033.11 8460.81 7771.24 4888.16 7122.29 7821.62 7614.36 8104.91 7514.23 4402.46 3876.73 4671.3 5627.43 4875.89 7017.11 5502.52 7259.22 6022.47 5798.13 6230.32 7472.93 6874.89 6099.55 4943.14 6258.58 14907.7 3520.16 10467.2 6994.1 5123.79 4685.12 7716.83 8808.6 13928.5 5439.4 5101.89 7071.9 9057.51 4794.2 4893.21 5259.74 5949.56 5674.44 5271.9 5453.57 5719.11 5697.61 5960.27 5596.63 5523.41 5660.4 5395.58 6076.83 4944.47 4028.22 4718.66 4678.97 4479.01 3779.7 3969.48 4144.07 4259.71 4403.49 4429.27 5123.29 4991.84 6398.87 5458.58 5347.08 6030.44 5280.42 4767.06 5788.39 6497.42 5599.39 5024.81 5676.15 5724.98 5174.56 5211.39 4985.02 6061.04 5856.5 5745.84 6134.89 5339.46 5916.53 6188.75 5698.43 4066.52 3928.62 3455.82 4095.43 4547.36 5159.03 8947.23 4491.89 7492.16 6337.09 7296.66 4214.7 3841.82 3523.73 4396.47 3905.53 3824.02 5987.15 6355.74 6125.06 6797.97 7271.32 6866.11 7161.96 6871.48 7943.13 5319.44 5379.12 4758.91 5611.97 4673.45 4892.35 4684.85 4717.71 5498.14 4479.38 5509.46 5026.45 5327.32 4660.69 4984.25 4958.87 5581.28 4576.56 4532.42 5056.71 4562.86 5711.75 4659.3 4878.25 4217.62 5120.78 4201.18 5069.27 5086.88 4637.73 4608.96 4732.51 3752.73 4034.13 4177.02 3521.01 3356.57 5824.6 4562.13 3362.74 3339.36 3385.8 3792.27 5817.25 6993.95 2970.16 4576.68 4271.02 3653.52 3840.8 3487.12 4547.69 4314.03 3818.25 3555.29 3840.22 4304.75 5002.75 5433.17 
3218.9 3073.81 3167.12 3498.56 3052.83 3408.2 3098.09 2887.59 3342.51 2270.04 2920.21 2174.36 3398.38 3973.47 0 3932.39 3435.86 5781.58 6496.09 6154.32 6144.08 6054.02 6481.45 6804.52 7358.77 6285.47 6268.99 6910.72 5847.05 6122.27 5144.4 5583.58 5875.49 6101.26 6327.11 6041.23 7583.29 7530.14 7617.81 3476.22 4094.04 3425.53 3173.27 2827.17 2552.46 2415.01 2206.48 4078.65 4473.74 2975.31 5557.98 4299.84 4706.97 3563.99 4039.89 7875.73 8525.41 7892.56 3160.23 6137.4 8023.62 6477.24 7020.03 7277.07 4270.19 6456.68 7500.18 7085.2 6151.61 5572.7 3705.12 2582.63 2811.42 3930.15 3064.76 6842.98 5600.37 6723.42 4622.01 5461.85 5993.48 4888.84 4469.18 4740.42 4082.85 3727.39 13604.9 4420.92 12199.1 6586.59 6209.27 6150.42 8297.82 9158.43 16104.7 6171.94 6550.8 7304.56 9778.09 2993.77 3040.37 3127.12 3433.71 3463.98 2974.47 3424.23 3231.69 3248.9 3399.4 3228.82 3224.39 3249.72 3109.73 3563.93 2887.21 2774.76 4194.77 3455.79 2409.74 2061.24 2564.34 2494.82 2565.15 3388.34 2909.71 2258.64 3163.55 3558.35 2462.23 2614.97 3501.83 2506.8 2546.8 2726.84 3465.64 2766.3 2284.48 3014.03 2804.84 2484.7 2681.32 2401.31 3152.01 2794.38 2780.49 3185.79 2628.17 2784.8 3349.69 2977.1 2264.77 2970.08 3144.84 2131.37 2474.78 3273.43 10009.6 3405.18 6145.66 4958.68 7188.1 2255.54 2234.34 2966.52 2288.91 1859.54 1908.82 6391.83 5026 5344.57 6071.71 6229.09 5994.68 6413.88 6072.88 6978.1 4373.89 4744.89 5227.82 5659.63 4734.62 4925.03 5288.09 5191.45 3413.74 3758.99 3854.46 4451.22 5506.24 3674.68 4577.52 4166.98 5078.84 3787.7 2987.1 4358.08 3598.13 4255.51 3454.81 3355.86 3109.22 3714.42 2624.09 3792.72 4162.87 3371.44 4734.03 3534.43 3517.4 3102.12 3828.7 2472.59 3922.82 4382.78 3115.88 2884.65 2734.25 2369.05 2718.73 4809.38 5931.9 2887.03 4249.48 5744.25 4402.3 4595.49 3387.19 4792.36 4618.81 2557.86 3024.87 1908.32 2357.99 4142.02 4220.22 
2503.15 2881.03 2330.13 3416.49 3639.91 2567.71 3543.94 4220.33 3102.98 4239.62 4614.23 3608.79 2887.56 4619.29 3932.39 0 2888.24 5679.93 6992.03 5856.25 8148.69 7749.34 8721.69 8447.67 8762.8 8269.68 8388.86 8142.25 8062.36 7520.81 7159.96 7344.83 7724.69 7882.04 7808 7092.17 8826.13 8301.56 8619.42 4736.93 5523.19 4949.57 4395.44 5267.65 4277.23 4264.56 4197.63 4082.78 5558.09 3797.91 7097.24 6278.9 6410.47 4657.97 5564.33 7476 8575.15 7958.47 5525 7119.35 7619.6 6293.08 7605.45 7520.52 5143.59 6390.61 6988.55 7188.68 5392.58 5778.08 3286.58 3971.71 3683.32 3190.46 2606.64 5691.86 6961.4 5288.88 3826.9 5285.96 8104.78 5041 4556.49 3560.98 3583.4 4044.94 11251.7 4251.83 10213.3 5167.47 7371.88 4973.81 7053.17 8236.23 13271 5067.86 6981.12 8762.41 8099.86 5356.05 4484.55 4250.86 5393.56 4584.52 4244.95 5134.4 4744.66 4764.87 4894.46 4430.87 4585.78 4518.49 4484.26 4721.01 3284.27 3449.58 4777.71 3345.09 4044.86 3386.97 3467.06 3782.42 2846.93 4526.19 3932.71 5078.42 5336.43 5828.43 5041.16 4930.9 4844.78 5171.09 4974.57 5768.06 5982.49 5527.67 4935.61 5763.61 5682.11 5137.06 5333.88 4921.38 5383.26 5421.99 5338.69 5683.51 5295.26 5507.73 5655.65 5624.08 3999.33 2507.16 4301.24 3751.36 3469.59 3364.14 9025.04 5342.67 5778.63 4363.59 5688.39 3342.79 3500.39 2961.84 4178.42 2641.26 3066.18 5218.1 4714.45 5747.1 6442.72 6202.75 6468.61 5468.94 5301.27 6181.57 3554.15 3704.4 4542.12 5141.44 3791.86 3313.54 5137.68 4590.3 4817.43 2415.07 3409.89 2851.53 4125.17 3288.95 3672.51 3540.03 3642.84 2983.72 3020.28 3749.17 3492.36 3509.71 3020.97 3037.28 4561.72 3246.54 3193.54 3950.46 4088.52 2584.11 3768.3 3115.1 3624.96 4018.28 4245.24 3348.26 3236.96 4398.38 2260.5 2874.91 3020.02 2360.21 2097.98 3074.54 4178.98 3758.96 3246.38 4026.35 3154.16 3452.52 3508.39 5054.06 4728.14 4247.45 4737.72 3838.41 3810.1 6556.92 6180.55 
3309.03 2487.91 1863.89 2469.37 2470.55 1798.8 2468.45 2946.5 2039.19 3719.26 3337.53 3021.79 2227.34 4169.58 3435.86 2888.24 0 4853.99 5516.58 4815.73 7552.5 7251.81 8088.76 8093.63 8221.33 7708.45 7822.92 7795.36 7544.64 6884.74 6554.08 6774.8 7270.3 7317.36 7461.45 6611.17 8449.95 7831.51 8227.77 4209.14 5146.15 4396.7 3953.98 4733.1 3752.17 3680.06 3706.33 3753.77 4712.02 3833.7 6536.18 5590.36 5515.52 4066.99 5037.66 7917.06 9051.58 7884.95 5078.6 6672.12 7574.61 6519.59 7165.61 7219.38 4695.53 6680.34 7671.57 7161.75 5072.11 4420.53 3930.9 3468.71 2291.5 2484.83 1784.34 6880.05 6337.85 7200.26 5203.22 5650.33 6823.84 5130.01 4616.47 4653.57 4464.42 3711.86 11869.9 3739.47 11159.8 5504.69 6144.81 5572.73 7714.59 9295.21 14239.5 5646.91 6262.1 7454.19 8706.51 4703.07 3804.84 3648.09 4887.13 4121.78 3722.32 4545.77 4251.75 4290.82 4392.6 3931.45 4034.35 4008.02 3971.19 4195.25 3795.6 3923.76 3916.25 3962.59 3676.22 3043.38 2941.92 3504.94 2448.45 4432.84 3780.08 4540.31 4828.04 5352.96 4623.32 4471.72 4417.59 4714.56 4486.56 5390.03 5545.39 5084.45 4467.97 5422.16 5269.89 4592.21 4975.5 4512.79 5023.43 5048.93 4966.49 5306.55 4809.05 5093.98 5193.41 5114.44 3251.67 2878.21 3285.8 3034.88 2884.46 2258.99 7685.3 4477.99 5243.92 3577.29 5437.73 2656.46 2565.84 2474.41 3750.14 1984.06 2106.41 4000.86 3543.72 5597.39 5894.77 6760.11 6513.82 6479.26 6073.1 7543.91 3695.92 3997.75 4563.58 5099.87 4235.16 4153.86 4759.08 4685.36 5425.49 3655.96 3894.33 4284.79 4736.07 3101.38 4742.08 3573.77 4614.43 3984.04 3384.82 3650.94 3250.98 4685.06 2983.1 3551.68 3632.25 3449.77 3056.6 3684.11 3895.88 3188.19 4368.41 4214.72 3933.87 2917.76 2710.77 2182.7 2739.47 4118.96 3219.15 2117.22 1981.11 2034.51 2296 2995.16 3871.45 2873.36 3661.89 4236.24 3113.08 3797.36 3177.17 4540.88 3714.82 3423.07 3629.6 3013.37 3168.24 5583.79 5155.72 
5317.58 5498.48 5786.02 5927.1 3770.96 4441.38 3719.36 4155.78 3735.12 5886.26 4405.75 5279.97 4332.65 4928.17 5781.58 5679.93 4853.99 0 3964.58 3013.14 9771.92 9475.58 10216.7 10316.3 10484.9 9947.2 10064.8 10032 9780.47 8804.59 8785.33 8999.68 9582.74 9541.45 9685.85 9029.75 10690.2 10432.2 10802.9 6449.45 7382.25 6613.65 6167.23 6964.69 5983.16 5918.19 5947.76 5682.74 4954.65 5786.87 7784.58 5707.11 5193.5 5418.18 6650.15 11669.9 11379.2 10167.5 7320.35 9115.02 10647.9 10205.8 10433.7 9461.34 5561.06 8483.35 9722.76 9279.73 9009.08 8414.2 6414.41 5612.7 6088.65 6343.8 5648.24 8614.54 6750.21 9533.44 7729.27 7799.15 5241.39 8337.62 7811.27 7434.47 6499.07 7053.03 15639.9 4971.64 11939.8 8299.69 4711.07 6258.07 10038.9 10587.1 11777 7411.77 5281.45 6519.26 9559.3 6784.05 6061.54 5854.08 7126.11 6377.49 5961.92 6780.29 6554.04 6506.88 6731.51 6253.7 6290.83 6404.45 6171.22 6711.49 6261.64 6005.16 5079.19 5990.85 5608.03 5279.48 5382.57 5670.24 5109.94 6802.1 6458.62 6778.59 7073.71 7655.71 6865.13 6717.14 6858.5 6935.86 6751.52 7630.32 7830.37 7313.2 6696.83 7671.46 7511.52 6831.66 7212.74 6750.31 7284.6 7292.84 7187.53 7553.7 6941.93 7327.23 7469 7333.23 5309.68 5312.28 5394.52 5179.75 5109.38 5984.99 9344.22 6342.93 8737.66 6995.48 7694.25 4830.19 4613.84 4495.92 5867.17 4393.24 4423 7236.75 6777.24 7194.16 7957.42 8507.62 8193.8 8529.74 8238.45 9397.43 6880.28 6669.46 5947 6391.32 5653.09 5991.73 5026.36 5763.24 7834.85 6104.53 6859.12 6401.71 6328.57 5683.47 5620.83 6314.77 6293.39 5771.74 5603.44 5978.38 5487.38 6360.23 5423.41 5905.05 4732.89 6176.03 5243.54 6135.59 5743.02 5749 6190.69 6256.93 5338.98 3673.18 3224.84 3833.23 4090.05 7406.99 5548.77 4056.69 3764.39 4162.62 4626.11 6482.35 7685.26 4296.96 5457.52 4637.61 4192.59 4536.33 4822.4 5542.33 4339.12 5541.31 5317.41 5058.23 5454.1 5834.4 5298.64 
6421.62 6340.92 6675.28 6730.1 4123.68 5358.65 4522.7 4184.97 4716.61 6185.74 4552 5861.99 5113.9 5643.1 6496.09 6992.03 5516.58 3964.58 0 4370.11 10375.1 10036.5 10881 10863.3 11087.2 10642.8 10780.9 10447.5 10479.3 8636.72 9400.85 9466.96 8849.77 10237.5 10369.7 9693.77 11354.1 11127 11466.9 7130.98 8067.48 7001.48 6868.33 7657.76 6706.19 6621.24 6645.59 6785.25 5354.65 6906.71 8677.46 6515.22 4951.28 6362.32 7552.62 12829.8 12684.6 11237.7 8046.01 10057.9 11672.6 11104.9 11448.6 10149.6 6593.3 9517.91 9672 10320.7 9955.55 9187.23 7607.3 6530.93 6510.29 7248.69 6574.65 9892.54 7958.29 10813.4 9054.58 9001.49 6834.15 9136.22 8649.14 8592.37 7724.31 7821.22 16952.2 5420.46 11780.7 9087.92 5025.99 6242.73 9256.95 11071.8 13048.9 7867.81 5174.49 6022.28 10001.5 6598.79 5474.38 6488.56 7854.91 7077.92 6643.93 7217.64 7255.71 7212.15 7417.66 6936.81 6967.23 7070.46 6872.6 7395.64 7130.54 7273.96 5823.52 7027.41 6555.06 5850.43 6160.08 6703.89 5538.16 7369.33 6800.94 7494.9 7433.12 8334.76 7565.38 7409.49 7529.96 7662.31 7109.8 8354.99 8526.69 7976.85 7423.44 8374.88 8216.45 7558.42 7871.04 7462.13 8006.05 8016.86 7891.47 8242.1 7339.7 8030.53 8171.97 8048.76 5489.63 6081.11 5932.75 5662.77 5782.47 6790.22 8496.95 6173.9 9709.67 7709.05 7961.35 5435.87 4806.69 5101.35 6097.15 5108.76 4945.94 8278.83 7605.91 8213.18 8829.1 9714.98 9276.99 9838.32 9474.22 10745.5 7619.05 7658.89 6940.95 7405.17 6591.65 7198.97 6059.08 7071.27 8892.94 7428.19 7669.2 7155.22 7414.13 6597.43 6882.83 7229.22 7331.08 6664.14 6516.82 6903.27 6244.42 7215.84 6306.98 6883.16 4572.83 7051.08 6157.99 7106.49 6564.83 6293.87 6775.06 7608.22 6606.71 4197.61 3948.82 4479.22 5181.05 7693.06 6667.82 4983.85 4602.39 5112.61 5755.48 7662.85 8725.24 5316.71 5863 5883.65 5310.49 5335.28 5773.1 4890.85 5214.11 6175.36 6149.9 5488.35 5783.25 5821.04 5502.37 
5746.36 5660.26 5892.87 6127.78 3989.21 4425.56 4251.89 4899.02 3937.18 6320.44 4874.8 5683.45 4476.78 5068.86 6154.32 5856.25 4815.73 3013.14 4370.11 0 10215.6 9938.17 10750.8 10766.2 10926.3 10472.9 10614.3 10395.1 10327.7 9392.27 9239.51 9444.46 9909.22 10085.7 10206.7 9542.18 11202.7 10865.3 11261.5 6979.09 7914.22 7010.49 6716.86 7500.82 6533.06 6468.3 6466.86 5376.7 5582.48 6077.96 7706.26 6710.82 5946.75 5400.21 6617.91 11965.6 11168.8 9898.18 7867.28 8622.37 10371.8 10381.7 10215.5 9207.55 5677.74 8672.45 9326.04 9120.04 9116.4 8586.41 6502.99 5833.31 6272.88 6471.94 5795.5 8557.77 5929.6 9552.35 7914.42 7431.04 5335.25 8495.05 8049.89 7559.03 6659.83 7224.9 15810 4715.45 11480.8 8584.73 4904.67 5949.01 9860.77 9791.63 11108.2 7022.76 4988.77 6426.38 9552.73 7187.56 6503.72 6348.05 7676.18 6903.84 6489.55 7204.39 7101.79 7053.14 7263.27 6783.64 6803.27 6916.89 6719.56 7223.93 6478.54 6434.55 5056.81 6193.19 6077.8 5680.23 5686.13 5839.63 5273.67 7014.35 6585.24 7328.72 7483.43 8183.16 7414.19 7257.66 7370.94 7483.58 7211.8 8176.26 8375.09 7792.64 7244.71 8212.2 8060.64 7379.69 7701.38 7294.49 7833.27 7838.13 7734.38 8090.16 7409.34 7874.97 8016.52 7880.99 5730.69 5477.32 5292.97 5640.29 5601.36 6177.05 8548.51 6812.92 8805.36 7100.68 7726.28 5294.62 5034.31 4476.42 6331.76 4587.88 4943.85 7356.9 6967.4 6993.27 7171.94 8373.57 7807.57 8337.08 8062.49 9397.24 6884.46 6544.98 5600.32 5895.39 5351.96 5658.28 4271.86 5497.59 8267.84 6290.8 7174.97 6591.03 6311.87 5887.86 6093.86 6081.91 6636.27 6127.05 5879.48 6101.51 5623.81 6943.93 5529.84 6154.47 5531.75 6315.92 5580.06 6434.49 5803.02 5840.59 5786.89 6299.17 5406.13 4303.5 3562.99 4369.37 3697.88 7465.36 5699.58 3826.85 3774.8 4333.96 4660.59 6617.68 7669.99 4322.24 5353.39 4160.82 3886.52 4115.51 4712.67 5636.51 4203.56 5601.28 5542.43 5595.05 5888.18 6312.72 6228.29 
7366.68 6930.05 7415.29 7645.37 7017.79 7483.92 6683.73 6889.62 7257.09 5423.06 6737.68 5346.18 7469.7 8300.96 6144.08 8148.69 7552.5 9771.92 10375.1 10215.6 0 4489.33 4282.95 5643.66 5886.11 4168.21 3876.67 8267.02 4652.73 6876.09 3046.46 4404.68 8488.42 3756.46 7392.2 6434.81 8660.9 7659.12 8658.68 5076.91 5567.54 5160.58 5271.62 4729.94 5480.9 5373.83 5641.96 7786.8 7670.04 7806.75 9372.21 8306.19 8206 7731.95 7835.51 11492.4 12830.5 12064.8 5612.47 9455.55 11980.8 9820.7 9784.85 10677.9 8876.93 9974.88 11428.4 10878.1 10663.6 9528.19 8071.79 7190.38 7292.55 7940.86 7035.91 10343.6 9225.25 10067.7 8772.91 9161.48 8749.51 9262.85 8618.76 8782.84 7779.14 7792.87 17671.2 8488.89 15963.5 11193.4 9886.22 10609.2 12317.9 13906.2 20329.2 9471.09 10707.7 12173 14380 5982.62 5603.74 5032.95 4286.05 4647.13 4744.76 5133.91 5349.28 4805.06 5112.13 5273.79 4685.02 4980.83 4475.92 5255.73 7237.85 6783.94 8394.08 7246.53 7264.16 5770.21 5968.31 6049.93 6806.86 6599.58 6619.38 5551.56 4979.38 7309.72 5530.95 5864.44 6548.84 6021.29 5509.35 6422.82 7000.05 6485.71 5679.74 6097.51 6146.46 5236.52 5420.15 5739.27 6487.83 6362.39 6308.34 6638.96 6586.18 6464.4 6803.68 6018.62 5532.91 7052.66 7169.09 5291.29 4926.09 7524.65 14255.4 6165.59 10567.7 8978.72 11441.1 5215.41 5922.6 7121.84 5741.88 6080.71 5894.43 10442.1 9179.63 9929.28 10825.7 11110.7 10845.9 11256.2 10877.8 11779.7 8160.14 9211.47 8869.21 9947.91 8816.91 8845.16 9487.58 9417.11 7499.65 7593.44 8378.52 8603.77 9748.41 7746.4 9228.99 8281.8 9469.51 8032.2 7347.69 8611.83 7711.06 8750.92 7529.81 7577.84 6757.36 8017.61 6942.25 7829.68 8475.39 7319.61 8588.48 8187.92 7793.91 7195.17 8016.91 6190.57 7993.09 7627.07 7515.56 6901.31 6850.88 6401.77 6791.55 8871.24 9975.09 6971.15 8446.17 9819 8497.98 8867.3 7450.15 8896.11 8670.6 7048.25 6918.41 5672.16 5142.95 7631.32 7465.01 
