241 241
0 3589.16 1841.38 2900.04 3477.34 5298.76 4948.6 5699.11 3244.62 3025.75 3194.9 2666.2 4011.09 3252.78 2918.92 5142.09 3400.31 3450.93 4525.44 5735.59 6616.8 4202.19 6161.16 7063.75 7658.92 8340.07 7839.24 8010.59 7321.48 7955.2 7692.1 7239.87 7059.8 6697.01 6882.36 7530.18 7446.91 7712.08 7041.55 8701.71 8279.01 4653.04 4505.78 4235.26 4762.7 4886.8 5288.3 4343.3 7440.23 6032.46 6061.82 4874.34 8288.34 6224.77 8160.32 7373.67 5253.02 6018.55 7662.95 5378.18 7902.73 5789.53 6541.62 6035.57 5237.49 5321.3 3089.75 4042.11 3027.18 3454.29 7394.92 7218.79 6334.22 7380.1 7736.31 4210.54 3417.33 5528.48 4286.54 4823.38 3564.4 3662.74 10972.8 5734.02 7198.86 5701.84 8825.58 12365.8 8735.59 5664.02 7282 8719.31 4947.39 4591.78 4049.37 3918.75 5117.81 4389.46 4595.88 4566.15 4612.47 4803.45 4390.04 4312.91 4340.88 4428.38 4224.27 4651.05 4218.2 4677.55 4066.99 3099.52 3223.19 3719.3 2327.59 4498 3361.75 4551.3 4212.74 3706.27 4795.59 5736.9 4907.18 4663.29 4881.72 5052.3 4724.33 5606.11 5905.7 5125.43 5630.25 4804.36 5090.97 4741.09 5353.25 5350.92 5274.29 6040.77 5557.43 5042.5 5561.93 3556.57 5321.66 3004.8 4025.54 4478.21 3374.59 4153.09 3175.24 3284.28 8738.78 2932.32 3879.58 4843.5 3707.21 6231.06 3953.71 4722.02 5582.26 2910.41 3235.88 3095.29 3949.4 2460.37 3421.83 3143.13 2551.85 2277.09 2594.13 5649.89 6479.28 7414.78 7451.22 7079.56 7389.39 4119.04 4398.66 5380.25 5950.8 4922.95 4658.1 4954.13 4551.51 5546.44 4627.83 5509.78 3740.25 3696.65 3196.09 3542.8 4122.34 4392.33 3077.97 4651.02 4682.12 2970.19 3279.67 3172.25 3059.43 2560 3065.8 3140.9 4861.82 4253.15 4379.67 4727.79 4601.63 4566.97 3393.42 2781.97 3727.56 2790.12 3590.49 3138.63 3123.43 2874.96 2776.02 2622.28 2476.22 3591.31 4443.05 3614.21 3745.37 6028.24 5684.08 4229.1 4983.47 4377.44 3884.4 5062.59 5674.86 4478.9 4457.99 4278.6 3839.5 3982.12 4051.24 2979.55 2880.58 5349.85 5502.79 
3589.16 0 3213.19 3122.18 3796.33 6690.04 6777.06 6626.62 3189.61 3507.36 3027.19 3071.01 3849.02 2981.29 2851.47 4138.69 2503.15 3520.12 4055 5317.58 6421.62 3949.01 5715.66 6790.12 7366.68 8071.13 7543.14 7698.96 7032.78 7642.32 7369.27 6887.18 6620.83 6393.53 6569.1 7105.37 7117.35 7336.53 6809.03 8325.98 7998.57 4359.74 4086.32 3861.39 4501.07 4603.42 4892.08 3446.9 6907.26 5452.45 5664.18 4663.22 7884.31 7509.43 9013.73 9048.82 4936.63 7639.14 6520.09 5504.47 8069.77 7162.18 7381.17 8000.94 6248.55 5976.76 3579.06 3467.45 3631.28 3680.76 5308.78 6987.74 5333.47 5390.83 7691.19 5744.46 5311.08 3878.94 3660.54 3166.96 4118.3 4488.21 11994.2 5881.89 6878.88 6881.67 7569.42 12631.9 8793.38 5366.32 6371.99 9099.04 4583.5 4179.76 3658.5 3511.4 4782.68 4022.88 4348.72 4287.15 4239.68 4371.34 3991.38 3898.72 3926.52 4040.76 3839.72 4355.87 2687.8 4817.09 2972.97 2665.81 2984.1 2991.86 2789.88 3907.49 3607.05 4275.35 3902.18 3412.41 4498.49 5327.91 4598.66 4378.05 4543.71 4660.46 4365.33 5287.64 5540.49 4850.5 5344.14 4489.43 4793.79 4424.98 4999.36 4996.62 4909.64 5618.9 5212.77 4689.49 5158.71 3065.25 5413.35 2418.46 3770.94 5428.8 2959.6 4705.17 2812.32 3910.27 9838.79 2613.9 3477.72 4452.17 3342.04 6696.11 3383.85 4656.6 6495.92 2547.5 2840.83 2707.79 3446.63 2755.85 3327.36 3731.61 2552.64 2047.51 2215.2 5569.17 5584.38 5837.93 6118 5585.05 5332.59 4527.9 4832.05 4413.74 5292.42 3792.96 4085.46 4280.45 3463.23 4508.35 3417.52 4446.85 2321.31 2123.45 3483.22 3614.68 2596.56 4777.22 3839.13 3455.12 3609.46 4375.88 3117.11 4360.54 3835.07 4066.44 4530.04 2842.89 3251.98 3122.63 2890.23 3014.04 3516.72 2855.86 3186.01 2599.57 3491.13 2322.2 4644.56 2512.81 3971.28 2670.16 2692.92 2112.95 1697.87 4163.74 5296.56 3377.74 3374.4 6415.71 5672.63 3481.08 4079.64 3534.17 3467.6 4533.83 5719.83 5036.43 4471.43 2749.24 3716.58 3953.5 3403.45 3118.8 2805.82 4861.2 5151 
1841.38 3213.19 0 2284.65 2705.43 5435.55 4825.43 5509.32 2767.51 2463.07 2839.11 2345.7 3523.95 2654.44 2627.48 4910.99 2881.03 2856.08 4054.42 5498.48 6340.92 3671.31 5781.65 6404.94 6930.05 7661.4 7132 7284.76 6685.9 7325.58 6977.19 6588.8 6451.26 6002.91 6215.41 6919.66 6737.05 6957.38 6300.91 7975.21 7472.75 3995.05 3770.98 3540.16 4109.19 4238.93 4596.96 4014.55 6830.95 5392.35 5426.32 4353.75 7833.81 6168.89 8148.62 7091.07 4592.24 5911.52 7039.59 4776.89 7173.85 5706.01 6816.59 6205.49 4879.79 4565.67 2833.48 3694.35 2454.85 2826.79 7258.44 6785.4 5903.55 6973.15 7190.68 3805.62 3336.85 5029.06 4036.16 4398.95 2668.23 2803.94 11429.6 5449.7 6894.48 6184.84 8772.74 12471.1 8670.41 5639.39 7104.76 8286.24 4454.56 3765.73 3518.21 3210.34 4453.48 3630.82 4057.95 3900.3 3966.17 4038.3 3672.56 3610.13 3608.6 3731.1 3507.59 3900.8 3917.91 4187.78 3715.53 2652.73 2733.82 3284.61 1990.43 4169.13 3111.38 3977.4 3649.59 3062.43 4203.2 5043.05 4245.92 4046.78 4207.86 4416.52 4005.31 4883.74 5201.42 4549.15 4959.07 4103.88 4487.21 4101.25 4625.82 4647.73 4588.78 5239.6 4838.5 4424.8 4875.08 2924.66 5096.32 2571.47 3875.07 4338.61 2684.92 3777.29 2580.83 2629.4 8583.08 2315.84 3296.42 4205.37 3105.57 5573.61 3488.71 4302.47 5463.67 2327.13 2654.66 2572.81 3188.25 1929.44 3236.5 2763.04 2093.43 1768.34 2117.82 5257.12 5985.18 6963.51 7043.72 6680.21 7089.58 3893.87 4030.83 5099.47 5669.24 4707.2 4293.44 4625.31 4354.43 5196.47 4413.37 4918.01 3530.27 3389.44 3037.14 3180.03 3989.87 3904.84 2650.04 4218.2 4491.91 2783.53 3000.5 2783.79 2629.67 2295.55 2720.28 2732.19 4524.16 4120.32 4175.69 4519.81 4317.96 4358.09 2860.07 2286.69 3568.92 2639.03 3274.11 2946.15 2704.98 2492.03 2345.09 2161.27 2200.92 3235.22 4150.65 3373.09 3651.89 5480.68 5653.16 4115.05 4820.39 4271.56 3546.14 4837.68 5535.47 4148.69 3807.9 4081.58 3008.65 3735.74 3857.97 2714.16 2873.66 4811.98 5059.28 
2900.04 3122.18 2284.65 0 2388.03 6052.85 4950.63 5116.9 3185.46 2333.39 3147.81 2672.47 3950.56 2878.18 2783.84 5068.36 2330.13 3065.44 4278.66 5786.02 6675.28 3803.81 6054.07 6750.43 7415.29 8053.67 7570.08 7630.96 7046.08 7460.05 7323.9 7023.4 6738.41 6421.44 6625.31 6949.87 7150.51 7138.2 6203.09 8140.34 7584.95 4265.3 4005.66 3730.63 4340.61 4483.07 4904.71 3922.87 6952.26 5492.7 5742.73 4579.94 7091.81 7175.87 9286.28 8152.73 4791.52 7057.95 5926.68 5062.79 7285.05 6723.65 7669.7 7415.73 4138.62 4061.58 3292.42 3718.33 1884.44 2247.22 7058.74 6953.46 6055.77 6810 7719.27 4377.38 4037.52 4897.76 4161.87 4318.99 2421.81 3176.52 10977.6 5391.35 7266.45 6125.57 8098.7 12209.2 9541.25 6200.35 7320.43 8342.19 4549.39 4164.73 3678.85 3554.78 4598.35 3863.64 4277.32 4095.92 4019.8 4106.52 3848.75 3649.16 3894.52 3755.41 3797.51 3923.73 3773.74 4487.87 3692.36 2739.06 2831.04 3204.87 2325.29 3977.95 3264.7 4028.23 3816.25 3404.66 4291.58 5003.66 4351.31 4207.05 4034.78 4395.22 4185.85 5035.13 5208.45 4675.17 5091.51 4411.53 4606.54 4185.6 4670.83 4666.97 4601.26 5351.52 4963.71 4530.26 4880.56 3240 5385.75 2395.55 4079.56 3713.56 2960.78 3634.21 2736.8 2377.18 8377.64 2592.23 3650.19 4607.87 3399.75 4773.15 3562.62 3338.95 5555.88 2542.65 2694.77 2723.08 3428.25 2203.67 3490.36 2707.17 2539.66 1834.24 2305.6 4589.08 6001.63 6850.55 6933.59 6442.65 6849.05 3558.44 4001.92 5040.28 5565.37 4558.46 4201.17 4684.45 4285.1 5060.04 4099.36 4811.64 3261.43 3209.41 3518.22 3471.81 3853.7 4510.26 3147.48 3986.38 4599.24 3616.43 3208.78 3789.52 3117.43 3198.37 3588.18 2686.96 4460.74 4012.41 3790.43 4389.06 4228.95 4177.07 3265.33 2622.83 3724.21 2676.04 3931.74 2682.34 2253.8 2728.02 2716.05 2276.4 2067.23 2732.51 3779.47 3671.6 3738.48 5240.45 6139.98 4099.56 4753.77 4039.38 3659.21 4645.19 5646.55 4526.89 3961.39 4091.27 3206.21 3912.01 3802.68 2897.26 3126.14 4983.67 5379.99 
3477.34 3796.33 2705.43 2388.03 0 6479.14 4405.72 4663.44 3234.71 2684.25 3346.21 2950.48 3924.91 3198.15 3317.2 5399.41 3416.49 3331.92 4614.32 5927.1 6730.1 4119.7 6207.28 7111.76 7645.37 8367.26 7851.8 8002.39 7340.97 7866.97 7662.11 7287.44 7098.02 6651.89 6884.26 7312.14 7462.38 7525.07 6692.08 8551.79 8027.17 4586.05 4359.55 4112.25 4663.3 4776.8 5166.89 4413.39 7239.77 5890.66 5949.42 4704.39 7480.06 7300.79 9388.16 7787.02 5119.49 7154.74 6284.85 5439.13 6471.69 7353.15 8340.52 7835.51 4985.89 4571.73 4047.27 4633.96 2786.72 3196.26 7932.6 7322.65 6560.07 7584.67 7669.29 4404.24 4634.55 5561.44 5039.76 5161.63 2902.66 3234.24 11051.4 5851.79 7400.12 6836.16 9156.28 12029.3 10301.4 6785.05 7583.33 8507.58 4877.1 4469.89 3975.23 3823.78 4974.01 4240.45 4554.16 4464.18 4395.77 4522.23 4190.38 4037.39 4141.81 4155.38 4063.34 4307.28 4410.29 4735.31 4435 3133.03 3164.4 3844.81 2823.44 4664.82 4025.65 4396 4136.13 3685.19 4642.85 5449.86 4681.66 4536.4 4510.13 4771.23 4555.2 5430.91 5648.05 5012.68 5493.34 4696.66 4973.24 4593.46 5106.19 5113.06 5013.76 5756.08 5359.25 4963.27 5289.57 3442.35 5724.44 3195.32 4401.67 4625.81 3194.28 4356.32 3034.05 2790.5 8340.73 2742.24 3837.64 4761.32 3525.61 5366.07 3863.95 4339.56 6185.47 2856.39 3016.57 2907.51 3866.21 2440.97 3799.02 3291.5 2698.7 2123.92 2606.51 5437.69 6345.26 7463.21 7323.51 7170.11 7733.57 4491.91 4076.09 5600.82 6141.25 5154.89 4719.48 5079.61 4989.89 5576.66 4841.93 5587.36 4087.34 4081.53 4380.73 3836.32 4802.68 5142.56 3688.37 4880.84 5417.71 4278.42 3791.88 4189.76 3622.41 3785.81 3995.21 3733.62 5096.53 4956.64 4719.7 5275.66 4778.6 5042.42 3495.96 2851.66 4252.89 3478.14 4250.52 3553.89 3302.52 2949.03 2842.9 2693.43 2829.5 3741.85 4454.47 3919.26 4601.35 5498.21 6615.09 4671.13 5495.99 4879.06 3888.91 5397.64 5670.96 4752.99 4333 4896.23 3600.54 4204.33 4634.8 3485.27 3965.67 5318.35 5603.44 
5298.76 6690.04 5435.55 6052.85 6479.14 0 5920.32 7435.09 7259.08 6746.42 7351.45 6897.16 7359.07 6457.21 6825.53 8301.93 6325.4 6277.22 7238.89 9952.81 10818.3 6971.93 9721.17 10115.4 10618.2 11618.1 10764.5 11001.6 10283.3 11369.7 10524.7 10407.4 10493.8 9573.82 10015.7 10843.5 10521.7 11155.8 10571.9 12273.7 11859.2 7382.22 7953.92 7711.37 7584.5 7614.75 9109.77 7801.88 10591.7 9621.07 9775.19 8354.72 8899.58 6804.6 8016.73 7865.07 8234.9 7030.69 9562.57 8517.49 8729.1 8604.41 7718.84 8056.03 6773.21 7523.51 6209.62 6842.87 6139.63 6598.35 10084.8 10587.3 9436.48 10128.5 10921.8 5437.31 5355.53 8961.45 7238.1 7950.41 6254.97 5615.69 10437 7410.24 10659.2 6522.06 10926.5 13402.2 10573.3 8166.54 10897.7 11733.5 7717.32 8151.48 7365.33 7493.3 8251.97 7999.54 7711.52 7894.93 7791.85 7994.88 7757.46 7765.29 7765.52 7768.89 7634.36 8172.53 6846.16 8376.84 6581.1 6198.59 6285.73 6637.85 6100.21 7148.62 6071.08 7526.5 7222.63 7020.41 7494.68 8738.18 7864.92 7642.49 8299.28 7634.4 7492.56 8274.01 8835 7768.1 8071.73 7462.84 7743.33 7270.97 8407.37 8192.24 8080.83 8984.73 8533.23 7968.21 8576.34 6830.79 7878.56 6542.57 7200.6 7116.26 6640.83 7176.91 6752.23 6595.42 10447.4 6536.37 7194.63 7839.81 6982.85 8321.32 7351.83 7630.01 7718.84 6527.28 6865.69 6582.46 7144.95 6108.79 7221.5 5869.36 6272.37 5999.33 6440.87 8889.73 10286.3 11070.3 10751.6 10532.5 9361.89 6363.5 6748.92 9323.19 9968.62 8666.3 8627.16 8888.81 8280.13 9449.14 8250.88 7547.04 7108.49 6454.97 5503.7 6852.1 7186.42 6943.43 5595.37 7076.99 8032.8 5960.45 6289.18 5977.55 6209.48 5405.24 5176.79 6629.07 8387.34 6945.76 7309.34 7640.3 7786.87 7504.18 7112.22 6730.51 7676.05 6413.94 6384.27 6357.12 5028.2 6898.81 6837.31 6515.16 6242.91 6291.1 6895.66 6894.11 7129.74 8928.99 8962.11 8288.26 9023.01 8416.99 7601.25 8717.03 7732.68 8098.52 7028.11 7198.13 6881.78 7972.29 7523.92 6401.83 6548.14 8074.07 8726.68 
4948.6 6777.06 4825.43 4950.63 4405.72 5920.32 0 4657.35 6525.37 6058.58 6700.39 6273.18 6770.74 5651.57 6294.37 7965.73 6303.62 5608.78 7010.12 9400.09 9948.09 6623.37 8760.34 9770.92 10275 11000.7 10473.3 10873.6 9937.65 10569.2 10367.7 9901.29 9757.19 9212.49 9539.12 10138 10223.6 10639.1 9871.11 11645.9 11145.4 7269.86 7455.57 7281.17 7416.91 7397.05 8420.92 7608.18 10254.3 8952.92 9067.98 8015.24 7861.3 7720.25 9635.25 8206.54 7989.75 7761.04 7460.35 8260.2 7646.31 8730.7 8519.53 8222.71 4949.13 5530.78 6008.26 6945.89 4729.26 5394.6 10777.4 10300.4 9601.95 10531 10692 5096.5 5328.93 8887.17 7408.8 8092.53 4938.79 4935.57 9481.17 6497.02 10142.5 6206.33 10571.7 11395.3 10740 8334.59 10385.2 11166.8 7188.85 7514.82 6771.05 6900.35 7908.29 7286.11 7242.69 7386.75 7283.98 7472.63 7183.17 7036.85 7211.85 7025.42 7228.3 7435.01 6987.4 7917.01 6780.79 5819.39 5670.83 6305.94 5571.14 6743.14 5877.94 7029.21 6783.5 6305.85 7344.06 8308.32 7577.25 7362.81 7588.58 7492.33 6786.77 8099.77 8528.25 7624.57 7921.81 7351.13 7562.15 7172.18 7939 7994.95 7868.82 8683.63 8213.91 7702.64 8174.47 6186.57 7659.97 6062.62 6794.79 5373.56 5946.37 5951.13 6148.56 5384.56 8872.49 5698.31 6412 7059.69 6290.36 6768.18 6496.28 6356.33 6591.64 5912.29 6161.84 5978.56 6444.61 5548.4 6418.03 5252.67 5704.02 5330.24 5698.77 7093.06 9771.72 10653.4 10537.7 10408.9 10355.6 5975.51 6312.25 8906.78 9622.48 8473.79 8224.8 8551.58 8062.78 9070.89 7988.38 8012.11 6740.97 6565.1 5722.13 6230.35 6771.27 6555.8 5689.13 7020.35 8055.87 6028.83 6601.67 6105.75 6075.66 5594.21 5348.73 6606.12 7737.29 7376.1 7693.9 8006.1 7719.28 7862.62 6461.26 6053.25 7382.14 6099.99 5761.45 6457.61 4799.54 6344.88 6241.27 5992.43 5948.45 5530.95 5297.83 6789.5 6776.12 7702.11 8860.7 7963.18 8825.37 8205.13 6852.14 8024.11 7322.27 7683.6 6716.9 7676.49 6377.43 7304.2 7468.7 6180.53 6042.09 7486.95 7962.53 
5699.11 6626.62 5509.32 5116.9 4663.44 7435.09 4657.35 0 6566.97 6453.89 6971.62 6441.09 6803.79 6616.92 6456.25 8264.1 6388.07 6652.02 7378.67 9153.91 9313.88 7496.77 8337.85 10629.5 11172.5 11913.5 11454.9 11642 10847.7 11179 11341.6 10727.8 9903.95 10150.7 10318.5 10199.3 11074.8 11244.7 10404.6 12228 11646.9 8285.98 8043.05 7780.82 8400.25 8513.23 8368.35 8074.38 11171.7 9068.7 8816.19 8788.28 8248.96 8786.03 10915 9586.22 8885.35 9287.28 7458.28 8471.59 8303.01 9641.22 9212.09 9931.52 5759.73 5798.66 6530.35 7735.6 5185.85 5537.06 11028.5 11199.7 10204.8 11044.1 11429.4 6231.17 6639.1 9051.19 7614.82 8478.82 5530.91 5854.19 10105.1 6485.78 9948.5 7545.48 10621 11453.8 11707 8794.82 10472 11169.6 7560.25 8127.28 6816.59 7407.56 8707.15 7967.8 8115.86 8213.27 8085.67 8225.92 7939.17 7746.84 7867.23 7835.48 7783.52 8010.64 7592.23 8113.62 7369.54 6231.88 6336.27 6990.75 5553 7365.11 6202.65 8007.95 7668.59 7150.46 8371.25 9186.44 8478.15 8292.88 8232.98 8534.7 7852.76 9209.65 9389.46 8740.2 9103.87 8356.44 8701.9 8270.9 8848.79 8876.43 8798.34 9549.43 9154.12 8265.55 9029.91 6444.22 7391.77 5890.15 7479.05 5205.42 6637.78 6118.96 6624.15 6136.76 8831.66 6258.61 6764.17 7538.64 6660.66 7443.26 6636.27 6490.38 6747.36 6354.06 6719.85 6028.39 6945.93 5966.9 6665.11 5633.01 6204.74 5663.12 6008.82 7207.9 10212 11079.9 11103.9 10748.7 10682.3 6525.65 6869.13 9119.37 9848.43 8639.8 8532.31 8544.06 8213.08 9308.91 8257.72 8728.26 7002.22 7028.54 6239.78 6957.48 6477.78 7351.61 6427.89 7226.61 7906.68 7065.77 6883.16 6646.26 6578.72 6335.22 6231.46 6379.81 7797.39 7797.37 7924.31 8249.53 8293.19 8321.96 6411.29 6275.14 7467.69 6339.62 6342.5 6621.64 5611.88 6802.79 6601.45 6347.67 6121.05 5898.64 5890.75 7545.89 6615.21 7718.46 8955.23 7875.29 8591.1 8042.93 7412.24 7578.06 7572.12 8031.71 7996.59 7801.38 7312.98 7625.56 7436.23 6080.17 5918.94 7709.41 8145.71 
3244.62 3189.61 2767.51 3185.46 3234.71 7259.08 6525.37 6566.97 0 2214.82 1710.24 1813.35 2381.68 2648.04 2161.99 3325.99 3639.91 3198.17 3616.18 3770.96 4123.68 3675.88 4653.9 6485.13 7017.79 7720.71 7215.19 7388.01 6699.39 7273.25 7084.79 6595.44 6331.82 6063.71 6186.35 6570.39 6828.57 6964.79 6441.15 7977.78 7684 4147.62 3813.24 3577.54 4209.44 4358.98 3265.99 3809.22 5865.24 4833.8 4153.07 3644.84 9173.28 7168.51 9439.7 8104.66 4715.72 6799.57 7536.65 4590.41 8033.6 6307.32 7220.46 7207.3 6592.11 5638.88 3331.05 4411.82 3660.26 3750.49 7007.47 5460.8 5897.63 6687.83 5519.88 5480.76 5011.8 5305.13 5146.88 4273.02 3775.01 4153.92 13507.2 6445.7 4818.02 8109.59 8327.02 13918.2 9235.43 5916.57 5090.63 6807.1 4155.54 3895.38 3296.49 3170.68 4543.58 3715.23 4058.41 4015.08 3955.87 4049.79 3663.14 3596.03 3600.22 3723.92 3496.21 4008.84 3893.77 3292.05 3699.79 2649.25 2737.24 3423.14 2275.3 4060.4 3627.55 4033.9 3640.53 3195.92 4150.31 5127.37 4312.92 4109.08 4309.82 4465.31 4037.5 5138.34 5279.12 4669.95 5028.56 4311.64 4648.5 4270.31 4689.68 4705.91 4628.47 5445.24 4960.64 4434.83 4951.48 2594.89 5224.43 2725.62 2914.54 5116.04 2465.62 4232.63 2552.41 3259.31 8280.47 2071.68 2757.75 3550.05 2623.6 6525.84 2624.95 4701.78 6302.27 2292.7 2619.31 2146.68 3143.04 2033.55 2065.09 3435.14 1759.48 1752.99 2012.6 5251.97 5508.94 6599.24 6382.92 6647.95 7367.78 4710.11 4636.57 4314.53 4900.99 3924.26 3537.86 3576.81 4170.88 4364.51 3768.08 5328.45 3201.83 3995.74 4333.28 3299.42 4177.86 4863.58 3321.05 4365.92 3953.09 4016.6 3027.45 3713.05 2779.96 3639.29 3774.8 3216.17 4087.01 4615.5 4365.21 4755.44 3640.18 4251.38 1916.85 1428.67 3073.84 2865.46 4330.15 3209.62 4001.51 1896.08 1568.63 1906.99 2405.3 4340.22 5473.1 2516.68 3710.14 4528.56 5095.55 2895.05 3869.32 3110.51 2792.12 3594.43 5691.55 3312.28 4188.39 4310.58 3405.3 2588.16 3344.11 2812.82 3345.4 4511.66 4298.03 
3025.75 3507.36 2463.07 2333.39 2684.25 6746.42 6058.58 6453.89 2214.82 0 2283.4 1890.15 3186 3045.25 2255.79 3777.95 2567.71 3181.11 4244.94 4441.38 5358.65 4081.46 5797.33 6780.13 7483.92 8123.95 7628.81 7749.01 7124.82 7567.58 7356.41 7077.89 6853.99 6492.89 6679.84 7174.82 7235.17 7235.45 6452.82 8271.19 7705.52 4432.98 4096.15 3844.15 4574.32 4637.43 4196.23 3601.71 5891.76 5545.61 5059.24 3490.19 8338.48 6487.98 8420.42 7123.31 4945.22 6057.23 6777.93 5034.12 6876.79 6025.1 6903.59 6403.88 5690.87 5147.2 2982.03 3742.2 2882.73 2979.45 6474.8 5401.7 5122.41 6304.38 6354.92 4902.57 4416.97 4502.37 4452.4 4084.46 3189.42 3606.41 12681.2 5596.42 5697.98 7316.89 7924.98 12818.8 8838.12 5548.47 5722.2 7060.27 4755.34 4214.48 3930.41 3597.15 4835.15 4034.47 4494.33 4336.39 4156.38 4217.69 3985.87 3844.45 3977.54 3889.02 3877.12 4130.89 3921.17 3512.96 3794.07 3121.03 2978.02 3508.95 2447.19 4438.52 4017.74 4300.08 4023.59 3643.81 4526.44 5306.64 4503.66 4361.83 4392.66 4629.29 4414.4 5213.27 5442.77 4896.21 5285.68 4558.01 4782.65 4422.65 4865.39 4907.61 4830.45 5575.41 5114.04 4747.75 5113.33 3331.87 4594.46 2640.67 3388.18 4750.72 3014.47 3721.64 2968.06 2589.24 7890.99 2557.48 3528.06 4388.23 3351.89 5563.18 3321.05 4138.12 5771.82 2796.14 3006.02 2792.22 3614.37 2059.19 2750.77 3118.59 2278.43 2092.67 2372.66 4620.96 5136.68 6404.74 6175.33 6127.2 7552.12 3848.87 3798.15 4093.09 4565.44 3822.03 3199.77 3510.65 3811.43 3994.12 3676.75 5231.46 3148.73 3654.47 4247.32 3180.61 4361.11 4708.86 3107.05 4442.32 4298.25 3269.88 3366.61 3259.83 2908.11 3226.2 3589.28 3052.85 4270.62 4147.65 4063.22 4494.3 3588.64 4223.54 3065.5 2194.05 2626.6 2803.96 4057.18 3204.63 3265.72 1911.75 1702.66 1907.77 2274.24 3429.97 4472.23 2700.23 3761.62 4449.19 4963.22 3171.62 3730.3 3279.61 2623.25 4272.96 4967.13 3149.59 4099.96 4008.26 3332.75 2644.97 3508.66 3045.85 3216.54 5166.79 5310.93 
3194.9 3027.19 2839.11 3147.81 3346.21 7351.45 6700.39 6971.62 1710.24 2283.4 0 1948.89 2429.18 2273.5 2394.82 3448.25 3543.94 3326.14 3364.78 3719.36 4522.7 3582.81 4836.09 5979.04 6683.73 7285.43 6784.89 7033.83 6208.12 6819.48 6561.38 6116.25 5906.12 5683.73 5757.13 6439.77 6347.02 6481.75 5982.48 7469.49 7237.24 3808.1 3194.47 3046.15 3864.74 4003.01 3133.14 3408.44 5234.73 4587.73 4166.68 3132.13 9181.24 7151.52 9359.05 8092.78 4392.78 6915.44 7655.14 4700.21 7938.55 6307.1 7573.25 7065.11 6528.82 5672.69 3329.73 4132.73 3753.41 3716.45 6713.92 5520.46 5496.88 6495.22 5671.68 5538.77 4927.58 4997.09 4653.67 4068.09 3810.06 4089.51 13422 6646.38 4972.16 8050.59 8591.94 13833.8 9684.77 5943.72 5285.32 7470.32 3917.46 3564.56 3176.96 2820.84 4241.59 3332.46 3785.19 3727.49 3394.27 3665.33 3281.83 3186.37 3339.37 3400.25 3056.73 3727.84 3699.17 3359.73 3533.94 2581.98 2769.05 3218.76 2583 4109.36 3835.65 3623.61 3180.87 2841.72 3833.62 4733.53 3851.96 3702.78 3692.91 4041.78 3767.26 4737.3 4813.94 4200.43 4572.15 3894.31 4158.34 3852.68 4098.74 4314.5 4079.09 5054.67 4511.88 3978.21 4347.85 2408.05 5210.83 2946.39 3206.96 5200.68 2213.03 4353.37 2170.05 3330.75 8832.5 1720.79 2537.04 3571.66 2496.29 6442.85 2510.08 4818.14 6451.25 1917.4 2169.88 1886.08 2881.41 2260.76 2494.65 3669.7 1677.04 1847.95 1673.12 5291.33 5069.62 6360.08 6227.39 6529.27 7304.35 4643.56 4580.73 3996.76 4806.04 3563.84 3447.2 3459.94 3844.79 4158.69 3365.54 5247.59 3085.13 3814.85 4477.42 3345.04 4331.46 4815.69 3417.91 4597.22 4126.76 4031.57 3008.02 3637.26 3058.04 3637.94 3733.28 3270.43 4153.72 4368.97 4197.47 4513.95 3442.64 4036.39 2324.79 1284.39 3208.29 2858.23 4589.14 3229.31 4037.56 1999.63 1621.89 1833.8 2304.18 4230.37 5325.49 2595.29 3821.99 5053.88 5324.98 2945.18 4012.97 3268.89 2666.95 4073.07 5661.65 3460.83 4072.2 4167.11 3338.54 2895.7 3465.34 3079.62 3298 4440.25 4328.08 
2666.2 3071.01 2345.7 2672.47 2950.48 6897.16 6273.18 6441.09 1813.35 1890.15 1948.89 0 2810.04 2879.45 2190.35 3713.8 3102.98 3075.42 3821.03 3735.12 4716.61 3947.06 5067.22 6804.62 7257.09 7998.79 7519.32 7631.88 6951.51 7601.88 7361.02 6828.65 6596.91 6345.7 6504.44 7113.12 7092.47 7258.82 6590.21 8242.71 7796.73 4360.94 4059.4 3816.91 4437.92 4656.93 3847.31 3789.49 6193.92 4747.29 4420.29 3938.52 8785.3 6884.65 8925.57 7846.79 4938.15 6529.15 7188.76 4353.69 7604.87 6052.4 7346.54 6947.47 5860.29 5348.33 2783.29 3695.08 3246.77 3333.49 6691.99 5858.47 5490.79 6644.78 5932.54 5200.95 4739.2 4808.51 4559.44 4224.4 3428.38 3892.67 12856 6060.09 5251.94 7517.11 8057.63 13314.4 8782.17 5335.57 5458.84 6814.97 4440.11 4106.93 3746.98 3421.07 4757.97 3933.09 4364.01 4239.26 4180.97 4292.54 3900.31 3824.13 3867.78 3946.69 3760.35 4152.78 3831.66 3412.57 3733.99 2893.87 2802.65 3272.38 2213.35 4270.32 3591.03 4318.78 3919.96 3406.24 4456.64 5281.01 4553.54 4393.86 4531.54 4645.41 4343.97 5268.01 5441.48 4890.05 5337.04 4496.93 4867.23 4470.77 4900.98 4961.42 4820.81 5637.61 5131.59 4638.68 5135.92 2852.92 4592.67 2502.75 3096.54 4673.35 2859.76 3882.52 2788.68 2974.01 7971.73 2293.74 3300.55 4113.39 2985.31 5852.6 2716.56 4099.27 5802.33 2460.12 2838.94 2382.12 3543.03 1816.74 2421.82 2838.8 1961.31 1765.2 2175.89 4725.25 5553.59 6627.61 6428.67 6381.99 7330.23 4109.95 4154.2 4479.25 4988.36 4057.37 3630.1 3955.54 3995.15 4512.88 3825.17 5244.04 3128.23 3494.71 4001.82 3042.84 4046.54 4507.19 2943.11 4318.29 3970.14 3602.7 3170.93 3374.8 2820.83 3179.39 3325.25 2838.53 4119.12 4153.92 4039.62 4591.11 3722.65 4193 2176.89 1707.25 2693.62 2579.38 4184.79 3061.47 3635.06 1983.32 1777.47 1984.43 2145.05 3754.45 4889.22 2664.75 3249.28 4724.06 4472.63 2966.84 3758.69 3262.66 2891.63 3764.82 5123.23 2955.55 4194.4 4061.68 3404.28 2595.8 2970.84 2167.16 2742.84 4907.4 4282.99 
4011.09 3849.02 3523.95 3950.56 3924.91 7359.07 6770.74 6803.79 2381.68 3186 2429.18 2810.04 0 2366.1 3015.09 3469.05 4614.23 3234.08 3010.08 4405.75 4552 3460.4 4214.38 6401.91 6737.68 7673.86 7158 7370.93 6398.64 7113.06 6979.97 6468.36 5828.53 5764.98 6069.89 6372.4 6867.88 7218.43 6822.28 8325.72 8204.86 3882.96 4065.95 3826.55 3962.04 4143.5 3632.79 4312.85 5995.77 4950.79 3944.18 3805.66 9653.97 7556.23 9843.92 8684.16 4732.56 7016.97 7814.28 4922.8 8299.29 6922.06 7630.4 7772.56 7067.31 6120.16 3883.04 4762.09 4333.94 4636.59 7751.69 6029.8 6461.19 7435.08 5595.49 6200.28 5681.84 6168.33 5977.45 5066.38 4477.18 4886.33 14275.5 6835.7 4714.28 8971.44 8118.99 14994.2 9512.3 5943.22 5562.54 6863.06 3278.55 4228.14 3003.37 3514.06 4517.87 3972.5 3902.34 4042.18 4097.41 4282.65 3870.48 3900.42 3884.68 3961.25 3763.54 4367.53 4066.16 4068.32 4119.4 2633.29 2926.08 3227.26 2864.93 3887.26 3454.96 3740.77 3333.77 2983.82 3973.62 5123.86 4154.21 3999.73 4517.84 4198.99 3555.83 4760.66 5301.07 4326.93 4668.61 4004.27 4290.07 3867.53 4745.1 4662.55 4501.73 5325.76 4907.43 3896.95 4936.18 2224.45 5013.89 3348.17 3195.73 5922.31 2390.41 4665.41 2758.03 3904.7 8824.17 2183.2 2444.36 2892.41 2583.44 6979.41 2321.51 5070.48 6567.92 2455.1 2873.4 1941.97 2927.33 2704.25 2785.45 3660.27 2041.66 2390.41 2285.66 5977.03 5939.6 7407.52 6944.63 7521.74 7759.14 4697.56 5171.49 4989.63 5723.84 4783.06 4149.72 4343.17 5173.99 5100.85 4805.73 5507.81 3569.66 4462.02 4522.73 3531.61 4570.91 4605.97 3612.47 4210.91 4695.75 4485.91 3540.97 4350.3 3537.31 4244.44 3973.42 3887.47 4658.63 5038.83 4926.79 5412.85 4160.67 4803.99 2427.23 1913 4122.35 3799.16 4855.84 3932.75 4405.72 2670.8 2286.51 2753.39 3340.77 5175.92 6497.24 2977.39 4030.74 4369.69 6087.68 4026.38 4849.54 4132.5 3120.5 3719.31 6074.38 3726.2 4260.19 5217.95 3811.44 3506.22 4148.2 3476.71 3881.69 3524.57 3582.62 
3252.78 2981.29 2654.44 2878.18 3198.15 6457.21 5651.57 6616.92 2648.04 3045.25 2273.5 2879.45 2366.1 0 2931.29 3961.17 3608.79 2122.78 2330.49 5279.97 5861.99 2553.24 4318.41 4788.97 5346.18 5839.67 5500.72 6030.95 4975.7 5495.39 5494.51 4928.69 4669.29 4431.1 4579.95 5231.54 5220 5601.18 5144.87 6679.67 6517.83 2568.71 2534.61 2246.63 2706.11 2734.23 3431.46 3547.27 5768.27 4172.15 4413.32 3550.41 8484.24 6940.62 9466.74 8497.68 3272.34 6570.48 7024.04 4768.87 7612.92 6903.6 7650.85 7451.75 6116.91 4884.06 3348.42 3818.1 3457.23 3464.63 7103.49 6146.28 6026.6 6559.03 6400.3 4939.53 4527.36 5262.64 4735.06 4042.26 3253.39 3655.76 13256 6793.57 5906.23 7865.06 8388.67 14494.2 9979.92 5961.71 6223.65 8153.57 2492.7 2712.07 2093.03 1975.45 3146.53 2444.65 2594.32 2681.97 2726.36 2931.96 2527.58 2449.59 2485.52 2617.44 2269.72 2854.11 3161.45 4023.66 3192.02 1632.91 2025.96 2297.47 2378.72 2967.66 2844.45 2351.95 2058.62 1597.48 2752.75 3816.99 2929.12 2705.66 2985.13 2974.89 2183.39 3519.62 3858.78 2862.87 3213.51 2804.12 2924.98 2483.52 3263.02 3314.32 3121.39 4213.14 3446.5 2919.43 3428.23 1635.71 5899.66 2607.93 3136.24 5436.78 1282.93 4806.01 1369.26 3141.33 9985.17 1137.53 1643.5 2460.81 1575.32 6227.7 2452.73 4664.82 6916.08 1244.34 1522.91 1462.19 1809.66 2173.62 3102.11 3444.7 1707.68 1559.57 1399.78 5918.98 5403.19 6595.69 6678.36 6760.01 6887.01 4253.38 4917.22 4641.65 5352.09 4215.73 3974.1 4300.65 4415.69 4744.52 4019.95 4378.21 2947.64 3158.92 3804.43 2824.07 4027.1 4042.85 3407.56 3537 4764.86 4056.96 3073.34 4158.66 3299.85 3694.07 3762.84 3178.6 3997.02 4281.82 4212.47 4610.55 3711.08 3885.14 2697.97 1661.74 4335.62 2936.69 3806.1 2956.66 3529.75 2493.89 2357.78 1995.63 2333.28 4344.69 5534.9 2896.31 3951.25 5456.49 6568.16 4156.62 5289.82 4301.73 3082.02 4346.57 6253.99 4250.22 2786.97 4590.24 2433.04 3760.24 4544.16 3386.09 3565.39 2906.1 3457.85 
2918.92 2851.47 2627.48 2783.84 3317.2 6825.53 6294.37 6456.25 2161.99 2255.79 2394.82 2190.35 3015.09 2931.29 0 3355.79 2887.56 3374.39 3935.98 4332.65 5113.9 4026.28 5442.47 6938.09 7469.7 8181.47 7705.66 7814.99 7140.88 7782.82 7495.39 7017.3 6903.15 6513.64 6629.82 7199.97 7246.91 7537.36 6896.74 8520.34 8139.08 4432.76 4268.93 4010.82 4581.19 4657.32 4485.77 3435.56 6442.02 5694.91 5338.2 3592.14 8662.94 6833.51 8691.89 7726.9 5149.89 6436.72 7288.9 5168.56 7729.73 5976.47 6820.35 6821.2 6086.68 5671.41 2975.63 3515.99 3312.44 3518.97 6184.72 5818.25 5115.27 6149.93 6610.05 5396.86 4924.73 4730.58 4364.11 4090.18 3963.69 4320.33 12616.3 5792.2 5548.64 7314.98 7867.62 12736.8 8407.06 4752.79 5521.4 7446.74 4612.75 4402.15 3707.51 3699.4 4900.54 4179.15 4498.49 4396.36 4405.32 4578.85 4184.04 4101.29 4120.92 4234.55 4004.59 4502.82 3396.95 3611.13 3402.19 2707.97 2636.03 3301.97 2318.29 4010.58 3253.58 4321.53 3969.67 3493.53 4548.34 5500.82 4629.71 4500.13 4688.6 4682.58 4313.04 5388.37 5669.98 4889.14 5368.07 4615.32 4853.05 4473.36 5142.46 5077.95 4981.95 5758.81 5375.81 4810.13 5323.42 3157.66 4715.25 2626.05 2924.82 4689.56 2865.21 3834.72 2923.92 3288.43 8154.52 2546.78 3344.68 4224.99 3234.36 5924.81 3283.41 4412.25 5807.07 2780.21 2973.55 2646.55 3596.98 2071.32 2054.82 3259.59 2096.17 2053.96 2088.31 4759.63 5156.22 6303.29 6040.03 5989.32 6764.95 3852.63 3945.46 3934.6 4648.85 3588.3 3257.18 3547.25 3514.48 4038.5 3430.71 4926.38 2755.04 3252.33 3472.8 2955.06 3487.52 4614.19 2927.18 4017.01 4081.32 3190.14 2893.7 3243.9 2988.87 3221.53 3634.82 2705.13 3865.18 3743.68 3742.81 4079.69 3478.96 3763.13 2803.44 2142.31 2682.88 2346.04 4137.58 2838.08 3354.08 1871.7 1771.03 1938.86 2044.84 3533.47 4623.63 2433.79 3095.45 5190.43 4800.67 2749.72 3416.79 2798.82 2672.93 3766.83 5098.6 3445.07 4256.96 3446.2 3469.36 2609.76 3328.77 2782.43 2868.9 4892.14 5104.25 
5142.09 4138.69 4910.99 5068.36 5399.41 8301.93 7965.73 8264.1 3325.99 3777.95 3448.25 3713.8 3469.05 3961.17 3355.79 0 4619.29 4266.74 4413.42 4928.17 5643.1 4567.73 6139.87 7878.63 8300.96 9220.99 8641.57 8709.99 7912.43 8919.51 8184.83 7959.28 7968.36 7409.32 7483.92 8109.24 8231.03 8781.7 8420.61 9910.68 9680.15 5338.13 5622.76 5326.49 5387.84 5472.44 5021.76 4414.46 6255.95 6479.78 5655.35 4376.66 9504.25 7735.19 9205.79 8646.22 6091.69 7052.31 8033.11 6104.42 8460.81 7122.29 7821.62 7614.36 8104.91 7514.23 4001.51 4402.46 5459.92 5627.43 7017.11 5502.52 5798.13 6284.27 6230.32 7472.93 6874.89 5822.92 6099.55 4943.14 5665.37 6258.58 14907.7 6994.1 5123.79 9663.14 7716.83 14675.3 8808.6 5439.4 5101.89 7071.9 4794.2 5892.8 4893.21 5259.74 5949.56 5674.44 5806.91 5550.15 5719.11 5960.27 5539.33 5596.63 5523.41 5660.4 5395.58 6076.83 4028.22 4718.66 4678.97 3779.7 3969.48 4144.07 4259.71 4403.49 4429.27 5236.46 4875.21 4714.91 5123.29 6398.87 5458.58 5347.08 6030.44 5280.42 4767.06 5788.39 6497.42 5328.55 5676.15 5174.56 5351.9 4985.02 6061.04 5856.5 5745.84 6737.9 6134.89 5339.46 6188.75 4066.52 5279.68 3928.62 3455.82 6481.26 4095.43 5150.01 4547.36 5159.03 8947.23 3970.7 4195.09 4491.89 4203.1 7492.16 4126.39 6337.09 7296.66 4214.7 4594.54 3841.82 4396.47 3866.43 3583.28 5230.79 3472.83 3905.53 3824.02 5987.15 6125.06 7271.32 6866.11 7161.96 7795.07 5319.44 5379.12 4758.91 5611.97 4673.45 4176.13 4171.51 4892.35 4717.71 4773.85 5498.14 3804.57 4479.38 5509.46 4049.18 5026.45 5256.17 4660.69 4580.69 4984.25 4958.87 4532.42 5056.71 4562.86 5120.78 5069.27 4637.73 4608.96 4781.78 4732.51 5284.95 3752.73 4222.34 4034.13 3521.01 3785.07 4205.89 5824.6 4562.13 5273.28 3362.74 3339.36 3385.8 3792.27 5817.25 6993.95 2970.16 4576.68 5187.31 5537.96 3535.84 4271.02 3840.8 3487.12 4547.69 5543.79 4314.03 5256.96 5200.6 4941.04 3754.11 4515.46 4493.34 4508.52 5122.77 5433.17 
3400.31 2503.15 2881.03 2330.13 3416.49 6325.4 6303.62 6388.07 3639.91 2567.71 3543.94 3102.98 4614.23 3608.79 2887.56 4619.29 0 3770.75 5085.95 5679.93 6992.03 4638.08 6857.65 7390.03 8148.69 8762.8 8269.68 8388.86 7765.89 8142.25 8062.36 7739.76 7520.81 7159.96 7344.83 7724.69 7882.04 7808 6993.72 8826.13 8301.56 5047.23 4736.93 4395.44 5115.1 5267.65 5558.09 3797.91 7097.24 6278.9 6410.47 4657.97 7476 7118.47 8575.15 7958.47 5525 7119.35 6293.08 5845.14 7605.45 6390.61 6988.55 7188.68 5392.58 5778.08 3162.15 3286.58 2869.98 3190.46 5691.86 6961.4 5285.96 5548.77 8104.78 5041 4556.49 3862.03 3560.98 3583.4 3816.87 4044.94 11251.7 5167.47 7371.88 6136.33 7053.17 11587.5 8236.23 5067.86 6981.12 8762.41 5356.05 4872.71 4484.55 4250.86 5393.56 4584.52 5066.36 4877.66 4744.66 4894.46 4635.24 4430.87 4585.78 4518.49 4484.26 4721.01 3449.58 4777.71 3345.09 3386.97 3467.06 3782.42 2846.93 4526.19 3932.71 4814.11 4621.71 4172.87 5078.42 5828.43 5041.16 4930.9 4844.78 5171.09 4974.57 5768.06 5982.49 5425.36 5763.61 5137.06 5312.5 4921.38 5383.26 5421.99 5338.69 6086.37 5683.51 5295.26 5655.65 3999.33 4795.95 2507.16 4301.24 4807.33 3751.36 3914.59 3469.59 3364.14 9025.04 3263.54 4390.56 5342.67 4154.2 5778.63 4263.96 4363.59 5688.39 3342.79 3522.01 3500.39 4178.42 2873.27 3668.63 3208.89 3100.12 2641.26 3066.18 5218.1 5747.1 6202.75 6468.61 5468.94 6037.95 3554.15 3704.4 4542.12 5141.44 3791.86 3955.33 4326.96 3313.54 4590.3 3642.76 4817.43 3031.07 2415.07 3409.89 3760.45 2851.53 5005.46 3288.95 3914.18 3672.51 3540.03 3020.28 3749.17 3492.36 3246.54 3950.46 2584.11 3768.3 2961.1 3115.1 3220.82 3624.96 3460.09 4018.28 3348.26 3011.92 2293.8 4398.38 2260.5 3188.34 2874.91 3020.02 2360.21 2097.98 3074.54 4178.98 3758.96 3246.38 6058.53 5590.14 3516.49 4026.35 3452.52 3508.39 5054.06 5052.29 4728.14 4715.34 2691 3870.18 4043.19 3183.54 3062.59 2732.6 5784.52 6180.55 
3450.93 3520.12 2856.08 3065.44 3331.92 6277.22 5608.78 6652.02 3198.17 3181.11 3326.14 3075.42 3234.08 2122.78 3374.39 4266.74 3770.75 0 3042.12 6186.76 6749.3 2483.66 5444.05 5530.27 6317.41 6872.12 6336.07 6989.27 5968.75 6492.78 6081.19 5919.04 5524.23 5207.99 5569.84 5837.51 6254.03 6500.02 5985.44 7649.68 7444.77 3406.77 3555.85 3386.34 3594.65 3381.51 4608.12 3689.68 6114.93 4976.44 5128.26 4005.01 7891.71 6536.84 8977.51 8179.04 3914.73 6026.33 6276.68 4014.28 6976.16 6334.33 7287.96 6848.28 6024.97 5206.44 3137.32 3425.73 3420.57 3719.41 6713.18 6089.73 5425.82 6404.33 6748.11 4591.84 3958.73 4967.71 4365.56 4156.99 3027.83 3418.98 13396.1 6368.41 6234.81 8040.7 7731.99 14720.8 9263.43 5733.33 6449.03 7400.37 3095.82 3959.4 3274.09 3381.62 4251.61 3762.31 3477.45 3914.49 3563.26 3791.95 3560.39 3503.84 3547.69 3450.69 3407.23 3674.45 3328.85 4031.07 3356.15 2229.97 2181.66 2629.15 2319.09 2996.58 2601.13 3017.01 3088.2 2761.72 3324.03 4493.88 3435.25 3262.64 3752.47 3554.52 2831.39 3979.86 4388.15 3287.97 3731.28 3276.48 3403.41 3166.7 3780.88 3874.47 3586 4684.43 4038.76 3387.78 3978.06 2343.31 5570.02 2554.69 3043.18 5688.68 2461.89 4706.52 2753.22 3169.8 9774.76 2333.12 2748 3194.14 2675.43 5950.02 3061.06 4710.7 6926.08 2568.27 2857.57 2504.18 2627.73 2377.44 3632.15 3306.25 2452.1 2013.5 2446.23 6040.74 5916.99 6694.25 6647.67 6704.87 6758.64 4016.41 4577 5232.5 6041.48 4884.95 4796.26 4913.19 4652.19 5582.85 4436.07 4011.24 3492.88 3371.79 3637.33 2801.53 4274.18 3360.46 3326.09 2998.71 4756.75 4209.8 3251.78 4087.84 3377.43 3747.38 3574.97 3391.9 4493.77 4298.1 3978.68 4632.77 4093.33 4416.57 3357.11 2887.55 4529.06 3513.9 3553.76 3213.04 3118.82 3173.97 3054.28 2768.13 2802.02 4597.66 5739.69 3332.43 4177.69 4972.65 6640.18 4605.22 5523.2 4841.81 3299.75 4558.05 5987.15 3882.43 2286.43 5070.28 2341.8 4042.46 4788.08 3596.29 3701.6 3597.91 4227.61 
4525.44 4055 4054.42 4278.66 4614.32 7238.89 7010.12 7378.67 3616.18 4244.94 3364.78 3821.03 3010.08 2330.49 3935.98 4413.42 5085.95 3042.12 0 5988.83 6228.73 2887.11 4781.95 5429.67 5904.53 6969.8 5857.58 6391.52 5429.11 7046.78 5672.62 5628.45 5579.72 4747.91 5189.72 6499.34 5758.56 7033.93 6789.32 8196.04 8112.94 3029.62 3915.23 3679.12 3174.66 3127.53 4422.05 4672.06 6643.81 5021.73 4955.72 4538.19 8915 7743.43 10087.7 9305.58 3916.03 6973.56 7539.73 4813.08 7793.76 7398.06 8457.12 8240 7383.78 6504.33 3993.38 4483.51 4765.38 4941.17 7981.02 6690.15 6684.39 7428.51 6582.87 6331.23 5811.2 6540.54 6142.34 5467.07 4695.04 5013.43 14728.8 7274.48 5630.23 9352.82 8709.96 15676.2 9947.82 6089.1 6355.07 7551.89 2895.15 4230.68 3126.72 3529.58 3800.09 3997.64 3422.03 3703.09 3837.67 4090.65 3866.33 3974.08 3929.49 4038.3 3661.09 4535.93 3608.99 4909.92 4001.7 2886.83 2955.89 3156.57 3482.91 3530.76 3203.32 3058.43 2716.68 2851.04 3285.74 4879.48 3540.39 3594.9 4431.45 3461.05 2951.29 4060.15 4685.25 3202.52 3785.63 3123.92 3463.42 3174.31 4342.6 4094.13 3862.44 5064.86 4442 3590.03 4434.32 2569.83 6285.42 3829.79 3431.76 6178.31 2559.11 5586.94 2956.98 4381.2 9982.83 2675.21 2764.89 3310.1 2675.81 7437.98 2792.84 5627.57 7332.59 2647.31 3036.65 2571.85 2757.14 3407.77 3960.8 4107.69 3025.74 2830.62 2310.6 6776.93 6718.37 7809.53 7351.45 7931.88 7204.54 5008.87 5699.25 5977.39 6663.73 5631.86 5368.21 5415.32 5762.6 6246.47 5421.71 4378.73 4235.18 4488.84 4477.67 3467.12 5017.18 3752.53 4422.8 4074.87 5363.4 5243.38 4097.43 5269.56 4660.21 4754.02 4380.11 4316.06 5584.97 4897.47 4810.82 5668.49 4471.79 4624.21 3253.8 2630.65 5469.84 4365.9 4881.13 4327.06 4572.66 3895.38 3654.39 3412.91 3772.83 5843.09 6938.46 3415.56 4671.35 5616.24 7396.44 4951.61 6295.13 5358.15 4423.72 4762.38 7171.68 4817.19 3388.21 6047.76 3587.54 4660.41 5458.67 4197.06 4634.52 3179.05 3818.9 
5735.59 5317.58 5498.48 5786.02 5927.1 9952.81 9400.09 9153.91 3770.96 4441.38 3719.36 3735.12 4405.75 5279.97 4332.65 4928.17 5679.93 6186.76 5988.83 0 3964.58 6404.16 6648.11 9187.3 9771.92 10484.9 9947.2 10064.8 9439.14 10032 9780.47 9370.46 8804.59 8785.33 8999.68 9582.74 9541.45 9685.85 9172.54 10690.2 10432.2 6721.34 6449.45 6167.23 6826.19 6964.69 4954.65 5786.87 7784.58 5707.11 5193.5 5418.18 11669.9 9629.53 11379.2 10167.5 7320.35 9115.02 10205.8 6952.68 10433.7 8483.35 9722.76 9279.73 9009.08 8414.2 5661.35 6414.41 6374.48 6343.8 8614.54 6750.21 7799.15 8547.51 5241.39 8337.62 7811.27 7360.84 7434.47 6499.07 6712.16 7053.03 15639.9 8299.69 4711.07 10337.2 10038.9 15237.4 10587.1 7411.77 5281.45 6519.26 6784.05 6544.84 6061.54 5854.08 7126.11 6377.49 6735.68 6628.03 6554.04 6731.51 6335.77 6253.7 6290.83 6404.45 6171.22 6711.49 6005.16 5079.19 5990.85 5279.48 5382.57 5670.24 5109.94 6802.1 6458.62 6620.39 6221.07 5752.76 6778.59 7655.71 6865.13 6717.14 6858.5 6935.86 6751.52 7630.32 7830.37 7188.36 7671.46 6831.66 7139.12 6750.31 7284.6 7292.84 7187.53 7938.72 7553.7 6941.93 7469 5309.68 6479.16 5312.28 5394.52 7571.54 5179.75 6309.79 5109.38 5984.99 9344.22 4702.56 5567.69 6342.93 5217.9 8737.66 4739.9 6995.48 7694.25 4830.19 5143.45 4613.84 5867.17 4758.1 4410.09 5877.59 4274.05 4393.24 4423 7236.75 7194.16 8507.62 8193.8 8529.74 9693.7 6880.28 6669.46 5947 6391.32 5653.09 5025.95 5102.97 5991.73 5763.24 5869.57 7834.85 5356.58 6104.53 6859.12 6009.94 6401.71 7418.65 5683.47 7076.91 5620.83 6314.77 5603.44 5978.38 5487.38 6176.03 6135.59 5749 6190.69 6361.89 6256.93 6640 5338.98 6031.83 3673.18 3833.23 4344.85 4802.55 7406.99 5548.77 6597.5 4056.69 3764.39 4162.62 4626.11 6482.35 7685.26 4296.96 5457.52 6556.69 5316.63 4022.25 4637.61 4536.33 4822.4 5542.33 6723.27 4339.12 7030.09 6376.59 6231.62 4012.7 4602.11 4522.73 5318.33 7193.54 5298.64 
6616.8 6421.62 6340.92 6675.28 6730.1 10818.3 9948.09 9313.88 4123.68 5358.65 4522.7 4716.61 4552 5861.99 5113.9 5643.1 6992.03 6749.3 6228.73 3964.58 0 7053.49 5522.31 9840.76 10375.1 11087.2 10642.8 10780.9 10038.9 10447.5 10479.3 9883.49 8636.72 9400.85 9466.96 8849.77 10237.5 10369.7 9837.05 11354.1 11127 7428.69 7130.98 6868.33 7529.12 7657.76 5354.65 6906.71 8677.46 6515.22 4951.28 6362.32 12829.8 10420.1 12684.6 11237.7 8046.01 10057.9 11104.9 7227.35 11448.6 9517.91 9672 10320.7 9955.55 9187.23 6630.92 7607.3 7244.26 7248.69 9892.54 7958.29 9001.49 9910.86 6834.15 9136.22 8649.14 8697.09 8592.37 7724.31 7485.38 7821.22 16952.2 9087.92 5025.99 11549 9256.95 16351.2 11071.8 7867.81 5174.49 6022.28 6598.79 7246.94 5474.38 6488.56 7854.91 7077.92 7343.5 7352.83 7255.71 7417.66 7029.37 6936.81 6967.23 7070.46 6872.6 7395.64 7273.96 5823.52 7027.41 5850.43 6160.08 6703.89 5538.16 7369.33 6800.94 7211.13 6867.53 6402.17 7494.9 8334.76 7565.38 7409.49 7529.96 7662.31 7109.8 8354.99 8526.69 7895.45 8374.88 7558.42 7844.35 7462.13 8006.05 8016.86 7891.47 8664.2 8242.1 7339.7 8171.97 5489.63 7035.12 6081.11 5932.75 8197.48 5662.77 7198.33 5782.47 6790.22 8496.95 5218.39 5681.2 6173.9 5556.37 9709.67 5013.71 7709.05 7961.35 5435.87 5808.98 4806.69 6097.15 5592.15 4791.06 6426.11 4965.27 5108.76 4945.94 8278.83 8213.18 9714.98 9276.99 9838.32 10890.9 7619.05 7658.89 6940.95 7405.17 6591.65 5870.34 6044.28 7198.97 7071.27 6873.25 8892.94 6288.7 7428.19 7669.2 6400.31 7155.22 7548.01 6597.43 7586.51 6882.83 7229.22 6516.82 6903.27 6244.42 7051.08 7106.49 6293.87 6775.06 7729.87 7608.22 7983.19 6606.71 7341.11 4197.61 4479.22 5507.47 5966.62 7693.06 6667.82 7500.17 4983.85 4602.39 5112.61 5755.48 7662.85 8725.24 5316.71 5863 5674.32 6551.62 5145.16 5883.65 5335.28 5773.1 4890.85 7773.29 5214.11 7827.32 7614.53 7026.59 4523.29 5551.49 5473.07 6153.25 6286.38 5502.37 
