246 246
0 3589.16 2900.04 3477.34 4948.6 5699.11 3665.98 4204.48 3244.62 3025.75 3194.9 3512.11 2666.2 4060.39 4011.09 3252.78 3400.31 2869.29 4525.44 6616.8 4202.19 6161.16 7063.75 7658.92 8208.73 8167.12 8340.07 7839.24 8010.59 7955.2 7239.87 6800.23 6697.01 6882.36 7530.18 8055.87 7041.55 7056.42 8701.71 7500.39 8680.29 4653.04 5428.62 4620.36 4235.26 4886.8 3988.44 3946.47 4019.17 5288.3 4343.3 7440.23 6032.46 6061.82 4874.34 4580.98 4503.21 7204.68 5871.21 8288.34 6018.55 5378.18 7902.73 6700.84 5465.07 5789.53 6035.57 5237.49 5321.3 3089.75 3963.71 3027.18 3651.4 3454.29 7394.92 7218.79 6354.64 6334.22 5528.48 4286.54 3564.4 3662.74 10972.8 10933.8 5734.02 7198.86 6353.9 7785.9 8825.58 5043.44 12365.8 8735.59 5664.02 7282 8539.24 4947.39 4591.78 4049.37 5117.81 4389.46 4595.88 4660.42 4612.47 4803.45 4390.04 4312.91 4340.88 4428.38 4224.27 3665.67 4218.2 4066.99 4163.97 3099.52 3223.19 2327.59 4498 3361.75 4551.3 4212.74 4938.35 5736.9 4907.18 4663.29 4881.72 5052.3 4724.33 5905.7 5125.43 5382.41 4732.75 5630.25 5561.51 4804.36 5178.05 4741.09 5353.25 5274.29 6040.77 5042.5 5376.72 5062 5423.28 5321.66 3004.8 4025.54 4478.21 3284.28 8738.78 3879.58 4843.5 3707.21 3953.71 3507.81 5582.26 3235.88 3095.29 2124.03 3949.4 2460.37 3421.83 3143.13 2661.06 2594.13 5649.89 4470.86 7256.78 6479.28 6850.86 7451.22 6777.09 7889.85 7389.39 5380.25 4922.95 4658.1 4954.13 4551.51 5697.64 5546.44 4627.83 5509.78 3740.25 3696.65 3542.8 4249.6 4392.33 3077.97 4651.02 4682.12 2970.19 3915.79 3812.12 4097.1 3279.67 3059.43 2811.07 3030.38 4106.43 3035.46 3065.8 4253.15 4379.67 4727.79 4601.63 4566.97 5318.46 3393.42 3558.88 2781.97 3727.56 2790.12 3590.49 3138.63 3703.41 3123.43 2776.02 2622.28 2476.22 3591.31 4443.05 3614.21 3745.37 6028.24 5684.08 4229.1 4983.47 3953.67 4377.44 3598.54 5062.59 5674.86 4478.9 4457.99 4278.6 3839.5 3982.12 4051.24 5794.43 6245.77 3998.75 4176.17 3432.22 3431.78 5349.85 6063.86 
3589.16 0 3122.18 3796.33 6777.06 6626.62 3290.05 3803.12 3189.61 3507.36 3027.19 3104.97 3071.01 3451.04 3849.02 2981.29 2503.15 3309.03 4055 6421.62 3949.01 5715.66 6790.12 7366.68 7882.24 7888.07 8071.13 7543.14 7698.96 7642.32 6887.18 6539.99 6393.53 6569.1 7105.37 7758.18 6809.03 6649.97 8325.98 7133.47 8443.2 4359.74 5041.97 4280.16 3861.39 4603.42 3703.53 3613.47 3591.49 4892.08 3446.9 6907.26 5452.45 5664.18 4663.22 4911.93 4809.7 7010.53 5517.2 7884.31 7639.14 5504.47 8069.77 8228.15 4896.13 7162.18 8000.94 6248.55 5976.76 3579.06 3584.55 3631.28 3672.04 3680.76 5308.78 6987.74 5785.62 5333.47 3878.94 3660.54 4118.3 4488.21 11994.2 10418.8 5881.89 6878.88 4661.3 7363.64 7569.42 4934.31 12631.9 8793.38 5366.32 6371.99 9199.32 4583.5 4179.76 3658.5 4782.68 4022.88 4348.72 4429.57 4239.68 4371.34 3991.38 3898.72 3926.52 4040.76 3839.72 3158.31 2687.8 2972.97 3433.31 2665.81 2984.1 2789.88 3907.49 3607.05 4275.35 3902.18 4723.92 5327.91 4598.66 4378.05 4543.71 4660.46 4365.33 5540.49 4850.5 5052.56 4404.75 5344.14 5239.81 4489.43 4866.48 4424.98 4999.36 4909.64 5618.9 4689.49 5045.58 4695.72 5025.86 5413.35 2418.46 3770.94 5428.8 3910.27 9838.79 3477.72 4452.17 3342.04 3383.85 3632.85 6495.92 2840.83 2707.79 2371.59 3446.63 2755.85 3327.36 3731.61 2543.75 2215.2 5569.17 4964.22 5539.49 5584.38 6514.35 6118 5424.85 5752.44 5332.59 4413.74 3792.96 4085.46 4280.45 3463.23 5290.97 4508.35 3417.52 4446.85 2321.31 2123.45 3614.68 4934.65 4777.22 3839.13 3455.12 3609.46 4375.88 4307.97 2975.72 2762.69 3117.11 3835.07 3400.47 3157.97 3626.16 3037.96 4530.04 3122.63 2890.23 3014.04 3516.72 2855.86 4355.3 3186.01 3892.35 2599.57 3491.13 2322.2 4644.56 2512.81 2936.33 3971.28 2692.92 2112.95 1697.87 4163.74 5296.56 3377.74 3374.4 6415.71 5672.63 3481.08 4079.64 3187.76 3534.17 3243.76 4533.83 5719.83 5036.43 4471.43 2749.24 3716.58 3953.5 3403.45 6219.28 6746.64 4140.17 4419.56 2853.91 2975.18 4861.2 5803.08 
2900.04 3122.18 0 2388.03 4950.63 5116.9 3878.79 4024.4 3185.46 2333.39 3147.81 3410.15 2672.47 3452.38 3950.56 2878.18 2330.13 1863.89 4278.66 6675.28 3803.81 6054.07 6750.43 7415.29 8003.09 7759.39 8053.67 7570.08 7630.96 7460.05 7023.4 6517.14 6421.44 6625.31 6949.87 7764.2 6203.09 6364.36 8140.34 6738.53 7866.64 4265.3 4886.53 4190.46 3730.63 4483.07 3533.09 3411.36 3421.05 4904.71 3922.87 6952.26 5492.7 5742.73 4579.94 3919.29 4404.09 7163.09 5565.34 7091.81 7057.95 5062.79 7285.05 7464.61 5235.75 6723.65 7415.73 4138.62 4061.58 3292.42 3726.65 1884.44 2269.64 2247.22 7058.74 6953.46 6962.32 6055.77 4897.76 4161.87 2421.81 3176.52 10977.6 11696.4 5391.35 7266.45 6175.95 7668.05 8098.7 5042.36 12209.2 9541.25 6200.35 7320.43 8912.52 4549.39 4164.73 3678.85 4598.35 3863.64 4277.32 4302.65 4019.8 4106.52 3848.75 3649.16 3894.52 3755.41 3797.51 3319.71 3773.74 3692.36 3617.97 2739.06 2831.04 2325.29 3977.95 3264.7 4028.23 3816.25 4561.3 5003.66 4351.31 4207.05 4034.78 4395.22 4185.85 5208.45 4675.17 4735.77 4225.66 5091.51 4954.41 4411.53 4634.81 4185.6 4670.83 4601.26 5351.52 4530.26 4771.56 4596.6 4924.22 5385.75 2395.55 4079.56 3713.56 2377.18 8377.64 3650.19 4607.87 3399.75 3562.62 2357.32 5555.88 2694.77 2723.08 2003.8 3428.25 2203.67 3490.36 2707.17 2597.96 2305.6 4589.08 3667.86 6691.85 6001.63 6457.46 6933.59 6185.81 7317.91 6849.05 5040.28 4558.46 4201.17 4684.45 4285.1 5328.82 5060.04 4099.36 4811.64 3261.43 3209.41 3471.81 4958.61 4510.26 3147.48 3986.38 4599.24 3616.43 4263.52 3405.21 3557.38 3208.78 3117.43 2773.58 2991.47 3762.82 2847.59 3588.18 4012.41 3790.43 4389.06 4228.95 4177.07 4905.57 3265.33 3588.96 2622.83 3724.21 2676.04 3931.74 2682.34 3032.04 2253.8 2716.05 2276.4 2067.23 2732.51 3779.47 3671.6 3738.48 5240.45 6139.98 4099.56 4753.77 3748.37 4039.38 3479.74 4645.19 5646.55 4526.89 3961.39 4091.27 3206.21 3912.01 3802.68 5410.64 5383.99 3803.55 4228.19 3038.31 3060.79 4983.67 5879.96 
3477.34 3796.33 2388.03 0 4405.72 4663.44 4773.49 4317.24 3234.71 2684.25 3346.21 3559.87 2950.48 3867.83 3924.91 3198.15 3416.49 2469.37 4614.32 6730.1 4119.7 6207.28 7111.76 7645.37 8262.42 8179.73 8367.26 7851.8 8002.39 7866.97 7287.44 6776.05 6651.89 6884.26 7312.14 8053.11 6692.08 6734.31 8551.79 7201.05 8347.94 4586.05 5270.53 4432.62 4112.25 4776.8 3869.27 3788.98 3742.74 5166.89 4413.39 7239.77 5890.66 5949.42 4704.39 4934.57 4621.39 6753.5 5800.69 7480.06 7154.74 5439.13 6471.69 7406.73 5437.2 7353.15 7835.51 4985.89 4571.73 4047.27 4323.15 2786.72 3036.19 3196.26 7932.6 7322.65 7875.91 6560.07 5561.44 5039.76 2902.66 3234.24 11051.4 12218.4 5851.79 7400.12 6913.55 7850.05 9156.28 5833.06 12029.3 10301.4 6785.05 7583.33 9627.87 4877.1 4469.89 3975.23 4974.01 4240.45 4554.16 4592.63 4395.77 4522.23 4190.38 4037.39 4141.81 4155.38 4063.34 4123.46 4410.29 4435 4102.04 3133.03 3164.4 2823.44 4664.82 4025.65 4396 4136.13 4855.16 5449.86 4681.66 4536.4 4510.13 4771.23 4555.2 5648.05 5012.68 5137.22 4532.99 5493.34 5335.17 4696.66 5014.22 4593.46 5106.19 5013.76 5756.08 4963.27 5147.71 4881.49 5182.74 5724.44 3195.32 4401.67 4625.81 2790.5 8340.73 3837.64 4761.32 3525.61 3863.95 3151.45 6185.47 3016.57 2907.51 2776.75 3866.21 2440.97 3799.02 3291.5 2787.87 2606.51 5437.69 4526.22 7380.87 6345.26 6738.23 7323.51 6841.88 8039.04 7733.57 5600.82 5154.89 4719.48 5079.61 4989.89 5724.68 5576.66 4841.93 5587.36 4087.34 4081.53 3836.32 5617.64 5142.56 3688.37 4880.84 5417.71 4278.42 5112.26 4335.32 4532.84 3791.88 3622.41 3422.32 3836.38 4012.15 3510.87 3995.21 4956.64 4719.7 5275.66 4778.6 5042.42 5342.84 3495.96 3650.95 2851.66 4252.89 3478.14 4250.52 3553.89 4072.84 3302.52 2842.9 2693.43 2829.5 3741.85 4454.47 3919.26 4601.35 5498.21 6615.09 4671.13 5495.99 4319.16 4879.06 3778.58 5397.64 5670.96 4752.99 4333 4896.23 3600.54 4204.33 4634.8 6440.81 6064.52 3954.79 4504.21 3251.93 3322.52 5318.35 6074.26 
4948.6 6777.06 4950.63 4405.72 0 4657.35 7182.96 6770.81 6525.37 6058.58 6700.39 6427 6273.18 6440.13 6770.74 5651.57 6303.62 5319.79 7010.12 9948.09 6623.37 8760.34 9770.92 10275 10886.8 10807.9 11000.7 10473.3 10873.6 10569.2 9901.29 9462.38 9212.49 9539.12 10138 10637 9871.11 9790.01 11645.9 10145.3 11500.9 7269.86 8249.69 7075.96 7281.17 7397.05 6713.67 6619.27 6728.37 8420.92 7608.18 10254.3 8952.92 9067.98 8015.24 6239.36 6308.82 7953.44 8977.46 7861.3 7761.04 8260.2 7646.31 7841.89 8836.35 8730.7 8222.71 4949.13 5530.78 6008.26 7113.93 4729.26 4792.14 5394.6 10777.4 10300.4 8933.9 9601.95 8887.17 7408.8 4938.79 4935.57 9481.17 12597.1 6497.02 10142.5 9668.85 10058.2 10571.7 7457.26 11395.3 10740 8334.59 10385.2 9686.75 7188.85 7514.82 6771.05 7908.29 7286.11 7242.69 7368.56 7283.98 7472.63 7183.17 7036.85 7211.85 7025.42 7228.3 6407.95 6987.4 6780.79 7076.59 5819.39 5670.83 5571.14 6743.14 5877.94 7029.21 6783.5 7160.07 8308.32 7577.25 7362.81 7588.58 7492.33 6786.77 8528.25 7624.57 7783.99 7254.67 7921.81 8036.48 7351.13 7537.86 7172.18 7939 7868.82 8683.63 7702.64 7968.28 7523.2 7990.98 7659.97 6062.62 6794.79 5373.56 5384.56 8872.49 6412 7059.69 6290.36 6496.28 5227.43 6591.64 6161.84 5978.56 5505.66 6444.61 5548.4 6418.03 5252.67 5921.87 5698.77 7093.06 6893.57 10459.6 9771.72 10061.5 10537.7 10040.7 11309.5 10355.6 8906.78 8473.79 8224.8 8551.58 8062.78 9238.86 9070.89 7988.38 8012.11 6740.97 6565.1 6230.35 7396.39 6555.8 5689.13 7020.35 8055.87 6028.83 7056.31 7188.6 7316.64 6601.67 6075.66 6140.17 6420.53 6928.49 6137.04 5348.73 7376.1 7693.9 8006.1 7719.28 7862.62 8651.46 6461.26 6993.43 6053.25 7382.14 6099.99 5761.45 6457.61 6952.11 4799.54 6241.27 5992.43 5948.45 5530.95 5297.83 6789.5 6776.12 7702.11 8860.7 7963.18 8825.37 7617.15 8205.13 6446.07 8024.11 7322.27 7683.6 6716.9 7676.49 6377.43 7304.2 7468.7 7882.9 7474.98 6562.36 7053.51 5849.94 5795.13 7486.95 8672.52 
5699.11 6626.62 5116.9 4663.44 4657.35 0 7041.73 6808.41 6566.97 6453.89 6971.62 6276.65 6441.09 6906.13 6803.79 6616.92 6388.07 5528.05 7378.67 9313.88 7496.77 8337.85 10629.5 11172.5 11754.1 11642.1 11913.5 11454.9 11642 11179 10727.8 10422.2 10150.7 10318.5 10199.3 11668.5 10404.6 10426.6 12228 10909.5 12043.2 8285.98 8978.18 7679.05 7780.82 8513.23 7573.43 7498.71 7517.26 8368.35 8074.38 11171.7 9068.7 8816.19 8788.28 6492.97 6702.29 8593.68 9742.71 8248.96 9287.28 8471.59 8303.01 8845.36 9133.05 9641.22 9931.52 5759.73 5798.66 6530.35 7774.84 5185.85 5594.35 5537.06 11028.5 11199.7 10084.7 10204.8 9051.19 7614.82 5530.91 5854.19 10105.1 12949 6485.78 9948.5 9069.04 10019.9 10621 7255.71 11453.8 11707 8794.82 10472 10056.3 7560.25 8127.28 6816.59 8707.15 7967.8 8115.86 7996.59 8085.67 8225.92 7939.17 7746.84 7867.23 7835.48 7783.52 7002.22 7592.23 7369.54 7626.1 6231.88 6336.27 5553 7365.11 6202.65 8007.95 7668.59 8062.86 9186.44 8478.15 8292.88 8232.98 8534.7 7852.76 9389.46 8740.2 8763.16 8292.93 9103.87 9109.24 8356.44 8644.59 8270.9 8848.79 8798.34 9549.43 8265.55 8936.95 8618.88 8944.95 7391.77 5890.15 7479.05 5205.42 6136.76 8831.66 6764.17 7538.64 6660.66 6636.27 5641.34 6747.36 6719.85 6028.39 5695.54 6945.93 5966.9 6665.11 5633.01 6215.02 6008.82 7207.9 7046.38 10827.5 10212 10774 11103.9 10305.9 11467.2 10682.3 9119.37 8639.8 8532.31 8544.06 8213.08 9609.11 9308.91 8257.72 8728.26 7002.22 7028.54 6957.48 8085.42 7351.61 6427.89 7226.61 7906.68 7065.77 7398.98 7016.2 7055.22 6883.16 6578.72 6542.44 6528.8 6796.25 6364.12 6231.46 7797.37 7924.31 8249.53 8293.19 8321.96 9172.04 6411.29 6930.69 6275.14 7467.69 6339.62 6342.5 6621.64 7128.71 5611.88 6601.45 6347.67 6121.05 5898.64 5890.75 7545.89 6615.21 7718.46 8955.23 7875.29 8591.1 7502.93 8042.93 6292.8 7578.06 7572.12 8031.71 7996.59 7801.38 7312.98 7625.56 7436.23 7866.74 7983.78 7537.5 7895.69 6424.9 6503.75 7709.41 8787.97 
3665.98 3290.05 3878.79 4773.49 7182.96 7041.73 0 5084.6 3920.48 3459.51 4054.72 4515.9 3476.95 4635.75 4667.02 4428.33 3081.53 3727.24 5547.46 6559.36 5135.14 6980.33 8349.27 8910.47 9515.58 9224.7 9717.55 9150.18 9288.11 8965.6 8503.01 8173.31 7985.91 8166.17 8242.9 9380.95 7894.71 8045.86 9713.36 8376.1 9558.44 5893.04 6397.49 5766.24 5326.16 6113.82 5189.52 5068.21 5027.24 5946.38 4134.81 7403.31 6650.22 6539.81 5201.4 4859.61 4464.27 6626.69 5711.85 8622.91 6736.08 6005.75 7949.05 7215.15 5511.48 6739.1 7298.77 6274.86 6542.7 3662.54 4330.67 4324.33 4607.02 4475.51 5842.62 6776.49 6022.55 5247.27 4506.38 4370.12 4815.22 4842.56 12485.9 9706.76 4963.85 6811.33 4760.92 8564.11 7340.41 4648.36 12277.7 7789.97 4463.02 6289.47 7925.61 5745.27 5744.64 5167.46 6093.75 5441.56 5834.43 5986.22 5752.56 5709.86 5396.14 5261.96 5442.37 5444.27 5347.34 4466.95 4237 4399.37 4604.05 4215.33 4242.99 3355.8 5296.47 4572.48 5550.36 5478.12 5976.52 6550.46 6032.46 5760.38 5803.84 5998.73 5489.66 6742.9 6305.07 6213.4 5907.41 6502.34 6492.96 6063.37 6159.56 5806.98 6269.94 6131.42 6831.26 5820.76 6378.46 6187.12 6514.82 4481.9 3240.45 4267.51 5560.18 4500.97 8529.97 4863.38 5690.96 4525.89 4504.29 4335.88 5794.41 4480.29 4082.61 2767.96 4826 3236.6 3528.69 3777.12 3630.54 3753.22 5713.81 5381.56 5910.34 5660.35 6241.82 6310.95 5381.66 6511.84 7340.7 4505.81 3747.51 3687.47 4349.39 3505.91 4903.81 4408.39 3721.9 5659.27 2987.92 3469.7 4082.83 4899.09 5276.24 4196.19 4471.44 4343.03 4106.01 4590.38 4024.22 4159.31 4028.08 4318.58 3685.01 4079.61 4949.22 4069.35 4709.57 3676.22 3706.33 3818.09 3710.66 3677.36 4120.41 4496.06 4386.71 3930.12 2977.55 2987.27 4934.2 3304.42 3491.53 4332.07 3384.04 3072.5 2797.42 4325.93 5006.32 3650.88 3371.76 6420.43 4861.11 3278.83 3778.33 3242.01 3278.58 4192.29 4772.26 4616.08 4637.11 5501.55 3964.74 4750.61 3657.88 3484.62 6133.54 6560.27 4461.01 4736.58 4271.2 4443.23 6210.46 6657.62 
4204.48 3803.12 4024.4 4317.24 6770.81 6808.41 5084.6 0 2955.23 3896.14 3289.48 2156.86 3085.25 3057.04 2861.74 2809.79 4795.47 3778.51 2918.61 5150.98 3461.55 3890.68 6575.96 7000.84 7568.88 7368.89 7785.04 7322.67 7907.72 7397.5 6701.58 6439.1 6055.43 6273.05 6433.75 7544.41 7174.05 7038.55 8617.93 7203.14 8805.35 4290.29 5297.81 3744.67 4298.28 4368.45 3703.15 3628.63 3587.8 4408.45 4463.79 6901.69 4693.79 4207.93 4855.76 5645.34 4587.9 8116.84 5769.66 9536.87 7687.15 4702.5 8325.23 8103.12 5037.69 7734.82 8536.25 7060.76 6278.75 3986.77 4129.37 4578.49 3402.14 4845.31 8067.06 7024.57 8427.41 7061.4 6285.2 5890.09 4578.58 4866.9 14370.6 11150.4 7081.33 5263.59 5681.34 4709.78 8066.61 5681.26 15414 9724.3 6386.98 5458.98 9306.03 3653.51 4571.16 3407.98 4950.8 4438.67 4049.49 4046.56 4526.26 4633.86 4204.15 4202.49 4221.46 4278.7 4212.31 3917.14 4168.64 4079.6 3840 2576.84 2916.51 2932.41 3726.44 3540.98 4043.4 3974.86 3903.22 5319.03 4573.91 4296.17 4838.93 4487.58 3705.54 5464.56 4542.76 4714.05 4254.51 4993.1 5065.95 4298.09 4702.88 4215.55 4897.78 4829.56 5655.39 4225.53 4962.8 4535.8 4972.51 5814.98 3508.54 3755.39 5849.49 4176.33 8970.56 2931.16 3183.5 2663.59 2486.14 4056.95 6796.85 3321.06 2535.35 3781.29 3179.34 3237.23 3409.78 3859.46 2283.8 2386.79 6514.52 5131.07 7527.64 6538.39 7321.1 7558.11 7456.61 8285.99 7810.05 5893.67 5584.33 5053 5335.9 5673.02 5796.72 5988.5 5376.62 5434.84 3944.32 4388.85 3503.7 6073.19 4328.83 4228.28 4043.78 4981.87 5445.38 5517.44 4562.22 4219.99 4151.91 4199.11 4357.05 4164.09 2734.86 3524.48 4645.79 5398.94 5027.79 5612.83 4708.77 5071.7 5514.62 2571.11 3251.49 2580.87 4908.28 4072.35 4474.17 4026.06 4527.41 4503.22 3405.82 3168.35 3496.38 5515.43 6729.75 3643.16 4121.92 4902.69 6554.74 4626.65 5756.63 4531.42 4826.55 2642.67 3682.43 6674.56 4579.28 4223.95 5694.38 3749.75 4305.09 4738.84 6792.09 5850.02 3611.66 3774.46 2607.7 2948.17 3525.98 3935.29 
3244.62 3189.61 3185.46 3234.71 6525.37 6566.97 3920.48 2955.23 0 2214.82 1710.24 2331.48 1813.35 3329.19 2381.68 2648.04 3639.91 2470.55 3616.18 4123.68 3675.88 4653.9 6485.13 7017.79 7630.56 7588.32 7720.71 7215.19 7388.01 7273.25 6595.44 6244.94 6063.71 6186.35 6570.39 7458.34 6441.15 6363.88 7977.78 6813.97 8087.97 4147.62 4727.53 3973.3 3577.54 4358.98 3505.09 3338.26 3429.36 3265.99 3809.22 5865.24 4833.8 4153.07 3644.84 4709.79 4220.3 7625.49 4719.61 9173.28 6799.57 4590.41 8033.6 7210.08 4249.84 6307.32 7207.3 6592.11 5638.88 3331.05 3318.28 3660.26 3302.45 3750.49 7007.47 5460.8 7580.51 5897.63 5305.13 5146.88 3775.01 4153.92 13507.2 11147 6445.7 4818.02 5106.89 6292.57 8327.02 4965.86 13918.2 9235.43 5916.57 5090.63 9299.84 4155.54 3895.38 3296.49 4543.58 3715.23 4058.41 4105.65 3955.87 4049.79 3663.14 3596.03 3600.22 3723.92 3496.21 3643.22 3893.77 3699.79 3428.58 2649.25 2737.24 2275.3 4060.4 3627.55 4033.9 3640.53 4318.3 5127.37 4312.92 4109.08 4309.82 4465.31 4037.5 5279.12 4669.95 4836.7 4194.92 5028.56 5027.15 4311.64 4628.81 4270.31 4689.68 4628.47 5445.24 4434.83 4780.2 4507.58 4717.92 5224.43 2725.62 2914.54 5116.04 3259.31 8280.47 2757.75 3550.05 2623.6 2624.95 3600.08 6302.27 2619.31 2146.68 2626.91 3143.04 2033.55 2065.09 3435.14 1855.98 2012.6 5251.97 4543.19 6708.02 5508.94 5930.81 6382.92 6372 7553.6 7367.78 4314.53 3924.26 3537.86 3576.81 4170.88 4066.06 4364.51 3768.08 5328.45 3201.83 3995.74 3299.42 4423.98 4863.58 3321.05 4365.92 3953.09 4016.6 4176.58 3760.43 3540.55 3027.45 2779.96 2890.98 3363.99 2700.46 2841.1 3774.8 4615.5 4365.21 4755.44 3640.18 4251.38 4221.81 1916.85 2133.25 1428.67 3073.84 2865.46 4330.15 3209.62 3760.38 4001.51 1568.63 1906.99 2405.3 4340.22 5473.1 2516.68 3710.14 4528.56 5095.55 2895.05 3869.32 2655.67 3110.51 2770.31 3594.43 5691.55 3312.28 4188.39 4310.58 3405.3 2588.16 3344.11 6050.33 5594.73 2778.04 3122.09 2526.21 2760.79 4511.66 4288.63 
3025.75 3507.36 2333.39 2684.25 6058.58 6453.89 3459.51 3896.14 2214.82 0 2283.4 3091.43 1890.15 3638.73 3186 3045.25 2567.71 1798.8 4244.94 5358.65 4081.46 5797.33 6780.13 7483.92 8062.05 7822.09 8123.95 7628.81 7749.01 7567.58 7077.89 6630.25 6492.89 6679.84 7174.82 7827.71 6452.82 6482.34 8271.19 6961.32 8042.29 4432.98 4933.85 4415.32 3844.15 4637.43 3772.64 3666.62 3671.41 4196.23 3601.71 5891.76 5545.61 5059.24 3490.19 4265.07 3889.25 6547.49 4271.17 8338.48 6057.23 5034.12 6876.79 6364.86 4181.65 6025.1 6403.88 5690.87 5147.2 2982.03 3346.89 2882.73 2886.35 2979.45 6474.8 5401.7 6895.05 5122.41 4502.37 4452.4 3189.42 3606.41 12681.2 10808.7 5596.42 5697.98 5418.24 7231.28 7924.98 4765.01 12818.8 8838.12 5548.47 5722.2 8606.91 4755.34 4214.48 3930.41 4835.15 4034.47 4494.33 4498.36 4156.38 4217.69 3985.87 3844.45 3977.54 3889.02 3877.12 3742 3921.17 3794.07 3574.08 3121.03 2978.02 2447.19 4438.52 4017.74 4300.08 4023.59 4743.38 5306.64 4503.66 4361.83 4392.66 4629.29 4414.4 5442.77 4896.21 5060.44 4438.16 5285.68 5183.32 4558.01 4823.42 4422.65 4865.39 4830.45 5575.41 4747.75 4954.82 4779.77 5065.61 4594.46 2640.67 3388.18 4750.72 2589.24 7890.99 3528.06 4388.23 3351.89 3321.05 3013.13 5771.82 3006.02 2792.22 2161.76 3614.37 2059.19 2750.77 3118.59 2262.95 2372.66 4620.96 3976.51 6493.44 5136.68 5421.06 6175.33 5819.9 7217.24 7552.12 4093.09 3822.03 3199.77 3510.65 3811.43 3925.66 3994.12 3676.75 5231.46 3148.73 3654.47 3180.61 4271.53 4708.86 3107.05 4442.32 4298.25 3269.88 4245.45 3718.72 3934.31 3366.61 2908.11 2872.37 3395.1 3788.56 3060.62 3589.28 4147.65 4063.22 4494.3 3588.64 4223.54 4086.05 3065.5 2729.13 2194.05 2626.6 2803.96 4057.18 3204.63 3363.38 3265.72 1702.66 1907.77 2274.24 3429.97 4472.23 2700.23 3761.62 4449.19 4963.22 3171.62 3730.3 2733.72 3279.61 3434.75 4272.96 4967.13 3149.59 4099.96 4008.26 3332.75 2644.97 3508.66 5669.51 5413.53 2980.5 3454.39 3141.28 3206.79 5166.79 5105.9 
3194.9 3027.19 3147.81 3346.21 6700.39 6971.62 4054.72 3289.48 1710.24 2283.4 0 2240.39 1948.89 3047.93 2429.18 2273.5 3543.94 2468.45 3364.78 4522.7 3582.81 4836.09 5979.04 6683.73 7153.5 7123.42 7285.43 6784.89 7033.83 6819.48 6116.25 5663.67 5683.73 5757.13 6439.77 6925.47 5982.48 5784.43 7469.49 6323.4 7611.92 3808.1 4164.18 3677.57 3046.15 4003.01 3131.55 2929.4 3072.9 3133.14 3408.44 5234.73 4587.73 4166.68 3132.13 4864.36 4463.28 7482.58 4366.99 9181.24 6915.44 4700.21 7938.55 7261.52 3682.11 6307.1 7065.11 6528.82 5672.69 3329.73 3174.37 3753.41 3575.74 3716.45 6713.92 5520.46 7272.96 5496.88 4997.09 4653.67 3810.06 4089.51 13422 11521.5 6646.38 4972.16 5348.11 6302.57 8591.94 5242.23 13833.8 9684.77 5943.72 5285.32 9377.45 3917.46 3564.56 3176.96 4241.59 3332.46 3785.19 3779.41 3394.27 3665.33 3281.83 3186.37 3339.37 3400.25 3056.73 3638.02 3699.17 3533.94 2979.48 2581.98 2769.05 2583 4109.36 3835.65 3623.61 3180.87 3942.06 4733.53 3851.96 3702.78 3692.91 4041.78 3767.26 4813.94 4200.43 4444.52 3863.99 4572.15 4617.03 3894.31 4265.09 3852.68 4098.74 4079.09 5054.67 3978.21 4400.6 4175.23 4174.04 5210.83 2946.39 3206.96 5200.68 3330.75 8832.5 2537.04 3571.66 2496.29 2510.08 3772.39 6451.25 2169.88 1886.08 2636.79 2881.41 2260.76 2494.65 3669.7 1782.36 1673.12 5291.33 4591.24 6482.15 5069.62 5756.85 6227.39 6182.03 7222.14 7304.35 3996.76 3563.84 3447.2 3459.94 3844.79 3945.68 4158.69 3365.54 5247.59 3085.13 3814.85 3345.04 4571.36 4815.69 3417.91 4597.22 4126.76 4031.57 4324.35 3506.87 3647.55 3008.02 3058.04 2988.17 3266.68 2609.53 2981.06 3733.28 4368.97 4197.47 4513.95 3442.64 4036.39 4150.74 2324.79 2519.32 1284.39 3208.29 2858.23 4589.14 3229.31 3763.97 4037.56 1621.89 1833.8 2304.18 4230.37 5325.49 2595.29 3821.99 5053.88 5324.98 2945.18 4012.97 2854.85 3268.89 3136.9 4073.07 5661.65 3460.83 4072.2 4167.11 3338.54 2895.7 3465.34 6296.55 6034.31 2927.19 3150.13 2326.83 2541.14 4440.25 4284.14 
3512.11 3104.97 3410.15 3559.87 6427 6276.65 4515.9 2156.86 2331.48 3091.43 2240.39 0 2335.55 2707.09 2281.77 2539.26 4220.33 2946.5 2715.51 4184.97 3441.77 3724.99 6369.85 6889.62 7355.77 7417.28 7669.4 7097.16 7268.44 7196.44 6461.13 6036.7 5895.56 6056.77 6407.25 7311.12 6551.69 6393.28 8017.83 6802.51 8179.21 3923.23 4655.9 3692.8 3439.62 4185.76 3269.92 3268.65 3335.31 3524.46 4119.03 6402.19 4230.38 3592.92 4281.27 4974.49 4368.14 8038.86 5203.55 9522.52 7495.34 4376.91 8510.01 8108.39 4658.03 7156.23 8179.22 6667.14 5747.08 3804.55 3776.8 4005.05 2995.18 4035.61 7696.89 6581.44 8166.58 6600.33 5911.21 5504.82 4073.3 4469.4 13694.7 11163.9 6548.92 4973.23 5218.42 4994.31 8535.04 5333.98 14614.4 9912.23 6170.05 5519.93 9263.38 3453.1 3872.66 2933.47 4344.18 3714.9 3914.7 3956.78 3853.96 3990.5 3666.71 3596.83 3625.61 3736.23 3410.42 3827.12 3924.17 3918.94 3297.03 2579 2893.93 2504.46 3953.15 3418.28 3729.01 3361.25 3958.45 4974.76 4161.21 3993.84 4270.13 4199.9 3540.94 5048 4367.36 4583.04 4012.59 4891.84 4783.99 4046.96 4430.84 3996.7 4596.4 4432.74 5254.43 4042.59 4582.58 4277.73 4572.78 5271.9 2969.84 3292.15 5245.06 3706.18 8408.97 2662.34 3268.09 2378.79 2056.26 3675.64 5752.78 2555.08 1709.82 3037.92 2822.49 2536.55 2899.52 3294.18 1614.21 1651.74 5877.36 4585.82 7215.46 5997.02 6848.13 7024.31 7033.21 7991.94 7411.93 5149.14 4766.96 4301 4469.52 4987.75 5059.65 5244.84 4612.19 5411.59 3569.63 4138.36 3533.52 5456.17 4234.45 3764.82 4186.56 4459.9 4702.8 4807.9 4037.15 3660.79 3567.31 3623.79 3543.52 3757.74 1935.37 2927.98 4131.42 4953.16 4645.68 5227.41 4334.87 4710.35 5037.32 1629.55 2459.57 1772.03 4027.93 3321.97 4321.25 3606.34 4190.6 4162.57 2371.56 2445.6 2761.73 4796.41 5970.23 3150.34 3713.86 4671.19 5990.45 3902.67 4972.94 3721.33 4225.88 2746.58 3315.02 6377.31 4001.13 4229.87 4879.55 3605.98 3429.96 3932.28 6403.71 5679.75 3417.41 3636.04 2110.7 2367.32 3593.46 3880.22 
2666.2 3071.01 2672.47 2950.48 6273.18 6441.09 3476.95 3085.25 1813.35 1890.15 1948.89 2335.55 0 3537.43 2810.04 2879.45 3102.98 2039.19 3821.03 4716.61 3947.06 5067.22 6804.62 7257.09 7803.76 7878.64 7998.79 7519.32 7631.88 7601.88 6828.65 6504.27 6345.7 6504.44 7113.12 7719.55 6590.21 6589.7 8242.71 7056.74 8246.67 4360.94 4944.38 4265.92 3816.91 4656.93 3725.31 3599.29 3618.44 3847.31 3789.49 6193.92 4747.29 4420.29 3938.52 4134.8 3921.97 7114.53 4866.13 8785.3 6529.15 4353.69 7604.87 7021.95 4302.4 6052.4 6947.47 5860.29 5348.33 2783.29 3364.17 3246.77 2960.17 3333.49 6691.99 5858.47 7018.08 5490.79 4808.51 4559.44 3428.38 3892.67 12856 10735.7 6060.09 5251.94 5083.81 6535.92 8057.63 4621.66 13314.4 8782.17 5335.57 5458.84 8504.2 4440.11 4106.93 3746.98 4757.97 3933.09 4364.01 4409.47 4180.97 4292.54 3900.31 3824.13 3867.78 3946.69 3760.35 3810.88 3831.66 3733.99 3487.22 2893.87 2802.65 2213.35 4270.32 3591.03 4318.78 3919.96 4632.16 5281.01 4553.54 4393.86 4531.54 4645.41 4343.97 5441.48 4890.05 5020.97 4385.11 5337.04 5192.86 4496.93 4884.8 4470.77 4900.98 4820.81 5637.61 4638.68 5030.65 4711.62 4911.74 4592.67 2502.75 3096.54 4673.35 2974.01 7971.73 3300.55 4113.39 2985.31 2716.56 3203.12 5802.33 2838.94 2382.12 1969.51 3543.03 1816.74 2421.82 2838.8 1849.88 2175.89 4725.25 3772.23 6670.86 5553.59 5927.81 6428.67 6053.25 7423.89 7330.23 4479.25 4057.37 3630.1 3955.54 3995.15 4477.69 4512.88 3825.17 5244.04 3128.23 3494.71 3042.84 4259.78 4507.19 2943.11 4318.29 3970.14 3602.7 3995.9 3449.39 3397.17 3170.93 2820.83 2832.43 3073.27 3030.95 2806.8 3325.25 4153.92 4039.62 4591.11 3722.65 4193 4315.71 2176.89 1995.56 1707.25 2693.62 2579.38 4184.79 3061.47 3612.54 3635.06 1777.47 1984.43 2145.05 3754.45 4889.22 2664.75 3249.28 4724.06 4472.63 2966.84 3758.69 2736.35 3262.66 2836.62 3764.82 5123.23 2955.55 4194.4 4061.68 3404.28 2595.8 2970.84 5438.54 5231.88 3037.23 3357.63 2802.52 3057.92 4907.4 4675.66 
4060.39 3451.04 3452.38 3867.83 6440.13 6906.13 4635.75 3057.04 3329.19 3638.73 3047.93 2707.09 3537.43 0 2633.85 1914.22 4239.62 3719.26 2694.96 6185.74 2697.51 4418.58 4940.71 5423.06 6102.92 5805.53 6456.64 5634.34 6081.62 5636.93 5210.39 4800.29 4322.84 4831.16 4691.54 5931.7 5332.03 5260.24 6817.89 5368.42 6914.1 2541.65 3456.28 2164.79 2410.7 2623.53 1893.54 1921.07 1734.29 3978.82 3848.56 6138.46 4121.1 4430.13 3915.73 5692.96 4892.5 7761.84 4815.54 9085.81 6994.47 4617.14 8074.76 7631.99 4821.31 7287.81 8041.23 6520.34 5834.56 3928.03 3801.64 3930.14 3241.16 4251 7438.18 6749.95 7722 6375.75 5715.53 5335.76 3919.99 4198.01 13935 12206.3 6756.2 6162.53 6429.55 5334.54 8599.97 5755.97 15284.9 9821.96 6631.74 6526.98 10305.8 2108.37 2835.65 1782.98 3027.9 2655.38 2454.96 2536.5 2564.34 2715.39 2357.92 2443.86 2410.49 2496.81 2432.18 3515.21 3689.42 3901.71 2990.42 2304.57 2822.56 2667.71 3548.09 3102.66 2094.09 2005.34 2369.02 3444.32 2603 2472.7 2970.49 2529.61 2092.43 3498.37 2789.18 2729.14 2473.14 3095.96 3080.57 2543.6 2596.56 2318.75 2943.17 2811.18 3575.8 2534.95 2918.72 2639.02 3112.16 5970.18 2979.59 3421.6 6183.16 3692.55 10011.9 2021.46 2676.51 2209.45 2387.52 3619.82 7249.94 1671.9 1927.42 3422.33 1524.13 2788.88 3624.84 3659.79 2162.22 1961.53 6720.94 5300.47 6915.48 5804.76 6720.83 6823.6 6714.94 7717.95 7095.45 5468.24 5002.41 4625.88 4966.2 5205.04 5543.99 5497.86 4860.31 4628.77 3562.08 4099.71 3543.12 5901.49 4127.53 4077.76 3609.7 5017.94 4677.87 5328.07 4549.72 3890.73 3710.69 4051.55 3763.13 3870.15 2372.7 2983.63 4439.63 4826.55 4392.09 4899.71 4266.63 4687.63 4890.69 3192.93 4025.34 2441.22 5086.67 3742.22 4385.76 3462.81 3762.45 3744.4 2963.49 2676.15 3062.09 5139.32 6275.94 3565.55 4393.96 5536.57 7165.96 4830.3 5940.99 4685.1 4918.24 3126.01 4516.23 6592.36 4596.02 3399.03 5335.78 2999.28 4386.84 5197.79 7486.66 6534.29 3254.96 3646.71 1554.7 1356.91 2494.44 3828.14 
4011.09 3849.02 3950.56 3924.91 6770.74 6803.79 4667.02 2861.74 2381.68 3186 2429.18 2281.77 2810.04 2633.85 0 2366.1 4614.23 3337.53 3010.08 4552 3460.4 4214.38 6401.91 6737.68 7378.72 7382.15 7673.86 7158 7370.93 7113.06 6468.36 6072.99 5764.98 6069.89 6372.4 7313.54 6822.28 6677.41 8325.72 6937.99 8462.51 3882.96 4862.32 3614.36 3826.55 4143.5 3436.48 3336.36 3395.8 3632.79 4312.85 5995.77 4950.79 3944.18 3805.66 5328.35 4270.66 8132.58 4784.43 9653.97 7016.97 4922.8 8299.29 7577.92 4524.97 6922.06 7772.56 7067.31 6120.16 3883.04 3798.05 4333.94 3400.29 4636.59 7751.69 6029.8 8177.33 6461.19 6168.33 5977.45 4477.18 4886.33 14275.5 11117 6835.7 4714.28 5248.75 5295.62 8118.99 5364.15 14994.2 9512.3 5943.22 5562.54 9495.16 3278.55 4228.14 3003.37 4517.87 3972.5 3902.34 3712.18 4097.41 4282.65 3870.48 3900.42 3884.68 3961.25 3763.54 3851.18 4066.16 4119.4 3676.48 2633.29 2926.08 2864.93 3887.26 3454.96 3740.77 3333.77 3675.34 5123.86 4154.21 3999.73 4517.84 4198.99 3555.83 5301.07 4326.93 4414.86 3883.85 4668.61 4638.96 4004.27 4127.22 3867.53 4745.1 4501.73 5325.76 3896.95 4616.48 4201.51 4591.95 5013.89 3348.17 3195.73 5922.31 3904.7 8824.17 2444.36 2892.41 2583.44 2321.51 3957.63 6567.92 2873.4 1941.97 3564.33 2927.33 2704.25 2785.45 3660.27 2056.57 2285.66 5977.03 5183.03 7453.71 5939.6 6645.47 6944.63 7109.03 8278.16 7759.14 4989.63 4783.06 4149.72 4343.17 5173.99 4832.78 5100.85 4805.73 5507.81 3569.66 4462.02 3531.61 5032.71 4605.97 3612.47 4210.91 4695.75 4485.91 4731.42 4486.8 4041.03 3540.97 3537.31 3448.67 4088.55 2455.95 3194.1 3973.42 5038.83 4926.79 5412.85 4160.67 4803.99 4790.19 2427.23 2798.25 1913 4122.35 3799.16 4855.84 3932.75 4542.94 4405.72 2286.51 2753.39 3340.77 5175.92 6497.24 2977.39 4030.74 4369.69 6087.68 4026.38 4849.54 3752.92 4132.5 2918.14 3719.31 6074.38 3726.2 4260.19 5217.95 3811.44 3506.22 4148.2 6791.58 5645.86 2886.81 3135.95 2102.82 2589.6 3524.57 3719.87 
3252.78 2981.29 2878.18 3198.15 5651.57 6616.92 4428.33 2809.79 2648.04 3045.25 2273.5 2539.26 2879.45 1914.22 2366.1 0 3608.79 3021.79 2330.49 5861.99 2553.24 4318.41 4788.97 5346.18 6017.43 5602.79 5839.67 5500.72 6030.95 5495.39 4928.69 4567.71 4431.1 4579.95 5231.54 5712.8 5144.87 5087.63 6679.67 5467.03 6803.56 2568.71 3335.25 2336.84 2246.63 2734.23 2196.35 1981.76 2172.41 3431.46 3547.27 5768.27 4172.15 4413.32 3550.41 5320.44 4631.07 7407.97 4472.37 8484.24 6570.48 4768.87 7612.92 7452.39 4298.84 6903.6 7451.75 6116.91 4884.06 3348.42 3332.27 3457.23 2728.18 3464.63 7103.49 6146.28 7158.14 6026.6 5262.64 4735.06 3253.39 3655.76 13256 12081.6 6793.57 5906.23 6249.52 5460.44 8388.67 5348.33 14494.2 9979.92 5961.71 6223.65 9901.37 2492.7 2712.07 2093.03 3146.53 2444.65 2594.32 2588.69 2726.36 2931.96 2527.58 2449.59 2485.52 2617.44 2269.72 2998.15 3161.45 3192.02 2933.56 1632.91 2025.96 2378.72 2967.66 2844.45 2351.95 2058.62 2286.98 3816.99 2929.12 2705.66 2985.13 2974.89 2183.39 3858.78 2862.87 3211.19 2793.23 3213.51 3450.78 2804.12 2894.47 2483.52 3263.02 3121.39 4213.14 2919.43 3377.18 2950.95 3313.3 5899.66 2607.93 3136.24 5436.78 3141.33 9985.17 1643.5 2460.81 1575.32 2452.73 3219.06 6916.08 1522.91 1462.19 2697.82 1809.66 2173.62 3102.11 3444.7 1935.84 1399.78 5918.98 4842.72 6701.28 5403.19 6239.08 6678.36 6421 7347.83 6887.01 4641.65 4215.73 3974.1 4300.65 4415.69 4783.96 4744.52 4019.95 4378.21 2947.64 3158.92 2824.07 5282.37 4042.85 3407.56 3537 4764.86 4056.96 4905.25 3824.26 3582.51 3073.34 3299.85 3073.73 3235.09 2381.48 2719.79 3762.84 4281.82 4212.47 4610.55 3711.08 3885.14 4652.59 2697.97 3449.34 1661.74 4335.62 2936.69 3806.1 2956.66 3570.45 3529.75 2357.78 1995.63 2333.28 4344.69 5534.9 2896.31 3951.25 5456.49 6568.16 4156.62 5289.82 3904.36 4301.73 2689.93 4346.57 6253.99 4250.22 2786.97 4590.24 2433.04 3760.24 4544.16 6782.33 6399.86 2697.91 3163.2 1464.85 1347.92 2906.1 3848.25 
3400.31 2503.15 2330.13 3416.49 6303.62 6388.07 3081.53 4795.47 3639.91 2567.71 3543.94 4220.33 3102.98 4239.62 4614.23 3608.79 0 2888.24 5085.95 6992.03 4638.08 6857.65 7390.03 8148.69 8721.69 8447.67 8762.8 8269.68 8388.86 8142.25 7739.76 7260.05 7159.96 7344.83 7724.69 8469.44 6993.72 7092.17 8826.13 7516.87 8619.42 5047.23 5523.19 4949.57 4395.44 5267.65 4277.23 4264.56 4197.63 5558.09 3797.91 7097.24 6278.9 6410.47 4657.97 4322.35 4453.82 6735.26 5564.33 7476 7119.35 5845.14 7605.45 7520.52 5143.59 6390.61 7188.68 5392.58 5778.08 3162.15 3971.71 2869.98 3683.32 3190.46 5691.86 6961.4 5288.88 5285.96 3862.03 3560.98 3816.87 4044.94 11251.7 10213.3 5167.47 7371.88 4973.81 8452.2 7053.17 4176.87 11587.5 8236.23 5067.86 6981.12 8099.86 5356.05 4872.71 4484.55 5393.56 4584.52 5066.36 5134.4 4744.66 4894.46 4635.24 4430.87 4585.78 4518.49 4484.26 3284.27 3449.58 3345.09 4044.86 3386.97 3467.06 2846.93 4526.19 3932.71 4814.11 4621.71 5336.43 5828.43 5041.16 4930.9 4844.78 5171.09 4974.57 5982.49 5425.36 5527.67 4935.61 5763.61 5682.11 5137.06 5333.88 4921.38 5383.26 5338.69 6086.37 5295.26 5507.73 5296.37 5624.08 4795.95 2507.16 4301.24 4807.33 3364.14 9025.04 4390.56 5342.67 4154.2 4263.96 3211.36 5688.39 3522.01 3500.39 1951.82 4178.42 2873.27 3668.63 3208.89 3264.95 3066.18 5218.1 4714.45 5923.66 5747.1 6442.72 6468.61 5301.27 6181.57 6037.95 4542.12 3791.86 3955.33 4326.96 3313.54 5137.68 4590.3 3642.76 4817.43 3031.07 2415.07 3760.45 4125.17 5005.46 3288.95 3914.18 3672.51 3540.03 3642.84 2760.53 2983.72 3020.28 3492.36 3020.97 3037.28 4561.72 3193.54 3950.46 2961.1 3115.1 3220.82 3624.96 3460.09 4429.66 4018.28 4245.24 3348.26 3011.92 2293.8 4398.38 2260.5 2384.51 3188.34 3020.02 2360.21 2097.98 3074.54 4178.98 3758.96 3246.38 6058.53 5590.14 3516.49 4026.35 3154.16 3452.52 3945.14 5054.06 5052.29 4728.14 4715.34 2691 3870.18 4043.19 3183.54 5783.65 6000.45 4247.45 4737.72 3838.41 3810.1 5784.52 6556.92 
2869.29 3309.03 1863.89 2469.37 5319.79 5528.05 3727.24 3778.51 2470.55 1798.8 2468.45 2946.5 2039.19 3719.26 3337.53 3021.79 2888.24 0 4095.12 5516.58 4079.64 5650.38 6950 7552.5 8088.76 8093.63 8221.33 7708.45 7822.92 7795.36 7146.51 6657.31 6554.08 6774.8 7270.3 7923.13 6589.17 6611.17 8449.95 7084.52 8227.77 4480.7 5146.15 4396.7 3953.98 4733.1 3752.17 3680.06 3706.33 4712.02 3833.7 6536.18 5590.36 5515.52 4066.99 3977.34 3805.88 7106.67 5037.66 7917.06 6672.12 5039.05 7165.61 7219.38 4695.53 6680.34 7161.75 5072.11 4420.53 3280.99 3468.71 2453.23 2291.5 2484.83 6880.05 6337.85 7200.26 5650.33 5092.54 4653.57 2807.55 3711.86 11869.9 11159.8 5504.69 6144.81 5572.73 7408.99 7714.59 4932.85 12260.6 9295.21 5646.91 6262.1 8706.51 4703.07 4337.5 3804.84 4887.13 4121.78 4483.72 4545.77 4251.75 4392.6 4105.57 3931.45 4034.35 4008.02 3971.19 3795.6 3923.76 3962.59 3676.22 3043.38 2941.92 2448.45 4432.84 3780.08 4383.36 3984.95 4828.04 5352.96 4623.32 4471.72 4417.59 4714.56 4486.56 5545.39 4959.8 5084.45 4467.97 5422.16 5269.89 4592.21 4975.5 4512.79 5023.43 4966.49 5723.29 4809.05 5093.98 4783.18 5114.44 5041.29 2878.21 3285.8 3773.8 2258.99 7685.3 3577.75 4477.99 3401.67 3407.36 2669.39 5437.73 2907.96 2565.84 2081.68 3750.14 2173.36 2750.57 3065.34 2315.12 2106.41 4000.86 3543.72 6766.4 5597.39 5894.77 6513.82 6073.1 7543.91 7440.38 4563.58 4235.16 3779.87 4070.85 4153.86 4759.08 4685.36 3888.31 5425.49 3229.82 3655.96 3268.07 4736.07 4797.61 3101.38 4578.37 4742.08 3573.77 4614.43 3915.58 3984.04 3384.82 3250.98 2983.1 3551.68 3632.25 3056.6 3684.11 4135.86 4214.72 4636.18 3933.87 4298.87 4369.39 2917.76 2710.77 2182.7 3184.09 2730.95 4118.96 3219.15 3569.54 2951.45 1981.11 2034.51 2296 2995.16 3871.45 2873.36 3661.89 4624.76 5438 3413.8 4236.24 3113.08 3797.36 3129.73 4540.88 5295.75 3714.82 4295.09 4214.79 3536.49 2990.47 3656.92 5333.85 5405.45 3423.07 3629.6 3013.37 3168.24 5018.1 5583.79 
4525.44 4055 4278.66 4614.32 7010.12 7378.67 5547.46 2918.61 3616.18 4244.94 3364.78 2715.51 3821.03 2694.96 3010.08 2330.49 5085.95 4095.12 0 6228.73 2887.11 4781.95 5429.67 5904.53 5998.56 6484.34 6969.8 5857.58 6391.52 7046.78 5628.45 5012.96 4747.91 5189.72 6499.34 6001.71 6789.32 6651.51 8196.04 6929.04 8386.23 3029.62 4673.71 3453.33 3679.12 3127.53 3277.53 3151.63 3342.41 4422.05 4672.06 6643.81 5021.73 4955.72 4538.19 6221.58 4798.74 8182.71 5136.05 8915 6973.56 4813.08 7793.76 8376.9 5595.01 7398.06 8240 7383.78 6504.33 3993.38 3604.85 4765.38 3434.42 4941.17 7981.02 6690.15 7767.81 6684.39 6540.54 6142.34 4695.04 5013.43 14728.8 11743.5 7274.48 5630.23 6264.54 4771.82 8709.96 6247.29 15676.2 9947.82 6089.1 6355.07 10098.1 2895.15 4230.68 3126.72 3800.09 3997.64 3422.03 3664.01 3837.67 4090.65 3866.33 3974.08 3929.49 4038.3 3661.09 4037.37 3608.99 4001.7 3801.9 2886.83 2955.89 3482.91 3530.76 3203.32 3058.43 2716.68 2879.84 4879.48 3540.39 3594.9 4431.45 3461.05 2951.29 4685.25 3202.52 3955.49 3356.52 3785.63 3917.02 3123.92 3222.82 3174.31 4342.6 3862.44 5064.86 3590.03 4169.44 3281.56 3859.73 6285.42 3829.79 3431.76 6178.31 4381.2 9982.83 2764.89 3310.1 2675.81 2792.84 4476.39 7332.59 3036.65 2571.85 4008.14 2757.14 3407.77 3960.8 4107.69 2737.87 2310.6 6776.93 5550.61 7908.96 6718.37 7491.62 7351.45 7400.79 8624.41 7204.54 5977.39 5631.86 5368.21 5415.32 5762.6 6095.29 6246.47 5421.71 4378.73 4235.18 4488.84 3467.12 6211.89 3752.53 4422.8 4074.87 5363.4 5243.38 5881.5 4960.88 4206.97 4097.43 4660.21 4188.75 4421.46 3145.75 3513.56 4380.11 4897.47 4810.82 5668.49 4471.79 4624.21 5763.74 3253.8 4130.1 2630.65 5469.84 4365.9 4881.13 4327.06 4774.23 4572.66 3654.39 3412.91 3772.83 5843.09 6938.46 3415.56 4671.35 5616.24 7396.44 4951.61 6295.13 4828.65 5358.15 3231.98 4762.38 7171.68 4817.19 3388.21 6047.76 3587.54 4660.41 5458.67 7576.98 6285.19 3590.38 3077.97 2188.52 2807.9 3179.05 4070.07 
6616.8 6421.62 6675.28 6730.1 9948.09 9313.88 6559.36 5150.98 4123.68 5358.65 4522.7 4184.97 4716.61 6185.74 4552 5861.99 6992.03 5516.58 6228.73 0 7053.49 5522.31 9840.76 10375.1 10881 10863.3 11087.2 10642.8 10780.9 10447.5 9883.49 9598.03 9400.85 9466.96 8849.77 10827.1 9837.05 9693.77 11354.1 10136.4 11466.9 7428.69 8067.48 7001.48 6868.33 7657.76 6706.19 6621.24 6645.59 5354.65 6906.71 8677.46 6515.22 4951.28 6362.32 7399.43 6671.55 10973.3 7552.62 12829.8 10057.9 7227.35 11448.6 10149.6 6593.3 9517.91 10320.7 9955.55 9187.23 6630.92 6530.93 7244.26 6510.29 7248.69 9892.54 7958.29 10813.4 9001.49 8697.09 8592.37 7485.38 7821.22 16952.2 11780.7 9087.92 5025.99 6242.73 6842.03 9256.95 7151.03 16351.2 11071.8 7867.81 5174.49 10001.5 6598.79 7246.94 5474.38 7854.91 7077.92 7343.5 7217.64 7255.71 7417.66 7029.37 6936.81 6967.23 7070.46 6872.6 7130.54 7273.96 7027.41 6555.06 5850.43 6160.08 5538.16 7369.33 6800.94 7211.13 6867.53 7433.12 8334.76 7565.38 7409.49 7529.96 7662.31 7109.8 8526.69 7895.45 7976.85 7423.44 8374.88 8216.45 7558.42 7871.04 7462.13 8006.05 7891.47 8664.2 7339.7 8030.53 7750.47 8048.76 7035.12 6081.11 5932.75 8197.48 6790.22 8496.95 5681.2 6173.9 5556.37 5013.71 6930.25 7961.35 5808.98 4806.69 5973.76 6097.15 5592.15 4791.06 6426.11 4875.58 4945.94 8278.83 7605.91 9845.44 8213.18 8829.1 9276.99 9474.22 10745.5 10890.9 6940.95 6591.65 5870.34 6044.28 7198.97 6059.08 7071.27 6873.25 8892.94 6288.7 7428.19 6400.31 7414.13 7548.01 6597.43 7586.51 6882.83 7229.22 7331.08 7003.16 6664.14 6516.82 6244.42 6306.98 6883.16 4572.83 6157.99 7106.49 7729.87 7608.22 7983.19 6606.71 7341.11 6608.2 4197.61 3948.82 4479.22 5507.47 5966.62 7693.06 6667.82 7189.09 7500.17 4602.39 5112.61 5755.48 7662.85 8725.24 5316.71 5863 5674.32 6551.62 5145.16 5883.65 5310.49 5335.28 5318.73 4890.85 7773.29 5214.11 7827.32 7614.53 7026.59 4523.29 5551.49 8304.41 7179.52 6175.36 6149.9 5488.35 5783.25 6286.38 5821.04 
