242 242
0 3589.16 1841.38 3477.34 5298.76 5699.11 3665.98 4204.48 4192.95 4725.05 3244.62 3025.75 3194.9 3512.11 2666.2 4060.39 3252.78 2918.92 5142.09 3400.31 3450.93 6616.8 4202.19 6161.16 5870.24 7063.75 7658.92 7358.82 8208.73 8340.07 7839.24 8010.59 7321.48 7955.2 7692.1 7239.87 6800.23 6697.01 6882.36 7446.91 8055.87 7712.08 7056.42 8701.71 8279.01 7500.39 4653.04 4505.78 5428.62 4620.36 4235.26 4886.8 5288.3 4343.3 6032.46 6061.82 6392.95 7204.68 5871.21 7245.26 8160.32 7373.67 5253.02 6018.55 7510.37 5378.18 7902.73 6700.84 5789.53 6541.62 6035.57 3089.75 4042.11 3963.71 3027.18 3651.4 3454.29 7394.92 6354.64 4675.54 4210.54 3417.33 5528.48 4286.54 3662.74 10972.8 4464.32 10933.8 5734.02 6353.9 8825.58 5043.44 12365.8 8735.59 5664.02 8719.31 8539.24 4947.39 4049.37 3918.75 5117.81 4389.46 3977.31 4566.15 4566.55 4803.45 4428.38 4224.27 4651.05 3665.67 4677.55 4066.99 4163.97 3099.52 3223.19 3719.3 2327.59 4498 3361.75 4212.74 3706.27 4795.59 4938.35 5736.9 4663.29 5052.3 4724.33 5606.11 5905.7 5125.43 5382.41 4732.75 5630.25 4804.36 5178.05 4741.09 5353.25 5557.43 5042.5 5376.72 5561.93 5062 5423.28 3004.8 4025.54 4153.09 3175.24 8738.78 3879.58 4843.5 3707.21 6231.06 3953.71 4722.02 3507.81 5582.26 2910.41 3095.29 3050.75 2124.03 2460.37 3143.13 2661.06 2551.85 2733.25 2961.56 2594.13 7256.78 6479.28 6850.86 7414.78 7451.22 7079.56 6777.09 7389.39 5380.25 5950.8 4922.95 4954.13 4551.51 5697.64 5546.44 5509.78 3696.65 3196.09 3542.8 4122.34 2220.8 2182.5 4249.6 3077.97 4651.02 4682.12 3915.79 3812.12 4374.23 3030.38 4106.43 2560 3065.8 3381.48 3140.9 4253.15 4379.67 4727.79 4601.63 5318.46 3727.56 2790.12 2853.48 3131.83 2826.77 3590.49 3138.63 3703.41 2874.96 2776.02 2622.28 3591.31 4443.05 6028.24 5684.08 4229.1 3953.67 4377.44 2759.31 2619.22 4178.55 3682.53 3598.54 3884.4 5674.86 4457.99 4278.6 3839.5 4197.76 5794.43 6245.77 3998.75 4176.17 3432.22 3431.78 
3589.16 0 3213.19 3796.33 6690.04 6626.62 3290.05 3803.12 3683.78 4260.83 3189.61 3507.36 3027.19 3104.97 3071.01 3451.04 2981.29 2851.47 4138.69 2503.15 3520.12 6421.62 3949.01 5715.66 5746.36 6790.12 7366.68 7055.28 7882.24 8071.13 7543.14 7698.96 7032.78 7642.32 7369.27 6887.18 6539.99 6393.53 6569.1 7117.35 7758.18 7336.53 6649.97 8325.98 7998.57 7133.47 4359.74 4086.32 5041.97 4280.16 3861.39 4603.42 4892.08 3446.9 5452.45 5664.18 5969.19 7010.53 5517.2 7643.64 9013.73 9048.82 4936.63 7639.14 8645.14 5504.47 8069.77 8228.15 7162.18 7381.17 8000.94 3579.06 3467.45 3584.55 3631.28 3672.04 3680.76 5308.78 5785.62 4172.57 5744.46 5311.08 3878.94 3660.54 4488.21 11994.2 3806.35 10418.8 5881.89 4661.3 7569.42 4934.31 12631.9 8793.38 5366.32 9099.04 9199.32 4583.5 3658.5 3511.4 4782.68 4022.88 3599.29 4287.15 4176.17 4371.34 4040.76 3839.72 4355.87 3158.31 4817.09 2972.97 3433.31 2665.81 2984.1 2991.86 2789.88 3907.49 3607.05 3902.18 3412.41 4498.49 4723.92 5327.91 4378.05 4660.46 4365.33 5287.64 5540.49 4850.5 5052.56 4404.75 5344.14 4489.43 4866.48 4424.98 4999.36 5212.77 4689.49 5045.58 5158.71 4695.72 5025.86 2418.46 3770.94 4705.17 2812.32 9838.79 3477.72 4452.17 3342.04 6696.11 3383.85 4656.6 3632.85 6495.92 2547.5 2707.79 2397.53 2371.59 2755.85 3731.61 2543.75 2552.64 2381.9 2637.29 2215.2 5539.49 5584.38 6514.35 5837.93 6118 5585.05 5424.85 5332.59 4413.74 5292.42 3792.96 4280.45 3463.23 5290.97 4508.35 4446.85 2123.45 3483.22 3614.68 2596.56 1832.42 2308.6 4934.65 3839.13 3455.12 3609.46 4307.97 2975.72 3737.83 3157.97 3626.16 4066.44 4530.04 4483.44 2842.89 3122.63 2890.23 3014.04 3516.72 4355.3 3491.13 2322.2 2764.71 3064.41 2774.35 4644.56 2512.81 2936.33 2670.16 2692.92 2112.95 4163.74 5296.56 6415.71 5672.63 3481.08 3187.76 3534.17 2320.64 2486.41 3817.91 3200.93 3243.76 3467.6 5719.83 4471.43 2749.24 3716.58 3824.58 6219.28 6746.64 4140.17 4419.56 2853.91 2975.18 
1841.38 3213.19 0 2705.43 5435.55 5509.32 3372.7 3816.31 3714.63 4079.01 2767.51 2463.07 2839.11 3187.16 2345.7 3343.25 2654.44 2627.48 4910.99 2881.03 2856.08 6340.92 3671.31 5781.65 5660.26 6404.94 6930.05 6672.24 7529.17 7661.4 7132 7284.76 6685.9 7325.58 6977.19 6588.8 6171.46 6002.91 6215.41 6737.05 7394.59 6957.38 6288.26 7975.21 7472.75 6784.93 3995.05 3770.98 4605.64 4002.46 3540.16 4238.93 4596.96 4014.55 5392.35 5426.32 5822.53 6717.69 5262.5 6709.15 8148.62 7091.07 4592.24 5911.52 7020.98 4776.89 7173.85 6156.85 5706.01 6816.59 6205.49 2833.48 3694.35 3766.02 2454.85 2872.36 2826.79 7258.44 6338.88 4454.49 3805.62 3336.85 5029.06 4036.16 2803.94 11429.6 4200.45 10996 5449.7 6209.9 8772.74 4629.33 12471.1 8670.41 5639.39 8286.24 8776.2 4454.56 3518.21 3210.34 4453.48 3630.82 3276.86 3900.3 3820.83 4038.3 3731.1 3507.59 3900.8 3384.25 4187.78 3715.53 3740.57 2652.73 2733.82 3284.61 1990.43 4169.13 3111.38 3649.59 3062.43 4203.2 4321.33 5043.05 4046.78 4416.52 4005.31 4883.74 5201.42 4549.15 4757.87 4128.75 4959.07 4103.88 4515.62 4101.25 4625.82 4838.5 4424.8 4717.03 4875.08 4358.29 4730.42 2571.47 3875.07 3777.29 2580.83 8583.08 3296.42 4205.37 3105.57 5573.61 3488.71 4302.47 2898.2 5463.67 2327.13 2572.81 2663.78 1903.23 1929.44 2763.04 2308.61 2093.43 2133.17 2486.22 2117.82 6943.94 5985.18 6417.56 6963.51 7043.72 6680.21 6403.75 7089.58 5099.47 5669.24 4707.2 4625.31 4354.43 5288.74 5196.47 4918.01 3389.44 3037.14 3180.03 3989.87 1640.48 1488.12 4217.31 2650.04 4218.2 4491.91 3718.4 3494.06 4204.39 2884.86 3555.78 2295.55 2720.28 3078.45 2732.19 4120.32 4175.69 4519.81 4317.96 4918.47 3568.92 2639.03 2670.41 2829.66 2461.76 3274.11 2946.15 3331.06 2492.03 2345.09 2161.27 3235.22 4150.65 5480.68 5653.16 4115.05 3712.05 4271.56 2429.37 2130.38 3751.08 3336.96 3294.2 3546.14 5535.47 3807.9 4081.58 3008.65 3490.29 5592.19 5978.57 3368.21 3932.32 2854.22 2789.97 
3477.34 3796.33 2705.43 0 6479.14 4663.44 4773.49 4317.24 4206.67 4665.45 3234.71 2684.25 3346.21 3559.87 2950.48 3867.83 3198.15 3317.2 5399.41 3416.49 3331.92 6730.1 4119.7 6207.28 6127.78 7111.76 7645.37 7373.77 8262.42 8367.26 7851.8 8002.39 7340.97 7866.97 7662.11 7287.44 6776.05 6651.89 6884.26 7462.38 8053.11 7525.07 6734.31 8551.79 8027.17 7201.05 4586.05 4359.55 5270.53 4432.62 4112.25 4776.8 5166.89 4413.39 5890.66 5949.42 6388.25 6753.5 5800.69 6333.42 9388.16 7787.02 5119.49 7154.74 6903.33 5439.13 6471.69 7406.73 7353.15 8340.52 7835.51 4047.27 4633.96 4323.15 2786.72 3036.19 3196.26 7932.6 7875.91 5839.44 4404.24 4634.55 5561.44 5039.76 3234.24 11051.4 4914.23 12218.4 5851.79 6913.55 9156.28 5833.06 12029.3 10301.4 6785.05 8507.58 9627.87 4877.1 3975.23 3823.78 4974.01 4240.45 3781.22 4464.18 4384.02 4522.23 4155.38 4063.34 4307.28 4123.46 4735.31 4435 4102.04 3133.03 3164.4 3844.81 2823.44 4664.82 4025.65 4136.13 3685.19 4642.85 4855.16 5449.86 4536.4 4771.23 4555.2 5430.91 5648.05 5012.68 5137.22 4532.99 5493.34 4696.66 5014.22 4593.46 5106.19 5359.25 4963.27 5147.71 5289.57 4881.49 5182.74 3195.32 4401.67 4356.32 3034.05 8340.73 3837.64 4761.32 3525.61 5366.07 3863.95 4339.56 3151.45 6185.47 2856.39 2907.51 3194.69 2776.75 2440.97 3291.5 2787.87 2698.7 2656.7 2914.14 2606.51 7380.87 6345.26 6738.23 7463.21 7323.51 7170.11 6841.88 7733.57 5600.82 6141.25 5154.89 5079.61 4989.89 5724.68 5576.66 5587.36 4081.53 4380.73 3836.32 4802.68 2043.79 1553.26 5617.64 3688.37 4880.84 5417.71 5112.26 4335.32 5012.78 3836.38 4012.15 3785.81 3995.21 4351.09 3733.62 4956.64 4719.7 5275.66 4778.6 5342.84 4252.89 3478.14 3141.15 3457.87 3025.42 4250.52 3553.89 4072.84 2949.03 2842.9 2693.43 3741.85 4454.47 5498.21 6615.09 4671.13 4319.16 4879.06 2947.43 2778.96 4250.21 3860.97 3778.58 3888.91 5670.96 4333 4896.23 3600.54 3970.57 6440.81 6064.52 3954.79 4504.21 3251.93 3322.52 
5298.76 6690.04 5435.55 6479.14 0 7435.09 7275.5 7523.57 7873.39 7651.65 7259.08 6746.42 7351.45 7293.24 6897.16 7012.28 6457.21 6825.53 8301.93 6325.4 6277.22 10818.3 6971.93 9721.17 10106.6 10115.4 10618.2 10423.9 11009 11618.1 10764.5 11001.6 10283.3 11369.7 10524.7 10407.4 9757.34 9573.82 10015.7 10521.7 10942.7 11155.8 10517.6 12273.7 11859.2 10834.3 7382.22 7953.92 8733.98 7610.55 7711.37 7614.75 9109.77 7801.88 9621.07 9775.19 9556.87 8049.58 9135.61 8144.49 8016.73 7865.07 8234.9 7030.69 8498.52 8517.49 8729.1 7670.23 8604.41 7718.84 8056.03 6209.62 6842.87 7020.65 6139.63 6175.86 6598.35 10084.8 8373.75 7141.69 5437.31 5355.53 8961.45 7238.1 5615.69 10437 8238.99 12671.2 7410.24 9427.25 10926.5 7852.52 13402.2 10573.3 8166.54 11733.5 8999.27 7717.32 7365.33 7493.3 8251.97 7999.54 7518.01 7894.93 7898.86 7994.88 7768.89 7634.36 8172.53 6411.46 8376.84 6581.1 7561.42 6198.59 6285.73 6637.85 6100.21 7148.62 6071.08 7222.63 7020.41 7494.68 7598 8738.18 7642.49 7634.4 7492.56 8274.01 8835 7768.1 7999.94 7458.48 8071.73 7462.84 7689.55 7270.97 8407.37 8533.23 7968.21 8185.56 8576.34 7691.47 8139.17 6542.57 7200.6 7176.91 6752.23 10447.4 7194.63 7839.81 6982.85 8321.32 7351.83 7630.01 6448.96 7718.84 6527.28 6582.46 6621.85 5778.75 6108.79 5869.36 6524.6 6272.37 6259.2 6429.95 6440.87 10822.5 10286.3 10636.6 11070.3 10751.6 10532.5 10178 9361.89 9323.19 9968.62 8666.3 8888.81 8280.13 9745.08 9449.14 7547.04 6454.97 5503.7 6852.1 7186.42 5818.47 5443.67 7089.31 5595.37 7076.99 8032.8 6883.16 7085.55 7239.42 6321.02 7797.6 5405.24 5176.79 6234.48 6629.07 6945.76 7309.34 7640.3 7786.87 9121.23 7676.05 6413.94 6625.77 6873.41 7027 6384.27 6357.12 6921.41 6898.81 6837.31 6515.16 6291.1 6895.66 8928.99 8962.11 8288.26 7830.31 8416.99 5934.54 6149.24 7731.19 6820.09 7066.88 7601.25 7732.68 7028.11 7198.13 6881.78 7242.17 8849.97 8637.75 7220.38 7289.6 6410.22 6716.12 
5699.11 6626.62 5509.32 4663.44 7435.09 0 7041.73 6808.41 6880.79 7473.74 6566.97 6453.89 6971.62 6276.65 6441.09 6906.13 6616.92 6456.25 8264.1 6388.07 6652.02 9313.88 7496.77 8337.85 9539.66 10629.5 11172.5 10836.7 11754.1 11913.5 11454.9 11642 10847.7 11179 11341.6 10727.8 10422.2 10150.7 10318.5 11074.8 11668.5 11244.7 10426.6 12228 11646.9 10909.5 8285.98 8043.05 8978.18 7679.05 7780.82 8513.23 8368.35 8074.38 9068.7 8816.19 10317 8593.68 9742.71 8353.05 10915 9586.22 8885.35 9287.28 8483.12 8471.59 8303.01 8845.36 9641.22 9212.09 9931.52 6530.35 7735.6 7774.84 5185.85 5594.35 5537.06 11028.5 10084.7 8250.48 6231.17 6639.1 9051.19 7614.82 5854.19 10105.1 7450.64 12949 6485.78 9069.04 10621 7255.71 11453.8 11707 8794.82 11169.6 10056.3 7560.25 6816.59 7407.56 8707.15 7967.8 7523.97 8213.27 8117.1 8225.92 7835.48 7783.52 8010.64 7002.22 8113.62 7369.54 7626.1 6231.88 6336.27 6990.75 5553 7365.11 6202.65 7668.59 7150.46 8371.25 8062.86 9186.44 8292.88 8534.7 7852.76 9209.65 9389.46 8740.2 8763.16 8292.93 9103.87 8356.44 8644.59 8270.9 8848.79 9154.12 8265.55 8936.95 9029.91 8618.88 8944.95 5890.15 7479.05 6118.96 6624.15 8831.66 6764.17 7538.64 6660.66 7443.26 6636.27 6490.38 5641.34 6747.36 6354.06 6028.39 5995.66 5695.54 5966.9 5633.01 6215.02 6204.74 6054.52 6306.94 6008.82 10827.5 10212 10774 11079.9 11103.9 10748.7 10305.9 10682.3 9119.37 9848.43 8639.8 8544.06 8213.08 9609.11 9308.91 8728.26 7028.54 6239.78 6957.48 6477.78 5683.86 5176.36 8085.42 6427.89 7226.61 7906.68 7398.98 7016.2 7356.16 6528.8 6796.25 6335.22 6231.46 6910.46 6379.81 7797.37 7924.31 8249.53 8293.19 9172.04 7467.69 6339.62 6479.14 6456.74 6370.5 6342.5 6621.64 7128.71 6802.79 6601.45 6347.67 5898.64 5890.75 7718.46 8955.23 7875.29 7502.93 8042.93 5779.1 5975.85 7797.84 6740.22 6292.8 7412.24 7572.12 7996.59 7801.38 7312.98 7735.51 7866.74 7983.78 7537.5 7895.69 6424.9 6503.75 
3665.98 3290.05 3372.7 4773.49 7275.5 7041.73 0 5084.6 4544.47 5452.8 3920.48 3459.51 4054.72 4515.9 3476.95 4635.75 4428.33 3166.64 4642.31 3081.53 4569.62 6559.36 5135.14 6980.33 5504.39 8349.27 8910.47 8571.87 9515.58 9717.55 9150.18 9288.11 8586.36 8965.6 8880.18 8503.01 8173.31 7985.91 8166.17 8756.4 9380.95 8520.75 8045.86 9713.36 9279.22 8376.1 5893.04 5579.27 6397.49 5766.24 5326.16 6113.82 5946.38 4134.81 6650.22 6539.81 6158.72 6626.69 5711.85 7227.66 8331.42 8074.56 6227.6 6736.08 7869.64 6005.75 7949.05 7215.15 6739.1 6555.21 7298.77 3662.54 3916.35 4330.67 4324.33 4607.02 4475.51 5842.62 6022.55 4542.03 5803.99 5474.8 4506.38 4370.12 4842.56 12485.9 3660.68 9706.76 4963.85 4760.92 7340.41 4648.36 12277.7 7789.97 4463.02 8623.89 7925.61 5745.27 5167.46 5057.44 6093.75 5441.56 5150.63 5627.78 5588.59 5709.86 5444.27 5347.34 5611.86 4466.95 5160.33 4399.37 4604.05 4215.33 4242.99 4301.33 3355.8 5296.47 4572.48 5478.12 5063.94 5992.72 5976.52 6550.46 5760.38 5998.73 5489.66 6549.29 6742.9 6305.07 6213.4 5907.41 6502.34 6063.37 6159.56 5806.98 6269.94 6366.03 5820.76 6378.46 6445.03 6187.12 6514.82 3240.45 4267.51 4337.98 4476.34 8529.97 4863.38 5690.96 4525.89 6716.7 4504.29 5145.66 4335.88 5794.41 4195.04 4082.61 3179.44 2767.96 3236.6 3777.12 3630.54 3768.32 3921.64 4171.8 3753.22 5910.34 5660.35 6241.82 6034.17 6310.95 5570.15 5381.66 7340.7 4505.81 4905.88 3747.51 4349.39 3505.91 4903.81 4408.39 5659.27 3469.7 4291.07 4082.83 3768.59 3514.02 3558.95 4899.09 4196.19 4471.44 4343.03 4590.38 4024.22 4747.97 4079.61 4949.22 4042.71 4709.57 4848.74 3229.46 3676.22 3706.33 3818.09 3710.66 4120.41 2977.55 2987.27 3365.65 3557.43 3078.3 4934.2 3304.42 3491.53 3255.26 3384.04 3072.5 4325.93 5006.32 6420.43 4861.11 3278.83 3242.01 3278.58 3117.11 2872.53 3972.33 4360.51 4192.29 3709.35 4616.08 5501.55 3964.74 4750.61 5111.79 6133.54 6560.27 4461.01 4736.58 4271.2 4443.23 
4204.48 3803.12 3816.31 4317.24 7523.57 6808.41 5084.6 0 2742.87 3224.49 2955.23 3896.14 3289.48 2156.86 3085.25 3057.04 2809.79 3683.88 4173.28 4795.47 3309.27 5150.98 3461.55 3890.68 5628.24 6575.96 7000.84 6691.29 7568.88 7785.04 7322.67 7907.72 6884.32 7397.5 7281.17 6701.58 6439.1 6055.43 6273.05 7105.13 7544.41 7552.83 7038.55 8617.93 8528.04 7203.14 4290.29 4573.68 5297.81 3744.67 4298.28 4368.45 4408.45 4463.79 4693.79 4207.93 6076.42 8116.84 5769.66 8587.64 10372.9 9460.4 4684.94 7687.15 9727.67 4702.5 8325.23 8103.12 7734.82 7852.7 8536.25 3986.77 4855.27 4129.37 4578.49 3402.14 4845.31 8067.06 8427.41 6270.77 6215.65 5719.64 6285.2 5890.09 4866.9 14370.6 4071.59 11150.4 7081.33 5681.34 8066.61 5681.26 15414 9724.3 6386.98 6909.57 9306.03 3653.51 3407.98 3820.69 4950.8 4438.67 3978.07 4404.9 4453.01 4633.86 4278.7 4212.31 4649.89 3917.14 4746.9 4079.6 3840 2576.84 2916.51 3280.17 2932.41 3726.44 3540.98 3974.86 3254.71 4269.3 3903.22 5319.03 4296.17 4487.58 3705.54 5072.91 5464.56 4542.76 4714.05 4254.51 4993.1 4298.09 4702.88 4215.55 4897.78 5139.76 4225.53 4962.8 5148.55 4535.8 4972.51 3508.54 3755.39 4953.07 3282.5 8970.56 2931.16 3183.5 2663.59 7472.65 2486.14 5170.56 4056.95 6796.85 2844.45 2535.35 3092.34 3781.29 3237.23 3859.46 2283.8 2598.57 2456.58 2523.55 2386.79 7527.64 6538.39 7321.1 7650.01 7558.11 7792.61 7456.61 7810.05 5893.67 6446.92 5584.33 5335.9 5673.02 5796.72 5988.5 5434.84 4388.85 4434.36 3503.7 4482.64 2510.66 3014.96 6073.19 4228.28 4043.78 4981.87 5517.44 4562.22 4586.85 4164.09 2734.86 4724.55 4645.79 5000.79 3795.74 5398.94 5027.79 5612.83 4708.77 5514.62 4908.28 4072.35 3056.54 2861.54 3192.26 4474.17 4026.06 4527.41 3633.84 3405.82 3168.35 5515.43 6729.75 4902.69 6554.74 4626.65 4531.42 4826.55 3020.86 3536.27 3941.5 2814.77 2642.67 3785.8 6674.56 4223.95 5694.38 3749.75 4060.84 6792.09 5850.02 3611.66 3774.46 2607.7 2948.17 
4192.95 3683.78 3714.63 4206.67 7873.39 6880.79 4544.47 2742.87 0 2980.73 3023.35 3668.34 3043.4 2473.1 3227.24 2927.3 2693.47 3605.94 4354.13 4436.68 3115.15 5563.32 3443.2 4624.86 6112.91 6055.25 7147.98 6357.73 7578.28 7459.76 7232.88 7596.52 6737.66 6542.98 6725.18 6590.65 6340.84 6279.72 6191.44 6817.42 7480.25 6116.22 5785.17 7299.98 7207.63 5939.88 4272.42 3729.43 4176.83 4042.72 3248.84 4323.01 3561.07 4114.38 4282.41 3954.67 5207.01 7962.75 4952.87 8008.48 9764.97 8675.51 4206.86 7233.06 8853.11 4441.56 8345.36 7363.52 6797.09 7497.36 7716.37 3856.15 4672.12 4156.35 4440.84 3558.13 4497.54 7276.21 7959.68 5947.91 5414.34 4916.67 5415.59 5050.32 4154.83 14283.7 4063.28 11764.5 6889.44 5886.08 8447.45 5271.65 15287 10077.8 6587.21 7207.57 9488.63 3411.58 3397.5 3198.48 4450.03 3726.61 3333.01 4055.84 3613.43 3976.08 3706.2 3407.75 3825.81 3912.94 4068.15 4354.15 3341.33 2980.73 3332.21 3593.79 2939.88 4185.04 3834.13 3852.96 3607.19 4211.3 3934.97 4821.09 3890.88 4333.13 3299.55 4738.84 4747.53 4244.86 4507.48 4321.4 4437.75 4312.64 4356.3 4033.94 4061.13 4318.58 3727.3 4480.5 4260.82 4414.49 4620.44 3155.2 3702.09 5058.97 2998.78 9340.05 2782.62 3508.34 2607.94 6892.67 2447.85 5236.11 3822.6 6691.97 2689.06 2407.07 2989.55 3684.29 2904.5 3946.88 2315.29 2739.5 2337.15 2741.32 2168.73 7178.5 5751.64 6567.55 6846.91 7282.32 7109.48 6752.61 7867.14 5308.32 5686.95 4555.52 4614.55 4951.77 5116.65 5200.56 5142.74 4629.99 4508.01 3973.74 4333.26 2441.56 2920.92 5892.57 4559.51 3823.7 4798.97 5274.91 4184.05 4389.4 3688.73 2717.03 4464.77 4665.54 4869.58 3369.25 5564.81 4986.92 5412.76 4691.86 5227.2 4971.11 4007.49 3235.45 2804.54 3112.88 4205.37 3814.05 4089.99 3488.72 3295.57 2959.13 5356.78 6555.6 5173.54 6978.16 4530.53 4480.28 4593.59 3040.36 3350.72 4054.5 3196.83 3003.21 3819.68 6684.9 3827.36 5516.35 2904.76 3085.82 7121.03 6363.3 3369.22 3705.68 2682.12 2733.35 
4725.05 4260.83 4079.01 4665.45 7651.65 7473.74 5452.8 3224.49 2980.73 0 3782.38 4251.07 3464.89 3244.67 4089.91 2482.57 2329.15 4311.62 4498.68 5041.56 2792.09 6490.64 3012.59 4541.47 6928.31 5648.7 6419.27 5726.18 7176.67 6992.48 6533.42 7411.92 6039.95 5947.27 6568.98 5998.24 5734.25 5259.76 5738.93 6553.71 6839.41 6728 6316.3 7914.22 7897.76 6355.45 3902.87 3920.16 4537.06 2936.2 3668.59 3778.68 4312.91 4472.16 4923.57 4778.87 5378.32 8063.7 5152.85 8222.42 10133.7 9117.09 4159.34 7025.62 9270.2 4916.23 8216.27 7719.24 7328.17 7618.99 8084.47 4152.65 4763.3 4096.88 4749.39 3522.26 5040.9 7673.91 7983.56 6216.64 5933.71 5386.76 6297.83 5787.35 4726.67 14768.6 4580.02 11945.2 7375.95 6597.79 7881.93 5697.91 15985.7 10019.7 6441.7 7748.98 10385.9 2680.32 3253.04 3495.85 4363.87 4016.55 3561.34 4002.67 3919.34 4121.1 3972.47 3668.78 4192.83 3758.54 4801.36 4117.06 3587.62 2680.45 2962.11 3061.73 3414.66 3046.02 3048.47 3267.29 3027.2 3732.42 2963 4768.81 3722.7 3851.98 2911.16 4329.12 4668.07 3796.88 4014.47 3827.35 3747.03 3830.84 3502.82 3557.68 4067.53 4307.14 3485.37 4243.42 4372.2 4058 4232.06 3449.24 3464.31 5720.31 3072.09 10416.5 2303.48 2582.42 2726.4 7152.45 2827.2 5798.38 4275.98 7478.38 2767.02 2651.56 3704.89 4252.59 3288.12 4166.64 2850.98 2960.71 2525.13 2437.81 2765.54 7612.3 6422.45 7149.1 7545.53 7574.34 7737.91 7298.79 7890.79 5747.8 6496.69 5413.83 5320.43 5608.41 5925.59 6022.74 4943.37 4627.83 5091.49 3722.9 5037.83 2800.59 3320.73 6233.92 4597.12 3824.78 5414.83 5739.07 4801.15 4964.25 4128.65 3238.82 4891.38 4715.34 5066.46 4265.16 5646.43 5241.64 5759.05 4795.79 5591.75 5680.4 4543.2 3342.4 3259.29 3954.37 4572.21 4238.76 4528.04 3962.31 3700.63 3519.46 5908.81 7034.94 5091.33 7647.55 5320.8 5097.73 5350.95 3440.56 3783.85 4004.77 2962.07 3248.64 3928.07 7018.42 3315.52 6091.64 3274.71 3414.2 7942.7 6518.91 3012.1 3348.82 2580.32 2702.39 
3244.62 3189.61 2767.51 3234.71 7259.08 6566.97 3920.48 2955.23 3023.35 3782.38 0 2214.82 1710.24 2331.48 1813.35 3329.19 2648.04 2161.99 3325.99 3639.91 3198.17 4123.68 3675.88 4653.9 3989.21 6485.13 7017.79 6717.12 7630.56 7720.71 7215.19 7388.01 6699.39 7273.25 7084.79 6595.44 6244.94 6063.71 6186.35 6828.57 7458.34 6964.79 6363.88 7977.78 7684 6813.97 4147.62 3813.24 4727.53 3973.3 3577.54 4358.98 3265.99 3809.22 4833.8 4153.07 5310.14 7625.49 4719.61 7869.85 9439.7 8104.66 4715.72 6799.57 8417.55 4590.41 8033.6 7210.08 6307.32 7220.46 7207.3 3331.05 4411.82 3318.28 3660.26 3302.45 3750.49 7007.47 7580.51 5647.95 5480.76 5011.8 5305.13 5146.88 4153.92 13507.2 3272.43 11147 6445.7 5106.89 8327.02 4965.86 13918.2 9235.43 5916.57 6807.1 9299.84 4155.54 3296.49 3170.68 4543.58 3715.23 3344.84 4015.08 3847.07 4049.79 3723.92 3496.21 4008.84 3643.22 3292.05 3699.79 3428.58 2649.25 2737.24 3423.14 2275.3 4060.4 3627.55 3640.53 3195.92 4150.31 4318.3 5127.37 4109.08 4465.31 4037.5 5138.34 5279.12 4669.95 4836.7 4194.92 5028.56 4311.64 4628.81 4270.31 4689.68 4960.64 4434.83 4780.2 4951.48 4507.58 4717.92 2725.62 2914.54 4232.63 2552.41 8280.47 2757.75 3550.05 2623.6 6525.84 2624.95 4701.78 3600.08 6302.27 2292.7 2146.68 2218.53 2626.91 2033.55 3435.14 1855.98 1759.48 1995.65 2278.16 2012.6 6708.02 5508.94 5930.81 6599.24 6382.92 6647.95 6372 7367.78 4314.53 4900.99 3924.26 3576.81 4170.88 4066.06 4364.51 5328.45 3995.74 4333.28 3299.42 4177.86 1646.29 2063.76 4423.98 3321.05 4365.92 3953.09 4176.58 3760.43 4461.24 3363.99 2700.46 3639.29 3774.8 3518.46 3216.17 4615.5 4365.21 4755.44 3640.18 4221.81 3073.84 2865.46 2261.05 2295.36 1794.68 4330.15 3209.62 3760.38 1896.08 1568.63 1906.99 4340.22 5473.1 4528.56 5095.55 2895.05 2655.67 3110.51 2530.11 2474.72 2934.05 2620.75 2770.31 2792.12 5691.55 4188.39 4310.58 3405.3 3540.59 6050.33 5594.73 2778.04 3122.09 2526.21 2760.79 
3025.75 3507.36 2463.07 2684.25 6746.42 6453.89 3459.51 3896.14 3668.34 4251.07 2214.82 0 2283.4 3091.43 1890.15 3638.73 3045.25 2255.79 3777.95 2567.71 3181.11 5358.65 4081.46 5797.33 4425.56 6780.13 7483.92 7074.84 8062.05 8123.95 7628.81 7749.01 7124.82 7567.58 7356.41 7077.89 6630.25 6492.89 6679.84 7235.17 7827.71 7235.45 6482.34 8271.19 7705.52 6961.32 4432.98 4096.15 4933.85 4415.32 3844.15 4637.43 4196.23 3601.71 5545.61 5059.24 4966.12 6547.49 4271.17 6861.86 8420.42 7123.31 4945.22 6057.23 7195.63 5034.12 6876.79 6364.86 6025.1 6903.59 6403.88 2982.03 3742.2 3346.89 2882.73 2886.35 2979.45 6474.8 6895.05 4864.82 4902.57 4416.97 4502.37 4452.4 3606.41 12681.2 3534.05 10808.7 5596.42 5418.24 7924.98 4765.01 12818.8 8838.12 5548.47 7060.27 8606.91 4755.34 3930.41 3597.15 4835.15 4034.47 3612.99 4336.39 4145.46 4217.69 3889.02 3877.12 4130.89 3742 3512.96 3794.07 3574.08 3121.03 2978.02 3508.95 2447.19 4438.52 4017.74 4023.59 3643.81 4526.44 4743.38 5306.64 4361.83 4629.29 4414.4 5213.27 5442.77 4896.21 5060.44 4438.16 5285.68 4558.01 4823.42 4422.65 4865.39 5114.04 4747.75 4954.82 5113.33 4779.77 5065.61 2640.67 3388.18 3721.64 2968.06 7890.99 3528.06 4388.23 3351.89 5563.18 3321.05 4138.12 3013.13 5771.82 2796.14 2792.22 2477.08 2161.76 2059.19 3118.59 2262.95 2278.43 2484.88 2704.63 2372.66 6493.44 5136.68 5421.06 6404.74 6175.33 6127.2 5819.9 7552.12 4093.09 4565.44 3822.03 3510.65 3811.43 3925.66 3994.12 5231.46 3654.47 4247.32 3180.61 4361.11 2060.23 1534.44 4271.53 3107.05 4442.32 4298.25 4245.45 3718.72 4615.09 3395.1 3788.56 3226.2 3589.28 3677.48 3052.85 4147.65 4063.22 4494.3 3588.64 4086.05 2626.6 2803.96 2127.69 2573.58 1999.07 4057.18 3204.63 3363.38 1911.75 1702.66 1907.77 3429.97 4472.23 4449.19 4963.22 3171.62 2733.72 3279.61 2448.11 2041.06 2804.3 3288.2 3434.75 2623.25 4967.13 4099.96 4008.26 3332.75 3718.28 5669.51 5413.53 2980.5 3454.39 3141.28 3206.79 
3194.9 3027.19 2839.11 3346.21 7351.45 6971.62 4054.72 3289.48 3043.4 3464.89 1710.24 2283.4 0 2240.39 1948.89 3047.93 2273.5 2394.82 3448.25 3543.94 3326.14 4522.7 3582.81 4836.09 4251.89 5979.04 6683.73 6235.01 7153.5 7285.43 6784.89 7033.83 6208.12 6819.48 6561.38 6116.25 5663.67 5683.73 5757.13 6347.02 6925.47 6481.75 5784.43 7469.49 7237.24 6323.4 3808.1 3194.47 4164.18 3677.57 3046.15 4003.01 3133.14 3408.44 4587.73 4166.68 4814.39 7482.58 4366.99 7546.97 9359.05 8092.78 4392.78 6915.44 8193.72 4700.21 7938.55 7261.52 6307.1 7573.25 7065.11 3329.73 4132.73 3174.37 3753.41 3575.74 3716.45 6713.92 7272.96 5458.99 5538.77 4927.58 4997.09 4653.67 4089.51 13422 3366.81 11521.5 6646.38 5348.11 8591.94 5242.23 13833.8 9684.77 5943.72 7470.32 9377.45 3917.46 3176.96 2820.84 4241.59 3332.46 2981.41 3727.49 3482.38 3665.33 3400.25 3056.73 3727.84 3638.02 3359.73 3533.94 2979.48 2581.98 2769.05 3218.76 2583 4109.36 3835.65 3180.87 2841.72 3833.62 3942.06 4733.53 3702.78 4041.78 3767.26 4737.3 4813.94 4200.43 4444.52 3863.99 4572.15 3894.31 4265.09 3852.68 4098.74 4511.88 3978.21 4400.6 4347.85 4175.23 4174.04 2946.39 3206.96 4353.37 2170.05 8832.5 2537.04 3571.66 2496.29 6442.85 2510.08 4818.14 3772.39 6451.25 1917.4 1886.08 2504.25 2636.79 2260.76 3669.7 1782.36 1677.04 1884.2 1920.72 1673.12 6482.15 5069.62 5756.85 6360.08 6227.39 6529.27 6182.03 7304.35 3996.76 4806.04 3563.84 3459.94 3844.79 3945.68 4158.69 5247.59 3814.85 4477.42 3345.04 4331.46 1652.99 2146.61 4571.36 3417.91 4597.22 4126.76 4324.35 3506.87 4513.71 3266.68 2609.53 3637.94 3733.28 3635.18 3270.43 4368.97 4197.47 4513.95 3442.64 4150.74 3208.29 2858.23 2228.76 2519.92 2020.32 4589.14 3229.31 3763.97 1999.63 1621.89 1833.8 4230.37 5325.49 5053.88 5324.98 2945.18 2854.85 3268.89 2565.14 2543.54 2915.58 2967.67 3136.9 2666.95 5661.65 4072.2 4167.11 3338.54 3330.94 6296.55 6034.31 2927.19 3150.13 2326.83 2541.14 
3512.11 3104.97 3187.16 3559.87 7293.24 6276.65 4515.9 2156.86 2473.1 3244.67 2331.48 3091.43 2240.39 0 2335.55 2707.09 2539.26 2849.31 3933.48 4220.33 3236.8 4184.97 3441.77 3724.99 4899.02 6369.85 6889.62 6565.5 7355.77 7669.4 7097.16 7268.44 6533.93 7196.44 6933.68 6461.13 6036.7 5895.56 6056.77 6706.59 7311.12 6982.57 6393.28 8017.83 7811.82 6802.51 3923.23 3734.01 4655.9 3692.8 3439.62 4185.76 3524.46 4119.03 4230.38 3592.92 5790.14 8038.86 5203.55 8473.64 10103.9 9088.26 4497.23 7495.34 9258.44 4376.91 8510.01 8108.39 7156.23 7963.86 8179.22 3804.55 4690.57 3776.8 4005.05 2995.18 4035.61 7696.89 8166.58 5926.96 5756.85 5335.8 5911.21 5504.82 4469.4 13694.7 3738.23 11163.9 6548.92 5218.42 8535.04 5333.98 14614.4 9912.23 6170.05 6961.19 9263.38 3453.1 2933.47 3219.73 4344.18 3714.9 3258.03 3912.64 3786.04 3990.5 3736.23 3410.42 4075.98 3827.12 4014.88 3918.94 3297.03 2579 2893.93 3230.36 2504.46 3953.15 3418.28 3361.25 2966.87 4047.64 3958.45 4974.76 3993.84 4199.9 3540.94 4880.97 5048 4367.36 4583.04 4012.59 4891.84 4046.96 4430.84 3996.7 4596.4 4882.2 4042.59 4582.58 4755.65 4277.73 4572.78 2969.84 3292.15 4660.38 2495.82 8408.97 2662.34 3268.09 2378.79 6825.07 2056.26 4762.41 3675.64 5752.78 2134.53 1709.82 2380.87 3037.92 2536.55 3294.18 1614.21 2042.11 1843.01 2060.42 1651.74 7215.46 5997.02 6848.13 7313.02 7024.31 7375.49 7033.21 7411.93 5149.14 5810.31 4766.96 4469.52 4987.75 5059.65 5244.84 5411.59 4138.36 4142.84 3533.52 3969.23 1749.79 2248.22 5456.17 3764.82 4186.56 4459.9 4807.9 4037.15 4079.42 3757.74 1935.37 4075.48 4131.42 4108.71 3298.79 4953.16 4645.68 5227.41 4334.87 5037.32 4027.93 3321.97 2579.52 2505.87 2405.3 4321.25 3606.34 4190.6 2786.63 2371.56 2445.6 4796.41 5970.23 4671.19 5990.45 3902.67 3721.33 4225.88 2655.86 3035.91 3675.06 2458.75 2746.58 3596.62 6377.31 4229.87 4879.55 3605.98 3599.08 6403.71 5679.75 3417.41 3636.04 2110.7 2367.32 
2666.2 3071.01 2345.7 2950.48 6897.16 6441.09 3476.95 3085.25 3227.24 4089.91 1813.35 1890.15 1948.89 2335.55 0 3537.43 2879.45 2190.35 3713.8 3102.98 3075.42 4716.61 3947.06 5067.22 3937.18 6804.62 7257.09 6991.53 7803.76 7998.79 7519.32 7631.88 6951.51 7601.88 7361.02 6828.65 6504.27 6345.7 6504.44 7092.47 7719.55 7258.82 6589.7 8242.71 7796.73 7056.74 4360.94 4059.4 4944.38 4265.92 3816.91 4656.93 3847.31 3789.49 4747.29 4420.29 5510.29 7114.53 4866.13 7399.46 8925.57 7846.79 4938.15 6529.15 8034.31 4353.69 7604.87 7021.95 6052.4 7346.54 6947.47 2783.29 3695.08 3364.17 3246.77 2960.17 3333.49 6691.99 7018.08 5015.74 5200.95 4739.2 4808.51 4559.44 3892.67 12856 3206.11 10735.7 6060.09 5083.81 8057.63 4621.66 13314.4 8782.17 5335.57 6814.97 8504.2 4440.11 3746.98 3421.07 4757.97 3933.09 3546.28 4239.26 4080.78 4292.54 3946.69 3760.35 4152.78 3810.88 3412.57 3733.99 3487.22 2893.87 2802.65 3272.38 2213.35 4270.32 3591.03 3919.96 3406.24 4456.64 4632.16 5281.01 4393.86 4645.41 4343.97 5268.01 5441.48 4890.05 5020.97 4385.11 5337.04 4496.93 4884.8 4470.77 4900.98 5131.59 4638.68 5030.65 5135.92 4711.62 4911.74 2502.75 3096.54 3882.52 2788.68 7971.73 3300.55 4113.39 2985.31 5852.6 2716.56 4099.27 3203.12 5802.33 2460.12 2382.12 2083.69 1969.51 1816.74 2838.8 1849.88 1961.31 2299.3 2536.39 2175.89 6670.86 5553.59 5927.81 6627.61 6428.67 6381.99 6053.25 7330.23 4479.25 4988.36 4057.37 3955.54 3995.15 4477.69 4512.88 5244.04 3494.71 4001.82 3042.84 4046.54 1834.38 1739.77 4259.78 2943.11 4318.29 3970.14 3995.9 3449.39 4015.34 3073.27 3030.95 3179.39 3325.25 3483.5 2838.53 4153.92 4039.62 4591.11 3722.65 4315.71 2693.62 2579.38 2098.57 2478.42 1749.39 4184.79 3061.47 3612.54 1983.32 1777.47 1984.43 3754.45 4889.22 4724.06 4472.63 2966.84 2736.35 3262.66 2194.48 1993.72 2887.53 2710.96 2836.62 2891.63 5123.23 4194.4 4061.68 3404.28 3779.22 5438.54 5231.88 3037.23 3357.63 2802.52 3057.92 
4060.39 3451.04 3343.25 3867.83 7012.28 6906.13 4635.75 3057.04 2927.3 2482.57 3329.19 3638.73 3047.93 2707.09 3537.43 0 1914.22 3650.37 4575.23 4239.62 2649.59 6185.74 2697.51 4418.58 6320.44 4940.71 5423.06 5096 6102.92 6456.64 5634.34 6081.62 5007.3 5636.93 5538.73 5210.39 4800.29 4322.84 4831.16 5536.63 5931.7 5600.03 5260.24 6817.89 6810.7 5368.42 2541.65 2656.97 3456.28 2164.79 2410.7 2623.53 3978.82 3848.56 4121.1 4430.13 5185.38 7761.84 4815.54 7982.29 9739.34 8865.26 2947.6 6994.47 8921.29 4617.14 8074.76 7631.99 7287.81 7630.08 8041.23 3928.03 4426.08 3801.64 3930.14 3241.16 4251 7438.18 7722 5506.18 5465.78 5015.73 5715.53 5335.76 4198.01 13935 4320.43 12206.3 6756.2 6429.55 8599.97 5755.97 15284.9 9821.96 6631.74 8118.14 10305.8 2108.37 1782.98 2550.44 3027.9 2655.38 2196.23 2554.8 2505.03 2715.39 2496.81 2432.18 2959.87 3515.21 4619.51 3901.71 2990.42 2304.57 2822.56 2597.88 2667.71 3548.09 3102.66 2005.34 1779.95 2544.56 2369.02 3444.32 2472.7 2529.61 2092.43 3137.63 3498.37 2789.18 2729.14 2473.14 3095.96 2543.6 2596.56 2318.75 2943.17 3168.81 2534.95 2918.72 3180.59 2639.02 3112.16 2979.59 3421.6 5176.98 1592.18 10011.9 2021.46 2676.51 2209.45 6538.61 2387.52 5075.78 3619.82 7249.94 1476.75 1927.42 3060.76 3422.33 2788.88 3659.79 2162.22 2358.84 1881.84 1908.18 1961.53 6915.48 5804.76 6720.83 6981.98 6823.6 7028.67 6714.94 7095.45 5468.24 6012.18 5002.41 4966.2 5205.04 5543.99 5497.86 4628.77 4099.71 4398.53 3543.12 4462.71 1951.64 2478.53 5901.49 4077.76 3609.7 5017.94 5328.07 4549.72 4632.65 3870.15 2372.7 4243.16 4439.63 4689.16 3487.04 4826.55 4392.09 4899.71 4266.63 4890.69 5086.67 3742.22 2923.71 2947.61 3298.22 4385.76 3462.81 3762.45 3220.55 2963.49 2676.15 5139.32 6275.94 5536.57 7165.96 4830.3 4685.1 4918.24 2669.03 3129.35 3827.01 2899.76 3126.01 3442.35 6592.36 3399.03 5335.78 2999.28 3122.62 7486.66 6534.29 3254.96 3646.71 1554.7 1356.91 
3252.78 2981.29 2654.44 3198.15 6457.21 6616.92 4428.33 2809.79 2693.47 2329.15 2648.04 3045.25 2273.5 2539.26 2879.45 1914.22 0 2931.29 3961.17 3608.79 2122.78 5861.99 2553.24 4318.41 5683.45 4788.97 5346.18 4794.43 6017.43 5839.67 5500.72 6030.95 4975.7 5495.39 5494.51 4928.69 4567.71 4431.1 4579.95 5220 5712.8 5601.18 5087.63 6679.67 6517.83 5467.03 2568.71 2534.61 3335.25 2336.84 2246.63 2734.23 3431.46 3547.27 4172.15 4413.32 4883.85 7407.97 4472.37 7626.94 9466.74 8497.68 3272.34 6570.48 8668.35 4768.87 7612.92 7452.39 6903.6 7650.85 7451.75 3348.42 3818.1 3332.27 3457.23 2728.18 3464.63 7103.49 7158.14 5372.31 4939.53 4527.36 5262.64 4735.06 3655.76 13256 3797.57 12081.6 6793.57 6249.52 8388.67 5348.33 14494.2 9979.92 5961.71 8153.57 9901.37 2492.7 2093.03 1975.45 3146.53 2444.65 2138.52 2681.97 2617.48 2931.96 2617.44 2269.72 2854.11 2998.15 4023.66 3192.02 2933.56 1632.91 2025.96 2297.47 2378.72 2967.66 2844.45 2058.62 1597.48 2752.75 2286.98 3816.99 2705.66 2974.89 2183.39 3519.62 3858.78 2862.87 3211.19 2793.23 3213.51 2804.12 2894.47 2483.52 3263.02 3446.5 2919.43 3377.18 3428.23 2950.95 3313.3 2607.93 3136.24 4806.01 1369.26 9985.17 1643.5 2460.81 1575.32 6227.7 2452.73 4664.82 3219.06 6916.08 1244.34 1462.19 2688.96 2697.82 2173.62 3444.7 1935.84 1707.68 1201.27 1345.37 1399.78 6701.28 5403.19 6239.08 6595.69 6678.36 6760.01 6421 6887.01 4641.65 5352.09 4215.73 4300.65 4415.69 4783.96 4744.52 4378.21 3158.92 3804.43 2824.07 4027.1 1242.89 1750.03 5282.37 3407.56 3537 4764.86 4905.25 3824.26 4310.33 3235.09 2381.48 3694.07 3762.84 4126.15 3178.6 4281.82 4212.47 4610.55 3711.08 4652.59 4335.62 2936.69 2136.39 2391.09 2721.47 3806.1 2956.66 3570.45 2493.89 2357.78 1995.63 4344.69 5534.9 5456.49 6568.16 4156.62 3904.36 4301.73 2251.25 2452.26 3038.83 2537.31 2689.93 3082.02 6253.99 2786.97 4590.24 2433.04 2646.91 6782.33 6399.86 2697.91 3163.2 1464.85 1347.92 
2918.92 2851.47 2627.48 3317.2 6825.53 6456.25 3166.64 3683.88 3605.94 4311.62 2161.99 2255.79 2394.82 2849.31 2190.35 3650.37 2931.29 0 3355.79 2887.56 3374.39 5113.9 4026.28 5442.47 4476.78 6938.09 7469.7 7185.45 8059.36 8181.47 7705.66 7814.99 7140.88 7782.82 7495.39 7017.3 6625.24 6513.64 6629.82 7246.91 7872.14 7537.36 6859.84 8520.34 8139.08 7300.87 4432.76 4268.93 5128.08 4364.81 4010.82 4657.32 4485.77 3435.56 5694.91 5338.2 5223.06 7019.52 4723.74 7361.73 8691.89 7726.9 5149.89 6436.72 7941.32 5168.56 7729.73 6937.39 5976.47 6820.35 6821.2 2975.63 3515.99 3083.87 3312.44 3392.66 3518.97 6184.72 6470.61 4797.91 5396.86 4924.73 4730.58 4364.11 4320.33 12616.3 3157.13 10574.6 5792.2 4708.23 7867.62 4709.69 12736.8 8407.06 4752.79 7446.74 8639.1 4612.75 3707.51 3699.4 4900.54 4179.15 3807.2 4396.36 4367.04 4578.85 4234.55 4004.59 4502.82 3450.88 3611.13 3402.19 3622.2 2707.97 2636.03 3301.97 2318.29 4010.58 3253.58 3969.67 3493.53 4548.34 4674.53 5500.82 4500.13 4682.58 4313.04 5388.37 5669.98 4889.14 5035.64 4428.87 5368.07 4615.32 4903.09 4473.36 5142.46 5375.81 4810.13 5057.4 5323.42 4755.67 5086.5 2626.05 2924.82 3834.72 2923.92 8154.52 3344.68 4224.99 3234.36 5924.81 3283.41 4412.25 3361.49 5807.07 2780.21 2646.55 1862.78 1905.08 2071.32 3259.59 2339.21 2096.17 2390.33 2614.13 2088.31 6261.47 5156.22 5553.54 6303.29 6040.03 5989.32 5775.04 6764.95 3934.6 4648.85 3588.3 3547.25 3514.48 4182.53 4038.5 4926.38 3252.33 3472.8 2955.06 3487.52 1959.79 2138.02 4122.14 2927.18 4017.01 4081.32 3936.14 3501.49 4172.63 3290.95 3631.32 3221.53 3634.82 3605.52 2705.13 3743.68 3742.81 4079.69 3478.96 3879.58 2682.88 2346.04 2140.86 2120.58 1629.33 4137.58 2838.08 3271.01 1871.7 1771.03 1938.86 3533.47 4623.63 5190.43 4800.67 2749.72 2386.28 2798.82 2181.37 2223.07 2929.89 3011.57 2940.99 2672.93 5098.6 4256.96 3446.2 3469.36 3892.55 5974.65 5489 3074.11 3501.45 2809.25 3130.25 
5142.09 4138.69 4910.99 5399.41 8301.93 8264.1 4642.31 4173.28 4354.13 4498.68 3325.99 3777.95 3448.25 3933.48 3713.8 4575.23 3961.17 3355.79 0 4619.29 4266.74 5643.1 4567.73 6139.87 5068.86 7878.63 8300.96 8103.31 8797.72 9220.99 8641.57 8709.99 7912.43 8919.51 8184.83 7959.28 7604.6 7409.32 7483.92 8231.03 8689.74 8781.7 8309.6 9910.68 9680.15 8550.1 5338.13 5622.76 6341.6 5439.48 5326.49 5472.44 5021.76 4414.46 6479.78 5655.35 5446.62 7562.39 4932.98 8274.27 9205.79 8646.22 6091.69 7052.31 9275.11 6104.42 8460.81 7771.24 7122.29 7821.62 7614.36 4001.51 4402.46 3876.73 5459.92 4671.3 5627.43 7017.11 7259.22 6022.47 7472.93 6874.89 5822.92 6099.55 6258.58 14907.7 3520.16 10467.2 6994.1 4685.12 7716.83 5917.12 14675.3 8808.6 5439.4 7071.9 9057.51 4794.2 4893.21 5259.74 5949.56 5674.44 5271.9 5550.15 5697.61 5960.27 5660.4 5395.58 6076.83 4944.47 4718.66 4678.97 4479.01 3779.7 3969.48 4144.07 4259.71 4403.49 4429.27 4875.21 4714.91 5123.29 4991.84 6398.87 5347.08 5280.42 4767.06 5788.39 6497.42 5328.55 5599.39 5024.81 5676.15 5174.56 5211.39 4985.02 6061.04 6134.89 5339.46 5916.53 6188.75 5265.44 5698.43 3928.62 3455.82 5150.01 4547.36 8947.23 4195.09 4491.89 4203.1 7492.16 4126.39 6337.09 5213.18 7296.66 4214.7 3841.82 3523.73 4257.79 3866.43 5230.79 3582.01 3472.83 3752.5 3870.22 3824.02 7270.74 6125.06 6797.97 7271.32 6866.11 7161.96 6871.48 7795.07 4758.91 5611.97 4673.45 4171.51 4892.35 4684.85 4717.71 5498.14 4479.38 5509.46 4049.18 5026.45 3776.61 4269.34 5327.32 4660.69 4580.69 4984.25 5581.28 5081.78 5711.75 4878.25 4217.62 5120.78 5069.27 5086.88 4637.73 4781.78 4732.51 5284.95 3752.73 4721.78 3785.07 4205.89 3557.63 3378.73 3551.87 5824.6 4562.13 4854.92 3362.74 3339.36 3385.8 5817.25 6993.95 5187.31 5537.96 3535.84 3653.52 3840.8 3915.11 3773.13 3605.6 3622.83 3883.13 3487.12 5543.79 5256.96 5200.6 4941.04 5032.38 7367.95 6067.92 3818.25 3555.29 3840.22 4304.75 
3400.31 2503.15 2881.03 3416.49 6325.4 6388.07 3081.53 4795.47 4436.68 5041.56 3639.91 2567.71 3543.94 4220.33 3102.98 4239.62 3608.79 2887.56 4619.29 0 3770.75 6992.03 4638.08 6857.65 5856.25 7390.03 8148.69 7749.34 8721.69 8762.8 8269.68 8388.86 7765.89 8142.25 8062.36 7739.76 7260.05 7159.96 7344.83 7882.04 8469.44 7808 7092.17 8826.13 8301.56 7516.87 5047.23 4736.93 5523.19 4949.57 4395.44 5267.65 5558.09 3797.91 6278.9 6410.47 5965.96 6735.26 5564.33 6960.91 8575.15 7958.47 5525 7119.35 7619.6 5845.14 7605.45 7520.52 6390.61 6988.55 7188.68 3162.15 3286.58 3971.71 2869.98 3683.32 3190.46 5691.86 5288.88 3826.9 5041 4556.49 3862.03 3560.98 4044.94 11251.7 4251.83 10213.3 5167.47 4973.81 7053.17 4176.87 11587.5 8236.23 5067.86 8762.41 8099.86 5356.05 4484.55 4250.86 5393.56 4584.52 4244.95 4877.66 4764.87 4894.46 4518.49 4484.26 4721.01 3284.27 4777.71 3345.09 4044.86 3386.97 3467.06 3782.42 2846.93 4526.19 3932.71 4621.71 4172.87 5078.42 5336.43 5828.43 4930.9 5171.09 4974.57 5768.06 5982.49 5425.36 5527.67 4935.61 5763.61 5137.06 5333.88 4921.38 5383.26 5683.51 5295.26 5507.73 5655.65 5296.37 5624.08 2507.16 4301.24 3914.59 3469.59 9025.04 4390.56 5342.67 4154.2 5778.63 4263.96 4363.59 3211.36 5688.39 3342.79 3500.39 2961.84 1951.82 2873.27 3208.89 3264.95 3100.12 3151.4 3454.58 3066.18 5923.66 5747.1 6442.72 6202.75 6468.61 5468.94 5301.27 6037.95 4542.12 5141.44 3791.86 4326.96 3313.54 5137.68 4590.3 4817.43 2415.07 3409.89 3760.45 2851.53 2544.16 2103.44 4125.17 3288.95 3914.18 3672.51 3642.84 2760.53 3509.71 3037.28 4561.72 3246.54 3950.46 4088.52 2584.11 2961.1 3115.1 3220.82 3624.96 4429.66 3011.92 2293.8 3178.59 3519.26 2953.52 4398.38 2260.5 2384.51 2874.91 3020.02 2360.21 3074.54 4178.98 6058.53 5590.14 3516.49 3154.16 3452.52 2569.6 2261.21 3825.88 3994.23 3945.14 3508.39 5052.29 4715.34 2691 3870.18 4280.47 5783.65 6000.45 4247.45 4737.72 3838.41 3810.1 
3450.93 3520.12 2856.08 3331.92 6277.22 6652.02 4569.62 3309.27 3115.15 2792.09 3198.17 3181.11 3326.14 3236.8 3075.42 2649.59 2122.78 3374.39 4266.74 3770.75 0 6749.3 2483.66 5444.05 6350.3 5530.27 6317.41 5756.08 6825.42 6872.12 6336.07 6989.27 5968.75 6492.78 6081.19 5919.04 5513.9 5207.99 5569.84 6254.03 6571.95 6500.02 5951.85 7649.68 7444.77 6242.84 3406.77 3555.85 4360.32 3298.44 3386.34 3381.51 4608.12 3689.68 4976.44 5128.26 5192.93 6873.4 5015.14 6974.95 8977.51 8179.04 3914.73 6026.33 8124.44 4014.28 6976.16 6922.34 6334.33 7287.96 6848.28 3137.32 3425.73 3276.57 3420.57 2490.13 3719.41 6713.18 6582.61 4829.17 4591.84 3958.73 4967.71 4365.56 3418.98 13396.1 4301.53 11642.2 6368.41 6318.69 7731.99 5310.74 14720.8 9263.43 5733.33 7400.37 9586.74 3095.82 3274.09 3381.62 4251.61 3762.31 3214.26 3914.49 3556.38 3791.95 3450.69 3407.23 3674.45 3139.31 4031.07 3356.15 3191.67 2229.97 2181.66 2629.15 2319.09 2996.58 2601.13 3088.2 2761.72 3324.03 3150.41 4493.88 3262.64 3554.52 2831.39 3979.86 4388.15 3287.97 3855.96 3351.17 3731.28 3276.48 3418.75 3166.7 3780.88 4038.76 3387.78 3993.78 3978.06 3524.68 3620.12 2554.69 3043.18 4706.52 2753.22 9774.76 2748 3194.14 2675.43 5950.02 3061.06 4710.7 3182.26 6926.08 2568.27 2504.18 2993.8 2869.53 2377.44 3306.25 2505.98 2452.1 2198.92 2393.95 2446.23 6839.6 5916.99 6329.77 6694.25 6647.67 6704.87 6126.73 6758.64 5232.5 6041.48 4884.95 4913.19 4652.19 5712.69 5582.85 4011.24 3371.79 3637.33 2801.53 4274.18 1959.03 1969.92 5199.53 3326.09 2998.71 4756.75 4818.5 3988.53 4174.7 2877.81 3480.35 3747.38 3574.97 3993.82 3391.9 4298.1 3978.68 4632.77 4093.33 4926.55 4529.06 3513.9 2666.45 2896.85 3105.37 3553.76 3213.04 3529.15 3173.97 3054.28 2768.13 4597.66 5739.69 4972.65 6640.18 4605.22 4339.43 4841.81 2433.84 2613.87 3633.94 2751.34 3080.42 3299.75 5987.15 2286.43 5070.28 2341.8 2660.07 6954.19 5985.31 2525.13 2928.85 2309.71 2578.88 
