245 245
0 3589.16 2900.04 3477.34 5298.76 4948.6 3665.98 4204.48 4192.95 4725.05 3244.62 3025.75 3194.9 3512.11 4060.39 3252.78 2918.92 5142.09 3718.11 3400.31 3450.93 2869.29 4525.44 5735.59 6616.8 4202.19 6161.16 5870.24 7063.75 7358.82 8208.73 8340.07 7839.24 8010.59 7321.48 7955.2 7692.1 6800.23 6697.01 6882.36 7530.18 7446.91 8055.87 7712.08 7041.55 7056.42 8701.71 8279.01 7500.39 8680.29 4653.04 4505.78 5428.62 4620.36 4235.26 4762.7 3988.44 3946.47 4019.17 4638.95 4343.3 6032.46 6061.82 4580.98 4503.21 7204.68 5871.21 8288.34 6224.77 7245.26 7373.67 5253.02 6018.55 7662.95 5378.18 7902.73 6700.84 5789.53 6035.57 3027.18 3651.4 3454.29 3016 7394.92 7218.79 4675.54 6334.22 7380.1 7736.31 4210.54 5528.48 4823.38 3662.74 10972.8 4464.32 10933.8 5734.02 6353.9 5701.84 8825.58 5043.44 12365.8 8735.59 13791.1 12992 8719.31 8539.24 4947.39 4049.37 4389.46 4595.88 3977.31 4660.42 4566.15 4612.47 4803.45 4390.04 4312.91 4428.38 4224.27 4651.05 3665.67 4677.55 4163.97 3099.52 3223.19 3719.3 4498 3361.75 4551.3 4212.74 4938.35 5736.9 4907.18 5052.3 5606.11 5905.7 5382.41 4732.75 5630.25 5561.51 4804.36 5090.97 5178.05 4741.09 5274.29 6040.77 5376.72 5561.93 5423.28 3556.57 5321.66 3004.8 4025.54 4478.21 3374.59 4153.09 2922.68 3175.24 3284.28 3879.58 4843.5 3953.71 4722.02 3507.81 5582.26 2124.03 3143.13 2661.06 2594.13 5649.89 4470.86 7256.78 6479.28 6850.86 7414.78 7079.56 6777.09 7889.85 4119.04 4398.66 4922.95 4954.13 4551.51 5697.64 4627.83 5509.78 3696.65 3196.09 3542.8 4122.34 2220.8 2219.89 2182.5 4249.6 4392.33 3077.97 2970.19 3915.79 3812.12 4097.1 3279.67 3059.43 4374.23 2811.07 3030.38 3035.46 3140.9 4861.82 4253.15 4727.79 4566.97 3393.42 3558.88 2781.97 3646.19 3727.56 2790.12 2853.48 2826.77 3590.49 3138.63 3703.41 3123.43 2874.96 2776.02 2622.28 2476.22 3614.21 3745.37 4229.1 4983.47 3953.67 4377.44 3598.54 3884.4 5062.59 5674.86 4457.99 4278.6 4197.76 2979.55 2880.58 6063.86 5502.79 
3589.16 0 3122.18 3796.33 6690.04 6777.06 3290.05 3803.12 3683.78 4260.83 3189.61 3507.36 3027.19 3104.97 3451.04 2981.29 2851.47 4138.69 3218.9 2503.15 3520.12 3309.03 4055 5317.58 6421.62 3949.01 5715.66 5746.36 6790.12 7055.28 7882.24 8071.13 7543.14 7698.96 7032.78 7642.32 7369.27 6539.99 6393.53 6569.1 7105.37 7117.35 7758.18 7336.53 6809.03 6649.97 8325.98 7998.57 7133.47 8443.2 4359.74 4086.32 5041.97 4280.16 3861.39 4501.07 3703.53 3613.47 3591.49 4069.36 3446.9 5452.45 5664.18 4911.93 4809.7 7010.53 5517.2 7884.31 7509.43 7643.64 9048.82 4936.63 7639.14 6520.09 5504.47 8069.77 8228.15 7162.18 8000.94 3631.28 3672.04 3680.76 2987.7 5308.78 6987.74 4172.57 5333.47 5390.83 7691.19 5744.46 3878.94 3166.96 4488.21 11994.2 3806.35 10418.8 5881.89 4661.3 6881.67 7569.42 4934.31 12631.9 8793.38 13481.4 13273.1 9099.04 9199.32 4583.5 3658.5 4022.88 4348.72 3599.29 4429.57 4287.15 4239.68 4371.34 3991.38 3898.72 4040.76 3839.72 4355.87 3158.31 4817.09 3433.31 2665.81 2984.1 2991.86 3907.49 3607.05 4275.35 3902.18 4723.92 5327.91 4598.66 4660.46 5287.64 5540.49 5052.56 4404.75 5344.14 5239.81 4489.43 4793.79 4866.48 4424.98 4909.64 5618.9 5045.58 5158.71 5025.86 3065.25 5413.35 2418.46 3770.94 5428.8 2959.6 4705.17 2503.33 2812.32 3910.27 3477.72 4452.17 3383.85 4656.6 3632.85 6495.92 2371.59 3731.61 2543.75 2215.2 5569.17 4964.22 5539.49 5584.38 6514.35 5837.93 5585.05 5424.85 5752.44 4527.9 4832.05 3792.96 4280.45 3463.23 5290.97 3417.52 4446.85 2123.45 3483.22 3614.68 2596.56 1832.42 1832.89 2308.6 4934.65 4777.22 3839.13 4375.88 4307.97 2975.72 2762.69 3117.11 3835.07 3737.83 3400.47 3157.97 3037.96 2842.89 3251.98 3122.63 3014.04 2855.86 3186.01 3892.35 2599.57 3219.79 3491.13 2322.2 2764.71 2774.35 4644.56 2512.81 2936.33 3971.28 2670.16 2692.92 2112.95 1697.87 3377.74 3374.4 3481.08 4079.64 3187.76 3534.17 3243.76 3467.6 4533.83 5719.83 4471.43 2749.24 3824.58 3118.8 2805.82 5803.08 5151 
2900.04 3122.18 0 2388.03 6052.85 4950.63 3878.79 4024.4 3774.63 4273.05 3185.46 2333.39 3147.81 3410.15 3452.38 2878.18 2783.84 5068.36 3167.12 2330.13 3065.44 1863.89 4278.66 5786.02 6675.28 3803.81 6054.07 5892.87 6750.43 7035.47 8003.09 8053.67 7570.08 7630.96 7046.08 7460.05 7323.9 6517.14 6421.44 6625.31 6949.87 7150.51 7764.2 7138.2 6203.09 6364.36 8140.34 7584.95 6738.53 7866.64 4265.3 4005.66 4886.53 4190.46 3730.63 4340.61 3533.09 3411.36 3421.05 4296.91 3922.87 5492.7 5742.73 3919.29 4404.09 7163.09 5565.34 7091.81 7175.87 7189.59 8152.73 4791.52 7057.95 5926.68 5062.79 7285.05 7464.61 6723.65 7415.73 1884.44 2269.64 2247.22 1456.72 7058.74 6953.46 4931.28 6055.77 6810 7719.27 4377.38 4897.76 4318.99 3176.52 10977.6 4397.55 11696.4 5391.35 6175.95 6125.57 8098.7 5042.36 12209.2 9541.25 14779.4 11136.6 8342.19 8912.52 4549.39 3678.85 3863.64 4277.32 3551.38 4302.65 4095.92 4019.8 4106.52 3848.75 3649.16 3755.41 3797.51 3923.73 3319.71 4487.87 3617.97 2739.06 2831.04 3204.87 3977.95 3264.7 4028.23 3816.25 4561.3 5003.66 4351.31 4395.22 5035.13 5208.45 4735.77 4225.66 5091.51 4954.41 4411.53 4606.54 4634.81 4185.6 4601.26 5351.52 4771.56 4880.56 4924.22 3240 5385.75 2395.55 4079.56 3713.56 2960.78 3634.21 2485.97 2736.8 2377.18 3650.19 4607.87 3562.62 3338.95 2357.32 5555.88 2003.8 2707.17 2597.96 2305.6 4589.08 3667.86 6691.85 6001.63 6457.46 6850.55 6442.65 6185.81 7317.91 3558.44 4001.92 4558.46 4684.45 4285.1 5328.82 4099.36 4811.64 3209.41 3518.22 3471.81 3853.7 1767.37 1762.87 1237.65 4958.61 4510.26 3147.48 3616.43 4263.52 3405.21 3557.38 3208.78 3117.43 3968.22 2773.58 2991.47 2847.59 2686.96 4460.74 4012.41 4389.06 4177.07 3265.33 3588.96 2622.83 3349.34 3724.21 2676.04 2863.05 2783.33 3931.74 2682.34 3032.04 2253.8 2728.02 2716.05 2276.4 2067.23 3671.6 3738.48 4099.56 4753.77 3748.37 4039.38 3479.74 3659.21 4645.19 5646.55 3961.39 4091.27 3573.33 2897.26 3126.14 5879.96 5379.99 
3477.34 3796.33 2388.03 0 6479.14 4405.72 4773.49 4317.24 4206.67 4665.45 3234.71 2684.25 3346.21 3559.87 3867.83 3198.15 3317.2 5399.41 3498.56 3416.49 3331.92 2469.37 4614.32 5927.1 6730.1 4119.7 6207.28 6127.78 7111.76 7373.77 8262.42 8367.26 7851.8 8002.39 7340.97 7866.97 7662.11 6776.05 6651.89 6884.26 7312.14 7462.38 8053.11 7525.07 6692.08 6734.31 8551.79 8027.17 7201.05 8347.94 4586.05 4359.55 5270.53 4432.62 4112.25 4663.3 3869.27 3788.98 3742.74 4535.7 4413.39 5890.66 5949.42 4934.57 4621.39 6753.5 5800.69 7480.06 7300.79 6333.42 7787.02 5119.49 7154.74 6284.85 5439.13 6471.69 7406.73 7353.15 7835.51 2786.72 3036.19 3196.26 2269.36 7932.6 7322.65 5839.44 6560.07 7584.67 7669.29 4404.24 5561.44 5161.63 3234.24 11051.4 4914.23 12218.4 5851.79 6913.55 6836.16 9156.28 5833.06 12029.3 10301.4 15396.7 11126.6 8507.58 9627.87 4877.1 3975.23 4240.45 4554.16 3781.22 4592.63 4464.18 4395.77 4522.23 4190.38 4037.39 4155.38 4063.34 4307.28 4123.46 4735.31 4102.04 3133.03 3164.4 3844.81 4664.82 4025.65 4396 4136.13 4855.16 5449.86 4681.66 4771.23 5430.91 5648.05 5137.22 4532.99 5493.34 5335.17 4696.66 4973.24 5014.22 4593.46 5013.76 5756.08 5147.71 5289.57 5182.74 3442.35 5724.44 3195.32 4401.67 4625.81 3194.28 4356.32 2751.02 3034.05 2790.5 3837.64 4761.32 3863.95 4339.56 3151.45 6185.47 2776.75 3291.5 2787.87 2606.51 5437.69 4526.22 7380.87 6345.26 6738.23 7463.21 7170.11 6841.88 8039.04 4491.91 4076.09 5154.89 5079.61 4989.89 5724.68 4841.93 5587.36 4081.53 4380.73 3836.32 4802.68 2043.79 2072.8 1553.26 5617.64 5142.56 3688.37 4278.42 5112.26 4335.32 4532.84 3791.88 3622.41 5012.78 3422.32 3836.38 3510.87 3733.62 5096.53 4956.64 5275.66 5042.42 3495.96 3650.95 2851.66 3732.62 4252.89 3478.14 3141.15 3025.42 4250.52 3553.89 4072.84 3302.52 2949.03 2842.9 2693.43 2829.5 3919.26 4601.35 4671.13 5495.99 4319.16 4879.06 3778.58 3888.91 5397.64 5670.96 4333 4896.23 3970.57 3485.27 3965.67 6074.26 5603.44 
5298.76 6690.04 6052.85 6479.14 0 5920.32 7275.5 7523.57 7873.39 7651.65 7259.08 6746.42 7351.45 7293.24 7012.28 6457.21 6825.53 8301.93 6473.37 6325.4 6277.22 6661.11 7238.89 9952.81 10818.3 6971.93 9721.17 10106.6 10115.4 10423.9 11009 11618.1 10764.5 11001.6 10283.3 11369.7 10524.7 9757.34 9573.82 10015.7 10843.5 10521.7 10942.7 11155.8 10571.9 10517.6 12273.7 11859.2 10834.3 12205.4 7382.22 7953.92 8733.98 7610.55 7711.37 7584.5 7217.27 7070.58 7188.47 8254.3 7801.88 9621.07 9775.19 7116.29 6609.76 8049.58 9135.61 8899.58 6804.6 8144.49 7865.07 8234.9 7030.69 9562.57 8517.49 8729.1 7670.23 8604.41 8056.03 6139.63 6175.86 6598.35 6227.58 10084.8 10587.3 7141.69 9436.48 10128.5 10921.8 5437.31 8961.45 7950.41 5615.69 10437 8238.99 12671.2 7410.24 9427.25 6522.06 10926.5 7852.52 13402.2 10573.3 16017.2 15795.4 11733.5 8999.27 7717.32 7365.33 7999.54 7711.52 7518.01 7875.18 7894.93 7791.85 7994.88 7757.46 7765.29 7768.89 7634.36 8172.53 6411.46 8376.84 7561.42 6198.59 6285.73 6637.85 7148.62 6071.08 7526.5 7222.63 7598 8738.18 7864.92 7634.4 8274.01 8835 7999.94 7458.48 8071.73 8217.76 7462.84 7743.33 7689.55 7270.97 8080.83 8984.73 8185.56 8576.34 8139.17 6830.79 7878.56 6542.57 7200.6 7116.26 6640.83 7176.91 6449.79 6752.23 6595.42 7194.63 7839.81 7351.83 7630.01 6448.96 7718.84 5778.75 5869.36 6524.6 6440.87 8889.73 8014.06 10822.5 10286.3 10636.6 11070.3 10532.5 10178 11260.5 6363.5 6748.92 8666.3 8888.81 8280.13 9745.08 8250.88 7547.04 6454.97 5503.7 6852.1 7186.42 5818.47 5811.66 5443.67 7089.31 6943.43 5595.37 5960.45 6883.16 7085.55 7070.24 6289.18 6209.48 7239.42 6168.07 6321.02 6173.41 6629.07 8387.34 6945.76 7640.3 7504.18 7112.22 7630.88 6730.51 7718.41 7676.05 6413.94 6625.77 7027 6384.27 6357.12 6921.41 5028.2 6898.81 6837.31 6515.16 6242.91 6894.11 7129.74 8288.26 9023.01 7830.31 8416.99 7066.88 7601.25 8717.03 7732.68 7028.11 7198.13 7242.17 6401.83 6548.14 9396.43 8726.68 
4948.6 6777.06 4950.63 4405.72 5920.32 0 7182.96 6770.81 6955.78 6811.49 6525.37 6058.58 6700.39 6427 6440.13 5651.57 6294.37 7965.73 6153.77 6303.62 5608.78 5319.79 7010.12 9400.09 9948.09 6623.37 8760.34 9495.21 9770.92 9910.76 10886.8 11000.7 10473.3 10873.6 9937.65 10569.2 10367.7 9462.38 9212.49 9539.12 10138 10223.6 10637 10639.1 9871.11 9790.01 11645.9 11145.4 10145.3 11500.9 7269.86 7455.57 8249.69 7075.96 7281.17 7416.91 6713.67 6619.27 6728.37 7787.45 7608.18 8952.92 9067.98 6239.36 6308.82 7953.44 8977.46 7861.3 7720.25 7544.77 8206.54 7989.75 7761.04 7460.35 8260.2 7646.31 7841.89 8730.7 8222.71 4729.26 4792.14 5394.6 4909.33 10777.4 10300.4 7557.78 9601.95 10531 10692 5096.5 8887.17 8092.53 4935.57 9481.17 7431.77 12597.1 6497.02 9668.85 6206.33 10571.7 7457.26 11395.3 10740 16409.4 12735.1 11166.8 9686.75 7188.85 6771.05 7286.11 7242.69 6884.62 7368.56 7386.75 7283.98 7472.63 7183.17 7036.85 7025.42 7228.3 7435.01 6407.95 7917.01 7076.59 5819.39 5670.83 6305.94 6743.14 5877.94 7029.21 6783.5 7160.07 8308.32 7577.25 7492.33 8099.77 8528.25 7783.99 7254.67 7921.81 8036.48 7351.13 7562.15 7537.86 7172.18 7868.82 8683.63 7968.28 8174.47 7990.98 6186.57 7659.97 6062.62 6794.79 5373.56 5946.37 5951.13 5828.92 6148.56 5384.56 6412 7059.69 6496.28 6356.33 5227.43 6591.64 5505.66 5252.67 5921.87 5698.77 7093.06 6893.57 10459.6 9771.72 10061.5 10653.4 10408.9 10040.7 11309.5 5975.51 6312.25 8473.79 8551.58 8062.78 9238.86 7988.38 8012.11 6565.1 5722.13 6230.35 6771.27 5212.76 5228.56 4689.88 7396.39 6555.8 5689.13 6028.83 7056.31 7188.6 7316.64 6601.67 6075.66 7472.69 6140.17 6420.53 6137.04 6606.12 7737.29 7376.1 8006.1 7862.62 6461.26 6993.43 6053.25 7229.7 7382.14 6099.99 5981.5 6413.93 5761.45 6457.61 6952.11 4799.54 6344.88 6241.27 5992.43 5948.45 6789.5 6776.12 7963.18 8825.37 7617.15 8205.13 6446.07 6852.14 8024.11 7322.27 6716.9 7676.49 6914.97 6180.53 6042.09 8672.52 7962.53 
3665.98 3290.05 3878.79 4773.49 7275.5 7182.96 0 5084.6 4544.47 5452.8 3920.48 3459.51 4054.72 4515.9 4635.75 4428.33 3166.64 4642.31 4538.97 3081.53 4569.62 3727.24 5547.46 5654.02 6559.36 5135.14 6980.33 5504.39 8349.27 8571.87 9515.58 9717.55 9150.18 9288.11 8586.36 8965.6 8880.18 8173.31 7985.91 8166.17 8242.9 8756.4 9380.95 8520.75 7894.71 8045.86 9713.36 9279.22 8376.1 9558.44 5893.04 5579.27 6397.49 5766.24 5326.16 5928.94 5189.52 5068.21 5027.24 4541.16 4134.81 6650.22 6539.81 4859.61 4464.27 6626.69 5711.85 8622.91 6637.54 7227.66 8074.56 6227.6 6736.08 7272.02 6005.75 7949.05 7215.15 6739.1 7298.77 4324.33 4607.02 4475.51 3965.27 5842.62 6776.49 4542.03 5247.27 5686.44 8240.18 5803.99 4506.38 4067.2 4842.56 12485.9 3660.68 9706.76 4963.85 4760.92 7373.35 7340.41 4648.36 12277.7 7789.97 12718.9 14384.3 8623.89 7925.61 5745.27 5167.46 5441.56 5834.43 5150.63 5986.22 5627.78 5752.56 5709.86 5396.14 5261.96 5444.27 5347.34 5611.86 4466.95 5160.33 4604.05 4215.33 4242.99 4301.33 5296.47 4572.48 5550.36 5478.12 5976.52 6550.46 6032.46 5998.73 6549.29 6742.9 6213.4 5907.41 6502.34 6492.96 6063.37 6264.54 6159.56 5806.98 6131.42 6831.26 6378.46 6445.03 6514.82 4491.39 4481.9 3240.45 4267.51 5560.18 4446.96 4337.98 4100.03 4476.34 4500.97 4863.38 5690.96 4504.29 5145.66 4335.88 5794.41 2767.96 3777.12 3630.54 3753.22 5713.81 5381.56 5910.34 5660.35 6241.82 6034.17 5570.15 5381.66 6511.84 4490.71 4681.61 3747.51 4349.39 3505.91 4903.81 3721.9 5659.27 3469.7 4291.07 4082.83 3768.59 3514.02 3480.41 3558.95 4899.09 5276.24 4196.19 4106.01 4590.38 4024.22 4159.31 4028.08 4318.58 4747.97 3685.01 4079.61 4069.35 3229.46 3530.83 3676.22 3818.09 3677.36 4496.06 4386.71 3930.12 3285.08 2977.55 2987.27 3365.65 3078.3 4934.2 3304.42 3491.53 4332.07 3255.26 3384.04 3072.5 2797.42 3650.88 3371.76 3278.83 3778.33 3242.01 3278.58 4192.29 3709.35 4772.26 4616.08 5501.55 3964.74 5111.79 3744.44 3209.12 6657.62 6507.68 
4204.48 3803.12 4024.4 4317.24 7523.57 6770.81 5084.6 0 2742.87 3224.49 2955.23 3896.14 3289.48 2156.86 3057.04 2809.79 3683.88 4173.28 3051.95 4795.47 3309.27 3778.51 2918.61 5066.96 5150.98 3461.55 3890.68 5628.24 6575.96 6691.29 7568.88 7785.04 7322.67 7907.72 6884.32 7397.5 7281.17 6439.1 6055.43 6273.05 6433.75 7105.13 7544.41 7552.83 7174.05 7038.55 8617.93 8528.04 7203.14 8805.35 4290.29 4573.68 5297.81 3744.67 4298.28 4459.41 3703.15 3628.63 3587.8 4985.81 4463.79 4693.79 4207.93 5645.34 4587.9 8116.84 5769.66 9536.87 7591.08 8587.64 9460.4 4684.94 7687.15 7973.08 4702.5 8325.23 8103.12 7734.82 8536.25 4578.49 3402.14 4845.31 3950.35 8067.06 7024.57 6270.77 7061.4 7595.87 6485.15 6215.65 6285.2 5173.6 4866.9 14370.6 4071.59 11150.4 7081.33 5681.34 9086.9 8066.61 5681.26 15414 9724.3 14897.9 13959.6 6909.57 9306.03 3653.51 3407.98 4438.67 4049.49 3978.07 4046.56 4404.9 4526.26 4633.86 4204.15 4202.49 4278.7 4212.31 4649.89 3917.14 4746.9 3840 2576.84 2916.51 3280.17 3726.44 3540.98 4043.4 3974.86 3903.22 5319.03 4573.91 4487.58 5072.91 5464.56 4714.05 4254.51 4993.1 5065.95 4298.09 4574.95 4702.88 4215.55 4829.56 5655.39 4962.8 5148.55 4972.51 2739.69 5814.98 3508.54 3755.39 5849.49 2889.31 4953.07 2860.18 3282.5 4176.33 2931.16 3183.5 2486.14 5170.56 4056.95 6796.85 3781.29 3859.46 2283.8 2386.79 6514.52 5131.07 7527.64 6538.39 7321.1 7650.01 7792.61 7456.61 8285.99 5222.54 5844.26 5584.33 5335.9 5673.02 5796.72 5376.62 5434.84 4388.85 4434.36 3503.7 4482.64 2510.66 2531.12 3014.96 6073.19 4328.83 4228.28 5445.38 5517.44 4562.22 4219.99 4151.91 4199.11 4586.85 4357.05 4164.09 3524.48 3795.74 4841.51 5398.94 5612.83 5071.7 2571.11 3251.49 2580.87 4407.39 4908.28 4072.35 3056.54 3192.26 4474.17 4026.06 4527.41 4503.22 3633.84 3405.82 3168.35 3496.38 3643.16 4121.92 4626.65 5756.63 4531.42 4826.55 2642.67 3785.8 3682.43 6674.56 4223.95 5694.38 4060.84 3630.92 4066.83 3935.29 2932.23 
4192.95 3683.78 3774.63 4206.67 7873.39 6955.78 4544.47 2742.87 0 2980.73 3023.35 3668.34 3043.4 2473.1 2927.3 2693.47 3605.94 4354.13 2904.24 4436.68 3115.15 3649.88 3223.07 5505.52 5563.32 3443.2 4624.86 6112.91 6055.25 6357.73 7578.28 7459.76 7232.88 7596.52 6737.66 6542.98 6725.18 6340.84 6279.72 6191.44 5580.53 6817.42 7480.25 6116.22 5699.16 5785.17 7299.98 7207.63 5939.88 7259.19 4272.42 3729.43 4176.83 4042.72 3248.84 4272.21 3393.49 3459.09 3260.07 4335.96 4114.38 4282.41 3954.67 5781.99 4926.22 7962.75 4952.87 9096.88 7077.46 8008.48 8675.51 4206.86 7233.06 7309.4 4441.56 8345.36 7363.52 6797.09 7716.37 4440.84 3558.13 4497.54 3578.84 7276.21 6470.33 5947.91 6491.68 7063.88 7056.49 5414.34 5415.59 4591.99 4154.83 14283.7 4063.28 11764.5 6889.44 5886.08 8915.82 8447.45 5271.65 15287 10077.8 15416.9 13861 7207.57 9488.63 3411.58 3397.5 3726.61 4328.84 3333.01 4259.92 4055.84 3781.2 3976.08 3689.72 3594.75 3706.2 3407.75 3825.81 3912.94 4068.15 3341.33 2980.73 3332.21 3593.79 4185.04 3834.13 3694.65 3852.96 3934.97 4821.09 3982.26 4333.13 4738.84 4747.53 4507.48 4321.4 4437.75 4751.33 4312.64 4314.92 4356.3 4033.94 4052.06 5156.64 4480.5 4260.82 4620.44 2644.29 5924.54 3155.2 3702.09 5876.48 2662.3 5058.97 2723.43 2998.78 4088.53 2782.62 3508.34 2447.85 5236.11 3822.6 6691.97 3684.29 3946.88 2315.29 2168.73 6497.22 5272.39 7178.5 5751.64 6567.55 6846.91 7109.48 6752.61 7766.2 5401.87 5908.88 4555.52 4614.55 4951.77 5116.65 4483.15 5142.74 4629.99 4508.01 3973.74 4333.26 2441.56 2439.74 2920.92 5892.57 4231.52 4559.51 5003.17 5274.91 4184.05 3875.73 3842.6 3935.02 4389.4 3863.89 3688.73 3436.03 3369.25 4893.33 5564.81 5412.76 5232.89 3081.32 3778.34 2590.06 4355.38 4971.11 4007.49 3235.45 3112.88 4205.37 3814.05 4089.99 4480.31 3488.72 3295.57 2959.13 3351.14 3943.22 4245.8 4530.53 5684.56 4480.28 4593.59 3003.21 3819.68 4027.77 6684.9 3827.36 5516.35 3085.82 3961.24 3845.25 3865.8 4052.22 
4725.05 4260.83 4273.05 4665.45 7651.65 6811.49 5452.8 3224.49 2980.73 0 3782.38 4251.07 3464.89 3244.67 2482.57 2329.15 4311.62 4498.68 2873.55 5041.56 2792.09 4393.14 2922.06 6473.57 6490.64 3012.59 4541.47 6928.31 5648.7 5726.18 7176.67 6992.48 6533.42 7411.92 6039.95 5947.27 6568.98 5734.25 5259.76 5738.93 5102.7 6553.71 6839.41 6728 6304.24 6316.3 7914.22 7897.76 6355.45 7982.64 3902.87 3920.16 4537.06 2936.2 3668.59 3972.5 3492.83 3109.61 3285.68 4905.32 4472.16 4923.57 4778.87 6230.89 5043.73 8063.7 5152.85 9285.62 7344.08 8222.42 9117.09 4159.34 7025.62 7040.87 4916.23 8216.27 7719.24 7328.17 8084.47 4749.39 3522.26 5040.9 4123.44 7673.91 6552.46 6216.64 6667.04 7350.78 6970.27 5933.71 6297.83 5139.06 4726.67 14768.6 4580.02 11945.2 7375.95 6597.79 9447.29 7881.93 5697.91 15985.7 10019.7 16743.8 14246.2 7748.98 10385.9 2680.32 3253.04 4016.55 3481.2 3561.34 3357.38 4002.67 3874.48 4121.1 3695.92 3821.11 3972.47 3668.78 4192.83 3758.54 4801.36 3587.62 2680.45 2962.11 3061.73 3046.02 3048.47 3460.92 3267.29 2963 4768.81 3735.6 3851.98 4329.12 4668.07 4014.47 3827.35 3747.03 4162.48 3830.84 3775.05 3502.82 3557.68 3867.71 5116.96 4243.42 4372.2 4232.06 2486.89 6389.86 3449.24 3464.31 6742.29 2587.22 5720.31 2758.84 3072.09 4283.72 2303.48 2582.42 2827.2 5798.38 4275.98 7478.38 4252.59 4166.64 2850.98 2765.54 7173.44 6039.63 7612.3 6422.45 7149.1 7545.53 7737.91 7298.79 8355.92 4886.55 5968.67 5413.83 5320.43 5608.41 5925.59 5181.17 4943.37 4627.83 5091.49 3722.9 5037.83 2800.59 2828.25 3320.73 6233.92 4135.38 4597.12 5234.74 5739.07 4801.15 4377.09 4052.98 4305.46 4964.25 4171.01 4128.65 3500.45 4265.16 4819.5 5646.43 5759.05 5309.89 3783.97 4565.53 2970.21 4938.22 5680.4 4543.2 3342.4 3954.37 4572.21 4238.76 4528.04 4576.9 3962.31 3700.63 3519.46 3898.12 3959.09 5041.31 5320.8 6424.19 5097.73 5350.95 3248.64 3928.07 4603.15 7018.42 3315.52 6091.64 3414.2 4580.47 4617.73 3815.59 4010.38 
3244.62 3189.61 3185.46 3234.71 7259.08 6525.37 3920.48 2955.23 3023.35 3782.38 0 2214.82 1710.24 2331.48 3329.19 2648.04 2161.99 3325.99 3052.83 3639.91 3198.17 2470.55 3616.18 3770.96 4123.68 3675.88 4653.9 3989.21 6485.13 6717.12 7630.56 7720.71 7215.19 7388.01 6699.39 7273.25 7084.79 6244.94 6063.71 6186.35 6570.39 6828.57 7458.34 6964.79 6441.15 6363.88 7977.78 7684 6813.97 8087.97 4147.62 3813.24 4727.53 3973.3 3577.54 4209.44 3505.09 3338.26 3429.36 3526.9 3809.22 4833.8 4153.07 4709.79 4220.3 7625.49 4719.61 9173.28 7168.51 7869.85 8104.66 4715.72 6799.57 7536.65 4590.41 8033.6 7210.08 6307.32 7207.3 3660.26 3302.45 3750.49 3021.21 7007.47 5460.8 5647.95 5897.63 6687.83 5519.88 5480.76 5305.13 4273.02 4153.92 13507.2 3272.43 11147 6445.7 5106.89 8109.59 8327.02 4965.86 13918.2 9235.43 13746.9 12995.9 6807.1 9299.84 4155.54 3296.49 3715.23 4058.41 3344.84 4105.65 4015.08 3955.87 4049.79 3663.14 3596.03 3723.92 3496.21 4008.84 3643.22 3292.05 3428.58 2649.25 2737.24 3423.14 4060.4 3627.55 4033.9 3640.53 4318.3 5127.37 4312.92 4465.31 5138.34 5279.12 4836.7 4194.92 5028.56 5027.15 4311.64 4648.5 4628.81 4270.31 4628.47 5445.24 4780.2 4951.48 4717.92 2594.89 5224.43 2725.62 2914.54 5116.04 2465.62 4232.63 2344.95 2552.41 3259.31 2757.75 3550.05 2624.95 4701.78 3600.08 6302.27 2626.91 3435.14 1855.98 2012.6 5251.97 4543.19 6708.02 5508.94 5930.81 6599.24 6647.95 6372 7553.6 4710.11 4636.57 3924.26 3576.81 4170.88 4066.06 3768.08 5328.45 3995.74 4333.28 3299.42 4177.86 1646.29 1665.15 2063.76 4423.98 4863.58 3321.05 4016.6 4176.58 3760.43 3540.55 3027.45 2779.96 4461.24 2890.98 3363.99 2841.1 3216.17 4087.01 4615.5 4755.44 4251.38 1916.85 2133.25 1428.67 2428.86 3073.84 2865.46 2261.05 1794.68 4330.15 3209.62 3760.38 4001.51 1896.08 1568.63 1906.99 2405.3 2516.68 3710.14 2895.05 3869.32 2655.67 3110.51 2770.31 2792.12 3594.43 5691.55 4188.39 4310.58 3540.59 2812.82 3345.4 4288.63 4298.03 
3025.75 3507.36 2333.39 2684.25 6746.42 6058.58 3459.51 3896.14 3668.34 4251.07 2214.82 0 2283.4 3091.43 3638.73 3045.25 2255.79 3777.95 3408.2 2567.71 3181.11 1798.8 4244.94 4441.38 5358.65 4081.46 5797.33 4425.56 6780.13 7074.84 8062.05 8123.95 7628.81 7749.01 7124.82 7567.58 7356.41 6630.25 6492.89 6679.84 7174.82 7235.17 7827.71 7235.45 6452.82 6482.34 8271.19 7705.52 6961.32 8042.29 4432.98 4096.15 4933.85 4415.32 3844.15 4574.32 3772.64 3666.62 3671.41 3351.5 3601.71 5545.61 5059.24 4265.07 3889.25 6547.49 4271.17 8338.48 6487.98 6861.86 7123.31 4945.22 6057.23 6777.93 5034.12 6876.79 6364.86 6025.1 6403.88 2882.73 2886.35 2979.45 2233.99 6474.8 5401.7 4864.82 5122.41 6304.38 6354.92 4902.57 4502.37 4084.46 3606.41 12681.2 3534.05 10808.7 5596.42 5418.24 7316.89 7924.98 4765.01 12818.8 8838.12 13753.1 12493.5 7060.27 8606.91 4755.34 3930.41 4034.47 4494.33 3612.99 4498.36 4336.39 4156.38 4217.69 3985.87 3844.45 3889.02 3877.12 4130.89 3742 3512.96 3574.08 3121.03 2978.02 3508.95 4438.52 4017.74 4300.08 4023.59 4743.38 5306.64 4503.66 4629.29 5213.27 5442.77 5060.44 4438.16 5285.68 5183.32 4558.01 4782.65 4823.42 4422.65 4830.45 5575.41 4954.82 5113.33 5065.61 3331.87 4594.46 2640.67 3388.18 4750.72 3014.47 3721.64 2702.28 2968.06 2589.24 3528.06 4388.23 3321.05 4138.12 3013.13 5771.82 2161.76 3118.59 2262.95 2372.66 4620.96 3976.51 6493.44 5136.68 5421.06 6404.74 6127.2 5819.9 7217.24 3848.87 3798.15 3822.03 3510.65 3811.43 3925.66 3676.75 5231.46 3654.47 4247.32 3180.61 4361.11 2060.23 2082.39 1534.44 4271.53 4708.86 3107.05 3269.88 4245.45 3718.72 3934.31 3366.61 2908.11 4615.09 2872.37 3395.1 3060.62 3052.85 4270.62 4147.65 4494.3 4223.54 3065.5 2729.13 2194.05 2258.57 2626.6 2803.96 2127.69 1999.07 4057.18 3204.63 3363.38 3265.72 1911.75 1702.66 1907.77 2274.24 2700.23 3761.62 3171.62 3730.3 2733.72 3279.61 3434.75 2623.25 4272.96 4967.13 4099.96 4008.26 3718.28 3045.85 3216.54 5105.9 5310.93 
3194.9 3027.19 3147.81 3346.21 7351.45 6700.39 4054.72 3289.48 3043.4 3464.89 1710.24 2283.4 0 2240.39 3047.93 2273.5 2394.82 3448.25 3098.09 3543.94 3326.14 2468.45 3364.78 3719.36 4522.7 3582.81 4836.09 4251.89 5979.04 6235.01 7153.5 7285.43 6784.89 7033.83 6208.12 6819.48 6561.38 5663.67 5683.73 5757.13 6439.77 6347.02 6925.47 6481.75 5982.48 5784.43 7469.49 7237.24 6323.4 7611.92 3808.1 3194.47 4164.18 3677.57 3046.15 3864.74 3131.55 2929.4 3072.9 3621.78 3408.44 4587.73 4166.68 4864.36 4463.28 7482.58 4366.99 9181.24 7151.52 7546.97 8092.78 4392.78 6915.44 7655.14 4700.21 7938.55 7261.52 6307.1 7065.11 3753.41 3575.74 3716.45 2932.81 6713.92 5520.46 5458.99 5496.88 6495.22 5671.68 5538.77 4997.09 4068.09 4089.51 13422 3366.81 11521.5 6646.38 5348.11 8050.59 8591.94 5242.23 13833.8 9684.77 14079.3 13087.3 7470.32 9377.45 3917.46 3176.96 3332.46 3785.19 2981.41 3779.41 3727.49 3394.27 3665.33 3281.83 3186.37 3400.25 3056.73 3727.84 3638.02 3359.73 2979.48 2581.98 2769.05 3218.76 4109.36 3835.65 3623.61 3180.87 3942.06 4733.53 3851.96 4041.78 4737.3 4813.94 4444.52 3863.99 4572.15 4617.03 3894.31 4158.34 4265.09 3852.68 4079.09 5054.67 4400.6 4347.85 4174.04 2408.05 5210.83 2946.39 3206.96 5200.68 2213.03 4353.37 1971.74 2170.05 3330.75 2537.04 3571.66 2510.08 4818.14 3772.39 6451.25 2636.79 3669.7 1782.36 1673.12 5291.33 4591.24 6482.15 5069.62 5756.85 6360.08 6529.27 6182.03 7222.14 4643.56 4580.73 3563.84 3459.94 3844.79 3945.68 3365.54 5247.59 3814.85 4477.42 3345.04 4331.46 1652.99 1704.11 2146.61 4571.36 4815.69 3417.91 4031.57 4324.35 3506.87 3647.55 3008.02 3058.04 4513.71 2988.17 3266.68 2981.06 3270.43 4153.72 4368.97 4513.95 4036.39 2324.79 2519.32 1284.39 2689.82 3208.29 2858.23 2228.76 2020.32 4589.14 3229.31 3763.97 4037.56 1999.63 1621.89 1833.8 2304.18 2595.29 3821.99 2945.18 4012.97 2854.85 3268.89 3136.9 2666.95 4073.07 5661.65 4072.2 4167.11 3330.94 3079.62 3298 4284.14 4328.08 
3512.11 3104.97 3410.15 3559.87 7293.24 6427 4515.9 2156.86 2473.1 3244.67 2331.48 3091.43 2240.39 0 2707.09 2539.26 2849.31 3933.48 2887.59 4220.33 3236.8 2946.5 2715.51 4155.78 4184.97 3441.77 3724.99 4899.02 6369.85 6565.5 7355.77 7669.4 7097.16 7268.44 6533.93 7196.44 6933.68 6036.7 5895.56 6056.77 6407.25 6706.59 7311.12 6982.57 6551.69 6393.28 8017.83 7811.82 6802.51 8179.21 3923.23 3734.01 4655.9 3692.8 3439.62 4029.63 3269.92 3268.65 3335.31 4462.57 4119.03 4230.38 3592.92 4974.49 4368.14 8038.86 5203.55 9522.52 7698.38 8473.64 9088.26 4497.23 7495.34 7801.81 4376.91 8510.01 8108.39 7156.23 8179.22 4005.05 2995.18 4035.61 3262.3 7696.89 6581.44 5926.96 6600.33 7457.56 6233.63 5756.85 5911.21 5009.87 4469.4 13694.7 3738.23 11163.9 6548.92 5218.42 8366.59 8535.04 5333.98 14614.4 9912.23 14267 13216.1 6961.19 9263.38 3453.1 2933.47 3714.9 3914.7 3258.03 3956.78 3912.64 3853.96 3990.5 3666.71 3596.83 3736.23 3410.42 4075.98 3827.12 4014.88 3297.03 2579 2893.93 3230.36 3953.15 3418.28 3729.01 3361.25 3958.45 4974.76 4161.21 4199.9 4880.97 5048 4583.04 4012.59 4891.84 4783.99 4046.96 4353.53 4430.84 3996.7 4432.74 5254.43 4582.58 4755.65 4572.78 2271.24 5271.9 2969.84 3292.15 5245.06 2306 4660.38 2192.87 2495.82 3706.18 2662.34 3268.09 2056.26 4762.41 3675.64 5752.78 3037.92 3294.18 1614.21 1651.74 5877.36 4585.82 7215.46 5997.02 6848.13 7313.02 7375.49 7033.21 7991.94 4897.89 5365.81 4766.96 4469.52 4987.75 5059.65 4612.19 5411.59 4138.36 4142.84 3533.52 3969.23 1749.79 1782.53 2248.22 5456.17 4234.45 3764.82 4702.8 4807.9 4037.15 3660.79 3567.31 3623.79 4079.42 3543.52 3757.74 2927.98 3298.79 4553.17 4953.16 5227.41 4710.35 1629.55 2459.57 1772.03 3483.17 4027.93 3321.97 2579.52 2405.3 4321.25 3606.34 4190.6 4162.57 2786.63 2371.56 2445.6 2761.73 3150.34 3713.86 3902.67 4972.94 3721.33 4225.88 2746.58 3596.62 3315.02 6377.31 4229.87 4879.55 3599.08 2941.94 3381.07 3880.22 3249.7 
4060.39 3451.04 3452.38 3867.83 7012.28 6440.13 4635.75 3057.04 2927.3 2482.57 3329.19 3638.73 3047.93 2707.09 0 1914.22 3650.37 4575.23 2270.04 4239.62 2649.59 3719.26 2694.96 5886.26 6185.74 2697.51 4418.58 6320.44 4940.71 5096 6102.92 6456.64 5634.34 6081.62 5007.3 5636.93 5538.73 4800.29 4322.84 4831.16 4691.54 5536.63 5931.7 5600.03 5332.03 5260.24 6817.89 6810.7 5368.42 6914.1 2541.65 2656.97 3456.28 2164.79 2410.7 2575.84 1893.54 1921.07 1734.29 4422.55 3848.56 4121.1 4430.13 5692.96 4892.5 7761.84 4815.54 9085.81 7266.6 7982.29 8865.26 2947.6 6994.47 7001.25 4617.14 8074.76 7631.99 7287.81 8041.23 3930.14 3241.16 4251 3397.67 7438.18 6749.95 5506.18 6375.75 6978.35 6757.98 5465.78 5715.53 4845.03 4198.01 13935 4320.43 12206.3 6756.2 6429.55 8624.85 8599.97 5755.97 15284.9 9821.96 16251.2 13418.9 8118.14 10305.8 2108.37 1782.98 2655.38 2454.96 2196.23 2536.5 2554.8 2564.34 2715.39 2357.92 2443.86 2496.81 2432.18 2959.87 3515.21 4619.51 2990.42 2304.57 2822.56 2597.88 3548.09 3102.66 2094.09 2005.34 2369.02 3444.32 2603 2529.61 3137.63 3498.37 2729.14 2473.14 3095.96 3080.57 2543.6 2570.77 2596.56 2318.75 2811.18 3575.8 2918.72 3180.59 3112.16 1690.75 5970.18 2979.59 3421.6 6183.16 1626.68 5176.98 1397.75 1592.18 3692.55 2021.46 2676.51 2387.52 5075.78 3619.82 7249.94 3422.33 3659.79 2162.22 1961.53 6720.94 5300.47 6915.48 5804.76 6720.83 6981.98 7028.67 6714.94 7717.95 4590.91 5343.11 5002.41 4966.2 5205.04 5543.99 4860.31 4628.77 4099.71 4398.53 3543.12 4462.71 1951.64 2015.66 2478.53 5901.49 4127.53 4077.76 4677.87 5328.07 4549.72 3890.73 3710.69 4051.55 4632.65 3763.13 3870.15 2983.63 3487.04 4683.45 4826.55 4899.71 4687.63 3192.93 4025.34 2441.22 4266.53 5086.67 3742.22 2923.71 3298.22 4385.76 3462.81 3762.45 3744.4 3220.55 2963.49 2676.15 3062.09 3565.55 4393.96 4830.3 5940.99 4685.1 4918.24 3126.01 3442.35 4516.23 6592.36 3399.03 5335.78 3122.62 3968.1 4001.69 3828.14 3637.35 
3252.78 2981.29 2878.18 3198.15 6457.21 5651.57 4428.33 2809.79 2693.47 2329.15 2648.04 3045.25 2273.5 2539.26 1914.22 0 2931.29 3961.17 2174.36 3608.79 2122.78 3021.79 2330.49 5279.97 5861.99 2553.24 4318.41 5683.45 4788.97 4794.43 6017.43 5839.67 5500.72 6030.95 4975.7 5495.39 5494.51 4567.71 4431.1 4579.95 5231.54 5220 5712.8 5601.18 5144.87 5087.63 6679.67 6517.83 5467.03 6803.56 2568.71 2534.61 3335.25 2336.84 2246.63 2706.11 2196.35 1981.76 2172.41 3942.47 3547.27 4172.15 4413.32 5320.44 4631.07 7407.97 4472.37 8484.24 6940.62 7626.94 8497.68 3272.34 6570.48 7024.04 4768.87 7612.92 7452.39 6903.6 7451.75 3457.23 2728.18 3464.63 2624.58 7103.49 6146.28 5372.31 6026.6 6559.03 6400.3 4939.53 5262.64 4042.26 3655.76 13256 3797.57 12081.6 6793.57 6249.52 7865.06 8388.67 5348.33 14494.2 9979.92 15788.3 12674.4 8153.57 9901.37 2492.7 2093.03 2444.65 2594.32 2138.52 2588.69 2681.97 2726.36 2931.96 2527.58 2449.59 2617.44 2269.72 2854.11 2998.15 4023.66 2933.56 1632.91 2025.96 2297.47 2967.66 2844.45 2351.95 2058.62 2286.98 3816.99 2929.12 2974.89 3519.62 3858.78 3211.19 2793.23 3213.51 3450.78 2804.12 2924.98 2894.47 2483.52 3121.39 4213.14 3377.18 3428.23 3313.3 1635.71 5899.66 2607.93 3136.24 5436.78 1282.93 4806.01 1213.34 1369.26 3141.33 1643.5 2460.81 2452.73 4664.82 3219.06 6916.08 2697.82 3444.7 1935.84 1399.78 5918.98 4842.72 6701.28 5403.19 6239.08 6595.69 6760.01 6421 7347.83 4253.38 4917.22 4215.73 4300.65 4415.69 4783.96 4019.95 4378.21 3158.92 3804.43 2824.07 4027.1 1242.89 1280.99 1750.03 5282.37 4042.85 3407.56 4056.96 4905.25 3824.26 3582.51 3073.34 3299.85 4310.33 3073.73 3235.09 2719.79 3178.6 3997.02 4281.82 4610.55 3885.14 2697.97 3449.34 1661.74 3517.02 4335.62 2936.69 2136.39 2721.47 3806.1 2956.66 3570.45 3529.75 2493.89 2357.78 1995.63 2333.28 2896.31 3951.25 4156.62 5289.82 3904.36 4301.73 2689.93 3082.02 4346.57 6253.99 2786.97 4590.24 2646.91 3386.09 3565.39 3848.25 3457.85 
2918.92 2851.47 2783.84 3317.2 6825.53 6294.37 3166.64 3683.88 3605.94 4311.62 2161.99 2255.79 2394.82 2849.31 3650.37 2931.29 0 3355.79 3398.38 2887.56 3374.39 2227.34 3935.98 4332.65 5113.9 4026.28 5442.47 4476.78 6938.09 7185.45 8059.36 8181.47 7705.66 7814.99 7140.88 7782.82 7495.39 6625.24 6513.64 6629.82 7199.97 7246.91 7872.14 7537.36 6896.74 6859.84 8520.34 8139.08 7300.87 8535.34 4432.76 4268.93 5128.08 4364.81 4010.82 4581.19 3801.82 3724.91 3771.18 3352.73 3435.56 5694.91 5338.2 4463.19 4120.59 7019.52 4723.74 8662.94 6833.51 7361.73 7726.9 5149.89 6436.72 7288.9 5168.56 7729.73 6937.39 5976.47 6821.2 3312.44 3392.66 3518.97 2898.47 6184.72 5818.25 4797.91 5115.27 6149.93 6610.05 5396.86 4730.58 4090.18 4320.33 12616.3 3157.13 10574.6 5792.2 4708.23 7314.98 7867.62 4709.69 12736.8 8407.06 13394 13097.3 7446.74 8639.1 4612.75 3707.51 4179.15 4498.49 3807.2 4489.97 4396.36 4405.32 4578.85 4184.04 4101.29 4234.55 4004.59 4502.82 3450.88 3611.13 3622.2 2707.97 2636.03 3301.97 4010.58 3253.58 4321.53 3969.67 4674.53 5500.82 4629.71 4682.58 5388.37 5669.98 5035.64 4428.87 5368.07 5263.51 4615.32 4853.05 4903.09 4473.36 4981.95 5758.81 5057.4 5323.42 5086.5 3157.66 4715.25 2626.05 2924.82 4689.56 2865.21 3834.72 2684.46 2923.92 3288.43 3344.68 4224.99 3283.41 4412.25 3361.49 5807.07 1905.08 3259.59 2339.21 2088.31 4759.63 4533.43 6261.47 5156.22 5553.54 6303.29 5989.32 5775.04 7052.37 3852.63 3945.46 3588.3 3547.25 3514.48 4182.53 3430.71 4926.38 3252.33 3472.8 2955.06 3487.52 1959.79 1949.5 2138.02 4122.14 4614.19 2927.18 3190.14 3936.14 3501.49 3571.15 2893.7 2988.87 4172.63 2577.88 3290.95 2750.97 2705.13 3865.18 3743.68 4079.69 3763.13 2803.44 2828.33 2142.31 1990.26 2682.88 2346.04 2140.86 1629.33 4137.58 2838.08 3271.01 3354.08 1871.7 1771.03 1938.86 2044.84 2433.79 3095.45 2749.72 3416.79 2386.28 2798.82 2940.99 2672.93 3766.83 5098.6 4256.96 3446.2 3892.55 2782.43 2868.9 5168.65 5104.25 
5142.09 4138.69 5068.36 5399.41 8301.93 7965.73 4642.31 4173.28 4354.13 4498.68 3325.99 3777.95 3448.25 3933.48 4575.23 3961.17 3355.79 0 3973.47 4619.29 4266.74 4169.58 4413.42 4928.17 5643.1 4567.73 6139.87 5068.86 7878.63 8103.31 8797.72 9220.99 8641.57 8709.99 7912.43 8919.51 8184.83 7604.6 7409.32 7483.92 8109.24 8231.03 8689.74 8781.7 8420.61 8309.6 9910.68 9680.15 8550.1 10063.5 5338.13 5622.76 6341.6 5439.48 5326.49 5387.84 4947.57 4765.28 4966.7 4450.81 4414.46 6479.78 5655.35 5882.01 4425.73 7562.39 4932.98 9504.25 7735.19 8274.27 8646.22 6091.69 7052.31 8033.11 6104.42 8460.81 7771.24 7122.29 7614.36 5459.92 4671.3 5627.43 4875.89 7017.11 5502.52 6022.47 5798.13 6284.27 6230.32 7472.93 5822.92 4943.14 6258.58 14907.7 3520.16 10467.2 6994.1 4685.12 9663.14 7716.83 5917.12 14675.3 8808.6 13928.5 15237.3 7071.9 9057.51 4794.2 4893.21 5674.44 5806.91 5271.9 5453.57 5550.15 5719.11 5960.27 5539.33 5596.63 5660.4 5395.58 6076.83 4944.47 4718.66 4479.01 3779.7 3969.48 4144.07 4403.49 4429.27 5236.46 4875.21 4991.84 6398.87 5458.58 5280.42 5788.39 6497.42 5599.39 5024.81 5676.15 5724.98 5174.56 5351.9 5211.39 4985.02 5745.84 6737.9 5916.53 6188.75 5698.43 4066.52 5279.68 3928.62 3455.82 6481.26 4095.43 5150.01 4310.13 4547.36 5159.03 4195.09 4491.89 4126.39 6337.09 5213.18 7296.66 4257.79 5230.79 3582.01 3824.02 5987.15 6355.74 7270.74 6125.06 6797.97 7271.32 7161.96 6871.48 7943.13 5319.44 5379.12 4673.45 4171.51 4892.35 4684.85 4773.85 5498.14 4479.38 5509.46 4049.18 5026.45 3776.61 3736.87 4269.34 5327.32 5256.17 4660.69 4958.87 5581.28 5081.78 4576.56 4532.42 4562.86 5711.75 4659.3 4878.25 4201.18 4637.73 4608.96 4781.78 5284.95 4222.34 4034.13 4177.02 3521.01 3356.57 3785.07 4205.89 3557.63 3551.87 5824.6 4562.13 4854.92 5273.28 3362.74 3339.36 3385.8 3792.27 2970.16 4576.68 3535.84 4271.02 3653.52 3840.8 3883.13 3487.12 4547.69 5543.79 5256.96 5200.6 5032.38 4493.34 4508.52 5002.75 5433.17 
3718.11 3218.9 3167.12 3498.56 6473.37 6153.77 4538.97 3051.95 2904.24 2873.55 3052.83 3408.2 3098.09 2887.59 2270.04 2174.36 3398.38 3973.47 0 3932.39 2286.89 3435.86 2666.81 5781.58 6496.09 1954.95 5562.22 6154.32 5649.3 6054.02 6481.45 7358.77 6285.47 6268.99 5707.5 6910.72 5847.05 5369.52 5144.4 5583.58 5875.49 6101.26 6492.12 6327.11 5957.98 6041.23 7583.29 7530.14 6035.99 7617.81 2814 3476.22 4094.04 3425.53 3173.27 2729.81 2552.46 2415.01 2206.48 4078.65 2975.31 4299.84 4706.97 5567.8 4687.19 6732.36 4039.89 7875.73 6566.82 6907.8 7892.56 3160.23 6137.4 6477.24 3850.7 7020.03 7277.07 6456.68 7085.2 3724.08 2811.42 3930.15 3064.76 6842.98 5600.37 4622.01 5461.85 6003.73 5993.48 4888.84 5074.37 4082.85 3727.39 13604.9 4420.92 12199.1 6586.59 6150.42 8295.03 8297.82 5992.32 14946.9 9158.43 16104.7 13115.3 7304.56 9778.09 2993.77 3040.37 3463.98 3395.82 2974.47 3424.23 3023.56 3231.69 3399.4 3152.85 3228.82 3249.72 3109.73 3563.93 2887.21 4194.77 2409.74 2061.24 2564.34 2494.82 3388.34 2909.71 2530.19 2604.67 3163.55 3558.35 2462.23 2506.8 2726.84 3465.64 2766.3 2284.48 3014.03 2804.84 2484.7 2652.67 2681.32 2401.31 2780.49 3671.28 2784.8 3349.69 2977.1 2264.77 5862.48 2970.08 3144.84 5789.02 2131.37 4992.57 2118.28 2474.78 3273.43 2770.86 3405.18 2792.3 4958.68 3424.74 7188.1 3100.2 3665.06 1961.21 1908.82 6391.83 5026 6257.37 5344.57 6071.71 6229.09 6413.88 6072.88 6978.1 4373.89 4744.89 4734.62 4815.56 4925.03 5288.09 4503.45 3413.74 3758.99 3854.46 3296.71 4451.22 1652.06 1687.25 2148.72 5506.24 3581.98 3674.68 4166.98 5078.84 4126.5 3787.7 2987.1 3598.13 4255.51 3454.81 3355.86 2624.09 3371.44 4734.03 4009.53 4402.16 3787.65 3102.12 3828.7 2472.59 3922.82 4777.23 3419.16 2934.64 3111.85 4382.78 3115.88 3269.07 3081.24 2884.65 2734.25 2369.05 2718.73 2887.03 4249.48 4563.69 5744.25 4402.3 4595.49 3243.51 3387.19 4792.36 6573.01 2403.37 4998.08 2208.79 3769.84 3939.08 4142.02 4220.22 
3400.31 2503.15 2330.13 3416.49 6325.4 6303.62 3081.53 4795.47 4436.68 5041.56 3639.91 2567.71 3543.94 4220.33 4239.62 3608.79 2887.56 4619.29 3932.39 0 3770.75 2888.24 5085.95 5679.93 6992.03 4638.08 6857.65 5856.25 7390.03 7749.34 8721.69 8762.8 8269.68 8388.86 7765.89 8142.25 8062.36 7260.05 7159.96 7344.83 7724.69 7882.04 8469.44 7808 6993.72 7092.17 8826.13 8301.56 7516.87 8619.42 5047.23 4736.93 5523.19 4949.57 4395.44 5115.1 4277.23 4264.56 4197.63 4082.78 3797.91 6278.9 6410.47 4322.35 4453.82 6735.26 5564.33 7476 7118.47 6960.91 7958.47 5525 7119.35 6293.08 5845.14 7605.45 7520.52 6390.61 7188.68 2869.98 3683.32 3190.46 2606.64 5691.86 6961.4 3826.9 5285.96 5548.77 8104.78 5041 3862.03 3583.4 4044.94 11251.7 4251.83 10213.3 5167.47 4973.81 6136.33 7053.17 4176.87 11587.5 8236.23 13271 13048.2 8762.41 8099.86 5356.05 4484.55 4584.52 5066.36 4244.95 5134.4 4877.66 4744.66 4894.46 4635.24 4430.87 4518.49 4484.26 4721.01 3284.27 4777.71 4044.86 3386.97 3467.06 3782.42 4526.19 3932.71 4814.11 4621.71 5336.43 5828.43 5041.16 5171.09 5768.06 5982.49 5527.67 4935.61 5763.61 5682.11 5137.06 5312.5 5333.88 4921.38 5338.69 6086.37 5507.73 5655.65 5624.08 3999.33 4795.95 2507.16 4301.24 4807.33 3751.36 3914.59 3256.99 3469.59 3364.14 4390.56 5342.67 4263.96 4363.59 3211.36 5688.39 1951.82 3208.89 3264.95 3066.18 5218.1 4714.45 5923.66 5747.1 6442.72 6202.75 5468.94 5301.27 6181.57 3554.15 3704.4 3791.86 4326.96 3313.54 5137.68 3642.76 4817.43 2415.07 3409.89 3760.45 2851.53 2544.16 2529.89 2103.44 4125.17 5005.46 3288.95 3540.03 3642.84 2760.53 2983.72 3020.28 3492.36 3509.71 3020.97 3037.28 3193.54 2584.11 3768.3 2961.1 3220.82 3460.09 4018.28 4245.24 3348.26 3236.96 3011.92 2293.8 3178.59 2953.52 4398.38 2260.5 2384.51 3188.34 2874.91 3020.02 2360.21 2097.98 3758.96 3246.38 3516.49 4026.35 3154.16 3452.52 3945.14 3508.39 5054.06 5052.29 4715.34 2691 4280.47 3062.59 2732.6 6556.92 6180.55 
