242 242
0 1841.38 2900.04 3477.34 5298.76 5699.11 3665.98 4204.48 3025.75 3194.9 3512.11 2666.2 3718.11 3400.31 3450.93 2869.29 4525.44 5735.59 4202.19 6161.16 7358.82 8208.73 7839.24 7955.2 7692.1 7239.87 6697.01 6882.36 7446.91 8055.87 7712.08 7041.55 8701.71 8279.01 7500.39 5428.62 4235.26 4762.7 4886.8 3988.44 3946.47 4019.17 4638.95 5288.3 7440.23 6032.46 6061.82 4874.34 4580.98 4503.21 6392.95 7204.68 5871.21 8288.34 7245.26 8160.32 5253.02 6018.55 7510.37 5378.18 5465.07 5789.53 6541.62 5237.49 5321.3 4042.11 3963.71 3027.18 3651.4 3454.29 3016 7394.92 6354.64 6334.22 7380.1 7736.31 5528.48 4286.54 4823.38 3662.74 10972.8 4464.32 10933.8 5734.02 7198.86 6353.9 5701.84 7785.9 8825.58 5043.44 8735.59 5664.02 12992 7282 8539.24 4947.39 4049.37 3918.75 4389.46 4595.88 3977.31 4660.42 4566.15 4612.47 4390.04 4312.91 4340.88 4651.05 3665.67 4163.97 3099.52 3223.19 3719.3 2327.59 4498 3361.75 4551.3 3706.27 4938.35 5736.9 4907.18 4663.29 4724.33 5905.7 5125.43 4732.75 5630.25 4804.36 5090.97 5178.05 5350.92 5274.29 6040.77 5557.43 5376.72 5062 5423.28 5321.66 4025.54 4478.21 3374.59 4153.09 2922.68 3175.24 3284.28 2932.32 4843.5 4722.02 3507.81 5582.26 3235.88 3095.29 3050.75 3949.4 2460.37 3143.13 2661.06 2551.85 2733.25 2961.56 2277.09 2594.13 5649.89 4470.86 7256.78 6479.28 6850.86 7414.78 7451.22 7079.56 6777.09 7889.85 7389.39 4119.04 4398.66 5380.25 5950.8 4922.95 4954.13 4551.51 5697.64 5546.44 5509.78 3740.25 3696.65 3196.09 3542.8 4392.33 4651.02 2970.19 3812.12 3172.25 3059.43 3030.38 2560 3035.46 3065.8 3381.48 4861.82 4253.15 4379.67 4727.79 4601.63 4566.97 5318.46 3558.88 2781.97 3646.19 3727.56 2790.12 2853.48 3131.83 2826.77 3590.49 3138.63 3703.41 2776.02 2622.28 2476.22 6028.24 5684.08 2759.31 2619.22 4178.55 3682.53 3598.54 3884.4 5062.59 5674.86 4478.9 4457.99 4278.6 4197.76 3982.12 4051.24 2979.55 2880.58 3998.75 4176.17 5349.85 6063.86 5502.79 
1841.38 0 2284.65 2705.43 5435.55 5509.32 3372.7 3816.31 2463.07 2839.11 3187.16 2345.7 3073.81 2881.03 2856.08 2487.91 4054.42 5498.48 3671.31 5781.65 6672.24 7529.17 7132 7325.58 6977.19 6588.8 6002.91 6215.41 6737.05 7394.59 6957.38 6300.91 7975.21 7472.75 6784.93 4605.64 3540.16 4109.19 4238.93 3401.22 3295.58 3330.44 4071.06 4596.96 6830.95 5392.35 5426.32 4353.75 4313.05 4193.55 5822.53 6717.69 5262.5 7833.81 6709.15 8148.62 4592.24 5911.52 7020.98 4776.89 5021.52 5706.01 6816.59 4879.79 4565.67 3694.35 3766.02 2454.85 2872.36 2826.79 2195.9 7258.44 6338.88 5903.55 6973.15 7190.68 5029.06 4036.16 4398.95 2803.94 11429.6 4200.45 10996 5449.7 6894.48 6209.9 6184.84 7348.28 8772.74 4629.33 8670.41 5639.39 12151.3 7104.76 8776.2 4454.56 3518.21 3210.34 3630.82 4057.95 3276.86 4147.75 3900.3 3966.17 3672.56 3610.13 3608.6 3900.8 3384.25 3740.57 2652.73 2733.82 3284.61 1990.43 4169.13 3111.38 3977.4 3062.43 4321.33 5043.05 4245.92 4046.78 4005.31 5201.42 4549.15 4128.75 4959.07 4103.88 4487.21 4515.62 4647.73 4588.78 5239.6 4838.5 4717.03 4358.29 4730.42 5096.32 3875.07 4338.61 2684.92 3777.29 2284.9 2580.83 2629.4 2315.84 4205.37 4302.47 2898.2 5463.67 2654.66 2572.81 2663.78 3188.25 1929.44 2763.04 2308.61 2093.43 2133.17 2486.22 1768.34 2117.82 5257.12 4148.35 6943.94 5985.18 6417.56 6963.51 7043.72 6680.21 6403.75 7552.5 7089.58 3893.87 4030.83 5099.47 5669.24 4707.2 4625.31 4354.43 5288.74 5196.47 4918.01 3530.27 3389.44 3037.14 3180.03 3904.84 4218.2 2783.53 3494.06 2783.79 2629.67 2884.86 2295.55 2739.35 2720.28 3078.45 4524.16 4120.32 4175.69 4519.81 4317.96 4358.09 4918.47 3224.96 2286.69 3335.69 3568.92 2639.03 2670.41 2829.66 2461.76 3274.11 2946.15 3331.06 2345.09 2161.27 2200.92 5480.68 5653.16 2429.37 2130.38 3751.08 3336.96 3294.2 3546.14 4837.68 5535.47 4148.69 3807.9 4081.58 3490.29 3735.74 3857.97 2714.16 2873.66 3368.21 3932.32 4811.98 5504.4 5059.28 
2900.04 2284.65 0 2388.03 6052.85 5116.9 3878.79 4024.4 2333.39 3147.81 3410.15 2672.47 3167.12 2330.13 3065.44 1863.89 4278.66 5786.02 3803.81 6054.07 7035.47 8003.09 7570.08 7460.05 7323.9 7023.4 6421.44 6625.31 7150.51 7764.2 7138.2 6203.09 8140.34 7584.95 6738.53 4886.53 3730.63 4340.61 4483.07 3533.09 3411.36 3421.05 4296.91 4904.71 6952.26 5492.7 5742.73 4579.94 3919.29 4404.09 6093.04 7163.09 5565.34 7091.81 7189.59 9286.28 4791.52 7057.95 7604.5 5062.79 5235.75 6723.65 7669.7 4138.62 4061.58 3718.33 3726.65 1884.44 2269.64 2247.22 1456.72 7058.74 6962.32 6055.77 6810 7719.27 4897.76 4161.87 4318.99 3176.52 10977.6 4397.55 11696.4 5391.35 7266.45 6175.95 6125.57 7668.05 8098.7 5042.36 9541.25 6200.35 11136.6 7320.43 8912.52 4549.39 3678.85 3554.78 3863.64 4277.32 3551.38 4302.65 4095.92 4019.8 3848.75 3649.16 3894.52 3923.73 3319.71 3617.97 2739.06 2831.04 3204.87 2325.29 3977.95 3264.7 4028.23 3404.66 4561.3 5003.66 4351.31 4207.05 4185.85 5208.45 4675.17 4225.66 5091.51 4411.53 4606.54 4634.81 4666.97 4601.26 5351.52 4963.71 4771.56 4596.6 4924.22 5385.75 4079.56 3713.56 2960.78 3634.21 2485.97 2736.8 2377.18 2592.23 4607.87 3338.95 2357.32 5555.88 2694.77 2723.08 2622.86 3428.25 2203.67 2707.17 2597.96 2539.66 2390.59 2730.6 1834.24 2305.6 4589.08 3667.86 6691.85 6001.63 6457.46 6850.55 6933.59 6442.65 6185.81 7317.91 6849.05 3558.44 4001.92 5040.28 5565.37 4558.46 4684.45 4285.1 5328.82 5060.04 4811.64 3261.43 3209.41 3518.22 3471.81 4510.26 3986.38 3616.43 3405.21 3789.52 3117.43 2991.47 3198.37 2847.59 3588.18 3731.06 4460.74 4012.41 3790.43 4389.06 4228.95 4177.07 4905.57 3588.96 2622.83 3349.34 3724.21 2676.04 2863.05 3196.77 2783.33 3931.74 2682.34 3032.04 2716.05 2276.4 2067.23 5240.45 6139.98 2223.07 2178.2 3775.71 3588.72 3479.74 3659.21 4645.19 5646.55 4526.89 3961.39 4091.27 3573.33 3912.01 3802.68 2897.26 3126.14 3803.55 4228.19 4983.67 5879.96 5379.99 
3477.34 2705.43 2388.03 0 6479.14 4663.44 4773.49 4317.24 2684.25 3346.21 3559.87 2950.48 3498.56 3416.49 3331.92 2469.37 4614.32 5927.1 4119.7 6207.28 7373.77 8262.42 7851.8 7866.97 7662.11 7287.44 6651.89 6884.26 7462.38 8053.11 7525.07 6692.08 8551.79 8027.17 7201.05 5270.53 4112.25 4663.3 4776.8 3869.27 3788.98 3742.74 4535.7 5166.89 7239.77 5890.66 5949.42 4704.39 4934.57 4621.39 6388.25 6753.5 5800.69 7480.06 6333.42 9388.16 5119.49 7154.74 6903.33 5439.13 5437.2 7353.15 8340.52 4985.89 4571.73 4633.96 4323.15 2786.72 3036.19 3196.26 2269.36 7932.6 7875.91 6560.07 7584.67 7669.29 5561.44 5039.76 5161.63 3234.24 11051.4 4914.23 12218.4 5851.79 7400.12 6913.55 6836.16 7850.05 9156.28 5833.06 10301.4 6785.05 11126.6 7583.33 9627.87 4877.1 3975.23 3823.78 4240.45 4554.16 3781.22 4592.63 4464.18 4395.77 4190.38 4037.39 4141.81 4307.28 4123.46 4102.04 3133.03 3164.4 3844.81 2823.44 4664.82 4025.65 4396 3685.19 4855.16 5449.86 4681.66 4536.4 4555.2 5648.05 5012.68 4532.99 5493.34 4696.66 4973.24 5014.22 5113.06 5013.76 5756.08 5359.25 5147.71 4881.49 5182.74 5724.44 4401.67 4625.81 3194.28 4356.32 2751.02 3034.05 2790.5 2742.24 4761.32 4339.56 3151.45 6185.47 3016.57 2907.51 3194.69 3866.21 2440.97 3291.5 2787.87 2698.7 2656.7 2914.14 2123.92 2606.51 5437.69 4526.22 7380.87 6345.26 6738.23 7463.21 7323.51 7170.11 6841.88 8039.04 7733.57 4491.91 4076.09 5600.82 6141.25 5154.89 5079.61 4989.89 5724.68 5576.66 5587.36 4087.34 4081.53 4380.73 3836.32 5142.56 4880.84 4278.42 4335.32 4189.76 3622.41 3836.38 3785.81 3510.87 3995.21 4351.09 5096.53 4956.64 4719.7 5275.66 4778.6 5042.42 5342.84 3650.95 2851.66 3732.62 4252.89 3478.14 3141.15 3457.87 3025.42 4250.52 3553.89 4072.84 2842.9 2693.43 2829.5 5498.21 6615.09 2947.43 2778.96 4250.21 3860.97 3778.58 3888.91 5397.64 5670.96 4752.99 4333 4896.23 3970.57 4204.33 4634.8 3485.27 3965.67 3954.79 4504.21 5318.35 6074.26 5603.44 
5298.76 5435.55 6052.85 6479.14 0 7435.09 7275.5 7523.57 6746.42 7351.45 7293.24 6897.16 6473.37 6325.4 6277.22 6661.11 7238.89 9952.81 6971.93 9721.17 10423.9 11009 10764.5 11369.7 10524.7 10407.4 9573.82 10015.7 10521.7 10942.7 11155.8 10571.9 12273.7 11859.2 10834.3 8733.98 7711.37 7584.5 7614.75 7217.27 7070.58 7188.47 8254.3 9109.77 10591.7 9621.07 9775.19 8354.72 7116.29 6609.76 9556.87 8049.58 9135.61 8899.58 8144.49 8016.73 8234.9 7030.69 8498.52 8517.49 9326.28 8604.41 7718.84 6773.21 7523.51 6842.87 7020.65 6139.63 6175.86 6598.35 6227.58 10084.8 8373.75 9436.48 10128.5 10921.8 8961.45 7238.1 7950.41 5615.69 10437 8238.99 12671.2 7410.24 10659.2 9427.25 6522.06 10536.8 10926.5 7852.52 10573.3 8166.54 15795.4 10897.7 8999.27 7717.32 7365.33 7493.3 7999.54 7711.52 7518.01 7875.18 7894.93 7791.85 7757.46 7765.29 7765.52 8172.53 6411.46 7561.42 6198.59 6285.73 6637.85 6100.21 7148.62 6071.08 7526.5 7020.41 7598 8738.18 7864.92 7642.49 7492.56 8835 7768.1 7458.48 8071.73 7462.84 7743.33 7689.55 8192.24 8080.83 8984.73 8533.23 8185.56 7691.47 8139.17 7878.56 7200.6 7116.26 6640.83 7176.91 6449.79 6752.23 6595.42 6536.37 7839.81 7630.01 6448.96 7718.84 6865.69 6582.46 6621.85 7144.95 6108.79 5869.36 6524.6 6272.37 6259.2 6429.95 5999.33 6440.87 8889.73 8014.06 10822.5 10286.3 10636.6 11070.3 10751.6 10532.5 10178 11260.5 9361.89 6363.5 6748.92 9323.19 9968.62 8666.3 8888.81 8280.13 9745.08 9449.14 7547.04 7108.49 6454.97 5503.7 6852.1 6943.43 7076.99 5960.45 7085.55 5977.55 6209.48 6321.02 5405.24 6173.41 5176.79 6234.48 8387.34 6945.76 7309.34 7640.3 7786.87 7504.18 9121.23 7630.88 6730.51 7718.41 7676.05 6413.94 6625.77 6873.41 7027 6384.27 6357.12 6921.41 6837.31 6515.16 6242.91 8928.99 8962.11 5934.54 6149.24 7731.19 6820.09 7066.88 7601.25 8717.03 7732.68 8098.52 7028.11 7198.13 7242.17 7972.29 7523.92 6401.83 6548.14 7220.38 7289.6 8074.07 9396.43 8726.68 
5699.11 5509.32 5116.9 4663.44 7435.09 0 7041.73 6808.41 6453.89 6971.62 6276.65 6441.09 6979.81 6388.07 6652.02 5528.05 7378.67 9153.91 7496.77 8337.85 10836.7 11754.1 11454.9 11179 11341.6 10727.8 10150.7 10318.5 11074.8 11668.5 11244.7 10404.6 12228 11646.9 10909.5 8978.18 7780.82 8400.25 8513.23 7573.43 7498.71 7517.26 8287.42 8368.35 11171.7 9068.7 8816.19 8788.28 6492.97 6702.29 10317 8593.68 9742.71 8248.96 8353.05 10915 8885.35 9287.28 8483.12 8471.59 9133.05 9641.22 9212.09 5759.73 5798.66 7735.6 7774.84 5185.85 5594.35 5537.06 5231.77 11028.5 10084.7 10204.8 11044.1 11429.4 9051.19 7614.82 8478.82 5854.19 10105.1 7450.64 12949 6485.78 9948.5 9069.04 7545.48 10019.9 10621 7255.71 11707 8794.82 12492 10472 10056.3 7560.25 6816.59 7407.56 7967.8 8115.86 7523.97 7996.59 8213.27 8085.67 7939.17 7746.84 7867.23 8010.64 7002.22 7626.1 6231.88 6336.27 6990.75 5553 7365.11 6202.65 8007.95 7150.46 8062.86 9186.44 8478.15 8292.88 7852.76 9389.46 8740.2 8292.93 9103.87 8356.44 8701.9 8644.59 8876.43 8798.34 9549.43 9154.12 8936.95 8618.88 8944.95 7391.77 7479.05 5205.42 6637.78 6118.96 6406.5 6624.15 6136.76 6258.61 7538.64 6490.38 5641.34 6747.36 6719.85 6028.39 5995.66 6945.93 5966.9 5633.01 6215.02 6204.74 6054.52 6306.94 5663.12 6008.82 7207.9 7046.38 10827.5 10212 10774 11079.9 11103.9 10748.7 10305.9 11467.2 10682.3 6525.65 6869.13 9119.37 9848.43 8639.8 8544.06 8213.08 9609.11 9308.91 8728.26 7002.22 7028.54 6239.78 6957.48 7351.61 7226.61 7065.77 7016.2 6646.26 6578.72 6528.8 6335.22 6364.12 6231.46 6910.46 7797.39 7797.37 7924.31 8249.53 8293.19 8321.96 9172.04 6930.69 6275.14 7440.74 7467.69 6339.62 6479.14 6456.74 6370.5 6342.5 6621.64 7128.71 6601.45 6347.67 6121.05 7718.46 8955.23 5779.1 5975.85 7797.84 6740.22 6292.8 7412.24 7578.06 7572.12 8031.71 7996.59 7801.38 7735.51 7625.56 7436.23 6080.17 5918.94 7537.5 7895.69 7709.41 8787.97 8145.71 
3665.98 3372.7 3878.79 4773.49 7275.5 7041.73 0 5084.6 3459.51 4054.72 4515.9 3476.95 4538.97 3081.53 4569.62 3727.24 5547.46 5654.02 5135.14 6980.33 8571.87 9515.58 9150.18 8965.6 8880.18 8503.01 7985.91 8166.17 8756.4 9380.95 8520.75 7894.71 9713.36 9279.22 8376.1 6397.49 5326.16 5928.94 6113.82 5189.52 5068.21 5027.24 4541.16 5946.38 7403.31 6650.22 6539.81 5201.4 4859.61 4464.27 6158.72 6626.69 5711.85 8622.91 7227.66 8331.42 6227.6 6736.08 7869.64 6005.75 5511.48 6739.1 6555.21 6274.86 6542.7 3916.35 4330.67 4324.33 4607.02 4475.51 3965.27 5842.62 6022.55 5247.27 5686.44 8240.18 4506.38 4370.12 4067.2 4842.56 12485.9 3660.68 9706.76 4963.85 6811.33 4760.92 7373.35 8564.11 7340.41 4648.36 7789.97 4463.02 14384.3 6289.47 7925.61 5745.27 5167.46 5057.44 5441.56 5834.43 5150.63 5986.22 5627.78 5752.56 5396.14 5261.96 5442.37 5611.86 4466.95 4604.05 4215.33 4242.99 4301.33 3355.8 5296.47 4572.48 5550.36 5063.94 5976.52 6550.46 6032.46 5760.38 5489.66 6742.9 6305.07 5907.41 6502.34 6063.37 6264.54 6159.56 6205.25 6131.42 6831.26 6366.03 6378.46 6187.12 6514.82 4481.9 4267.51 5560.18 4446.96 4337.98 4100.03 4476.34 4500.97 4134.97 5690.96 5145.66 4335.88 5794.41 4480.29 4082.61 3179.44 4826 3236.6 3777.12 3630.54 3768.32 3921.64 4171.8 3451.71 3753.22 5713.81 5381.56 5910.34 5660.35 6241.82 6034.17 6310.95 5570.15 5381.66 6511.84 7340.7 4490.71 4681.61 4505.81 4905.88 3747.51 4349.39 3505.91 4903.81 4408.39 5659.27 2987.92 3469.7 4291.07 4082.83 5276.24 4471.44 4106.01 4024.22 4281.31 4318.58 4079.61 4042.71 4069.35 4709.57 4848.74 3530.83 3676.22 3706.33 3818.09 3710.66 3677.36 4120.41 4386.71 3930.12 3285.08 2977.55 2987.27 3365.65 3557.43 3078.3 4934.2 3304.42 3491.53 3384.04 3072.5 2797.42 6420.43 4861.11 3117.11 2872.53 3972.33 4360.51 4192.29 3709.35 4772.26 4616.08 4637.11 5501.55 3964.74 5111.79 3657.88 3484.62 3744.44 3209.12 4461.01 4736.58 6210.46 6657.62 6507.68 
4204.48 3816.31 4024.4 4317.24 7523.57 6808.41 5084.6 0 3896.14 3289.48 2156.86 3085.25 3051.95 4795.47 3309.27 3778.51 2918.61 5066.96 3461.55 3890.68 6691.29 7568.88 7322.67 7397.5 7281.17 6701.58 6055.43 6273.05 7105.13 7544.41 7552.83 7174.05 8617.93 8528.04 7203.14 5297.81 4298.28 4459.41 4368.45 3703.15 3628.63 3587.8 4985.81 4408.45 6901.69 4693.79 4207.93 4855.76 5645.34 4587.9 6076.42 8116.84 5769.66 9536.87 8587.64 10372.9 4684.94 7687.15 9727.67 4702.5 5037.69 7734.82 7852.7 7060.76 6278.75 4855.27 4129.37 4578.49 3402.14 4845.31 3950.35 8067.06 8427.41 7061.4 7595.87 6485.15 6285.2 5890.09 5173.6 4866.9 14370.6 4071.59 11150.4 7081.33 5263.59 5681.34 9086.9 4709.78 8066.61 5681.26 9724.3 6386.98 13959.6 5458.98 9306.03 3653.51 3407.98 3820.69 4438.67 4049.49 3978.07 4046.56 4404.9 4526.26 4204.15 4202.49 4221.46 4649.89 3917.14 3840 2576.84 2916.51 3280.17 2932.41 3726.44 3540.98 4043.4 3254.71 3903.22 5319.03 4573.91 4296.17 3705.54 5464.56 4542.76 4254.51 4993.1 4298.09 4574.95 4702.88 4882.27 4829.56 5655.39 5139.76 4962.8 4535.8 4972.51 5814.98 3755.39 5849.49 2889.31 4953.07 2860.18 3282.5 4176.33 2744.14 3183.5 5170.56 4056.95 6796.85 3321.06 2535.35 3092.34 3179.34 3237.23 3859.46 2283.8 2598.57 2456.58 2523.55 2483.28 2386.79 6514.52 5131.07 7527.64 6538.39 7321.1 7650.01 7558.11 7792.61 7456.61 8285.99 7810.05 5222.54 5844.26 5893.67 6446.92 5584.33 5335.9 5673.02 5796.72 5988.5 5434.84 3944.32 4388.85 4434.36 3503.7 4328.83 4043.78 5445.38 4562.22 5187.81 4199.11 4164.09 4724.55 3524.48 4645.79 5000.79 4841.51 5398.94 5027.79 5612.83 4708.77 5071.7 5514.62 3251.49 2580.87 4407.39 4908.28 4072.35 3056.54 2861.54 3192.26 4474.17 4026.06 4527.41 3405.82 3168.35 3496.38 4902.69 6554.74 3020.86 3536.27 3941.5 2814.77 2642.67 3785.8 3682.43 6674.56 4579.28 4223.95 5694.38 4060.84 4305.09 4738.84 3630.92 4066.83 3611.66 3774.46 3525.98 3935.29 2932.23 
3025.75 2463.07 2333.39 2684.25 6746.42 6453.89 3459.51 3896.14 0 2283.4 3091.43 1890.15 3408.2 2567.71 3181.11 1798.8 4244.94 4441.38 4081.46 5797.33 7074.84 8062.05 7628.81 7567.58 7356.41 7077.89 6492.89 6679.84 7235.17 7827.71 7235.45 6452.82 8271.19 7705.52 6961.32 4933.85 3844.15 4574.32 4637.43 3772.64 3666.62 3671.41 3351.5 4196.23 5891.76 5545.61 5059.24 3490.19 4265.07 3889.25 4966.12 6547.49 4271.17 8338.48 6861.86 8420.42 4945.22 6057.23 7195.63 5034.12 4181.65 6025.1 6903.59 5690.87 5147.2 3742.2 3346.89 2882.73 2886.35 2979.45 2233.99 6474.8 6895.05 5122.41 6304.38 6354.92 4502.37 4452.4 4084.46 3606.41 12681.2 3534.05 10808.7 5596.42 5697.98 5418.24 7316.89 7231.28 7924.98 4765.01 8838.12 5548.47 12493.5 5722.2 8606.91 4755.34 3930.41 3597.15 4034.47 4494.33 3612.99 4498.36 4336.39 4156.38 3985.87 3844.45 3977.54 4130.89 3742 3574.08 3121.03 2978.02 3508.95 2447.19 4438.52 4017.74 4300.08 3643.81 4743.38 5306.64 4503.66 4361.83 4414.4 5442.77 4896.21 4438.16 5285.68 4558.01 4782.65 4823.42 4907.61 4830.45 5575.41 5114.04 4954.82 4779.77 5065.61 4594.46 3388.18 4750.72 3014.47 3721.64 2702.28 2968.06 2589.24 2557.48 4388.23 4138.12 3013.13 5771.82 3006.02 2792.22 2477.08 3614.37 2059.19 3118.59 2262.95 2278.43 2484.88 2704.63 2092.67 2372.66 4620.96 3976.51 6493.44 5136.68 5421.06 6404.74 6175.33 6127.2 5819.9 7217.24 7552.12 3848.87 3798.15 4093.09 4565.44 3822.03 3510.65 3811.43 3925.66 3994.12 5231.46 3148.73 3654.47 4247.32 3180.61 4708.86 4442.32 3269.88 3718.72 3259.83 2908.11 3395.1 3226.2 3060.62 3589.28 3677.48 4270.62 4147.65 4063.22 4494.3 3588.64 4223.54 4086.05 2729.13 2194.05 2258.57 2626.6 2803.96 2127.69 2573.58 1999.07 4057.18 3204.63 3363.38 1702.66 1907.77 2274.24 4449.19 4963.22 2448.11 2041.06 2804.3 3288.2 3434.75 2623.25 4272.96 4967.13 3149.59 4099.96 4008.26 3718.28 2644.97 3508.66 3045.85 3216.54 2980.5 3454.39 5166.79 5105.9 5310.93 
3194.9 2839.11 3147.81 3346.21 7351.45 6971.62 4054.72 3289.48 2283.4 0 2240.39 1948.89 3098.09 3543.94 3326.14 2468.45 3364.78 3719.36 3582.81 4836.09 6235.01 7153.5 6784.89 6819.48 6561.38 6116.25 5683.73 5757.13 6347.02 6925.47 6481.75 5982.48 7469.49 7237.24 6323.4 4164.18 3046.15 3864.74 4003.01 3131.55 2929.4 3072.9 3621.78 3133.14 5234.73 4587.73 4166.68 3132.13 4864.36 4463.28 4814.39 7482.58 4366.99 9181.24 7546.97 9359.05 4392.78 6915.44 8193.72 4700.21 3682.11 6307.1 7573.25 6528.82 5672.69 4132.73 3174.37 3753.41 3575.74 3716.45 2932.81 6713.92 7272.96 5496.88 6495.22 5671.68 4997.09 4653.67 4068.09 4089.51 13422 3366.81 11521.5 6646.38 4972.16 5348.11 8050.59 6302.57 8591.94 5242.23 9684.77 5943.72 13087.3 5285.32 9377.45 3917.46 3176.96 2820.84 3332.46 3785.19 2981.41 3779.41 3727.49 3394.27 3281.83 3186.37 3339.37 3727.84 3638.02 2979.48 2581.98 2769.05 3218.76 2583 4109.36 3835.65 3623.61 2841.72 3942.06 4733.53 3851.96 3702.78 3767.26 4813.94 4200.43 3863.99 4572.15 3894.31 4158.34 4265.09 4314.5 4079.09 5054.67 4511.88 4400.6 4175.23 4174.04 5210.83 3206.96 5200.68 2213.03 4353.37 1971.74 2170.05 3330.75 1720.79 3571.66 4818.14 3772.39 6451.25 2169.88 1886.08 2504.25 2881.41 2260.76 3669.7 1782.36 1677.04 1884.2 1920.72 1847.95 1673.12 5291.33 4591.24 6482.15 5069.62 5756.85 6360.08 6227.39 6529.27 6182.03 7222.14 7304.35 4643.56 4580.73 3996.76 4806.04 3563.84 3459.94 3844.79 3945.68 4158.69 5247.59 3085.13 3814.85 4477.42 3345.04 4815.69 4597.22 4031.57 3506.87 3637.26 3058.04 3266.68 3637.94 2981.06 3733.28 3635.18 4153.72 4368.97 4197.47 4513.95 3442.64 4036.39 4150.74 2519.32 1284.39 2689.82 3208.29 2858.23 2228.76 2519.92 2020.32 4589.14 3229.31 3763.97 1621.89 1833.8 2304.18 5053.88 5324.98 2565.14 2543.54 2915.58 2967.67 3136.9 2666.95 4073.07 5661.65 3460.83 4072.2 4167.11 3330.94 2895.7 3465.34 3079.62 3298 2927.19 3150.13 4440.25 4284.14 4328.08 
3512.11 3187.16 3410.15 3559.87 7293.24 6276.65 4515.9 2156.86 3091.43 2240.39 0 2335.55 2887.59 4220.33 3236.8 2946.5 2715.51 4155.78 3441.77 3724.99 6565.5 7355.77 7097.16 7196.44 6933.68 6461.13 5895.56 6056.77 6706.59 7311.12 6982.57 6551.69 8017.83 7811.82 6802.51 4655.9 3439.62 4029.63 4185.76 3269.92 3268.65 3335.31 4462.57 3524.46 6402.19 4230.38 3592.92 4281.27 4974.49 4368.14 5790.14 8038.86 5203.55 9522.52 8473.64 10103.9 4497.23 7495.34 9258.44 4376.91 4658.03 7156.23 7963.86 6667.14 5747.08 4690.57 3776.8 4005.05 2995.18 4035.61 3262.3 7696.89 8166.58 6600.33 7457.56 6233.63 5911.21 5504.82 5009.87 4469.4 13694.7 3738.23 11163.9 6548.92 4973.23 5218.42 8366.59 4994.31 8535.04 5333.98 9912.23 6170.05 13216.1 5519.93 9263.38 3453.1 2933.47 3219.73 3714.9 3914.7 3258.03 3956.78 3912.64 3853.96 3666.71 3596.83 3625.61 4075.98 3827.12 3297.03 2579 2893.93 3230.36 2504.46 3953.15 3418.28 3729.01 2966.87 3958.45 4974.76 4161.21 3993.84 3540.94 5048 4367.36 4012.59 4891.84 4046.96 4353.53 4430.84 4549.23 4432.74 5254.43 4882.2 4582.58 4277.73 4572.78 5271.9 3292.15 5245.06 2306 4660.38 2192.87 2495.82 3706.18 1986.38 3268.09 4762.41 3675.64 5752.78 2555.08 1709.82 2380.87 2822.49 2536.55 3294.18 1614.21 2042.11 1843.01 2060.42 1846 1651.74 5877.36 4585.82 7215.46 5997.02 6848.13 7313.02 7024.31 7375.49 7033.21 7991.94 7411.93 4897.89 5365.81 5149.14 5810.31 4766.96 4469.52 4987.75 5059.65 5244.84 5411.59 3569.63 4138.36 4142.84 3533.52 4234.45 4186.56 4702.8 4037.15 4367.5 3623.79 3757.74 4075.48 2927.98 4131.42 4108.71 4553.17 4953.16 4645.68 5227.41 4334.87 4710.35 5037.32 2459.57 1772.03 3483.17 4027.93 3321.97 2579.52 2505.87 2405.3 4321.25 3606.34 4190.6 2371.56 2445.6 2761.73 4671.19 5990.45 2655.86 3035.91 3675.06 2458.75 2746.58 3596.62 3315.02 6377.31 4001.13 4229.87 4879.55 3599.08 3429.96 3932.28 2941.94 3381.07 3417.41 3636.04 3593.46 3880.22 3249.7 
2666.2 2345.7 2672.47 2950.48 6897.16 6441.09 3476.95 3085.25 1890.15 1948.89 2335.55 0 3342.51 3102.98 3075.42 2039.19 3821.03 3735.12 3947.06 5067.22 6991.53 7803.76 7519.32 7601.88 7361.02 6828.65 6345.7 6504.44 7092.47 7719.55 7258.82 6590.21 8242.71 7796.73 7056.74 4944.38 3816.91 4437.92 4656.93 3725.31 3599.29 3618.44 3533.8 3847.31 6193.92 4747.29 4420.29 3938.52 4134.8 3921.97 5510.29 7114.53 4866.13 8785.3 7399.46 8925.57 4938.15 6529.15 8034.31 4353.69 4302.4 6052.4 7346.54 5860.29 5348.33 3695.08 3364.17 3246.77 2960.17 3333.49 2576.63 6691.99 7018.08 5490.79 6644.78 5932.54 4808.51 4559.44 4224.4 3892.67 12856 3206.11 10735.7 6060.09 5251.94 5083.81 7517.11 6535.92 8057.63 4621.66 8782.17 5335.57 12707.6 5458.84 8504.2 4440.11 3746.98 3421.07 3933.09 4364.01 3546.28 4409.47 4239.26 4180.97 3900.31 3824.13 3867.78 4152.78 3810.88 3487.22 2893.87 2802.65 3272.38 2213.35 4270.32 3591.03 4318.78 3406.24 4632.16 5281.01 4553.54 4393.86 4343.97 5441.48 4890.05 4385.11 5337.04 4496.93 4867.23 4884.8 4961.42 4820.81 5637.61 5131.59 5030.65 4711.62 4911.74 4592.67 3096.54 4673.35 2859.76 3882.52 2515.85 2788.68 2974.01 2293.74 4113.39 4099.27 3203.12 5802.33 2838.94 2382.12 2083.69 3543.03 1816.74 2838.8 1849.88 1961.31 2299.3 2536.39 1765.2 2175.89 4725.25 3772.23 6670.86 5553.59 5927.81 6627.61 6428.67 6381.99 6053.25 7423.89 7330.23 4109.95 4154.2 4479.25 4988.36 4057.37 3955.54 3995.15 4477.69 4512.88 5244.04 3128.23 3494.71 4001.82 3042.84 4507.19 4318.29 3602.7 3449.39 3374.8 2820.83 3073.27 3179.39 2806.8 3325.25 3483.5 4119.12 4153.92 4039.62 4591.11 3722.65 4193 4315.71 1995.56 1707.25 2405.8 2693.62 2579.38 2098.57 2478.42 1749.39 4184.79 3061.47 3612.54 1777.47 1984.43 2145.05 4724.06 4472.63 2194.48 1993.72 2887.53 2710.96 2836.62 2891.63 3764.82 5123.23 2955.55 4194.4 4061.68 3779.22 2595.8 2970.84 2167.16 2742.84 3037.23 3357.63 4907.4 4675.66 4282.99 
3718.11 3073.81 3167.12 3498.56 6473.37 6979.81 4538.97 3051.95 3408.2 3098.09 2887.59 3342.51 0 3932.39 2286.89 3435.86 2666.81 5781.58 1954.95 5562.22 6054.02 6481.45 6285.47 6910.72 5847.05 6081.94 5144.4 5583.58 6101.26 6492.12 6327.11 5957.98 7583.29 7530.14 6035.99 4094.04 3173.27 2729.81 2827.17 2552.46 2415.01 2206.48 4078.65 4473.74 5557.98 4299.84 4706.97 3563.99 5567.8 4687.19 4427.79 6732.36 4039.89 7875.73 6907.8 8525.41 3160.23 6137.4 8023.62 3850.7 4270.19 6456.68 7500.18 6151.61 5572.7 3705.12 2582.63 3724.08 2811.42 3930.15 3064.76 6842.98 6723.42 5461.85 6003.73 5993.48 5074.37 4740.42 4082.85 3727.39 13604.9 4420.92 12199.1 6586.59 6209.27 6150.42 8295.03 5736.5 8297.82 5992.32 9158.43 6171.94 13115.3 6550.8 9778.09 2993.77 3040.37 3127.12 3463.98 3395.82 2974.47 3424.23 3023.56 3231.69 3152.85 3228.82 3224.39 3563.93 2887.21 2409.74 2061.24 2564.34 2494.82 2565.15 3388.34 2909.71 2530.19 2707.05 3163.55 3558.35 2462.23 2614.97 2546.8 3465.64 2772.98 2284.48 3014.03 2484.7 2652.67 2681.32 2794.38 2780.49 3671.28 3185.79 2784.8 2497.03 2977.1 5862.48 3144.84 5789.02 2131.37 4992.57 2118.28 2474.78 3273.43 2183.17 3405.18 4958.68 3424.74 7188.1 2493.24 2234.34 2966.52 2288.91 2432.48 3665.06 1961.21 2139.56 1882.06 2187.81 1859.54 1908.82 6391.83 5026 6257.37 5344.57 6071.71 6229.09 5994.68 6413.88 6072.88 6978.1 6118.14 4373.89 4744.89 5227.82 5659.63 4734.62 4815.56 4925.03 5288.09 5191.45 3413.74 3429.43 3758.99 3854.46 3296.71 3581.98 3221.69 4166.98 4126.5 4358.08 3598.13 3355.86 3714.42 2624.09 3792.72 4162.87 4734.03 4009.53 3534.43 4402.16 3517.4 3787.65 4302.23 3828.7 2472.59 3922.82 4777.23 3419.16 2934.64 2990 3111.85 4382.78 3115.88 3269.07 2734.25 2369.05 2718.73 5520.39 6954.28 2564.73 2790.16 3693.56 2777.03 3243.51 3387.19 4792.36 6573.01 4618.81 2403.37 4998.08 2208.79 4318.36 4937.54 3769.84 3939.08 2557.86 3024.87 3700.18 4142.02 4220.22 
3400.31 2881.03 2330.13 3416.49 6325.4 6388.07 3081.53 4795.47 2567.71 3543.94 4220.33 3102.98 3932.39 0 3770.75 2888.24 5085.95 5679.93 4638.08 6857.65 7749.34 8721.69 8269.68 8142.25 8062.36 7739.76 7159.96 7344.83 7882.04 8469.44 7808 6993.72 8826.13 8301.56 7516.87 5523.19 4395.44 5115.1 5267.65 4277.23 4264.56 4197.63 4082.78 5558.09 7097.24 6278.9 6410.47 4657.97 4322.35 4453.82 5965.96 6735.26 5564.33 7476 6960.91 8575.15 5525 7119.35 7619.6 5845.14 5143.59 6390.61 6988.55 5392.58 5778.08 3286.58 3971.71 2869.98 3683.32 3190.46 2606.64 5691.86 5288.88 5285.96 5548.77 8104.78 3862.03 3560.98 3583.4 4044.94 11251.7 4251.83 10213.3 5167.47 7371.88 4973.81 6136.33 8452.2 7053.17 4176.87 8236.23 5067.86 13048.2 6981.12 8099.86 5356.05 4484.55 4250.86 4584.52 5066.36 4244.95 5134.4 4877.66 4744.66 4635.24 4430.87 4585.78 4721.01 3284.27 4044.86 3386.97 3467.06 3782.42 2846.93 4526.19 3932.71 4814.11 4172.87 5336.43 5828.43 5041.16 4930.9 4974.57 5982.49 5425.36 4935.61 5763.61 5137.06 5312.5 5333.88 5421.99 5338.69 6086.37 5683.51 5507.73 5296.37 5624.08 4795.95 4301.24 4807.33 3751.36 3914.59 3256.99 3469.59 3364.14 3263.54 5342.67 4363.59 3211.36 5688.39 3522.01 3500.39 2961.84 4178.42 2873.27 3208.89 3264.95 3100.12 3151.4 3454.58 2641.26 3066.18 5218.1 4714.45 5923.66 5747.1 6442.72 6202.75 6468.61 5468.94 5301.27 6181.57 6037.95 3554.15 3704.4 4542.12 5141.44 3791.86 4326.96 3313.54 5137.68 4590.3 4817.43 3031.07 2415.07 3409.89 3760.45 5005.46 3914.18 3540.03 2760.53 3749.17 3492.36 3037.28 3246.54 3193.54 3950.46 4088.52 3768.3 2961.1 3115.1 3220.82 3624.96 3460.09 4429.66 4245.24 3348.26 3236.96 3011.92 2293.8 3178.59 3519.26 2953.52 4398.38 2260.5 2384.51 3020.02 2360.21 2097.98 6058.53 5590.14 2569.6 2261.21 3825.88 3994.23 3945.14 3508.39 5054.06 5052.29 4728.14 4715.34 2691 4280.47 4043.19 3183.54 3062.59 2732.6 4247.45 4737.72 5784.52 6556.92 6180.55 
3450.93 2856.08 3065.44 3331.92 6277.22 6652.02 4569.62 3309.27 3181.11 3326.14 3236.8 3075.42 2286.89 3770.75 0 3302.86 3042.12 6186.76 2483.66 5444.05 5756.08 6825.42 6336.07 6492.78 6081.19 5919.04 5207.99 5569.84 6254.03 6571.95 6500.02 5985.44 7649.68 7444.77 6242.84 4360.32 3386.34 3594.65 3381.51 3152.73 2877.03 2930.55 4059.06 4608.12 6114.93 4976.44 5128.26 4005.01 5258.84 4296.65 5192.93 6873.4 5015.14 7891.71 6974.95 8977.51 3914.73 6026.33 8124.44 4014.28 4663.99 6334.33 7287.96 6024.97 5206.44 3425.73 3276.57 3420.57 2490.13 3719.41 2848.22 6713.18 6582.61 5425.82 6404.33 6748.11 4967.71 4365.56 4156.99 3418.98 13396.1 4301.53 11642.2 6368.41 6234.81 6318.69 8040.7 5891.65 7731.99 5310.74 9263.43 5733.33 12886.8 6449.03 9586.74 3095.82 3274.09 3381.62 3762.31 3477.45 3214.26 3616.79 3914.49 3563.26 3560.39 3503.84 3547.69 3674.45 3139.31 3191.67 2229.97 2181.66 2629.15 2319.09 2996.58 2601.13 3017.01 2761.72 3150.41 4493.88 3435.25 3262.64 2831.39 4388.15 3287.97 3351.17 3731.28 3276.48 3403.41 3418.75 3874.47 3586 4684.43 4038.76 3993.78 3524.68 3620.12 5570.02 3043.18 5688.68 2461.89 4706.52 2524.58 2753.22 3169.8 2333.12 3194.14 4710.7 3182.26 6926.08 2857.57 2504.18 2993.8 2627.73 2377.44 3306.25 2505.98 2452.1 2198.92 2393.95 2013.5 2446.23 6040.74 4772.73 6839.6 5916.99 6329.77 6694.25 6647.67 6704.87 6126.73 7532.03 6758.64 4016.41 4577 5232.5 6041.48 4884.95 4913.19 4652.19 5712.69 5582.85 4011.24 3492.88 3371.79 3637.33 2801.53 3360.46 2998.71 4209.8 3988.53 4087.84 3377.43 2877.81 3747.38 2873.57 3574.97 3993.82 4493.77 4298.1 3978.68 4632.77 4093.33 4416.57 4926.55 3789.39 2887.55 3985.07 4529.06 3513.9 2666.45 2896.85 3105.37 3553.76 3213.04 3529.15 3054.28 2768.13 2802.02 4972.65 6640.18 2433.84 2613.87 3633.94 2751.34 3080.42 3299.75 4558.05 5987.15 3882.43 2286.43 5070.28 2660.07 4042.46 4788.08 3596.29 3701.6 2525.13 2928.85 3597.91 4543.32 4227.61 
2869.29 2487.91 1863.89 2469.37 6661.11 5528.05 3727.24 3778.51 1798.8 2468.45 2946.5 2039.19 3435.86 2888.24 3302.86 0 4095.12 4853.99 4079.64 5650.38 7251.81 8088.76 7708.45 7795.36 7544.64 7146.51 6554.08 6774.8 7317.36 7923.13 7461.45 6589.17 8449.95 7831.51 7084.52 5146.15 3953.98 4584.67 4733.1 3752.17 3680.06 3706.33 3753.77 4712.02 6536.18 5590.36 5515.52 4066.99 3977.34 3805.88 5727.18 7106.67 5037.66 7917.06 7139.18 9051.58 5078.6 6672.12 7574.61 5039.05 4695.53 6680.34 7671.57 5072.11 4420.53 3930.9 3468.71 2453.23 2291.5 2484.83 1784.34 6880.05 7200.26 5650.33 6783.78 6823.84 5092.54 4653.57 4464.42 3711.86 11869.9 3739.47 11159.8 5504.69 6144.81 5572.73 6782.06 7408.99 7714.59 4932.85 9295.21 5646.91 11576.4 6262.1 8706.51 4703.07 3804.84 3648.09 4121.78 4483.72 3722.32 4545.77 4383.57 4251.75 4105.57 3931.45 4034.35 4195.25 3795.6 3676.22 3043.38 2941.92 3504.94 2448.45 4432.84 3780.08 4383.36 3537.7 4828.04 5352.96 4623.32 4471.72 4486.56 5545.39 4959.8 4467.97 5422.16 4592.21 4895.99 4975.5 5048.93 4966.49 5723.29 5306.55 5093.98 4783.18 5114.44 5041.29 3285.8 3773.8 3034.88 3589.83 2637.48 2884.46 2258.99 2548.78 4477.99 3577.29 2669.39 5437.73 2907.96 2565.84 2474.41 3750.14 2173.36 3065.34 2315.12 2189.82 2497.59 2613.73 1984.06 2106.41 4000.86 3543.72 6766.4 5597.39 5894.77 6760.11 6513.82 6479.26 6073.1 7543.91 7440.38 3695.92 3997.75 4563.58 5099.87 4235.16 4070.85 4153.86 4759.08 4685.36 5425.49 3229.82 3655.96 3894.33 3268.07 4797.61 4578.37 3573.77 3915.58 3650.94 3250.98 3551.68 3449.77 3056.6 3684.11 3895.88 4368.41 4135.86 4214.72 4636.18 3933.87 4298.87 4369.39 2710.77 2182.7 2739.47 3184.09 2730.95 2397.87 2328.81 1889.43 4118.96 3219.15 3569.54 1981.11 2034.51 2296 4624.76 5438 2461.65 2014.93 3324.25 3214.54 3129.73 3177.17 4540.88 5295.75 3714.82 4295.09 4214.79 3915.15 2990.47 3656.92 2872.15 3210.97 3423.07 3629.6 5018.1 5583.79 5155.72 
4525.44 4054.42 4278.66 4614.32 7238.89 7378.67 5547.46 2918.61 4244.94 3364.78 2715.51 3821.03 2666.81 5085.95 3042.12 4095.12 0 5988.83 2887.11 4781.95 5645.88 5998.56 5857.58 7046.78 5672.62 5628.45 4747.91 5189.72 5758.56 6001.71 7033.93 6789.32 8196.04 8112.94 6929.04 4673.71 3679.12 3174.66 3127.53 3277.53 3151.63 3342.41 5299.8 4422.05 6643.81 5021.73 4955.72 4538.19 6221.58 4798.74 5474.52 8182.71 5136.05 8915 8262.89 10087.7 3916.03 6973.56 9625.56 4813.08 5595.01 7398.06 8457.12 7383.78 6504.33 4483.51 3604.85 4765.38 3434.42 4941.17 4164.83 7981.02 7767.81 6684.39 7428.51 6582.87 6540.54 6142.34 5467.07 5013.43 14728.8 4700.6 11743.5 7274.48 5630.23 6264.54 9352.82 4771.82 8709.96 6247.29 9947.82 6089.1 14137.1 6355.07 10098.1 2895.15 3126.72 3529.58 3997.64 3422.03 3636.58 3664.01 3703.09 3837.67 3866.33 3974.08 3929.49 4535.93 4037.37 3801.9 2886.83 2955.89 3156.57 3482.91 3530.76 3203.32 3058.43 2851.04 2879.84 4879.48 3540.39 3594.9 2951.29 4685.25 3202.52 3356.52 3785.63 3123.92 3463.42 3222.82 4094.13 3862.44 5064.86 4442 4169.44 3281.56 3859.73 6285.42 3431.76 6178.31 2559.11 5586.94 2692.94 2956.98 4381.2 2675.21 3310.1 5627.57 4476.39 7332.59 3036.65 2571.85 3470.62 2757.14 3407.77 4107.69 2737.87 3025.74 2581.17 2470.13 2830.62 2310.6 6776.93 5550.61 7908.96 6718.37 7491.62 7809.53 7351.45 7931.88 7400.79 8624.41 7204.54 5008.87 5699.25 5977.39 6663.73 5631.86 5415.32 5762.6 6095.29 6246.47 4378.73 4235.18 4488.84 4477.67 3467.12 3752.53 4074.87 5243.38 4960.88 5269.56 4660.21 4421.46 4754.02 3513.56 4380.11 4858.96 5584.97 4897.47 4810.82 5668.49 4471.79 4624.21 5763.74 4130.1 2630.65 4614.73 5469.84 4365.9 3410.02 3201.3 3662.26 4881.13 4327.06 4774.23 3654.39 3412.91 3772.83 5616.24 7396.44 3448.26 3848.51 4287.51 2891.05 3231.98 4423.72 4762.38 7171.68 4817.19 3388.21 6047.76 3672.23 4660.41 5458.67 4197.06 4634.52 3590.38 3077.97 3179.05 4070.07 3818.9 
5735.59 5498.48 5786.02 5927.1 9952.81 9153.91 5654.02 5066.96 4441.38 3719.36 4155.78 3735.12 5781.58 5679.93 6186.76 4853.99 5988.83 0 6404.16 6648.11 9475.58 10216.7 9947.2 10032 9780.47 9370.46 8785.33 8999.68 9541.45 10162.7 9685.85 9172.54 10690.2 10432.2 9470.78 7382.25 6167.23 6826.19 6964.69 5983.16 5918.19 5947.76 5682.74 4954.65 7784.58 5707.11 5193.5 5418.18 6707.12 6340.39 7391.35 9755.69 6650.15 11669.9 10248.9 11379.2 7320.35 9115.02 10647.9 6952.68 5561.06 8483.35 9722.76 9009.08 8414.2 6414.41 5612.7 6374.48 6088.65 6343.8 5648.24 8614.54 9533.44 7799.15 8547.51 5241.39 7360.84 7434.47 6499.07 7053.03 15639.9 4971.64 11939.8 8299.69 4711.07 6258.07 10337.2 7575.52 10038.9 7324.51 10587.1 7411.77 15768.8 5281.45 9559.3 6784.05 6061.54 5854.08 6377.49 6735.68 5961.92 6780.29 6628.03 6554.04 6335.77 6253.7 6290.83 6711.49 6261.64 5608.03 5279.48 5382.57 5670.24 5109.94 6802.1 6458.62 6620.39 5752.76 7073.71 7655.71 6865.13 6717.14 6751.52 7830.37 7188.36 6696.83 7671.46 6831.66 7139.12 7212.74 7292.84 7187.53 7938.72 7553.7 7327.23 7022.5 7333.23 6479.16 5394.52 7571.54 5179.75 6309.79 4832.68 5109.38 5984.99 4702.56 6342.93 6995.48 6375.27 7694.25 5143.45 4613.84 4495.92 5867.17 4758.1 5877.59 4163.66 4274.05 4724.13 4735.75 4393.24 4423 7236.75 6777.24 8539.78 7194.16 7957.42 8507.62 8193.8 8529.74 8238.45 9397.43 9693.7 6880.28 6669.46 5947 6391.32 5653.09 5102.97 5991.73 5026.36 5763.24 7834.85 5356.58 6104.53 6859.12 6009.94 7418.65 7076.91 6314.77 5824.81 5978.38 5487.38 5905.05 6176.03 5243.54 6135.59 5743.02 6190.69 6361.89 6256.93 6640 5338.98 6031.83 5608.36 3224.84 3833.23 4090.05 4344.85 4802.55 4523.33 4907.65 3936.54 7406.99 5548.77 6072.14 3764.39 4162.62 4626.11 6556.69 5316.63 4951.35 4836.39 4697.71 4748.9 5211.53 4822.4 5542.33 6723.27 4339.12 7030.09 6376.59 6288.97 4012.7 4602.11 4522.73 5318.33 5541.31 5317.41 7193.54 5834.4 5298.64 
4202.19 3671.31 3803.81 4119.7 6971.93 7496.77 5135.14 3461.55 4081.46 3582.81 3441.77 3947.06 1954.95 4638.08 2483.66 4079.64 2887.11 6404.16 0 5896.86 5874.75 6253.96 6089.64 6952.66 5761.15 5888.07 4978.16 5496.97 6100.27 6309.11 6714.61 6235.73 7996.97 7932.35 6219.74 4625.84 3608.83 2981.08 2666.91 2852.43 2720.69 2648.05 4333.76 5113.35 5711.34 4879.13 5052.22 3781.66 6073.16 5102.07 4412.27 6879.08 4425.45 7888.59 7032.15 8917.99 3413 6257.85 8119.52 4065.36 4779.57 6829.46 7545.33 6693.3 5990.87 4020.6 3078.58 4194.25 3341.71 4558.04 3650.16 7096.87 7217.61 6054.78 6330.97 6519.59 5494.18 5166.26 4583.49 4108.74 14214.6 4906.22 12224.1 7251.73 6300.89 6494.68 8879.36 5917.1 8277.7 6330.2 9824.64 6161.16 13721.4 6686.64 10301.4 3151.77 3368.23 3650.26 3973.56 3195.02 3425.63 3454.78 3124.62 3542.56 3529.84 3582.03 3585.7 4075.38 3141.6 2731.92 2242.64 2570.82 2550.08 3078.34 3346.78 3311.48 2770.48 2893.53 2912.99 4041.16 2923.24 2888.85 2644.39 3927.17 3036.7 2907.89 3010.99 2739.87 2831.15 2850.43 3262.42 3298.89 4145.19 3569 3243.49 2956.86 3414.19 6205.53 3555.95 6360.82 2781.33 5504.06 2626.08 3041.63 3782.33 2760.99 3570.31 5336.41 3854.22 7610.58 3105.42 2817.9 3497.53 2869.08 2978.22 3977.81 2660.7 2621.33 2385.85 2453.38 2445.53 2527.12 7029.08 5670.4 6469.21 5654.81 6278.05 6484.12 6249.28 6595.46 6200 7301.53 6410.78 4786.43 4902.97 5606.82 6155.85 5233.65 5327.21 5393.81 5800.87 5678.46 3526.75 3800.86 4169.51 4411.98 3166.66 3794.67 3593.8 4682.65 4652.14 4902.79 4079.01 3761.72 4207.52 3024.13 4338.83 4672.52 5091.97 4620.07 4082.55 4628.21 3794.2 4122.39 4736.62 4483.42 3085.44 4532.36 5401.76 4033.2 3247.8 3167.26 3794.75 4419.37 3588.59 3816.62 3411.78 2955.1 3351.45 5979.86 7454.26 3201.73 3237.41 4064.31 3074.25 3298.26 3724.56 5225.45 6973.94 5044.75 2295.35 5608.24 2638.67 4807.92 5562.87 4385.44 4493.62 2957.43 3230.44 3653.36 4555.33 4532.3 
6161.16 5781.65 6054.07 6207.28 9721.17 8337.85 6980.33 3890.68 5797.33 4836.09 3724.99 5067.22 5562.22 6857.65 5444.05 5650.38 4781.95 6648.11 5896.86 0 8160.23 9424.88 8933.08 7951.84 9154.93 8153.68 7544.42 7825.06 8805.12 9233.21 9229.12 8706.95 10197.5 10039.4 9005.19 6936.2 5738.84 6313.5 6231.79 5540.51 5479.36 5488.84 7228.26 5726.55 9144.61 6422.71 5657.15 6886.7 7580.75 6455.29 8415.71 10851.7 8046.2 12281.8 11302.2 12961.1 6761.95 9997 12150.5 7093.95 7324.29 10074.3 9676.79 9282.58 8257.14 7375 6487.16 6632.65 5439.32 6718.24 5934.91 10485 10889.7 9452.43 10233.6 8825.89 8639.01 8153.31 7790.91 7112.78 16358.3 5632.78 12234.8 9073.41 6385.05 7466.06 11034 5269.99 8004.83 6798.76 11918.3 8152.82 15832.4 7078.46 11412.1 4521.88 3774.71 5296.2 5925.82 5590.45 5454.12 5002.01 6194.19 6123.77 5897.19 5805.61 5825.24 6245.9 6218.36 6043.27 4629.13 4998.88 5305.41 4787.68 5232.68 5247.68 5757.59 4709.06 5311.68 7205.14 6436.16 6228.46 5350.75 7397.07 6543.54 6258.52 6936.52 6316.92 6517.63 6458.93 6860.11 6755.88 7507.45 7112.14 6890.61 6582.29 6902.97 7790.35 5404.91 8018.42 4271.65 7142.27 4284.27 4560.98 6319.76 4081.46 4226.18 7164.33 6102.09 8227.59 4677.87 3925.45 4856.32 4612.19 5162.44 5791.51 4281.98 4485.5 4213.94 4185.84 4474.54 4172.35 8583.74 7198.06 9917.14 8641.62 9509.87 10016.7 9857.08 10097.4 9746.89 10682 10242.1 6802.81 8005.02 7747.49 8457.11 7395.33 7092.55 7593.57 7649.83 7972.91 8087.04 5821.29 6506.85 6785.64 5576.85 6327.45 6165.03 7430.89 6695.16 7174.45 6336.46 6401.18 6809.18 5724.57 6731.51 6890.34 6279.89 7713.3 7406.37 7949.47 7116.23 7374.1 7668.99 4939.53 4131.47 6112.54 6741.09 6027.06 4743.46 4463.12 4944.61 6444.67 6237.91 6862.27 5053.81 5123.56 5428.9 5331.35 8436.6 4981.71 5502.05 5909.59 4682.94 4282.92 5687.9 4439.67 8712.05 6401 6555.71 7551.31 6407.13 5777.48 6543.8 5616.28 5769.75 5726.24 5858.28 4185.68 5306.71 4163.82 
7358.82 6672.24 7035.47 7373.77 10423.9 10836.7 8571.87 6691.29 7074.84 6235.01 6565.5 6991.53 6054.02 7749.34 5756.08 7251.81 5645.88 9475.58 5874.75 8160.23 0 4919.89 3271.42 6012.07 4190.66 3451.71 3603.36 3034.32 3500.6 3750.81 5459.13 5464.44 6409.1 5811.94 5809.07 4173.72 4195.58 5022.87 4706.98 5131.04 5054.49 5341.07 7582.74 6377.03 8163.62 7837.41 7761.28 7091.58 9455.67 8479.88 7583.98 10756.1 7673.12 11455.1 10257.9 12568.5 5149.56 9447.02 11590.3 7894.27 7908.74 9407.01 11009.4 10267.5 9076.89 7778.4 7165.13 7531.19 6961.74 7577.56 6748.55 9811.72 9773.9 8402.8 10061.6 9372.94 8938.54 8024.96 7552.53 7198.69 17421.2 8050.28 15501.2 10756.4 9465.75 10310.7 12015.3 7511.29 11857.3 9023.03 13874.8 9233.56 16834.5 10209.8 13787.4 5691.08 5354.96 4641.92 4451.02 4064.84 4594.79 4927.67 4932.72 4522.72 4576.7 4810.02 4728.54 5042.33 6834.01 6958.36 5481.59 5360.22 5619.6 6501.16 5807.34 6345.72 4885.06 4142.52 4372.56 7018.93 5563.96 5584.37 5077.11 6631.01 4811.59 5727.91 5841.13 5351.87 5742.58 5611.99 6221.43 5801.66 7322.95 6328.8 6331.64 5710.19 5855.04 9809.78 6914.34 9446.61 4906.81 8884.32 4846.14 4537.93 7236.07 5109.96 5832.88 8572.24 7300.89 10964.8 4760.8 5574.61 6869.03 5158.31 6246.04 7637.85 6090.78 5857.72 5244.94 5258.21 5784.11 5611.54 10171.5 8847.75 10823.2 9477.76 10229.9 10509.4 10710.6 10830.7 10499.7 11465.2 10518.6 8064.83 8960.36 7879.32 9158.12 7640.41 7713.47 7832.8 8782.91 8674.36 7741.48 7022.12 7098.7 8083.05 5757.04 7394.31 7289.25 7926.29 7568.94 8098.82 7109.53 6890.09 7803.05 6605.43 7369 8016.32 8208.41 8106.62 8226.68 8731.71 7618.54 7332.21 8877.85 7700.61 5866.93 7690.3 8546.53 7141.57 6228.78 6565.62 6892.13 7146.61 7239.77 7671.7 6541.3 6093.17 6481.28 9387.37 10796.5 6408.98 6603.22 6897.57 6490.07 6441.58 7098.93 8561.6 10535.8 8136.3 5393.77 8769.25 5578.11 7953.89 8758.84 7528.46 7735.52 6482.44 6349.6 5727.62 7201.75 7136.47 
