236 236
0 3589.16 2900.04 3477.34 5298.76 5699.11 3665.98 4204.48 3025.75 3512.11 2666.2 4060.39 4011.09 3252.78 2918.92 5142.09 3718.11 3400.31 3450.93 2869.29 4525.44 6616.8 6161.16 5870.24 7658.92 8208.73 8167.12 8340.07 7839.24 7321.48 7692.1 7059.8 6697.01 6882.36 7446.91 8055.87 7712.08 7041.55 7056.42 8701.71 7500.39 8680.29 4620.36 4762.7 3988.44 4019.17 5288.3 7440.23 4874.34 7204.68 5871.21 8288.34 6224.77 7245.26 8160.32 7373.67 5253.02 6018.55 7510.37 7662.95 5378.18 6700.84 5789.53 6541.62 6035.57 3027.18 3651.4 3454.29 3016 7394.92 7218.79 6354.64 4675.54 7380.1 7736.31 4210.54 3417.33 4286.54 4823.38 3564.4 3662.74 10972.8 4464.32 5734.02 7198.86 6353.9 5701.84 7785.9 5043.44 12365.8 8735.59 13791.1 12992 7282 4947.39 4591.78 4049.37 4389.46 4595.88 3977.31 4660.42 4566.15 4612.47 4566.55 4390.04 4312.91 4340.88 4428.38 4224.27 4651.05 3665.67 4677.55 4066.99 4163.97 3099.52 3719.3 2327.59 4498 4795.59 4938.35 5736.9 4907.18 4663.29 5052.3 5606.11 5125.43 5382.41 4732.75 5630.25 5561.51 4804.36 5090.97 4741.09 5353.25 5350.92 5557.43 5042.5 5561.93 5062 5423.28 3556.57 5321.66 3004.8 4025.54 4478.21 3374.59 4153.09 3284.28 8738.78 2932.32 3879.58 4843.5 3707.21 6231.06 4722.02 3507.81 5582.26 2910.41 3235.88 3095.29 3050.75 2124.03 3949.4 2460.37 3421.83 3143.13 2661.06 2551.85 2733.25 2961.56 2277.09 2594.13 5649.89 7256.78 6479.28 6850.86 7414.78 7451.22 6777.09 7389.39 5380.25 5950.8 4922.95 4658.1 5697.64 5509.78 3542.8 4122.34 4249.6 4392.33 3077.97 2970.19 4097.1 3279.67 4374.23 3030.38 4106.43 2560 3140.9 4861.82 4253.15 4601.63 4566.97 5318.46 3393.42 3558.88 2781.97 3646.19 3138.63 3703.41 2874.96 2776.02 2622.28 3614.21 3745.37 6028.24 5684.08 4229.1 4983.47 3953.67 4377.44 4178.55 3682.53 3598.54 3884.4 5062.59 5674.86 4478.9 4457.99 4278.6 3839.5 4197.76 5794.43 6245.77 5349.85 5502.79 
3589.16 0 3122.18 3796.33 6690.04 6626.62 3290.05 3803.12 3507.36 3104.97 3071.01 3451.04 3849.02 2981.29 2851.47 4138.69 3218.9 2503.15 3520.12 3309.03 4055 6421.62 5715.66 5746.36 7366.68 7882.24 7888.07 8071.13 7543.14 7032.78 7369.27 6620.83 6393.53 6569.1 7117.35 7758.18 7336.53 6809.03 6649.97 8325.98 7133.47 8443.2 4280.16 4501.07 3703.53 3591.49 4892.08 6907.26 4663.22 7010.53 5517.2 7884.31 7509.43 7643.64 9013.73 9048.82 4936.63 7639.14 8645.14 6520.09 5504.47 8228.15 7162.18 7381.17 8000.94 3631.28 3672.04 3680.76 2987.7 5308.78 6987.74 5785.62 4172.57 5390.83 7691.19 5744.46 5311.08 3660.54 3166.96 4118.3 4488.21 11994.2 3806.35 5881.89 6878.88 4661.3 6881.67 7363.64 4934.31 12631.9 8793.38 13481.4 13273.1 6371.99 4583.5 4179.76 3658.5 4022.88 4348.72 3599.29 4429.57 4287.15 4239.68 4176.17 3991.38 3898.72 3926.52 4040.76 3839.72 4355.87 3158.31 4817.09 2972.97 3433.31 2665.81 2991.86 2789.88 3907.49 4498.49 4723.92 5327.91 4598.66 4378.05 4660.46 5287.64 4850.5 5052.56 4404.75 5344.14 5239.81 4489.43 4793.79 4424.98 4999.36 4996.62 5212.77 4689.49 5158.71 4695.72 5025.86 3065.25 5413.35 2418.46 3770.94 5428.8 2959.6 4705.17 3910.27 9838.79 2613.9 3477.72 4452.17 3342.04 6696.11 4656.6 3632.85 6495.92 2547.5 2840.83 2707.79 2397.53 2371.59 3446.63 2755.85 3327.36 3731.61 2543.75 2552.64 2381.9 2637.29 2047.51 2215.2 5569.17 5539.49 5584.38 6514.35 5837.93 6118 5424.85 5332.59 4413.74 5292.42 3792.96 4085.46 5290.97 4446.85 3614.68 2596.56 4934.65 4777.22 3839.13 4375.88 2762.69 3117.11 3737.83 3157.97 3626.16 4066.44 2842.89 3251.98 3122.63 3516.72 2855.86 4355.3 3186.01 3892.35 2599.57 3219.79 2512.81 2936.33 2670.16 2692.92 2112.95 3377.74 3374.4 6415.71 5672.63 3481.08 4079.64 3187.76 3534.17 3817.91 3200.93 3243.76 3467.6 4533.83 5719.83 5036.43 4471.43 2749.24 3716.58 3824.58 6219.28 6746.64 4861.2 5151 
2900.04 3122.18 0 2388.03 6052.85 5116.9 3878.79 4024.4 2333.39 3410.15 2672.47 3452.38 3950.56 2878.18 2783.84 5068.36 3167.12 2330.13 3065.44 1863.89 4278.66 6675.28 6054.07 5892.87 7415.29 8003.09 7759.39 8053.67 7570.08 7046.08 7323.9 6738.41 6421.44 6625.31 7150.51 7764.2 7138.2 6203.09 6364.36 8140.34 6738.53 7866.64 4190.46 4340.61 3533.09 3421.05 4904.71 6952.26 4579.94 7163.09 5565.34 7091.81 7175.87 7189.59 9286.28 8152.73 4791.52 7057.95 7604.5 5926.68 5062.79 7464.61 6723.65 7669.7 7415.73 1884.44 2269.64 2247.22 1456.72 7058.74 6953.46 6962.32 4931.28 6810 7719.27 4377.38 4037.52 4161.87 4318.99 2421.81 3176.52 10977.6 4397.55 5391.35 7266.45 6175.95 6125.57 7668.05 5042.36 12209.2 9541.25 14779.4 11136.6 7320.43 4549.39 4164.73 3678.85 3863.64 4277.32 3551.38 4302.65 4095.92 4019.8 4066.79 3848.75 3649.16 3894.52 3755.41 3797.51 3923.73 3319.71 4487.87 3692.36 3617.97 2739.06 3204.87 2325.29 3977.95 4291.58 4561.3 5003.66 4351.31 4207.05 4395.22 5035.13 4675.17 4735.77 4225.66 5091.51 4954.41 4411.53 4606.54 4185.6 4670.83 4666.97 4963.71 4530.26 4880.56 4596.6 4924.22 3240 5385.75 2395.55 4079.56 3713.56 2960.78 3634.21 2377.18 8377.64 2592.23 3650.19 4607.87 3399.75 4773.15 3338.95 2357.32 5555.88 2542.65 2694.77 2723.08 2622.86 2003.8 3428.25 2203.67 3490.36 2707.17 2597.96 2539.66 2390.59 2730.6 1834.24 2305.6 4589.08 6691.85 6001.63 6457.46 6850.55 6933.59 6185.81 6849.05 5040.28 5565.37 4558.46 4201.17 5328.82 4811.64 3471.81 3853.7 4958.61 4510.26 3147.48 3616.43 3557.38 3208.78 3968.22 2991.47 3762.82 3198.37 2686.96 4460.74 4012.41 4228.95 4177.07 4905.57 3265.33 3588.96 2622.83 3349.34 2682.34 3032.04 2728.02 2716.05 2276.4 3671.6 3738.48 5240.45 6139.98 4099.56 4753.77 3748.37 4039.38 3775.71 3588.72 3479.74 3659.21 4645.19 5646.55 4526.89 3961.39 4091.27 3206.21 3573.33 5410.64 5383.99 4983.67 5379.99 
3477.34 3796.33 2388.03 0 6479.14 4663.44 4773.49 4317.24 2684.25 3559.87 2950.48 3867.83 3924.91 3198.15 3317.2 5399.41 3498.56 3416.49 3331.92 2469.37 4614.32 6730.1 6207.28 6127.78 7645.37 8262.42 8179.73 8367.26 7851.8 7340.97 7662.11 7098.02 6651.89 6884.26 7462.38 8053.11 7525.07 6692.08 6734.31 8551.79 7201.05 8347.94 4432.62 4663.3 3869.27 3742.74 5166.89 7239.77 4704.39 6753.5 5800.69 7480.06 7300.79 6333.42 9388.16 7787.02 5119.49 7154.74 6903.33 6284.85 5439.13 7406.73 7353.15 8340.52 7835.51 2786.72 3036.19 3196.26 2269.36 7932.6 7322.65 7875.91 5839.44 7584.67 7669.29 4404.24 4634.55 5039.76 5161.63 2902.66 3234.24 11051.4 4914.23 5851.79 7400.12 6913.55 6836.16 7850.05 5833.06 12029.3 10301.4 15396.7 11126.6 7583.33 4877.1 4469.89 3975.23 4240.45 4554.16 3781.22 4592.63 4464.18 4395.77 4384.02 4190.38 4037.39 4141.81 4155.38 4063.34 4307.28 4123.46 4735.31 4435 4102.04 3133.03 3844.81 2823.44 4664.82 4642.85 4855.16 5449.86 4681.66 4536.4 4771.23 5430.91 5012.68 5137.22 4532.99 5493.34 5335.17 4696.66 4973.24 4593.46 5106.19 5113.06 5359.25 4963.27 5289.57 4881.49 5182.74 3442.35 5724.44 3195.32 4401.67 4625.81 3194.28 4356.32 2790.5 8340.73 2742.24 3837.64 4761.32 3525.61 5366.07 4339.56 3151.45 6185.47 2856.39 3016.57 2907.51 3194.69 2776.75 3866.21 2440.97 3799.02 3291.5 2787.87 2698.7 2656.7 2914.14 2123.92 2606.51 5437.69 7380.87 6345.26 6738.23 7463.21 7323.51 6841.88 7733.57 5600.82 6141.25 5154.89 4719.48 5724.68 5587.36 3836.32 4802.68 5617.64 5142.56 3688.37 4278.42 4532.84 3791.88 5012.78 3836.38 4012.15 3785.81 3733.62 5096.53 4956.64 4778.6 5042.42 5342.84 3495.96 3650.95 2851.66 3732.62 3553.89 4072.84 2949.03 2842.9 2693.43 3919.26 4601.35 5498.21 6615.09 4671.13 5495.99 4319.16 4879.06 4250.21 3860.97 3778.58 3888.91 5397.64 5670.96 4752.99 4333 4896.23 3600.54 3970.57 6440.81 6064.52 5318.35 5603.44 
5298.76 6690.04 6052.85 6479.14 0 7435.09 7275.5 7523.57 6746.42 7293.24 6897.16 7012.28 7359.07 6457.21 6825.53 8301.93 6473.37 6325.4 6277.22 6661.11 7238.89 10818.3 9721.17 10106.6 10618.2 11009 11390.6 11618.1 10764.5 10283.3 10524.7 10493.8 9573.82 10015.7 10521.7 10942.7 11155.8 10571.9 10517.6 12273.7 10834.3 12205.4 7610.55 7584.5 7217.27 7188.47 9109.77 10591.7 8354.72 8049.58 9135.61 8899.58 6804.6 8144.49 8016.73 7865.07 8234.9 7030.69 8498.52 9562.57 8517.49 7670.23 8604.41 7718.84 8056.03 6139.63 6175.86 6598.35 6227.58 10084.8 10587.3 8373.75 7141.69 10128.5 10921.8 5437.31 5355.53 7238.1 7950.41 6254.97 5615.69 10437 8238.99 7410.24 10659.2 9427.25 6522.06 10536.8 7852.52 13402.2 10573.3 16017.2 15795.4 10897.7 7717.32 8151.48 7365.33 7999.54 7711.52 7518.01 7875.18 7894.93 7791.85 7898.86 7757.46 7765.29 7765.52 7768.89 7634.36 8172.53 6411.46 8376.84 6581.1 7561.42 6198.59 6637.85 6100.21 7148.62 7494.68 7598 8738.18 7864.92 7642.49 7634.4 8274.01 7768.1 7999.94 7458.48 8071.73 8217.76 7462.84 7743.33 7270.97 8407.37 8192.24 8533.23 7968.21 8576.34 7691.47 8139.17 6830.79 7878.56 6542.57 7200.6 7116.26 6640.83 7176.91 6595.42 10447.4 6536.37 7194.63 7839.81 6982.85 8321.32 7630.01 6448.96 7718.84 6527.28 6865.69 6582.46 6621.85 5778.75 7144.95 6108.79 7221.5 5869.36 6524.6 6272.37 6259.2 6429.95 5999.33 6440.87 8889.73 10822.5 10286.3 10636.6 11070.3 10751.6 10178 9361.89 9323.19 9968.62 8666.3 8627.16 9745.08 7547.04 6852.1 7186.42 7089.31 6943.43 5595.37 5960.45 7070.24 6289.18 7239.42 6321.02 7797.6 5405.24 6629.07 8387.34 6945.76 7786.87 7504.18 9121.23 7112.22 7630.88 6730.51 7718.41 6357.12 6921.41 6898.81 6837.31 6515.16 6894.11 7129.74 8928.99 8962.11 8288.26 9023.01 7830.31 8416.99 7731.19 6820.09 7066.88 7601.25 8717.03 7732.68 8098.52 7028.11 7198.13 6881.78 7242.17 8849.97 8637.75 8074.07 8726.68 
5699.11 6626.62 5116.9 4663.44 7435.09 0 7041.73 6808.41 6453.89 6276.65 6441.09 6906.13 6803.79 6616.92 6456.25 8264.1 6979.81 6388.07 6652.02 5528.05 7378.67 9313.88 8337.85 9539.66 11172.5 11754.1 11642.1 11913.5 11454.9 10847.7 11341.6 9903.95 10150.7 10318.5 11074.8 11668.5 11244.7 10404.6 10426.6 12228 10909.5 12043.2 7679.05 8400.25 7573.43 7517.26 8368.35 11171.7 8788.28 8593.68 9742.71 8248.96 8786.03 8353.05 10915 9586.22 8885.35 9287.28 8483.12 7458.28 8471.59 8845.36 9641.22 9212.09 9931.52 5185.85 5594.35 5537.06 5231.77 11028.5 11199.7 10084.7 8250.48 11044.1 11429.4 6231.17 6639.1 7614.82 8478.82 5530.91 5854.19 10105.1 7450.64 6485.78 9948.5 9069.04 7545.48 10019.9 7255.71 11453.8 11707 16493.5 12492 10472 7560.25 8127.28 6816.59 7967.8 8115.86 7523.97 7996.59 8213.27 8085.67 8117.1 7939.17 7746.84 7867.23 7835.48 7783.52 8010.64 7002.22 8113.62 7369.54 7626.1 6231.88 6990.75 5553 7365.11 8371.25 8062.86 9186.44 8478.15 8292.88 8534.7 9209.65 8740.2 8763.16 8292.93 9103.87 9109.24 8356.44 8701.9 8270.9 8848.79 8876.43 9154.12 8265.55 9029.91 8618.88 8944.95 6444.22 7391.77 5890.15 7479.05 5205.42 6637.78 6118.96 6136.76 8831.66 6258.61 6764.17 7538.64 6660.66 7443.26 6490.38 5641.34 6747.36 6354.06 6719.85 6028.39 5995.66 5695.54 6945.93 5966.9 6665.11 5633.01 6215.02 6204.74 6054.52 6306.94 5663.12 6008.82 7207.9 10827.5 10212 10774 11079.9 11103.9 10305.9 10682.3 9119.37 9848.43 8639.8 8532.31 9609.11 8728.26 6957.48 6477.78 8085.42 7351.61 6427.89 7065.77 7055.22 6883.16 7356.16 6528.8 6796.25 6335.22 6379.81 7797.39 7797.37 8293.19 8321.96 9172.04 6411.29 6930.69 6275.14 7440.74 6621.64 7128.71 6802.79 6601.45 6347.67 7545.89 6615.21 7718.46 8955.23 7875.29 8591.1 7502.93 8042.93 7797.84 6740.22 6292.8 7412.24 7578.06 7572.12 8031.71 7996.59 7801.38 7312.98 7735.51 7866.74 7983.78 7709.41 8145.71 
3665.98 3290.05 3878.79 4773.49 7275.5 7041.73 0 5084.6 3459.51 4515.9 3476.95 4635.75 4667.02 4428.33 3166.64 4642.31 4538.97 3081.53 4569.62 3727.24 5547.46 6559.36 6980.33 5504.39 8910.47 9515.58 9224.7 9717.55 9150.18 8586.36 8880.18 8039.85 7985.91 8166.17 8756.4 9380.95 8520.75 7894.71 8045.86 9713.36 8376.1 9558.44 5766.24 5928.94 5189.52 5027.24 5946.38 7403.31 5201.4 6626.69 5711.85 8622.91 6637.54 7227.66 8331.42 8074.56 6227.6 6736.08 7869.64 7272.02 6005.75 7215.15 6739.1 6555.21 7298.77 4324.33 4607.02 4475.51 3965.27 5842.62 6776.49 6022.55 4542.03 5686.44 8240.18 5803.99 5474.8 4370.12 4067.2 4815.22 4842.56 12485.9 3660.68 4963.85 6811.33 4760.92 7373.35 8564.11 4648.36 12277.7 7789.97 12718.9 14384.3 6289.47 5745.27 5744.64 5167.46 5441.56 5834.43 5150.63 5986.22 5627.78 5752.56 5588.59 5396.14 5261.96 5442.37 5444.27 5347.34 5611.86 4466.95 5160.33 4399.37 4604.05 4215.33 4301.33 3355.8 5296.47 5992.72 5976.52 6550.46 6032.46 5760.38 5998.73 6549.29 6305.07 6213.4 5907.41 6502.34 6492.96 6063.37 6264.54 5806.98 6269.94 6205.25 6366.03 5820.76 6445.03 6187.12 6514.82 4491.39 4481.9 3240.45 4267.51 5560.18 4446.96 4337.98 4500.97 8529.97 4134.97 4863.38 5690.96 4525.89 6716.7 5145.66 4335.88 5794.41 4195.04 4480.29 4082.61 3179.44 2767.96 4826 3236.6 3528.69 3777.12 3630.54 3768.32 3921.64 4171.8 3451.71 3753.22 5713.81 5910.34 5660.35 6241.82 6034.17 6310.95 5381.66 7340.7 4505.81 4905.88 3747.51 3687.47 4903.81 5659.27 4082.83 3768.59 4899.09 5276.24 4196.19 4106.01 4159.31 4028.08 4747.97 4079.61 4949.22 4042.71 3229.46 3530.83 3676.22 3710.66 3677.36 4120.41 4496.06 4386.71 3930.12 3285.08 3304.42 3491.53 3255.26 3384.04 3072.5 3650.88 3371.76 6420.43 4861.11 3278.83 3778.33 3242.01 3278.58 3972.33 4360.51 4192.29 3709.35 4772.26 4616.08 4637.11 5501.55 3964.74 4750.61 5111.79 6133.54 6560.27 6210.46 6507.68 
4204.48 3803.12 4024.4 4317.24 7523.57 6808.41 5084.6 0 3896.14 2156.86 3085.25 3057.04 2861.74 2809.79 3683.88 4173.28 3051.95 4795.47 3309.27 3778.51 2918.61 5150.98 3890.68 5628.24 7000.84 7568.88 7368.89 7785.04 7322.67 6884.32 7281.17 5894.14 6055.43 6273.05 7105.13 7544.41 7552.83 7174.05 7038.55 8617.93 7203.14 8805.35 3744.67 4459.41 3703.15 3587.8 4408.45 6901.69 4855.76 8116.84 5769.66 9536.87 7591.08 8587.64 10372.9 9460.4 4684.94 7687.15 9727.67 7973.08 4702.5 8103.12 7734.82 7852.7 8536.25 4578.49 3402.14 4845.31 3950.35 8067.06 7024.57 8427.41 6270.77 7595.87 6485.15 6215.65 5719.64 5890.09 5173.6 4578.58 4866.9 14370.6 4071.59 7081.33 5263.59 5681.34 9086.9 4709.78 5681.26 15414 9724.3 14897.9 13959.6 5458.98 3653.51 4571.16 3407.98 4438.67 4049.49 3978.07 4046.56 4404.9 4526.26 4453.01 4204.15 4202.49 4221.46 4278.7 4212.31 4649.89 3917.14 4746.9 4079.6 3840 2576.84 3280.17 2932.41 3726.44 4269.3 3903.22 5319.03 4573.91 4296.17 4487.58 5072.91 4542.76 4714.05 4254.51 4993.1 5065.95 4298.09 4574.95 4215.55 4897.78 4882.27 5139.76 4225.53 5148.55 4535.8 4972.51 2739.69 5814.98 3508.54 3755.39 5849.49 2889.31 4953.07 4176.33 8970.56 2744.14 2931.16 3183.5 2663.59 7472.65 5170.56 4056.95 6796.85 2844.45 3321.06 2535.35 3092.34 3781.29 3179.34 3237.23 3409.78 3859.46 2283.8 2598.57 2456.58 2523.55 2483.28 2386.79 6514.52 7527.64 6538.39 7321.1 7650.01 7558.11 7456.61 7810.05 5893.67 6446.92 5584.33 5053 5796.72 5434.84 3503.7 4482.64 6073.19 4328.83 4228.28 5445.38 4219.99 4151.91 4586.85 4164.09 2734.86 4724.55 3795.74 4841.51 5398.94 4708.77 5071.7 5514.62 2571.11 3251.49 2580.87 4407.39 4026.06 4527.41 3633.84 3405.82 3168.35 3643.16 4121.92 4902.69 6554.74 4626.65 5756.63 4531.42 4826.55 3941.5 2814.77 2642.67 3785.8 3682.43 6674.56 4579.28 4223.95 5694.38 3749.75 4060.84 6792.09 5850.02 3525.98 2932.23 
3025.75 3507.36 2333.39 2684.25 6746.42 6453.89 3459.51 3896.14 0 3091.43 1890.15 3638.73 3186 3045.25 2255.79 3777.95 3408.2 2567.71 3181.11 1798.8 4244.94 5358.65 5797.33 4425.56 7483.92 8062.05 7822.09 8123.95 7628.81 7124.82 7356.41 6853.99 6492.89 6679.84 7235.17 7827.71 7235.45 6452.82 6482.34 8271.19 6961.32 8042.29 4415.32 4574.32 3772.64 3671.41 4196.23 5891.76 3490.19 6547.49 4271.17 8338.48 6487.98 6861.86 8420.42 7123.31 4945.22 6057.23 7195.63 6777.93 5034.12 6364.86 6025.1 6903.59 6403.88 2882.73 2886.35 2979.45 2233.99 6474.8 5401.7 6895.05 4864.82 6304.38 6354.92 4902.57 4416.97 4452.4 4084.46 3189.42 3606.41 12681.2 3534.05 5596.42 5697.98 5418.24 7316.89 7231.28 4765.01 12818.8 8838.12 13753.1 12493.5 5722.2 4755.34 4214.48 3930.41 4034.47 4494.33 3612.99 4498.36 4336.39 4156.38 4145.46 3985.87 3844.45 3977.54 3889.02 3877.12 4130.89 3742 3512.96 3794.07 3574.08 3121.03 3508.95 2447.19 4438.52 4526.44 4743.38 5306.64 4503.66 4361.83 4629.29 5213.27 4896.21 5060.44 4438.16 5285.68 5183.32 4558.01 4782.65 4422.65 4865.39 4907.61 5114.04 4747.75 5113.33 4779.77 5065.61 3331.87 4594.46 2640.67 3388.18 4750.72 3014.47 3721.64 2589.24 7890.99 2557.48 3528.06 4388.23 3351.89 5563.18 4138.12 3013.13 5771.82 2796.14 3006.02 2792.22 2477.08 2161.76 3614.37 2059.19 2750.77 3118.59 2262.95 2278.43 2484.88 2704.63 2092.67 2372.66 4620.96 6493.44 5136.68 5421.06 6404.74 6175.33 5819.9 7552.12 4093.09 4565.44 3822.03 3199.77 3925.66 5231.46 3180.61 4361.11 4271.53 4708.86 3107.05 3269.88 3934.31 3366.61 4615.09 3395.1 3788.56 3226.2 3052.85 4270.62 4147.65 3588.64 4223.54 4086.05 3065.5 2729.13 2194.05 2258.57 3204.63 3363.38 1911.75 1702.66 1907.77 2700.23 3761.62 4449.19 4963.22 3171.62 3730.3 2733.72 3279.61 2804.3 3288.2 3434.75 2623.25 4272.96 4967.13 3149.59 4099.96 4008.26 3332.75 3718.28 5669.51 5413.53 5166.79 5310.93 
3512.11 3104.97 3410.15 3559.87 7293.24 6276.65 4515.9 2156.86 3091.43 0 2335.55 2707.09 2281.77 2539.26 2849.31 3933.48 2887.59 4220.33 3236.8 2946.5 2715.51 4184.97 3724.99 4899.02 6889.62 7355.77 7417.28 7669.4 7097.16 6533.93 6933.68 5531.28 5895.56 6056.77 6706.59 7311.12 6982.57 6551.69 6393.28 8017.83 6802.51 8179.21 3692.8 4029.63 3269.92 3335.31 3524.46 6402.19 4281.27 8038.86 5203.55 9522.52 7698.38 8473.64 10103.9 9088.26 4497.23 7495.34 9258.44 7801.81 4376.91 8108.39 7156.23 7963.86 8179.22 4005.05 2995.18 4035.61 3262.3 7696.89 6581.44 8166.58 5926.96 7457.56 6233.63 5756.85 5335.8 5504.82 5009.87 4073.3 4469.4 13694.7 3738.23 6548.92 4973.23 5218.42 8366.59 4994.31 5333.98 14614.4 9912.23 14267 13216.1 5519.93 3453.1 3872.66 2933.47 3714.9 3914.7 3258.03 3956.78 3912.64 3853.96 3786.04 3666.71 3596.83 3625.61 3736.23 3410.42 4075.98 3827.12 4014.88 3918.94 3297.03 2579 3230.36 2504.46 3953.15 4047.64 3958.45 4974.76 4161.21 3993.84 4199.9 4880.97 4367.36 4583.04 4012.59 4891.84 4783.99 4046.96 4353.53 3996.7 4596.4 4549.23 4882.2 4042.59 4755.65 4277.73 4572.78 2271.24 5271.9 2969.84 3292.15 5245.06 2306 4660.38 3706.18 8408.97 1986.38 2662.34 3268.09 2378.79 6825.07 4762.41 3675.64 5752.78 2134.53 2555.08 1709.82 2380.87 3037.92 2822.49 2536.55 2899.52 3294.18 1614.21 2042.11 1843.01 2060.42 1846 1651.74 5877.36 7215.46 5997.02 6848.13 7313.02 7024.31 7033.21 7411.93 5149.14 5810.31 4766.96 4301 5059.65 5411.59 3533.52 3969.23 5456.17 4234.45 3764.82 4702.8 3660.79 3567.31 4079.42 3757.74 1935.37 4075.48 3298.79 4553.17 4953.16 4334.87 4710.35 5037.32 1629.55 2459.57 1772.03 3483.17 3606.34 4190.6 2786.63 2371.56 2445.6 3150.34 3713.86 4671.19 5990.45 3902.67 4972.94 3721.33 4225.88 3675.06 2458.75 2746.58 3596.62 3315.02 6377.31 4001.13 4229.87 4879.55 3605.98 3599.08 6403.71 5679.75 3593.46 3249.7 
2666.2 3071.01 2672.47 2950.48 6897.16 6441.09 3476.95 3085.25 1890.15 2335.55 0 3537.43 2810.04 2879.45 2190.35 3713.8 3342.51 3102.98 3075.42 2039.19 3821.03 4716.61 5067.22 3937.18 7257.09 7803.76 7878.64 7998.79 7519.32 6951.51 7361.02 6596.91 6345.7 6504.44 7092.47 7719.55 7258.82 6590.21 6589.7 8242.71 7056.74 8246.67 4265.92 4437.92 3725.31 3618.44 3847.31 6193.92 3938.52 7114.53 4866.13 8785.3 6884.65 7399.46 8925.57 7846.79 4938.15 6529.15 8034.31 7188.76 4353.69 7021.95 6052.4 7346.54 6947.47 3246.77 2960.17 3333.49 2576.63 6691.99 5858.47 7018.08 5015.74 6644.78 5932.54 5200.95 4739.2 4559.44 4224.4 3428.38 3892.67 12856 3206.11 6060.09 5251.94 5083.81 7517.11 6535.92 4621.66 13314.4 8782.17 13395.5 12707.6 5458.84 4440.11 4106.93 3746.98 3933.09 4364.01 3546.28 4409.47 4239.26 4180.97 4080.78 3900.31 3824.13 3867.78 3946.69 3760.35 4152.78 3810.88 3412.57 3733.99 3487.22 2893.87 3272.38 2213.35 4270.32 4456.64 4632.16 5281.01 4553.54 4393.86 4645.41 5268.01 4890.05 5020.97 4385.11 5337.04 5192.86 4496.93 4867.23 4470.77 4900.98 4961.42 5131.59 4638.68 5135.92 4711.62 4911.74 2852.92 4592.67 2502.75 3096.54 4673.35 2859.76 3882.52 2974.01 7971.73 2293.74 3300.55 4113.39 2985.31 5852.6 4099.27 3203.12 5802.33 2460.12 2838.94 2382.12 2083.69 1969.51 3543.03 1816.74 2421.82 2838.8 1849.88 1961.31 2299.3 2536.39 1765.2 2175.89 4725.25 6670.86 5553.59 5927.81 6627.61 6428.67 6053.25 7330.23 4479.25 4988.36 4057.37 3630.1 4477.69 5244.04 3042.84 4046.54 4259.78 4507.19 2943.11 3602.7 3397.17 3170.93 4015.34 3073.27 3030.95 3179.39 2838.53 4119.12 4153.92 3722.65 4193 4315.71 2176.89 1995.56 1707.25 2405.8 3061.47 3612.54 1983.32 1777.47 1984.43 2664.75 3249.28 4724.06 4472.63 2966.84 3758.69 2736.35 3262.66 2887.53 2710.96 2836.62 2891.63 3764.82 5123.23 2955.55 4194.4 4061.68 3404.28 3779.22 5438.54 5231.88 4907.4 4282.99 
4060.39 3451.04 3452.38 3867.83 7012.28 6906.13 4635.75 3057.04 3638.73 2707.09 3537.43 0 2633.85 1914.22 3650.37 4575.23 2270.04 4239.62 2649.59 3719.26 2694.96 6185.74 4418.58 6320.44 5423.06 6102.92 5805.53 6456.64 5634.34 5007.3 5538.73 4536.46 4322.84 4831.16 5536.63 5931.7 5600.03 5332.03 5260.24 6817.89 5368.42 6914.1 2164.79 2575.84 1893.54 1734.29 3978.82 6138.46 3915.73 7761.84 4815.54 9085.81 7266.6 7982.29 9739.34 8865.26 2947.6 6994.47 8921.29 7001.25 4617.14 7631.99 7287.81 7630.08 8041.23 3930.14 3241.16 4251 3397.67 7438.18 6749.95 7722 5506.18 6978.35 6757.98 5465.78 5015.73 5335.76 4845.03 3919.99 4198.01 13935 4320.43 6756.2 6162.53 6429.55 8624.85 5334.54 5755.97 15284.9 9821.96 16251.2 13418.9 6526.98 2108.37 2835.65 1782.98 2655.38 2454.96 2196.23 2536.5 2554.8 2564.34 2505.03 2357.92 2443.86 2410.49 2496.81 2432.18 2959.87 3515.21 4619.51 3901.71 2990.42 2304.57 2597.88 2667.71 3548.09 2544.56 2369.02 3444.32 2603 2472.7 2529.61 3137.63 2789.18 2729.14 2473.14 3095.96 3080.57 2543.6 2570.77 2318.75 2943.17 2857.6 3168.81 2534.95 3180.59 2639.02 3112.16 1690.75 5970.18 2979.59 3421.6 6183.16 1626.68 5176.98 3692.55 10011.9 1811.65 2021.46 2676.51 2209.45 6538.61 5075.78 3619.82 7249.94 1476.75 1671.9 1927.42 3060.76 3422.33 1524.13 2788.88 3624.84 3659.79 2162.22 2358.84 1881.84 1908.18 2051.09 1961.53 6720.94 6915.48 5804.76 6720.83 6981.98 6823.6 6714.94 7095.45 5468.24 6012.18 5002.41 4625.88 5543.99 4628.77 3543.12 4462.71 5901.49 4127.53 4077.76 4677.87 3890.73 3710.69 4632.65 3870.15 2372.7 4243.16 3487.04 4683.45 4826.55 4266.63 4687.63 4890.69 3192.93 4025.34 2441.22 4266.53 3462.81 3762.45 3220.55 2963.49 2676.15 3565.55 4393.96 5536.57 7165.96 4830.3 5940.99 4685.1 4918.24 3827.01 2899.76 3126.01 3442.35 4516.23 6592.36 4596.02 3399.03 5335.78 2999.28 3122.62 7486.66 6534.29 2494.44 3637.35 
4011.09 3849.02 3950.56 3924.91 7359.07 6803.79 4667.02 2861.74 3186 2281.77 2810.04 2633.85 0 2366.1 3015.09 3469.05 2920.21 4614.23 3234.08 3337.53 3010.08 4552 4214.38 4874.8 6737.68 7378.72 7382.15 7673.86 7158 6398.64 6979.97 5828.53 5764.98 6069.89 6867.88 7313.54 7218.43 6822.28 6677.41 8325.72 6937.99 8462.51 3614.36 3962.04 3436.48 3395.8 3632.79 5995.77 3805.66 8132.58 4784.43 9653.97 7556.23 8573.21 9843.92 8684.16 4732.56 7016.97 9239.57 7814.28 4922.8 7577.92 6922.06 7630.4 7772.56 4333.94 3400.29 4636.59 3831.43 7751.69 6029.8 8177.33 6277.93 7435.08 5595.49 6200.28 5681.84 5977.45 5066.38 4477.18 4886.33 14275.5 3638.45 6835.7 4714.28 5248.75 8971.44 5295.62 5364.15 14994.2 9512.3 14519.4 13766 5562.54 3278.55 4228.14 3003.37 3972.5 3902.34 3579.53 3712.18 4042.18 4097.41 4099.24 3870.48 3900.42 3884.68 3961.25 3763.54 4367.53 3851.18 4068.32 4119.4 3676.48 2633.29 3227.26 2864.93 3887.26 3973.62 3675.34 5123.86 4154.21 3999.73 4198.99 4760.66 4326.93 4414.86 3883.85 4668.61 4638.96 4004.27 4290.07 3867.53 4745.1 4662.55 4907.43 3896.95 4936.18 4201.51 4591.95 2224.45 5013.89 3348.17 3195.73 5922.31 2390.41 4665.41 3904.7 8824.17 2183.2 2444.36 2892.41 2583.44 6979.41 5070.48 3957.63 6567.92 2455.1 2873.4 1941.97 2705.24 3564.33 2927.33 2704.25 2785.45 3660.27 2056.57 2041.66 2212.21 2141.15 2390.41 2285.66 5977.03 7453.71 5939.6 6645.47 7407.52 6944.63 7109.03 7759.14 4989.63 5723.84 4783.06 4149.72 4832.78 5507.81 3531.61 4570.91 5032.71 4605.97 3612.47 4485.91 4041.03 3540.97 4773.75 4088.55 2455.95 4244.44 3887.47 4658.63 5038.83 4160.67 4803.99 4790.19 2427.23 2798.25 1913 3411.72 3932.75 4542.94 2670.8 2286.51 2753.39 2977.39 4030.74 4369.69 6087.68 4026.38 4849.54 3752.92 4132.5 3408.66 2492.54 2918.14 3120.5 3719.31 6074.38 3726.2 4260.19 5217.95 3811.44 3870.56 6791.58 5645.86 3524.57 3582.62 
3252.78 2981.29 2878.18 3198.15 6457.21 6616.92 4428.33 2809.79 3045.25 2539.26 2879.45 1914.22 2366.1 0 2931.29 3961.17 2174.36 3608.79 2122.78 3021.79 2330.49 5861.99 4318.41 5683.45 5346.18 6017.43 5602.79 5839.67 5500.72 4975.7 5494.51 4669.29 4431.1 4579.95 5220 5712.8 5601.18 5144.87 5087.63 6679.67 5467.03 6803.56 2336.84 2706.11 2196.35 2172.41 3431.46 5768.27 3550.41 7407.97 4472.37 8484.24 6940.62 7626.94 9466.74 8497.68 3272.34 6570.48 8668.35 7024.04 4768.87 7452.39 6903.6 7650.85 7451.75 3457.23 2728.18 3464.63 2624.58 7103.49 6146.28 7158.14 5372.31 6559.03 6400.3 4939.53 4527.36 4735.06 4042.26 3253.39 3655.76 13256 3797.57 6793.57 5906.23 6249.52 7865.06 5460.44 5348.33 14494.2 9979.92 15788.3 12674.4 6223.65 2492.7 2712.07 2093.03 2444.65 2594.32 2138.52 2588.69 2681.97 2726.36 2617.48 2527.58 2449.59 2485.52 2617.44 2269.72 2854.11 2998.15 4023.66 3192.02 2933.56 1632.91 2297.47 2378.72 2967.66 2752.75 2286.98 3816.99 2929.12 2705.66 2974.89 3519.62 2862.87 3211.19 2793.23 3213.51 3450.78 2804.12 2924.98 2483.52 3263.02 3314.32 3446.5 2919.43 3428.23 2950.95 3313.3 1635.71 5899.66 2607.93 3136.24 5436.78 1282.93 4806.01 3141.33 9985.17 1137.53 1643.5 2460.81 1575.32 6227.7 4664.82 3219.06 6916.08 1244.34 1522.91 1462.19 2688.96 2697.82 1809.66 2173.62 3102.11 3444.7 1935.84 1707.68 1201.27 1345.37 1559.57 1399.78 5918.98 6701.28 5403.19 6239.08 6595.69 6678.36 6421 6887.01 4641.65 5352.09 4215.73 3974.1 4783.96 4378.21 2824.07 4027.1 5282.37 4042.85 3407.56 4056.96 3582.51 3073.34 4310.33 3235.09 2381.48 3694.07 3178.6 3997.02 4281.82 3711.08 3885.14 4652.59 2697.97 3449.34 1661.74 3517.02 2956.66 3570.45 2493.89 2357.78 1995.63 2896.31 3951.25 5456.49 6568.16 4156.62 5289.82 3904.36 4301.73 3038.83 2537.31 2689.93 3082.02 4346.57 6253.99 4250.22 2786.97 4590.24 2433.04 2646.91 6782.33 6399.86 2906.1 3457.85 
2918.92 2851.47 2783.84 3317.2 6825.53 6456.25 3166.64 3683.88 2255.79 2849.31 2190.35 3650.37 3015.09 2931.29 0 3355.79 3398.38 2887.56 3374.39 2227.34 3935.98 5113.9 5442.47 4476.78 7469.7 8059.36 8053.74 8181.47 7705.66 7140.88 7495.39 6903.15 6513.64 6629.82 7246.91 7872.14 7537.36 6896.74 6859.84 8520.34 7300.87 8535.34 4364.81 4581.19 3801.82 3771.18 4485.77 6442.02 3592.14 7019.52 4723.74 8662.94 6833.51 7361.73 8691.89 7726.9 5149.89 6436.72 7941.32 7288.9 5168.56 6937.39 5976.47 6820.35 6821.2 3312.44 3392.66 3518.97 2898.47 6184.72 5818.25 6470.61 4797.91 6149.93 6610.05 5396.86 4924.73 4364.11 4090.18 3963.69 4320.33 12616.3 3157.13 5792.2 5548.64 4708.23 7314.98 7238.21 4709.69 12736.8 8407.06 13394 13097.3 5521.4 4612.75 4402.15 3707.51 4179.15 4498.49 3807.2 4489.97 4396.36 4405.32 4367.04 4184.04 4101.29 4120.92 4234.55 4004.59 4502.82 3450.88 3611.13 3402.19 3622.2 2707.97 3301.97 2318.29 4010.58 4548.34 4674.53 5500.82 4629.71 4500.13 4682.58 5388.37 4889.14 5035.64 4428.87 5368.07 5263.51 4615.32 4853.05 4473.36 5142.46 5077.95 5375.81 4810.13 5323.42 4755.67 5086.5 3157.66 4715.25 2626.05 2924.82 4689.56 2865.21 3834.72 3288.43 8154.52 2546.78 3344.68 4224.99 3234.36 5924.81 4412.25 3361.49 5807.07 2780.21 2973.55 2646.55 1862.78 1905.08 3596.98 2071.32 2054.82 3259.59 2339.21 2096.17 2390.33 2614.13 2053.96 2088.31 4759.63 6261.47 5156.22 5553.54 6303.29 6040.03 5775.04 6764.95 3934.6 4648.85 3588.3 3257.18 4182.53 4926.38 2955.06 3487.52 4122.14 4614.19 2927.18 3190.14 3571.15 2893.7 4172.63 3290.95 3631.32 3221.53 2705.13 3865.18 3743.68 3478.96 3763.13 3879.58 2803.44 2828.33 2142.31 1990.26 2838.08 3271.01 1871.7 1771.03 1938.86 2433.79 3095.45 5190.43 4800.67 2749.72 3416.79 2386.28 2798.82 2929.89 3011.57 2940.99 2672.93 3766.83 5098.6 3445.07 4256.96 3446.2 3469.36 3892.55 5974.65 5489 4892.14 5104.25 
5142.09 4138.69 5068.36 5399.41 8301.93 8264.1 4642.31 4173.28 3777.95 3933.48 3713.8 4575.23 3469.05 3961.17 3355.79 0 3973.47 4619.29 4266.74 4169.58 4413.42 5643.1 6139.87 5068.86 8300.96 8797.72 8986.02 9220.99 8641.57 7912.43 8184.83 7968.36 7409.32 7483.92 8231.03 8689.74 8781.7 8420.61 8309.6 9910.68 8550.1 10063.5 5439.48 5387.84 4947.57 4966.7 5021.76 6255.95 4376.66 7562.39 4932.98 9504.25 7735.19 8274.27 9205.79 8646.22 6091.69 7052.31 9275.11 8033.11 6104.42 7771.24 7122.29 7821.62 7614.36 5459.92 4671.3 5627.43 4875.89 7017.11 5502.52 7259.22 6022.47 6284.27 6230.32 7472.93 6874.89 6099.55 4943.14 5665.37 6258.58 14907.7 3520.16 6994.1 5123.79 4685.12 9663.14 6521.77 5917.12 14675.3 8808.6 13928.5 15237.3 5101.89 4794.2 5892.8 4893.21 5674.44 5806.91 5271.9 5453.57 5550.15 5719.11 5697.61 5539.33 5596.63 5523.41 5660.4 5395.58 6076.83 4944.47 4718.66 4678.97 4479.01 3779.7 4144.07 4259.71 4403.49 5123.29 4991.84 6398.87 5458.58 5347.08 5280.42 5788.39 5328.55 5599.39 5024.81 5676.15 5724.98 5174.56 5351.9 4985.02 6061.04 5856.5 6134.89 5339.46 6188.75 5265.44 5698.43 4066.52 5279.68 3928.62 3455.82 6481.26 4095.43 5150.01 5159.03 8947.23 3970.7 4195.09 4491.89 4203.1 7492.16 6337.09 5213.18 7296.66 4214.7 4594.54 3841.82 3523.73 4257.79 4396.47 3866.43 3583.28 5230.79 3582.01 3472.83 3752.5 3870.22 3905.53 3824.02 5987.15 7270.74 6125.06 6797.97 7271.32 6866.11 6871.48 7795.07 4758.91 5611.97 4673.45 4176.13 4684.85 5498.14 4049.18 5026.45 5327.32 5256.17 4660.69 4958.87 4576.56 4532.42 5711.75 4878.25 4217.62 5120.78 4637.73 4608.96 4781.78 3752.73 4222.34 4721.78 4034.13 4177.02 3521.01 3356.57 4562.13 4854.92 3362.74 3339.36 3385.8 2970.16 4576.68 5187.31 5537.96 3535.84 4271.02 3653.52 3840.8 3605.6 3622.83 3883.13 3487.12 4547.69 5543.79 4314.03 5256.96 5200.6 4941.04 5032.38 7367.95 6067.92 5122.77 5433.17 
3718.11 3218.9 3167.12 3498.56 6473.37 6979.81 4538.97 3051.95 3408.2 2887.59 3342.51 2270.04 2920.21 2174.36 3398.38 3973.47 0 3932.39 2286.89 3435.86 2666.81 6496.09 5562.22 6154.32 6144.08 6481.45 6804.52 7358.77 6285.47 5707.5 5847.05 6122.27 5144.4 5583.58 6101.26 6492.12 6327.11 5957.98 6041.23 7583.29 6035.99 7617.81 3425.53 2729.81 2552.46 2206.48 4473.74 5557.98 3563.99 6732.36 4039.89 7875.73 6566.82 6907.8 8525.41 7892.56 3160.23 6137.4 8023.62 6477.24 3850.7 7277.07 6456.68 7500.18 7085.2 3724.08 2811.42 3930.15 3064.76 6842.98 5600.37 6723.42 4622.01 6003.73 5993.48 4888.84 4469.18 4740.42 4082.85 3692.74 3727.39 13604.9 4420.92 6586.59 6209.27 6150.42 8295.03 5736.5 5992.32 14946.9 9158.43 16104.7 13115.3 6550.8 2993.77 3647.73 3040.37 3463.98 3395.82 2974.47 3424.23 3023.56 3231.69 3248.9 3152.85 3228.82 3224.39 3249.72 3109.73 3563.93 2887.21 4194.77 3455.79 2409.74 2061.24 2494.82 2565.15 3388.34 2258.64 3163.55 3558.35 2462.23 2614.97 2506.8 2726.84 2772.98 2766.3 2284.48 3014.03 2804.84 2484.7 2652.67 2401.31 3152.01 2794.38 3185.79 2628.17 3349.69 2497.03 2977.1 2264.77 5862.48 2970.08 3144.84 5789.02 2131.37 4992.57 3273.43 10009.6 2183.17 2770.86 3405.18 2625.29 6145.66 4958.68 3424.74 7188.1 2255.54 2493.24 2234.34 2966.52 3100.2 2288.91 2432.48 3502.76 3665.06 1961.21 2139.56 1882.06 2187.81 1859.54 1908.82 6391.83 6257.37 5344.57 6071.71 6229.09 5994.68 6072.88 6118.14 5227.82 5659.63 4734.62 4296.27 5288.09 3413.74 3296.71 4451.22 5506.24 3581.98 3674.68 4166.98 3787.7 2987.1 4255.51 3355.86 3109.22 3714.42 3371.44 4734.03 4009.53 3517.4 3787.65 4302.23 3102.12 3828.7 2472.59 3922.82 3115.88 3269.07 2884.65 2734.25 2369.05 2887.03 4249.48 5520.39 6954.28 4563.69 5744.25 4402.3 4595.49 3693.56 2777.03 3243.51 3387.19 4792.36 6573.01 4618.81 2403.37 4998.08 2203.92 2208.79 7389.16 6076.01 3700.18 4220.22 
3400.31 2503.15 2330.13 3416.49 6325.4 6388.07 3081.53 4795.47 2567.71 4220.33 3102.98 4239.62 4614.23 3608.79 2887.56 4619.29 3932.39 0 3770.75 2888.24 5085.95 6992.03 6857.65 5856.25 8148.69 8721.69 8447.67 8762.8 8269.68 7765.89 8062.36 7520.81 7159.96 7344.83 7882.04 8469.44 7808 6993.72 7092.17 8826.13 7516.87 8619.42 4949.57 5115.1 4277.23 4197.63 5558.09 7097.24 4657.97 6735.26 5564.33 7476 7118.47 6960.91 8575.15 7958.47 5525 7119.35 7619.6 6293.08 5845.14 7520.52 6390.61 6988.55 7188.68 2869.98 3683.32 3190.46 2606.64 5691.86 6961.4 5288.88 3826.9 5548.77 8104.78 5041 4556.49 3560.98 3583.4 3816.87 4044.94 11251.7 4251.83 5167.47 7371.88 4973.81 6136.33 8452.2 4176.87 11587.5 8236.23 13271 13048.2 6981.12 5356.05 4872.71 4484.55 4584.52 5066.36 4244.95 5134.4 4877.66 4744.66 4764.87 4635.24 4430.87 4585.78 4518.49 4484.26 4721.01 3284.27 4777.71 3345.09 4044.86 3386.97 3782.42 2846.93 4526.19 5078.42 5336.43 5828.43 5041.16 4930.9 5171.09 5768.06 5425.36 5527.67 4935.61 5763.61 5682.11 5137.06 5312.5 4921.38 5383.26 5421.99 5683.51 5295.26 5655.65 5296.37 5624.08 3999.33 4795.95 2507.16 4301.24 4807.33 3751.36 3914.59 3364.14 9025.04 3263.54 4390.56 5342.67 4154.2 5778.63 4363.59 3211.36 5688.39 3342.79 3522.01 3500.39 2961.84 1951.82 4178.42 2873.27 3668.63 3208.89 3264.95 3100.12 3151.4 3454.58 2641.26 3066.18 5218.1 5923.66 5747.1 6442.72 6202.75 6468.61 5301.27 6037.95 4542.12 5141.44 3791.86 3955.33 5137.68 4817.43 3760.45 2851.53 4125.17 5005.46 3288.95 3540.03 2983.72 3020.28 3509.71 3037.28 4561.72 3246.54 2584.11 3768.3 2961.1 3624.96 3460.09 4429.66 4018.28 4245.24 3348.26 3236.96 2260.5 2384.51 2874.91 3020.02 2360.21 3758.96 3246.38 6058.53 5590.14 3516.49 4026.35 3154.16 3452.52 3825.88 3994.23 3945.14 3508.39 5054.06 5052.29 4728.14 4715.34 2691 3870.18 4280.47 5783.65 6000.45 5784.52 6180.55 
3450.93 3520.12 3065.44 3331.92 6277.22 6652.02 4569.62 3309.27 3181.11 3236.8 3075.42 2649.59 3234.08 2122.78 3374.39 4266.74 2286.89 3770.75 0 3302.86 3042.12 6749.3 5444.05 6350.3 6317.41 6825.42 6579.97 6872.12 6336.07 5968.75 6081.19 5524.23 5207.99 5569.84 6254.03 6571.95 6500.02 5985.44 5951.85 7649.68 6242.84 7723.83 3298.44 3594.65 3152.73 2930.55 4608.12 6114.93 4005.01 6873.4 5015.14 7891.71 6536.84 6974.95 8977.51 8179.04 3914.73 6026.33 8124.44 6276.68 4014.28 6922.34 6334.33 7287.96 6848.28 3420.57 2490.13 3719.41 2848.22 6713.18 6089.73 6582.61 4829.17 6404.33 6748.11 4591.84 3958.73 4365.56 4156.99 3027.83 3418.98 13396.1 4301.53 6368.41 6234.81 6318.69 8040.7 5891.65 5310.74 14720.8 9263.43 15906.1 12886.8 6449.03 3095.82 3959.4 3274.09 3762.31 3477.45 3214.26 3616.79 3914.49 3563.26 3556.38 3560.39 3503.84 3547.69 3450.69 3407.23 3674.45 3139.31 4031.07 3356.15 3191.67 2229.97 2629.15 2319.09 2996.58 3324.03 3150.41 4493.88 3435.25 3262.64 3554.52 3979.86 3287.97 3855.96 3351.17 3731.28 4072.01 3276.48 3403.41 3166.7 3780.88 3874.47 4038.76 3387.78 3978.06 3524.68 3620.12 2343.31 5570.02 2554.69 3043.18 5688.68 2461.89 4706.52 3169.8 9774.76 2333.12 2748 3194.14 2675.43 5950.02 4710.7 3182.26 6926.08 2568.27 2857.57 2504.18 2993.8 2869.53 2627.73 2377.44 3632.15 3306.25 2505.98 2452.1 2198.92 2393.95 2013.5 2446.23 6040.74 6839.6 5916.99 6329.77 6694.25 6647.67 6126.73 6758.64 5232.5 6041.48 4884.95 4796.26 5712.69 4011.24 2801.53 4274.18 5199.53 3360.46 3326.09 4209.8 3786.08 3251.78 4174.7 2877.81 3480.35 3747.38 3391.9 4493.77 4298.1 4093.33 4416.57 4926.55 3357.11 3789.39 2887.55 3985.07 3213.04 3529.15 3173.97 3054.28 2768.13 3332.43 4177.69 4972.65 6640.18 4605.22 5523.2 4339.43 4841.81 3633.94 2751.34 3080.42 3299.75 4558.05 5987.15 3882.43 2286.43 5070.28 2341.8 2660.07 6954.19 5985.31 3597.91 4227.61 
2869.29 3309.03 1863.89 2469.37 6661.11 5528.05 3727.24 3778.51 1798.8 2946.5 2039.19 3719.26 3337.53 3021.79 2227.34 4169.58 3435.86 2888.24 3302.86 0 4095.12 5516.58 5650.38 4815.73 7552.5 8088.76 8093.63 8221.33 7708.45 7205.04 7544.64 6884.74 6554.08 6774.8 7317.36 7923.13 7461.45 6589.17 6611.17 8449.95 7084.52 8227.77 4396.7 4584.67 3752.17 3706.33 4712.02 6536.18 4066.99 7106.67 5037.66 7917.06 7034.84 7139.18 9051.58 7884.95 5078.6 6672.12 7574.61 6519.59 5039.05 7219.38 6680.34 7671.57 7161.75 2453.23 2291.5 2484.83 1784.34 6880.05 6337.85 7200.26 5203.22 6783.78 6823.84 5130.01 4616.47 4653.57 4464.42 2807.55 3711.86 11869.9 3739.47 5504.69 6144.81 5572.73 6782.06 7408.99 4932.85 12260.6 9295.21 14239.5 11576.4 6262.1 4703.07 4337.5 3804.84 4121.78 4483.72 3722.32 4545.77 4383.57 4251.75 4290.82 4105.57 3931.45 4034.35 4008.02 3971.19 4195.25 3795.6 3916.25 3962.59 3676.22 3043.38 3504.94 2448.45 4432.84 4540.31 4828.04 5352.96 4623.32 4471.72 4714.56 5390.03 4959.8 5084.45 4467.97 5422.16 5269.89 4592.21 4895.99 4512.79 5023.43 5048.93 5306.55 4809.05 5193.41 4783.18 5114.44 3251.67 5041.29 2878.21 3285.8 3773.8 3034.88 3589.83 2258.99 7685.3 2548.78 3577.75 4477.99 3401.67 5243.92 3577.29 2669.39 5437.73 2656.46 2907.96 2565.84 2474.41 2081.68 3750.14 2173.36 2750.57 3065.34 2315.12 2189.82 2497.59 2613.73 1984.06 2106.41 4000.86 6766.4 5597.39 5894.77 6760.11 6513.82 6073.1 7440.38 4563.58 5099.87 4235.16 3779.87 4759.08 5425.49 3268.07 4284.79 4736.07 4797.61 3101.38 3573.77 3984.04 3384.82 4685.06 3551.68 3632.25 3449.77 3188.19 4368.41 4135.86 3933.87 4298.87 4369.39 2917.76 2710.77 2182.7 2739.47 3219.15 3569.54 2117.22 1981.11 2034.51 2873.36 3661.89 4624.76 5438 3413.8 4236.24 3113.08 3797.36 3324.25 3214.54 3129.73 3177.17 4540.88 5295.75 3714.82 4295.09 4214.79 3536.49 3915.15 5333.85 5405.45 5018.1 5155.72 
4525.44 4055 4278.66 4614.32 7238.89 7378.67 5547.46 2918.61 4244.94 2715.51 3821.03 2694.96 3010.08 2330.49 3935.98 4413.42 2666.81 5085.95 3042.12 4095.12 0 6228.73 4781.95 6618.07 5904.53 5998.56 6484.34 6969.8 5857.58 5429.11 5672.62 5579.72 4747.91 5189.72 5758.56 6001.71 7033.93 6789.32 6651.51 8196.04 6929.04 8386.23 3453.33 3174.66 3277.53 3342.41 4422.05 6643.81 4538.19 8182.71 5136.05 8915 7743.43 8262.89 10087.7 9305.58 3916.03 6973.56 9625.56 7539.73 4813.08 8376.9 7398.06 8457.12 8240 4765.38 3434.42 4941.17 4164.83 7981.02 6690.15 7767.81 5923.1 7428.51 6582.87 6331.23 5811.2 6142.34 5467.07 4695.04 5013.43 14728.8 4700.6 7274.48 5630.23 6264.54 9352.82 4771.82 6247.29 15676.2 9947.82 15983 14137.1 6355.07 2895.15 4230.68 3126.72 3997.64 3422.03 3636.58 3664.01 3703.09 3837.67 3972.28 3866.33 3974.08 3929.49 4038.3 3661.09 4535.93 4037.37 4909.92 4001.7 3801.9 2886.83 3156.57 3482.91 3530.76 3285.74 2879.84 4879.48 3540.39 3594.9 3461.05 4060.15 3202.52 3955.49 3356.52 3785.63 3917.02 3123.92 3463.42 3174.31 4342.6 4094.13 4442 3590.03 4434.32 3281.56 3859.73 2569.83 6285.42 3829.79 3431.76 6178.31 2559.11 5586.94 4381.2 9982.83 2675.21 2764.89 3310.1 2675.81 7437.98 5627.57 4476.39 7332.59 2647.31 3036.65 2571.85 3470.62 4008.14 2757.14 3407.77 3960.8 4107.69 2737.87 3025.74 2581.17 2470.13 2830.62 2310.6 6776.93 7908.96 6718.37 7491.62 7809.53 7351.45 7400.79 7204.54 5977.39 6663.73 5631.86 5368.21 6095.29 4378.73 3467.12 5017.18 6211.89 3752.53 4422.8 5243.38 4206.97 4097.43 4954.57 4421.46 3145.75 4754.02 4316.06 5584.97 4897.47 4471.79 4624.21 5763.74 3253.8 4130.1 2630.65 4614.73 4327.06 4774.23 3895.38 3654.39 3412.91 3415.56 4671.35 5616.24 7396.44 4951.61 6295.13 4828.65 5358.15 4287.51 2891.05 3231.98 4423.72 4762.38 7171.68 4817.19 3388.21 6047.76 3587.54 3672.23 7576.98 6285.19 3179.05 3818.9 
