237 237
0.000000 0.100114 0.193025 0.184413 0.180016 0.204511 0.182653 0.173417 0.185262 0.180617 0.160902 0.203924 0.195285 0.164108 0.148915 0.163822 0.171503 0.242367 0.264751 0.141832 0.239950 0.238480 0.291363 0.321970 0.328497 0.322132 0.319075 0.338867 0.305475 0.315933 0.284634 0.299409 0.290788 0.299771 0.285869 0.340848 0.270057 0.307078 0.285531 0.229598 0.207066 0.190445 0.191928 0.206926 0.223289 0.196162 0.218265 0.167185 0.193920 0.190374 0.279518 0.213948 0.208689 0.240228 0.207259 0.223007 0.268829 0.219027 0.330457 0.287101 0.281619 0.187179 0.254625 0.277006 0.298829 0.292433 0.271754 0.289933 0.119736 0.149673 0.135830 0.147952 0.165220 0.165186 0.247211 0.251843 0.257363 0.253859 0.138632 0.153462 0.204675 0.187160 0.126036 0.138328 0.416642 0.408655 0.251313 0.278442 0.320467 0.224657 0.468919 0.364180 0.509312 0.253191 0.414554 0.334687 0.168407 0.162246 0.224976 0.212608 0.189994 0.189422 0.218598 0.194148 0.200432 0.219614 0.217261 0.231863 0.194875 0.177621 0.212529 0.136274 0.148442 0.185191 0.140011 0.145858 0.132847 0.104146 0.142103 0.138363 0.206057 0.207750 0.190777 0.235640 0.196499 0.220488 0.232609 0.233203 0.200227 0.205202 0.232265 0.214920 0.204762 0.190645 0.221599 0.247478 0.215905 0.223054 0.220631 0.203560 0.220195 0.247632 0.169738 0.200345 0.197077 0.177770 0.193466 0.274952 0.195277 0.300825 0.196072 0.163570 0.184675 0.189668 0.290597 0.254287 0.185584 0.149026 0.148312 0.190610 0.235080 0.247911 0.205907 0.166183 0.252360 0.273095 0.271688 0.241648 0.272593 0.261640 0.247980 0.282599 0.258685 0.174819 0.250281 0.208498 0.186456 0.196312 0.202093 0.210426 0.185196 0.139411 0.160056 0.097464 0.133687 0.166398 0.508248 0.169280 0.138054 0.130310 0.149283 0.175027 0.156480 0.135611 0.131641 0.128489 0.151550 0.166073 0.122090 0.135467 0.195511 0.132662 0.115913 0.129935 0.116955 0.136176 0.242715 0.168646 0.156170 0.178780 0.182872 0.167646 0.161121 0.150625 0.144269 0.127950 0.141037 0.174096 0.165296 0.165243 0.163241 0.245220 0.243530 0.173215 0.201956 0.168995 0.154785 0.191661 0.151153 0.227753 0.210574 0.147729 0.158970 0.133216 0.176612 0.204723 0.211865 
0.100114 0.000000 0.178328 0.155824 0.140488 0.161778 0.143005 0.141246 0.148366 0.160826 0.133540 0.154529 0.156707 0.142228 0.130236 0.127716 0.153697 0.206475 0.223677 0.116464 0.195767 0.198198 0.313573 0.295936 0.296824 0.339539 0.278798 0.304695 0.312908 0.275483 0.250241 0.251322 0.327624 0.267707 0.285091 0.299672 0.232382 0.272226 0.240353 0.172935 0.149915 0.141655 0.192442 0.198809 0.171558 0.148199 0.167113 0.197851 0.174936 0.153907 0.245260 0.218883 0.166397 0.212436 0.169115 0.181574 0.239320 0.190133 0.278159 0.257428 0.230833 0.147387 0.229794 0.218062 0.245102 0.262009 0.255297 0.268653 0.097140 0.135562 0.105970 0.119217 0.114924 0.119578 0.227336 0.234221 0.224095 0.210391 0.147804 0.129448 0.159823 0.155589 0.086710 0.096803 0.396065 0.400164 0.236839 0.240775 0.294394 0.200386 0.445988 0.353819 0.492980 0.228148 0.357509 0.322123 0.172022 0.156991 0.170834 0.155989 0.142289 0.164758 0.166592 0.143596 0.141708 0.168670 0.167353 0.182068 0.154948 0.156542 0.188901 0.111230 0.116405 0.142466 0.112366 0.108311 0.088285 0.076146 0.113905 0.107624 0.169007 0.172379 0.168046 0.201886 0.169400 0.167917 0.189517 0.191091 0.157548 0.169273 0.183199 0.165599 0.166029 0.147308 0.198946 0.218735 0.188090 0.201430 0.185724 0.158373 0.185920 0.220743 0.149176 0.157984 0.151847 0.142674 0.163344 0.222479 0.145864 0.284973 0.151713 0.117338 0.165316 0.147090 0.269215 0.205052 0.143164 0.121549 0.119164 0.173834 0.210150 0.199091 0.156136 0.122971 0.219831 0.218720 0.248634 0.190703 0.228475 0.229801 0.213894 0.235289 0.231942 0.147005 0.217295 0.178342 0.142621 0.150814 0.165699 0.164116 0.144643 0.108670 0.123531 0.141535 0.157379 0.166741 0.480421 0.151386 0.152601 0.110483 0.157822 0.162005 0.151196 0.113520 0.103904 0.117005 0.120882 0.134542 0.094807 0.109439 0.155431 0.135316 0.080857 0.105726 0.105340 0.096608 0.207157 0.125630 0.125779 0.139651 0.159763 0.122874 0.123193 0.107694 0.138149 0.107370 0.141708 0.121756 0.125359 0.120048 0.129475 0.202448 0.211972 0.144323 0.171965 0.142343 0.135668 0.142370 0.115994 0.195658 0.175985 0.130408 0.134073 0.114131 0.129903 0.177544 0.198776 
0.193025 0.178328 0.000000 0.094642 0.238133 0.225439 0.228888 0.240839 0.241177 0.233491 0.234421 0.236021 0.239125 0.226622 0.228031 0.235192 0.214663 0.221046 0.231481 0.190294 0.242837 0.208496 0.281304 0.251915 0.268496 0.307553 0.263888 0.267657 0.273695 0.258926 0.218934 0.274691 0.321191 0.242837 0.275389 0.266776 0.241034 0.250678 0.237833 0.238213 0.242598 0.262566 0.276835 0.263265 0.282316 0.256326 0.254958 0.225544 0.210271 0.186759 0.190243 0.210925 0.208151 0.230467 0.202630 0.169393 0.163662 0.175719 0.216953 0.169948 0.172084 0.234311 0.173722 0.165151 0.201542 0.199585 0.164094 0.188629 0.151713 0.155522 0.165208 0.212495 0.231919 0.253917 0.159982 0.167819 0.143501 0.148374 0.129102 0.133655 0.140893 0.138484 0.195187 0.172927 0.272717 0.300598 0.173450 0.186408 0.212593 0.167943 0.335866 0.246946 0.398363 0.153466 0.306190 0.211845 0.286648 0.259376 0.241815 0.271871 0.254605 0.274032 0.255745 0.249280 0.243998 0.265816 0.282267 0.302285 0.279435 0.261099 0.300623 0.162253 0.156684 0.182272 0.143069 0.175188 0.191808 0.187476 0.152167 0.172617 0.243537 0.255000 0.245315 0.267971 0.246103 0.244300 0.270237 0.264811 0.231318 0.238851 0.243211 0.246198 0.219044 0.232860 0.273317 0.284295 0.259535 0.264903 0.235922 0.251336 0.264769 0.193660 0.220921 0.219029 0.188047 0.247076 0.200495 0.352277 0.251579 0.195767 0.217150 0.232389 0.223914 0.227952 0.218626 0.308195 0.276018 0.208531 0.224722 0.258711 0.273638 0.322188 0.285594 0.247011 0.303354 0.249411 0.182443 0.163417 0.190810 0.175585 0.180410 0.172217 0.173869 0.180934 0.239005 0.151636 0.181145 0.183919 0.165438 0.162740 0.178885 0.177380 0.191559 0.167025 0.172115 0.281463 0.588981 0.134899 0.151109 0.159507 0.186566 0.151996 0.145591 0.161955 0.155575 0.140986 0.180265 0.168729 0.185250 0.168465 0.238019 0.168545 0.154690 0.149931 0.137524 0.200118 0.256436 0.153178 0.172613 0.168920 0.178573 0.213659 0.198916 0.225379 0.175793 0.190728 0.211060 0.220778 0.202095 0.228822 0.210483 0.181478 0.193489 0.199910 0.205882 0.224963 0.224154 0.260256 0.186357 0.142322 0.185645 0.175878 0.149359 0.192461 0.210014 0.174735 0.149168 
0.184413 0.155824 0.094642 0.000000 0.236876 0.232002 0.235962 0.249599 0.250748 0.232663 0.240340 0.240221 0.238416 0.243987 0.242000 0.223322 0.230467 0.217755 0.211973 0.198100 0.230919 0.206845 0.271290 0.259162 0.264351 0.294252 0.265402 0.270097 0.263850 0.265785 0.218616 0.277479 0.319028 0.225522 0.266464 0.271257 0.248120 0.252199 0.247089 0.246549 0.247128 0.276494 0.283445 0.272267 0.297478 0.280241 0.275228 0.228745 0.195142 0.215977 0.206376 0.205852 0.227959 0.233679 0.199814 0.172078 0.170136 0.186048 0.205832 0.192018 0.162435 0.244779 0.178446 0.151037 0.187646 0.204033 0.187239 0.218456 0.174045 0.162150 0.190562 0.210578 0.232716 0.235297 0.188629 0.180865 0.171008 0.176840 0.122304 0.133453 0.151544 0.166292 0.189306 0.168822 0.291435 0.321548 0.189587 0.194093 0.226904 0.165934 0.340102 0.275083 0.399941 0.173304 0.273954 0.244355 0.265188 0.245631 0.248321 0.274100 0.254081 0.282824 0.249325 0.253716 0.248597 0.268419 0.282822 0.304163 0.282466 0.270114 0.294507 0.165211 0.175737 0.174394 0.144532 0.186146 0.193789 0.193215 0.170596 0.170959 0.269532 0.270066 0.267430 0.300132 0.274232 0.267813 0.297311 0.297344 0.258735 0.267944 0.269552 0.266567 0.248491 0.260442 0.303400 0.317851 0.289864 0.285717 0.267791 0.279533 0.293966 0.192333 0.221166 0.221645 0.149408 0.258704 0.202426 0.358611 0.254114 0.208501 0.218342 0.234979 0.222334 0.231126 0.222570 0.313101 0.275052 0.214585 0.239757 0.261349 0.291131 0.323090 0.289775 0.248996 0.320972 0.231945 0.198004 0.170554 0.187652 0.177740 0.179938 0.192052 0.195807 0.182294 0.254362 0.170836 0.189840 0.184201 0.180671 0.173261 0.185259 0.192824 0.202676 0.190494 0.178561 0.278329 0.588066 0.144741 0.153205 0.173015 0.176449 0.177998 0.178386 0.168795 0.163972 0.145131 0.186702 0.157795 0.187018 0.175409 0.249179 0.175484 0.161685 0.163067 0.146276 0.193802 0.275190 0.175351 0.184137 0.185989 0.203661 0.221214 0.206819 0.218398 0.169655 0.202924 0.223361 0.226963 0.217903 0.234655 0.227725 0.179810 0.179187 0.192451 0.200707 0.218238 0.220545 0.252357 0.195380 0.138218 0.194899 0.189318 0.171727 0.217234 0.232270 0.152872 0.154852 
0.180016 0.140488 0.238133 0.236876 0.000000 0.063342 0.096762 0.138227 0.110760 0.111962 0.135234 0.098589 0.114527 0.098453 0.102099 0.125294 0.075059 0.168656 0.169558 0.094467 0.123333 0.158468 0.265430 0.263033 0.238850 0.290175 0.234182 0.265190 0.256828 0.223998 0.213592 0.197282 0.287164 0.218710 0.241155 0.250309 0.188292 0.230604 0.200132 0.133720 0.108047 0.105405 0.138160 0.135571 0.119226 0.135932 0.108778 0.170859 0.144037 0.138638 0.206258 0.157491 0.126016 0.154468 0.118839 0.186435 0.278013 0.180885 0.345725 0.258671 0.311602 0.114936 0.298013 0.267938 0.297473 0.328981 0.265777 0.311944 0.114094 0.142709 0.114843 0.115982 0.086277 0.125630 0.244138 0.243581 0.249990 0.222501 0.228381 0.176364 0.198868 0.173013 0.145928 0.164125 0.413578 0.368306 0.152282 0.154674 0.253051 0.140285 0.447024 0.310845 0.459920 0.161767 0.388822 0.288915 0.161612 0.119436 0.140796 0.135060 0.125082 0.140956 0.120761 0.126510 0.111942 0.128267 0.139583 0.163945 0.135479 0.114489 0.178712 0.152439 0.118267 0.145724 0.136255 0.125996 0.128028 0.123617 0.133147 0.110089 0.103944 0.122130 0.106036 0.146396 0.126570 0.108408 0.116059 0.131998 0.102569 0.110305 0.123656 0.091117 0.107357 0.098651 0.137392 0.130063 0.130812 0.138868 0.137762 0.119133 0.107703 0.167012 0.115558 0.099753 0.202978 0.096685 0.164709 0.173323 0.138021 0.285984 0.087826 0.100328 0.134267 0.117327 0.218788 0.158611 0.104083 0.139924 0.100229 0.122708 0.167308 0.133795 0.137229 0.113990 0.174569 0.212054 0.296544 0.226293 0.278490 0.269317 0.275650 0.280695 0.278318 0.144326 0.175836 0.217719 0.160391 0.166988 0.187256 0.196032 0.163147 0.124012 0.127411 0.173674 0.180280 0.233076 0.571624 0.180347 0.148541 0.120957 0.150919 0.161513 0.159025 0.156785 0.130786 0.147124 0.141690 0.147408 0.129538 0.146078 0.111346 0.146444 0.127676 0.132916 0.154266 0.122129 0.171053 0.145197 0.130851 0.149225 0.172994 0.113326 0.121842 0.089750 0.158231 0.141904 0.169400 0.151368 0.167820 0.156213 0.191597 0.164224 0.205289 0.151313 0.171977 0.128092 0.186066 0.170680 0.095380 0.200230 0.138897 0.138426 0.177215 0.159728 0.092739 0.203114 0.191501 
0.204511 0.161778 0.225439 0.232002 0.063342 0.000000 0.099529 0.149800 0.104845 0.110350 0.146538 0.090847 0.126019 0.105136 0.135824 0.123403 0.073011 0.161944 0.164125 0.096825 0.133523 0.153142 0.266095 0.269180 0.246634 0.297341 0.239581 0.255470 0.251729 0.234798 0.199980 0.220699 0.292180 0.218832 0.247091 0.245266 0.192110 0.237483 0.212327 0.130383 0.099748 0.142713 0.141837 0.118164 0.139487 0.141868 0.135829 0.205043 0.143823 0.142054 0.202304 0.164737 0.139332 0.139168 0.120565 0.209716 0.288583 0.205887 0.351958 0.270263 0.317693 0.133589 0.310518 0.265826 0.322232 0.340021 0.277456 0.324971 0.124173 0.126144 0.135255 0.136893 0.126650 0.155748 0.259494 0.243602 0.249188 0.235055 0.235382 0.183150 0.200183 0.156215 0.161549 0.175945 0.392181 0.351878 0.152033 0.145103 0.216836 0.146211 0.428475 0.278496 0.437797 0.145117 0.361143 0.270029 0.181980 0.160867 0.148024 0.158806 0.145830 0.184835 0.138806 0.146995 0.131936 0.146700 0.164304 0.179373 0.167064 0.162533 0.193075 0.160646 0.118614 0.154185 0.131435 0.123247 0.142902 0.157164 0.123738 0.120648 0.108956 0.119574 0.115943 0.133927 0.121006 0.101728 0.130839 0.127878 0.095280 0.114366 0.105338 0.087030 0.097169 0.103897 0.144267 0.136682 0.136359 0.134539 0.115487 0.133797 0.111005 0.186926 0.119568 0.099960 0.217760 0.130791 0.176778 0.217385 0.159174 0.269498 0.065190 0.123515 0.154298 0.118654 0.205782 0.179468 0.146736 0.145086 0.143970 0.137568 0.144679 0.154424 0.180892 0.140806 0.178505 0.205765 0.291280 0.224216 0.274626 0.263179 0.275375 0.280152 0.284599 0.119677 0.172300 0.216579 0.146806 0.172910 0.175912 0.196147 0.171476 0.121850 0.124454 0.169178 0.169428 0.244992 0.553883 0.184821 0.142218 0.113534 0.152577 0.141352 0.143604 0.148362 0.128225 0.153389 0.161770 0.153052 0.145528 0.135116 0.125061 0.166047 0.130152 0.140597 0.159058 0.135357 0.149975 0.133490 0.120063 0.119086 0.141352 0.113880 0.111655 0.123507 0.173764 0.154514 0.175997 0.160174 0.152292 0.169765 0.181813 0.148069 0.243741 0.130559 0.161703 0.152494 0.175195 0.180155 0.115370 0.195125 0.121824 0.143012 0.179695 0.157030 0.120291 0.209325 0.181733 
0.182653 0.143005 0.228888 0.235962 0.096762 0.099529 0.000000 0.108953 0.045128 0.040098 0.077458 0.085272 0.115310 0.092558 0.111615 0.096268 0.093315 0.171491 0.182013 0.129911 0.166630 0.154346 0.289655 0.293011 0.279221 0.323303 0.267428 0.276632 0.282251 0.262712 0.235940 0.243419 0.312955 0.245784 0.268641 0.273252 0.209015 0.251524 0.230831 0.137771 0.098969 0.128030 0.163709 0.154808 0.132553 0.111461 0.107321 0.195294 0.136937 0.138699 0.212203 0.168549 0.151429 0.165158 0.158379 0.229827 0.304663 0.217354 0.375269 0.289187 0.333523 0.147512 0.330808 0.292890 0.342632 0.356006 0.284411 0.342757 0.117624 0.160234 0.116744 0.108005 0.106440 0.118398 0.259310 0.241898 0.265109 0.245826 0.242037 0.197974 0.206659 0.171281 0.167332 0.197885 0.401660 0.367664 0.153951 0.174633 0.276170 0.166692 0.428078 0.327451 0.460343 0.173793 0.392410 0.304205 0.166786 0.146751 0.157386 0.137772 0.150768 0.157069 0.145965 0.149759 0.129201 0.148119 0.156946 0.166451 0.157019 0.144395 0.187606 0.160236 0.140150 0.140963 0.149230 0.137806 0.128347 0.107471 0.124898 0.137489 0.081899 0.092162 0.104140 0.115435 0.102688 0.090138 0.109919 0.107882 0.074562 0.099955 0.109983 0.105110 0.094819 0.080079 0.127471 0.140725 0.117295 0.116129 0.120446 0.113972 0.094944 0.202334 0.105325 0.135294 0.227854 0.092303 0.191848 0.179868 0.162013 0.280556 0.099515 0.108476 0.145398 0.121167 0.240000 0.148169 0.113827 0.100460 0.104625 0.133280 0.163650 0.157205 0.155818 0.112105 0.142486 0.230147 0.288183 0.229798 0.278441 0.271624 0.285737 0.282758 0.300261 0.166009 0.200356 0.203402 0.147996 0.175766 0.176222 0.191800 0.172748 0.104041 0.143113 0.160720 0.150816 0.184844 0.517908 0.187245 0.163185 0.119418 0.185762 0.133311 0.149150 0.150358 0.142493 0.145408 0.143007 0.183853 0.140875 0.155856 0.087842 0.167584 0.123859 0.139210 0.150163 0.150620 0.203207 0.154296 0.147865 0.154873 0.142257 0.091342 0.086387 0.104318 0.176470 0.112970 0.150200 0.097238 0.103853 0.126328 0.131026 0.183579 0.238081 0.150036 0.178503 0.152040 0.148600 0.178586 0.112053 0.217441 0.143267 0.149980 0.141239 0.128541 0.110817 0.228500 0.207532 
0.173417 0.141246 0.240839 0.249599 0.138227 0.149800 0.108953 0.000000 0.113987 0.123542 0.074877 0.162989 0.154997 0.097585 0.102150 0.057091 0.107270 0.182144 0.215271 0.132150 0.212863 0.180180 0.331903 0.307468 0.322558 0.362171 0.319220 0.332838 0.333350 0.314207 0.272690 0.285790 0.335818 0.295769 0.315604 0.328100 0.257376 0.296417 0.273990 0.197802 0.176685 0.171651 0.223755 0.221322 0.187271 0.173922 0.122735 0.188112 0.185935 0.173452 0.249503 0.208450 0.164481 0.190143 0.164673 0.218976 0.292083 0.205985 0.377451 0.312971 0.323975 0.190476 0.309235 0.302376 0.316191 0.342811 0.277547 0.328588 0.149256 0.155044 0.119914 0.082731 0.106926 0.122686 0.257864 0.258792 0.280195 0.238741 0.230836 0.198378 0.209638 0.196021 0.176472 0.195566 0.378456 0.355436 0.192918 0.237657 0.275899 0.204619 0.432073 0.337759 0.488511 0.217603 0.393160 0.307249 0.225599 0.171413 0.211978 0.198341 0.199453 0.145387 0.198109 0.193341 0.175958 0.200291 0.210518 0.229749 0.194851 0.161955 0.241826 0.178994 0.151167 0.185157 0.170175 0.164547 0.149823 0.113848 0.149786 0.141053 0.146119 0.150104 0.127930 0.171798 0.151454 0.164579 0.140444 0.170165 0.141732 0.163984 0.186448 0.162066 0.154876 0.141666 0.148175 0.167852 0.131383 0.179742 0.184045 0.154998 0.141383 0.242798 0.136278 0.166621 0.236605 0.130852 0.215712 0.210474 0.166525 0.309641 0.170204 0.171922 0.145370 0.153085 0.262630 0.194706 0.157340 0.136829 0.084896 0.140705 0.177862 0.165453 0.172903 0.158347 0.119637 0.247289 0.288816 0.242420 0.283427 0.277432 0.276151 0.297883 0.311728 0.155901 0.175900 0.223467 0.180826 0.208166 0.192556 0.211596 0.189058 0.131274 0.163838 0.158067 0.174757 0.200792 0.520752 0.194948 0.178830 0.142165 0.201998 0.176518 0.140038 0.135849 0.156641 0.141525 0.120260 0.192398 0.118739 0.174726 0.103461 0.123554 0.148565 0.170169 0.150599 0.135119 0.190587 0.174203 0.155536 0.167544 0.150475 0.119353 0.143659 0.132829 0.161416 0.108717 0.117948 0.132453 0.140973 0.138772 0.143286 0.219425 0.218044 0.162926 0.177886 0.146131 0.162472 0.165691 0.126068 0.205134 0.152379 0.134667 0.164451 0.123420 0.123620 0.209716 0.192151 
0.185262 0.148366 0.241177 0.250748 0.110760 0.104845 0.045128 0.113987 0.000000 0.064373 0.100963 0.077214 0.124951 0.098177 0.130607 0.105728 0.105289 0.169127 0.189829 0.127696 0.174713 0.157193 0.298199 0.299254 0.278249 0.322746 0.271185 0.281408 0.286326 0.263823 0.238832 0.248038 0.313374 0.248909 0.268942 0.278073 0.192823 0.229856 0.209796 0.134916 0.103061 0.121761 0.139194 0.138269 0.121783 0.098914 0.114516 0.203071 0.145584 0.142176 0.207845 0.171752 0.144446 0.173697 0.173663 0.230231 0.305105 0.225258 0.377219 0.287550 0.337391 0.130122 0.328306 0.298058 0.354561 0.357946 0.291716 0.338406 0.123734 0.161710 0.128193 0.125000 0.118317 0.121135 0.257239 0.241802 0.264030 0.244513 0.240704 0.207193 0.209574 0.176099 0.167367 0.197628 0.409103 0.384759 0.169439 0.188509 0.281133 0.170990 0.436870 0.337166 0.470460 0.184850 0.397976 0.313576 0.170238 0.152102 0.164080 0.136829 0.155103 0.165553 0.151588 0.145604 0.124567 0.132338 0.143976 0.152517 0.149757 0.149261 0.176705 0.164109 0.151396 0.156046 0.159080 0.151729 0.129494 0.123416 0.142282 0.151737 0.092662 0.100513 0.105603 0.110225 0.090755 0.087253 0.097845 0.097254 0.090400 0.101245 0.103186 0.104957 0.109724 0.079362 0.121368 0.137233 0.103494 0.110205 0.113004 0.098500 0.086753 0.214359 0.108885 0.138202 0.233314 0.095347 0.198162 0.187375 0.168882 0.289992 0.099472 0.113618 0.158072 0.132512 0.248825 0.151427 0.130295 0.106729 0.112255 0.150949 0.169459 0.159207 0.168990 0.118133 0.151203 0.240380 0.293589 0.233275 0.283386 0.269165 0.286264 0.290394 0.303664 0.169899 0.205415 0.210537 0.154587 0.181111 0.182507 0.198489 0.176500 0.118644 0.152877 0.171023 0.166506 0.197788 0.518950 0.184925 0.167540 0.116735 0.185967 0.136594 0.151686 0.152796 0.150430 0.150342 0.156947 0.186635 0.135771 0.158194 0.107752 0.176390 0.129784 0.143970 0.150211 0.154799 0.203142 0.155386 0.156264 0.159062 0.153444 0.090493 0.100611 0.117411 0.199869 0.125691 0.160063 0.116757 0.102313 0.124943 0.140952 0.199719 0.255630 0.169395 0.192258 0.166430 0.155745 0.176709 0.125353 0.229713 0.163246 0.166373 0.153645 0.150203 0.128137 0.241146 0.222674 
0.180617 0.160826 0.233491 0.232663 0.111962 0.110350 0.040098 0.123542 0.064373 0.000000 0.093098 0.083208 0.124599 0.109344 0.112275 0.101796 0.093270 0.190706 0.201656 0.132715 0.166751 0.180361 0.290250 0.303390 0.279012 0.323009 0.274416 0.279293 0.275707 0.272213 0.238590 0.253504 0.303430 0.235602 0.268145 0.282513 0.222311 0.262572 0.241384 0.144833 0.099707 0.143210 0.167717 0.157241 0.142024 0.121929 0.115835 0.212952 0.154886 0.147710 0.226357 0.181081 0.168714 0.178056 0.179374 0.243730 0.316260 0.233680 0.382491 0.300519 0.347088 0.155240 0.337912 0.291532 0.359003 0.369022 0.309535 0.361182 0.132506 0.169275 0.134052 0.105649 0.129114 0.130086 0.276939 0.255098 0.285053 0.263696 0.248395 0.213821 0.223074 0.177831 0.177937 0.207048 0.419083 0.381172 0.165571 0.190496 0.282738 0.181946 0.447294 0.336017 0.470482 0.193276 0.401200 0.315295 0.158773 0.156201 0.167301 0.148787 0.153907 0.166150 0.148105 0.151660 0.143333 0.153973 0.164314 0.176907 0.170673 0.151896 0.188262 0.154255 0.154081 0.163140 0.162762 0.150405 0.129573 0.123725 0.129662 0.143930 0.092337 0.099819 0.108175 0.120970 0.107150 0.104509 0.130110 0.119405 0.089106 0.104512 0.121283 0.116183 0.110639 0.097823 0.132112 0.145483 0.114143 0.114006 0.133818 0.128376 0.103560 0.214325 0.110611 0.148200 0.238314 0.098376 0.202198 0.189910 0.179052 0.295831 0.098785 0.110979 0.147910 0.139563 0.249610 0.156102 0.126283 0.109107 0.117881 0.138521 0.180026 0.174230 0.170074 0.112670 0.140257 0.251156 0.306749 0.249121 0.293420 0.280010 0.303510 0.299520 0.313080 0.174446 0.226626 0.217396 0.168414 0.200295 0.198893 0.211748 0.194662 0.117535 0.156680 0.159055 0.148214 0.167599 0.508962 0.211894 0.160944 0.130531 0.184441 0.148975 0.173143 0.170890 0.158544 0.169663 0.165574 0.202546 0.155186 0.161087 0.101476 0.180209 0.134270 0.144251 0.170821 0.171018 0.227307 0.175795 0.168957 0.167635 0.148519 0.100251 0.091683 0.123983 0.181081 0.127344 0.159340 0.107438 0.103392 0.136943 0.129471 0.198175 0.261646 0.179331 0.212839 0.186390 0.143380 0.195029 0.129770 0.243195 0.165394 0.148342 0.155838 0.135259 0.127156 0.247707 0.218935 
0.160902 0.133540 0.234421 0.240340 0.135234 0.146538 0.077458 0.074877 0.100963 0.093098 0.000000 0.146602 0.151022 0.106625 0.073315 0.069720 0.113974 0.184826 0.197852 0.116456 0.196112 0.177709 0.328171 0.309860 0.313353 0.355252 0.298749 0.316864 0.321784 0.290746 0.261021 0.271973 0.320037 0.280766 0.300121 0.316106 0.248833 0.288284 0.259059 0.181633 0.159910 0.159490 0.212317 0.211926 0.170613 0.145230 0.148067 0.190926 0.165712 0.150080 0.239964 0.185406 0.165354 0.189846 0.170481 0.222123 0.289210 0.209623 0.368794 0.303964 0.314386 0.171718 0.312331 0.290833 0.323628 0.338804 0.287412 0.321613 0.132531 0.161320 0.116532 0.112825 0.108044 0.115653 0.261156 0.257071 0.284309 0.246970 0.229200 0.204298 0.200717 0.190477 0.164497 0.186651 0.397235 0.360451 0.193046 0.225033 0.282983 0.174981 0.436904 0.339714 0.480440 0.207825 0.394278 0.307294 0.196669 0.175168 0.188662 0.171742 0.178102 0.156226 0.188637 0.170665 0.163668 0.182654 0.191500 0.201313 0.183767 0.157761 0.215038 0.160929 0.153498 0.172881 0.164953 0.156219 0.131227 0.107076 0.145742 0.133380 0.129163 0.135860 0.135322 0.155659 0.139982 0.145747 0.155003 0.170200 0.133424 0.143981 0.172138 0.165649 0.146337 0.129101 0.163565 0.188075 0.155183 0.176490 0.169486 0.149304 0.152434 0.232683 0.145065 0.169222 0.222700 0.127047 0.196427 0.220615 0.169364 0.300646 0.156687 0.144697 0.145944 0.146504 0.260967 0.199970 0.151670 0.120533 0.093969 0.154939 0.188845 0.178040 0.178467 0.137739 0.155122 0.251236 0.283008 0.245742 0.283544 0.277897 0.280556 0.291573 0.292596 0.170957 0.209630 0.222721 0.182901 0.206400 0.202246 0.213578 0.197843 0.140078 0.173217 0.155109 0.174393 0.160400 0.502678 0.186950 0.170648 0.147297 0.185089 0.166583 0.156052 0.132026 0.155656 0.150031 0.147176 0.179373 0.122838 0.169946 0.124319 0.158151 0.140569 0.153251 0.137272 0.135317 0.214168 0.173192 0.162420 0.166402 0.154991 0.125755 0.137206 0.126154 0.167384 0.117501 0.114620 0.121410 0.139645 0.144419 0.134074 0.213488 0.228788 0.159223 0.187670 0.153235 0.156350 0.178400 0.132820 0.216410 0.159488 0.125376 0.148829 0.111474 0.132955 0.215556 0.209698 
0.203924 0.154529 0.236021 0.240221 0.098589 0.090847 0.085272 0.162989 0.077214 0.083208 0.146602 0.000000 0.105223 0.135900 0.135768 0.135952 0.112344 0.188429 0.215874 0.126887 0.163315 0.180967 0.269784 0.286057 0.240670 0.293119 0.235952 0.242796 0.250806 0.224179 0.209996 0.217740 0.293566 0.213647 0.232585 0.238539 0.170366 0.212727 0.188645 0.113171 0.065778 0.095856 0.116097 0.110758 0.071692 0.068268 0.083036 0.210207 0.144814 0.138747 0.207605 0.184730 0.145584 0.200063 0.177827 0.229014 0.299046 0.219688 0.355516 0.273299 0.322404 0.122430 0.313520 0.279373 0.352510 0.343883 0.301934 0.340343 0.144738 0.163597 0.153161 0.127237 0.126169 0.125604 0.265343 0.246971 0.258441 0.244789 0.233161 0.193834 0.205076 0.167979 0.143449 0.169207 0.445643 0.415656 0.183749 0.192599 0.275352 0.169907 0.467641 0.334273 0.483879 0.193319 0.397163 0.330893 0.133311 0.135625 0.125381 0.105451 0.115856 0.153261 0.115333 0.101834 0.092907 0.095864 0.103955 0.116296 0.118734 0.137044 0.143425 0.161086 0.145382 0.177930 0.147861 0.139470 0.124263 0.138254 0.147059 0.146923 0.090712 0.091007 0.103436 0.128348 0.079378 0.069710 0.103102 0.098658 0.077095 0.099441 0.098619 0.077788 0.116746 0.087641 0.121567 0.129038 0.099380 0.107683 0.111702 0.105574 0.104574 0.200611 0.095910 0.123911 0.230407 0.073661 0.184052 0.154869 0.152558 0.306050 0.082390 0.082323 0.149024 0.107870 0.246918 0.110504 0.094737 0.106917 0.132092 0.149676 0.181691 0.147316 0.135313 0.085492 0.165993 0.242638 0.294515 0.223572 0.274297 0.257398 0.275999 0.276942 0.283788 0.171785 0.228390 0.217374 0.141194 0.176618 0.189510 0.195265 0.174488 0.130339 0.144357 0.177326 0.179085 0.201069 0.524038 0.208357 0.176069 0.124487 0.176517 0.167890 0.186975 0.179519 0.140698 0.182249 0.181486 0.186679 0.156620 0.141409 0.121413 0.190848 0.120291 0.153345 0.179536 0.164403 0.217353 0.164594 0.158928 0.148960 0.183316 0.103658 0.101039 0.113425 0.212009 0.151056 0.191701 0.132696 0.121142 0.131305 0.150034 0.188631 0.271441 0.186997 0.216202 0.180057 0.155773 0.170891 0.130713 0.245126 0.163007 0.175116 0.181488 0.162170 0.133962 0.260061 0.236008 
0.195285 0.156707 0.239125 0.238416 0.114527 0.126019 0.115310 0.154997 0.124951 0.124599 0.151022 0.105223 0.000000 0.147457 0.147816 0.158711 0.129871 0.173742 0.195093 0.144253 0.150351 0.159569 0.262123 0.264831 0.250177 0.294246 0.234144 0.266245 0.259969 0.232649 0.207487 0.201474 0.286817 0.209870 0.238107 0.260681 0.201322 0.246410 0.200565 0.167984 0.111429 0.136095 0.168150 0.164614 0.100267 0.139890 0.114160 0.189019 0.129169 0.133549 0.213651 0.170694 0.123349 0.191539 0.169681 0.194897 0.281743 0.183517 0.342255 0.252536 0.310945 0.165216 0.277125 0.271634 0.327126 0.309295 0.263648 0.303384 0.142231 0.160812 0.152859 0.131976 0.116720 0.125834 0.241970 0.238708 0.256019 0.225350 0.223410 0.174835 0.192483 0.170384 0.127883 0.144768 0.441573 0.391122 0.182345 0.199255 0.265205 0.160227 0.454501 0.320365 0.465118 0.191330 0.412585 0.306532 0.150257 0.119159 0.141401 0.132729 0.139616 0.153102 0.112980 0.133268 0.138785 0.145720 0.135512 0.158620 0.160365 0.147520 0.185142 0.176739 0.139092 0.154215 0.143841 0.117022 0.122520 0.141528 0.154431 0.143184 0.146243 0.142746 0.149579 0.200471 0.150962 0.134069 0.172439 0.163672 0.134004 0.154050 0.172688 0.129963 0.162279 0.129620 0.177684 0.161536 0.161062 0.181852 0.179385 0.152963 0.164049 0.149594 0.087734 0.096640 0.182817 0.115773 0.151969 0.146168 0.110738 0.287669 0.132411 0.104217 0.132908 0.095802 0.189517 0.113935 0.098345 0.112266 0.139185 0.121145 0.172931 0.142160 0.094091 0.084535 0.196022 0.171332 0.286590 0.202943 0.241503 0.245141 0.254385 0.268694 0.267959 0.162465 0.211562 0.203100 0.126735 0.139680 0.159580 0.176171 0.147708 0.134736 0.145026 0.192004 0.188532 0.221213 0.570064 0.198847 0.184540 0.123381 0.191802 0.173124 0.169059 0.186945 0.131675 0.169302 0.166109 0.180009 0.152443 0.142746 0.129493 0.175941 0.127968 0.157616 0.170258 0.163929 0.212458 0.172825 0.153902 0.156198 0.186517 0.100084 0.121453 0.103827 0.218014 0.171582 0.204752 0.136561 0.145092 0.131307 0.178302 0.157850 0.227834 0.156544 0.176484 0.132232 0.162894 0.155622 0.107774 0.218566 0.140212 0.191179 0.179241 0.179111 0.139613 0.234752 0.221773 
0.164108 0.142228 0.226622 0.243987 0.098453 0.105136 0.092558 0.097585 0.098177 0.109344 0.106625 0.135900 0.147457 0.000000 0.112247 0.086968 0.079744 0.165166 0.187350 0.114999 0.164246 0.151031 0.310533 0.293117 0.296515 0.338299 0.284131 0.309194 0.310961 0.279164 0.254000 0.254456 0.306298 0.274856 0.289504 0.298514 0.230654 0.271452 0.242621 0.178424 0.140738 0.151747 0.181948 0.183263 0.160871 0.152092 0.129668 0.173137 0.177161 0.129754 0.230992 0.191980 0.145813 0.143869 0.127733 0.213963 0.274170 0.200533 0.350377 0.273457 0.313124 0.166499 0.314101 0.272878 0.312815 0.350937 0.272499 0.322788 0.110008 0.122059 0.114607 0.113103 0.088838 0.126245 0.221231 0.245973 0.228632 0.208543 0.226064 0.181217 0.180124 0.155816 0.165798 0.189412 0.352294 0.333712 0.146130 0.212269 0.248521 0.161028 0.398154 0.300240 0.434042 0.167972 0.378805 0.268693 0.200631 0.150695 0.183672 0.168153 0.173282 0.154718 0.168501 0.172801 0.150993 0.170690 0.180528 0.202321 0.179033 0.145369 0.220409 0.152848 0.122358 0.160200 0.140613 0.149206 0.148710 0.118844 0.134438 0.119049 0.130419 0.143779 0.126187 0.145123 0.133650 0.138416 0.138931 0.138618 0.116846 0.128952 0.147930 0.135956 0.127212 0.112815 0.144829 0.157850 0.139520 0.153112 0.150532 0.138348 0.112543 0.187032 0.104790 0.131837 0.205435 0.123468 0.179709 0.202851 0.156135 0.279173 0.131182 0.146054 0.132394 0.127498 0.216235 0.177971 0.139285 0.114854 0.099965 0.131052 0.148690 0.155889 0.172110 0.139823 0.145788 0.208002 0.269787 0.219407 0.274676 0.257694 0.258830 0.258676 0.271420 0.138243 0.168297 0.203786 0.154696 0.177398 0.181234 0.183468 0.153553 0.085713 0.106487 0.127219 0.133882 0.208316 0.532159 0.165320 0.158860 0.108045 0.169430 0.128647 0.121049 0.122477 0.137817 0.132451 0.140257 0.152417 0.114902 0.154332 0.125800 0.140111 0.133616 0.137015 0.143856 0.111145 0.157816 0.115378 0.132008 0.131413 0.119202 0.114915 0.116167 0.112058 0.155959 0.090429 0.109510 0.130186 0.139534 0.137280 0.139025 0.198523 0.201715 0.142127 0.149938 0.121039 0.161035 0.162132 0.102173 0.176361 0.152625 0.139912 0.126312 0.147009 0.115167 0.197873 0.196054 
0.148915 0.130236 0.228031 0.242000 0.102099 0.135824 0.111615 0.102150 0.130607 0.112275 0.073315 0.135768 0.147816 0.112247 0.000000 0.090290 0.096389 0.217620 0.226426 0.094331 0.195361 0.214758 0.292357 0.261452 0.277664 0.323450 0.270622 0.305680 0.302340 0.262100 0.232669 0.243338 0.289088 0.260064 0.275891 0.287216 0.222794 0.268122 0.241754 0.177031 0.152716 0.134742 0.183573 0.182658 0.156405 0.140620 0.130652 0.169569 0.183490 0.147127 0.232750 0.192246 0.153422 0.212349 0.164712 0.198220 0.272045 0.182827 0.351912 0.286429 0.310133 0.134325 0.295310 0.272026 0.298200 0.331052 0.288760 0.323068 0.127265 0.157090 0.115865 0.086428 0.112517 0.108560 0.238799 0.244681 0.265666 0.233777 0.216155 0.182427 0.199807 0.190886 0.158152 0.175972 0.416542 0.373582 0.207471 0.205215 0.289846 0.193177 0.476501 0.352742 0.507037 0.207969 0.410962 0.317667 0.193541 0.153885 0.177056 0.169365 0.147856 0.123973 0.165543 0.154029 0.149130 0.166016 0.177878 0.195858 0.153067 0.125646 0.197552 0.153052 0.146857 0.174742 0.161373 0.156103 0.128364 0.098345 0.125732 0.129019 0.112439 0.108514 0.094416 0.156081 0.117411 0.140652 0.144438 0.149563 0.115713 0.132463 0.163736 0.137014 0.120359 0.112491 0.124863 0.160708 0.128194 0.164639 0.162796 0.126943 0.119611 0.216972 0.133176 0.162114 0.217542 0.105693 0.191863 0.212573 0.155029 0.295431 0.136653 0.138606 0.138784 0.133664 0.281646 0.198094 0.143963 0.148510 0.094559 0.136916 0.194596 0.176582 0.166846 0.136695 0.162207 0.269872 0.283218 0.242284 0.287773 0.277753 0.264135 0.290992 0.274306 0.180710 0.207585 0.225718 0.200857 0.214973 0.215229 0.218985 0.195929 0.131864 0.157337 0.139793 0.175645 0.179225 0.498361 0.203948 0.151481 0.156973 0.173605 0.187094 0.183312 0.166216 0.154983 0.160967 0.156933 0.187177 0.138085 0.164517 0.132894 0.165643 0.140970 0.146195 0.154235 0.151424 0.211278 0.173914 0.166674 0.187845 0.176134 0.138673 0.142429 0.132965 0.127558 0.116177 0.107520 0.145472 0.167595 0.154619 0.156004 0.217970 0.243306 0.193651 0.219011 0.171845 0.158213 0.185883 0.131578 0.228645 0.195542 0.115805 0.167699 0.087671 0.107079 0.240976 0.218656 
0.163822 0.127716 0.235192 0.223322 0.125294 0.123403 0.096268 0.057091 0.105728 0.101796 0.069720 0.135952 0.158711 0.086968 0.090290 0.000000 0.089858 0.172205 0.196254 0.113471 0.188244 0.175795 0.322619 0.305174 0.315827 0.354100 0.314045 0.319256 0.318014 0.309296 0.261844 0.287022 0.325443 0.280540 0.306462 0.318600 0.248317 0.288695 0.268894 0.186829 0.164158 0.169249 0.196115 0.190926 0.178570 0.160065 0.136344 0.191349 0.182055 0.167969 0.255542 0.203494 0.175613 0.176206 0.152077 0.237866 0.296242 0.218166 0.374173 0.310151 0.325905 0.186084 0.316210 0.300325 0.321985 0.354143 0.289160 0.342755 0.148481 0.134690 0.131138 0.078432 0.103526 0.100986 0.272426 0.266289 0.280337 0.252431 0.227831 0.197002 0.216283 0.197341 0.170656 0.195882 0.360183 0.356864 0.185027 0.215501 0.264065 0.190850 0.419407 0.325721 0.468162 0.201356 0.366928 0.298117 0.204266 0.171609 0.204873 0.189955 0.189317 0.159596 0.192083 0.182714 0.168558 0.188980 0.199134 0.219748 0.195227 0.161235 0.229754 0.183648 0.153170 0.191624 0.175198 0.169949 0.147931 0.107459 0.147735 0.144644 0.136540 0.145055 0.124128 0.166056 0.140456 0.151775 0.140041 0.161114 0.132549 0.163236 0.181411 0.162478 0.147085 0.131522 0.150851 0.177138 0.139218 0.166710 0.175058 0.159332 0.127451 0.231034 0.120746 0.155655 0.217687 0.119434 0.200418 0.222227 0.155949 0.287065 0.143282 0.157006 0.130816 0.122901 0.242869 0.185322 0.150365 0.130094 0.093922 0.130891 0.162994 0.159698 0.180270 0.143968 0.139259 0.234641 0.293482 0.246768 0.294361 0.281388 0.280779 0.302598 0.313866 0.154173 0.181564 0.234590 0.190923 0.215853 0.204462 0.220523 0.196807 0.130372 0.150100 0.145938 0.167209 0.190767 0.490725 0.204159 0.161339 0.133897 0.197088 0.173516 0.153462 0.144068 0.160058 0.144192 0.145796 0.182320 0.133159 0.167702 0.116490 0.142165 0.151494 0.171910 0.156638 0.139452 0.177329 0.162450 0.154992 0.163856 0.151932 0.125072 0.126991 0.113100 0.154859 0.104768 0.117040 0.134872 0.137476 0.142035 0.131613 0.208388 0.225641 0.154523 0.177431 0.151682 0.133215 0.157609 0.141917 0.201862 0.164832 0.138675 0.169494 0.125068 0.140437 0.193008 0.178802 
0.171503 0.153697 0.214663 0.230467 0.075059 0.073011 0.093315 0.107270 0.105289 0.093270 0.113974 0.112344 0.129871 0.079744 0.096389 0.089858 0.000000 0.181289 0.198163 0.083363 0.156825 0.167743 0.263783 0.246269 0.261592 0.305208 0.252994 0.260188 0.272485 0.246369 0.202567 0.225847 0.273122 0.238618 0.254294 0.256476 0.215030 0.258828 0.233191 0.156920 0.122629 0.154942 0.152512 0.134932 0.159277 0.154748 0.116169 0.184387 0.160882 0.144202 0.227109 0.174408 0.145393 0.174014 0.138381 0.204171 0.285064 0.194753 0.347808 0.269163 0.325482 0.142539 0.305637 0.275621 0.305454 0.348693 0.270784 0.331627 0.117509 0.128487 0.101146 0.080348 0.105532 0.135452 0.248121 0.240001 0.248502 0.232109 0.229652 0.183385 0.205496 0.163945 0.171281 0.188552 0.387190 0.343711 0.146045 0.156845 0.238319 0.170451 0.437076 0.301784 0.456558 0.151380 0.380816 0.292879 0.180870 0.146036 0.156812 0.169492 0.149740 0.150378 0.142383 0.145045 0.143896 0.158371 0.173463 0.199493 0.173658 0.134500 0.214599 0.153220 0.110690 0.164036 0.141761 0.136418 0.134854 0.120782 0.093583 0.103531 0.091456 0.108649 0.081329 0.129131 0.120203 0.119896 0.123205 0.118350 0.081841 0.111629 0.124523 0.098421 0.092163 0.092102 0.116495 0.112789 0.106790 0.127683 0.126593 0.126225 0.084312 0.200464 0.104973 0.119394 0.223553 0.115696 0.192112 0.211994 0.168744 0.272857 0.098903 0.123968 0.139722 0.127916 0.236417 0.175083 0.138459 0.142670 0.101312 0.111680 0.152930 0.157968 0.166992 0.133057 0.146970 0.225857 0.285617 0.225120 0.279387 0.256368 0.273445 0.284943 0.275847 0.146560 0.174291 0.218264 0.166235 0.191965 0.181099 0.205800 0.169963 0.096246 0.122636 0.139562 0.147178 0.220362 0.538675 0.185022 0.132734 0.106037 0.163200 0.135422 0.146061 0.149158 0.138696 0.136146 0.141036 0.172303 0.125893 0.147899 0.098103 0.136173 0.131525 0.137861 0.148914 0.138866 0.160839 0.135307 0.122622 0.131270 0.128962 0.109832 0.108483 0.119492 0.149655 0.117681 0.134413 0.152524 0.140793 0.155839 0.159043 0.174170 0.223713 0.154299 0.184478 0.151654 0.161585 0.185570 0.104358 0.205652 0.144720 0.104437 0.161799 0.124525 0.096728 0.219618 0.173776 
0.242367 0.206475 0.221046 0.217755 0.168656 0.161944 0.171491 0.182144 0.169127 0.190706 0.184826 0.188429 0.173742 0.165166 0.217620 0.172205 0.181289 0.000000 0.085154 0.170985 0.126637 0.049140 0.273448 0.271463 0.244105 0.283924 0.239821 0.257087 0.251064 0.236858 0.200389 0.227651 0.288995 0.210131 0.238326 0.250825 0.201819 0.215793 0.199568 0.202689 0.188627 0.208437 0.207231 0.198932 0.233791 0.219112 0.210573 0.190066 0.134801 0.153186 0.162884 0.131459 0.136511 0.138276 0.121717 0.201129 0.254414 0.176822 0.338727 0.240890 0.288045 0.202783 0.268293 0.251910 0.315363 0.299590 0.252875 0.278152 0.173330 0.156906 0.195595 0.217339 0.197843 0.227136 0.214334 0.183212 0.221695 0.193127 0.212158 0.193453 0.167634 0.170195 0.210448 0.222231 0.339929 0.280693 0.146981 0.157751 0.205706 0.138483 0.344208 0.263559 0.350551 0.141461 0.340665 0.227494 0.226327 0.211342 0.195997 0.213186 0.200542 0.236520 0.200230 0.196902 0.186699 0.209815 0.222699 0.247056 0.232666 0.222376 0.249490 0.210570 0.193658 0.160928 0.194197 0.205277 0.220852 0.217137 0.206463 0.210262 0.226980 0.228361 0.228211 0.245986 0.226538 0.224099 0.236591 0.247818 0.217013 0.224085 0.225842 0.223324 0.206099 0.209657 0.258553 0.268942 0.244026 0.255712 0.222924 0.222113 0.231898 0.145421 0.191533 0.143926 0.190071 0.200165 0.183020 0.294428 0.219048 0.219141 0.156298 0.177124 0.186063 0.192422 0.164183 0.261282 0.217842 0.205660 0.218408 0.221624 0.231534 0.233702 0.250406 0.200546 0.248376 0.203658 0.247045 0.180597 0.236941 0.210248 0.226605 0.237752 0.250563 0.146069 0.183755 0.164796 0.155994 0.155615 0.132408 0.142484 0.161212 0.199450 0.211246 0.226370 0.220629 0.322853 0.612618 0.159226 0.174816 0.157868 0.201557 0.153450 0.141524 0.181766 0.198351 0.181984 0.213333 0.173529 0.191285 0.209665 0.196707 0.209896 0.189051 0.177181 0.176967 0.197388 0.223222 0.164477 0.180757 0.171005 0.164329 0.196310 0.196396 0.174514 0.224336 0.222067 0.226017 0.223346 0.212578 0.234732 0.242686 0.136824 0.169909 0.164189 0.137539 0.162209 0.254563 0.234547 0.161552 0.143971 0.120969 0.219053 0.174870 0.245141 0.203680 0.170510 0.180309 
