241 241
0.000000 0.109396 0.192457 0.174973 0.181261 0.205918 0.172459 0.182187 0.160386 0.206963 0.198202 0.170855 0.192401 0.164893 0.164295 0.147282 0.163818 0.171752 0.244115 0.266890 0.141537 0.242204 0.325218 0.332718 0.322232 0.344817 0.296048 0.312149 0.319451 0.302559 0.289708 0.295567 0.304108 0.344510 0.272785 0.319571 0.310209 0.288819 0.322203 0.189189 0.201864 0.230197 0.208079 0.191388 0.196900 0.211647 0.227150 0.219535 0.170175 0.196279 0.190166 0.280768 0.216875 0.209587 0.242316 0.207881 0.223427 0.269890 0.219260 0.333637 0.290661 0.282863 0.277284 0.199219 0.300420 0.294515 0.223805 0.299706 0.291738 0.118356 0.134478 0.141092 0.165744 0.247805 0.252747 0.258753 0.177950 0.228703 0.266004 0.204352 0.186787 0.125580 0.138367 0.421746 0.197807 0.412735 0.275437 0.253972 0.226753 0.475437 0.516507 0.255498 0.418561 0.262107 0.335339 0.338227 0.199385 0.170869 0.171430 0.165800 0.225895 0.214440 0.190147 0.189987 0.195630 0.213698 0.220197 0.197071 0.239038 0.135121 0.147699 0.137674 0.133394 0.133203 0.101625 0.137772 0.190829 0.223083 0.235144 0.201783 0.206488 0.234340 0.217290 0.217209 0.192032 0.216958 0.197190 0.226281 0.222068 0.191328 0.204438 0.235021 0.160960 0.251484 0.202253 0.198171 0.195637 0.244984 0.278319 0.196210 0.302641 0.261160 0.191858 0.164577 0.181723 0.186220 0.191227 0.296260 0.259248 0.222089 0.187252 0.174779 0.150826 0.147695 0.194610 0.239948 0.251179 0.148765 0.208361 0.167921 0.253755 0.277593 0.179456 0.242177 0.273554 0.263840 0.268627 0.247917 0.283335 0.259040 0.175279 0.252491 0.188030 0.194715 0.187109 0.197127 0.175260 0.202366 0.209843 0.186219 0.138128 0.159616 0.132587 0.134597 0.236448 0.167713 0.493978 0.168434 0.130247 0.151562 0.174638 0.146283 0.133117 0.136853 0.130632 0.127368 0.151516 0.165504 0.120577 0.134370 0.193912 0.132114 0.113877 0.128511 0.114657 0.135429 0.157135 0.244584 0.178375 0.181130 0.180182 0.156570 0.157929 0.164964 0.141460 0.141997 0.125895 0.139429 0.120496 0.164475 0.165478 0.160756 0.197931 0.167326 0.172595 0.202280 0.168047 0.150681 0.205852 0.228643 0.211855 0.146457 0.158274 0.176626 0.135793 0.121321 0.208992 0.233629 0.209734 0.239474 0.220056 
0.109396 0.000000 0.179157 0.169664 0.158616 0.174958 0.154040 0.147011 0.131150 0.163283 0.169468 0.141371 0.169453 0.131868 0.127296 0.146523 0.152427 0.157104 0.217532 0.245335 0.129202 0.220201 0.314208 0.308846 0.289406 0.311317 0.276496 0.318064 0.286539 0.261608 0.287451 0.323885 0.275440 0.312178 0.245312 0.314254 0.284915 0.252262 0.319192 0.151968 0.164501 0.172345 0.146925 0.170285 0.212745 0.213858 0.183682 0.176669 0.195031 0.179010 0.124380 0.238023 0.220854 0.170318 0.203998 0.199055 0.193003 0.261300 0.199828 0.301999 0.277177 0.253685 0.219299 0.174611 0.286729 0.294492 0.162051 0.268220 0.281843 0.087153 0.098597 0.139301 0.132689 0.205741 0.231507 0.224396 0.148960 0.191814 0.231683 0.143488 0.121566 0.120229 0.131077 0.410455 0.172234 0.390014 0.249554 0.210589 0.202612 0.454276 0.494229 0.230202 0.402096 0.242599 0.300393 0.318967 0.170039 0.144160 0.185187 0.170396 0.174266 0.166450 0.162032 0.176996 0.159540 0.165143 0.183630 0.182914 0.179513 0.086763 0.100340 0.099503 0.101408 0.097170 0.085522 0.106007 0.166584 0.168030 0.189287 0.152515 0.146068 0.179379 0.172709 0.194478 0.144618 0.185494 0.151142 0.187187 0.176177 0.156795 0.155609 0.187288 0.174319 0.232521 0.170441 0.193806 0.178220 0.210502 0.238525 0.177888 0.297402 0.258650 0.158915 0.137137 0.158284 0.177397 0.162860 0.285162 0.215728 0.233946 0.159380 0.140081 0.105108 0.126826 0.178033 0.217958 0.225404 0.119698 0.174185 0.139840 0.217623 0.249139 0.158470 0.187715 0.221826 0.220840 0.222686 0.211010 0.212029 0.208787 0.152067 0.235509 0.139327 0.153305 0.134234 0.153261 0.120154 0.171677 0.151444 0.136985 0.091367 0.114666 0.104685 0.109325 0.200149 0.147394 0.458163 0.136843 0.120645 0.145324 0.126647 0.126491 0.077649 0.101095 0.099655 0.124852 0.134472 0.131526 0.092197 0.099044 0.154028 0.137253 0.071367 0.109334 0.101232 0.094230 0.113255 0.207017 0.119685 0.135778 0.165766 0.137172 0.145428 0.149797 0.118385 0.151694 0.091677 0.126744 0.109610 0.106534 0.126478 0.107573 0.156188 0.152265 0.138531 0.163808 0.137937 0.115706 0.177149 0.211764 0.178176 0.126591 0.101180 0.138167 0.106585 0.100630 0.189839 0.204233 0.185098 0.214126 0.189088 
0.192457 0.179157 0.000000 0.080810 0.243209 0.230955 0.244157 0.239078 0.238681 0.243149 0.245195 0.234326 0.182905 0.217056 0.230737 0.232048 0.239093 0.218815 0.224055 0.234602 0.192674 0.246736 0.256889 0.274276 0.269397 0.273464 0.256483 0.274076 0.264941 0.279303 0.282832 0.321428 0.246667 0.272523 0.246874 0.266835 0.255758 0.242371 0.275875 0.249492 0.260331 0.243097 0.248166 0.268507 0.278623 0.266742 0.290085 0.259980 0.224821 0.212198 0.189813 0.193563 0.213023 0.211102 0.235404 0.205419 0.170978 0.165876 0.177897 0.221288 0.173297 0.174709 0.166199 0.162148 0.203686 0.202678 0.178796 0.184791 0.191067 0.154425 0.167819 0.224193 0.236344 0.161790 0.169874 0.145025 0.111332 0.158924 0.166372 0.142172 0.140711 0.198749 0.176568 0.276666 0.207613 0.304994 0.191803 0.177266 0.171449 0.342800 0.405917 0.156237 0.311398 0.187485 0.228534 0.215789 0.225592 0.238902 0.286835 0.261213 0.246554 0.277916 0.259793 0.279667 0.254508 0.276231 0.288624 0.286772 0.290672 0.164640 0.159378 0.186023 0.196209 0.181964 0.189051 0.175749 0.250632 0.251479 0.270632 0.236990 0.244772 0.249775 0.252474 0.269988 0.238334 0.264536 0.241445 0.270544 0.241527 0.221234 0.256148 0.267125 0.281974 0.198117 0.223526 0.191080 0.205072 0.311106 0.359565 0.255984 0.199120 0.354784 0.250971 0.237990 0.253611 0.228042 0.233473 0.224701 0.317045 0.332801 0.281622 0.224180 0.213944 0.228069 0.266749 0.282396 0.329373 0.233491 0.291947 0.252718 0.308623 0.255341 0.218610 0.164651 0.193522 0.176346 0.175177 0.182876 0.173638 0.176050 0.184596 0.243831 0.165117 0.178728 0.184480 0.187126 0.156950 0.166825 0.164103 0.142134 0.179947 0.194996 0.190599 0.172003 0.315328 0.286653 0.581798 0.136644 0.162477 0.187319 0.154867 0.152838 0.164007 0.180161 0.158586 0.143516 0.183944 0.171594 0.188216 0.172549 0.240162 0.170012 0.157502 0.152569 0.139483 0.203360 0.181884 0.261731 0.172132 0.180274 0.259567 0.221097 0.224409 0.201647 0.218388 0.178775 0.193783 0.214867 0.176082 0.205719 0.233174 0.212688 0.211869 0.184087 0.203594 0.208812 0.227275 0.189314 0.195661 0.143729 0.189431 0.177816 0.152129 0.213765 0.182686 0.173883 0.260155 0.301544 0.220704 0.213678 0.209795 
0.174973 0.169664 0.080810 0.000000 0.227235 0.225216 0.238935 0.240609 0.230192 0.219754 0.213481 0.222252 0.172168 0.213247 0.231087 0.221224 0.231627 0.223068 0.196413 0.204730 0.179324 0.213507 0.256682 0.247987 0.242852 0.259419 0.232090 0.262790 0.242430 0.238401 0.259466 0.294789 0.220787 0.259337 0.219233 0.251553 0.234072 0.214008 0.258631 0.218967 0.237728 0.221436 0.214246 0.244832 0.251942 0.249866 0.260271 0.241570 0.206429 0.175826 0.176393 0.187943 0.193165 0.185908 0.230004 0.180651 0.155360 0.163255 0.166260 0.208074 0.173177 0.155027 0.145719 0.134099 0.197230 0.191007 0.147538 0.185763 0.192240 0.154404 0.165542 0.210603 0.213676 0.174716 0.177977 0.153356 0.103205 0.143446 0.171631 0.116782 0.131261 0.156210 0.134225 0.316688 0.213520 0.334061 0.207036 0.200869 0.157147 0.362186 0.426835 0.171721 0.297605 0.208162 0.254379 0.243203 0.221641 0.210035 0.241809 0.225209 0.206056 0.233566 0.215674 0.251529 0.214152 0.237860 0.245809 0.249709 0.250591 0.147401 0.160845 0.159508 0.177178 0.171438 0.180393 0.160207 0.246330 0.247281 0.274976 0.237036 0.240553 0.249300 0.244226 0.275840 0.228830 0.265827 0.237931 0.275110 0.245360 0.218638 0.245304 0.273053 0.263821 0.178596 0.199314 0.139785 0.184540 0.280900 0.328679 0.229049 0.212572 0.327963 0.233878 0.202424 0.215173 0.208120 0.214306 0.211788 0.292313 0.327144 0.248928 0.206602 0.202354 0.221365 0.256139 0.289142 0.305499 0.210380 0.259995 0.220835 0.307303 0.222189 0.209625 0.148825 0.177741 0.169691 0.177420 0.168415 0.174624 0.175514 0.174273 0.238908 0.141982 0.167437 0.160547 0.158417 0.133264 0.157709 0.141288 0.117828 0.182287 0.191613 0.174625 0.179575 0.288756 0.270522 0.564061 0.123284 0.149969 0.164428 0.160289 0.149553 0.157842 0.163277 0.147706 0.142068 0.174307 0.151859 0.171144 0.162699 0.240210 0.166850 0.135097 0.134999 0.132354 0.186742 0.167893 0.264315 0.166214 0.189552 0.252115 0.204772 0.228787 0.204768 0.198886 0.163929 0.193281 0.213221 0.174706 0.210065 0.209870 0.206915 0.205420 0.174869 0.200973 0.201992 0.207919 0.170499 0.171958 0.135026 0.181150 0.172587 0.147102 0.201448 0.172166 0.161848 0.261785 0.281587 0.200348 0.188253 0.189989 
0.181261 0.158616 0.243209 0.227235 0.000000 0.063639 0.142143 0.112334 0.138755 0.099204 0.117607 0.102620 0.129324 0.104950 0.100158 0.106332 0.128622 0.076521 0.171394 0.172896 0.096229 0.125484 0.271590 0.244769 0.239849 0.270170 0.231418 0.257136 0.229913 0.202053 0.236680 0.288033 0.222291 0.256399 0.193192 0.257634 0.235547 0.203982 0.266763 0.109596 0.098144 0.135068 0.108851 0.109122 0.135141 0.134116 0.121890 0.110605 0.171726 0.145065 0.141093 0.210102 0.159453 0.129051 0.155879 0.121016 0.191259 0.285359 0.186468 0.353703 0.264016 0.319606 0.273314 0.169205 0.306253 0.337357 0.209576 0.314661 0.319970 0.116396 0.117813 0.109033 0.088178 0.250478 0.248804 0.255387 0.207225 0.236863 0.252102 0.203545 0.175702 0.148532 0.167608 0.420576 0.109159 0.375574 0.170578 0.153780 0.142595 0.454586 0.468121 0.164494 0.395948 0.173767 0.250244 0.294767 0.077289 0.125822 0.157706 0.118805 0.143120 0.136650 0.127918 0.145786 0.128593 0.144251 0.141388 0.140426 0.152024 0.154657 0.121113 0.113430 0.131046 0.125634 0.128035 0.112978 0.109019 0.109587 0.134215 0.104174 0.111207 0.125478 0.092553 0.135017 0.100127 0.133191 0.110915 0.139340 0.140234 0.079459 0.121704 0.135230 0.144327 0.170284 0.101767 0.208236 0.167887 0.151117 0.176078 0.141778 0.292845 0.220051 0.076939 0.101064 0.107078 0.136359 0.120006 0.223443 0.162856 0.189992 0.105699 0.117614 0.141656 0.102758 0.128111 0.173338 0.137655 0.119203 0.140823 0.115992 0.177915 0.217913 0.120035 0.231791 0.284859 0.274200 0.264863 0.283593 0.286821 0.285539 0.146585 0.179583 0.198679 0.176016 0.163157 0.170291 0.179597 0.192216 0.200426 0.190603 0.127046 0.129472 0.099317 0.181223 0.238381 0.236830 0.565914 0.184453 0.123095 0.150456 0.163841 0.164087 0.161186 0.135094 0.133808 0.151081 0.146533 0.150826 0.133393 0.148864 0.112899 0.149490 0.130719 0.135087 0.158638 0.125262 0.156339 0.175154 0.151411 0.176032 0.171988 0.109639 0.153444 0.147190 0.144938 0.164131 0.145676 0.174952 0.130398 0.169846 0.159869 0.194892 0.162491 0.168475 0.154698 0.175715 0.131117 0.097929 0.122971 0.205220 0.140746 0.141796 0.180439 0.095139 0.113785 0.115893 0.129496 0.120180 0.082810 0.110625 0.100042 
0.205918 0.174958 0.230955 0.225216 0.063639 0.000000 0.152878 0.111985 0.150488 0.092673 0.128690 0.119059 0.123856 0.117498 0.106280 0.139664 0.126379 0.074014 0.164842 0.167416 0.098893 0.135994 0.277201 0.253146 0.246252 0.261628 0.240098 0.252922 0.241808 0.225783 0.230646 0.293046 0.223306 0.252180 0.197483 0.268400 0.242934 0.216743 0.271646 0.125860 0.139930 0.132832 0.101538 0.146745 0.139561 0.117552 0.142385 0.137824 0.205589 0.145164 0.144892 0.206396 0.166668 0.141756 0.140540 0.122459 0.214079 0.295941 0.211281 0.360401 0.275767 0.326161 0.271659 0.189247 0.330586 0.348864 0.212380 0.320921 0.333306 0.126947 0.138547 0.155323 0.127973 0.265630 0.249279 0.254689 0.204268 0.245006 0.242035 0.205314 0.159242 0.164642 0.179818 0.399177 0.083798 0.359199 0.148610 0.154103 0.148862 0.436229 0.446222 0.148191 0.368432 0.183122 0.202645 0.276056 0.048842 0.151161 0.179226 0.160094 0.151626 0.161761 0.149591 0.189257 0.150264 0.160436 0.166940 0.172352 0.168176 0.163425 0.121148 0.129752 0.146406 0.125700 0.161153 0.123434 0.119146 0.103852 0.130172 0.097691 0.116233 0.108058 0.088444 0.141315 0.105944 0.138580 0.114441 0.135790 0.118844 0.088028 0.136439 0.117720 0.165846 0.190414 0.102069 0.223252 0.180395 0.169196 0.220248 0.162282 0.276437 0.207326 0.080992 0.125706 0.126267 0.156509 0.121378 0.210398 0.184075 0.202664 0.148476 0.117911 0.147249 0.145917 0.142471 0.149974 0.157268 0.148836 0.184151 0.143746 0.181227 0.211468 0.117722 0.229770 0.281443 0.268378 0.268267 0.283537 0.286673 0.292224 0.122135 0.175245 0.206747 0.186593 0.149847 0.176607 0.175849 0.180687 0.200934 0.194473 0.124495 0.126329 0.125800 0.170511 0.260696 0.249161 0.548533 0.189372 0.115530 0.152578 0.143970 0.143765 0.153022 0.145377 0.131393 0.157359 0.166659 0.156724 0.149001 0.138391 0.126048 0.168340 0.133790 0.143252 0.163890 0.138199 0.155952 0.153394 0.121506 0.144487 0.188762 0.121563 0.137253 0.142043 0.180369 0.179596 0.158525 0.181373 0.156948 0.154761 0.172911 0.185437 0.140001 0.176000 0.134087 0.165325 0.154592 0.117524 0.152213 0.199949 0.123816 0.146773 0.183400 0.122519 0.108737 0.124354 0.140926 0.144544 0.079725 0.116446 0.098205 
0.172459 0.154040 0.244157 0.238935 0.142143 0.152878 0.000000 0.125494 0.075089 0.167182 0.160407 0.121397 0.165116 0.104696 0.099478 0.103809 0.057068 0.109537 0.185477 0.219305 0.132592 0.217269 0.314854 0.330071 0.325866 0.339410 0.292601 0.335068 0.321161 0.291538 0.302193 0.337013 0.300736 0.335160 0.263585 0.326075 0.302952 0.279440 0.335207 0.184576 0.157056 0.200153 0.179227 0.175837 0.223680 0.222861 0.192926 0.126331 0.187920 0.187179 0.175326 0.254075 0.211133 0.167855 0.194027 0.167223 0.222929 0.297486 0.210292 0.383962 0.319357 0.328875 0.306105 0.207264 0.321813 0.348410 0.214801 0.343352 0.334203 0.151504 0.121984 0.105193 0.109626 0.263289 0.263478 0.285104 0.208586 0.253838 0.270013 0.212651 0.198647 0.179559 0.198906 0.383729 0.131193 0.361069 0.221991 0.197515 0.208785 0.439970 0.497845 0.222012 0.399252 0.200621 0.265657 0.312888 0.161800 0.167383 0.223559 0.172645 0.214932 0.201924 0.202751 0.150105 0.196488 0.213534 0.214827 0.200675 0.221803 0.180534 0.154498 0.139768 0.153061 0.139876 0.115039 0.144053 0.131066 0.168368 0.173772 0.144559 0.166776 0.189856 0.166436 0.156219 0.144410 0.134752 0.152258 0.182252 0.187155 0.148532 0.157583 0.175872 0.182780 0.249390 0.171053 0.240965 0.220384 0.210269 0.216270 0.170474 0.315419 0.271635 0.151070 0.174824 0.191837 0.148766 0.156669 0.270175 0.201638 0.179119 0.161466 0.134272 0.140075 0.086935 0.147463 0.184849 0.170784 0.132773 0.178270 0.161993 0.123001 0.254703 0.132164 0.246464 0.288317 0.281409 0.279994 0.281078 0.302272 0.317092 0.159329 0.180367 0.207010 0.188129 0.185034 0.212943 0.197250 0.196454 0.214691 0.227378 0.133864 0.167236 0.120851 0.174181 0.219359 0.203998 0.510966 0.198187 0.145086 0.202355 0.179538 0.148816 0.136879 0.181112 0.159790 0.144222 0.123348 0.195486 0.121009 0.178080 0.104047 0.125288 0.150699 0.172212 0.152345 0.137790 0.163556 0.195253 0.170541 0.151865 0.126509 0.127847 0.101560 0.130863 0.142106 0.163755 0.110349 0.120706 0.104712 0.143012 0.142808 0.144034 0.152728 0.178817 0.166382 0.182148 0.149720 0.129191 0.182744 0.209107 0.156206 0.135393 0.166632 0.126049 0.144112 0.139519 0.123172 0.187518 0.179355 0.217149 0.198621 
0.182187 0.147011 0.239078 0.240609 0.112334 0.111985 0.125494 0.000000 0.095196 0.084828 0.127686 0.096289 0.137157 0.119541 0.109574 0.114311 0.104348 0.093833 0.193867 0.205018 0.135433 0.168140 0.310708 0.285012 0.279649 0.285381 0.270170 0.276523 0.277827 0.257144 0.259116 0.304718 0.239745 0.288041 0.226786 0.289981 0.267464 0.245184 0.294529 0.142492 0.138499 0.146424 0.100046 0.145167 0.165232 0.156604 0.144021 0.115480 0.213988 0.157001 0.150842 0.231266 0.183811 0.171328 0.181629 0.181160 0.247763 0.323636 0.239095 0.391026 0.306099 0.355336 0.297644 0.215144 0.366759 0.377613 0.221855 0.343832 0.369084 0.135035 0.136622 0.124003 0.130309 0.282621 0.261455 0.289858 0.232395 0.276451 0.250526 0.228035 0.181218 0.182064 0.212263 0.426856 0.102612 0.388577 0.182800 0.168540 0.186446 0.456161 0.479310 0.196622 0.409173 0.200769 0.249570 0.321756 0.090262 0.140468 0.155281 0.155064 0.169057 0.149712 0.155416 0.169199 0.153523 0.163905 0.165949 0.174034 0.163592 0.157648 0.157132 0.137061 0.133252 0.130751 0.125746 0.147103 0.109266 0.105774 0.119354 0.088977 0.105494 0.122349 0.116780 0.127361 0.097649 0.114534 0.110017 0.114621 0.135616 0.114298 0.128687 0.118140 0.126769 0.218669 0.150701 0.243626 0.207713 0.143672 0.191187 0.182557 0.302280 0.185481 0.090844 0.111715 0.135014 0.151921 0.142701 0.256236 0.159480 0.143574 0.126830 0.113753 0.112266 0.119073 0.143835 0.186019 0.177356 0.122854 0.172659 0.113633 0.140387 0.257858 0.134260 0.253894 0.300026 0.285612 0.294501 0.311004 0.305602 0.319923 0.178749 0.230865 0.214698 0.216215 0.172207 0.204792 0.190218 0.203065 0.216108 0.228466 0.118997 0.159482 0.137070 0.149568 0.220154 0.172343 0.502413 0.215915 0.133030 0.186372 0.151898 0.190131 0.174979 0.178468 0.162201 0.173448 0.169806 0.207085 0.158135 0.166220 0.100693 0.183098 0.137267 0.146893 0.175260 0.174107 0.154511 0.232065 0.171393 0.151584 0.117467 0.107842 0.116140 0.142353 0.181762 0.185668 0.129608 0.164014 0.143060 0.105453 0.139368 0.131880 0.176856 0.219644 0.184140 0.217602 0.189423 0.131375 0.172791 0.248015 0.169006 0.152085 0.158762 0.127675 0.101922 0.131626 0.098300 0.134926 0.123479 0.168836 0.133915 
0.160386 0.131150 0.238681 0.230192 0.138755 0.150488 0.075089 0.095196 0.000000 0.151343 0.156407 0.123898 0.160082 0.110046 0.108779 0.074106 0.070153 0.115955 0.188685 0.202397 0.117432 0.200598 0.316927 0.320765 0.305839 0.323942 0.285306 0.323682 0.298214 0.277452 0.296809 0.321218 0.285964 0.323506 0.255179 0.323971 0.294819 0.264547 0.325817 0.162691 0.151834 0.184677 0.163222 0.163383 0.212397 0.213849 0.175867 0.150786 0.190477 0.167507 0.152676 0.245040 0.188160 0.168111 0.194680 0.173535 0.226061 0.294983 0.214139 0.376773 0.310771 0.320805 0.295664 0.195035 0.329878 0.345769 0.211820 0.331657 0.328056 0.135875 0.119368 0.108409 0.110347 0.266948 0.262693 0.289990 0.215125 0.260956 0.263138 0.204719 0.194186 0.168419 0.191187 0.403332 0.131544 0.366946 0.206285 0.198231 0.179703 0.445831 0.490544 0.212737 0.401505 0.214048 0.276434 0.313940 0.148502 0.151883 0.195080 0.175844 0.192287 0.175885 0.181517 0.160265 0.173988 0.186247 0.195790 0.189034 0.192509 0.163346 0.157092 0.138073 0.135077 0.144769 0.108342 0.136778 0.138363 0.150070 0.173689 0.136633 0.147474 0.176269 0.169603 0.167081 0.132072 0.157595 0.147026 0.179414 0.173300 0.155899 0.151534 0.167897 0.159044 0.239550 0.174124 0.227908 0.201821 0.192997 0.225333 0.173276 0.306973 0.252916 0.148766 0.148196 0.169631 0.149776 0.150645 0.269158 0.206673 0.187992 0.155283 0.137740 0.124659 0.095584 0.161428 0.196074 0.182827 0.118376 0.183303 0.141610 0.157583 0.259460 0.132576 0.250455 0.289584 0.282571 0.291612 0.286624 0.297042 0.298881 0.175547 0.214388 0.204401 0.201603 0.188229 0.212285 0.197164 0.206801 0.217785 0.208624 0.143051 0.177317 0.135173 0.174730 0.222911 0.163668 0.494145 0.191290 0.150711 0.186374 0.170592 0.165530 0.134344 0.160974 0.159506 0.153666 0.151228 0.183680 0.125030 0.174299 0.124528 0.159918 0.143830 0.156389 0.140177 0.138477 0.157541 0.219353 0.170549 0.157561 0.125008 0.132600 0.115579 0.134882 0.164513 0.170582 0.120026 0.117601 0.109163 0.142621 0.148117 0.135841 0.177318 0.184041 0.163856 0.192986 0.156817 0.136191 0.178047 0.221283 0.164393 0.126789 0.151668 0.135229 0.126878 0.145885 0.130350 0.178354 0.166489 0.192558 0.169621 
0.206963 0.163283 0.243149 0.219754 0.099204 0.092673 0.167182 0.084828 0.151343 0.000000 0.108297 0.112788 0.143387 0.127309 0.138097 0.140328 0.140302 0.114899 0.193109 0.220677 0.130898 0.166049 0.294761 0.247580 0.242178 0.249238 0.246325 0.252628 0.230346 0.222698 0.236502 0.295929 0.218880 0.244721 0.174996 0.250684 0.217773 0.192600 0.246986 0.088464 0.093023 0.115088 0.066474 0.097930 0.113540 0.110200 0.072218 0.083715 0.212130 0.147851 0.142576 0.213278 0.188250 0.149649 0.203360 0.181167 0.234696 0.307894 0.226483 0.365226 0.280299 0.331855 0.286535 0.204148 0.362013 0.353962 0.213671 0.329082 0.349793 0.148824 0.157855 0.143567 0.127938 0.272627 0.254243 0.264821 0.208919 0.254246 0.251474 0.211486 0.172344 0.147733 0.174541 0.455000 0.134280 0.425272 0.203974 0.187385 0.173893 0.477579 0.494376 0.198235 0.406215 0.227589 0.267398 0.338985 0.083619 0.121724 0.130601 0.135138 0.128152 0.107129 0.118510 0.157284 0.104482 0.110737 0.105295 0.122145 0.107344 0.165540 0.149000 0.110435 0.128729 0.134449 0.142189 0.150906 0.105816 0.070073 0.099135 0.078022 0.100411 0.100225 0.077833 0.125009 0.088989 0.100528 0.086719 0.108141 0.114165 0.108057 0.106747 0.110843 0.112446 0.204970 0.126586 0.237088 0.189311 0.094620 0.155688 0.155944 0.314262 0.144822 0.071385 0.084026 0.111791 0.152717 0.110904 0.253506 0.112695 0.150894 0.094945 0.099611 0.109567 0.133992 0.155236 0.188267 0.150132 0.104084 0.137584 0.087351 0.168332 0.249414 0.150047 0.229833 0.282042 0.264093 0.268896 0.284981 0.284222 0.292120 0.176628 0.233404 0.207946 0.213248 0.145082 0.181082 0.173838 0.195106 0.200809 0.200172 0.133651 0.147547 0.145026 0.181883 0.222854 0.205628 0.518651 0.214355 0.128309 0.178631 0.172404 0.193669 0.185583 0.168446 0.144721 0.187781 0.187487 0.191618 0.161712 0.146053 0.122311 0.195002 0.124487 0.157433 0.185908 0.168256 0.174276 0.222655 0.152930 0.187726 0.173375 0.135477 0.164875 0.173682 0.169565 0.218962 0.155517 0.198710 0.173822 0.124060 0.134290 0.153239 0.167957 0.228053 0.192075 0.221388 0.183163 0.133965 0.174378 0.251566 0.166885 0.180632 0.186679 0.136794 0.107349 0.129510 0.105150 0.104129 0.104622 0.156297 0.129101 
0.198202 0.169468 0.245195 0.213481 0.117607 0.128690 0.160407 0.127686 0.156407 0.108297 0.000000 0.103804 0.133267 0.139071 0.150982 0.154015 0.163965 0.133481 0.178000 0.200274 0.148179 0.154336 0.273588 0.257616 0.240927 0.272745 0.225100 0.261696 0.239758 0.207360 0.221318 0.288299 0.214754 0.267940 0.207815 0.279140 0.253109 0.205926 0.278840 0.149082 0.131842 0.172093 0.114236 0.141903 0.167926 0.165825 0.103580 0.117594 0.190563 0.130892 0.136540 0.218806 0.174030 0.127181 0.194809 0.173425 0.200481 0.289771 0.189145 0.350630 0.258074 0.319281 0.277777 0.170904 0.336623 0.317789 0.187253 0.296924 0.311621 0.145928 0.157465 0.148193 0.118585 0.249016 0.244661 0.261870 0.201618 0.223886 0.238366 0.197820 0.173752 0.130792 0.148683 0.450094 0.138915 0.399760 0.202834 0.185563 0.164154 0.463465 0.474632 0.195811 0.421166 0.200840 0.256364 0.313635 0.134063 0.125620 0.147918 0.119186 0.145007 0.136020 0.144415 0.158431 0.137347 0.174759 0.139330 0.167543 0.146561 0.180711 0.143161 0.107066 0.125753 0.139751 0.146923 0.147923 0.154835 0.137617 0.168144 0.137851 0.157827 0.177247 0.133871 0.183914 0.133322 0.165905 0.150585 0.184902 0.184633 0.141172 0.158001 0.181063 0.161410 0.153601 0.099013 0.188429 0.155524 0.114051 0.147387 0.112893 0.295358 0.185516 0.119557 0.107040 0.099811 0.135212 0.097457 0.193348 0.116507 0.215097 0.100644 0.112535 0.113728 0.142736 0.125138 0.178233 0.144504 0.110105 0.095054 0.087630 0.200437 0.174577 0.144463 0.208229 0.247757 0.250439 0.247689 0.262312 0.274957 0.275152 0.166467 0.216014 0.178184 0.178359 0.129365 0.142765 0.170027 0.164530 0.180345 0.184343 0.139016 0.148542 0.126391 0.190685 0.218940 0.224797 0.565456 0.204209 0.126924 0.193093 0.176936 0.186916 0.192705 0.142247 0.135767 0.174804 0.171923 0.184529 0.158170 0.145657 0.132181 0.180198 0.132005 0.161540 0.176154 0.168597 0.179608 0.217105 0.159623 0.190660 0.172138 0.122163 0.163086 0.162572 0.146611 0.225389 0.176491 0.212007 0.177739 0.148404 0.134730 0.182221 0.164371 0.216188 0.159910 0.179940 0.135643 0.111449 0.130996 0.224569 0.143132 0.196355 0.184091 0.143357 0.106481 0.124573 0.161789 0.143436 0.091168 0.132365 0.117110 
0.170855 0.141371 0.234326 0.222252 0.102620 0.119059 0.121397 0.096289 0.123898 0.112788 0.103804 0.000000 0.113096 0.093490 0.069502 0.117792 0.100394 0.101548 0.155750 0.175325 0.122880 0.155067 0.285699 0.286914 0.278470 0.301939 0.255769 0.292126 0.275545 0.243732 0.261160 0.291919 0.256233 0.291185 0.225772 0.290270 0.266906 0.238308 0.299260 0.150800 0.128729 0.175552 0.122952 0.141479 0.158562 0.155249 0.143717 0.109268 0.167902 0.158396 0.128252 0.218519 0.177884 0.134211 0.151838 0.136362 0.207962 0.279380 0.193088 0.361783 0.265634 0.317878 0.282368 0.187710 0.322231 0.343825 0.199989 0.312687 0.326821 0.115877 0.127528 0.110211 0.104491 0.231840 0.235604 0.243732 0.190812 0.223967 0.258343 0.192279 0.167951 0.157681 0.187404 0.387934 0.090776 0.359335 0.187762 0.166303 0.162457 0.419266 0.451462 0.163385 0.388775 0.159577 0.265371 0.287913 0.124110 0.128443 0.169945 0.130433 0.166906 0.157831 0.162423 0.141574 0.162157 0.178170 0.173475 0.174762 0.176026 0.175979 0.133953 0.111708 0.150930 0.135267 0.110333 0.142264 0.133874 0.147814 0.139049 0.119596 0.144968 0.163622 0.143725 0.146191 0.119081 0.137582 0.126639 0.162518 0.166368 0.124111 0.147381 0.154289 0.143497 0.166546 0.101121 0.185504 0.160805 0.153879 0.186900 0.117783 0.264008 0.219742 0.098928 0.128597 0.111435 0.101549 0.090542 0.209123 0.161008 0.178793 0.109483 0.060449 0.101164 0.107022 0.111997 0.150666 0.137182 0.103976 0.148881 0.112945 0.161909 0.193938 0.117775 0.215077 0.269367 0.253987 0.245048 0.266306 0.267207 0.280400 0.144769 0.191730 0.173435 0.166227 0.143349 0.166366 0.158425 0.169725 0.179711 0.197076 0.097978 0.125255 0.104613 0.155669 0.227480 0.210307 0.512547 0.185712 0.110385 0.187473 0.152315 0.164500 0.162523 0.151017 0.142570 0.144711 0.146547 0.170459 0.143264 0.157539 0.111594 0.153171 0.126599 0.152805 0.160800 0.153607 0.147799 0.190618 0.152478 0.144623 0.146586 0.100101 0.112063 0.110920 0.118719 0.170774 0.106525 0.154319 0.134430 0.122094 0.132658 0.128459 0.118448 0.158728 0.157611 0.169418 0.109858 0.091686 0.150208 0.197202 0.159188 0.169400 0.156415 0.130401 0.104558 0.103331 0.115251 0.126522 0.120739 0.148187 0.128523 
0.192401 0.169453 0.182905 0.172168 0.129324 0.123856 0.165116 0.137157 0.160082 0.143387 0.133267 0.113096 0.000000 0.149296 0.134776 0.158837 0.156918 0.119540 0.122796 0.138524 0.106913 0.124350 0.230467 0.230702 0.227110 0.240726 0.199804 0.225557 0.223090 0.211163 0.217232 0.252997 0.181342 0.240027 0.182813 0.234363 0.211448 0.180589 0.233438 0.155308 0.163603 0.166038 0.143537 0.170459 0.155613 0.153836 0.185341 0.162441 0.126551 0.104314 0.094159 0.140942 0.104875 0.091547 0.122086 0.104814 0.153785 0.215197 0.134887 0.300047 0.206029 0.257499 0.219820 0.135343 0.277571 0.273408 0.129006 0.243069 0.254941 0.103031 0.115822 0.159041 0.156735 0.175915 0.154480 0.182579 0.131916 0.161124 0.180691 0.133748 0.132633 0.170988 0.165017 0.350778 0.084512 0.305262 0.125098 0.120563 0.110860 0.379287 0.399479 0.112398 0.366200 0.124958 0.195559 0.238468 0.111913 0.145286 0.171810 0.159855 0.159842 0.175137 0.162556 0.190981 0.159894 0.182375 0.178078 0.188542 0.185800 0.144646 0.123877 0.147777 0.162133 0.148705 0.165487 0.142303 0.165608 0.163169 0.179513 0.151852 0.153041 0.165441 0.161701 0.187967 0.139311 0.184359 0.153802 0.180854 0.165424 0.123549 0.165539 0.170106 0.189915 0.132606 0.109978 0.156134 0.136508 0.209425 0.258779 0.183122 0.220049 0.255111 0.153447 0.133184 0.138942 0.138018 0.150724 0.185156 0.233162 0.238944 0.181395 0.135219 0.154313 0.166597 0.166668 0.196181 0.202287 0.147779 0.213620 0.162457 0.237927 0.182820 0.147700 0.155200 0.202042 0.177585 0.192257 0.201893 0.210015 0.226361 0.125661 0.169745 0.121737 0.127303 0.113049 0.119400 0.116734 0.126511 0.130107 0.143415 0.133445 0.161938 0.135676 0.157048 0.297227 0.268516 0.586861 0.130764 0.112648 0.137434 0.124082 0.140392 0.142171 0.134966 0.129029 0.118128 0.145502 0.135764 0.154097 0.156375 0.157528 0.142288 0.128196 0.131505 0.123234 0.159079 0.122782 0.184634 0.129758 0.126439 0.216103 0.148321 0.145440 0.122665 0.176022 0.173938 0.161378 0.177838 0.160412 0.165344 0.192384 0.197058 0.162982 0.165266 0.147326 0.147646 0.142910 0.106282 0.109700 0.146731 0.120084 0.150135 0.137752 0.146626 0.131713 0.133582 0.183372 0.196246 0.093149 0.091565 0.087661 
0.164893 0.131868 0.217056 0.213247 0.104950 0.117498 0.104696 0.119541 0.110046 0.127309 0.139071 0.093490 0.149296 0.000000 0.101311 0.080448 0.097356 0.091738 0.198897 0.211312 0.078510 0.190760 0.270417 0.296595 0.284262 0.309496 0.255558 0.305943 0.275315 0.247406 0.272794 0.310733 0.266689 0.297706 0.236495 0.303867 0.282027 0.244349 0.311129 0.134180 0.125794 0.172641 0.139458 0.136310 0.162546 0.162661 0.146938 0.109639 0.194480 0.184083 0.144359 0.242397 0.194344 0.149698 0.190597 0.161835 0.198603 0.272837 0.185934 0.356937 0.284467 0.309912 0.265005 0.168163 0.304478 0.340982 0.204442 0.330528 0.317838 0.113500 0.108438 0.107933 0.096797 0.240879 0.236544 0.250040 0.189099 0.234699 0.250391 0.189731 0.174966 0.160165 0.182791 0.394713 0.142310 0.354681 0.205536 0.203252 0.202435 0.451899 0.496698 0.192442 0.390081 0.188284 0.269575 0.300625 0.124494 0.140130 0.190383 0.146065 0.166698 0.172626 0.157818 0.148303 0.154743 0.169165 0.182342 0.164545 0.182059 0.146911 0.123327 0.113284 0.121407 0.112982 0.081079 0.114690 0.116760 0.123064 0.124977 0.100679 0.122904 0.149853 0.117168 0.125031 0.095224 0.110468 0.109689 0.151555 0.147150 0.117293 0.107852 0.134826 0.149600 0.214824 0.122517 0.211706 0.185901 0.180261 0.198340 0.110053 0.285006 0.247698 0.105585 0.141665 0.138904 0.148138 0.110193 0.256561 0.184916 0.185535 0.129728 0.088125 0.122380 0.080642 0.148852 0.155083 0.145826 0.107422 0.148336 0.128154 0.155019 0.228822 0.113107 0.220695 0.279293 0.258257 0.248663 0.263948 0.270883 0.271758 0.145491 0.187781 0.193563 0.184930 0.178134 0.199711 0.191351 0.189965 0.197649 0.177350 0.110230 0.139299 0.095467 0.162796 0.199268 0.198849 0.495144 0.185670 0.124482 0.162287 0.156343 0.160556 0.147535 0.157009 0.143551 0.146222 0.152716 0.168224 0.122441 0.160784 0.092134 0.145245 0.125642 0.138183 0.139201 0.141239 0.153680 0.180721 0.156792 0.143831 0.144283 0.104126 0.129978 0.148902 0.139293 0.148914 0.108824 0.130779 0.110836 0.138598 0.120176 0.138643 0.154696 0.173718 0.170871 0.185202 0.135189 0.114478 0.182363 0.213101 0.176755 0.114678 0.162935 0.102065 0.137351 0.129532 0.122975 0.135690 0.137786 0.172667 0.160342 
0.164295 0.127296 0.230737 0.231087 0.100158 0.106280 0.099478 0.109574 0.108779 0.138097 0.150982 0.069502 0.134776 0.101311 0.000000 0.114969 0.088792 0.079747 0.167507 0.190569 0.115929 0.166809 0.300663 0.303087 0.290450 0.314827 0.268782 0.311812 0.285735 0.259833 0.282345 0.306576 0.278979 0.305425 0.236207 0.303852 0.277049 0.247124 0.309639 0.158138 0.143207 0.180437 0.142113 0.155936 0.179642 0.182544 0.164957 0.131130 0.173177 0.177529 0.131569 0.234623 0.193717 0.147903 0.146028 0.129237 0.217547 0.280570 0.205175 0.357414 0.277884 0.320185 0.277305 0.207002 0.320491 0.358374 0.214961 0.325281 0.329873 0.111242 0.116284 0.095820 0.090661 0.226577 0.250235 0.233136 0.186216 0.226326 0.269697 0.183852 0.157460 0.168782 0.193314 0.358008 0.086104 0.339646 0.194275 0.148390 0.164077 0.404684 0.441155 0.170038 0.385010 0.173474 0.259628 0.273699 0.123200 0.144063 0.196878 0.149493 0.186769 0.170249 0.176828 0.158700 0.175384 0.187250 0.182973 0.184238 0.187031 0.153776 0.125343 0.139222 0.151736 0.129611 0.121814 0.121902 0.129456 0.141156 0.140999 0.118647 0.130049 0.150027 0.138519 0.141027 0.114614 0.141613 0.124069 0.153512 0.153186 0.122746 0.140987 0.139226 0.162441 0.191461 0.135128 0.209801 0.183307 0.171436 0.206840 0.160014 0.285073 0.244125 0.113615 0.147230 0.153933 0.134603 0.130607 0.221433 0.183382 0.181821 0.141949 0.109781 0.116771 0.102218 0.136633 0.154755 0.159785 0.129983 0.176326 0.141925 0.147662 0.214235 0.113323 0.224125 0.280096 0.261628 0.246710 0.265824 0.263966 0.277701 0.140610 0.172148 0.181354 0.173272 0.157634 0.181121 0.161481 0.185077 0.187083 0.201231 0.087247 0.108580 0.110099 0.133328 0.233360 0.211765 0.525156 0.168349 0.109085 0.169105 0.129735 0.135659 0.125838 0.143768 0.141249 0.135448 0.144085 0.156352 0.117088 0.157504 0.126496 0.141733 0.135752 0.138011 0.147155 0.114108 0.135708 0.162192 0.133764 0.120878 0.159488 0.106019 0.090954 0.109403 0.141682 0.160709 0.092837 0.113408 0.098501 0.140179 0.140346 0.141097 0.122682 0.138532 0.145915 0.154069 0.124019 0.103862 0.169438 0.180262 0.154848 0.141911 0.128259 0.116393 0.115079 0.102837 0.131910 0.157373 0.141566 0.177471 0.152762 
0.147282 0.146523 0.232048 0.221224 0.106332 0.139664 0.103809 0.114311 0.074106 0.140328 0.154015 0.117792 0.158837 0.080448 0.114969 0.000000 0.091406 0.099030 0.221522 0.231091 0.095246 0.200348 0.267912 0.284169 0.276480 0.312560 0.255458 0.304386 0.268264 0.249605 0.272481 0.289270 0.265339 0.293497 0.228224 0.295491 0.273651 0.247503 0.302490 0.133608 0.132572 0.179992 0.155966 0.138259 0.183646 0.184383 0.162685 0.134535 0.168285 0.185042 0.149533 0.236315 0.194098 0.157031 0.216950 0.167963 0.203010 0.276900 0.186533 0.359844 0.293277 0.316663 0.276674 0.181190 0.305494 0.338067 0.220029 0.328372 0.329804 0.130244 0.118645 0.084382 0.115946 0.243829 0.248659 0.271356 0.204374 0.246449 0.270362 0.203632 0.194538 0.161952 0.180713 0.422555 0.153299 0.379959 0.219429 0.212505 0.197615 0.485161 0.516859 0.212563 0.418272 0.203642 0.298298 0.324110 0.142779 0.134095 0.191902 0.155408 0.180621 0.173550 0.150443 0.127668 0.157552 0.178193 0.182563 0.157974 0.187186 0.155279 0.151214 0.124580 0.132363 0.128333 0.100461 0.133125 0.096800 0.145050 0.153913 0.119279 0.135900 0.167828 0.141953 0.134252 0.115883 0.131634 0.132506 0.167591 0.166568 0.126119 0.130184 0.163503 0.144286 0.223847 0.167512 0.222766 0.196729 0.193685 0.218466 0.159732 0.300391 0.261951 0.121585 0.141858 0.156628 0.142162 0.137747 0.289790 0.205646 0.185456 0.148621 0.132076 0.152627 0.097310 0.143846 0.202575 0.182271 0.122693 0.172830 0.140930 0.166131 0.278303 0.153546 0.247257 0.293923 0.282435 0.265934 0.269178 0.296307 0.279269 0.185032 0.212951 0.211841 0.211413 0.206115 0.220553 0.208101 0.220186 0.222936 0.196052 0.135432 0.161423 0.110514 0.175829 0.222294 0.182760 0.488597 0.208147 0.160697 0.174666 0.190883 0.184506 0.168901 0.167852 0.159100 0.165025 0.161505 0.191632 0.141591 0.168532 0.134286 0.168737 0.144049 0.148938 0.157210 0.155421 0.159138 0.216834 0.192063 0.178706 0.127238 0.140284 0.150035 0.166519 0.162819 0.129677 0.118578 0.109572 0.108096 0.170519 0.159449 0.157808 0.199601 0.198913 0.198096 0.224369 0.176346 0.135763 0.193901 0.233672 0.200549 0.117333 0.170348 0.109957 0.153397 0.150447 0.112345 0.167755 0.151251 0.169678 0.161026 
0.163818 0.152427 0.239093 0.231627 0.128622 0.126379 0.057068 0.104348 0.070153 0.140302 0.163965 0.100394 0.156918 0.097356 0.088792 0.091406 0.000000 0.091889 0.175770 0.200170 0.114570 0.192312 0.312135 0.323745 0.320894 0.326532 0.291572 0.320437 0.316453 0.292567 0.291980 0.327349 0.286216 0.325857 0.254710 0.318901 0.295486 0.274546 0.325015 0.175505 0.157868 0.189328 0.166785 0.173076 0.196310 0.192787 0.183829 0.139107 0.191707 0.184009 0.170044 0.260372 0.206888 0.178771 0.180053 0.154590 0.241972 0.302492 0.223250 0.381185 0.317214 0.331346 0.304675 0.217273 0.327832 0.360364 0.230110 0.351208 0.348992 0.151111 0.133889 0.103653 0.105908 0.278283 0.271985 0.285719 0.207746 0.262908 0.272840 0.219919 0.200584 0.174453 0.200046 0.366185 0.118933 0.363136 0.206277 0.189925 0.195074 0.427945 0.477555 0.205691 0.373211 0.200141 0.271987 0.304110 0.136092 0.161144 0.202843 0.172932 0.207962 0.193627 0.192695 0.163690 0.186175 0.204996 0.203926 0.200458 0.212029 0.186435 0.156856 0.133927 0.152156 0.135950 0.108567 0.148281 0.127265 0.155547 0.164561 0.135640 0.166370 0.185155 0.166426 0.156210 0.134315 0.141812 0.146803 0.169836 0.178389 0.143572 0.161658 0.171083 0.163648 0.237565 0.160245 0.222343 0.205349 0.187175 0.227102 0.159434 0.292846 0.243779 0.122229 0.159914 0.173057 0.134545 0.126366 0.250762 0.192122 0.174790 0.153999 0.113284 0.134318 0.095643 0.137153 0.169789 0.164079 0.128231 0.185256 0.147759 0.142039 0.242374 0.111257 0.251428 0.299872 0.286495 0.286547 0.286284 0.307609 0.319852 0.158153 0.186126 0.218470 0.202074 0.195771 0.221129 0.201261 0.208984 0.224167 0.232668 0.133286 0.153816 0.129299 0.167853 0.226081 0.194970 0.480899 0.207880 0.137780 0.198541 0.176991 0.155097 0.145720 0.177375 0.163822 0.147343 0.149255 0.185763 0.135735 0.171478 0.116727 0.144207 0.154160 0.174476 0.158879 0.142588 0.159473 0.182133 0.167393 0.153816 0.139698 0.127124 0.102071 0.121015 0.158875 0.157469 0.106809 0.120737 0.117648 0.140041 0.145811 0.132782 0.139265 0.161836 0.158268 0.182047 0.155065 0.145437 0.194792 0.206154 0.169416 0.140647 0.172413 0.143149 0.133515 0.136062 0.108845 0.169237 0.164739 0.201573 0.181553 
0.171752 0.157104 0.218815 0.223068 0.076521 0.074014 0.109537 0.093833 0.115955 0.114899 0.133481 0.101548 0.119540 0.091738 0.079747 0.099030 0.091889 0.000000 0.184071 0.201428 0.084328 0.159103 0.253102 0.268349 0.258884 0.265992 0.229524 0.273436 0.252567 0.230677 0.227388 0.273562 0.242829 0.262771 0.220477 0.286566 0.264603 0.237884 0.294920 0.129913 0.140936 0.158746 0.123466 0.158628 0.150445 0.134430 0.163280 0.117745 0.184544 0.161373 0.145647 0.230925 0.176336 0.147647 0.175911 0.139339 0.207764 0.291519 0.199451 0.354844 0.273786 0.332260 0.279877 0.183352 0.312858 0.356128 0.217385 0.329782 0.338485 0.118346 0.102892 0.109024 0.106711 0.253332 0.244344 0.252376 0.196111 0.243833 0.244615 0.209163 0.165395 0.174342 0.192493 0.393085 0.085859 0.349896 0.164825 0.148598 0.173568 0.443779 0.463938 0.153525 0.386825 0.159194 0.226566 0.298277 0.069211 0.139481 0.177191 0.145194 0.159237 0.171445 0.152594 0.154325 0.147754 0.182193 0.176104 0.178734 0.187718 0.154212 0.113275 0.122706 0.137971 0.093467 0.123121 0.106230 0.084093 0.122176 0.120405 0.083186 0.112657 0.126131 0.100715 0.113923 0.093333 0.109419 0.120987 0.128541 0.128957 0.078324 0.128351 0.118753 0.158480 0.204991 0.122178 0.227819 0.195835 0.179813 0.215731 0.172125 0.278295 0.233776 0.089975 0.125118 0.139957 0.142255 0.130431 0.242035 0.180703 0.169719 0.140788 0.115046 0.144940 0.103006 0.116810 0.158547 0.161451 0.127925 0.170790 0.135351 0.148901 0.231603 0.110292 0.229089 0.284459 0.260348 0.259886 0.280037 0.289550 0.281618 0.149175 0.178190 0.204008 0.181834 0.168925 0.195082 0.177712 0.184766 0.208671 0.191500 0.097506 0.124816 0.088845 0.146864 0.237075 0.224096 0.531215 0.187655 0.107257 0.162928 0.136732 0.147332 0.151849 0.159038 0.141588 0.139016 0.144578 0.175574 0.128234 0.151055 0.098377 0.138006 0.133189 0.138604 0.151985 0.141420 0.146783 0.164860 0.133414 0.130050 0.142863 0.109762 0.107850 0.113430 0.169501 0.153816 0.119530 0.138521 0.109019 0.141827 0.158966 0.160586 0.156072 0.185614 0.157494 0.188062 0.154203 0.105956 0.156991 0.209406 0.147251 0.106509 0.163878 0.097757 0.120399 0.118835 0.104101 0.158359 0.095000 0.148348 0.126040 
