241 241
0.000000 0.190506 0.204101 0.154530 0.286786 0.301257 0.289864 0.327157 0.295402 0.297086 0.292161 0.326104 0.334802 0.266972 0.295681 0.262207 0.264702 0.413496 0.215282 0.381456 0.446124 0.463732 0.478710 0.512389 0.507074 0.543952 0.462862 0.490968 0.449439 0.480380 0.463721 0.479488 0.460133 0.429460 0.422338 0.424439 0.478692 0.450590 0.501126 0.326696 0.378063 0.307419 0.312837 0.371642 0.312328 0.366447 0.304889 0.444923 0.337655 0.330697 0.423947 0.535649 0.461021 0.452841 0.477939 0.289123 0.454817 0.447402 0.316106 0.473134 0.475345 0.364982 0.438859 0.472089 0.221473 0.271176 0.271949 0.381096 0.409833 0.285573 0.356208 0.423258 0.224609 0.310429 0.233978 0.654904 0.308650 0.640345 0.379485 0.431294 0.385600 0.436701 0.584157 0.656706 0.529816 0.531045 0.319724 0.264726 0.280127 0.273787 0.365300 0.350123 0.302293 0.307413 0.355753 0.313394 0.345523 0.359399 0.387225 0.312559 0.398531 0.228865 0.237731 0.303032 0.226843 0.242756 0.225339 0.220270 0.167735 0.218125 0.222582 0.324360 0.337591 0.359668 0.295137 0.365688 0.303048 0.369730 0.315134 0.326339 0.369211 0.344241 0.342540 0.350537 0.317509 0.349191 0.295883 0.353026 0.395831 0.345392 0.300253 0.326814 0.360607 0.342652 0.324217 0.296198 0.314628 0.361327 0.344568 0.365529 0.253588 0.403467 0.275902 0.320723 0.322606 0.289091 0.317971 0.485466 0.328065 0.475756 0.437489 0.307766 0.428743 0.291549 0.292429 0.315962 0.480050 0.307649 0.285902 0.311176 0.385135 0.417884 0.273117 0.320507 0.423566 0.288122 0.425627 0.378681 0.438939 0.420437 0.422455 0.390101 0.446631 0.407878 0.285790 0.411950 0.293611 0.283422 0.317509 0.336921 0.297123 0.298966 0.217949 0.265178 0.158913 0.211162 0.219088 0.275298 0.219739 0.213489 0.284431 0.216683 0.227186 0.217310 0.206425 0.268092 0.202116 0.237270 0.327379 0.226020 0.194739 0.217664 0.248587 0.266885 0.247520 0.290605 0.284679 0.256618 0.230260 0.248394 0.263513 0.252028 0.292356 0.280160 0.282201 0.273396 0.328774 0.270349 0.398157 0.393658 0.287659 0.326955 0.279238 0.415317 0.253664 0.327237 0.276820 0.187303 0.193636 0.240855 0.330743 0.368117 0.347780 0.250285 0.281417 0.318556 0.260504 0.246936 0.218096 0.331201 0.381736 
0.190506 0.000000 0.206413 0.145868 0.268926 0.302533 0.265845 0.282448 0.224095 0.243414 0.234291 0.291338 0.281682 0.246412 0.273294 0.266893 0.263974 0.389709 0.204790 0.356939 0.421690 0.521351 0.508867 0.557013 0.459933 0.491426 0.444740 0.513133 0.414380 0.425600 0.440287 0.442493 0.469300 0.420763 0.389098 0.388023 0.449123 0.403148 0.507358 0.279466 0.278466 0.287299 0.350598 0.313931 0.245599 0.310328 0.193084 0.370111 0.333373 0.348670 0.420939 0.483122 0.441956 0.398614 0.476188 0.261847 0.441606 0.350444 0.286176 0.462910 0.472573 0.256504 0.438481 0.455304 0.243986 0.230618 0.272977 0.333658 0.366108 0.253453 0.316284 0.360982 0.265117 0.199184 0.222194 0.644581 0.283554 0.610856 0.389996 0.394723 0.374887 0.415307 0.558404 0.614601 0.467581 0.504007 0.270124 0.233522 0.312582 0.296169 0.283373 0.277078 0.269837 0.309801 0.291148 0.264606 0.265608 0.312899 0.341012 0.305953 0.300943 0.141953 0.181380 0.244990 0.167966 0.164129 0.175120 0.176138 0.154698 0.187787 0.185347 0.269389 0.301806 0.318912 0.277775 0.312772 0.268180 0.308217 0.245470 0.213034 0.279128 0.284712 0.327290 0.349692 0.260477 0.302899 0.229409 0.334280 0.365159 0.316898 0.238631 0.296049 0.294681 0.273447 0.272137 0.253980 0.247313 0.301345 0.327862 0.298691 0.286017 0.386576 0.248806 0.282484 0.322036 0.261903 0.290240 0.435781 0.309137 0.467918 0.433586 0.267111 0.458740 0.259676 0.291094 0.277612 0.465897 0.279639 0.238382 0.261045 0.361321 0.388506 0.243150 0.271601 0.387582 0.254401 0.353487 0.306009 0.356088 0.341886 0.368686 0.346643 0.339925 0.340139 0.251561 0.397302 0.224401 0.202184 0.282807 0.246585 0.227207 0.222426 0.163661 0.213007 0.211151 0.180829 0.189386 0.226174 0.236577 0.207586 0.206721 0.134970 0.180889 0.180007 0.209172 0.224051 0.166950 0.166836 0.274369 0.242045 0.120110 0.171737 0.195341 0.198353 0.213460 0.202295 0.218694 0.236187 0.223550 0.251170 0.252415 0.230230 0.184625 0.169975 0.233570 0.191145 0.262929 0.248730 0.370507 0.388709 0.237413 0.279695 0.246791 0.341605 0.227261 0.301290 0.214460 0.158291 0.174299 0.199975 0.295300 0.350536 0.294873 0.169278 0.232413 0.252575 0.235303 0.243579 0.203664 0.304896 0.340981 
0.204101 0.206413 0.000000 0.188687 0.307369 0.327511 0.246886 0.273195 0.195276 0.213430 0.201946 0.266692 0.259058 0.182997 0.305686 0.178486 0.175035 0.438566 0.259535 0.391053 0.474142 0.535777 0.553629 0.595026 0.532312 0.542617 0.473807 0.547080 0.439703 0.475488 0.487309 0.499835 0.531287 0.432374 0.420003 0.437249 0.486844 0.463297 0.547362 0.256973 0.335714 0.302396 0.370405 0.293426 0.279538 0.208363 0.319670 0.461970 0.385290 0.395171 0.459588 0.556777 0.478869 0.476749 0.495733 0.324510 0.476952 0.462606 0.306583 0.468867 0.532290 0.372602 0.413035 0.515904 0.159655 0.188002 0.212906 0.399427 0.400682 0.290974 0.347725 0.425867 0.306086 0.269941 0.261319 0.650798 0.252860 0.646556 0.353170 0.417184 0.364017 0.411058 0.566763 0.638505 0.490238 0.557600 0.280844 0.271181 0.369676 0.262667 0.362177 0.330186 0.336611 0.259539 0.315155 0.335180 0.363437 0.355907 0.393510 0.323847 0.367402 0.237225 0.186128 0.297519 0.208897 0.220843 0.156056 0.196033 0.118510 0.168825 0.180818 0.214670 0.225747 0.235284 0.214931 0.273390 0.226466 0.228345 0.198744 0.273029 0.285414 0.221190 0.216811 0.223409 0.243559 0.210562 0.207404 0.209982 0.245463 0.179513 0.234124 0.217295 0.254042 0.284149 0.225263 0.208670 0.253489 0.247130 0.192288 0.266653 0.286590 0.402493 0.171086 0.298375 0.350484 0.205634 0.358449 0.360602 0.252623 0.487251 0.413787 0.209530 0.488560 0.321761 0.255895 0.239826 0.482441 0.225991 0.197183 0.191593 0.298500 0.320907 0.247591 0.283630 0.239910 0.231680 0.444385 0.366665 0.429318 0.436902 0.409313 0.423643 0.448468 0.455449 0.286579 0.353310 0.303246 0.260734 0.279486 0.333762 0.248731 0.315121 0.126975 0.184800 0.200603 0.168919 0.209809 0.292469 0.267816 0.202003 0.251360 0.221007 0.246351 0.194193 0.194169 0.284905 0.169055 0.222135 0.176870 0.171481 0.176831 0.211590 0.232432 0.245066 0.209801 0.248351 0.238806 0.167684 0.156348 0.185215 0.202585 0.167349 0.166319 0.172210 0.145806 0.164471 0.229406 0.281597 0.372808 0.375196 0.256596 0.308453 0.233378 0.373531 0.178334 0.228871 0.316577 0.166251 0.185883 0.197549 0.308873 0.353416 0.305604 0.248899 0.197269 0.237306 0.214934 0.129144 0.205185 0.305867 0.379592 
0.154530 0.145868 0.188687 0.000000 0.209254 0.247176 0.220857 0.251750 0.232794 0.236805 0.268905 0.258661 0.246497 0.239852 0.263225 0.219681 0.249888 0.340092 0.176641 0.304490 0.393381 0.489500 0.478449 0.529553 0.437798 0.480766 0.413046 0.488150 0.389087 0.399583 0.416386 0.418683 0.448034 0.412473 0.360051 0.360030 0.420422 0.374115 0.478311 0.244432 0.279988 0.225997 0.298883 0.283966 0.237133 0.280079 0.249259 0.383838 0.318673 0.339830 0.374512 0.445505 0.400229 0.365647 0.426420 0.221227 0.382690 0.352929 0.246366 0.388114 0.412592 0.287663 0.397225 0.419806 0.186969 0.187021 0.194246 0.352803 0.342287 0.233168 0.284246 0.352102 0.231079 0.247984 0.157931 0.624586 0.290487 0.620226 0.369777 0.369895 0.364925 0.368640 0.548727 0.563581 0.469059 0.504830 0.260198 0.223850 0.269135 0.255233 0.271813 0.252158 0.221984 0.285058 0.267856 0.224142 0.244131 0.273900 0.301389 0.247550 0.293266 0.174657 0.181045 0.226616 0.171792 0.175474 0.150322 0.138352 0.122628 0.176422 0.164565 0.269551 0.276985 0.272843 0.274999 0.325124 0.273300 0.307824 0.249178 0.272079 0.284740 0.260682 0.327652 0.327046 0.259190 0.295500 0.229535 0.333073 0.364503 0.315042 0.239629 0.290317 0.326042 0.291427 0.271795 0.248496 0.246812 0.279611 0.304688 0.299102 0.286687 0.349710 0.245189 0.246993 0.243723 0.236242 0.257906 0.396770 0.246437 0.448744 0.422636 0.219062 0.374679 0.213052 0.274621 0.238569 0.431897 0.235827 0.204194 0.226656 0.349061 0.332621 0.197800 0.228386 0.386373 0.251548 0.392883 0.292140 0.362032 0.363714 0.359039 0.328860 0.363228 0.354638 0.230470 0.354157 0.236644 0.211091 0.254671 0.256275 0.226644 0.223573 0.174646 0.197571 0.227896 0.164848 0.249033 0.230663 0.236382 0.170026 0.259458 0.178274 0.172123 0.162812 0.184026 0.203006 0.148372 0.182462 0.266003 0.225003 0.125875 0.147072 0.176156 0.189598 0.193358 0.219737 0.261941 0.188252 0.208865 0.245625 0.253513 0.200541 0.201661 0.217366 0.205624 0.230563 0.256367 0.239733 0.322289 0.330188 0.232096 0.270151 0.229398 0.347074 0.232533 0.243201 0.259589 0.122974 0.160711 0.180215 0.262926 0.304444 0.282972 0.208832 0.203007 0.281396 0.218529 0.224223 0.215231 0.269028 0.306875 
0.286786 0.268926 0.307369 0.209254 0.000000 0.113184 0.349973 0.335731 0.356742 0.366508 0.378118 0.333968 0.368062 0.350608 0.249560 0.374560 0.352156 0.283835 0.272318 0.313253 0.323835 0.402237 0.393983 0.423284 0.351409 0.374579 0.340639 0.387199 0.297671 0.357661 0.328423 0.319466 0.359236 0.347444 0.312422 0.312264 0.327944 0.307603 0.370975 0.370985 0.336169 0.381419 0.388056 0.413034 0.366548 0.387963 0.265280 0.257571 0.278405 0.279443 0.243775 0.319375 0.257850 0.230138 0.289936 0.312688 0.243500 0.216275 0.190566 0.304441 0.292318 0.206159 0.267492 0.291650 0.347368 0.338360 0.373101 0.247183 0.213407 0.141206 0.193595 0.234208 0.145669 0.188524 0.212192 0.487906 0.321940 0.496462 0.259893 0.286303 0.258136 0.293616 0.421873 0.442787 0.365634 0.367580 0.333313 0.321418 0.377886 0.357120 0.308680 0.358557 0.332891 0.414161 0.333129 0.329377 0.365400 0.388553 0.420252 0.389559 0.394859 0.224860 0.242349 0.229873 0.190188 0.247736 0.243216 0.273187 0.290507 0.238124 0.244245 0.379892 0.393098 0.406254 0.391131 0.429437 0.374153 0.429987 0.365516 0.369471 0.369767 0.374847 0.442069 0.460311 0.340320 0.408572 0.349510 0.451799 0.477224 0.430198 0.361534 0.410753 0.427252 0.366458 0.374891 0.336525 0.376617 0.394742 0.437918 0.420266 0.414304 0.264832 0.339227 0.298021 0.214353 0.374593 0.277315 0.553252 0.368633 0.322395 0.518621 0.359410 0.357244 0.324500 0.325152 0.333630 0.321229 0.396426 0.314872 0.338046 0.457123 0.490407 0.347603 0.387737 0.513051 0.319929 0.271856 0.200374 0.247364 0.238973 0.247908 0.229007 0.235585 0.243505 0.256864 0.373580 0.193518 0.180077 0.218542 0.189352 0.223809 0.159349 0.282060 0.296052 0.276619 0.274522 0.274058 0.168178 0.216768 0.226103 0.235374 0.230785 0.240881 0.224272 0.217837 0.216288 0.262289 0.252574 0.393304 0.273551 0.199114 0.285672 0.239787 0.223641 0.257985 0.240134 0.287687 0.312967 0.364605 0.357638 0.313613 0.326972 0.322744 0.333649 0.334865 0.338577 0.314544 0.270905 0.238528 0.270873 0.298423 0.292930 0.320547 0.403384 0.358878 0.389641 0.301310 0.251078 0.271112 0.256587 0.252460 0.193571 0.266942 0.209849 0.307735 0.363823 0.299513 0.322970 0.291515 0.300575 0.272298 
0.301257 0.302533 0.327511 0.247176 0.113184 0.000000 0.375491 0.353614 0.366522 0.391768 0.374407 0.385402 0.418556 0.383130 0.277476 0.368477 0.368600 0.305339 0.302953 0.354309 0.365869 0.401776 0.424375 0.437567 0.396087 0.397344 0.366364 0.390913 0.318614 0.428409 0.333703 0.336575 0.399661 0.387617 0.364558 0.376068 0.363406 0.364803 0.386037 0.425704 0.378470 0.440105 0.440240 0.481457 0.441123 0.444441 0.329633 0.286358 0.317315 0.305299 0.253420 0.318503 0.286922 0.238750 0.305795 0.375086 0.261533 0.226518 0.234148 0.287766 0.310860 0.257294 0.270327 0.327649 0.378124 0.375956 0.379026 0.269796 0.237377 0.188245 0.211316 0.227205 0.186239 0.242791 0.271650 0.451667 0.328557 0.480644 0.255760 0.256376 0.268082 0.271003 0.407957 0.413960 0.336716 0.370899 0.338234 0.377745 0.422772 0.393081 0.382340 0.433891 0.403227 0.470620 0.397907 0.399908 0.434963 0.457064 0.491041 0.450458 0.470692 0.254284 0.266766 0.255966 0.211978 0.281382 0.293611 0.308897 0.316006 0.260649 0.269187 0.423933 0.427043 0.445389 0.428311 0.466927 0.427698 0.468067 0.403453 0.414202 0.402751 0.414223 0.479937 0.491193 0.376440 0.446604 0.404116 0.491514 0.514960 0.469691 0.407295 0.448646 0.444490 0.404460 0.412448 0.371601 0.435071 0.433107 0.468512 0.458168 0.445468 0.296582 0.356323 0.344381 0.238348 0.421750 0.311230 0.612332 0.413948 0.320319 0.551944 0.381606 0.417964 0.384610 0.356190 0.366071 0.349701 0.449302 0.340340 0.376610 0.473317 0.530554 0.402493 0.455122 0.540705 0.326616 0.278480 0.233577 0.260868 0.247726 0.264309 0.249933 0.260477 0.276516 0.277162 0.402108 0.258252 0.228364 0.256219 0.241168 0.276141 0.232480 0.302206 0.317636 0.299823 0.317956 0.272390 0.203929 0.228029 0.265863 0.264956 0.253544 0.257717 0.251645 0.221626 0.231489 0.294707 0.274585 0.412124 0.286278 0.244300 0.306206 0.246113 0.252175 0.273211 0.273841 0.304971 0.333501 0.386252 0.361768 0.321666 0.352080 0.352945 0.347705 0.381076 0.371026 0.331249 0.291291 0.264615 0.268717 0.289635 0.297818 0.344383 0.407607 0.356142 0.413536 0.314495 0.277778 0.298314 0.301355 0.289682 0.201121 0.292312 0.252664 0.357946 0.365697 0.302311 0.354625 0.310429 0.344624 0.307550 
0.289864 0.265845 0.246886 0.220857 0.349973 0.375491 0.000000 0.110145 0.164584 0.184965 0.201050 0.191967 0.147604 0.163308 0.207213 0.214043 0.127141 0.260019 0.156336 0.192944 0.320651 0.420146 0.419835 0.465012 0.383969 0.431923 0.359490 0.417769 0.348524 0.320082 0.345234 0.361491 0.395124 0.356645 0.300050 0.308569 0.364436 0.322003 0.420152 0.151877 0.232583 0.175137 0.222685 0.201021 0.232141 0.178781 0.235082 0.337358 0.240315 0.256506 0.438420 0.558187 0.412366 0.499398 0.496275 0.186015 0.494916 0.439887 0.259602 0.466139 0.536844 0.341757 0.420501 0.503883 0.170289 0.125366 0.197209 0.384896 0.392348 0.318316 0.363922 0.399756 0.366926 0.285573 0.271483 0.638811 0.183953 0.577852 0.291335 0.271064 0.330554 0.245821 0.489605 0.602891 0.402091 0.461106 0.132465 0.199849 0.269634 0.190314 0.239858 0.229844 0.210222 0.244178 0.200868 0.214111 0.244357 0.240078 0.288263 0.221173 0.263400 0.252904 0.181396 0.246482 0.219393 0.212227 0.179915 0.214297 0.201109 0.215389 0.169959 0.172235 0.197666 0.145471 0.183010 0.245751 0.216773 0.213821 0.172828 0.187581 0.202194 0.145603 0.219500 0.234634 0.177252 0.172052 0.161132 0.233064 0.218052 0.220616 0.176183 0.207487 0.235356 0.225124 0.165078 0.128487 0.187954 0.149625 0.173735 0.220324 0.241139 0.267398 0.188697 0.161554 0.326250 0.161266 0.268711 0.308697 0.225683 0.456022 0.377250 0.128236 0.406238 0.182437 0.223034 0.196539 0.352653 0.169993 0.187176 0.134872 0.275215 0.222567 0.193631 0.273702 0.303678 0.190791 0.477373 0.358899 0.452678 0.438531 0.403688 0.439416 0.445062 0.440116 0.230315 0.274407 0.314493 0.283692 0.295202 0.316565 0.257633 0.301359 0.196319 0.202692 0.282877 0.151405 0.290960 0.283237 0.246544 0.186779 0.268019 0.257895 0.214381 0.211638 0.232629 0.234473 0.200472 0.250869 0.191681 0.231054 0.212060 0.191615 0.239417 0.224326 0.202903 0.239297 0.286646 0.162821 0.242243 0.247174 0.236837 0.228939 0.247278 0.289215 0.253694 0.332624 0.251745 0.256454 0.269877 0.313671 0.245975 0.269799 0.194149 0.283975 0.319650 0.280310 0.237229 0.173877 0.188327 0.145781 0.192457 0.313317 0.229804 0.280962 0.145894 0.218400 0.226999 0.185019 0.257524 0.133527 0.185426 
0.327157 0.282448 0.273195 0.251750 0.335731 0.353614 0.110145 0.000000 0.157261 0.165629 0.187882 0.216806 0.172591 0.195364 0.194075 0.206801 0.128716 0.245975 0.158291 0.214202 0.343861 0.425956 0.427355 0.476871 0.390698 0.405473 0.383804 0.403002 0.320439 0.367897 0.349345 0.357405 0.398460 0.394002 0.301695 0.318311 0.370402 0.339413 0.420494 0.230139 0.213486 0.242044 0.228977 0.242521 0.237237 0.234161 0.233587 0.319392 0.216062 0.264093 0.454669 0.561977 0.427925 0.501387 0.518522 0.220717 0.517866 0.429331 0.300330 0.516030 0.546064 0.332962 0.437321 0.519141 0.256538 0.200247 0.251775 0.411777 0.385457 0.309711 0.376006 0.371515 0.370456 0.243137 0.284821 0.590194 0.129931 0.545994 0.295722 0.225115 0.304684 0.229944 0.426352 0.542659 0.313422 0.420858 0.077272 0.241605 0.296433 0.267456 0.246263 0.261620 0.249908 0.327400 0.238581 0.247755 0.263165 0.281647 0.307381 0.282056 0.282171 0.260090 0.184339 0.246370 0.200996 0.197318 0.204922 0.234593 0.263136 0.199796 0.192415 0.185523 0.201162 0.186081 0.207018 0.215769 0.202684 0.212306 0.158466 0.190058 0.161162 0.145016 0.238862 0.249023 0.154342 0.189372 0.171326 0.254494 0.239597 0.240406 0.181043 0.202586 0.221051 0.178202 0.180954 0.143860 0.221656 0.175226 0.189767 0.186959 0.273849 0.299242 0.195221 0.162851 0.344051 0.229049 0.278452 0.393067 0.267354 0.421199 0.342107 0.132517 0.429675 0.205116 0.250164 0.189725 0.321173 0.250250 0.179363 0.156390 0.236796 0.265896 0.236726 0.301413 0.316969 0.176361 0.458337 0.348294 0.435222 0.421147 0.410517 0.433269 0.433135 0.445471 0.180610 0.271957 0.315322 0.260949 0.268217 0.303742 0.267400 0.300318 0.191447 0.192118 0.268353 0.208769 0.261234 0.281140 0.226311 0.169807 0.220700 0.229706 0.220784 0.201045 0.237582 0.234440 0.231954 0.218473 0.219893 0.270162 0.205958 0.212378 0.231148 0.194861 0.179657 0.177335 0.221392 0.186414 0.274521 0.212021 0.215483 0.298341 0.253288 0.249538 0.279862 0.303029 0.202581 0.260544 0.233506 0.382589 0.195365 0.241711 0.241067 0.226438 0.288345 0.299447 0.243210 0.216300 0.243467 0.181446 0.240981 0.297476 0.187028 0.272657 0.194835 0.197355 0.209151 0.206339 0.282300 0.133393 0.191198 
0.295402 0.224095 0.195276 0.232794 0.356742 0.366522 0.164584 0.157261 0.000000 0.073548 0.067033 0.211102 0.149100 0.148238 0.200663 0.166471 0.151741 0.296443 0.200510 0.276975 0.389803 0.460727 0.464915 0.515222 0.431054 0.438255 0.430407 0.449294 0.377307 0.401428 0.388280 0.396922 0.431166 0.408556 0.332045 0.346111 0.397519 0.371570 0.450183 0.206746 0.224581 0.219157 0.262433 0.231396 0.177148 0.187134 0.222488 0.339873 0.247467 0.271955 0.484577 0.595560 0.461044 0.526520 0.553010 0.237896 0.543457 0.467152 0.327304 0.547097 0.575361 0.339986 0.455135 0.553001 0.192327 0.179015 0.199183 0.409563 0.416465 0.336862 0.402144 0.373433 0.375966 0.272330 0.326359 0.615873 0.149169 0.570345 0.307164 0.268947 0.344076 0.278279 0.517826 0.606175 0.390527 0.475797 0.145286 0.204403 0.275069 0.248059 0.256767 0.231623 0.253709 0.275609 0.247011 0.249423 0.248840 0.271074 0.285723 0.266945 0.251639 0.258760 0.223840 0.234553 0.236175 0.224337 0.206997 0.212506 0.179091 0.189551 0.220248 0.123594 0.152022 0.163181 0.169605 0.176537 0.157761 0.167535 0.110695 0.150490 0.165745 0.169942 0.203031 0.203494 0.137462 0.165614 0.117362 0.213939 0.233789 0.196453 0.145203 0.165880 0.175486 0.179186 0.159728 0.145333 0.177194 0.173478 0.151042 0.163763 0.207750 0.336651 0.172141 0.225353 0.373033 0.158338 0.314348 0.338950 0.280931 0.442939 0.316743 0.130777 0.476403 0.215286 0.236923 0.200817 0.394923 0.203987 0.153990 0.129763 0.274556 0.279998 0.194327 0.254209 0.253052 0.178349 0.449924 0.365931 0.446786 0.437822 0.430363 0.456719 0.442921 0.474906 0.265531 0.331808 0.300844 0.268399 0.285235 0.305674 0.281810 0.331840 0.162922 0.233479 0.249357 0.196276 0.228540 0.298151 0.248401 0.193587 0.210914 0.234756 0.254559 0.233789 0.228330 0.295647 0.234932 0.259096 0.159473 0.273540 0.199064 0.250350 0.220139 0.239807 0.236859 0.243869 0.225550 0.145062 0.171903 0.180353 0.201460 0.276954 0.160476 0.174897 0.220857 0.220229 0.251795 0.296231 0.302909 0.393288 0.249274 0.293391 0.263452 0.280814 0.242252 0.310187 0.249306 0.211776 0.229138 0.185432 0.263124 0.350014 0.237266 0.213634 0.177390 0.167710 0.230969 0.161395 0.227217 0.195340 0.249151 
0.297086 0.243414 0.213430 0.236805 0.366508 0.391768 0.184965 0.165629 0.073548 0.000000 0.108818 0.220589 0.155576 0.165615 0.192307 0.180094 0.169658 0.303977 0.194475 0.282364 0.379689 0.473304 0.464482 0.511412 0.433618 0.448944 0.427971 0.452844 0.379068 0.405538 0.389055 0.397221 0.429179 0.396744 0.305007 0.323033 0.361443 0.336632 0.418690 0.200739 0.223879 0.206226 0.220421 0.211338 0.157241 0.197991 0.231560 0.337521 0.243022 0.271305 0.484596 0.602515 0.455913 0.536332 0.540299 0.208256 0.535868 0.478156 0.341870 0.567368 0.578318 0.347993 0.467819 0.543683 0.212889 0.197416 0.203406 0.404493 0.412352 0.328661 0.401605 0.392622 0.371178 0.284579 0.323599 0.629563 0.179863 0.596220 0.324726 0.282352 0.356244 0.298220 0.530527 0.616327 0.411482 0.489338 0.151176 0.200430 0.275664 0.256543 0.267348 0.228158 0.255387 0.288735 0.250416 0.239024 0.243727 0.247345 0.263841 0.252995 0.243423 0.267749 0.242124 0.260694 0.252658 0.252076 0.225018 0.209996 0.201126 0.217709 0.240911 0.142497 0.166808 0.143282 0.172951 0.171717 0.141706 0.151332 0.135966 0.159517 0.159730 0.169352 0.208115 0.188452 0.163579 0.158470 0.116027 0.205528 0.230016 0.175400 0.127409 0.157734 0.174022 0.169719 0.161119 0.168353 0.150177 0.171615 0.138431 0.141901 0.211436 0.352736 0.178259 0.224350 0.378986 0.162198 0.328154 0.349756 0.288950 0.451565 0.299987 0.145245 0.478255 0.221013 0.260677 0.218968 0.404945 0.226963 0.174059 0.144219 0.279696 0.279683 0.201552 0.245254 0.265830 0.208221 0.460442 0.370009 0.457953 0.447753 0.436189 0.455135 0.457954 0.478743 0.272565 0.340348 0.302652 0.277992 0.294971 0.319638 0.286200 0.345333 0.186880 0.250316 0.269004 0.222890 0.259461 0.295073 0.255956 0.185874 0.217797 0.240053 0.274910 0.245346 0.236938 0.295390 0.224073 0.266863 0.187067 0.287507 0.211060 0.252932 0.233582 0.239446 0.250393 0.253734 0.248708 0.176548 0.187831 0.184766 0.227484 0.297086 0.197276 0.175773 0.218218 0.241413 0.273910 0.321673 0.324728 0.417239 0.283324 0.313472 0.284250 0.307626 0.257547 0.303862 0.270827 0.246036 0.260988 0.207113 0.286596 0.367592 0.271803 0.237312 0.205653 0.193403 0.246895 0.195551 0.282383 0.208757 0.282435 
0.292161 0.234291 0.201946 0.268905 0.378118 0.374407 0.201050 0.187882 0.067033 0.108818 0.000000 0.235221 0.173812 0.162222 0.224158 0.174992 0.155982 0.336020 0.217322 0.292480 0.405276 0.474955 0.470610 0.528355 0.453923 0.453500 0.441796 0.453125 0.394302 0.428480 0.396080 0.396620 0.442415 0.423924 0.361583 0.378648 0.423690 0.397320 0.469906 0.240882 0.239434 0.251979 0.279791 0.256158 0.203036 0.211261 0.234153 0.361801 0.279923 0.300802 0.511368 0.613381 0.487292 0.552892 0.582338 0.260732 0.574844 0.467063 0.357248 0.583296 0.604063 0.350225 0.501503 0.589198 0.204472 0.223170 0.227204 0.443889 0.454973 0.367860 0.439441 0.393025 0.395494 0.279429 0.349883 0.652077 0.165172 0.603230 0.314579 0.295861 0.384197 0.316786 0.541559 0.622275 0.394878 0.503373 0.148719 0.231619 0.278418 0.274058 0.282317 0.257821 0.271075 0.290296 0.263709 0.263307 0.271367 0.292314 0.311278 0.297216 0.283017 0.249638 0.255787 0.269486 0.267115 0.248338 0.231827 0.226827 0.215679 0.210963 0.245654 0.152223 0.176693 0.200647 0.178915 0.185494 0.165412 0.196121 0.144927 0.158327 0.189912 0.197797 0.209632 0.216410 0.173373 0.195973 0.156709 0.222345 0.242951 0.192911 0.174138 0.176256 0.178485 0.209499 0.195031 0.188201 0.209125 0.213063 0.165840 0.189209 0.216646 0.365342 0.191389 0.256885 0.399726 0.179798 0.335498 0.364131 0.316607 0.476733 0.319822 0.163564 0.512405 0.237995 0.241563 0.239672 0.420295 0.234648 0.193116 0.148584 0.308097 0.317947 0.206882 0.272808 0.252193 0.214075 0.486970 0.403411 0.473344 0.476730 0.468017 0.491758 0.473753 0.504627 0.289809 0.380675 0.338032 0.300578 0.325669 0.340202 0.322217 0.361476 0.195062 0.265615 0.248874 0.232604 0.234671 0.342255 0.259517 0.220060 0.234396 0.274435 0.291438 0.267161 0.274049 0.333714 0.265379 0.264756 0.194297 0.303862 0.220468 0.289602 0.251454 0.281044 0.278291 0.271326 0.223164 0.191536 0.160998 0.187361 0.222576 0.321988 0.174768 0.169904 0.245321 0.206077 0.278857 0.342778 0.335660 0.439326 0.299832 0.352006 0.322084 0.332118 0.230923 0.343856 0.245240 0.251110 0.260837 0.223229 0.296501 0.398109 0.279698 0.243984 0.213692 0.182018 0.279581 0.182120 0.237020 0.216098 0.283765 
0.326104 0.291338 0.266692 0.258661 0.333968 0.385402 0.191967 0.216806 0.211102 0.220589 0.235221 0.000000 0.187780 0.176222 0.222748 0.282982 0.229692 0.320412 0.244287 0.240680 0.314251 0.416510 0.403211 0.469830 0.375355 0.435689 0.350030 0.412313 0.338087 0.319444 0.327311 0.338340 0.380042 0.377834 0.319817 0.324889 0.388511 0.312955 0.426151 0.210548 0.279328 0.217001 0.267161 0.155112 0.245280 0.188939 0.233675 0.353675 0.272069 0.286819 0.450178 0.545394 0.405308 0.500987 0.527700 0.271915 0.486057 0.447248 0.267421 0.522444 0.500549 0.310696 0.425770 0.486846 0.245758 0.187573 0.204870 0.387798 0.406069 0.313360 0.345739 0.387744 0.359455 0.282106 0.224788 0.699264 0.246386 0.631865 0.373994 0.332391 0.389839 0.331464 0.518186 0.649961 0.419777 0.501961 0.228315 0.201344 0.251101 0.187318 0.232897 0.220950 0.232664 0.273563 0.183356 0.221575 0.294223 0.219369 0.263692 0.267347 0.238105 0.301512 0.224559 0.258706 0.239140 0.192287 0.178325 0.204380 0.242246 0.260006 0.237290 0.249365 0.239314 0.207878 0.262455 0.340251 0.260620 0.271892 0.230324 0.265771 0.284832 0.210657 0.304519 0.310362 0.272235 0.267145 0.218146 0.306855 0.276796 0.279174 0.238018 0.276797 0.311039 0.298425 0.258289 0.232752 0.247444 0.245609 0.275967 0.295095 0.276503 0.243426 0.150255 0.164113 0.294191 0.204243 0.259286 0.256263 0.177903 0.473192 0.316312 0.199880 0.333339 0.177532 0.235578 0.156045 0.308850 0.174433 0.191044 0.177971 0.295054 0.240206 0.146877 0.210808 0.352509 0.244861 0.468529 0.326216 0.388524 0.441394 0.380495 0.409315 0.430491 0.430294 0.275231 0.349636 0.287369 0.271212 0.258565 0.289653 0.234480 0.292725 0.226070 0.235610 0.323965 0.209326 0.317300 0.327324 0.309519 0.206184 0.298573 0.314127 0.225991 0.212455 0.283852 0.294586 0.249816 0.239897 0.237555 0.294452 0.219304 0.268441 0.287636 0.279717 0.253492 0.262322 0.323110 0.200155 0.261924 0.280325 0.280922 0.248681 0.237054 0.265408 0.222787 0.320475 0.270868 0.349788 0.263806 0.372795 0.260801 0.283688 0.211896 0.313998 0.289295 0.264655 0.252229 0.217307 0.215418 0.180961 0.215838 0.359510 0.237167 0.295428 0.229050 0.267085 0.261188 0.249043 0.332852 0.142951 0.221294 
0.334802 0.281682 0.259058 0.246497 0.368062 0.418556 0.147604 0.172591 0.149100 0.155576 0.173812 0.187780 0.000000 0.179866 0.241421 0.241114 0.208582 0.323085 0.211728 0.262058 0.364731 0.464635 0.450903 0.513019 0.408756 0.438526 0.411748 0.447390 0.382484 0.376793 0.390505 0.389639 0.411922 0.417348 0.330619 0.339630 0.391498 0.346093 0.443045 0.142627 0.243166 0.165961 0.228885 0.126956 0.124278 0.138644 0.242118 0.363289 0.271776 0.313414 0.480078 0.573028 0.450216 0.521179 0.554854 0.217683 0.538988 0.481832 0.335023 0.541075 0.559687 0.366821 0.469615 0.535626 0.218603 0.152976 0.161415 0.443374 0.439895 0.348408 0.409009 0.439925 0.390738 0.314012 0.284919 0.698420 0.230222 0.651907 0.376943 0.343458 0.403408 0.319981 0.551567 0.643493 0.453798 0.532773 0.170007 0.199435 0.234391 0.208034 0.232131 0.171492 0.214277 0.248126 0.228314 0.185529 0.196675 0.206741 0.218618 0.206982 0.201173 0.278430 0.249639 0.312752 0.260228 0.235165 0.180392 0.195265 0.212618 0.266622 0.232407 0.181690 0.177597 0.143285 0.217706 0.241277 0.163758 0.203300 0.168428 0.190913 0.209301 0.180817 0.243824 0.231658 0.199016 0.208364 0.158589 0.253105 0.241318 0.211451 0.180760 0.207125 0.218184 0.234456 0.212312 0.201754 0.217517 0.188097 0.198974 0.219261 0.185106 0.330674 0.174216 0.223771 0.365336 0.103719 0.295361 0.225547 0.209050 0.524983 0.252923 0.153264 0.433054 0.193779 0.230941 0.170602 0.382501 0.127406 0.163432 0.104149 0.311552 0.176560 0.125261 0.173534 0.281158 0.223843 0.492525 0.392061 0.470961 0.458128 0.455282 0.465888 0.468332 0.452924 0.291331 0.351350 0.335023 0.304793 0.322382 0.338511 0.313045 0.321642 0.232825 0.244283 0.298170 0.239086 0.308653 0.335624 0.312845 0.229981 0.310221 0.312600 0.243222 0.258152 0.296492 0.306127 0.268774 0.265039 0.228358 0.318113 0.226855 0.260886 0.295612 0.284632 0.267221 0.267210 0.320865 0.229209 0.178219 0.270545 0.283160 0.257355 0.190491 0.231446 0.199959 0.261109 0.242592 0.317577 0.323779 0.403690 0.296222 0.327894 0.268240 0.320317 0.272757 0.262173 0.274794 0.223304 0.230941 0.201888 0.252911 0.387392 0.276767 0.307471 0.213982 0.243155 0.263258 0.249477 0.315414 0.173827 0.229059 
0.266972 0.246412 0.182997 0.239852 0.350608 0.383130 0.163308 0.195364 0.148238 0.165615 0.162222 0.176222 0.179866 0.000000 0.184054 0.163153 0.151340 0.279073 0.191198 0.248201 0.385318 0.464022 0.472786 0.515085 0.443017 0.481595 0.399193 0.469854 0.382116 0.386478 0.387780 0.412394 0.448954 0.358177 0.350638 0.358967 0.413644 0.376200 0.470646 0.206315 0.295517 0.228910 0.259781 0.238238 0.223898 0.183942 0.218991 0.356359 0.291569 0.279186 0.439942 0.578490 0.423733 0.506986 0.520097 0.282425 0.492482 0.459645 0.292999 0.500836 0.555326 0.335558 0.428852 0.525584 0.169920 0.168694 0.210071 0.359643 0.385246 0.304408 0.353985 0.416335 0.353500 0.282653 0.309197 0.598321 0.149939 0.554964 0.264481 0.304584 0.307953 0.299053 0.493388 0.602408 0.429509 0.450236 0.206528 0.198818 0.295192 0.216596 0.276018 0.268174 0.267803 0.227894 0.233323 0.269444 0.300009 0.294665 0.337317 0.281802 0.305696 0.297661 0.212799 0.273314 0.245490 0.245407 0.181650 0.252990 0.173581 0.222346 0.226705 0.215924 0.231314 0.207938 0.202997 0.250905 0.192871 0.212335 0.186620 0.232440 0.262336 0.225093 0.222944 0.214573 0.223320 0.209674 0.181351 0.233181 0.257625 0.212868 0.189690 0.193403 0.262885 0.259448 0.215238 0.190830 0.221859 0.232335 0.172332 0.241734 0.234117 0.273686 0.118750 0.166818 0.306925 0.163690 0.271362 0.338154 0.195822 0.413050 0.380743 0.162094 0.409387 0.192085 0.163445 0.154190 0.343888 0.186743 0.107612 0.171490 0.239963 0.232094 0.195298 0.274867 0.269262 0.188616 0.438851 0.343845 0.439810 0.430388 0.384931 0.424522 0.427136 0.445489 0.242811 0.310624 0.278509 0.264410 0.270822 0.296791 0.238940 0.318210 0.155516 0.212785 0.226320 0.164836 0.257077 0.301889 0.262509 0.181562 0.251791 0.261872 0.251110 0.235592 0.226779 0.273981 0.232617 0.271834 0.190289 0.244315 0.212950 0.251486 0.242983 0.232223 0.231674 0.256084 0.233749 0.162054 0.194068 0.179340 0.180910 0.211596 0.214389 0.216951 0.225629 0.222881 0.203938 0.255460 0.284561 0.330045 0.266866 0.276349 0.182817 0.296422 0.239576 0.232964 0.281743 0.227121 0.187332 0.149211 0.251376 0.314704 0.267241 0.253264 0.205187 0.195636 0.239047 0.175538 0.271511 0.193462 0.244356 
0.295681 0.273294 0.305686 0.263225 0.249560 0.277476 0.207213 0.194075 0.200663 0.192307 0.224158 0.222748 0.241421 0.184054 0.000000 0.252620 0.189776 0.206392 0.156013 0.187698 0.293265 0.365488 0.366266 0.414284 0.344131 0.365740 0.302604 0.345511 0.278036 0.328527 0.271056 0.277971 0.337776 0.304019 0.268983 0.273235 0.308074 0.269459 0.347348 0.261024 0.266157 0.271650 0.246621 0.303426 0.266530 0.270348 0.152593 0.222365 0.181731 0.152067 0.326069 0.464586 0.313669 0.395623 0.392504 0.246658 0.385546 0.345429 0.206747 0.428359 0.431617 0.212694 0.327393 0.399731 0.253706 0.247271 0.280487 0.263795 0.273001 0.196014 0.246483 0.283637 0.237387 0.207314 0.257208 0.521559 0.140279 0.464290 0.200682 0.197730 0.264079 0.232480 0.398882 0.541030 0.310831 0.363177 0.180215 0.216252 0.285299 0.260298 0.254503 0.281346 0.260167 0.315395 0.238153 0.255183 0.296124 0.292075 0.334579 0.301013 0.310100 0.234340 0.192675 0.212755 0.193208 0.229809 0.229773 0.256452 0.260930 0.186352 0.220693 0.241588 0.291981 0.272689 0.264065 0.296080 0.260543 0.279579 0.232499 0.238487 0.254317 0.254903 0.302492 0.321536 0.214625 0.258471 0.208672 0.323754 0.321984 0.301638 0.228044 0.271538 0.285221 0.245808 0.241523 0.188979 0.252205 0.271868 0.269979 0.257690 0.297633 0.213924 0.200779 0.175403 0.239994 0.241575 0.215236 0.450165 0.297013 0.331335 0.420423 0.244434 0.341277 0.226316 0.214852 0.238842 0.291521 0.300008 0.214589 0.239196 0.310682 0.337814 0.262941 0.352729 0.397466 0.220706 0.321860 0.234928 0.319167 0.310259 0.295037 0.307369 0.319146 0.342093 0.196882 0.275075 0.180746 0.177744 0.191117 0.203050 0.188238 0.217012 0.206390 0.256519 0.253958 0.212710 0.239978 0.202139 0.174436 0.171723 0.190960 0.212783 0.212774 0.202159 0.171474 0.203296 0.243998 0.255953 0.265140 0.222075 0.203726 0.251884 0.185949 0.167057 0.188413 0.203657 0.204027 0.235790 0.283825 0.233623 0.197709 0.300436 0.290448 0.271007 0.315488 0.326479 0.260413 0.247268 0.197713 0.266811 0.239645 0.230261 0.235466 0.272665 0.337949 0.348924 0.215048 0.239763 0.214350 0.171848 0.174823 0.224992 0.193791 0.200292 0.228325 0.246510 0.230278 0.232868 0.262628 0.145402 0.149115 
0.262207 0.266893 0.178486 0.219681 0.374560 0.368477 0.214043 0.206801 0.166471 0.180094 0.174992 0.282982 0.241114 0.163153 0.252620 0.000000 0.140196 0.321224 0.183639 0.314984 0.455252 0.521146 0.526904 0.572219 0.517200 0.525058 0.468669 0.517186 0.427665 0.477461 0.444836 0.464684 0.505414 0.445912 0.402157 0.421339 0.464860 0.441179 0.517059 0.264306 0.321260 0.291627 0.325038 0.313104 0.270554 0.240062 0.288501 0.425840 0.317864 0.329234 0.480733 0.616275 0.508305 0.534776 0.548783 0.306769 0.530924 0.500843 0.355528 0.522492 0.586177 0.386480 0.466362 0.563767 0.171628 0.183744 0.181668 0.438242 0.453451 0.333387 0.419396 0.443186 0.366427 0.335142 0.338138 0.564178 0.189375 0.559981 0.281941 0.332210 0.306296 0.346227 0.523873 0.585013 0.439169 0.476550 0.226431 0.260545 0.352249 0.295262 0.348615 0.330871 0.321295 0.264549 0.328079 0.313440 0.348758 0.348283 0.388602 0.335186 0.368699 0.315718 0.253321 0.330913 0.292466 0.294264 0.219354 0.257208 0.181453 0.235429 0.238397 0.218048 0.244229 0.236423 0.185961 0.262316 0.222156 0.260158 0.214304 0.271556 0.299456 0.269781 0.246279 0.204395 0.233437 0.252020 0.209710 0.236182 0.288352 0.226558 0.227669 0.222410 0.274656 0.282186 0.231874 0.224375 0.256654 0.264132 0.198806 0.270584 0.270530 0.388805 0.204521 0.264260 0.372023 0.206854 0.346976 0.411996 0.278684 0.461207 0.420878 0.202410 0.492132 0.295875 0.221985 0.215941 0.409803 0.267449 0.191239 0.198899 0.275484 0.283635 0.255093 0.336309 0.231954 0.183174 0.475812 0.402810 0.490373 0.471768 0.457082 0.459664 0.493758 0.511126 0.261732 0.303474 0.352418 0.331405 0.334341 0.368789 0.328845 0.379415 0.214386 0.255318 0.222341 0.213148 0.273249 0.338161 0.262829 0.224244 0.289566 0.236269 0.297013 0.270057 0.232171 0.302563 0.227226 0.296212 0.205499 0.236548 0.260502 0.238240 0.259449 0.267202 0.255602 0.277212 0.246608 0.215156 0.199933 0.161745 0.194427 0.282520 0.237916 0.246919 0.255244 0.220475 0.233695 0.262354 0.352230 0.371879 0.266698 0.295670 0.261059 0.318457 0.227153 0.282217 0.331111 0.235679 0.249950 0.239242 0.322137 0.328798 0.283166 0.279588 0.231064 0.241288 0.212462 0.201597 0.232536 0.268911 0.334125 
0.264702 0.263974 0.175035 0.249888 0.352156 0.368600 0.127141 0.128716 0.151741 0.169658 0.155982 0.229692 0.208582 0.151340 0.189776 0.140196 0.000000 0.312911 0.143065 0.256428 0.371296 0.429622 0.449847 0.495256 0.427276 0.435334 0.374924 0.442752 0.335562 0.382518 0.379506 0.397606 0.426764 0.376300 0.343277 0.364589 0.410291 0.379881 0.464992 0.230919 0.268893 0.262313 0.260842 0.277933 0.262798 0.202326 0.243583 0.372891 0.264326 0.276651 0.456572 0.574148 0.437060 0.527731 0.521853 0.240475 0.517151 0.457664 0.296144 0.491912 0.572715 0.357666 0.430197 0.540272 0.164254 0.168406 0.223329 0.386381 0.395812 0.308774 0.381530 0.394019 0.363157 0.269137 0.318969 0.587423 0.130757 0.539973 0.248661 0.266737 0.309129 0.260793 0.480324 0.593400 0.368466 0.461420 0.125749 0.219428 0.311464 0.243442 0.279230 0.293382 0.263231 0.252370 0.246886 0.258342 0.312982 0.303478 0.352775 0.295136 0.329731 0.262434 0.179454 0.275079 0.234776 0.235570 0.202609 0.236493 0.196657 0.151699 0.171129 0.150056 0.188149 0.184485 0.135391 0.200745 0.193614 0.189463 0.137414 0.189617 0.205720 0.168928 0.175558 0.190336 0.146957 0.147528 0.152058 0.189937 0.184144 0.174206 0.185974 0.168938 0.209461 0.201555 0.154500 0.120229 0.202986 0.182979 0.129483 0.190227 0.263624 0.329778 0.165417 0.200967 0.366333 0.196691 0.321737 0.386427 0.287712 0.425986 0.400223 0.150764 0.463779 0.243874 0.222018 0.217052 0.387016 0.240003 0.188189 0.165424 0.247368 0.273061 0.234388 0.332366 0.248601 0.169331 0.456286 0.359437 0.458284 0.444985 0.403724 0.443297 0.456645 0.452175 0.242397 0.279568 0.317943 0.281299 0.283174 0.332742 0.266986 0.317020 0.143733 0.199151 0.217170 0.142970 0.229548 0.297426 0.217358 0.168415 0.216004 0.236358 0.260776 0.228726 0.208878 0.279195 0.203237 0.254618 0.166753 0.212757 0.223169 0.223970 0.229763 0.213784 0.195412 0.216197 0.198101 0.172623 0.214127 0.156780 0.165558 0.281961 0.254215 0.237736 0.262088 0.261886 0.243399 0.282663 0.289726 0.351570 0.251804 0.293478 0.243097 0.296983 0.264873 0.313853 0.270084 0.206732 0.208099 0.166134 0.254517 0.325946 0.240387 0.251098 0.155967 0.205747 0.222518 0.120278 0.213137 0.165901 0.253082 
0.413496 0.389709 0.438566 0.340092 0.283835 0.305339 0.260019 0.245975 0.296443 0.303977 0.336020 0.320412 0.323085 0.279073 0.206392 0.321224 0.312911 0.000000 0.262675 0.169019 0.313599 0.385172 0.396818 0.424942 0.346118 0.415202 0.338418 0.377227 0.319886 0.343107 0.288011 0.306713 0.371842 0.326360 0.316019 0.299415 0.331839 0.311790 0.352585 0.321371 0.338473 0.339130 0.351365 0.392444 0.365228 0.376759 0.277536 0.266453 0.220601 0.181073 0.357592 0.504736 0.345546 0.416577 0.426026 0.296891 0.415576 0.369785 0.226577 0.433411 0.453226 0.277857 0.361723 0.418255 0.373354 0.329883 0.385446 0.323314 0.331334 0.282051 0.304053 0.285631 0.338242 0.315842 0.382360 0.526916 0.225747 0.404087 0.241086 0.169649 0.273020 0.186218 0.407013 0.513586 0.286578 0.348448 0.269242 0.302442 0.374646 0.336805 0.307973 0.359101 0.313552 0.391749 0.321748 0.321887 0.362210 0.374740 0.407688 0.343797 0.397911 0.353388 0.327999 0.262508 0.313242 0.359995 0.346393 0.373828 0.364428 0.336573 0.320323 0.368228 0.373055 0.368979 0.370329 0.398273 0.369454 0.403029 0.356766 0.356410 0.363912 0.359796 0.408953 0.420634 0.323939 0.382974 0.332754 0.431966 0.446724 0.413261 0.336741 0.379352 0.423927 0.359184 0.346882 0.312498 0.359836 0.371195 0.381302 0.382877 0.389302 0.214586 0.353791 0.252703 0.285883 0.335579 0.310754 0.518877 0.367702 0.349471 0.528315 0.316266 0.403369 0.294898 0.322290 0.333245 0.259700 0.374128 0.300840 0.336437 0.401231 0.378736 0.343201 0.431078 0.469798 0.305997 0.380123 0.293983 0.371840 0.361286 0.346147 0.352066 0.351740 0.367208 0.266691 0.327426 0.290598 0.303870 0.266534 0.286106 0.318803 0.304484 0.352743 0.370671 0.396259 0.326447 0.380874 0.241676 0.293272 0.292484 0.304602 0.326953 0.323010 0.337087 0.292511 0.264338 0.352179 0.389226 0.351337 0.361925 0.339480 0.312206 0.309443 0.290852 0.317267 0.322965 0.310513 0.290554 0.402806 0.325235 0.313922 0.400159 0.402713 0.404638 0.424871 0.447498 0.324080 0.295365 0.198672 0.228287 0.309459 0.260997 0.289244 0.316796 0.456895 0.418406 0.325207 0.337620 0.336471 0.279869 0.210970 0.196927 0.238564 0.304628 0.339529 0.314419 0.302209 0.375434 0.384662 0.236509 0.194404 
