239 239
0.000000 0.183288 0.144456 0.261977 0.290687 0.277556 0.314614 0.283566 0.285576 0.281518 0.251378 0.318377 0.318944 0.359778 0.352170 0.417880 0.433362 0.446298 0.470492 0.482569 0.475423 0.474390 0.508144 0.433693 0.470654 0.421242 0.434928 0.421510 0.429639 0.505078 0.405247 0.400088 0.400692 0.464121 0.423439 0.469823 0.282874 0.312178 0.360923 0.291853 0.297896 0.325364 0.297300 0.348949 0.246461 0.290695 0.320770 0.315536 0.497305 0.428994 0.420560 0.463672 0.276013 0.381632 0.419637 0.417596 0.440253 0.409008 0.454872 0.438568 0.212051 0.229186 0.260144 0.258914 0.366135 0.330199 0.369632 0.394686 0.236299 0.303555 0.294634 0.193388 0.219908 0.612635 0.595053 0.361064 0.406363 0.376407 0.363259 0.410791 0.475000 0.348872 0.547648 0.741149 0.609686 0.379578 0.495707 0.493434 0.264889 0.260000 0.348422 0.333326 0.286776 0.338863 0.298275 0.329645 0.305269 0.340731 0.368014 0.298878 0.379132 0.262929 0.217767 0.285549 0.215731 0.214771 0.208343 0.206370 0.158579 0.206375 0.309875 0.322840 0.282528 0.352830 0.291040 0.345838 0.357218 0.356271 0.313724 0.354834 0.331181 0.335079 0.303247 0.339433 0.332886 0.287918 0.347510 0.329812 0.311202 0.284277 0.301622 0.345925 0.331567 0.352776 0.378099 0.263784 0.305218 0.304227 0.275474 0.302484 0.390173 0.461987 0.444337 0.418215 0.294720 0.300412 0.401340 0.276924 0.279844 0.452197 0.412187 0.352755 0.275547 0.236780 0.296597 0.232031 0.298926 0.402598 0.225363 0.337154 0.258219 0.303391 0.406052 0.278189 0.353585 0.408681 0.382800 0.392134 0.360937 0.414993 0.274710 0.395911 0.273643 0.309054 0.296483 0.283036 0.266996 0.314774 0.279294 0.208139 0.252555 0.208438 0.258635 0.207420 0.203199 0.232009 0.232139 0.207327 0.214747 0.206884 0.235658 0.253443 0.193703 0.226763 0.315041 0.216958 0.185732 0.214167 0.177860 0.207895 0.233336 0.384363 0.270490 0.291815 0.244893 0.218390 0.238888 0.213112 0.190569 0.216454 0.182932 0.279062 0.269718 0.269300 0.262136 0.376108 0.367740 0.244984 0.315097 0.263820 0.177854 0.184240 0.229400 0.310809 0.345969 0.330587 0.215709 0.237071 0.196717 0.268096 0.307134 0.247216 0.311167 0.322091 0.220700 0.192579 0.314100 0.360234 0.333042 
0.183288 0.000000 0.139545 0.235761 0.270001 0.256748 0.273114 0.216104 0.236300 0.224232 0.216070 0.255265 0.269527 0.338468 0.320194 0.395108 0.489307 0.475995 0.467028 0.456993 0.519149 0.429056 0.456794 0.416388 0.423500 0.387908 0.412494 0.487748 0.438599 0.462421 0.395699 0.368629 0.366153 0.468513 0.377916 0.476360 0.235300 0.267288 0.264795 0.275036 0.337429 0.339075 0.234319 0.295740 0.306424 0.183096 0.316112 0.268684 0.446999 0.410815 0.366821 0.439223 0.251390 0.391743 0.407103 0.324782 0.436673 0.408550 0.397916 0.420887 0.235812 0.239193 0.223117 0.262923 0.334649 0.294617 0.307902 0.334463 0.244728 0.221396 0.186874 0.191800 0.207618 0.604318 0.568291 0.371343 0.372682 0.324246 0.355029 0.391727 0.432839 0.315596 0.524256 0.712719 0.568146 0.378101 0.435225 0.468542 0.298292 0.283052 0.269297 0.263460 0.257768 0.277484 0.252300 0.253290 0.239255 0.297348 0.325071 0.294948 0.285231 0.268110 0.133647 0.230724 0.160015 0.166623 0.167447 0.166689 0.149091 0.179084 0.257789 0.289499 0.266007 0.300268 0.256375 0.259394 0.297929 0.297790 0.202729 0.267234 0.315982 0.336101 0.249394 0.321196 0.304686 0.229408 0.283440 0.262576 0.261512 0.244632 0.237838 0.289129 0.316981 0.288921 0.364018 0.240559 0.270954 0.304896 0.251701 0.277064 0.344327 0.415381 0.437919 0.415996 0.258607 0.255064 0.432159 0.249020 0.278002 0.439325 0.357750 0.395372 0.232104 0.167850 0.250163 0.218515 0.295139 0.377364 0.195014 0.301815 0.230905 0.257959 0.370673 0.246426 0.284597 0.328702 0.331167 0.343468 0.322051 0.313711 0.242963 0.383816 0.208694 0.222965 0.250612 0.205407 0.189727 0.229318 0.205808 0.158810 0.206060 0.181556 0.212591 0.224866 0.199730 0.228245 0.208459 0.129280 0.172847 0.171649 0.212909 0.213594 0.160676 0.159488 0.265190 0.231724 0.114436 0.163094 0.154255 0.165991 0.185953 0.349284 0.206378 0.287766 0.227754 0.212149 0.241997 0.240893 0.160350 0.225038 0.183654 0.174699 0.162594 0.224214 0.181705 0.350381 0.365331 0.220154 0.293351 0.201039 0.150441 0.166080 0.190559 0.276934 0.330681 0.278269 0.193727 0.160324 0.181316 0.221375 0.243947 0.225312 0.317082 0.327715 0.168392 0.176619 0.290028 0.321812 0.280445 
0.144456 0.139545 0.000000 0.238669 0.247675 0.211125 0.241883 0.222742 0.227107 0.256980 0.216719 0.234133 0.235376 0.285454 0.283709 0.367932 0.459074 0.446583 0.436845 0.431268 0.492962 0.408259 0.447607 0.386286 0.404218 0.363669 0.389488 0.484119 0.418683 0.437572 0.386723 0.341067 0.339623 0.441189 0.350366 0.448797 0.206579 0.234276 0.267739 0.215489 0.285573 0.300597 0.225162 0.267642 0.292884 0.235798 0.302575 0.247187 0.411282 0.369553 0.337705 0.440039 0.212364 0.329576 0.350628 0.328140 0.379385 0.367253 0.399535 0.386423 0.177338 0.197264 0.180661 0.186468 0.339128 0.261619 0.297910 0.326148 0.184916 0.227607 0.233850 0.131235 0.147139 0.581700 0.571907 0.347640 0.346397 0.349264 0.340569 0.344817 0.420911 0.295372 0.511213 0.695549 0.521089 0.365208 0.437166 0.464770 0.255384 0.243340 0.259189 0.240328 0.211418 0.255260 0.213491 0.233767 0.212122 0.260110 0.287476 0.238911 0.279365 0.245206 0.165463 0.211453 0.161826 0.142928 0.130850 0.149841 0.114297 0.164753 0.257149 0.266396 0.261923 0.311853 0.261283 0.259616 0.296732 0.296765 0.260708 0.274329 0.315491 0.311155 0.246298 0.318988 0.302215 0.229550 0.314103 0.279299 0.260432 0.236976 0.236580 0.268598 0.291519 0.288610 0.325076 0.233256 0.234263 0.228075 0.224839 0.243477 0.312153 0.378389 0.416071 0.405767 0.210778 0.224732 0.349225 0.201591 0.259709 0.404398 0.332542 0.393848 0.197047 0.191185 0.216653 0.197965 0.280049 0.321578 0.171243 0.257984 0.187164 0.216689 0.368777 0.241029 0.270624 0.335605 0.325284 0.331765 0.303073 0.334616 0.220243 0.339845 0.217287 0.265043 0.240958 0.208774 0.197303 0.237350 0.206217 0.165346 0.186979 0.234698 0.214367 0.220759 0.160737 0.228670 0.195079 0.168481 0.161244 0.154173 0.184389 0.190049 0.142946 0.173580 0.255813 0.214001 0.119852 0.158610 0.152126 0.140520 0.164315 0.325165 0.245433 0.283543 0.179570 0.195986 0.232829 0.207578 0.167331 0.227685 0.161908 0.193070 0.209186 0.197426 0.219379 0.302561 0.305176 0.223094 0.236409 0.246703 0.116190 0.151474 0.171248 0.244935 0.283271 0.267626 0.197733 0.195129 0.179904 0.193752 0.269155 0.206156 0.260663 0.292655 0.167660 0.152830 0.254329 0.287679 0.259490 
0.261977 0.235761 0.238669 0.000000 0.165382 0.179437 0.156855 0.156017 0.175394 0.189681 0.227697 0.192326 0.224901 0.224126 0.186133 0.324545 0.382467 0.385987 0.372402 0.369885 0.421793 0.365578 0.359459 0.338561 0.356386 0.297016 0.315015 0.409189 0.355489 0.364819 0.336921 0.284320 0.300370 0.362303 0.308383 0.369709 0.242838 0.246134 0.237202 0.274938 0.245758 0.213890 0.250719 0.253833 0.209546 0.166661 0.205391 0.187634 0.461937 0.334647 0.403699 0.460657 0.257807 0.396664 0.399994 0.348422 0.439499 0.343361 0.399556 0.423709 0.213977 0.201730 0.215273 0.237410 0.265956 0.282680 0.276182 0.290475 0.219294 0.216817 0.168891 0.237541 0.249995 0.454049 0.435658 0.183807 0.200439 0.157830 0.208275 0.214779 0.285749 0.179988 0.361890 0.543918 0.480598 0.193704 0.313270 0.330885 0.291192 0.240761 0.260237 0.273034 0.275600 0.259738 0.265108 0.297249 0.241863 0.292568 0.327020 0.307141 0.305891 0.258248 0.223732 0.197682 0.175303 0.206697 0.249749 0.197606 0.229492 0.166062 0.209644 0.250657 0.232344 0.257638 0.222492 0.225955 0.261866 0.245363 0.209484 0.224265 0.272505 0.273908 0.179795 0.286361 0.265442 0.214334 0.238548 0.212119 0.205561 0.170324 0.248677 0.239189 0.233238 0.247034 0.210870 0.161287 0.195480 0.240052 0.219205 0.199879 0.295733 0.415556 0.305644 0.372140 0.176774 0.155026 0.339358 0.201601 0.174305 0.275550 0.321008 0.343253 0.153343 0.186995 0.189233 0.243763 0.216635 0.322885 0.211890 0.329545 0.239399 0.324721 0.348825 0.158559 0.260597 0.338613 0.297318 0.312037 0.335862 0.330909 0.170692 0.247268 0.197981 0.227240 0.215294 0.168303 0.162267 0.207354 0.238726 0.158447 0.187022 0.172995 0.204101 0.162343 0.147728 0.223026 0.198338 0.197228 0.199993 0.191134 0.193325 0.201524 0.236758 0.214761 0.237786 0.205165 0.192747 0.177508 0.177770 0.256351 0.179780 0.266109 0.172837 0.308558 0.190742 0.254409 0.192975 0.230075 0.198388 0.260581 0.231669 0.242513 0.219364 0.277664 0.257782 0.202769 0.275379 0.259498 0.323684 0.199309 0.229194 0.219436 0.151679 0.202750 0.214886 0.166503 0.217848 0.171230 0.245336 0.208720 0.179032 0.195500 0.263407 0.219034 0.158337 0.164867 0.179251 0.172817 0.163463 
0.290687 0.270001 0.247675 0.165382 0.000000 0.105426 0.146831 0.145626 0.174627 0.172264 0.249499 0.187376 0.201049 0.223909 0.248426 0.343797 0.409147 0.417527 0.392707 0.393415 0.456928 0.397180 0.426733 0.367239 0.395113 0.343567 0.346398 0.450327 0.402913 0.403816 0.358749 0.317642 0.328735 0.403693 0.350226 0.427383 0.222006 0.184779 0.258552 0.236169 0.252213 0.242406 0.242798 0.151051 0.278921 0.243077 0.266171 0.223196 0.560705 0.421786 0.505432 0.570922 0.242384 0.489038 0.492793 0.438108 0.544199 0.418291 0.499409 0.522370 0.181919 0.130876 0.180851 0.237278 0.371061 0.364336 0.345584 0.378156 0.281690 0.323198 0.278354 0.288248 0.314931 0.593341 0.529498 0.277270 0.273720 0.227126 0.320026 0.242095 0.391223 0.278619 0.475715 0.656973 0.581709 0.235224 0.373298 0.431228 0.296575 0.209112 0.270909 0.274766 0.244994 0.213975 0.255846 0.298272 0.221220 0.286700 0.337975 0.264580 0.309265 0.216999 0.278350 0.258419 0.231754 0.202073 0.255708 0.196416 0.200762 0.179594 0.160788 0.202724 0.170853 0.245260 0.207333 0.213973 0.184345 0.201656 0.198586 0.217985 0.186702 0.208374 0.168117 0.203178 0.161393 0.176968 0.230302 0.209409 0.163837 0.126466 0.195877 0.172301 0.162761 0.222034 0.282138 0.170417 0.186711 0.338409 0.158870 0.300618 0.287523 0.295016 0.393037 0.390369 0.141091 0.146380 0.429850 0.206151 0.212928 0.361467 0.265709 0.257189 0.176388 0.224185 0.152125 0.184577 0.183343 0.262594 0.210994 0.242614 0.213952 0.301344 0.242043 0.183187 0.346531 0.437349 0.402931 0.384327 0.426862 0.431582 0.257382 0.305742 0.300578 0.328619 0.278054 0.250017 0.280987 0.311636 0.319808 0.159189 0.201325 0.246005 0.304335 0.231228 0.180911 0.291394 0.257080 0.251566 0.252029 0.223100 0.196283 0.277181 0.232857 0.269542 0.116190 0.187194 0.220557 0.234995 0.248337 0.258733 0.231231 0.308278 0.253247 0.223674 0.132651 0.245256 0.217438 0.248397 0.206060 0.275168 0.211438 0.256362 0.250925 0.224469 0.294041 0.275886 0.321625 0.300098 0.277151 0.270939 0.212468 0.206264 0.156647 0.219517 0.318141 0.254243 0.246275 0.255297 0.260610 0.154730 0.204552 0.237634 0.347553 0.294180 0.186865 0.172631 0.167809 0.237439 0.187517 
0.277556 0.256748 0.211125 0.179437 0.105426 0.000000 0.106274 0.155936 0.175148 0.191290 0.223780 0.160508 0.139671 0.177574 0.224633 0.300031 0.393747 0.392806 0.394312 0.360124 0.432754 0.358570 0.402115 0.335488 0.345163 0.327116 0.323613 0.438563 0.369921 0.379426 0.333250 0.284406 0.291382 0.370358 0.301520 0.394051 0.167039 0.144497 0.222667 0.166158 0.211019 0.215193 0.220029 0.169334 0.253483 0.221934 0.228591 0.186123 0.521336 0.383568 0.468265 0.549832 0.179613 0.450585 0.459761 0.413877 0.503161 0.393394 0.470549 0.471278 0.158785 0.187246 0.118013 0.185494 0.371282 0.341357 0.320912 0.375790 0.262585 0.300706 0.272213 0.229058 0.258331 0.591850 0.532293 0.271105 0.252450 0.225839 0.305142 0.228583 0.371321 0.213265 0.454920 0.650599 0.554756 0.251556 0.375567 0.424213 0.257095 0.180840 0.229667 0.218390 0.201354 0.191099 0.205040 0.234731 0.176061 0.227078 0.274955 0.212899 0.249768 0.182266 0.244187 0.234663 0.211084 0.174031 0.205857 0.191934 0.192173 0.206314 0.164135 0.189276 0.174300 0.235628 0.207425 0.174678 0.179733 0.205139 0.180097 0.195389 0.210817 0.220805 0.169401 0.222543 0.210792 0.168239 0.227539 0.216412 0.157951 0.123485 0.178456 0.143557 0.163442 0.211911 0.246473 0.179051 0.152789 0.307307 0.151922 0.253967 0.242663 0.292016 0.422610 0.360286 0.122925 0.144740 0.379142 0.173762 0.208557 0.327583 0.254415 0.307557 0.180499 0.219876 0.129559 0.157286 0.198586 0.213110 0.184636 0.223584 0.184545 0.260970 0.288196 0.181827 0.338216 0.425641 0.397955 0.376986 0.412342 0.416542 0.221074 0.260986 0.296012 0.340186 0.252566 0.243230 0.270437 0.298634 0.285395 0.188533 0.193936 0.279057 0.267251 0.234058 0.178211 0.234074 0.239810 0.247926 0.205010 0.203611 0.221319 0.222285 0.193375 0.241960 0.184393 0.221210 0.205476 0.210034 0.237687 0.185164 0.227249 0.265202 0.271829 0.276364 0.155088 0.228903 0.236163 0.249315 0.221841 0.274191 0.193484 0.237871 0.279182 0.243387 0.319026 0.253777 0.290158 0.307074 0.270204 0.227944 0.168810 0.181445 0.140879 0.180973 0.292640 0.219336 0.226034 0.266225 0.265495 0.140997 0.209654 0.215978 0.294362 0.289821 0.176800 0.165398 0.124915 0.172611 0.152460 
0.314614 0.273114 0.241883 0.156855 0.146831 0.106274 0.000000 0.147391 0.155452 0.177671 0.231528 0.139056 0.163448 0.199801 0.208901 0.323926 0.401136 0.401091 0.412491 0.375485 0.445554 0.366518 0.376450 0.361830 0.357837 0.300731 0.328582 0.448911 0.373853 0.367828 0.371377 0.285993 0.300758 0.388152 0.318989 0.394258 0.195455 0.220805 0.202688 0.231836 0.217563 0.180903 0.225138 0.223113 0.313503 0.221572 0.204904 0.217121 0.526539 0.400201 0.471414 0.557540 0.214326 0.472984 0.483660 0.404996 0.513172 0.410268 0.473404 0.487393 0.242993 0.229648 0.191287 0.239311 0.362621 0.354582 0.345161 0.348947 0.271354 0.293340 0.230740 0.246849 0.272517 0.543579 0.501956 0.274645 0.208419 0.215300 0.279559 0.213474 0.305572 0.214354 0.393726 0.601515 0.495861 0.275714 0.289931 0.385688 0.283560 0.256474 0.236633 0.249380 0.241646 0.229374 0.238861 0.253006 0.208604 0.268197 0.293478 0.273300 0.268009 0.267923 0.252440 0.234619 0.193929 0.198378 0.226540 0.193679 0.253372 0.192480 0.176347 0.192651 0.197284 0.205010 0.192836 0.157669 0.207862 0.203391 0.182113 0.154387 0.228983 0.234506 0.146311 0.242767 0.229515 0.172837 0.211529 0.170122 0.172660 0.137381 0.212338 0.167357 0.178718 0.179162 0.278357 0.184973 0.155058 0.325532 0.218324 0.264057 0.264222 0.374196 0.389196 0.324742 0.125974 0.101779 0.403246 0.195877 0.234300 0.297023 0.290301 0.333563 0.171885 0.218485 0.149141 0.236579 0.224933 0.255109 0.233816 0.304621 0.226710 0.288158 0.300599 0.166494 0.328632 0.409269 0.382797 0.384995 0.407564 0.405577 0.173512 0.258716 0.297290 0.324799 0.269737 0.208757 0.248002 0.286415 0.285860 0.183793 0.182886 0.249275 0.266149 0.215228 0.162509 0.232790 0.201770 0.220511 0.212116 0.193998 0.247437 0.222999 0.225248 0.210110 0.211175 0.259789 0.199721 0.214985 0.237624 0.205984 0.219917 0.228052 0.208400 0.307373 0.178532 0.260582 0.201014 0.274521 0.233557 0.283101 0.240715 0.242725 0.239748 0.269333 0.288998 0.218952 0.357781 0.275650 0.289426 0.234626 0.210269 0.235955 0.176498 0.228692 0.277041 0.176983 0.228738 0.258418 0.252457 0.188640 0.187570 0.197874 0.296846 0.266775 0.153722 0.179596 0.126606 0.179022 0.147045 
0.283566 0.216104 0.222742 0.156017 0.145626 0.155936 0.147391 0.000000 0.070361 0.063030 0.134226 0.126378 0.139165 0.258055 0.233994 0.361535 0.427976 0.430399 0.433038 0.413085 0.475936 0.398633 0.402151 0.399756 0.390765 0.349058 0.359735 0.464271 0.398952 0.402225 0.381372 0.310181 0.322689 0.410528 0.344777 0.417861 0.199059 0.196037 0.209662 0.207331 0.247766 0.233891 0.166903 0.175648 0.294585 0.207364 0.231219 0.237253 0.552040 0.426187 0.489432 0.556118 0.226466 0.500336 0.502980 0.434249 0.535674 0.422776 0.492342 0.514599 0.183346 0.176361 0.170210 0.189888 0.351876 0.374386 0.362994 0.346410 0.293278 0.302676 0.253734 0.259841 0.307560 0.570438 0.525875 0.285628 0.248331 0.219572 0.319445 0.256952 0.403716 0.253550 0.480047 0.653667 0.555549 0.291832 0.359090 0.437785 0.259983 0.234763 0.241344 0.217985 0.240661 0.232569 0.236064 0.235967 0.201212 0.255000 0.270381 0.256212 0.236292 0.229596 0.246385 0.220999 0.222958 0.197203 0.203752 0.192958 0.173624 0.179088 0.116582 0.144987 0.159354 0.167025 0.148266 0.132015 0.166538 0.159987 0.141827 0.155035 0.193707 0.192300 0.127704 0.203000 0.186957 0.136792 0.166729 0.168456 0.151040 0.136120 0.168655 0.163029 0.143227 0.155934 0.312722 0.162797 0.212913 0.351337 0.150587 0.296701 0.226797 0.321901 0.409811 0.299987 0.124420 0.151603 0.446378 0.204017 0.222168 0.367510 0.247230 0.253360 0.147709 0.150430 0.121366 0.176522 0.221727 0.270472 0.175594 0.270120 0.184001 0.242445 0.241063 0.169778 0.340760 0.415273 0.398304 0.399079 0.424989 0.409857 0.253517 0.316306 0.280831 0.300818 0.288421 0.219649 0.250940 0.283741 0.309537 0.154878 0.221065 0.215796 0.279417 0.233576 0.182573 0.276095 0.253431 0.223132 0.241065 0.221252 0.217730 0.279297 0.225891 0.246165 0.153913 0.260725 0.189077 0.214926 0.224206 0.240848 0.207020 0.321902 0.211257 0.206902 0.139687 0.164845 0.172586 0.265845 0.168248 0.239737 0.200815 0.154923 0.169144 0.213256 0.210553 0.283814 0.367126 0.234372 0.301060 0.236829 0.203207 0.220330 0.176222 0.246578 0.326982 0.222899 0.218906 0.200868 0.196877 0.168414 0.161808 0.219587 0.348629 0.306930 0.138974 0.175540 0.180403 0.231303 0.185159 
0.285576 0.236300 0.227107 0.175394 0.174627 0.175148 0.155452 0.070361 0.000000 0.103306 0.171138 0.113934 0.146617 0.263196 0.232190 0.352583 0.441052 0.431048 0.440797 0.409362 0.473221 0.402102 0.414087 0.398527 0.391314 0.351994 0.361124 0.462651 0.398176 0.408050 0.370523 0.284378 0.300746 0.396025 0.311224 0.387730 0.179795 0.190846 0.210349 0.196163 0.207692 0.207009 0.149079 0.187338 0.309526 0.218017 0.227510 0.227211 0.560692 0.422510 0.500862 0.561720 0.198095 0.495795 0.497128 0.446636 0.539989 0.435653 0.508928 0.506960 0.203081 0.200706 0.188542 0.194711 0.357065 0.375292 0.360672 0.366304 0.307415 0.312905 0.267683 0.259643 0.306145 0.583939 0.550129 0.302379 0.261749 0.245513 0.331420 0.275351 0.409693 0.261855 0.492260 0.666732 0.566431 0.309705 0.380281 0.450771 0.261964 0.244215 0.253425 0.216680 0.243780 0.237223 0.227828 0.232968 0.191903 0.233520 0.250819 0.243973 0.230128 0.238306 0.256789 0.246943 0.240194 0.215373 0.202426 0.214674 0.195286 0.206617 0.134354 0.159401 0.162082 0.161646 0.133209 0.133584 0.148736 0.144280 0.150567 0.149733 0.198374 0.177502 0.153071 0.194473 0.166990 0.119779 0.165675 0.159482 0.152175 0.158410 0.142655 0.160822 0.130167 0.134905 0.328050 0.169498 0.212318 0.357388 0.155060 0.311027 0.224283 0.333269 0.418377 0.285596 0.138574 0.148924 0.448767 0.210383 0.245438 0.376789 0.252711 0.244617 0.167684 0.166828 0.136455 0.187129 0.247822 0.270360 0.187083 0.288851 0.192161 0.235184 0.254062 0.198383 0.346345 0.427952 0.394015 0.406211 0.424851 0.426257 0.260915 0.324624 0.284300 0.316718 0.305688 0.234630 0.262222 0.299194 0.324375 0.178672 0.237586 0.246532 0.277655 0.241455 0.175817 0.278844 0.267023 0.230000 0.261332 0.233664 0.240037 0.279510 0.216640 0.255240 0.180997 0.274589 0.202582 0.225370 0.225346 0.244225 0.220009 0.322865 0.234744 0.237053 0.169353 0.180321 0.176908 0.300271 0.190762 0.256287 0.224104 0.191295 0.172215 0.211987 0.232944 0.304668 0.389572 0.250639 0.295838 0.258987 0.236189 0.251029 0.197718 0.269057 0.343635 0.256697 0.249840 0.224770 0.231994 0.196029 0.186549 0.234578 0.364453 0.330735 0.163937 0.197631 0.193291 0.263324 0.219779 
0.281518 0.224232 0.256980 0.189681 0.172264 0.191290 0.177671 0.063030 0.103306 0.000000 0.153733 0.136018 0.163170 0.274137 0.276710 0.376876 0.441929 0.436196 0.459834 0.426071 0.488889 0.421123 0.416914 0.410858 0.415548 0.365546 0.367946 0.454606 0.410007 0.427366 0.397488 0.338424 0.353836 0.429072 0.369418 0.436618 0.227359 0.228610 0.223390 0.238880 0.264706 0.249244 0.191954 0.198459 0.328021 0.217055 0.261777 0.269748 0.568394 0.450735 0.513745 0.584906 0.248625 0.519217 0.532162 0.433171 0.562528 0.465962 0.511086 0.548520 0.195920 0.176518 0.211829 0.216069 0.376280 0.409406 0.395590 0.363349 0.325027 0.333101 0.258672 0.283632 0.329531 0.604206 0.557103 0.293697 0.274103 0.249083 0.356979 0.294325 0.424750 0.286476 0.502564 0.678959 0.570020 0.302756 0.362241 0.464055 0.263793 0.259007 0.265904 0.242921 0.257753 0.249187 0.249341 0.257225 0.230801 0.275300 0.294800 0.285204 0.266253 0.243008 0.236216 0.253000 0.252390 0.221179 0.217476 0.210321 0.208588 0.199741 0.144224 0.168855 0.170143 0.176861 0.157012 0.161696 0.206143 0.187257 0.148275 0.178015 0.201458 0.206454 0.162148 0.212479 0.184935 0.164559 0.168763 0.197634 0.184795 0.177243 0.199415 0.200923 0.159153 0.180332 0.339993 0.180704 0.243378 0.376839 0.171230 0.316058 0.240544 0.345633 0.442130 0.302694 0.156283 0.164557 0.480172 0.226117 0.227471 0.391599 0.268456 0.245346 0.184921 0.170513 0.139435 0.196891 0.232982 0.306822 0.203393 0.302306 0.196204 0.259858 0.241569 0.203470 0.375983 0.439492 0.418466 0.434457 0.457803 0.438444 0.276764 0.362272 0.315548 0.316680 0.330358 0.255109 0.280823 0.315704 0.337576 0.185302 0.251453 0.220950 0.320766 0.244770 0.207466 0.283210 0.290978 0.260535 0.276044 0.252688 0.258075 0.315549 0.254324 0.249957 0.187375 0.289008 0.208769 0.220228 0.261050 0.277773 0.237294 0.366729 0.208864 0.208623 0.183406 0.155132 0.179467 0.278282 0.189086 0.253605 0.216963 0.166663 0.162171 0.235784 0.196448 0.315110 0.410645 0.224471 0.332972 0.231135 0.240430 0.250642 0.211796 0.278311 0.372173 0.262402 0.220447 0.229133 0.208210 0.202704 0.173552 0.265037 0.384868 0.335536 0.154147 0.208999 0.201290 0.264497 0.206342 
0.251378 0.216070 0.216719 0.227697 0.249499 0.223780 0.231528 0.134226 0.171138 0.153733 0.000000 0.235921 0.219541 0.310952 0.282389 0.415093 0.499662 0.490914 0.470117 0.475399 0.536000 0.455242 0.478679 0.429744 0.441954 0.399222 0.412823 0.475243 0.458002 0.480311 0.397065 0.384298 0.391572 0.483737 0.397395 0.486671 0.252638 0.244780 0.292322 0.263244 0.335638 0.337650 0.227233 0.251349 0.296174 0.236114 0.279031 0.266467 0.555543 0.460151 0.470446 0.536254 0.271340 0.479249 0.490892 0.443605 0.515675 0.440674 0.493951 0.488520 0.174552 0.190234 0.183381 0.197800 0.388164 0.392871 0.375396 0.401899 0.316279 0.306203 0.301790 0.265688 0.299317 0.576929 0.524030 0.314618 0.311768 0.292940 0.351356 0.346748 0.426378 0.278724 0.511817 0.698760 0.574801 0.324344 0.415451 0.452080 0.314770 0.288767 0.298530 0.279599 0.288921 0.307516 0.275869 0.294940 0.263862 0.317927 0.333616 0.305285 0.311083 0.250316 0.258824 0.284466 0.260093 0.219323 0.216827 0.233264 0.180137 0.225518 0.203806 0.224964 0.203495 0.233077 0.209889 0.233167 0.247809 0.270114 0.222853 0.267033 0.261645 0.230812 0.220568 0.255218 0.250400 0.220988 0.276769 0.256558 0.231241 0.239743 0.231543 0.270075 0.239519 0.256653 0.370574 0.240412 0.275518 0.354349 0.212428 0.316927 0.314001 0.393471 0.454053 0.413678 0.242227 0.252130 0.469780 0.272962 0.227087 0.410171 0.341080 0.306974 0.225399 0.196556 0.223973 0.161144 0.261248 0.309664 0.193596 0.312788 0.232175 0.295804 0.256713 0.206837 0.377334 0.437000 0.419197 0.438137 0.428182 0.436415 0.272913 0.343766 0.304159 0.343553 0.314806 0.288617 0.301736 0.331155 0.310600 0.226153 0.284921 0.268565 0.288553 0.258269 0.240664 0.287210 0.259509 0.204756 0.251957 0.255394 0.235694 0.282615 0.205786 0.286192 0.221288 0.257207 0.229791 0.249451 0.212385 0.224207 0.244086 0.353375 0.236932 0.206032 0.226336 0.165974 0.186582 0.253699 0.181822 0.172572 0.164501 0.206203 0.240825 0.254541 0.215692 0.342216 0.361408 0.256634 0.312074 0.269282 0.210460 0.226728 0.217482 0.280257 0.336199 0.261709 0.182298 0.225957 0.166878 0.213179 0.249241 0.237060 0.337557 0.322445 0.211482 0.236915 0.257951 0.296848 0.263683 
0.318377 0.255265 0.234133 0.192326 0.187376 0.160508 0.139056 0.126378 0.113934 0.136018 0.235921 0.000000 0.089201 0.249000 0.258108 0.311260 0.403511 0.381572 0.435412 0.359309 0.433916 0.354518 0.354914 0.365760 0.335956 0.313278 0.332236 0.446664 0.347338 0.352597 0.372777 0.250820 0.268051 0.359598 0.281021 0.355487 0.137503 0.151454 0.174881 0.158128 0.178820 0.172384 0.110702 0.144008 0.322242 0.215620 0.228912 0.224194 0.525980 0.399604 0.472866 0.573246 0.193241 0.472354 0.484187 0.418449 0.513715 0.445737 0.477323 0.507003 0.228910 0.216789 0.196144 0.196816 0.362979 0.364012 0.357757 0.356773 0.288238 0.298910 0.248148 0.218364 0.261452 0.639566 0.602691 0.340289 0.287869 0.268123 0.367099 0.284204 0.396256 0.250653 0.483561 0.679200 0.561363 0.342746 0.381770 0.481990 0.210091 0.218261 0.196963 0.166316 0.191990 0.189747 0.167116 0.175040 0.145666 0.174091 0.193174 0.198002 0.175120 0.229237 0.250737 0.269643 0.219054 0.170176 0.197184 0.206829 0.226082 0.226270 0.146749 0.150422 0.175869 0.200280 0.125849 0.106623 0.167045 0.159389 0.158092 0.143501 0.208984 0.192496 0.176760 0.208565 0.174207 0.130911 0.170278 0.166414 0.166759 0.169670 0.166570 0.143733 0.173368 0.171493 0.302901 0.153144 0.192596 0.349816 0.132503 0.279959 0.155288 0.281239 0.446631 0.230257 0.115458 0.125092 0.427207 0.174184 0.231876 0.368868 0.187021 0.261517 0.148194 0.161346 0.078554 0.221601 0.247826 0.251090 0.167285 0.236699 0.143938 0.198546 0.288272 0.220562 0.326760 0.405854 0.373383 0.383690 0.406618 0.399795 0.258932 0.354236 0.296099 0.323418 0.313352 0.199580 0.242290 0.282961 0.288001 0.202387 0.221664 0.270211 0.302710 0.266909 0.184131 0.267102 0.285440 0.269279 0.247472 0.214328 0.278740 0.277146 0.243990 0.220649 0.210259 0.304209 0.182838 0.233801 0.270155 0.255726 0.248834 0.343468 0.280315 0.287600 0.203877 0.206628 0.250897 0.334820 0.233728 0.312759 0.271024 0.201581 0.194677 0.212782 0.244054 0.283861 0.406792 0.251811 0.282352 0.260663 0.224142 0.242287 0.203621 0.262072 0.363964 0.245968 0.275901 0.264361 0.260235 0.208619 0.226315 0.267671 0.384368 0.353815 0.151461 0.188601 0.162527 0.233983 0.191274 
0.318944 0.269527 0.235376 0.224901 0.201049 0.139671 0.163448 0.139165 0.146617 0.163170 0.219541 0.089201 0.000000 0.243934 0.279881 0.340121 0.434925 0.419987 0.457614 0.399400 0.476735 0.380083 0.406120 0.384365 0.366648 0.357074 0.363593 0.472492 0.383581 0.405047 0.390123 0.311612 0.318971 0.410812 0.322461 0.413624 0.158283 0.137703 0.230307 0.159301 0.218830 0.226366 0.118631 0.133993 0.298631 0.226241 0.255244 0.232354 0.532259 0.416810 0.485993 0.588032 0.207954 0.479709 0.499694 0.449933 0.521169 0.437712 0.497899 0.498473 0.205621 0.240905 0.144027 0.152799 0.396553 0.382404 0.378910 0.410363 0.298848 0.323003 0.295629 0.222096 0.268542 0.648050 0.601053 0.351340 0.319241 0.282987 0.374647 0.297531 0.433413 0.262017 0.512086 0.709380 0.593206 0.353679 0.420014 0.490467 0.223146 0.199089 0.220924 0.163442 0.205196 0.217827 0.178039 0.189465 0.184886 0.196661 0.209381 0.201863 0.191710 0.207640 0.265311 0.294736 0.246695 0.174093 0.185882 0.228821 0.203831 0.252592 0.172250 0.171542 0.206281 0.228754 0.156061 0.144556 0.189929 0.195383 0.180507 0.198743 0.233386 0.220888 0.186887 0.241524 0.203007 0.171343 0.208715 0.221914 0.201679 0.190706 0.206783 0.178449 0.189601 0.209284 0.306484 0.165661 0.212266 0.343858 0.100406 0.278394 0.125000 0.215652 0.486968 0.242681 0.148432 0.174529 0.404153 0.184321 0.215212 0.354644 0.175714 0.264484 0.159216 0.141804 0.099826 0.185620 0.250041 0.172925 0.135346 0.174162 0.121093 0.166388 0.269656 0.211210 0.367877 0.440321 0.410903 0.425123 0.435458 0.436027 0.278003 0.334039 0.312823 0.361275 0.320223 0.241708 0.287555 0.316756 0.301945 0.221518 0.232632 0.292005 0.314554 0.294897 0.218383 0.285119 0.304229 0.296666 0.229268 0.245614 0.275719 0.288983 0.257957 0.252844 0.219388 0.303059 0.217339 0.252997 0.277640 0.249269 0.278969 0.324575 0.301729 0.302348 0.218810 0.168533 0.256477 0.328860 0.233331 0.308201 0.238706 0.182288 0.223469 0.193893 0.251094 0.304180 0.375646 0.263119 0.256211 0.260213 0.213175 0.220150 0.192448 0.235175 0.362565 0.260582 0.268936 0.288699 0.279934 0.203902 0.231621 0.248089 0.367641 0.367439 0.190526 0.209452 0.161308 0.211967 0.178135 
0.359778 0.338468 0.285454 0.224126 0.223909 0.177574 0.199801 0.258055 0.263196 0.274137 0.310952 0.249000 0.243934 0.000000 0.162534 0.254831 0.361818 0.332430 0.374160 0.312768 0.388916 0.292143 0.369724 0.311210 0.297071 0.284027 0.237952 0.405631 0.316165 0.338241 0.319798 0.276025 0.276360 0.344152 0.252834 0.340744 0.239301 0.253056 0.271634 0.226153 0.246932 0.252661 0.287659 0.266228 0.276095 0.234335 0.212190 0.201329 0.464099 0.354381 0.438194 0.540906 0.242182 0.392526 0.429153 0.394755 0.447862 0.389524 0.410608 0.416060 0.297813 0.324126 0.257432 0.312218 0.342616 0.311877 0.301442 0.352350 0.252816 0.281000 0.276757 0.274697 0.277593 0.558739 0.479187 0.274810 0.215035 0.253577 0.299755 0.216009 0.303374 0.190964 0.436640 0.565238 0.496645 0.242181 0.320033 0.383976 0.267765 0.253534 0.233997 0.246775 0.211128 0.200353 0.232538 0.296277 0.246077 0.264534 0.314307 0.289489 0.288968 0.288929 0.298868 0.245609 0.270325 0.293257 0.273733 0.306336 0.302734 0.269083 0.297514 0.310564 0.303558 0.353357 0.327042 0.282033 0.327440 0.325784 0.298990 0.296925 0.350644 0.353409 0.279787 0.366152 0.352913 0.280094 0.366200 0.311835 0.291712 0.251045 0.286121 0.298654 0.300436 0.317422 0.195595 0.283195 0.179950 0.240463 0.257025 0.258430 0.330130 0.388432 0.374204 0.421599 0.234753 0.207227 0.339428 0.205391 0.270650 0.265321 0.351006 0.438265 0.263665 0.328494 0.274590 0.305734 0.329621 0.291003 0.288804 0.326119 0.236171 0.323427 0.395761 0.275101 0.298871 0.367007 0.355038 0.342957 0.375259 0.381848 0.246003 0.309338 0.264635 0.304552 0.254255 0.259062 0.255862 0.272565 0.260341 0.291859 0.302213 0.349896 0.260013 0.257756 0.234588 0.272521 0.256062 0.282684 0.257554 0.267342 0.320907 0.236425 0.279900 0.308698 0.303112 0.304290 0.276915 0.257021 0.269855 0.260116 0.256251 0.329030 0.295768 0.393545 0.248961 0.340335 0.312847 0.311233 0.349057 0.384091 0.298476 0.365207 0.366173 0.370009 0.416314 0.184524 0.269569 0.415068 0.362506 0.270031 0.290697 0.258397 0.232922 0.154146 0.259039 0.213588 0.318878 0.287424 0.390525 0.276425 0.304389 0.283997 0.292725 0.297287 0.269793 0.278847 0.145509 0.147055 0.153506 
0.352170 0.320194 0.283709 0.186133 0.248426 0.224633 0.208901 0.233994 0.232190 0.276710 0.282389 0.258108 0.279881 0.162534 0.000000 0.296889 0.370062 0.361441 0.361086 0.329923 0.391003 0.330119 0.362887 0.319082 0.329416 0.270727 0.275911 0.405110 0.338786 0.341944 0.318723 0.276206 0.273624 0.331629 0.276751 0.336998 0.269747 0.293418 0.297546 0.298396 0.302822 0.299833 0.320115 0.294631 0.267445 0.224269 0.174693 0.188740 0.456566 0.304860 0.387255 0.476125 0.274511 0.366819 0.370764 0.344466 0.421352 0.321655 0.384535 0.384603 0.307930 0.306543 0.259216 0.313624 0.244404 0.244760 0.231462 0.229338 0.236090 0.209792 0.218122 0.295000 0.307023 0.476206 0.408912 0.224689 0.159093 0.169782 0.220542 0.213895 0.272055 0.171136 0.356203 0.472927 0.441173 0.187421 0.226670 0.311054 0.331471 0.293671 0.287174 0.306817 0.292049 0.275893 0.297274 0.338315 0.266815 0.326529 0.373763 0.340575 0.346720 0.328879 0.298825 0.210469 0.248322 0.270019 0.303186 0.285394 0.311197 0.265937 0.304224 0.327376 0.323988 0.352290 0.324763 0.303273 0.337519 0.338045 0.305983 0.296621 0.360691 0.373732 0.280590 0.380561 0.363989 0.285069 0.363457 0.309627 0.300325 0.260391 0.306456 0.306761 0.324001 0.316904 0.197452 0.268089 0.195722 0.267186 0.301082 0.275405 0.365766 0.454742 0.304135 0.444459 0.263974 0.237172 0.361587 0.247139 0.283134 0.230903 0.379031 0.445971 0.251246 0.293982 0.264652 0.304298 0.325998 0.358305 0.287615 0.368727 0.279125 0.346541 0.378020 0.256938 0.228773 0.305556 0.277674 0.281966 0.300574 0.306996 0.217623 0.282349 0.206141 0.219474 0.220457 0.198422 0.206582 0.194647 0.242696 0.260514 0.294460 0.315490 0.188138 0.244806 0.198664 0.273137 0.221618 0.250970 0.266978 0.259898 0.286283 0.224436 0.257849 0.297109 0.296744 0.286389 0.246981 0.243827 0.244435 0.257666 0.215966 0.321930 0.228268 0.372652 0.225933 0.331200 0.245865 0.322651 0.311563 0.336736 0.294662 0.312968 0.315757 0.335550 0.370206 0.185943 0.218285 0.394523 0.360152 0.256829 0.282957 0.280776 0.203698 0.181085 0.172166 0.164808 0.306705 0.236821 0.356670 0.255790 0.262732 0.214265 0.234888 0.247512 0.223877 0.245965 0.191008 0.191927 0.178572 
0.417880 0.395108 0.367932 0.324545 0.343797 0.300031 0.323926 0.361535 0.352583 0.376876 0.415093 0.311260 0.340121 0.254831 0.296889 0.000000 0.188920 0.153492 0.228924 0.118680 0.183642 0.096199 0.199542 0.152544 0.092839 0.105533 0.122096 0.247491 0.108045 0.150166 0.170484 0.159768 0.115272 0.191460 0.121005 0.176000 0.240315 0.271596 0.234272 0.258311 0.297364 0.303586 0.319302 0.332163 0.285303 0.256729 0.251267 0.213312 0.412218 0.278572 0.349602 0.434855 0.221131 0.291076 0.346198 0.307970 0.351445 0.331800 0.346861 0.337139 0.402575 0.393888 0.379247 0.406804 0.260613 0.253239 0.278778 0.282273 0.292787 0.261595 0.303331 0.321578 0.319870 0.610260 0.538103 0.370796 0.307487 0.352011 0.406671 0.273890 0.409692 0.275796 0.499334 0.647845 0.561333 0.343932 0.389911 0.441250 0.317775 0.281365 0.200374 0.251195 0.204797 0.212911 0.219953 0.281964 0.216817 0.240622 0.283336 0.275009 0.287144 0.261751 0.330048 0.293691 0.327107 0.346671 0.354825 0.347444 0.404621 0.342674 0.319212 0.314193 0.309642 0.388446 0.319843 0.327694 0.363986 0.372628 0.328452 0.332349 0.367202 0.395940 0.311585 0.373974 0.370622 0.295123 0.384001 0.335140 0.309062 0.291432 0.309032 0.326474 0.388693 0.371745 0.255577 0.340747 0.287598 0.285532 0.313341 0.297493 0.342813 0.433937 0.404422 0.439889 0.316127 0.266817 0.356477 0.273397 0.360699 0.342959 0.365741 0.474180 0.377625 0.386601 0.320923 0.432654 0.432286 0.456379 0.360764 0.382568 0.293445 0.399209 0.512037 0.417469 0.236960 0.282754 0.275913 0.264838 0.263675 0.313547 0.397801 0.461478 0.258045 0.290696 0.320087 0.311777 0.291462 0.263928 0.245958 0.376872 0.388840 0.406203 0.334186 0.354181 0.340947 0.351925 0.367119 0.371310 0.362595 0.336539 0.381253 0.339766 0.368738 0.387295 0.401350 0.400436 0.348408 0.339401 0.353225 0.373504 0.375268 0.469398 0.412405 0.453461 0.384450 0.447500 0.430999 0.376844 0.451380 0.451633 0.414830 0.440550 0.442857 0.428824 0.467685 0.313018 0.345551 0.503225 0.505010 0.348448 0.372107 0.358833 0.312703 0.293474 0.347113 0.333170 0.362810 0.331011 0.383031 0.320877 0.442880 0.441888 0.448900 0.432898 0.365998 0.368402 0.236666 0.239981 0.268716 
0.433362 0.489307 0.459074 0.382467 0.409147 0.393747 0.401136 0.427976 0.441052 0.441929 0.499662 0.403511 0.434925 0.361818 0.370062 0.188920 0.000000 0.126653 0.172709 0.146792 0.124256 0.153741 0.183019 0.124806 0.176682 0.168782 0.186053 0.173211 0.136999 0.151709 0.247788 0.278390 0.259109 0.242003 0.295711 0.270964 0.367916 0.364954 0.386828 0.373269 0.356055 0.384107 0.434704 0.424126 0.270951 0.365935 0.290299 0.311419 0.471820 0.328785 0.396907 0.505346 0.335030 0.370689 0.387337 0.389583 0.427787 0.361633 0.435577 0.408333 0.480052 0.448248 0.456641 0.471820 0.324763 0.320356 0.339334 0.345163 0.370104 0.335208 0.379793 0.446840 0.442411 0.614947 0.564662 0.416696 0.356136 0.401594 0.454440 0.312002 0.424313 0.372105 0.518034 0.640910 0.574624 0.386102 0.413518 0.477507 0.368380 0.326621 0.330833 0.388789 0.341616 0.342195 0.356779 0.416994 0.340200 0.388289 0.437824 0.347125 0.438646 0.333953 0.437267 0.400555 0.401752 0.417300 0.467228 0.403796 0.483915 0.399181 0.402952 0.381069 0.389782 0.478173 0.407094 0.431632 0.447718 0.445959 0.438491 0.422759 0.444006 0.472586 0.390743 0.453488 0.442113 0.396403 0.450972 0.420217 0.392009 0.376923 0.417362 0.419393 0.463873 0.447755 0.326952 0.392402 0.373597 0.382457 0.404708 0.378022 0.461021 0.535773 0.432822 0.483338 0.396168 0.375260 0.398013 0.399177 0.441055 0.384653 0.457701 0.477674 0.442036 0.459921 0.396776 0.511975 0.491154 0.561044 0.441848 0.476628 0.399597 0.512578 0.566469 0.482496 0.297730 0.359532 0.312925 0.299789 0.328306 0.368431 0.465608 0.518860 0.358272 0.363724 0.380869 0.392893 0.375355 0.360498 0.340465 0.436370 0.474344 0.416117 0.419988 0.385903 0.409930 0.406937 0.426297 0.456691 0.470431 0.426203 0.456432 0.429053 0.456682 0.487097 0.461191 0.452433 0.436470 0.448470 0.443609 0.462175 0.443875 0.553660 0.470874 0.493216 0.446309 0.529335 0.492602 0.450156 0.525925 0.515319 0.500724 0.514316 0.508261 0.496485 0.532258 0.381315 0.393535 0.567731 0.579030 0.408836 0.456635 0.437942 0.389329 0.390881 0.409103 0.407747 0.427987 0.402780 0.436340 0.404215 0.506377 0.506988 0.515540 0.479344 0.432263 0.430081 0.335664 0.347126 0.356566 
0.446298 0.475995 0.446583 0.385987 0.417527 0.392806 0.401091 0.430399 0.431048 0.436196 0.490914 0.381572 0.419987 0.332430 0.361441 0.153492 0.126653 0.000000 0.260020 0.159185 0.127543 0.150997 0.181044 0.153991 0.136934 0.173252 0.150392 0.145666 0.097416 0.169156 0.306227 0.275503 0.234579 0.279178 0.238928 0.255092 0.355981 0.370365 0.321405 0.373272 0.299648 0.335912 0.414543 0.410294 0.303477 0.340710 0.277250 0.311592 0.464357 0.336883 0.410516 0.521045 0.341468 0.356451 0.406447 0.393184 0.403536 0.386563 0.414177 0.392709 0.488757 0.466861 0.464828 0.479266 0.339979 0.330725 0.360380 0.350476 0.364427 0.331634 0.371642 0.396501 0.399381 0.644396 0.591042 0.428468 0.375216 0.409216 0.468221 0.344606 0.451792 0.355746 0.546386 0.668396 0.595118 0.410753 0.435497 0.496583 0.303628 0.316635 0.289140 0.337879 0.309686 0.310467 0.302850 0.385853 0.315467 0.342723 0.385802 0.393972 0.389437 0.377958 0.402265 0.365954 0.391820 0.417781 0.429425 0.420001 0.489867 0.401262 0.407074 0.417842 0.412871 0.470662 0.415883 0.407598 0.454230 0.462522 0.421631 0.413910 0.474885 0.500527 0.384596 0.479815 0.460337 0.384712 0.443561 0.416410 0.400815 0.381354 0.412803 0.418022 0.476972 0.451227 0.316174 0.406566 0.365332 0.356574 0.409264 0.367989 0.427893 0.525623 0.466101 0.422390 0.397539 0.345815 0.356597 0.359855 0.432831 0.365222 0.450303 0.498502 0.440486 0.456952 0.390635 0.518564 0.509913 0.549492 0.449128 0.470433 0.374094 0.481718 0.587831 0.479190 0.307820 0.344712 0.317720 0.344428 0.342161 0.374471 0.463819 0.540667 0.331424 0.368501 0.395470 0.375937 0.357321 0.326949 0.319909 0.450322 0.452342 0.417776 0.406183 0.381540 0.406764 0.375835 0.439878 0.436164 0.439085 0.401214 0.446014 0.415145 0.457022 0.451816 0.475286 0.458527 0.417060 0.417779 0.428796 0.461165 0.436248 0.542289 0.476069 0.544413 0.457563 0.519459 0.491133 0.461609 0.515449 0.536662 0.497928 0.509502 0.506102 0.508647 0.530894 0.369667 0.417871 0.568261 0.586404 0.384793 0.449884 0.445774 0.400714 0.363426 0.410202 0.397418 0.427176 0.398041 0.471053 0.406675 0.504791 0.503502 0.518027 0.491189 0.428825 0.441254 0.318204 0.320939 0.350811 
