239 239
0.000000 0.166775 0.186019 0.188891 0.280643 0.258218 0.271902 0.269557 0.263669 0.272945 0.264912 0.240246 0.302981 0.293996 0.304643 0.242691 0.236639 0.244108 0.245050 0.401981 0.430725 0.455555 0.465784 0.460027 0.456505 0.487245 0.416135 0.442606 0.452579 0.431137 0.419324 0.411165 0.431625 0.412797 0.487621 0.384148 0.445697 0.432895 0.269471 0.293285 0.342302 0.307097 0.284076 0.309770 0.334698 0.281325 0.331474 0.280943 0.272971 0.399622 0.306690 0.301892 0.299104 0.357600 0.307478 0.314772 0.384720 0.417715 0.407716 0.372597 0.428936 0.429253 0.328472 0.400553 0.427647 0.296026 0.255615 0.175267 0.215879 0.247717 0.246916 0.343729 0.355556 0.259770 0.202167 0.228993 0.291659 0.278199 0.248427 0.184711 0.591928 0.285027 0.581246 0.345507 0.391643 0.363669 0.353531 0.395917 0.461076 0.335275 0.527495 0.724840 0.370701 0.591415 0.481429 0.292363 0.239458 0.252482 0.330638 0.315973 0.273902 0.322130 0.283162 0.310678 0.290531 0.323768 0.348737 0.358502 0.249382 0.316598 0.217453 0.273216 0.217968 0.204206 0.199909 0.196996 0.199638 0.205083 0.294297 0.300304 0.326854 0.268747 0.335483 0.274889 0.326243 0.339161 0.338285 0.292461 0.335031 0.311292 0.311793 0.318741 0.289346 0.268742 0.320541 0.360116 0.312359 0.274160 0.327489 0.312318 0.294760 0.271153 0.284490 0.329065 0.315466 0.336160 0.229965 0.292462 0.289134 0.260227 0.431596 0.294164 0.429670 0.398004 0.382435 0.262499 0.286251 0.331701 0.276010 0.259773 0.222708 0.221410 0.353383 0.214336 0.317226 0.245475 0.289968 0.341765 0.379402 0.371423 0.401309 0.366289 0.264205 0.284741 0.270328 0.288266 0.255085 0.288351 0.302679 0.267799 0.200127 0.243013 0.387055 0.254561 0.252035 0.199880 0.197597 0.223717 0.258704 0.225663 0.231314 0.207067 0.199344 0.191906 0.226076 0.246446 0.185619 0.213708 0.295779 0.207036 0.202173 0.172208 0.202481 0.227046 0.230139 0.359899 0.228459 0.266226 0.260108 0.243214 0.223561 0.183885 0.212381 0.177757 0.263616 0.253063 0.247706 0.375629 0.310827 0.300429 0.254587 0.229976 0.296538 0.246502 0.170500 0.176379 0.219460 0.300851 0.338274 0.319283 0.225606 0.187244 0.291075 0.242229 0.208058 0.184631 0.301945 0.344139 0.316921 
0.166775 0.000000 0.179949 0.127464 0.250340 0.237059 0.269231 0.201069 0.247906 0.218274 0.211814 0.203989 0.236955 0.255103 0.251777 0.197707 0.202417 0.240042 0.235707 0.373283 0.453012 0.442444 0.434541 0.495502 0.408542 0.436584 0.393405 0.458484 0.403341 0.374436 0.391638 0.415972 0.392733 0.417376 0.441226 0.344508 0.443367 0.399518 0.217299 0.244057 0.250862 0.210530 0.312635 0.315096 0.275783 0.217367 0.274028 0.253668 0.172014 0.331244 0.299304 0.312640 0.247631 0.292660 0.295135 0.278775 0.375206 0.393279 0.355701 0.375859 0.412979 0.423007 0.230834 0.392587 0.407403 0.245220 0.225616 0.122784 0.188882 0.203875 0.240741 0.294141 0.320870 0.223143 0.233588 0.229137 0.210537 0.177557 0.153076 0.178167 0.576997 0.256182 0.548869 0.347688 0.353971 0.307717 0.335953 0.369546 0.413750 0.298575 0.498092 0.691478 0.334386 0.550435 0.451362 0.244686 0.205020 0.279810 0.252617 0.245603 0.239024 0.256916 0.234164 0.237880 0.220557 0.268023 0.304876 0.267468 0.248183 0.290557 0.159815 0.217404 0.144812 0.152918 0.155285 0.152519 0.165154 0.164564 0.237932 0.238080 0.281959 0.245468 0.282413 0.238771 0.242695 0.275893 0.275796 0.191982 0.250953 0.250638 0.290869 0.309573 0.231845 0.202467 0.296233 0.325024 0.279399 0.211509 0.267070 0.245352 0.240798 0.225733 0.216664 0.267788 0.291747 0.269593 0.255914 0.249576 0.282063 0.228823 0.380463 0.268875 0.414713 0.392950 0.403446 0.228628 0.244742 0.366699 0.245486 0.210087 0.155543 0.200042 0.323350 0.179097 0.276868 0.213228 0.241403 0.269453 0.305508 0.317167 0.302360 0.300762 0.196187 0.234174 0.193023 0.222666 0.178250 0.249479 0.217936 0.195099 0.143572 0.188865 0.338168 0.223967 0.202287 0.210980 0.183977 0.216003 0.186094 0.197212 0.203783 0.160221 0.158985 0.186463 0.199783 0.200134 0.146998 0.149952 0.240617 0.214407 0.153415 0.144743 0.155043 0.172001 0.187279 0.315895 0.189838 0.182896 0.198195 0.227679 0.196320 0.147323 0.210641 0.171532 0.165935 0.202216 0.172591 0.342961 0.272228 0.251328 0.216806 0.202346 0.264932 0.194491 0.138003 0.152805 0.175580 0.262747 0.315303 0.267696 0.149037 0.168473 0.229621 0.212320 0.156581 0.160150 0.270640 0.302907 0.264267 
0.186019 0.179949 0.000000 0.147969 0.275201 0.273715 0.291049 0.173368 0.158833 0.191680 0.177753 0.196977 0.221053 0.239202 0.231820 0.154435 0.170475 0.163456 0.158882 0.426984 0.497063 0.447653 0.479424 0.534494 0.477647 0.482712 0.427284 0.490452 0.470075 0.427107 0.437549 0.427414 0.447479 0.476185 0.476913 0.393630 0.464100 0.436941 0.274682 0.232508 0.299607 0.250040 0.334125 0.318374 0.264417 0.250444 0.187562 0.307780 0.283461 0.411728 0.346909 0.357977 0.288995 0.350209 0.308736 0.310885 0.414359 0.430449 0.426418 0.420581 0.424727 0.479169 0.332459 0.372526 0.465090 0.309316 0.255087 0.190750 0.200031 0.172981 0.192976 0.358856 0.388573 0.260063 0.275037 0.218643 0.292687 0.237163 0.265742 0.210455 0.582748 0.227282 0.582526 0.316000 0.373911 0.310126 0.328350 0.367081 0.445035 0.338065 0.505289 0.721331 0.338001 0.569110 0.500970 0.250715 0.245371 0.335217 0.326337 0.297066 0.305800 0.285658 0.302984 0.327444 0.266323 0.297077 0.355125 0.329239 0.239281 0.385020 0.167825 0.264473 0.194860 0.138249 0.176510 0.129188 0.150219 0.164661 0.191517 0.190451 0.211911 0.192671 0.245909 0.201167 0.237836 0.196058 0.205702 0.240229 0.253250 0.199173 0.196930 0.200950 0.216670 0.185190 0.189841 0.223166 0.160913 0.210166 0.225367 0.253518 0.202549 0.186873 0.229491 0.221196 0.173979 0.240506 0.258231 0.267882 0.311484 0.186484 0.321084 0.226745 0.434082 0.373290 0.435895 0.288473 0.211357 0.235204 0.205677 0.172876 0.158077 0.114051 0.269612 0.174114 0.234351 0.221589 0.255535 0.327093 0.390846 0.386763 0.399919 0.407726 0.269554 0.225689 0.222423 0.275143 0.231239 0.248070 0.295599 0.280065 0.112361 0.162374 0.246524 0.237039 0.263525 0.239872 0.181352 0.284603 0.222220 0.187127 0.225579 0.220323 0.173815 0.175464 0.171634 0.257444 0.155967 0.194175 0.158617 0.158376 0.208460 0.201567 0.196674 0.207722 0.201632 0.291825 0.188390 0.222070 0.211965 0.181044 0.147676 0.098673 0.184274 0.120103 0.144420 0.130953 0.143431 0.296771 0.306041 0.278374 0.211209 0.157332 0.207029 0.280547 0.148722 0.167716 0.177574 0.277710 0.319915 0.276143 0.221846 0.138343 0.209611 0.194837 0.177121 0.131937 0.275096 0.338217 0.296321 
0.188891 0.127464 0.147969 0.000000 0.291961 0.236093 0.264983 0.190732 0.233695 0.194101 0.220153 0.204331 0.180094 0.224455 0.188915 0.175333 0.208718 0.190480 0.239314 0.395174 0.471581 0.469803 0.456002 0.516429 0.432121 0.456937 0.416853 0.481111 0.423377 0.396494 0.415562 0.442754 0.414803 0.438676 0.463306 0.366421 0.462991 0.418849 0.222025 0.248666 0.277258 0.204365 0.283082 0.289048 0.227986 0.209748 0.241180 0.272100 0.237901 0.368113 0.323598 0.359338 0.270696 0.307196 0.277951 0.281464 0.394449 0.391314 0.356796 0.370514 0.404699 0.418559 0.278742 0.386578 0.419066 0.223950 0.169318 0.141004 0.196683 0.158031 0.135829 0.352758 0.355049 0.241325 0.249980 0.204484 0.246212 0.214532 0.200012 0.134136 0.600120 0.266835 0.582619 0.361698 0.336883 0.326330 0.335248 0.369683 0.397922 0.285609 0.481744 0.699030 0.332677 0.525395 0.485641 0.242080 0.241662 0.267961 0.269912 0.230118 0.250076 0.260432 0.242943 0.251507 0.232538 0.258078 0.284849 0.257388 0.280866 0.311481 0.165335 0.209769 0.146410 0.123311 0.111276 0.154653 0.178014 0.152318 0.239686 0.203304 0.214552 0.268720 0.308177 0.247774 0.206886 0.280713 0.272660 0.236518 0.251613 0.226293 0.314638 0.285342 0.251694 0.201732 0.311385 0.322010 0.283778 0.237928 0.280454 0.277698 0.268386 0.252359 0.239740 0.246309 0.261259 0.279737 0.264274 0.215929 0.250184 0.217091 0.330343 0.189539 0.434982 0.341228 0.362589 0.202462 0.182114 0.349250 0.203371 0.166173 0.135958 0.157772 0.290443 0.156997 0.233296 0.183808 0.190646 0.298157 0.341821 0.346637 0.344234 0.339401 0.235820 0.249776 0.178502 0.207619 0.194501 0.259185 0.243173 0.217552 0.166256 0.170897 0.283357 0.225235 0.208403 0.225596 0.173935 0.199584 0.216320 0.208247 0.241716 0.147445 0.153980 0.193829 0.207153 0.177862 0.138685 0.150877 0.254511 0.227806 0.153069 0.169621 0.143090 0.169495 0.167581 0.292734 0.175621 0.178205 0.241946 0.225883 0.151886 0.125712 0.222451 0.165784 0.129507 0.146457 0.191767 0.292722 0.265811 0.237421 0.187512 0.145099 0.184377 0.222144 0.115318 0.161443 0.181571 0.253081 0.306213 0.263942 0.205911 0.187157 0.224900 0.184264 0.141077 0.145887 0.256354 0.274507 0.251429 
0.280643 0.250340 0.275201 0.291961 0.000000 0.110803 0.114700 0.311493 0.353859 0.332788 0.324992 0.337211 0.333871 0.346997 0.368047 0.307060 0.325550 0.338546 0.302992 0.334140 0.400277 0.333531 0.360145 0.413636 0.359897 0.356943 0.343415 0.363759 0.353405 0.383661 0.325714 0.385553 0.327004 0.375418 0.357674 0.342614 0.345154 0.328932 0.348843 0.364571 0.333419 0.343690 0.393595 0.373902 0.418195 0.364464 0.375108 0.276494 0.253512 0.241392 0.288104 0.275029 0.286198 0.318941 0.289430 0.225812 0.224209 0.240845 0.235002 0.249287 0.280337 0.287160 0.234965 0.228019 0.270282 0.199031 0.228687 0.206779 0.210760 0.336952 0.369020 0.201868 0.203965 0.146722 0.178621 0.190371 0.180164 0.189596 0.208874 0.281697 0.375251 0.278694 0.404596 0.205189 0.236159 0.220619 0.189263 0.233416 0.277098 0.227531 0.335410 0.535855 0.197542 0.403088 0.288824 0.305363 0.325074 0.414244 0.345653 0.394253 0.370742 0.369726 0.362980 0.390674 0.348279 0.386666 0.448986 0.418053 0.378490 0.439378 0.219053 0.245660 0.245142 0.260749 0.277133 0.254702 0.201407 0.247311 0.343283 0.392973 0.384619 0.350696 0.374975 0.346350 0.345252 0.380030 0.374379 0.330273 0.332813 0.348818 0.380299 0.400308 0.296682 0.324489 0.397302 0.412189 0.375997 0.324006 0.371212 0.318651 0.323176 0.299151 0.349710 0.371070 0.377836 0.365242 0.396050 0.307375 0.261655 0.356338 0.540295 0.366977 0.257530 0.511779 0.377654 0.355773 0.327158 0.486960 0.406482 0.308208 0.292799 0.329980 0.395947 0.328282 0.431662 0.361660 0.409162 0.205791 0.217736 0.222392 0.217146 0.232338 0.205937 0.236050 0.239391 0.244982 0.200876 0.209346 0.206046 0.187501 0.242545 0.277321 0.484403 0.421669 0.184547 0.196264 0.227866 0.258024 0.199304 0.215846 0.200250 0.248020 0.221241 0.195411 0.250512 0.233420 0.267814 0.242228 0.340082 0.246798 0.214862 0.187734 0.290702 0.238778 0.243723 0.366993 0.237187 0.230909 0.237012 0.272445 0.321397 0.268637 0.313096 0.258853 0.311000 0.334886 0.303737 0.442172 0.358682 0.280098 0.320006 0.319729 0.384630 0.282004 0.266535 0.260336 0.259415 0.265336 0.193000 0.255377 0.195660 0.273416 0.309108 0.293055 0.245151 0.240095 0.302682 0.282184 0.275134 
0.258218 0.237059 0.273715 0.236093 0.110803 0.000000 0.102136 0.322252 0.353697 0.331383 0.339671 0.331380 0.298174 0.297798 0.334284 0.306408 0.329112 0.339492 0.317909 0.288505 0.352248 0.339665 0.316374 0.378223 0.314842 0.333469 0.302847 0.347689 0.314221 0.316220 0.293512 0.349002 0.284869 0.321122 0.336515 0.278699 0.319953 0.293173 0.297556 0.330007 0.301223 0.291375 0.349289 0.346875 0.369610 0.330791 0.347053 0.219662 0.236534 0.230540 0.252855 0.252765 0.243984 0.321050 0.252091 0.197041 0.220748 0.232932 0.208063 0.221832 0.275435 0.266191 0.183262 0.242977 0.265088 0.177739 0.183170 0.211722 0.215420 0.305466 0.335142 0.219862 0.221019 0.126581 0.131082 0.138549 0.134286 0.168273 0.162305 0.217144 0.440226 0.294931 0.449242 0.234582 0.259066 0.262039 0.235056 0.264730 0.314230 0.203687 0.380736 0.563872 0.218902 0.398900 0.333485 0.302958 0.286360 0.342204 0.277831 0.322262 0.298977 0.296989 0.295706 0.329078 0.277831 0.321987 0.379236 0.354298 0.341415 0.377061 0.216889 0.204179 0.221309 0.217237 0.245569 0.236109 0.212584 0.219648 0.339800 0.351949 0.363909 0.350171 0.389654 0.336724 0.339369 0.393073 0.387666 0.329620 0.333862 0.334500 0.396380 0.412053 0.306793 0.312874 0.404512 0.428123 0.383483 0.324400 0.386056 0.331506 0.335279 0.301651 0.335838 0.354761 0.393588 0.381384 0.374990 0.268182 0.190159 0.334560 0.491035 0.328107 0.289626 0.472062 0.318000 0.292836 0.299254 0.485243 0.355431 0.282687 0.280102 0.326440 0.412956 0.299114 0.381519 0.311839 0.350840 0.177551 0.215497 0.204780 0.210321 0.218494 0.172375 0.219098 0.200718 0.198576 0.161138 0.196260 0.168964 0.142283 0.252959 0.267004 0.442262 0.404848 0.153655 0.196488 0.204737 0.220370 0.212362 0.207887 0.207102 0.217614 0.200925 0.196680 0.242123 0.196864 0.235502 0.225475 0.350332 0.245380 0.184115 0.176912 0.260002 0.215496 0.231633 0.367678 0.234249 0.219628 0.260581 0.286136 0.288778 0.272040 0.314450 0.260095 0.289149 0.296561 0.303996 0.412405 0.353182 0.267967 0.288998 0.322087 0.348776 0.268920 0.224902 0.243317 0.230138 0.228819 0.177996 0.245604 0.186440 0.270578 0.329453 0.274214 0.231056 0.220182 0.270774 0.245002 0.247827 
0.271902 0.269231 0.291049 0.264983 0.114700 0.102136 0.000000 0.330912 0.372239 0.353867 0.336233 0.353514 0.336222 0.344369 0.379086 0.344173 0.354488 0.333256 0.332012 0.325904 0.378931 0.344591 0.348919 0.390152 0.355010 0.353647 0.325202 0.348552 0.353716 0.380132 0.296437 0.380674 0.299529 0.356875 0.357477 0.336112 0.326807 0.324230 0.364237 0.378350 0.339134 0.347378 0.395596 0.380588 0.431584 0.398652 0.396702 0.252840 0.294786 0.256699 0.286349 0.274284 0.306846 0.334655 0.283622 0.218857 0.227792 0.258080 0.215814 0.242711 0.259283 0.281388 0.230413 0.243694 0.295857 0.202339 0.200005 0.241659 0.223638 0.338783 0.339955 0.239087 0.223514 0.167671 0.166715 0.176742 0.183586 0.218377 0.212473 0.270577 0.406312 0.300167 0.434233 0.230170 0.231652 0.252015 0.243256 0.243647 0.295075 0.224504 0.366890 0.534312 0.222107 0.373244 0.336115 0.307282 0.337225 0.382946 0.344472 0.390740 0.362444 0.355529 0.359244 0.392870 0.345227 0.380322 0.443043 0.424302 0.391882 0.423112 0.237656 0.229350 0.253009 0.263408 0.277349 0.261652 0.231774 0.241471 0.379506 0.395568 0.398680 0.382980 0.422142 0.384581 0.370571 0.422176 0.420599 0.370538 0.363379 0.369097 0.429303 0.438950 0.338185 0.362230 0.439356 0.460908 0.418238 0.364786 0.401574 0.364388 0.367864 0.332253 0.388118 0.388044 0.420371 0.414313 0.402790 0.309790 0.211693 0.376453 0.544734 0.368442 0.286907 0.503004 0.373409 0.348227 0.327391 0.502680 0.403595 0.304706 0.306631 0.357094 0.426812 0.352450 0.434005 0.361718 0.412178 0.206647 0.222359 0.215402 0.233563 0.248005 0.231053 0.240545 0.246667 0.242165 0.205359 0.228670 0.215901 0.209134 0.270178 0.286392 0.476691 0.422345 0.185544 0.206341 0.239470 0.239831 0.239647 0.224722 0.246298 0.232539 0.224309 0.198823 0.262135 0.209763 0.264285 0.245114 0.366273 0.255121 0.226129 0.197555 0.277616 0.220701 0.248669 0.386130 0.246988 0.250172 0.276476 0.292906 0.310742 0.288336 0.332089 0.299706 0.316834 0.338831 0.333896 0.452893 0.379779 0.271720 0.309924 0.320985 0.369710 0.280875 0.249648 0.266946 0.269779 0.261744 0.184167 0.267471 0.226345 0.307979 0.331395 0.276485 0.241417 0.231257 0.309829 0.277103 0.277418 
0.269557 0.201069 0.173368 0.190732 0.311493 0.322252 0.330912 0.000000 0.178239 0.066215 0.059005 0.129085 0.122259 0.187481 0.133797 0.147173 0.135004 0.150594 0.135236 0.350304 0.418256 0.419078 0.400920 0.462247 0.388127 0.392790 0.385463 0.403031 0.380089 0.358394 0.347618 0.371909 0.356782 0.388014 0.391267 0.311870 0.396095 0.357007 0.189961 0.181664 0.203112 0.145808 0.236041 0.223438 0.206564 0.161651 0.163090 0.202811 0.199142 0.304932 0.223016 0.245438 0.223709 0.242242 0.237126 0.337627 0.435135 0.415494 0.476214 0.485394 0.492675 0.521543 0.307807 0.409346 0.498798 0.300740 0.269980 0.168322 0.226295 0.159478 0.178859 0.367309 0.342640 0.301161 0.340933 0.281746 0.293958 0.244449 0.265803 0.249410 0.552011 0.134950 0.514929 0.273539 0.242068 0.215392 0.309146 0.247216 0.392708 0.247091 0.462260 0.642225 0.245657 0.542286 0.428187 0.130986 0.184772 0.252905 0.234580 0.210957 0.231355 0.222830 0.227143 0.227983 0.192889 0.223981 0.261256 0.228903 0.219197 0.288113 0.198874 0.213374 0.203172 0.186663 0.192828 0.182026 0.170627 0.198368 0.110591 0.147019 0.144547 0.151405 0.159544 0.141797 0.125909 0.154131 0.149550 0.133750 0.148749 0.149266 0.178748 0.179867 0.124068 0.105166 0.189850 0.206921 0.172834 0.128746 0.159929 0.161549 0.141170 0.130599 0.157820 0.154388 0.132476 0.147536 0.189467 0.199822 0.334522 0.140139 0.298174 0.245908 0.394014 0.291227 0.426163 0.195761 0.177630 0.238256 0.182330 0.135851 0.143129 0.164346 0.245344 0.166124 0.251816 0.174636 0.231557 0.328560 0.393982 0.386826 0.399877 0.428908 0.271784 0.271741 0.211239 0.259067 0.243358 0.254147 0.275136 0.299807 0.144977 0.210220 0.340630 0.289765 0.270618 0.224114 0.172557 0.266375 0.189006 0.242061 0.215470 0.230201 0.209880 0.205691 0.206698 0.268121 0.211104 0.232466 0.137439 0.244585 0.204891 0.215140 0.229091 0.197408 0.225752 0.296602 0.212721 0.221161 0.202709 0.182258 0.243004 0.158891 0.228276 0.191238 0.144659 0.195788 0.199172 0.287965 0.243818 0.265627 0.234780 0.220142 0.274883 0.222451 0.192777 0.205806 0.164124 0.236419 0.316439 0.216512 0.194897 0.187423 0.150566 0.210099 0.131826 0.164264 0.173277 0.223784 0.178582 
0.263669 0.247906 0.158833 0.233695 0.353859 0.353697 0.372239 0.178239 0.000000 0.187319 0.194710 0.121892 0.258897 0.254801 0.252059 0.157265 0.145388 0.083728 0.155250 0.427181 0.497648 0.450584 0.479857 0.535222 0.483380 0.499462 0.427776 0.496576 0.475855 0.432691 0.426973 0.448011 0.446393 0.477079 0.491488 0.398009 0.471514 0.440740 0.283727 0.237211 0.315553 0.281811 0.343467 0.343341 0.301308 0.275579 0.191487 0.292732 0.274280 0.386496 0.307279 0.314091 0.257703 0.293563 0.254485 0.338556 0.437450 0.473190 0.488273 0.474771 0.469641 0.526661 0.340597 0.417432 0.500948 0.316130 0.289308 0.239304 0.232706 0.169089 0.201278 0.384802 0.393911 0.312294 0.345317 0.300906 0.324368 0.309279 0.303427 0.286072 0.532508 0.197215 0.505033 0.305632 0.331368 0.290783 0.309320 0.352848 0.408456 0.320205 0.493592 0.697431 0.331959 0.558992 0.445383 0.245146 0.254755 0.358233 0.336387 0.322358 0.317972 0.312142 0.310459 0.338793 0.278029 0.319110 0.377728 0.357192 0.248543 0.391125 0.232290 0.302554 0.266966 0.216636 0.244437 0.217483 0.225763 0.215493 0.221406 0.226335 0.229447 0.182153 0.255341 0.226800 0.260060 0.206389 0.257366 0.251718 0.286588 0.246242 0.223876 0.220804 0.232241 0.214188 0.213069 0.247491 0.192246 0.222832 0.277021 0.277858 0.212981 0.218334 0.229659 0.235980 0.203751 0.262870 0.283524 0.258013 0.367990 0.205459 0.347170 0.264967 0.454585 0.434839 0.466066 0.305409 0.246564 0.268920 0.253744 0.213494 0.222677 0.132540 0.274360 0.212727 0.283294 0.260457 0.334067 0.369925 0.422896 0.418806 0.446855 0.466590 0.314984 0.281419 0.288625 0.333183 0.306274 0.299130 0.330274 0.343968 0.203046 0.260265 0.361527 0.320588 0.304996 0.266864 0.224282 0.311867 0.274700 0.227009 0.208982 0.282644 0.251595 0.219079 0.188820 0.295223 0.188264 0.286510 0.161785 0.183427 0.274824 0.235320 0.213336 0.249241 0.249332 0.286914 0.244054 0.262151 0.228954 0.199795 0.229092 0.164184 0.178329 0.151127 0.221617 0.228709 0.226690 0.261660 0.260498 0.274865 0.230901 0.258194 0.265871 0.288748 0.223473 0.234243 0.202645 0.281693 0.308366 0.243577 0.253245 0.184971 0.244106 0.196220 0.231097 0.213709 0.267494 0.332823 0.300111 
0.272945 0.218274 0.191680 0.194101 0.332788 0.331383 0.353867 0.066215 0.187319 0.000000 0.095570 0.163264 0.109832 0.197774 0.140490 0.160408 0.144522 0.164396 0.152918 0.342752 0.419222 0.427790 0.397989 0.460301 0.392098 0.402557 0.384856 0.407891 0.380917 0.363793 0.349621 0.380765 0.358445 0.387750 0.397575 0.292529 0.383323 0.325707 0.172722 0.178299 0.202413 0.151406 0.199817 0.199904 0.190093 0.143913 0.174993 0.214213 0.207161 0.302470 0.218998 0.245334 0.214500 0.255650 0.258137 0.339294 0.436794 0.412330 0.484903 0.481363 0.513062 0.524754 0.314800 0.422094 0.491064 0.299452 0.271390 0.179711 0.227641 0.177361 0.185067 0.364336 0.345761 0.295453 0.338163 0.296424 0.301673 0.255473 0.275611 0.248987 0.565639 0.163210 0.538755 0.290770 0.254050 0.239749 0.321641 0.267247 0.398065 0.254311 0.474680 0.654646 0.264295 0.550641 0.440752 0.135616 0.183272 0.254543 0.244854 0.208920 0.234738 0.227674 0.219562 0.223434 0.184523 0.200261 0.241957 0.221249 0.228666 0.274227 0.217257 0.236876 0.228314 0.205044 0.192148 0.203832 0.197868 0.218156 0.129397 0.169137 0.128821 0.156387 0.154942 0.128432 0.126787 0.138704 0.136464 0.141832 0.142934 0.150613 0.185119 0.168713 0.149684 0.106101 0.183919 0.205492 0.155417 0.114197 0.157993 0.153811 0.144471 0.153610 0.134877 0.154734 0.122659 0.128208 0.194439 0.199918 0.341761 0.145626 0.309618 0.255217 0.403501 0.275359 0.429768 0.202489 0.196690 0.231172 0.205392 0.156677 0.156846 0.174890 0.251208 0.177980 0.270733 0.183280 0.224638 0.334249 0.402559 0.382982 0.413247 0.433486 0.274397 0.288436 0.223820 0.269472 0.252067 0.264738 0.287635 0.311792 0.168662 0.227609 0.360467 0.312155 0.267753 0.230410 0.166700 0.266857 0.194325 0.255193 0.218071 0.249464 0.222357 0.214823 0.229089 0.268639 0.202033 0.239615 0.164122 0.258232 0.213503 0.214943 0.232294 0.210856 0.233439 0.299381 0.226548 0.229228 0.223369 0.205846 0.263391 0.181084 0.244944 0.213888 0.177374 0.194919 0.218351 0.298298 0.264199 0.285235 0.254988 0.234458 0.270390 0.241810 0.225748 0.236522 0.185693 0.258715 0.333649 0.247335 0.215872 0.221945 0.172670 0.225633 0.154321 0.186729 0.186467 0.254238 0.211683 
0.264912 0.211814 0.177753 0.220153 0.324992 0.339671 0.336233 0.059005 0.194710 0.095570 0.000000 0.146089 0.128726 0.207329 0.154470 0.179470 0.155599 0.157059 0.138257 0.362589 0.421218 0.442203 0.410649 0.472383 0.407180 0.404654 0.393835 0.404482 0.401398 0.381240 0.352578 0.381619 0.354530 0.396374 0.412891 0.339597 0.411626 0.378840 0.214726 0.210856 0.216686 0.154253 0.249616 0.235524 0.227181 0.183304 0.182998 0.231182 0.211331 0.325103 0.250342 0.269594 0.252756 0.259819 0.275740 0.362505 0.457405 0.436866 0.498876 0.501307 0.523599 0.545359 0.318443 0.449760 0.529828 0.317094 0.273469 0.191381 0.246989 0.198025 0.201946 0.396192 0.364593 0.326949 0.356347 0.310012 0.321366 0.252369 0.285613 0.270338 0.582977 0.148617 0.543057 0.278980 0.264698 0.241699 0.343431 0.280727 0.410749 0.276518 0.481884 0.664507 0.280217 0.557494 0.451432 0.134171 0.207503 0.254071 0.256058 0.232571 0.245450 0.236229 0.237769 0.248151 0.219125 0.239319 0.282437 0.255790 0.229676 0.291242 0.226281 0.244280 0.224415 0.207440 0.203825 0.196602 0.188157 0.220226 0.134846 0.168833 0.176745 0.158880 0.166401 0.147582 0.152911 0.190360 0.173220 0.142727 0.169544 0.172771 0.183434 0.190440 0.155042 0.139322 0.196104 0.214230 0.167906 0.153021 0.161720 0.187313 0.171514 0.167768 0.185075 0.188645 0.145049 0.168628 0.195276 0.227039 0.356677 0.157685 0.318648 0.276554 0.423020 0.292028 0.456598 0.214603 0.210927 0.227645 0.208456 0.169334 0.160829 0.181666 0.273996 0.190835 0.280738 0.184175 0.245859 0.360680 0.427619 0.404381 0.426696 0.453925 0.303189 0.310754 0.243684 0.296093 0.270244 0.288558 0.304988 0.324854 0.172102 0.237178 0.362915 0.258113 0.308734 0.232500 0.194561 0.272446 0.210548 0.276512 0.252599 0.261492 0.238102 0.245296 0.243896 0.300733 0.236899 0.239022 0.167770 0.270311 0.212409 0.248853 0.263074 0.224164 0.258939 0.337843 0.248792 0.245243 0.202719 0.200148 0.282050 0.176571 0.239639 0.204807 0.158233 0.215334 0.187711 0.333271 0.287507 0.316981 0.286125 0.209430 0.303482 0.220160 0.226722 0.232900 0.196528 0.265297 0.358331 0.253146 0.220231 0.196131 0.164159 0.252195 0.147426 0.194483 0.190849 0.253479 0.198552 
0.240246 0.203989 0.196977 0.204331 0.337211 0.331380 0.353514 0.129085 0.121892 0.163264 0.146089 0.000000 0.228552 0.251557 0.211816 0.166294 0.158128 0.106840 0.168676 0.404921 0.479574 0.456361 0.463838 0.523260 0.445877 0.468445 0.417888 0.475314 0.432465 0.410016 0.401818 0.440906 0.421028 0.447820 0.469526 0.380981 0.469481 0.425932 0.244460 0.231492 0.284278 0.250156 0.320985 0.323681 0.274341 0.221951 0.239551 0.258441 0.227907 0.360069 0.269826 0.277751 0.255152 0.287104 0.261103 0.337624 0.424540 0.449720 0.460878 0.468433 0.476136 0.505983 0.322946 0.427895 0.476869 0.307148 0.276063 0.203128 0.239421 0.172665 0.187901 0.381857 0.378363 0.315373 0.334420 0.305436 0.300377 0.292815 0.268680 0.257304 0.557692 0.191088 0.512441 0.300163 0.301161 0.285206 0.338225 0.334252 0.413350 0.269724 0.491711 0.684034 0.309507 0.558377 0.441068 0.218668 0.227711 0.308077 0.292586 0.272968 0.281108 0.297832 0.268937 0.286532 0.256398 0.287290 0.324554 0.302191 0.242316 0.340516 0.235748 0.274592 0.246892 0.211543 0.208857 0.224270 0.217287 0.202257 0.197363 0.210789 0.246131 0.195592 0.225394 0.203898 0.224607 0.234538 0.258337 0.213223 0.258102 0.255019 0.247005 0.216884 0.214861 0.191799 0.242609 0.285502 0.236691 0.212947 0.267478 0.249530 0.221378 0.231913 0.221341 0.260134 0.225057 0.246434 0.241566 0.259446 0.338933 0.201177 0.370030 0.267800 0.438180 0.400205 0.450255 0.263482 0.232696 0.291721 0.249465 0.212283 0.190176 0.148937 0.293503 0.186943 0.296262 0.224391 0.286531 0.367790 0.407366 0.411004 0.427622 0.428933 0.296598 0.299481 0.280447 0.319032 0.294275 0.307961 0.321560 0.303759 0.215598 0.273375 0.375520 0.251493 0.279490 0.248419 0.228772 0.276196 0.255647 0.248562 0.235151 0.242294 0.245691 0.225842 0.227666 0.270959 0.192789 0.271371 0.205397 0.241565 0.238686 0.204648 0.214046 0.234591 0.256281 0.325260 0.247458 0.251868 0.225232 0.200102 0.264346 0.173044 0.162296 0.155903 0.197018 0.239220 0.206123 0.307315 0.262038 0.290807 0.243042 0.241733 0.285162 0.256331 0.202679 0.215755 0.207390 0.271228 0.324184 0.253935 0.221856 0.161877 0.234428 0.225841 0.201649 0.225244 0.247860 0.286704 0.253699 
0.302981 0.236955 0.221053 0.180094 0.333871 0.298174 0.336222 0.122259 0.258897 0.109832 0.128726 0.228552 0.000000 0.165444 0.086228 0.194234 0.204371 0.212505 0.179011 0.301001 0.369909 0.420834 0.348160 0.420902 0.344646 0.345845 0.351616 0.360477 0.326429 0.323183 0.320350 0.341335 0.313181 0.337456 0.342763 0.259188 0.346584 0.298750 0.129445 0.138896 0.167645 0.100048 0.169457 0.164103 0.118310 0.106945 0.132459 0.202681 0.205296 0.292503 0.221478 0.270880 0.211087 0.294073 0.266710 0.334225 0.427564 0.388972 0.458238 0.457388 0.511239 0.499571 0.301136 0.432842 0.492001 0.297823 0.264428 0.212795 0.240809 0.185662 0.185326 0.378311 0.352776 0.284901 0.334879 0.276507 0.288820 0.236998 0.271207 0.209254 0.620193 0.197460 0.590116 0.327660 0.280418 0.263847 0.357015 0.274608 0.386769 0.245996 0.467389 0.668207 0.273083 0.547433 0.472282 0.124063 0.178630 0.203671 0.190425 0.159950 0.183006 0.180012 0.159448 0.167247 0.138592 0.147265 0.186148 0.167981 0.219004 0.222789 0.208548 0.258431 0.204881 0.159941 0.186219 0.194331 0.214993 0.217194 0.138825 0.152723 0.125218 0.166797 0.192530 0.120144 0.100472 0.155696 0.148918 0.148162 0.135868 0.113151 0.193863 0.179650 0.170173 0.130517 0.194876 0.204210 0.160207 0.122928 0.162023 0.159270 0.156333 0.162277 0.155205 0.135705 0.162427 0.163122 0.173158 0.181370 0.332994 0.122579 0.258980 0.229744 0.430709 0.222745 0.408178 0.166309 0.156620 0.245700 0.150120 0.136202 0.153069 0.209055 0.273877 0.158588 0.219383 0.135254 0.188712 0.314505 0.392265 0.362237 0.388280 0.403977 0.286276 0.297043 0.191567 0.249389 0.233668 0.264650 0.272628 0.276892 0.190476 0.210820 0.354560 0.318793 0.293662 0.255973 0.174949 0.256465 0.239910 0.273365 0.271869 0.237446 0.203495 0.264672 0.266611 0.267005 0.228845 0.206689 0.192987 0.287807 0.220838 0.260257 0.244179 0.237607 0.241259 0.318320 0.227632 0.210424 0.269315 0.248645 0.250980 0.222564 0.299297 0.259375 0.188398 0.195059 0.230213 0.300925 0.293607 0.309468 0.264422 0.235789 0.258203 0.245022 0.213009 0.228369 0.191210 0.253310 0.353449 0.240014 0.254691 0.247599 0.214093 0.258307 0.143349 0.177389 0.156749 0.226127 0.184265 
0.293996 0.255103 0.239202 0.224455 0.346997 0.297798 0.344369 0.187481 0.254801 0.197774 0.207329 0.251557 0.165444 0.000000 0.168030 0.206983 0.224412 0.256385 0.208153 0.283785 0.362860 0.386344 0.360917 0.422376 0.337251 0.388140 0.315751 0.371997 0.334152 0.287592 0.295089 0.310175 0.303657 0.341037 0.381127 0.293164 0.384422 0.349230 0.217663 0.189102 0.249853 0.167841 0.241246 0.242094 0.139738 0.219082 0.170361 0.195984 0.206382 0.314527 0.246001 0.260534 0.181333 0.295936 0.263063 0.282922 0.406064 0.365038 0.449152 0.400523 0.473716 0.452738 0.277346 0.386370 0.441010 0.314163 0.283579 0.220631 0.242075 0.170126 0.183207 0.348202 0.354230 0.282150 0.322974 0.248440 0.277095 0.249052 0.270440 0.183603 0.626621 0.222236 0.568582 0.334599 0.297871 0.278624 0.351639 0.296851 0.388892 0.237675 0.462880 0.660284 0.286072 0.580689 0.450540 0.204732 0.181950 0.228451 0.210414 0.198740 0.211974 0.167642 0.200804 0.264290 0.207033 0.213549 0.238773 0.213468 0.230617 0.282133 0.203113 0.229033 0.169376 0.158710 0.183325 0.204871 0.232815 0.214953 0.222057 0.173445 0.186167 0.234875 0.306423 0.231412 0.195133 0.258288 0.246187 0.232015 0.253561 0.188088 0.274377 0.278811 0.242695 0.193101 0.275900 0.248377 0.249461 0.213084 0.277762 0.266736 0.232333 0.209393 0.221659 0.220197 0.249388 0.266783 0.248852 0.148173 0.262089 0.183396 0.226344 0.158651 0.422413 0.286879 0.296835 0.159307 0.137280 0.335657 0.157950 0.169256 0.171164 0.221738 0.266785 0.172709 0.139806 0.131455 0.190183 0.292804 0.396399 0.352859 0.384317 0.385952 0.256258 0.250908 0.185815 0.200284 0.242022 0.232552 0.258145 0.260606 0.203572 0.211079 0.348825 0.355470 0.294888 0.276697 0.186281 0.286548 0.265609 0.270136 0.255576 0.202451 0.191584 0.256719 0.255029 0.266259 0.227711 0.211988 0.212711 0.267596 0.240399 0.261372 0.246831 0.258016 0.239288 0.307736 0.229367 0.236183 0.288813 0.252466 0.219995 0.261991 0.323149 0.266246 0.208312 0.197920 0.285065 0.229788 0.277251 0.257454 0.193383 0.255833 0.237771 0.222052 0.194521 0.195033 0.162896 0.195323 0.326131 0.216178 0.261710 0.277831 0.238002 0.237148 0.160152 0.176010 0.129743 0.196924 0.179345 
0.304643 0.251777 0.231820 0.188915 0.368047 0.334284 0.379086 0.133797 0.252059 0.140490 0.154470 0.211816 0.086228 0.168030 0.000000 0.183655 0.182832 0.218512 0.187696 0.330273 0.408374 0.443277 0.388127 0.463233 0.370617 0.395834 0.371001 0.404672 0.357050 0.338243 0.352104 0.380738 0.353073 0.373588 0.394205 0.309129 0.397065 0.354785 0.150888 0.125810 0.221717 0.137078 0.208424 0.216579 0.114273 0.114967 0.122682 0.237863 0.216930 0.327242 0.247241 0.283769 0.220027 0.288944 0.241841 0.334006 0.432659 0.407135 0.472002 0.466059 0.487653 0.508262 0.333271 0.424490 0.483853 0.307529 0.281432 0.213305 0.269599 0.135199 0.143802 0.398613 0.385651 0.314490 0.355762 0.287673 0.312797 0.283616 0.289682 0.214247 0.627389 0.209257 0.587935 0.337614 0.310020 0.277109 0.363308 0.286823 0.422371 0.255470 0.494441 0.697008 0.290007 0.577292 0.480118 0.154701 0.182343 0.217995 0.214710 0.158672 0.197425 0.208752 0.171511 0.182167 0.177325 0.177343 0.202494 0.184691 0.198650 0.237604 0.223896 0.283372 0.213292 0.164435 0.176577 0.216198 0.241201 0.209486 0.163984 0.129958 0.127781 0.196461 0.218792 0.149439 0.136775 0.176449 0.183703 0.169750 0.188898 0.161146 0.216900 0.207183 0.180931 0.143640 0.226731 0.214858 0.188105 0.162320 0.198787 0.213087 0.190174 0.183308 0.194742 0.169290 0.176875 0.198664 0.169654 0.200346 0.328545 0.092041 0.196673 0.181576 0.469679 0.235423 0.387669 0.177862 0.153026 0.248471 0.114774 0.147179 0.134875 0.173446 0.279145 0.128393 0.160103 0.114290 0.159128 0.355525 0.413800 0.399796 0.424152 0.410395 0.303859 0.303110 0.233109 0.276353 0.278095 0.290457 0.306193 0.291436 0.209493 0.221719 0.322842 0.270700 0.304554 0.282306 0.207574 0.273560 0.278382 0.290878 0.288375 0.220050 0.234130 0.268275 0.263393 0.278320 0.242086 0.238983 0.201141 0.285960 0.240272 0.266900 0.237959 0.266546 0.248639 0.300035 0.242128 0.243267 0.289020 0.256494 0.225509 0.221798 0.294001 0.227643 0.170294 0.177662 0.236876 0.259201 0.241949 0.297738 0.239457 0.247363 0.232649 0.244297 0.203365 0.207346 0.180220 0.227040 0.351495 0.253026 0.278747 0.267246 0.217787 0.239081 0.181518 0.198325 0.155928 0.205641 0.172046 
0.242691 0.197707 0.154435 0.175333 0.307060 0.306408 0.344173 0.147173 0.157265 0.160408 0.179470 0.166294 0.194234 0.206983 0.183655 0.000000 0.142091 0.146557 0.138762 0.364229 0.448477 0.381943 0.425355 0.488814 0.414873 0.450148 0.365979 0.448258 0.402974 0.360352 0.381032 0.399150 0.392981 0.424882 0.430568 0.351845 0.429816 0.400601 0.203730 0.176457 0.266770 0.214641 0.251009 0.255602 0.225390 0.201554 0.167864 0.270486 0.217412 0.353733 0.278368 0.274526 0.215058 0.273204 0.237435 0.291056 0.389170 0.411114 0.448358 0.439510 0.433305 0.499093 0.307893 0.398363 0.461045 0.263840 0.235820 0.168849 0.197661 0.133423 0.174448 0.335225 0.340220 0.273633 0.305222 0.258445 0.277418 0.263538 0.253477 0.242319 0.536300 0.208136 0.487960 0.286840 0.294633 0.284640 0.302028 0.279366 0.374337 0.290050 0.441227 0.681044 0.274810 0.539889 0.416532 0.190952 0.200435 0.298406 0.259495 0.265213 0.243752 0.241416 0.241965 0.264094 0.210551 0.254787 0.316635 0.286982 0.224819 0.329144 0.178908 0.248941 0.208391 0.170557 0.185852 0.172153 0.174513 0.164751 0.172457 0.167263 0.160865 0.178674 0.215007 0.181370 0.190429 0.163727 0.184331 0.183830 0.224789 0.172341 0.183536 0.179671 0.168815 0.139748 0.193534 0.218356 0.165383 0.155659 0.231804 0.215981 0.167368 0.174361 0.152026 0.203013 0.152355 0.199538 0.222145 0.178770 0.305876 0.144033 0.308723 0.158273 0.391438 0.386521 0.384477 0.215951 0.167218 0.280993 0.191841 0.131522 0.174984 0.115971 0.221545 0.159183 0.226722 0.197407 0.263193 0.319707 0.380494 0.374323 0.389824 0.392857 0.272630 0.257557 0.258182 0.292485 0.279113 0.269102 0.286826 0.265604 0.154351 0.211486 0.316602 0.313514 0.265858 0.190433 0.179483 0.246332 0.226400 0.232351 0.210288 0.231221 0.214958 0.202867 0.218001 0.241960 0.174400 0.248264 0.129851 0.201166 0.210736 0.197289 0.206006 0.217703 0.185136 0.267371 0.199239 0.232417 0.212420 0.214818 0.199655 0.158609 0.201288 0.163432 0.189473 0.171769 0.216431 0.227434 0.234067 0.264162 0.189578 0.219247 0.188849 0.254131 0.187559 0.195500 0.162208 0.263186 0.301512 0.263198 0.227933 0.181646 0.203406 0.227685 0.201336 0.180451 0.202557 0.257644 0.233348 
0.236639 0.202417 0.170475 0.208718 0.325550 0.329112 0.354488 0.135004 0.145388 0.144522 0.155599 0.158128 0.204371 0.224412 0.182832 0.142091 0.000000 0.124773 0.100983 0.365779 0.448664 0.419113 0.426489 0.485585 0.415855 0.450052 0.381223 0.449163 0.408531 0.373315 0.377896 0.406961 0.400740 0.423483 0.434031 0.342093 0.428128 0.390179 0.230036 0.207860 0.274022 0.214592 0.266784 0.273536 0.249483 0.228976 0.198350 0.259040 0.202529 0.340622 0.268514 0.266721 0.215945 0.213754 0.185421 0.315912 0.402071 0.399313 0.463312 0.466282 0.454794 0.521517 0.323195 0.395130 0.478005 0.236608 0.252041 0.165520 0.177966 0.134583 0.194112 0.323326 0.355799 0.275526 0.327030 0.265336 0.276283 0.245231 0.250592 0.254398 0.493957 0.116007 0.467772 0.229008 0.273594 0.214213 0.237914 0.296509 0.358173 0.243910 0.430382 0.609537 0.247349 0.527107 0.380503 0.176084 0.205513 0.304078 0.279829 0.261918 0.264733 0.254715 0.264581 0.285484 0.227521 0.258909 0.321219 0.292083 0.212347 0.344444 0.183250 0.243272 0.228998 0.202939 0.226606 0.189551 0.189903 0.170165 0.185647 0.193630 0.191932 0.177350 0.203134 0.187981 0.207977 0.199141 0.198545 0.183434 0.215039 0.198285 0.195261 0.205872 0.178435 0.157616 0.210045 0.226238 0.200749 0.168394 0.224416 0.214926 0.182192 0.169994 0.194267 0.196662 0.153333 0.196273 0.237281 0.190000 0.310075 0.183334 0.331125 0.237655 0.397548 0.381745 0.401558 0.231788 0.197215 0.277922 0.214771 0.162677 0.175903 0.144957 0.217413 0.190686 0.273510 0.215932 0.277988 0.325844 0.387683 0.380640 0.386692 0.403764 0.263022 0.251212 0.233632 0.271205 0.248055 0.264761 0.279353 0.294180 0.128784 0.175197 0.374666 0.323809 0.247033 0.225537 0.160348 0.252855 0.196500 0.195768 0.173381 0.218386 0.214139 0.191882 0.207674 0.228796 0.171238 0.246791 0.186428 0.203329 0.209541 0.210120 0.168877 0.200573 0.170931 0.238319 0.197141 0.202591 0.170875 0.155659 0.222439 0.136814 0.172185 0.133839 0.200709 0.216668 0.220314 0.265222 0.203935 0.225430 0.181503 0.244648 0.249093 0.243453 0.201421 0.200855 0.148221 0.244038 0.257842 0.225019 0.194711 0.214834 0.188068 0.164668 0.176458 0.154135 0.198161 0.253931 0.214178 
0.244108 0.240042 0.163456 0.190480 0.338546 0.339492 0.333256 0.150594 0.083728 0.164396 0.157059 0.106840 0.212505 0.256385 0.218512 0.146557 0.124773 0.000000 0.126706 0.413172 0.477126 0.445464 0.464146 0.517515 0.468595 0.471466 0.423931 0.466670 0.461332 0.430965 0.402077 0.427177 0.420167 0.456946 0.468935 0.383489 0.455457 0.421510 0.263110 0.237403 0.290603 0.257781 0.296988 0.291575 0.284986 0.247377 0.215306 0.277920 0.259146 0.382728 0.285012 0.298053 0.268392 0.269322 0.231853 0.359648 0.435501 0.461188 0.484223 0.475028 0.474654 0.532517 0.349865 0.422643 0.509636 0.287579 0.252198 0.228707 0.196956 0.166055 0.167550 0.397097 0.392347 0.301674 0.334472 0.291614 0.325472 0.301633 0.306473 0.272811 0.501993 0.168500 0.501093 0.252438 0.297227 0.268875 0.273641 0.311720 0.380952 0.293018 0.466145 0.659219 0.296501 0.518685 0.424718 0.201775 0.239261 0.324084 0.318374 0.302420 0.296285 0.300213 0.287552 0.318659 0.260156 0.295991 0.355345 0.335202 0.243789 0.366165 0.229678 0.300880 0.266773 0.200886 0.235317 0.203355 0.215322 0.216805 0.199691 0.218461 0.215222 0.170952 0.238559 0.202422 0.232803 0.203954 0.238223 0.243507 0.270552 0.244393 0.222789 0.186881 0.212334 0.192055 0.215590 0.261020 0.204851 0.208083 0.250128 0.256451 0.210049 0.206019 0.233488 0.240681 0.180956 0.246778 0.249101 0.237544 0.337674 0.187814 0.368744 0.249557 0.414269 0.386196 0.445441 0.271394 0.195279 0.263067 0.244264 0.173489 0.204973 0.144824 0.246602 0.197296 0.295549 0.233096 0.309072 0.365203 0.424644 0.415807 0.446066 0.463198 0.319476 0.294041 0.290282 0.333071 0.300694 0.302384 0.332130 0.343266 0.196459 0.234416 0.372272 0.300049 0.306058 0.237388 0.202962 0.298918 0.259931 0.224982 0.219706 0.270046 0.246149 0.211523 0.218407 0.274939 0.204652 0.266949 0.182432 0.211662 0.268623 0.233461 0.216233 0.235744 0.228957 0.262353 0.232025 0.247974 0.219512 0.175145 0.252593 0.153077 0.170327 0.166017 0.214961 0.231663 0.201445 0.288826 0.250926 0.264968 0.234336 0.208886 0.252837 0.296191 0.217209 0.228814 0.216678 0.291041 0.294996 0.251998 0.254223 0.178115 0.217645 0.190716 0.208121 0.206154 0.242695 0.301681 0.269111 
