240 240
0.000000 0.194093 0.212618 0.278792 0.308222 0.293966 0.332342 0.299859 0.285625 0.271772 0.258371 0.240048 0.264113 0.421846 0.220228 0.387291 0.382180 0.486513 0.526988 0.523432 0.510889 0.457195 0.485656 0.470359 0.465167 0.459406 0.487992 0.467670 0.549170 0.443243 0.432240 0.508779 0.489850 0.459311 0.513223 0.382790 0.345758 0.310839 0.317849 0.345807 0.317598 0.455916 0.344039 0.338720 0.336508 0.394737 0.334957 0.348606 0.548403 0.471004 0.463689 0.516265 0.488893 0.294595 0.419409 0.459143 0.485656 0.372031 0.446611 0.498360 0.197116 0.236961 0.216218 0.226081 0.244121 0.274152 0.405834 0.365659 0.408099 0.435727 0.253597 0.331151 0.316346 0.234173 0.671937 0.386843 0.442542 0.409944 0.394014 0.447668 0.521689 0.375268 0.596613 0.416305 0.675654 0.544410 0.545209 0.325985 0.268723 0.283181 0.277705 0.368633 0.352011 0.304813 0.358925 0.349035 0.360940 0.360745 0.317575 0.399696 0.279837 0.231979 0.308932 0.230782 0.246278 0.227112 0.218895 0.168840 0.223337 0.224373 0.330182 0.341529 0.367053 0.301011 0.374177 0.310549 0.366175 0.377245 0.321321 0.335226 0.377141 0.350160 0.325160 0.302078 0.360209 0.407478 0.352972 0.307572 0.335389 0.369334 0.351414 0.331381 0.302668 0.372783 0.257788 0.408935 0.280428 0.323274 0.323723 0.293930 0.319523 0.487555 0.486744 0.440826 0.312278 0.273939 0.429232 0.293500 0.296610 0.316326 0.483467 0.434306 0.375880 0.310465 0.286894 0.250741 0.316053 0.387505 0.416968 0.239246 0.356298 0.274545 0.321402 0.423795 0.292243 0.386704 0.429590 0.432230 0.398979 0.459285 0.287230 0.411116 0.300179 0.338439 0.317609 0.304989 0.325708 0.288916 0.343200 0.303873 0.222849 0.215287 0.280131 0.214879 0.252102 0.291206 0.243148 0.218698 0.230061 0.218363 0.209038 0.272025 0.202047 0.239621 0.227228 0.196195 0.226554 0.190295 0.218697 0.253546 0.254391 0.393140 0.251904 0.295512 0.293257 0.307547 0.260385 0.234212 0.252745 0.282994 0.263403 0.246812 0.203621 0.230964 0.295703 0.285398 0.286804 0.276896 0.331188 0.272318 0.290642 0.330777 0.414187 0.281927 0.189433 0.195936 0.243713 0.335139 0.373307 0.350858 0.231021 0.256164 0.210389 0.284083 0.324484 0.263548 0.251388 0.221290 0.348186 0.389407 
0.194093 0.000000 0.150716 0.249775 0.287015 0.272192 0.288880 0.229977 0.278045 0.232759 0.227399 0.261048 0.268207 0.399726 0.210774 0.365554 0.348764 0.517708 0.504313 0.570510 0.466434 0.426547 0.434936 0.450159 0.478593 0.529275 0.453514 0.479598 0.509416 0.437290 0.400566 0.516254 0.464844 0.415504 0.522709 0.285144 0.242863 0.294972 0.355207 0.357262 0.292491 0.383487 0.341686 0.360179 0.290270 0.324024 0.332524 0.336036 0.497634 0.456449 0.413455 0.496246 0.493927 0.272000 0.436774 0.361734 0.479842 0.264414 0.450822 0.445316 0.143621 0.215721 0.167894 0.248816 0.254272 0.236487 0.373393 0.326385 0.341284 0.375175 0.268834 0.244266 0.205076 0.227764 0.662428 0.397020 0.406516 0.351899 0.385090 0.428349 0.474370 0.340175 0.572060 0.383011 0.636816 0.483166 0.519808 0.276428 0.241610 0.315571 0.300920 0.289722 0.281973 0.277169 0.297843 0.271713 0.309736 0.317671 0.315392 0.304781 0.287728 0.145839 0.252017 0.173049 0.169341 0.179780 0.178808 0.158859 0.194971 0.190234 0.278261 0.309780 0.328135 0.285487 0.322057 0.277183 0.278964 0.319100 0.254475 0.222572 0.289396 0.337184 0.270300 0.238806 0.343701 0.377966 0.325678 0.249232 0.305591 0.304252 0.284880 0.282587 0.263411 0.309066 0.291543 0.393809 0.253578 0.286877 0.325976 0.268786 0.292565 0.441210 0.484068 0.435986 0.273425 0.233646 0.463364 0.263805 0.294474 0.279663 0.471934 0.380104 0.419452 0.286051 0.240525 0.180698 0.267615 0.366171 0.389884 0.210025 0.321106 0.247788 0.276132 0.389122 0.260081 0.316176 0.352064 0.379876 0.356582 0.351587 0.254022 0.398520 0.231739 0.250673 0.271141 0.225726 0.258651 0.208096 0.252619 0.229174 0.168736 0.186947 0.232983 0.211681 0.243675 0.212060 0.224780 0.138396 0.183024 0.183673 0.215342 0.228546 0.170966 0.169212 0.247636 0.123661 0.178162 0.168955 0.174764 0.199987 0.215331 0.352666 0.219076 0.206356 0.224006 0.306540 0.242637 0.227968 0.254742 0.232036 0.210796 0.217542 0.167418 0.236329 0.189124 0.175258 0.240703 0.192967 0.264245 0.252261 0.240482 0.283308 0.339514 0.218757 0.164040 0.180420 0.205545 0.302512 0.357731 0.300963 0.211198 0.174873 0.197729 0.238548 0.258726 0.239203 0.249508 0.208261 0.339361 0.345185 
0.212618 0.150716 0.000000 0.261584 0.284444 0.233884 0.244696 0.212814 0.254826 0.201415 0.230500 0.234890 0.205577 0.400898 0.223482 0.343725 0.344551 0.533371 0.523263 0.588699 0.483287 0.447410 0.454481 0.472229 0.503263 0.571407 0.473563 0.498098 0.528356 0.480546 0.419253 0.532849 0.481271 0.432227 0.539015 0.312084 0.233114 0.281966 0.316532 0.322798 0.308748 0.423278 0.364105 0.406026 0.311315 0.338959 0.308713 0.354621 0.475206 0.449169 0.410349 0.525992 0.480034 0.285199 0.425896 0.404701 0.464351 0.318926 0.439800 0.452926 0.160611 0.219769 0.180964 0.192467 0.210207 0.177979 0.406141 0.317316 0.374709 0.398095 0.235409 0.281370 0.247690 0.172554 0.683535 0.407703 0.383710 0.369005 0.378764 0.424423 0.454158 0.322598 0.551847 0.378385 0.605024 0.489470 0.554396 0.271341 0.274679 0.296719 0.287959 0.302906 0.257841 0.283582 0.295364 0.282808 0.291878 0.300363 0.313339 0.287399 0.316178 0.168400 0.240461 0.164996 0.167406 0.140514 0.176098 0.134971 0.202706 0.171756 0.272630 0.287012 0.246631 0.304880 0.344113 0.280049 0.233261 0.307815 0.250758 0.272865 0.285851 0.357225 0.286055 0.230088 0.353686 0.367197 0.323394 0.271612 0.315510 0.314296 0.314382 0.306868 0.286461 0.313137 0.294600 0.368178 0.221997 0.244704 0.285060 0.249293 0.261274 0.378499 0.501064 0.373329 0.224308 0.217270 0.410898 0.229545 0.248992 0.204098 0.433268 0.322356 0.391826 0.232778 0.186931 0.152153 0.203177 0.322845 0.303006 0.177149 0.266314 0.209187 0.212717 0.359322 0.219401 0.343642 0.389926 0.410717 0.371994 0.397863 0.219356 0.355577 0.270550 0.319427 0.284062 0.204062 0.236958 0.222265 0.278806 0.250445 0.189372 0.218407 0.236692 0.196683 0.222875 0.246113 0.231811 0.190080 0.165831 0.173161 0.217382 0.200174 0.156647 0.171951 0.255760 0.133050 0.177754 0.190989 0.157020 0.194431 0.191046 0.322870 0.197864 0.198974 0.271904 0.311554 0.201961 0.171543 0.262673 0.174781 0.199781 0.145669 0.138332 0.244776 0.146647 0.195900 0.171496 0.212719 0.219573 0.232903 0.209515 0.264328 0.320659 0.252976 0.133142 0.183408 0.207173 0.286477 0.344647 0.290796 0.235302 0.235283 0.210602 0.224740 0.251545 0.204371 0.235457 0.235259 0.313107 0.261025 
0.278792 0.249775 0.261584 0.000000 0.182970 0.197286 0.174337 0.171852 0.260057 0.229803 0.166751 0.250810 0.221590 0.258547 0.180924 0.248109 0.204180 0.421219 0.409106 0.465282 0.391747 0.328613 0.386787 0.345351 0.380247 0.445070 0.357075 0.389410 0.404037 0.371012 0.328871 0.402662 0.366577 0.339001 0.408872 0.259484 0.242305 0.298598 0.268959 0.235776 0.193415 0.280089 0.222379 0.231424 0.199346 0.188831 0.166158 0.263007 0.508589 0.369275 0.442540 0.509070 0.460256 0.278606 0.430478 0.381237 0.469203 0.256872 0.375596 0.435059 0.152832 0.162187 0.183998 0.231950 0.220409 0.232238 0.294709 0.307078 0.303435 0.321505 0.239230 0.234167 0.180796 0.267070 0.508108 0.201429 0.224827 0.174371 0.234056 0.245626 0.320427 0.196133 0.400945 0.159480 0.548750 0.348513 0.373720 0.175637 0.241443 0.311067 0.259345 0.279475 0.292802 0.295809 0.279011 0.318835 0.284373 0.313774 0.329645 0.327212 0.278934 0.237714 0.211807 0.186528 0.221454 0.222514 0.212441 0.246473 0.182952 0.240090 0.230087 0.273101 0.268995 0.254181 0.281294 0.245051 0.247346 0.268071 0.205721 0.231404 0.246429 0.295889 0.201185 0.210513 0.311230 0.316767 0.288509 0.237183 0.264152 0.261152 0.234260 0.227439 0.188899 0.268764 0.273935 0.230365 0.175435 0.211486 0.256330 0.239691 0.211731 0.443521 0.343096 0.395955 0.196054 0.237940 0.362994 0.218146 0.190451 0.192189 0.298552 0.344933 0.369405 0.293808 0.165534 0.201045 0.208287 0.288994 0.341761 0.227611 0.351144 0.257370 0.346234 0.369440 0.174439 0.282736 0.367109 0.342462 0.366137 0.364733 0.177218 0.255562 0.213132 0.245438 0.226892 0.178674 0.214708 0.172338 0.223228 0.258115 0.170340 0.202572 0.217418 0.158174 0.237596 0.167181 0.206836 0.207668 0.213442 0.202999 0.159809 0.216740 0.248788 0.230688 0.217152 0.206401 0.190134 0.189481 0.268756 0.192570 0.178374 0.270748 0.177260 0.178999 0.184342 0.330738 0.208231 0.276173 0.204426 0.245657 0.196451 0.214672 0.212987 0.276964 0.258361 0.234750 0.297245 0.274720 0.198387 0.197954 0.192227 0.205667 0.226416 0.207800 0.245762 0.234775 0.158588 0.216733 0.233208 0.175009 0.235232 0.184070 0.266108 0.226267 0.193818 0.205863 0.218457 0.256581 0.275943 0.311542 
0.308222 0.287015 0.284444 0.182970 0.000000 0.113060 0.154216 0.157631 0.206961 0.159747 0.168794 0.211683 0.220688 0.313139 0.200534 0.241082 0.275230 0.449449 0.429297 0.498144 0.429515 0.373816 0.375169 0.372075 0.395123 0.483998 0.385316 0.435362 0.441517 0.394433 0.357510 0.445417 0.412744 0.382067 0.468583 0.276867 0.202004 0.254081 0.267895 0.257336 0.273004 0.387558 0.284681 0.294463 0.240892 0.300783 0.242999 0.337561 0.617668 0.466480 0.556206 0.633953 0.566525 0.256927 0.533704 0.479222 0.523143 0.371161 0.461961 0.546326 0.206881 0.237291 0.198547 0.199412 0.142127 0.197024 0.410387 0.400908 0.385088 0.416192 0.308288 0.353113 0.302998 0.335910 0.663464 0.304567 0.299412 0.251847 0.360116 0.266871 0.432658 0.304117 0.525620 0.290494 0.655939 0.410060 0.483856 0.161654 0.229095 0.308434 0.223047 0.285476 0.290343 0.255865 0.222275 0.314588 0.272647 0.302552 0.280620 0.325962 0.231636 0.294218 0.278860 0.247311 0.249803 0.212993 0.205851 0.214297 0.191527 0.220151 0.172685 0.215939 0.193537 0.182660 0.263141 0.223543 0.229379 0.216650 0.172246 0.214145 0.234325 0.201278 0.183658 0.174818 0.218823 0.208050 0.174538 0.193057 0.217030 0.246271 0.225922 0.178744 0.137375 0.237132 0.257432 0.309405 0.184222 0.197014 0.363642 0.171187 0.320225 0.314359 0.437704 0.409485 0.150641 0.229529 0.462756 0.215235 0.230938 0.227498 0.392541 0.283069 0.275020 0.201492 0.187023 0.239999 0.163465 0.287731 0.273621 0.223441 0.256817 0.225465 0.317553 0.254538 0.197958 0.379188 0.473841 0.425941 0.468850 0.477692 0.270863 0.323414 0.328681 0.359643 0.300952 0.270474 0.319536 0.304679 0.340915 0.346013 0.171898 0.136450 0.332054 0.194912 0.309509 0.258384 0.274785 0.268398 0.269973 0.237797 0.234761 0.300572 0.245943 0.288144 0.201443 0.233651 0.252072 0.267636 0.272956 0.251142 0.245668 0.317916 0.240632 0.271775 0.275480 0.237239 0.145165 0.262411 0.232436 0.198577 0.178313 0.188155 0.224408 0.295728 0.274317 0.267270 0.241671 0.313199 0.280585 0.309176 0.287754 0.314022 0.330426 0.285577 0.223457 0.216858 0.166300 0.233902 0.350312 0.270786 0.261335 0.278924 0.277991 0.166438 0.219528 0.258037 0.152974 0.264473 0.193562 0.255906 
0.293966 0.272192 0.233884 0.197286 0.113060 0.000000 0.112202 0.167873 0.234735 0.174059 0.159391 0.182145 0.217058 0.270750 0.160217 0.198434 0.251884 0.421459 0.392669 0.470961 0.374926 0.354577 0.321558 0.347793 0.380147 0.469724 0.365246 0.398694 0.414214 0.364326 0.314613 0.406550 0.374104 0.327972 0.429720 0.235287 0.190985 0.177733 0.224048 0.227698 0.240529 0.347400 0.244091 0.261074 0.200500 0.259095 0.192845 0.293930 0.574589 0.423777 0.514842 0.608842 0.513063 0.188837 0.491792 0.452167 0.482476 0.349222 0.433875 0.515554 0.195616 0.238264 0.189131 0.173529 0.199262 0.131479 0.408078 0.374357 0.357053 0.412645 0.285585 0.327184 0.293054 0.274289 0.662599 0.299700 0.280624 0.252851 0.344638 0.255847 0.415344 0.237484 0.505584 0.267730 0.628826 0.414302 0.478069 0.136079 0.201813 0.268194 0.191041 0.240667 0.229778 0.211505 0.199949 0.245942 0.213441 0.238610 0.224968 0.262472 0.192538 0.258074 0.251481 0.224920 0.216013 0.182765 0.200534 0.205024 0.219863 0.174668 0.173403 0.200583 0.150622 0.184198 0.250232 0.220112 0.185657 0.217703 0.174835 0.192184 0.207201 0.223685 0.181313 0.163568 0.236045 0.223029 0.223240 0.179634 0.210746 0.239200 0.230641 0.168218 0.130524 0.224247 0.241369 0.273200 0.190461 0.163038 0.332200 0.163364 0.272197 0.309897 0.471675 0.376073 0.130129 0.180434 0.409556 0.182252 0.225717 0.198521 0.359489 0.269293 0.325561 0.171279 0.191011 0.234401 0.136505 0.277631 0.223528 0.195383 0.235793 0.194328 0.274747 0.301969 0.196836 0.368217 0.452268 0.416213 0.451992 0.460333 0.235212 0.277922 0.321360 0.368685 0.272227 0.261758 0.279740 0.290698 0.325063 0.308162 0.201282 0.154958 0.294356 0.193332 0.250172 0.275791 0.257049 0.263794 0.220291 0.215845 0.240763 0.242472 0.204705 0.256165 0.236975 0.216848 0.226360 0.257566 0.195252 0.247432 0.220137 0.273616 0.210648 0.246854 0.295345 0.291698 0.169228 0.244881 0.252652 0.185383 0.210429 0.144257 0.239075 0.293635 0.253952 0.295585 0.259567 0.337502 0.260932 0.265604 0.253964 0.278908 0.286157 0.240590 0.178075 0.190695 0.149779 0.197869 0.325200 0.233642 0.237885 0.289310 0.278488 0.148217 0.225381 0.236372 0.186531 0.260785 0.230499 0.208907 
0.332342 0.288880 0.244696 0.174337 0.154216 0.112202 0.000000 0.160065 0.260680 0.205838 0.172153 0.249024 0.211217 0.258478 0.161545 0.221430 0.237641 0.428647 0.406920 0.482804 0.386641 0.325611 0.369746 0.352075 0.372816 0.477854 0.360402 0.401525 0.400685 0.402820 0.325196 0.425841 0.380816 0.345756 0.430498 0.216236 0.170282 0.246590 0.229780 0.191577 0.226091 0.329001 0.219928 0.268980 0.230514 0.222498 0.196466 0.338372 0.577450 0.439290 0.516175 0.614896 0.535597 0.223446 0.512455 0.440347 0.531926 0.340400 0.450374 0.516512 0.203604 0.205877 0.218339 0.260458 0.242022 0.207168 0.397631 0.386646 0.380875 0.383385 0.293576 0.318386 0.250001 0.287358 0.615091 0.303747 0.233736 0.241528 0.320415 0.237639 0.346398 0.237495 0.441877 0.230252 0.569719 0.324759 0.438356 0.078987 0.244624 0.295017 0.268972 0.245989 0.261871 0.250569 0.237740 0.264325 0.247327 0.280675 0.287043 0.280813 0.281091 0.264362 0.251856 0.205666 0.200361 0.206818 0.200814 0.267815 0.202479 0.196171 0.184585 0.203294 0.189999 0.206136 0.218785 0.203849 0.166887 0.214980 0.158460 0.193038 0.164926 0.242065 0.156386 0.172094 0.256073 0.243106 0.241515 0.184512 0.205218 0.222664 0.182173 0.184080 0.144611 0.189429 0.273411 0.305929 0.196890 0.164601 0.350518 0.231262 0.282190 0.394331 0.436217 0.340229 0.134247 0.211305 0.433546 0.205155 0.251697 0.191507 0.329478 0.306667 0.353121 0.252089 0.182591 0.232710 0.156601 0.240742 0.267414 0.245611 0.318839 0.237916 0.302630 0.316269 0.181727 0.357534 0.434254 0.423537 0.445289 0.447878 0.185789 0.276348 0.322333 0.352775 0.290984 0.225542 0.275526 0.268150 0.312101 0.306073 0.196464 0.211261 0.291908 0.176112 0.245854 0.227583 0.219223 0.236510 0.226508 0.205089 0.245596 0.242646 0.237982 0.223376 0.276556 0.210334 0.229887 0.255896 0.219003 0.238948 0.206503 0.236099 0.186735 0.184115 0.229402 0.324554 0.193613 0.276912 0.218171 0.187517 0.180694 0.199859 0.250924 0.302170 0.258714 0.255285 0.286631 0.307063 0.211673 0.270531 0.204229 0.252434 0.229341 0.246428 0.219451 0.246126 0.185631 0.245178 0.310901 0.191878 0.238575 0.280893 0.264790 0.196553 0.203497 0.219265 0.206632 0.283706 0.249985 0.244156 
0.299859 0.229977 0.212814 0.171852 0.157631 0.167873 0.160065 0.000000 0.197113 0.174327 0.153730 0.198532 0.166720 0.302055 0.206148 0.280981 0.257727 0.469484 0.457121 0.524215 0.430884 0.385719 0.406235 0.393439 0.420116 0.504324 0.403101 0.436807 0.446192 0.420990 0.353856 0.455172 0.408705 0.379334 0.461289 0.227762 0.164034 0.223600 0.263360 0.250065 0.224589 0.349343 0.249683 0.277375 0.257045 0.268771 0.263283 0.360878 0.613350 0.473971 0.542536 0.621127 0.570172 0.243578 0.548878 0.481031 0.565822 0.346319 0.468288 0.544046 0.191332 0.257913 0.187689 0.197753 0.189773 0.184276 0.391473 0.413445 0.405161 0.383539 0.322778 0.333426 0.279431 0.330563 0.637248 0.313864 0.276059 0.248174 0.356978 0.286686 0.449559 0.279491 0.531420 0.282509 0.628002 0.401156 0.492129 0.148508 0.208340 0.272937 0.249221 0.258453 0.230689 0.256340 0.248010 0.250505 0.249827 0.270074 0.271916 0.249589 0.245215 0.264631 0.238248 0.242729 0.228534 0.210234 0.206175 0.184385 0.197950 0.227085 0.128229 0.156666 0.169328 0.174126 0.183439 0.162478 0.144336 0.173744 0.115290 0.157889 0.171772 0.209976 0.145498 0.122357 0.219689 0.242899 0.201127 0.151806 0.172197 0.180719 0.186823 0.167390 0.150741 0.170008 0.208957 0.341675 0.175134 0.226584 0.376747 0.161936 0.315738 0.339248 0.457446 0.313540 0.131994 0.186639 0.478627 0.213457 0.238145 0.201338 0.398715 0.261283 0.268053 0.204761 0.153573 0.160118 0.131626 0.276637 0.278007 0.184564 0.283632 0.194114 0.253930 0.252150 0.181798 0.375031 0.450634 0.443527 0.469054 0.457207 0.268151 0.333232 0.308238 0.331411 0.312593 0.239436 0.291033 0.273955 0.312564 0.339648 0.169334 0.201929 0.306355 0.196999 0.299298 0.217158 0.273713 0.241055 0.259922 0.238402 0.235815 0.302707 0.238911 0.263811 0.280255 0.202524 0.232358 0.243671 0.254932 0.227736 0.260793 0.332378 0.243896 0.250207 0.232639 0.215912 0.147320 0.175220 0.182841 0.162119 0.139123 0.180087 0.181598 0.257924 0.164124 0.178151 0.225851 0.223058 0.255263 0.303177 0.252170 0.297808 0.277777 0.252825 0.215367 0.234223 0.189032 0.266921 0.358132 0.239058 0.237753 0.222123 0.212042 0.181976 0.170624 0.235384 0.165381 0.232258 0.196418 0.216156 
0.285625 0.278045 0.254826 0.260057 0.206961 0.234735 0.260680 0.197113 0.000000 0.173117 0.163741 0.166241 0.095195 0.365789 0.223116 0.359742 0.310905 0.550740 0.536358 0.596518 0.531524 0.458641 0.477330 0.474904 0.494634 0.543501 0.497597 0.530227 0.549650 0.444907 0.441451 0.527399 0.493631 0.461796 0.550573 0.349203 0.312991 0.297103 0.376338 0.377889 0.322489 0.435228 0.343926 0.350592 0.280289 0.333584 0.286525 0.353110 0.640756 0.530036 0.549459 0.627174 0.558494 0.323570 0.526263 0.518781 0.526588 0.377450 0.468853 0.579819 0.266094 0.262387 0.210518 0.169372 0.135793 0.184267 0.443243 0.421328 0.400274 0.460186 0.333834 0.361527 0.346516 0.344802 0.619092 0.348517 0.376772 0.332649 0.356665 0.399651 0.469570 0.360659 0.566799 0.375426 0.652090 0.452927 0.515302 0.278215 0.276850 0.387179 0.290114 0.367376 0.350191 0.344611 0.337508 0.370389 0.347139 0.371376 0.333219 0.389654 0.269090 0.318868 0.333533 0.296155 0.295191 0.237254 0.236340 0.193675 0.251129 0.240140 0.244622 0.255238 0.253398 0.203021 0.286520 0.253581 0.290678 0.283143 0.240582 0.286467 0.321219 0.248500 0.259777 0.237294 0.235540 0.278167 0.213103 0.246981 0.247320 0.308905 0.310685 0.235506 0.241684 0.292228 0.308062 0.418598 0.233458 0.286281 0.406309 0.222519 0.378295 0.384109 0.516916 0.470685 0.254978 0.313221 0.513030 0.331379 0.247687 0.270163 0.452752 0.344242 0.294015 0.272793 0.232921 0.244927 0.235501 0.304588 0.287520 0.228844 0.307962 0.283127 0.361740 0.196109 0.224732 0.410784 0.477436 0.459068 0.467549 0.504183 0.275218 0.300443 0.349395 0.388349 0.310879 0.319265 0.368585 0.338890 0.368165 0.383712 0.221812 0.195478 0.341183 0.248029 0.348678 0.310783 0.253890 0.235840 0.313455 0.275887 0.243345 0.330270 0.205362 0.318859 0.204699 0.265410 0.306112 0.262237 0.236475 0.277333 0.278930 0.323329 0.270842 0.296199 0.262724 0.206263 0.213502 0.229069 0.176313 0.210199 0.251120 0.234847 0.183609 0.201070 0.245545 0.265595 0.248059 0.251059 0.266303 0.300454 0.294471 0.311974 0.344515 0.322539 0.243890 0.257234 0.221162 0.314684 0.351281 0.277370 0.224355 0.282375 0.204428 0.208708 0.273758 0.223528 0.164393 0.228869 0.202332 0.327554 
0.271772 0.232759 0.201415 0.229803 0.159747 0.174059 0.205838 0.174327 0.173117 0.000000 0.164288 0.143911 0.166008 0.340718 0.139023 0.310897 0.325725 0.502477 0.481642 0.551224 0.457052 0.411667 0.403874 0.431586 0.446460 0.505827 0.443497 0.478507 0.488738 0.399025 0.397744 0.488392 0.456260 0.402335 0.509182 0.301813 0.245548 0.227410 0.279199 0.285095 0.307848 0.408302 0.317578 0.315211 0.242416 0.315388 0.269176 0.308243 0.594992 0.469095 0.513742 0.592904 0.532396 0.247350 0.495819 0.450146 0.494500 0.351324 0.456952 0.550718 0.197906 0.227016 0.184969 0.175932 0.141757 0.154298 0.392903 0.383846 0.350357 0.422359 0.294545 0.318145 0.303714 0.313495 0.626326 0.334838 0.343625 0.333876 0.353602 0.324634 0.434967 0.338480 0.513399 0.322007 0.633048 0.453392 0.487156 0.220334 0.224923 0.328097 0.239322 0.288091 0.295396 0.268845 0.265955 0.294676 0.282640 0.313297 0.268659 0.319576 0.248005 0.261563 0.286287 0.250179 0.237263 0.192391 0.191982 0.130191 0.200333 0.189733 0.193083 0.201405 0.181411 0.200073 0.246416 0.205883 0.218205 0.206572 0.172742 0.216189 0.258117 0.203388 0.193816 0.159231 0.212800 0.244066 0.179577 0.178048 0.200811 0.262342 0.247286 0.189967 0.196492 0.227277 0.247747 0.353460 0.197658 0.205653 0.349941 0.160657 0.313854 0.343862 0.459153 0.425284 0.178852 0.253312 0.434344 0.241382 0.250156 0.191598 0.420694 0.313998 0.307164 0.211474 0.152520 0.203116 0.192623 0.251082 0.247181 0.178519 0.249632 0.221182 0.292634 0.259745 0.190039 0.363893 0.438292 0.404892 0.435520 0.449043 0.246274 0.307977 0.314624 0.361358 0.295242 0.296936 0.335457 0.319278 0.331252 0.302641 0.177153 0.152126 0.308994 0.207714 0.282310 0.266829 0.263771 0.243384 0.266712 0.244024 0.236534 0.279973 0.197490 0.285610 0.226354 0.218598 0.244576 0.231206 0.231540 0.253156 0.216562 0.301090 0.229993 0.268463 0.249708 0.241795 0.162586 0.202881 0.216678 0.169673 0.190911 0.183844 0.184872 0.229169 0.221190 0.244794 0.191461 0.247336 0.262479 0.283176 0.289352 0.304942 0.321810 0.294777 0.213208 0.224028 0.186935 0.304331 0.347984 0.300056 0.201494 0.265168 0.203693 0.174296 0.240678 0.263169 0.168050 0.231828 0.221407 0.246767 
0.258371 0.227399 0.230500 0.166751 0.168794 0.159391 0.172153 0.153730 0.163741 0.164288 0.000000 0.184692 0.142311 0.300840 0.181583 0.263375 0.243869 0.497669 0.478643 0.542917 0.459060 0.413268 0.415987 0.422598 0.451632 0.478877 0.448467 0.472439 0.487952 0.391406 0.380976 0.482344 0.438637 0.394596 0.496007 0.305324 0.240816 0.257221 0.293461 0.302152 0.288723 0.387114 0.303934 0.302387 0.240231 0.242962 0.209311 0.326636 0.588129 0.449016 0.523044 0.592672 0.528807 0.269863 0.519913 0.462032 0.513492 0.360865 0.446013 0.536558 0.186357 0.200613 0.185364 0.154430 0.183014 0.151304 0.404125 0.365701 0.346332 0.440330 0.295340 0.306855 0.272963 0.320346 0.571333 0.261794 0.315516 0.245900 0.274122 0.340903 0.413727 0.276847 0.495849 0.281572 0.616322 0.423962 0.442216 0.203227 0.225114 0.329518 0.248382 0.307883 0.285567 0.288871 0.277747 0.314450 0.282758 0.306338 0.302629 0.320084 0.232716 0.263006 0.272118 0.238130 0.255264 0.224099 0.206749 0.194929 0.211929 0.190511 0.206114 0.238008 0.215815 0.198069 0.231581 0.213329 0.234958 0.221375 0.186614 0.212486 0.243795 0.222748 0.201970 0.176818 0.236916 0.258705 0.226971 0.189633 0.199547 0.252107 0.242736 0.205388 0.188820 0.220898 0.260865 0.313198 0.172455 0.213716 0.343485 0.205265 0.304822 0.370802 0.455666 0.414511 0.182880 0.253502 0.444338 0.254113 0.213479 0.217740 0.361142 0.305847 0.307195 0.236819 0.180270 0.194992 0.197112 0.245752 0.265295 0.208030 0.302621 0.236517 0.303375 0.246611 0.181178 0.362832 0.437720 0.401155 0.434116 0.435713 0.230960 0.277581 0.293496 0.343804 0.280720 0.259946 0.301870 0.272379 0.312440 0.329177 0.139560 0.172154 0.278650 0.177614 0.283204 0.222588 0.219624 0.208354 0.242361 0.234585 0.215054 0.257002 0.191002 0.275352 0.230091 0.228187 0.235668 0.237551 0.186494 0.223037 0.190152 0.265154 0.220203 0.228652 0.200103 0.263574 0.170122 0.204973 0.143179 0.194593 0.192447 0.185874 0.151873 0.191198 0.226634 0.244528 0.241263 0.244740 0.211264 0.227088 0.247111 0.255229 0.271703 0.275340 0.223204 0.223566 0.163921 0.275229 0.294012 0.256170 0.218618 0.214551 0.238865 0.181832 0.215632 0.187847 0.163600 0.253940 0.218511 0.271019 
0.240048 0.261048 0.234890 0.250810 0.211683 0.182145 0.249024 0.198532 0.166241 0.143911 0.184692 0.000000 0.148730 0.377356 0.169532 0.332250 0.360323 0.508107 0.469706 0.539084 0.451403 0.399570 0.413521 0.436047 0.454142 0.471815 0.449357 0.470181 0.489225 0.376579 0.394799 0.481620 0.449488 0.413937 0.502074 0.321159 0.281491 0.236568 0.319145 0.325973 0.316653 0.404454 0.346247 0.322533 0.262025 0.364052 0.285000 0.311296 0.603452 0.487694 0.528597 0.585634 0.564670 0.236586 0.503859 0.476024 0.500291 0.381582 0.487359 0.554219 0.228738 0.271434 0.203662 0.136139 0.153763 0.192538 0.416721 0.408151 0.392923 0.459243 0.314465 0.346413 0.341700 0.315492 0.675848 0.352318 0.373613 0.355574 0.407431 0.354556 0.494327 0.340229 0.592880 0.361385 0.683333 0.506618 0.533006 0.257377 0.223131 0.337153 0.265505 0.317371 0.303725 0.263956 0.291853 0.315025 0.295399 0.320470 0.268259 0.334517 0.211064 0.277941 0.313892 0.284683 0.284958 0.217821 0.221837 0.167006 0.218970 0.225577 0.200635 0.192739 0.216871 0.159253 0.268170 0.204888 0.259849 0.257742 0.208135 0.241456 0.292268 0.223861 0.213210 0.198203 0.209167 0.281156 0.222361 0.221856 0.224733 0.293689 0.282998 0.205332 0.215647 0.279301 0.246706 0.374882 0.230591 0.284039 0.371793 0.185497 0.335216 0.393353 0.491321 0.456438 0.214102 0.260455 0.476386 0.275489 0.236934 0.242601 0.480702 0.353534 0.310690 0.253007 0.228840 0.258858 0.218237 0.332378 0.309601 0.207393 0.302917 0.247905 0.333661 0.276984 0.259342 0.410607 0.467465 0.436215 0.447707 0.494047 0.314878 0.351846 0.349868 0.385866 0.343444 0.346968 0.374489 0.352055 0.376732 0.335869 0.223903 0.183275 0.350390 0.271455 0.308496 0.327903 0.308139 0.284457 0.289265 0.274786 0.272911 0.324171 0.234630 0.304596 0.279062 0.255005 0.266340 0.265317 0.259871 0.269715 0.288689 0.361168 0.288543 0.329984 0.303133 0.202917 0.232516 0.204268 0.246230 0.242571 0.251550 0.231125 0.198159 0.177068 0.261047 0.302669 0.273399 0.269615 0.338242 0.325568 0.339142 0.372836 0.395936 0.319365 0.229850 0.233033 0.227232 0.327725 0.387365 0.344968 0.202835 0.283218 0.151333 0.191578 0.304191 0.304159 0.191963 0.177716 0.188265 0.302050 
0.264113 0.268207 0.205577 0.221590 0.220688 0.217058 0.211217 0.166720 0.095195 0.166008 0.142311 0.148730 0.000000 0.328082 0.187202 0.319736 0.295121 0.528287 0.519497 0.577791 0.515386 0.432287 0.478565 0.446877 0.474183 0.519877 0.467783 0.508174 0.524967 0.456119 0.425370 0.513327 0.472505 0.445423 0.524933 0.321738 0.285313 0.292134 0.324999 0.321256 0.307145 0.432992 0.319809 0.333876 0.298272 0.304471 0.259122 0.363319 0.628960 0.517407 0.544773 0.632668 0.561618 0.308887 0.527887 0.509400 0.534295 0.389426 0.476301 0.582294 0.255606 0.223004 0.220283 0.173867 0.137592 0.184400 0.444155 0.425765 0.418107 0.451804 0.323727 0.363252 0.338757 0.337769 0.583186 0.289723 0.341029 0.309743 0.317419 0.355076 0.440991 0.330855 0.538221 0.338325 0.605348 0.451070 0.493125 0.230008 0.260421 0.347743 0.293854 0.347211 0.327679 0.320057 0.326076 0.347554 0.321979 0.344636 0.336263 0.364728 0.266030 0.318623 0.333543 0.295563 0.295330 0.218898 0.221807 0.181877 0.239590 0.241435 0.220074 0.245060 0.240614 0.191265 0.268153 0.226157 0.260219 0.263713 0.216518 0.277160 0.303749 0.252208 0.238109 0.212135 0.242751 0.297358 0.230150 0.230661 0.227129 0.279210 0.287090 0.235923 0.227594 0.274646 0.268843 0.392638 0.204635 0.264508 0.371684 0.207509 0.346602 0.409833 0.472818 0.416354 0.202587 0.281437 0.491027 0.293784 0.223039 0.213268 0.414590 0.323851 0.291306 0.265644 0.189086 0.225233 0.199084 0.277337 0.281833 0.211467 0.324594 0.251686 0.332812 0.233599 0.186525 0.406886 0.480009 0.464644 0.466183 0.503446 0.264624 0.304756 0.355996 0.394435 0.330316 0.323130 0.370214 0.333776 0.371948 0.382914 0.216598 0.214264 0.344550 0.225828 0.334496 0.295822 0.253498 0.239570 0.299481 0.270800 0.236745 0.307603 0.228289 0.298229 0.240343 0.261004 0.300204 0.261716 0.239966 0.262436 0.256764 0.295198 0.259168 0.281169 0.253889 0.232441 0.216857 0.201651 0.165216 0.219068 0.217301 0.196697 0.170767 0.192558 0.238243 0.247852 0.255640 0.222447 0.237087 0.267936 0.270557 0.301116 0.317573 0.332754 0.236238 0.250996 0.239898 0.325056 0.337205 0.285923 0.223284 0.283146 0.197347 0.232185 0.245510 0.217209 0.205394 0.238554 0.178177 0.294495 
0.421846 0.399726 0.400898 0.258547 0.313139 0.270750 0.258478 0.302055 0.365789 0.340718 0.300840 0.377356 0.328082 0.000000 0.273779 0.175905 0.138418 0.403710 0.361705 0.435522 0.361899 0.330822 0.350875 0.293401 0.409614 0.453486 0.312530 0.380438 0.392067 0.338678 0.310292 0.373543 0.345700 0.322790 0.365352 0.347632 0.339163 0.349883 0.360952 0.364069 0.238327 0.277926 0.226742 0.184236 0.257333 0.249171 0.194718 0.272297 0.525501 0.360091 0.434285 0.539756 0.444977 0.306458 0.415575 0.385066 0.452042 0.286283 0.376613 0.439911 0.312449 0.296377 0.333099 0.382806 0.402358 0.342166 0.310269 0.317071 0.314266 0.294585 0.320842 0.254803 0.328633 0.393201 0.551598 0.250806 0.176777 0.234914 0.289923 0.195730 0.313987 0.204434 0.424799 0.207880 0.544701 0.295157 0.365676 0.280568 0.310360 0.377876 0.344385 0.314906 0.365712 0.320409 0.327233 0.370180 0.335789 0.380460 0.353949 0.403617 0.346135 0.364004 0.268795 0.324412 0.371099 0.356143 0.379994 0.373179 0.346381 0.331328 0.376787 0.382958 0.382214 0.377951 0.409005 0.379432 0.374255 0.414328 0.366117 0.368534 0.376943 0.419596 0.334467 0.342117 0.441644 0.460362 0.422265 0.347720 0.389991 0.434995 0.370812 0.357632 0.321395 0.394316 0.395030 0.222142 0.362582 0.263105 0.295321 0.343947 0.320974 0.526679 0.362725 0.534014 0.325789 0.330354 0.411846 0.302559 0.331408 0.344037 0.269247 0.474055 0.523327 0.382256 0.310286 0.380191 0.345927 0.412378 0.387770 0.364194 0.447449 0.350368 0.438747 0.475036 0.317661 0.304386 0.376182 0.360491 0.365523 0.367432 0.277788 0.336102 0.299100 0.313069 0.322097 0.323535 0.318831 0.314590 0.296128 0.316717 0.362619 0.334470 0.252626 0.303777 0.340560 0.314577 0.313063 0.337412 0.334674 0.347637 0.302999 0.276696 0.363326 0.402153 0.373236 0.350674 0.328236 0.301512 0.323519 0.319530 0.317950 0.374367 0.329732 0.336425 0.320549 0.442210 0.297598 0.410059 0.331964 0.369874 0.341607 0.305423 0.406768 0.425588 0.412188 0.413401 0.436133 0.455179 0.339075 0.309359 0.319668 0.271727 0.322584 0.332752 0.346324 0.345108 0.288378 0.215851 0.208619 0.244943 0.370462 0.313318 0.437387 0.349390 0.322073 0.313340 0.383292 0.391241 0.408260 0.385104 
0.220228 0.210774 0.223482 0.180924 0.200534 0.160217 0.161545 0.206148 0.223116 0.139023 0.181583 0.169532 0.187202 0.273779 0.000000 0.247665 0.271223 0.401547 0.399362 0.460297 0.363550 0.325017 0.342238 0.340012 0.367875 0.409606 0.341718 0.370859 0.409407 0.354513 0.331367 0.417667 0.382001 0.327297 0.415830 0.241955 0.226954 0.229639 0.214420 0.217213 0.212906 0.327599 0.225559 0.222312 0.205838 0.276968 0.207267 0.252914 0.494886 0.382461 0.429110 0.506317 0.449864 0.195562 0.404332 0.378866 0.445884 0.276232 0.406386 0.463083 0.152397 0.179145 0.145962 0.202133 0.198250 0.198582 0.315265 0.329243 0.310994 0.352076 0.243282 0.243922 0.262058 0.234042 0.578777 0.291326 0.274228 0.294950 0.331064 0.285909 0.370064 0.261285 0.476919 0.265723 0.583815 0.391233 0.435173 0.157638 0.179581 0.249139 0.224155 0.215163 0.242077 0.218757 0.234465 0.247987 0.233606 0.258281 0.257005 0.282577 0.223506 0.197744 0.247825 0.192213 0.203471 0.186879 0.192384 0.194720 0.169716 0.166681 0.217200 0.249230 0.244801 0.217138 0.256440 0.215689 0.233835 0.255200 0.192743 0.206145 0.240594 0.263812 0.188604 0.179749 0.279519 0.294751 0.260814 0.192011 0.234523 0.257485 0.221963 0.214659 0.176227 0.229768 0.237758 0.319176 0.213319 0.192740 0.291069 0.207253 0.253460 0.422674 0.434948 0.410540 0.212504 0.203570 0.395351 0.211970 0.219366 0.207283 0.390131 0.364831 0.385018 0.278939 0.190512 0.215795 0.212234 0.280705 0.302937 0.202885 0.320632 0.232891 0.309022 0.349344 0.189200 0.307428 0.366120 0.367521 0.362144 0.384900 0.211543 0.304282 0.264863 0.311761 0.278829 0.264506 0.290461 0.261464 0.291836 0.233117 0.199936 0.162075 0.242251 0.174844 0.194818 0.246001 0.227268 0.190842 0.199000 0.183666 0.190883 0.211393 0.194751 0.227875 0.205699 0.176249 0.207762 0.166624 0.194221 0.226605 0.216627 0.289023 0.206023 0.216013 0.237229 0.328059 0.225172 0.240572 0.217461 0.236268 0.205076 0.203410 0.216881 0.238875 0.278772 0.261502 0.296866 0.287533 0.265838 0.256038 0.255023 0.287296 0.310290 0.236551 0.187197 0.185909 0.183275 0.251765 0.292518 0.251042 0.142341 0.225465 0.211464 0.190193 0.251518 0.251213 0.215468 0.221263 0.259453 0.284393 
0.387291 0.365554 0.343725 0.248109 0.241082 0.198434 0.221430 0.280981 0.359742 0.310897 0.263375 0.332250 0.319736 0.175905 0.247665 0.000000 0.186549 0.360579 0.342979 0.424899 0.329022 0.310634 0.290019 0.254770 0.336994 0.437548 0.264187 0.345734 0.372389 0.353901 0.304090 0.382318 0.341970 0.281382 0.377779 0.297492 0.230714 0.251898 0.272100 0.277167 0.238059 0.328834 0.231010 0.222970 0.222424 0.274990 0.173156 0.293996 0.519336 0.397857 0.487795 0.604168 0.495855 0.264366 0.435491 0.435640 0.500403 0.325714 0.433430 0.455761 0.266094 0.254497 0.308299 0.327355 0.350515 0.285657 0.381676 0.347377 0.340341 0.389467 0.279578 0.309944 0.302573 0.303909 0.629764 0.305026 0.240670 0.280268 0.341566 0.236672 0.338735 0.214302 0.488542 0.255858 0.570472 0.353410 0.438317 0.237916 0.269657 0.285103 0.276121 0.253938 0.269270 0.227936 0.214753 0.321030 0.264826 0.288293 0.314822 0.313316 0.313678 0.323825 0.269629 0.293079 0.316148 0.314954 0.328242 0.328146 0.288817 0.286042 0.322168 0.335356 0.319569 0.327684 0.383423 0.355412 0.308348 0.353075 0.309648 0.326505 0.324364 0.378905 0.306585 0.299050 0.395432 0.400325 0.380570 0.307815 0.349909 0.394789 0.339737 0.318783 0.273929 0.344849 0.358597 0.219757 0.307511 0.198807 0.263975 0.281055 0.281780 0.418067 0.417631 0.448637 0.255943 0.226528 0.372553 0.223820 0.295501 0.286512 0.296312 0.377492 0.468340 0.299550 0.285678 0.355195 0.298183 0.372816 0.314972 0.311835 0.351195 0.256292 0.348936 0.422877 0.300645 0.329508 0.417563 0.383394 0.416006 0.426406 0.267318 0.334540 0.290946 0.333915 0.277404 0.282698 0.261231 0.279168 0.300468 0.286315 0.316630 0.292683 0.289570 0.258694 0.295868 0.293331 0.280976 0.308785 0.283124 0.291872 0.297506 0.261639 0.305400 0.337089 0.330718 0.301063 0.281602 0.296150 0.285887 0.280651 0.286412 0.349813 0.301596 0.294807 0.324428 0.417837 0.271006 0.367595 0.340022 0.309742 0.308347 0.260050 0.380562 0.417826 0.394094 0.393259 0.399595 0.446438 0.334371 0.305134 0.293346 0.274873 0.322834 0.290655 0.312870 0.276681 0.253227 0.164941 0.293148 0.232653 0.344584 0.313944 0.421014 0.301087 0.328913 0.311555 0.333833 0.375019 0.359535 0.305063 
0.382180 0.348764 0.344551 0.204180 0.275230 0.251884 0.237641 0.257727 0.310905 0.325725 0.243869 0.360323 0.295121 0.138418 0.271223 0.186549 0.000000 0.399398 0.370706 0.435795 0.368057 0.304630 0.356300 0.306987 0.383155 0.444418 0.331209 0.375734 0.383435 0.354717 0.305810 0.371694 0.328620 0.310172 0.375846 0.330006 0.295060 0.331744 0.333582 0.330210 0.211087 0.249903 0.192832 0.199316 0.207226 0.224809 0.184011 0.259804 0.511841 0.344351 0.432482 0.532408 0.414650 0.303809 0.404668 0.385631 0.462990 0.255983 0.360221 0.426812 0.258427 0.240208 0.289523 0.340417 0.337672 0.289789 0.270515 0.273146 0.263483 0.248927 0.266209 0.233535 0.242829 0.337884 0.535332 0.247839 0.175652 0.190981 0.252348 0.240634 0.310138 0.191880 0.396651 0.191257 0.510850 0.254637 0.356033 0.257824 0.298800 0.359924 0.322162 0.316091 0.336453 0.321834 0.304723 0.369952 0.330162 0.357490 0.372885 0.378026 0.360230 0.327851 0.228793 0.274813 0.303214 0.297738 0.312478 0.341313 0.295633 0.300213 0.336380 0.360546 0.343443 0.357698 0.388011 0.359099 0.336039 0.371818 0.318905 0.339828 0.329925 0.395469 0.313857 0.303976 0.416914 0.419986 0.398445 0.318679 0.364650 0.397884 0.343192 0.333519 0.290104 0.350137 0.381012 0.217811 0.295532 0.218224 0.289150 0.332437 0.298322 0.491538 0.338837 0.477729 0.291784 0.285308 0.391312 0.270116 0.308374 0.307337 0.255444 0.412190 0.481919 0.337778 0.273056 0.321422 0.294997 0.372842 0.385528 0.314144 0.399935 0.306749 0.376487 0.411018 0.282492 0.252904 0.336202 0.316149 0.334785 0.345475 0.237931 0.302399 0.226127 0.239116 0.239825 0.215578 0.216603 0.226885 0.214543 0.271012 0.285918 0.294033 0.210271 0.223571 0.302759 0.231087 0.246379 0.278340 0.294674 0.287154 0.260616 0.250306 0.284878 0.327205 0.315490 0.274013 0.270348 0.270896 0.285859 0.239779 0.257498 0.339787 0.246352 0.243074 0.250323 0.400280 0.245819 0.361808 0.267035 0.290074 0.292536 0.272624 0.341538 0.369509 0.339259 0.341393 0.365236 0.399420 0.286506 0.275939 0.255942 0.209341 0.293667 0.275738 0.308817 0.305928 0.223358 0.198615 0.193260 0.178948 0.338404 0.261312 0.390263 0.284243 0.280169 0.235236 0.315547 0.356302 0.375051 0.384920 
0.486513 0.517708 0.533371 0.421219 0.449449 0.421459 0.428647 0.469484 0.550740 0.502477 0.497669 0.508107 0.528287 0.403710 0.401547 0.360579 0.399398 0.000000 0.169429 0.139698 0.145605 0.182082 0.158590 0.163269 0.157677 0.155308 0.188586 0.104862 0.180378 0.330914 0.254247 0.308665 0.302203 0.262088 0.282785 0.347720 0.368099 0.405340 0.328613 0.364165 0.284688 0.335234 0.305255 0.310750 0.342004 0.528855 0.430235 0.334965 0.513436 0.373566 0.453337 0.578857 0.523970 0.369548 0.394176 0.432638 0.544883 0.352450 0.423755 0.460319 0.471747 0.457289 0.484928 0.530141 0.506864 0.505870 0.374218 0.362950 0.399844 0.387904 0.397818 0.366563 0.407310 0.436381 0.713426 0.465769 0.408853 0.449593 0.514837 0.372337 0.494492 0.389201 0.599020 0.395989 0.665132 0.477208 0.549946 0.414258 0.365327 0.336995 0.347065 0.313995 0.367113 0.335933 0.338864 0.416612 0.353007 0.373574 0.426387 0.422493 0.407615 0.438464 0.397521 0.426531 0.450145 0.453309 0.454763 0.529140 0.432356 0.468817 0.441774 0.452555 0.486279 0.445579 0.508377 0.452078 0.444234 0.500514 0.435063 0.458809 0.449059 0.512603 0.416760 0.428754 0.518417 0.545036 0.497933 0.418785 0.471446 0.480440 0.453055 0.435089 0.414547 0.486947 0.386916 0.347095 0.442987 0.393047 0.385865 0.445156 0.396497 0.568588 0.513797 0.461765 0.428670 0.383668 0.384883 0.388263 0.467443 0.450314 0.396676 0.490021 0.542821 0.483588 0.473708 0.500067 0.425089 0.614335 0.584781 0.488692 0.509812 0.409204 0.522984 0.627932 0.516602 0.341469 0.428413 0.383344 0.380176 0.419347 0.494882 0.575381 0.363071 0.405546 0.428509 0.413466 0.367653 0.392586 0.359913 0.349733 0.488442 0.449101 0.444103 0.443188 0.407989 0.472817 0.476834 0.473788 0.476847 0.438601 0.464913 0.450149 0.495145 0.490066 0.497806 0.454235 0.453541 0.465536 0.499054 0.475153 0.496101 0.570031 0.487194 0.469397 0.516174 0.588808 0.496862 0.563825 0.531219 0.499495 0.487328 0.495412 0.557190 0.578028 0.554366 0.549435 0.554014 0.574979 0.555330 0.563594 0.527685 0.515133 0.560537 0.419347 0.488371 0.480905 0.435697 0.396253 0.447774 0.431683 0.457798 0.439491 0.508254 0.438982 0.543609 0.546713 0.506939 0.533301 0.523937 0.521612 
