240 240
0.000000 0.119783 0.131019 0.138494 0.193435 0.204384 0.185583 0.199096 0.187726 0.200859 0.195990 0.174508 0.179464 0.177478 0.160463 0.177980 0.266759 0.291444 0.153921 0.263308 0.262856 0.358766 0.362807 0.352331 0.377547 0.324564 0.349091 0.314375 0.330121 0.321360 0.324581 0.332535 0.318341 0.295436 0.296888 0.349353 0.337743 0.313682 0.351444 0.203196 0.216836 0.223703 0.205684 0.210687 0.243731 0.212868 0.206682 0.307854 0.233595 0.236444 0.227775 0.262937 0.226492 0.246476 0.299478 0.241343 0.369396 0.320381 0.313968 0.354299 0.201994 0.284023 0.319955 0.306552 0.332675 0.245507 0.164648 0.147398 0.152832 0.159595 0.178984 0.181803 0.274431 0.286155 0.253801 0.281564 0.154880 0.168229 0.225007 0.204086 0.137414 0.150883 0.467697 0.458391 0.301756 0.277514 0.270040 0.306790 0.358565 0.247550 0.408223 0.279337 0.465498 0.288427 0.370181 0.374745 0.184264 0.184392 0.243592 0.230818 0.204930 0.205166 0.210421 0.216534 0.238785 0.236228 0.252235 0.211352 0.256835 0.192066 0.231661 0.147747 0.151954 0.158142 0.150020 0.145417 0.150668 0.224758 0.217613 0.254677 0.211896 0.239174 0.251062 0.252094 0.221526 0.232779 0.233529 0.234163 0.221455 0.238125 0.271537 0.233242 0.228940 0.242380 0.238254 0.224462 0.205738 0.219024 0.247189 0.238627 0.252280 0.172877 0.274515 0.219271 0.217469 0.213142 0.300313 0.334692 0.281417 0.205677 0.211293 0.176724 0.202542 0.206317 0.278990 0.238980 0.201813 0.188980 0.162979 0.208071 0.161099 0.209330 0.161299 0.225256 0.180746 0.206849 0.194586 0.267157 0.302987 0.294931 0.291930 0.275347 0.313994 0.191450 0.276361 0.207464 0.228881 0.204466 0.222659 0.231212 0.202541 0.150418 0.173290 0.107540 0.144085 0.146839 0.258622 0.537408 0.185864 0.141141 0.191037 0.160662 0.146388 0.149886 0.142614 0.139819 0.163353 0.181928 0.131953 0.146624 0.144333 0.124333 0.139685 0.126399 0.148223 0.173254 0.173088 0.265469 0.183983 0.170469 0.198992 0.194800 0.159983 0.182199 0.163489 0.156137 0.138493 0.153367 0.189587 0.175514 0.215859 0.183772 0.270800 0.270012 0.222515 0.184049 0.274329 0.163533 0.224504 0.252237 0.231003 0.161402 0.172889 0.144063 0.191455 0.225446 0.252033 0.226839 0.260747 0.238835 
0.119783 0.000000 0.122760 0.093822 0.188701 0.210013 0.161160 0.175914 0.167537 0.161261 0.158075 0.142561 0.143846 0.136804 0.159041 0.165114 0.238325 0.268579 0.141211 0.240018 0.231361 0.347111 0.384690 0.317124 0.342084 0.304347 0.313814 0.284825 0.286404 0.298527 0.356284 0.302242 0.320670 0.266075 0.265567 0.344362 0.310777 0.274777 0.348994 0.162891 0.176845 0.157445 0.182762 0.228863 0.197064 0.165813 0.135205 0.261673 0.228368 0.241726 0.185761 0.221729 0.217746 0.213455 0.290254 0.220633 0.334891 0.307019 0.282450 0.339952 0.175680 0.290327 0.307563 0.243363 0.317884 0.178834 0.137245 0.108664 0.151006 0.151267 0.143497 0.172757 0.228314 0.248945 0.212913 0.221365 0.184690 0.174158 0.158635 0.133470 0.131889 0.143586 0.456155 0.434237 0.274100 0.230236 0.254560 0.287469 0.319139 0.221552 0.387074 0.252323 0.448198 0.267201 0.332989 0.354543 0.155565 0.200279 0.188078 0.179172 0.174411 0.191112 0.171757 0.162727 0.194957 0.197028 0.216605 0.195994 0.192532 0.180344 0.213591 0.095524 0.106679 0.107000 0.109023 0.110892 0.116420 0.192935 0.168204 0.209258 0.179361 0.179816 0.200843 0.202788 0.156366 0.184869 0.208953 0.219202 0.178949 0.211409 0.236265 0.199487 0.193513 0.200583 0.189069 0.181128 0.168786 0.166461 0.198706 0.212651 0.200923 0.188254 0.254476 0.185127 0.212939 0.194741 0.257511 0.329896 0.279640 0.170149 0.176205 0.147070 0.193228 0.176018 0.232246 0.252842 0.171905 0.151582 0.113826 0.167787 0.138779 0.191689 0.130292 0.188458 0.150703 0.166876 0.172624 0.208235 0.246348 0.235086 0.245488 0.234045 0.236168 0.166831 0.258559 0.154651 0.172604 0.147452 0.189814 0.167684 0.143687 0.099518 0.124147 0.132380 0.113810 0.119603 0.218970 0.497074 0.151971 0.131287 0.138500 0.139618 0.085410 0.110014 0.109052 0.137444 0.145183 0.144354 0.100885 0.107728 0.150702 0.078401 0.119949 0.111985 0.103217 0.124475 0.131987 0.224398 0.126159 0.136952 0.149541 0.179066 0.142087 0.138848 0.134549 0.166394 0.100066 0.138594 0.121999 0.117293 0.170668 0.167476 0.251070 0.256505 0.180579 0.151636 0.223246 0.125928 0.194065 0.234111 0.195389 0.139941 0.110758 0.122943 0.150286 0.204790 0.220114 0.200738 0.233856 0.205791 
0.131019 0.122760 0.000000 0.099491 0.203437 0.218531 0.167436 0.140021 0.115179 0.138905 0.130475 0.137887 0.117146 0.128022 0.133253 0.119099 0.275357 0.301802 0.174247 0.263868 0.253998 0.353316 0.411009 0.360616 0.369969 0.329221 0.355069 0.302630 0.322586 0.329839 0.381692 0.339255 0.357274 0.287673 0.297810 0.360926 0.336163 0.313224 0.374639 0.198815 0.172924 0.176970 0.196604 0.239583 0.187171 0.179880 0.208275 0.311960 0.258359 0.271723 0.218479 0.253380 0.222267 0.237657 0.316355 0.245400 0.374351 0.325713 0.322547 0.380632 0.215683 0.312334 0.330506 0.308224 0.326384 0.244528 0.150843 0.115590 0.108892 0.090459 0.122931 0.135969 0.281584 0.274341 0.240336 0.268650 0.202969 0.160915 0.220156 0.171835 0.142643 0.157362 0.465152 0.460100 0.286793 0.241750 0.255164 0.286531 0.346469 0.246755 0.395820 0.257160 0.448371 0.254463 0.338849 0.390480 0.181582 0.232446 0.232840 0.206579 0.217689 0.176208 0.214022 0.191838 0.210770 0.222575 0.242779 0.214192 0.225523 0.180499 0.268412 0.144119 0.134000 0.137665 0.099658 0.119336 0.118660 0.152393 0.136785 0.188358 0.155632 0.170493 0.152543 0.157264 0.178104 0.154231 0.157729 0.153981 0.168281 0.150998 0.179062 0.130695 0.153934 0.167733 0.193076 0.159536 0.146718 0.176279 0.169165 0.140318 0.179743 0.186710 0.268386 0.199114 0.226116 0.230003 0.219496 0.342672 0.258574 0.137757 0.184287 0.182971 0.171556 0.150291 0.183228 0.173337 0.147766 0.125763 0.110289 0.124840 0.084696 0.151376 0.123533 0.163319 0.153113 0.169807 0.153319 0.253213 0.289222 0.299961 0.298670 0.291542 0.308792 0.184626 0.237245 0.206088 0.227157 0.166481 0.193186 0.222276 0.168368 0.089502 0.118405 0.130617 0.118805 0.139008 0.160269 0.493161 0.191361 0.128705 0.165612 0.134146 0.144331 0.155993 0.121680 0.128228 0.123439 0.187209 0.108113 0.132704 0.116136 0.106195 0.140757 0.144780 0.136126 0.156494 0.151336 0.218907 0.164106 0.141307 0.163587 0.109602 0.102995 0.094264 0.121441 0.146843 0.076318 0.132150 0.099988 0.099528 0.146632 0.185459 0.248929 0.257913 0.206690 0.155468 0.243479 0.131751 0.205342 0.239621 0.199852 0.140591 0.166004 0.105241 0.131561 0.141443 0.197214 0.204853 0.252140 0.221425 
0.138494 0.093822 0.099491 0.000000 0.192758 0.212366 0.176000 0.178823 0.156773 0.144222 0.161111 0.144417 0.126347 0.146814 0.145059 0.126860 0.247072 0.279873 0.153095 0.236254 0.239974 0.367164 0.406973 0.341080 0.363877 0.328074 0.334888 0.309452 0.309611 0.324223 0.389861 0.326493 0.343104 0.286665 0.287813 0.365208 0.331474 0.295674 0.369583 0.173391 0.186352 0.157180 0.184303 0.212167 0.167251 0.160336 0.181790 0.293391 0.253912 0.277856 0.210549 0.229151 0.211974 0.223288 0.312499 0.243807 0.329717 0.312808 0.288894 0.367687 0.194595 0.294834 0.318725 0.276293 0.318035 0.217555 0.147459 0.122948 0.116104 0.125338 0.112301 0.098273 0.279701 0.265472 0.220108 0.258210 0.196750 0.162594 0.197469 0.167549 0.101981 0.117512 0.476139 0.466293 0.269086 0.252510 0.257347 0.294249 0.320165 0.223881 0.388711 0.262494 0.427596 0.281363 0.341998 0.385548 0.182481 0.199721 0.207075 0.173928 0.189873 0.208835 0.184932 0.177155 0.193212 0.196162 0.208132 0.204798 0.190133 0.204471 0.232102 0.114692 0.114918 0.112820 0.094744 0.085090 0.116657 0.187902 0.149382 0.228021 0.186184 0.157782 0.204367 0.200271 0.181329 0.172577 0.226714 0.200256 0.193121 0.222500 0.233867 0.202918 0.204584 0.207592 0.212902 0.201409 0.189623 0.183239 0.188289 0.188805 0.208008 0.196937 0.250051 0.167186 0.195434 0.181634 0.227274 0.345799 0.247171 0.147591 0.177723 0.145901 0.166359 0.134971 0.205267 0.239650 0.149086 0.126669 0.101039 0.136087 0.106398 0.184192 0.115277 0.164026 0.136913 0.136215 0.147501 0.238302 0.260025 0.274263 0.278027 0.259018 0.279808 0.154403 0.239723 0.187209 0.217597 0.144211 0.204291 0.194392 0.167481 0.121358 0.124082 0.153110 0.140327 0.171386 0.184664 0.483340 0.167727 0.132967 0.165842 0.156806 0.130714 0.114020 0.114787 0.145369 0.152672 0.140332 0.103221 0.111382 0.163360 0.092312 0.121499 0.132954 0.105002 0.135191 0.130487 0.216766 0.144261 0.133865 0.179724 0.188534 0.110818 0.112050 0.097959 0.165803 0.087968 0.151016 0.098001 0.129357 0.147785 0.160382 0.231372 0.257157 0.180809 0.138388 0.219179 0.138108 0.195359 0.238405 0.199814 0.160382 0.161764 0.135643 0.150501 0.192295 0.171855 0.197253 0.218812 0.200743 
0.193435 0.188701 0.203437 0.192758 0.000000 0.085597 0.199711 0.246045 0.263707 0.264843 0.263369 0.254074 0.235361 0.253671 0.243372 0.254966 0.215668 0.223931 0.198275 0.233283 0.200737 0.283194 0.318164 0.265547 0.284747 0.255202 0.264902 0.229958 0.260890 0.247672 0.323959 0.241940 0.269343 0.237857 0.238689 0.274946 0.254713 0.232650 0.281980 0.238481 0.259610 0.233932 0.267192 0.274326 0.283386 0.259505 0.193540 0.206144 0.214731 0.210918 0.203867 0.250918 0.197719 0.171967 0.181337 0.183397 0.230056 0.190910 0.172069 0.248477 0.227907 0.178758 0.177994 0.161678 0.217634 0.163311 0.174297 0.184308 0.231375 0.221187 0.234768 0.260591 0.193953 0.170670 0.159779 0.172696 0.103794 0.114296 0.129798 0.144646 0.173149 0.147748 0.350923 0.371851 0.227396 0.219601 0.186268 0.228236 0.269742 0.171495 0.315650 0.187588 0.331416 0.228888 0.281613 0.269508 0.230157 0.265132 0.224785 0.255501 0.235396 0.275194 0.233997 0.225021 0.253100 0.267808 0.290552 0.271852 0.273064 0.261493 0.291941 0.163778 0.147410 0.182720 0.177391 0.196693 0.178454 0.275495 0.271010 0.302675 0.264911 0.269212 0.302988 0.298996 0.261937 0.265651 0.300364 0.307758 0.246989 0.304205 0.325295 0.289776 0.285245 0.299227 0.266706 0.265207 0.238866 0.266999 0.282871 0.300858 0.297219 0.288536 0.194755 0.218564 0.153466 0.202572 0.358962 0.234441 0.358609 0.255247 0.224961 0.221263 0.228209 0.234837 0.319019 0.357637 0.272673 0.227367 0.223078 0.241855 0.244929 0.279938 0.231994 0.285029 0.241948 0.267278 0.230407 0.165420 0.197319 0.196634 0.189184 0.187170 0.195251 0.192790 0.263238 0.158097 0.156754 0.177846 0.175112 0.157097 0.172462 0.202097 0.211674 0.191278 0.193178 0.198833 0.319040 0.615938 0.136913 0.165910 0.177004 0.165775 0.175646 0.180823 0.164108 0.157241 0.191369 0.167959 0.190080 0.180143 0.184225 0.150646 0.149319 0.147248 0.207727 0.186456 0.193075 0.289628 0.174620 0.193418 0.209899 0.276780 0.254227 0.231138 0.226944 0.180204 0.214566 0.235773 0.233596 0.229502 0.226935 0.192202 0.182943 0.203319 0.223561 0.230064 0.292180 0.188326 0.188874 0.149471 0.199465 0.192051 0.162911 0.212004 0.221888 0.286096 0.307391 0.218946 0.205578 0.207553 
0.204384 0.210013 0.218531 0.212366 0.085597 0.000000 0.204589 0.255707 0.278689 0.280688 0.260860 0.269310 0.267623 0.271953 0.270332 0.250250 0.242025 0.234528 0.222763 0.256002 0.229931 0.290648 0.327609 0.295599 0.303795 0.273611 0.296464 0.244008 0.308649 0.246794 0.351931 0.251914 0.296592 0.275575 0.282403 0.283563 0.279502 0.273298 0.294315 0.290708 0.298612 0.275690 0.308286 0.312287 0.332749 0.312936 0.240089 0.229207 0.241874 0.228166 0.253357 0.259731 0.221369 0.191193 0.190663 0.207300 0.231416 0.215053 0.182409 0.263822 0.272679 0.199671 0.195058 0.167429 0.208730 0.199246 0.182449 0.214459 0.252284 0.235484 0.260152 0.265818 0.210386 0.191235 0.173572 0.196573 0.135617 0.149676 0.169111 0.185465 0.213227 0.190077 0.328318 0.362267 0.206529 0.210910 0.199216 0.214019 0.255650 0.184332 0.310248 0.192214 0.309951 0.220744 0.264515 0.274600 0.269314 0.291791 0.276176 0.306292 0.282926 0.315525 0.283210 0.276901 0.299504 0.315639 0.339386 0.315698 0.328364 0.301432 0.329760 0.186635 0.163257 0.210159 0.211060 0.219761 0.193095 0.301914 0.303429 0.333141 0.305967 0.299657 0.329655 0.330051 0.298409 0.297124 0.331208 0.334047 0.276611 0.336230 0.356006 0.321766 0.316113 0.318581 0.297584 0.295739 0.266347 0.309780 0.314020 0.326858 0.328096 0.309709 0.214203 0.247612 0.166741 0.227094 0.399596 0.232942 0.383364 0.270120 0.242719 0.262782 0.248454 0.259247 0.351431 0.373260 0.307103 0.244804 0.243016 0.270000 0.268481 0.294110 0.272449 0.324437 0.278817 0.311990 0.234676 0.190106 0.210626 0.205266 0.199562 0.201932 0.215130 0.205296 0.285421 0.199243 0.190508 0.213475 0.201762 0.193356 0.206722 0.216162 0.227360 0.211265 0.222324 0.198552 0.345427 0.634145 0.162305 0.194701 0.199130 0.183938 0.189588 0.191129 0.185094 0.163406 0.208579 0.177277 0.210644 0.198459 0.196847 0.182700 0.182700 0.164514 0.218433 0.187980 0.207714 0.307418 0.196700 0.207045 0.227179 0.292229 0.267498 0.248730 0.245067 0.189660 0.228297 0.251346 0.256108 0.254292 0.240625 0.208834 0.200602 0.199142 0.225098 0.243610 0.296400 0.218443 0.210379 0.153770 0.218554 0.213617 0.192581 0.245127 0.259819 0.304789 0.340666 0.248048 0.230583 0.230372 
0.185583 0.161160 0.167436 0.176000 0.199711 0.204589 0.000000 0.119773 0.164985 0.133416 0.141503 0.162412 0.153239 0.110135 0.162185 0.147204 0.149835 0.183046 0.130250 0.172050 0.143042 0.294444 0.328692 0.283023 0.286591 0.260807 0.276201 0.235172 0.266222 0.241985 0.312892 0.252139 0.274247 0.221116 0.232313 0.284103 0.260613 0.237505 0.288056 0.179482 0.177093 0.163699 0.196490 0.181787 0.206259 0.189203 0.121201 0.192715 0.161088 0.165805 0.131373 0.127300 0.111434 0.193617 0.267651 0.179303 0.347175 0.255068 0.304406 0.352274 0.191394 0.289247 0.302002 0.258609 0.317958 0.170024 0.112991 0.130047 0.150725 0.142952 0.152851 0.171226 0.214203 0.215230 0.208938 0.206854 0.201127 0.166797 0.162522 0.121822 0.171824 0.178445 0.364678 0.347651 0.159685 0.123336 0.167297 0.178005 0.224415 0.131530 0.280180 0.110898 0.394656 0.146514 0.244320 0.263184 0.168285 0.208423 0.192067 0.197809 0.197853 0.206452 0.191719 0.178149 0.189449 0.205542 0.229634 0.217310 0.215984 0.187394 0.237211 0.156950 0.128623 0.150435 0.152263 0.179811 0.164299 0.185173 0.188471 0.199050 0.173525 0.171042 0.195563 0.185720 0.162148 0.171380 0.197951 0.197529 0.149432 0.206130 0.211704 0.191304 0.182346 0.182702 0.171346 0.161217 0.135797 0.188751 0.182859 0.175939 0.190041 0.189403 0.150785 0.143549 0.172941 0.141588 0.273597 0.241294 0.263713 0.133136 0.122119 0.155659 0.130475 0.129700 0.226271 0.237946 0.190603 0.112917 0.137381 0.143544 0.167971 0.153662 0.154069 0.222246 0.169611 0.226133 0.127302 0.197597 0.251348 0.254804 0.228386 0.251682 0.254150 0.121825 0.171958 0.150442 0.169309 0.123255 0.147650 0.152944 0.133688 0.115873 0.132857 0.145174 0.137604 0.129826 0.302818 0.596581 0.147034 0.106280 0.115994 0.138866 0.144660 0.142437 0.134110 0.110784 0.139884 0.149051 0.161995 0.148534 0.141595 0.138569 0.125766 0.132235 0.176641 0.131713 0.120298 0.183812 0.105324 0.119650 0.125213 0.211813 0.186807 0.161253 0.143501 0.172106 0.143672 0.178667 0.170874 0.178146 0.131094 0.137171 0.154750 0.195144 0.139150 0.138817 0.153462 0.102931 0.145807 0.156589 0.120975 0.168091 0.131834 0.184854 0.157564 0.177429 0.204956 0.138229 0.134320 0.130631 
0.199096 0.175914 0.140021 0.178823 0.246045 0.255707 0.119773 0.000000 0.136375 0.121303 0.105179 0.162692 0.109874 0.113545 0.130979 0.139791 0.199504 0.208111 0.127898 0.154131 0.186014 0.301379 0.338530 0.285196 0.313067 0.271658 0.284721 0.248925 0.251731 0.242542 0.325396 0.251979 0.288798 0.234747 0.242249 0.308241 0.282443 0.256098 0.317382 0.148619 0.136847 0.116462 0.163837 0.169574 0.166411 0.164793 0.166308 0.254796 0.186984 0.195841 0.163443 0.195824 0.155424 0.234017 0.330268 0.225733 0.409562 0.314496 0.371486 0.429580 0.167047 0.354561 0.374906 0.311545 0.353904 0.237683 0.157078 0.127974 0.133039 0.096162 0.132640 0.167148 0.282311 0.286634 0.270825 0.264148 0.259290 0.206393 0.233776 0.194865 0.195167 0.213364 0.466360 0.407209 0.192425 0.165148 0.252535 0.172935 0.286315 0.191749 0.355994 0.189397 0.452005 0.175852 0.266358 0.328660 0.153900 0.188517 0.179435 0.182493 0.157930 0.155927 0.167567 0.152508 0.173687 0.189166 0.219496 0.184489 0.200240 0.153311 0.235370 0.181321 0.156337 0.154352 0.133046 0.164294 0.140458 0.141027 0.121109 0.170921 0.143940 0.142985 0.139423 0.144589 0.134517 0.121016 0.138081 0.145418 0.122384 0.145727 0.143118 0.121650 0.142607 0.157502 0.149188 0.124617 0.092762 0.145415 0.127494 0.119840 0.155979 0.164675 0.202701 0.125059 0.237795 0.205098 0.199031 0.295838 0.257578 0.092223 0.088297 0.133530 0.148976 0.143481 0.180752 0.184368 0.130662 0.117446 0.153558 0.101825 0.130365 0.124831 0.142623 0.164683 0.138022 0.195660 0.128902 0.256303 0.315310 0.317087 0.298175 0.314788 0.321106 0.173216 0.220267 0.220549 0.237897 0.176884 0.201574 0.224406 0.188975 0.114946 0.137825 0.169237 0.091036 0.172090 0.247900 0.594114 0.216990 0.126341 0.166041 0.181888 0.174611 0.168213 0.150338 0.156533 0.140426 0.194098 0.161899 0.174926 0.141528 0.142897 0.153627 0.172608 0.177467 0.162979 0.163470 0.211674 0.165241 0.156140 0.176239 0.150473 0.165887 0.127416 0.117342 0.173273 0.144741 0.187892 0.172252 0.192592 0.183084 0.207712 0.186139 0.241643 0.207231 0.163736 0.214511 0.107988 0.144894 0.233990 0.172245 0.167457 0.187568 0.178004 0.111613 0.115963 0.155208 0.109639 0.158509 0.121343 
0.187726 0.167537 0.115179 0.156773 0.263707 0.278689 0.164985 0.136375 0.000000 0.124528 0.135224 0.082088 0.114168 0.107535 0.113683 0.062562 0.203130 0.239942 0.145493 0.237103 0.201689 0.348938 0.405161 0.358050 0.373882 0.322935 0.352575 0.306756 0.320075 0.315805 0.371768 0.331160 0.351582 0.287079 0.294098 0.358311 0.331542 0.305475 0.367459 0.199278 0.169212 0.194057 0.189266 0.241715 0.207820 0.191313 0.192155 0.279638 0.222983 0.231181 0.183341 0.210909 0.182741 0.246257 0.329613 0.231499 0.424775 0.352749 0.364143 0.420737 0.210279 0.347035 0.363517 0.338742 0.355464 0.236160 0.172772 0.132701 0.114599 0.092198 0.118676 0.136471 0.290974 0.315403 0.279910 0.268856 0.255652 0.222006 0.234273 0.218392 0.195606 0.217197 0.427626 0.402928 0.244050 0.217050 0.241153 0.266130 0.312345 0.229434 0.382461 0.244236 0.445521 0.222220 0.294388 0.348128 0.181934 0.243348 0.233591 0.218620 0.219932 0.162957 0.213054 0.193537 0.220439 0.231934 0.252762 0.216187 0.239437 0.180591 0.265931 0.196386 0.188598 0.182239 0.152105 0.165057 0.156353 0.166096 0.156798 0.187614 0.166946 0.180862 0.153707 0.186509 0.179950 0.179004 0.168153 0.166189 0.170435 0.163255 0.188761 0.145005 0.165393 0.196088 0.202075 0.158447 0.161074 0.169341 0.173257 0.155487 0.188987 0.198142 0.273540 0.185779 0.264864 0.241428 0.233943 0.349702 0.294753 0.162606 0.187029 0.189206 0.163110 0.170225 0.217531 0.194169 0.174773 0.145655 0.151393 0.149316 0.094179 0.159541 0.144425 0.193048 0.175215 0.221598 0.144142 0.271429 0.317941 0.315144 0.310890 0.310640 0.334443 0.172803 0.197935 0.227041 0.249556 0.201540 0.215222 0.235691 0.210557 0.145072 0.181525 0.171946 0.131550 0.190660 0.238099 0.554487 0.216641 0.157180 0.195972 0.161920 0.149166 0.196636 0.173272 0.157356 0.133538 0.213760 0.130476 0.192958 0.136827 0.163206 0.187467 0.166190 0.148586 0.178690 0.182785 0.211101 0.192996 0.172295 0.165743 0.135889 0.146793 0.131931 0.147027 0.179355 0.119175 0.130526 0.145629 0.156231 0.165214 0.195053 0.245636 0.246211 0.197854 0.161790 0.216342 0.139782 0.199272 0.230576 0.169772 0.148313 0.182623 0.137184 0.136887 0.133165 0.202357 0.195393 0.237551 0.217034 
0.200859 0.161261 0.138905 0.144222 0.264843 0.280688 0.133416 0.121303 0.124528 0.000000 0.070242 0.110932 0.121994 0.108406 0.144108 0.116036 0.191287 0.214283 0.141666 0.195918 0.177604 0.340108 0.363356 0.307273 0.319467 0.300900 0.299336 0.270935 0.279734 0.272292 0.348145 0.281399 0.302286 0.218251 0.230114 0.304761 0.260582 0.237092 0.298223 0.131604 0.130823 0.113765 0.135248 0.149525 0.135694 0.110682 0.159471 0.235972 0.171586 0.192579 0.162109 0.194559 0.193760 0.257533 0.344494 0.253039 0.424234 0.325161 0.379667 0.433875 0.145921 0.368534 0.381987 0.335057 0.397316 0.234588 0.180075 0.141192 0.140343 0.136505 0.130158 0.133125 0.291046 0.297680 0.283151 0.275649 0.267196 0.230870 0.235238 0.196694 0.185433 0.219171 0.463249 0.436929 0.201064 0.191968 0.260078 0.213798 0.318781 0.193150 0.382297 0.208925 0.451531 0.231074 0.291349 0.357034 0.141310 0.182678 0.182618 0.151468 0.172254 0.184043 0.161876 0.138291 0.146079 0.159244 0.168569 0.167149 0.155087 0.166721 0.196161 0.179985 0.176239 0.167969 0.153845 0.142375 0.167328 0.111904 0.119004 0.121990 0.101715 0.096459 0.107257 0.106551 0.112190 0.116310 0.138887 0.121207 0.122559 0.134020 0.154611 0.114146 0.109552 0.120465 0.126486 0.115514 0.120710 0.108645 0.119766 0.095128 0.103939 0.145484 0.242539 0.154786 0.260965 0.222272 0.206762 0.329519 0.193286 0.096790 0.111479 0.125390 0.176401 0.147449 0.169183 0.157664 0.143542 0.118191 0.117888 0.099423 0.121773 0.169483 0.128943 0.186766 0.130631 0.157434 0.147508 0.262452 0.317773 0.317691 0.303061 0.322469 0.327361 0.189244 0.230372 0.214971 0.236724 0.173084 0.205064 0.222623 0.196287 0.130481 0.169021 0.186432 0.151675 0.182331 0.240735 0.552083 0.205855 0.129336 0.152344 0.193363 0.168890 0.185285 0.166025 0.166466 0.172731 0.207241 0.148294 0.174685 0.193128 0.142389 0.158864 0.166621 0.170171 0.166339 0.183040 0.225082 0.172690 0.172823 0.170366 0.150244 0.123489 0.099284 0.129157 0.221392 0.136934 0.176824 0.127635 0.153466 0.185580 0.226149 0.224413 0.286114 0.214216 0.183011 0.202200 0.138419 0.193346 0.257824 0.182684 0.183515 0.171934 0.166567 0.141002 0.124147 0.150199 0.145487 0.191272 0.162438 
0.195990 0.158075 0.130475 0.161111 0.263369 0.260860 0.141503 0.105179 0.135224 0.070242 0.000000 0.102085 0.129084 0.120674 0.122993 0.112172 0.214697 0.226519 0.147164 0.185972 0.202584 0.343812 0.363191 0.309790 0.317309 0.298885 0.307607 0.269708 0.284781 0.261714 0.337130 0.266251 0.301207 0.249520 0.260239 0.321487 0.295377 0.270602 0.325599 0.155584 0.151393 0.109881 0.158194 0.180628 0.157058 0.135302 0.165979 0.256586 0.188666 0.202560 0.188394 0.199888 0.199354 0.271887 0.356520 0.262213 0.429955 0.339095 0.390338 0.449319 0.172273 0.379138 0.402751 0.328040 0.401695 0.242756 0.188063 0.147355 0.134513 0.115302 0.141728 0.143385 0.312230 0.320226 0.303080 0.296249 0.275638 0.237636 0.249990 0.199232 0.196682 0.229174 0.474756 0.432440 0.202984 0.187435 0.274797 0.214818 0.320223 0.204555 0.380964 0.218016 0.455293 0.222355 0.277950 0.358501 0.154392 0.169915 0.185849 0.164418 0.170253 0.184737 0.168365 0.158357 0.169794 0.181363 0.194965 0.189563 0.178615 0.169438 0.209768 0.170148 0.179800 0.166731 0.147125 0.141983 0.157889 0.110190 0.110913 0.133120 0.119411 0.115148 0.142194 0.130032 0.115774 0.127620 0.139176 0.139060 0.122845 0.145032 0.162787 0.125406 0.122741 0.125162 0.148390 0.132425 0.125898 0.140220 0.141964 0.112863 0.129148 0.138811 0.241731 0.164915 0.265675 0.226924 0.209277 0.335033 0.203352 0.099348 0.109524 0.122451 0.165778 0.154830 0.173943 0.157919 0.138761 0.123162 0.121516 0.093135 0.128127 0.155316 0.132916 0.187514 0.124283 0.166440 0.145732 0.279393 0.328929 0.335036 0.315078 0.340881 0.337395 0.194031 0.253467 0.235365 0.244821 0.188193 0.222844 0.237317 0.215844 0.128690 0.172658 0.173766 0.148679 0.162776 0.237006 0.541861 0.235454 0.144518 0.166426 0.206090 0.188670 0.191720 0.174431 0.187530 0.181838 0.224106 0.169393 0.178401 0.197638 0.147327 0.159467 0.189102 0.187535 0.166617 0.198057 0.251233 0.194758 0.186520 0.166036 0.126032 0.102919 0.109490 0.135910 0.199844 0.138755 0.176134 0.117798 0.142125 0.192068 0.238980 0.222088 0.292153 0.236703 0.204798 0.223431 0.142773 0.189069 0.272294 0.185101 0.164313 0.173895 0.149566 0.139212 0.107765 0.147525 0.135875 0.185592 0.147223 
0.174508 0.142561 0.137887 0.144417 0.254074 0.269310 0.162412 0.162692 0.082088 0.110932 0.102085 0.000000 0.119921 0.118411 0.081794 0.076724 0.207246 0.222149 0.129255 0.219422 0.200048 0.351743 0.398110 0.336884 0.357605 0.315696 0.328262 0.294776 0.305482 0.298599 0.355199 0.315527 0.335668 0.278533 0.284605 0.356669 0.323289 0.289953 0.357843 0.176133 0.164298 0.177009 0.176412 0.230006 0.189749 0.161054 0.168189 0.270739 0.197207 0.206549 0.184705 0.212827 0.190888 0.250151 0.327261 0.236197 0.416492 0.343936 0.355069 0.413032 0.190648 0.351268 0.371151 0.327420 0.364027 0.233215 0.180263 0.129971 0.118501 0.124440 0.119961 0.128577 0.295374 0.320874 0.287984 0.278404 0.254660 0.229064 0.225839 0.213574 0.183631 0.208391 0.449869 0.409667 0.227323 0.218244 0.264976 0.253009 0.321414 0.198056 0.385535 0.234721 0.448343 0.236781 0.306546 0.349480 0.165765 0.212718 0.209579 0.190958 0.197469 0.174715 0.189246 0.180880 0.201832 0.211937 0.222845 0.204240 0.208152 0.176383 0.237979 0.177789 0.184017 0.174322 0.150131 0.145439 0.148411 0.149504 0.142377 0.171094 0.155592 0.161371 0.169354 0.186988 0.159546 0.183079 0.180578 0.165494 0.162077 0.179999 0.210743 0.170412 0.164448 0.193556 0.187513 0.163186 0.169580 0.163469 0.188824 0.167551 0.180895 0.172665 0.263314 0.189163 0.250668 0.221674 0.244231 0.340729 0.274503 0.160506 0.173415 0.160723 0.164697 0.164024 0.223122 0.204074 0.168264 0.149310 0.134468 0.152710 0.103529 0.175043 0.128627 0.198555 0.153304 0.192226 0.144255 0.276049 0.319506 0.312509 0.312383 0.316451 0.328861 0.191122 0.235833 0.224530 0.250208 0.205264 0.226649 0.239312 0.220649 0.155033 0.192347 0.169585 0.147245 0.191018 0.241457 0.535229 0.209434 0.163247 0.185837 0.180684 0.146236 0.174590 0.172968 0.167452 0.163515 0.200314 0.135008 0.188793 0.174026 0.155686 0.170295 0.152929 0.149735 0.172029 0.191152 0.237903 0.192974 0.180720 0.172157 0.133825 0.111556 0.138724 0.140044 0.186090 0.129596 0.127287 0.133925 0.147085 0.192333 0.201216 0.240153 0.257791 0.209868 0.169533 0.217005 0.147817 0.194115 0.244155 0.179029 0.138965 0.166246 0.124568 0.147263 0.141339 0.192654 0.181727 0.211275 0.185513 
0.179464 0.143846 0.117146 0.126347 0.235361 0.267623 0.153239 0.109874 0.114168 0.121994 0.129084 0.119921 0.000000 0.110983 0.086877 0.105870 0.220296 0.233622 0.085955 0.209480 0.223400 0.300281 0.375452 0.312467 0.341039 0.282383 0.302190 0.275684 0.271722 0.289150 0.342830 0.293650 0.317485 0.257480 0.267054 0.334171 0.308851 0.267128 0.341207 0.143834 0.135240 0.150532 0.146130 0.174980 0.157328 0.143119 0.158546 0.267503 0.208623 0.213474 0.164117 0.209865 0.178766 0.219237 0.302462 0.205584 0.393642 0.315173 0.342049 0.401397 0.157338 0.329180 0.347831 0.293968 0.335105 0.225584 0.150380 0.117979 0.117855 0.094585 0.105506 0.130272 0.267504 0.277807 0.258574 0.240166 0.232518 0.195778 0.209675 0.193144 0.174314 0.198252 0.441830 0.398304 0.227620 0.224485 0.248504 0.214654 0.292919 0.223135 0.349857 0.213320 0.436124 0.209876 0.300005 0.336775 0.152495 0.207213 0.180563 0.186893 0.170636 0.160723 0.167205 0.150597 0.179436 0.196543 0.215289 0.176769 0.196047 0.163585 0.227220 0.159771 0.160932 0.144725 0.122791 0.130894 0.124126 0.129973 0.120456 0.154506 0.127392 0.130789 0.125094 0.132548 0.131649 0.124557 0.133341 0.122492 0.122735 0.134948 0.159529 0.117467 0.127511 0.162087 0.158007 0.126679 0.126414 0.114589 0.147381 0.109455 0.143757 0.162027 0.237587 0.134041 0.233696 0.205248 0.214497 0.318475 0.268965 0.113395 0.139812 0.153309 0.163023 0.120511 0.199580 0.200922 0.140566 0.096877 0.133278 0.119749 0.087633 0.161845 0.117530 0.160631 0.138622 0.181454 0.125104 0.243943 0.307405 0.291082 0.286197 0.290834 0.300702 0.160160 0.207730 0.213871 0.239447 0.195351 0.209537 0.218311 0.196149 0.120219 0.152063 0.146549 0.104456 0.179174 0.215815 0.535943 0.204024 0.135964 0.171840 0.175007 0.160644 0.170245 0.155439 0.159430 0.164906 0.183526 0.131984 0.174039 0.157759 0.136222 0.151447 0.151772 0.153311 0.167980 0.143325 0.196220 0.152521 0.148797 0.158169 0.155740 0.131794 0.111631 0.120515 0.161961 0.117503 0.141314 0.139053 0.150797 0.169981 0.191267 0.207242 0.266082 0.203712 0.148157 0.210488 0.124928 0.200159 0.236388 0.194026 0.124390 0.179929 0.124958 0.110569 0.132570 0.146330 0.149772 0.189731 0.175750 
0.177478 0.136804 0.128022 0.146814 0.253671 0.271953 0.110135 0.113545 0.107535 0.108406 0.120674 0.118411 0.110983 0.000000 0.125737 0.096282 0.185735 0.210957 0.126881 0.184285 0.170181 0.333715 0.379502 0.320875 0.348480 0.298255 0.315378 0.286675 0.286986 0.292332 0.340017 0.308697 0.323518 0.258574 0.263609 0.335465 0.304649 0.271681 0.340944 0.172238 0.156001 0.155698 0.169472 0.196050 0.179741 0.169638 0.144770 0.260144 0.209378 0.214214 0.163150 0.160475 0.143101 0.239388 0.309359 0.225712 0.393099 0.308603 0.351813 0.402715 0.185278 0.352048 0.349791 0.306022 0.351382 0.235658 0.134804 0.125903 0.104766 0.124254 0.098968 0.140432 0.250583 0.257636 0.248037 0.235267 0.249793 0.202019 0.201198 0.172748 0.182934 0.209047 0.398570 0.379240 0.215930 0.164674 0.188968 0.239599 0.280907 0.180667 0.339789 0.189105 0.428895 0.193511 0.289710 0.305782 0.158104 0.216003 0.204473 0.186273 0.193281 0.173953 0.191765 0.168291 0.188342 0.199380 0.223153 0.200117 0.203745 0.163419 0.243754 0.166439 0.155418 0.165329 0.151126 0.163994 0.131235 0.160600 0.141332 0.160534 0.149345 0.153319 0.153751 0.153116 0.141881 0.150678 0.153382 0.155665 0.141794 0.160775 0.177408 0.154602 0.142554 0.166952 0.166433 0.144928 0.134823 0.153128 0.152549 0.124987 0.151192 0.178296 0.211889 0.148058 0.229465 0.200980 0.226145 0.317154 0.267435 0.124410 0.145375 0.161142 0.148154 0.142683 0.200113 0.199428 0.155805 0.120419 0.127360 0.132784 0.111211 0.149109 0.142707 0.192515 0.155474 0.193918 0.123814 0.246806 0.307231 0.292101 0.288879 0.291116 0.291393 0.152757 0.188820 0.199084 0.228731 0.172466 0.203548 0.205477 0.170876 0.094122 0.116931 0.137308 0.120394 0.144988 0.253164 0.568358 0.183411 0.118766 0.142058 0.145986 0.134430 0.154211 0.151747 0.146191 0.154215 0.168988 0.124765 0.169239 0.152530 0.146525 0.150748 0.158917 0.121753 0.146580 0.124464 0.173912 0.127431 0.146013 0.132295 0.173298 0.142662 0.127710 0.125108 0.173726 0.099010 0.120609 0.144489 0.152966 0.132502 0.149784 0.222860 0.226868 0.167016 0.133721 0.175425 0.113262 0.186047 0.198087 0.169849 0.154037 0.140170 0.163594 0.127792 0.144807 0.172162 0.156088 0.196806 0.169342 
0.160463 0.159041 0.133253 0.145059 0.243372 0.270332 0.162185 0.130979 0.113683 0.144108 0.122993 0.081794 0.086877 0.125737 0.000000 0.100587 0.244613 0.254751 0.104265 0.219649 0.242165 0.297350 0.361454 0.303819 0.343961 0.281712 0.294492 0.261640 0.273732 0.285407 0.319349 0.291586 0.306866 0.248344 0.260446 0.324928 0.299609 0.270150 0.331668 0.143590 0.142527 0.168098 0.148644 0.197929 0.174353 0.155200 0.164042 0.260851 0.223320 0.213273 0.171870 0.237993 0.185093 0.223807 0.306914 0.205472 0.396515 0.323899 0.349131 0.394447 0.147744 0.331781 0.356334 0.305299 0.335885 0.241625 0.175730 0.128692 0.092092 0.095624 0.126165 0.121478 0.269657 0.299767 0.271041 0.263983 0.239225 0.204361 0.223741 0.212944 0.175907 0.195500 0.471668 0.424469 0.242154 0.234192 0.280578 0.231076 0.328863 0.218110 0.399989 0.234666 0.466665 0.225721 0.330293 0.360923 0.145985 0.208605 0.195616 0.187692 0.162731 0.138756 0.170154 0.164593 0.183108 0.196569 0.215895 0.169757 0.201465 0.140355 0.216701 0.167952 0.179195 0.173228 0.134382 0.141726 0.143630 0.118712 0.126105 0.170731 0.128701 0.154698 0.158383 0.164190 0.145549 0.151389 0.143918 0.112388 0.132382 0.136483 0.180727 0.140789 0.144787 0.179387 0.178945 0.132941 0.135812 0.138892 0.162948 0.132042 0.175008 0.156138 0.246213 0.181798 0.244880 0.216199 0.236290 0.334347 0.284117 0.130275 0.150531 0.153301 0.156517 0.149648 0.221601 0.200890 0.160647 0.143137 0.164981 0.131328 0.105633 0.155985 0.133077 0.186465 0.151970 0.204935 0.167852 0.271773 0.323147 0.308536 0.311453 0.296705 0.327269 0.201758 0.234621 0.232422 0.251869 0.224477 0.241181 0.244669 0.218814 0.146185 0.174721 0.151872 0.119667 0.191685 0.240370 0.529274 0.228043 0.174294 0.208298 0.201048 0.183766 0.181820 0.171905 0.179778 0.174135 0.208912 0.152718 0.182035 0.183283 0.155369 0.161836 0.171327 0.168248 0.173439 0.189249 0.235252 0.193653 0.185617 0.195362 0.136727 0.133372 0.154029 0.148462 0.140695 0.127931 0.118726 0.160409 0.170905 0.217404 0.218235 0.245056 0.275377 0.245418 0.192019 0.256304 0.146738 0.211563 0.258350 0.218817 0.127348 0.186509 0.096241 0.118338 0.121335 0.180922 0.164285 0.185892 0.175988 
0.177980 0.165114 0.119099 0.126860 0.254966 0.250250 0.147204 0.139791 0.062562 0.116036 0.112172 0.076724 0.105870 0.096282 0.100587 0.000000 0.193320 0.219735 0.125924 0.210219 0.197565 0.346302 0.397248 0.352875 0.360105 0.322048 0.347698 0.295389 0.321469 0.301529 0.361392 0.315301 0.342598 0.277718 0.289271 0.350788 0.323675 0.300390 0.356601 0.189488 0.170257 0.180476 0.186382 0.212324 0.197720 0.176045 0.186635 0.287201 0.213474 0.226925 0.195841 0.196456 0.169802 0.266919 0.334707 0.245537 0.421296 0.350409 0.366471 0.431681 0.205933 0.355684 0.371191 0.336528 0.361635 0.252846 0.151003 0.145435 0.112847 0.087279 0.114351 0.112767 0.307206 0.315937 0.289750 0.283920 0.253131 0.220793 0.241877 0.220204 0.189398 0.218074 0.408802 0.405574 0.227885 0.209254 0.219556 0.242599 0.300273 0.214998 0.370346 0.227451 0.416954 0.222043 0.301512 0.338589 0.175269 0.220452 0.226169 0.209702 0.209025 0.177853 0.201903 0.185626 0.208762 0.220152 0.242033 0.216073 0.228856 0.179626 0.253521 0.202459 0.194410 0.188439 0.144903 0.163440 0.160388 0.160346 0.150526 0.182030 0.155131 0.166960 0.152566 0.176588 0.179784 0.179274 0.168393 0.142062 0.162646 0.165804 0.198596 0.152721 0.156488 0.182703 0.192779 0.160276 0.155860 0.174036 0.180563 0.140135 0.184097 0.176912 0.261277 0.173946 0.244198 0.225392 0.245512 0.325565 0.264228 0.131578 0.158078 0.173064 0.147825 0.137355 0.206801 0.189275 0.166113 0.122479 0.144322 0.130503 0.103083 0.148721 0.138686 0.199861 0.159237 0.207167 0.120981 0.276661 0.330388 0.323500 0.316129 0.316049 0.339867 0.171791 0.204860 0.239515 0.262328 0.213227 0.228985 0.246008 0.219168 0.144068 0.166722 0.159418 0.140447 0.183220 0.244491 0.521212 0.227403 0.149137 0.193203 0.168600 0.158547 0.192296 0.177451 0.160883 0.161818 0.202967 0.146285 0.185701 0.157176 0.166642 0.189971 0.173345 0.153291 0.174012 0.171906 0.196979 0.180488 0.172247 0.167941 0.149669 0.133154 0.137665 0.125123 0.172497 0.114956 0.130339 0.148172 0.143087 0.150337 0.176241 0.234091 0.254466 0.198163 0.167858 0.206118 0.157411 0.212102 0.227585 0.184249 0.153655 0.188464 0.139320 0.155480 0.117503 0.182524 0.179508 0.221370 0.198862 
0.266759 0.238325 0.275357 0.247072 0.215668 0.242025 0.149835 0.199504 0.203130 0.191287 0.214697 0.207246 0.220296 0.185735 0.244613 0.193320 0.000000 0.094705 0.191736 0.141465 0.055046 0.306527 0.318131 0.270088 0.290242 0.266268 0.266990 0.226330 0.255647 0.220932 0.319201 0.236253 0.266345 0.226484 0.224474 0.274179 0.241823 0.223165 0.275496 0.217192 0.227661 0.212358 0.234326 0.228553 0.263807 0.246393 0.171077 0.183268 0.141275 0.144926 0.152975 0.154163 0.135471 0.224321 0.286057 0.197280 0.380004 0.272245 0.322393 0.386593 0.228187 0.300039 0.319337 0.281791 0.351772 0.177337 0.174913 0.218742 0.248608 0.243194 0.222752 0.256473 0.240760 0.249468 0.233123 0.216420 0.233136 0.215185 0.186276 0.189662 0.236120 0.248302 0.383542 0.318109 0.141807 0.165631 0.201987 0.177245 0.233147 0.154743 0.298588 0.159193 0.385934 0.153666 0.187656 0.258141 0.215886 0.248855 0.219604 0.240319 0.225639 0.265585 0.222036 0.210173 0.235975 0.250617 0.277467 0.261984 0.263232 0.249987 0.279616 0.235164 0.217037 0.229955 0.230905 0.248866 0.235922 0.257564 0.254236 0.274224 0.254391 0.252224 0.263796 0.276863 0.251043 0.251037 0.275878 0.277820 0.231131 0.288331 0.303506 0.272748 0.259957 0.284963 0.249085 0.242150 0.228090 0.248209 0.262486 0.259730 0.264284 0.265743 0.164486 0.162352 0.212019 0.205783 0.330055 0.247944 0.324803 0.216351 0.176047 0.199861 0.208342 0.217294 0.295309 0.329538 0.245183 0.193824 0.231939 0.223858 0.244707 0.251262 0.231422 0.281822 0.226531 0.274341 0.198897 0.201457 0.264494 0.252644 0.235293 0.254002 0.266365 0.163894 0.206793 0.167679 0.182702 0.174332 0.146790 0.158169 0.179239 0.223034 0.236667 0.249308 0.214334 0.243087 0.376315 0.660083 0.176867 0.177405 0.171149 0.200857 0.201855 0.222337 0.221883 0.202763 0.237396 0.193036 0.214079 0.234549 0.232168 0.211509 0.198489 0.196653 0.220869 0.200695 0.199441 0.248881 0.183602 0.201666 0.181597 0.262653 0.260547 0.221354 0.196623 0.249815 0.247985 0.252782 0.250807 0.269445 0.200263 0.203092 0.152699 0.188783 0.152733 0.179699 0.208475 0.181040 0.157648 0.160722 0.134932 0.243904 0.195892 0.275096 0.229202 0.248344 0.260050 0.173571 0.151240 0.150690 
0.291444 0.268579 0.301802 0.279873 0.223931 0.234528 0.183046 0.208111 0.239942 0.214283 0.226519 0.222149 0.233622 0.210957 0.254751 0.219735 0.094705 0.000000 0.198599 0.123759 0.102277 0.295210 0.321161 0.264177 0.312036 0.257838 0.268225 0.246720 0.255866 0.214463 0.325660 0.227267 0.278854 0.242968 0.231552 0.277156 0.258618 0.239587 0.271653 0.233821 0.232379 0.233401 0.243798 0.255430 0.276504 0.260639 0.199940 0.203481 0.165690 0.132110 0.184885 0.174346 0.145918 0.207288 0.278587 0.202491 0.377327 0.269590 0.316905 0.387830 0.224459 0.300744 0.319797 0.278032 0.327614 0.201048 0.210183 0.234974 0.262342 0.268698 0.240057 0.276410 0.248746 0.261061 0.235846 0.234730 0.255850 0.236936 0.191624 0.234483 0.273972 0.276296 0.403379 0.300373 0.125950 0.167127 0.216038 0.146111 0.222765 0.147157 0.305052 0.155623 0.398686 0.152250 0.200128 0.263424 0.222039 0.258005 0.224931 0.256341 0.226737 0.266694 0.234472 0.229203 0.237384 0.263643 0.281994 0.247152 0.275994 0.240265 0.281711 0.254810 0.232734 0.257782 0.251443 0.267905 0.236499 0.268073 0.258149 0.284919 0.264883 0.262377 0.274521 0.287717 0.256730 0.262482 0.285015 0.288376 0.240926 0.298104 0.312160 0.285483 0.270947 0.299213 0.263621 0.252995 0.228281 0.261868 0.273531 0.270320 0.278358 0.275255 0.161205 0.187015 0.214642 0.228393 0.340479 0.257906 0.360577 0.228089 0.193364 0.225661 0.228927 0.241671 0.321252 0.343837 0.260022 0.217451 0.262362 0.244511 0.261039 0.268230 0.251187 0.298461 0.243850 0.299386 0.220989 0.227252 0.274371 0.274829 0.255507 0.269762 0.271136 0.197711 0.239318 0.215341 0.221224 0.228807 0.199295 0.213638 0.234742 0.251488 0.267664 0.283003 0.231575 0.271378 0.402405 0.703864 0.186084 0.217019 0.218455 0.224463 0.237239 0.235424 0.245472 0.215677 0.250584 0.201331 0.253680 0.272429 0.255075 0.244642 0.230971 0.212861 0.228642 0.229650 0.230382 0.265366 0.222211 0.235070 0.219908 0.284399 0.279784 0.253174 0.212780 0.245109 0.279607 0.288485 0.280497 0.300267 0.234722 0.220897 0.143884 0.165943 0.190659 0.203475 0.221069 0.204336 0.151706 0.156341 0.168569 0.261127 0.226060 0.302214 0.251588 0.269609 0.260943 0.176119 0.144115 0.143381 
