242 242
0.000000 0.110945 0.084086 0.085647 0.169882 0.189457 0.146989 0.160393 0.152826 0.147327 0.143884 0.129818 0.159022 0.164430 0.166801 0.131032 0.125031 0.144357 0.151209 0.155160 0.216195 0.128426 0.217133 0.209021 0.257835 0.321230 0.304897 0.285137 0.307755 0.273846 0.281975 0.257748 0.269467 0.284569 0.321360 0.289327 0.259651 0.240477 0.240011 0.310383 0.281161 0.249088 0.148424 0.161714 0.166073 0.178618 0.173916 0.193565 0.177567 0.122387 0.168388 0.260269 0.198400 0.299930 0.275378 0.252979 0.299671 0.159956 0.275569 0.219207 0.173845 0.285796 0.293760 0.160918 0.267976 0.267103 0.166377 0.160659 0.123689 0.097805 0.136833 0.137932 0.129444 0.156008 0.205004 0.230342 0.223694 0.148897 0.199393 0.231612 0.166589 0.143063 0.118086 0.128461 0.412308 0.169747 0.235823 0.248374 0.208488 0.229637 0.287469 0.200397 0.348722 0.495229 0.228670 0.402088 0.299945 0.167087 0.141045 0.168425 0.170932 0.162987 0.168763 0.156667 0.162117 0.148503 0.177728 0.179534 0.177528 0.175656 0.193954 0.098810 0.095415 0.095167 0.097921 0.098870 0.085490 0.162766 0.153041 0.162989 0.191423 0.163678 0.163590 0.184098 0.149070 0.175115 0.168084 0.200499 0.163215 0.141534 0.193244 0.212109 0.182805 0.177311 0.183608 0.153853 0.194158 0.183271 0.173665 0.229113 0.166821 0.191594 0.204533 0.232826 0.174322 0.256605 0.155757 0.134076 0.272666 0.154839 0.281325 0.209812 0.231770 0.155861 0.137965 0.102307 0.152496 0.125098 0.171269 0.210896 0.220301 0.117624 0.169692 0.150535 0.215409 0.244487 0.155714 0.186778 0.210519 0.221472 0.209683 0.211950 0.208000 0.150535 0.233449 0.150467 0.119155 0.170991 0.150827 0.128831 0.136421 0.090122 0.112660 0.121399 0.103727 0.196255 0.144912 0.457176 0.136430 0.119030 0.144437 0.125566 0.077293 0.097748 0.123837 0.131719 0.129269 0.152665 0.136285 0.101007 0.092364 0.112318 0.118999 0.204009 0.113963 0.122948 0.118227 0.135227 0.161756 0.127494 0.144635 0.124898 0.120614 0.121589 0.150197 0.090436 0.108522 0.108849 0.123692 0.106996 0.153527 0.150890 0.226091 0.231022 0.162029 0.136166 0.130273 0.164101 0.133257 0.090970 0.100904 0.174556 0.211060 0.176016 0.203252 0.216041 0.103906 0.098839 0.187666 0.199785 0.210902 0.185615 
0.110945 0.000000 0.090227 0.106312 0.182707 0.196336 0.152664 0.127814 0.104552 0.127861 0.119607 0.125222 0.145509 0.155833 0.149515 0.106621 0.117165 0.120541 0.108483 0.115865 0.249061 0.158005 0.239436 0.229889 0.289765 0.333865 0.332179 0.324399 0.332526 0.296119 0.319375 0.290411 0.297481 0.293846 0.344053 0.322256 0.278016 0.259625 0.268955 0.324865 0.303485 0.283486 0.180956 0.157495 0.178454 0.170616 0.124951 0.209710 0.206704 0.188258 0.197675 0.283624 0.220138 0.336348 0.293147 0.289087 0.306911 0.196215 0.296046 0.277249 0.188670 0.293183 0.319316 0.220010 0.254749 0.301805 0.202611 0.165096 0.135842 0.104420 0.099204 0.082723 0.111503 0.123575 0.252395 0.268805 0.246856 0.174718 0.241246 0.260380 0.183000 0.197989 0.128749 0.142060 0.419280 0.158493 0.223878 0.259930 0.218495 0.230209 0.311913 0.223303 0.356581 0.516774 0.233133 0.402719 0.305795 0.168100 0.164108 0.157204 0.211385 0.188852 0.187840 0.194888 0.209674 0.174874 0.193122 0.203738 0.193836 0.206565 0.243573 0.112819 0.120453 0.123473 0.089615 0.107503 0.068428 0.135104 0.125470 0.136993 0.172057 0.141701 0.156034 0.139644 0.123732 0.172672 0.140837 0.140627 0.152847 0.129184 0.137600 0.160050 0.119480 0.140635 0.154369 0.133771 0.128777 0.164761 0.172224 0.242155 0.179908 0.204237 0.182793 0.199241 0.147089 0.238244 0.126551 0.167523 0.285886 0.187143 0.290021 0.165853 0.159882 0.134729 0.114932 0.099927 0.113868 0.076813 0.134261 0.178787 0.186568 0.112343 0.147551 0.154573 0.146113 0.248204 0.138460 0.226948 0.268619 0.257099 0.260666 0.276932 0.279088 0.167201 0.214278 0.181724 0.154301 0.172885 0.199547 0.151513 0.186450 0.080730 0.106878 0.118983 0.107305 0.143680 0.144241 0.453465 0.172734 0.116907 0.184751 0.121225 0.130051 0.109343 0.115738 0.112043 0.168731 0.108252 0.105174 0.130326 0.122894 0.141439 0.136496 0.198428 0.148214 0.127027 0.146287 0.147249 0.097917 0.092976 0.115500 0.085010 0.098526 0.109984 0.131923 0.069135 0.077636 0.089872 0.083800 0.090172 0.131795 0.167639 0.224448 0.232308 0.185724 0.140207 0.102595 0.131506 0.178141 0.096764 0.113042 0.185211 0.215963 0.180441 0.203074 0.188815 0.111354 0.086321 0.129228 0.179917 0.228012 0.200336 
0.084086 0.090227 0.000000 0.064561 0.172251 0.190143 0.160106 0.162892 0.142590 0.132176 0.147180 0.130849 0.128404 0.152227 0.131607 0.114482 0.133865 0.130903 0.115468 0.158151 0.222665 0.138091 0.213186 0.216422 0.277450 0.343265 0.324812 0.306121 0.326563 0.294714 0.300465 0.277890 0.291845 0.308048 0.351187 0.308818 0.289120 0.258170 0.259196 0.328461 0.298947 0.267163 0.157101 0.169419 0.166707 0.153068 0.157801 0.218101 0.195668 0.163880 0.189909 0.279611 0.218206 0.294726 0.280708 0.257560 0.300715 0.176211 0.284405 0.247950 0.191255 0.284771 0.297278 0.195135 0.272159 0.283344 0.157225 0.121236 0.132325 0.111037 0.106641 0.114541 0.102646 0.089677 0.250387 0.253258 0.238004 0.170574 0.231422 0.249420 0.176380 0.176960 0.092040 0.105571 0.429230 0.178950 0.247987 0.243035 0.229311 0.232891 0.288472 0.202740 0.350483 0.513082 0.237262 0.383251 0.308297 0.169388 0.164516 0.169353 0.187153 0.158490 0.177579 0.167700 0.174324 0.161014 0.176632 0.179094 0.184726 0.173640 0.209878 0.113355 0.103487 0.101457 0.086048 0.076775 0.075926 0.164511 0.136523 0.178451 0.208069 0.169418 0.145133 0.186969 0.152333 0.179839 0.158365 0.182806 0.175480 0.141333 0.202933 0.211390 0.185542 0.186798 0.190550 0.172851 0.172802 0.190352 0.181027 0.225657 0.151097 0.175301 0.173653 0.206871 0.124569 0.228412 0.135114 0.132833 0.248468 0.143197 0.268289 0.186779 0.220618 0.136500 0.115102 0.092189 0.124986 0.097324 0.165140 0.190049 0.178418 0.105450 0.148901 0.124183 0.202962 0.222409 0.134078 0.213345 0.244830 0.251429 0.230702 0.250142 0.246666 0.139924 0.216998 0.147639 0.139590 0.183004 0.173713 0.150490 0.158267 0.109863 0.112856 0.139062 0.126739 0.166708 0.139059 0.443859 0.150261 0.120242 0.141007 0.141373 0.117131 0.103813 0.130642 0.138263 0.125931 0.162842 0.147621 0.118704 0.094989 0.121507 0.117849 0.197491 0.129688 0.121065 0.125445 0.161845 0.169954 0.100722 0.153627 0.102040 0.119746 0.088945 0.148282 0.079674 0.105394 0.088764 0.093797 0.117463 0.133576 0.145148 0.208875 0.230446 0.162663 0.125020 0.092465 0.116280 0.151518 0.083734 0.110508 0.176767 0.214081 0.181288 0.175551 0.190056 0.098885 0.100250 0.175497 0.156964 0.197714 0.181790 
0.085647 0.106312 0.064561 0.000000 0.133914 0.157853 0.159988 0.155685 0.141187 0.148950 0.160428 0.133963 0.155018 0.156881 0.154668 0.124294 0.142771 0.130215 0.127996 0.153931 0.209178 0.116567 0.197995 0.201087 0.252296 0.313847 0.300504 0.282292 0.307854 0.266848 0.279057 0.253603 0.267824 0.277919 0.326679 0.286313 0.260664 0.234109 0.234267 0.304329 0.275096 0.242820 0.141986 0.152221 0.142300 0.172405 0.167512 0.196219 0.175077 0.154691 0.167511 0.243379 0.192127 0.282351 0.261356 0.234917 0.279117 0.147917 0.249353 0.221233 0.161413 0.249316 0.266057 0.182536 0.259000 0.279326 0.162605 0.122710 0.136784 0.106306 0.108484 0.118345 0.114733 0.119248 0.231015 0.237193 0.228168 0.155364 0.213922 0.229034 0.148136 0.161719 0.086855 0.096984 0.403903 0.180710 0.231972 0.243395 0.239721 0.233784 0.299736 0.202801 0.360399 0.503718 0.231563 0.364750 0.304417 0.166073 0.141132 0.155225 0.171402 0.156957 0.166960 0.144122 0.154305 0.142622 0.169072 0.167938 0.155158 0.176517 0.188492 0.116979 0.112973 0.108355 0.096677 0.088143 0.076123 0.169423 0.152827 0.168192 0.202262 0.169947 0.168534 0.189902 0.158036 0.183731 0.165576 0.192880 0.166699 0.148003 0.198857 0.218044 0.187955 0.180013 0.200506 0.157763 0.186174 0.189786 0.180843 0.223900 0.159142 0.154033 0.193893 0.222508 0.146282 0.255626 0.139141 0.117598 0.232269 0.138010 0.273174 0.206160 0.237471 0.143702 0.129833 0.121302 0.144406 0.119210 0.173609 0.210876 0.199630 0.111091 0.156508 0.137014 0.221206 0.221647 0.154402 0.193656 0.237299 0.234026 0.217309 0.239175 0.235897 0.148393 0.219883 0.152253 0.137099 0.167786 0.166024 0.145811 0.148011 0.108688 0.123645 0.139811 0.101627 0.196231 0.166292 0.469845 0.153290 0.110844 0.156808 0.132808 0.114430 0.104348 0.117870 0.121388 0.135785 0.154749 0.134792 0.106237 0.096999 0.119942 0.134925 0.208966 0.126970 0.126729 0.140498 0.160706 0.167039 0.125442 0.149845 0.122816 0.123244 0.108160 0.139183 0.107361 0.104607 0.121426 0.119813 0.129037 0.155737 0.149693 0.205122 0.215109 0.173772 0.142762 0.134951 0.141677 0.157325 0.082542 0.101980 0.169425 0.198905 0.177583 0.180225 0.201359 0.109295 0.103522 0.177191 0.179403 0.196873 0.177448 
0.169882 0.182707 0.172251 0.133914 0.000000 0.077198 0.180497 0.222584 0.238182 0.239059 0.237552 0.229044 0.215999 0.209208 0.235734 0.212655 0.228829 0.219395 0.230695 0.220885 0.194800 0.179302 0.210756 0.180547 0.217719 0.268387 0.243843 0.238935 0.255943 0.229715 0.238353 0.235121 0.223466 0.257043 0.292713 0.243136 0.228761 0.214652 0.215552 0.247401 0.230164 0.210995 0.216156 0.235486 0.241528 0.255720 0.239296 0.205733 0.175008 0.175195 0.184421 0.162537 0.164679 0.205730 0.170900 0.154400 0.189613 0.206243 0.159373 0.145211 0.133469 0.195917 0.189716 0.146535 0.180217 0.184470 0.127349 0.130111 0.156456 0.164870 0.208376 0.199782 0.210948 0.233908 0.173438 0.176474 0.152309 0.103123 0.154946 0.171045 0.094576 0.116065 0.154970 0.132477 0.317524 0.210982 0.165714 0.204654 0.197594 0.167627 0.241692 0.154478 0.283714 0.427324 0.169545 0.296865 0.253021 0.218876 0.207639 0.224151 0.203708 0.231264 0.212824 0.212243 0.236114 0.204228 0.229760 0.242910 0.245456 0.247735 0.264022 0.159393 0.131087 0.162906 0.158548 0.175106 0.180772 0.240981 0.244731 0.243015 0.274667 0.240022 0.243107 0.275290 0.233797 0.245215 0.239865 0.279376 0.223501 0.225954 0.276106 0.291316 0.263128 0.259006 0.271479 0.216134 0.272581 0.269293 0.263410 0.174936 0.196451 0.138232 0.275458 0.323637 0.226796 0.326437 0.231105 0.200109 0.219594 0.212673 0.207291 0.286940 0.324978 0.246045 0.205156 0.199796 0.217793 0.220043 0.249661 0.282386 0.301132 0.208630 0.256158 0.240451 0.305342 0.217702 0.206617 0.148092 0.175354 0.176085 0.166723 0.174388 0.174421 0.172534 0.236263 0.156514 0.132269 0.156824 0.140703 0.154611 0.117780 0.181088 0.189672 0.173210 0.174239 0.285324 0.268235 0.563593 0.121865 0.148782 0.163611 0.148628 0.157782 0.146501 0.141034 0.172569 0.150160 0.239193 0.166392 0.132172 0.185541 0.166640 0.172581 0.261224 0.156402 0.172977 0.164567 0.188647 0.248432 0.227515 0.227898 0.206600 0.196338 0.203803 0.162145 0.192472 0.174138 0.208206 0.207635 0.207012 0.203087 0.173069 0.164266 0.182564 0.199737 0.206646 0.221921 0.238587 0.192781 0.165901 0.174044 0.169471 0.134123 0.178858 0.163622 0.156076 0.170066 0.160270 0.259722 0.277647 0.185199 0.187057 
0.189457 0.196336 0.190143 0.157853 0.077198 0.000000 0.184971 0.231647 0.251846 0.253793 0.235458 0.243257 0.243462 0.239987 0.268676 0.242068 0.245853 0.244001 0.226384 0.232403 0.218759 0.201037 0.231808 0.207404 0.243518 0.270585 0.265860 0.266786 0.272857 0.246372 0.267402 0.278815 0.222861 0.280642 0.317786 0.267484 0.255985 0.248995 0.255497 0.254865 0.252834 0.248052 0.263662 0.270926 0.279014 0.300447 0.277779 0.227778 0.196790 0.217463 0.229245 0.171139 0.186522 0.207238 0.193085 0.163542 0.206113 0.247121 0.174632 0.151292 0.161204 0.188182 0.205212 0.179482 0.187623 0.195313 0.146107 0.142534 0.163387 0.192245 0.227774 0.212396 0.234302 0.238218 0.188730 0.181495 0.171142 0.135266 0.176623 0.170789 0.122286 0.152097 0.191265 0.170426 0.296781 0.213077 0.164812 0.186161 0.189922 0.179120 0.229155 0.166307 0.278622 0.407671 0.173801 0.277776 0.237758 0.224489 0.243405 0.247009 0.250535 0.277558 0.251187 0.256903 0.282152 0.251447 0.271709 0.286240 0.285262 0.297981 0.298000 0.177059 0.145811 0.187786 0.189489 0.196401 0.195086 0.272300 0.274565 0.269418 0.302358 0.277140 0.270866 0.299595 0.261129 0.272042 0.268449 0.303131 0.250454 0.263035 0.305233 0.319304 0.292100 0.287137 0.288663 0.241150 0.296223 0.297424 0.282370 0.192839 0.223114 0.150333 0.307557 0.360657 0.255886 0.348505 0.244950 0.237944 0.259322 0.246870 0.224200 0.316346 0.338854 0.277531 0.221141 0.217778 0.243522 0.241728 0.262728 0.293049 0.325627 0.245474 0.292098 0.281202 0.324321 0.233264 0.210797 0.170796 0.183255 0.188266 0.180181 0.192646 0.196256 0.184293 0.256621 0.185097 0.161980 0.181050 0.173664 0.185799 0.164530 0.194172 0.204114 0.191018 0.201134 0.309400 0.281742 0.580004 0.145291 0.174794 0.177134 0.164960 0.170463 0.165648 0.146410 0.188304 0.158563 0.250336 0.176863 0.147721 0.195816 0.168025 0.185820 0.277423 0.176213 0.185175 0.187474 0.204493 0.262942 0.239671 0.229971 0.222998 0.208716 0.220566 0.170795 0.204888 0.203740 0.228974 0.236658 0.229725 0.215547 0.188023 0.180279 0.178928 0.201211 0.218927 0.222961 0.253620 0.202832 0.181838 0.187529 0.189494 0.138208 0.196308 0.153145 0.155111 0.177794 0.165809 0.276712 0.307826 0.207969 0.207930 
0.146989 0.152664 0.160106 0.159988 0.180497 0.184971 0.000000 0.108387 0.149546 0.120630 0.127512 0.146487 0.132673 0.139757 0.151252 0.138146 0.099575 0.145561 0.132591 0.114009 0.134626 0.117102 0.155211 0.129106 0.221189 0.264368 0.258126 0.253141 0.255432 0.233076 0.246953 0.238516 0.216536 0.237644 0.280856 0.245600 0.230479 0.198251 0.208607 0.253945 0.233890 0.213739 0.162144 0.160050 0.176884 0.186220 0.162622 0.134739 0.123270 0.109257 0.118456 0.240787 0.161133 0.313414 0.229535 0.274732 0.285255 0.172502 0.272089 0.233428 0.169293 0.287659 0.292246 0.153736 0.232553 0.264726 0.147133 0.148287 0.103127 0.118364 0.135865 0.129469 0.137643 0.153566 0.192697 0.185605 0.194702 0.147199 0.186688 0.201241 0.182464 0.147092 0.156264 0.162723 0.327736 0.071817 0.125759 0.143761 0.110925 0.150155 0.201599 0.118505 0.252102 0.396014 0.099819 0.354044 0.219895 0.112649 0.151132 0.154125 0.173758 0.179608 0.169098 0.173366 0.194410 0.161231 0.172145 0.186659 0.195122 0.196388 0.213429 0.118205 0.117173 0.136365 0.138467 0.162755 0.148302 0.146918 0.170704 0.156141 0.179947 0.156213 0.154575 0.176950 0.133460 0.158830 0.154694 0.178190 0.134319 0.137082 0.186229 0.188378 0.172811 0.164805 0.165545 0.122724 0.159141 0.172220 0.172384 0.135385 0.129576 0.156982 0.189202 0.246850 0.168433 0.240428 0.120597 0.141625 0.216593 0.133517 0.182315 0.203265 0.216218 0.172630 0.102596 0.123887 0.129196 0.152357 0.135844 0.173183 0.199833 0.139357 0.200624 0.204911 0.218063 0.178928 0.113905 0.177980 0.229869 0.211191 0.226933 0.229030 0.247713 0.110752 0.154899 0.130536 0.109119 0.133416 0.138016 0.121969 0.163632 0.105727 0.120894 0.132233 0.124702 0.273672 0.243689 0.547555 0.134479 0.096999 0.146989 0.127348 0.131932 0.122522 0.101601 0.128451 0.135597 0.149710 0.129746 0.120545 0.160776 0.120280 0.109592 0.167301 0.096372 0.109207 0.111031 0.113655 0.190338 0.168681 0.123023 0.145527 0.125729 0.129891 0.155553 0.131324 0.150160 0.154579 0.172298 0.162186 0.118570 0.125032 0.139394 0.177026 0.126261 0.126976 0.167936 0.196901 0.119092 0.152617 0.146541 0.132186 0.142070 0.109677 0.179298 0.153896 0.103240 0.105178 0.160249 0.185032 0.120433 0.117065 
0.160393 0.127814 0.162892 0.155685 0.222584 0.231647 0.108387 0.000000 0.123406 0.110058 0.095392 0.147253 0.109386 0.117310 0.119045 0.099382 0.102204 0.117915 0.126464 0.074552 0.178922 0.116031 0.139119 0.167430 0.220815 0.270247 0.258941 0.255147 0.279891 0.243332 0.254448 0.225200 0.217995 0.237649 0.292718 0.259068 0.243480 0.210281 0.217114 0.275847 0.253653 0.230597 0.134367 0.123587 0.147399 0.150295 0.098640 0.184095 0.159173 0.149838 0.146932 0.297019 0.202981 0.369590 0.283020 0.335150 0.348190 0.150773 0.337548 0.281281 0.180107 0.319819 0.354494 0.214513 0.282273 0.322931 0.211775 0.188678 0.142997 0.116864 0.119772 0.087517 0.119237 0.150634 0.253635 0.246379 0.258417 0.204862 0.237915 0.246550 0.235329 0.211128 0.177504 0.194283 0.419650 0.089507 0.184004 0.173955 0.148320 0.227097 0.258052 0.173168 0.320582 0.462781 0.170959 0.406125 0.240605 0.086204 0.137999 0.134752 0.161944 0.165620 0.125418 0.151677 0.178021 0.137717 0.158030 0.171942 0.165549 0.182306 0.212342 0.126926 0.142422 0.140120 0.121383 0.149572 0.125848 0.104154 0.109711 0.104695 0.154843 0.129684 0.129440 0.126136 0.100896 0.136741 0.109526 0.131201 0.109929 0.104597 0.131533 0.126462 0.109722 0.129193 0.143608 0.083944 0.108599 0.141700 0.150825 0.181798 0.112609 0.215259 0.169750 0.178685 0.153233 0.235694 0.084067 0.121842 0.273886 0.117192 0.232591 0.161890 0.168056 0.118023 0.106967 0.138950 0.091604 0.118137 0.109964 0.170749 0.156791 0.129407 0.148091 0.177206 0.152249 0.224293 0.115973 0.231016 0.285742 0.262386 0.283525 0.289270 0.292915 0.157679 0.198312 0.186453 0.181720 0.181853 0.202154 0.171276 0.204014 0.104971 0.125401 0.154704 0.082739 0.224012 0.240725 0.546042 0.197057 0.115252 0.176619 0.165922 0.159105 0.137104 0.142677 0.128354 0.176249 0.075373 0.129628 0.157077 0.161542 0.148784 0.148703 0.192640 0.150187 0.142180 0.157485 0.159859 0.134843 0.150701 0.136392 0.115206 0.099678 0.106415 0.157146 0.132084 0.135599 0.155653 0.148606 0.175435 0.165010 0.188404 0.168257 0.217818 0.187412 0.148735 0.180091 0.176915 0.155771 0.127356 0.127084 0.131086 0.211441 0.155999 0.229000 0.190699 0.111348 0.112453 0.104753 0.139860 0.142766 0.109242 
0.152826 0.104552 0.142590 0.141187 0.238182 0.251846 0.149546 0.123406 0.000000 0.113963 0.122767 0.074503 0.163070 0.155438 0.157485 0.104027 0.097520 0.102506 0.056994 0.107692 0.183855 0.131752 0.214243 0.181907 0.283487 0.332399 0.326137 0.321987 0.335854 0.290136 0.317010 0.287850 0.284534 0.299284 0.334784 0.316675 0.276120 0.258728 0.265189 0.322331 0.299073 0.276197 0.181222 0.153999 0.171748 0.188092 0.123489 0.186684 0.185609 0.173672 0.165851 0.296215 0.208140 0.381715 0.317004 0.328003 0.336951 0.190832 0.326964 0.305501 0.205914 0.320685 0.347119 0.213140 0.281238 0.341912 0.212362 0.191376 0.156154 0.120223 0.102977 0.082773 0.106539 0.122493 0.261734 0.261788 0.283786 0.207507 0.242269 0.269138 0.231470 0.211496 0.176633 0.196022 0.385305 0.129013 0.212867 0.220652 0.195363 0.216602 0.280503 0.206533 0.343844 0.498483 0.220511 0.399467 0.265141 0.158779 0.164164 0.170355 0.211856 0.198641 0.198265 0.193777 0.210747 0.176325 0.200667 0.210981 0.195417 0.218047 0.241092 0.151778 0.170410 0.164368 0.137178 0.149367 0.114008 0.146708 0.142477 0.128130 0.171472 0.151602 0.164334 0.140729 0.141606 0.186242 0.162252 0.151573 0.155077 0.141712 0.148553 0.167863 0.132098 0.151033 0.178856 0.145780 0.141640 0.172323 0.182084 0.246053 0.167273 0.238747 0.204382 0.210820 0.167037 0.269744 0.148286 0.171869 0.299455 0.188775 0.266034 0.195769 0.177387 0.158130 0.132200 0.136617 0.134691 0.085019 0.140772 0.177819 0.165700 0.130284 0.173593 0.200887 0.120882 0.249602 0.129156 0.245046 0.284029 0.278150 0.279467 0.301358 0.315272 0.156480 0.178055 0.209395 0.194887 0.194665 0.213310 0.190243 0.225865 0.131670 0.164272 0.156930 0.119612 0.214664 0.200809 0.510216 0.196321 0.142649 0.200666 0.147045 0.135797 0.156664 0.142345 0.120717 0.192723 0.102873 0.123658 0.151260 0.134793 0.162045 0.165287 0.191520 0.174867 0.156190 0.167947 0.150762 0.122389 0.132621 0.100138 0.119187 0.143429 0.133090 0.162300 0.108553 0.102944 0.131607 0.139280 0.142818 0.148777 0.176382 0.221474 0.221059 0.178747 0.146684 0.162200 0.165235 0.172891 0.139962 0.152379 0.179475 0.207681 0.153152 0.211944 0.194641 0.140832 0.136475 0.121090 0.183118 0.213927 0.195536 
0.147327 0.127861 0.132176 0.148950 0.239059 0.253793 0.120630 0.110058 0.113963 0.000000 0.064050 0.101196 0.077506 0.125159 0.094184 0.111212 0.098624 0.130472 0.105756 0.105819 0.171883 0.128101 0.176468 0.159861 0.237032 0.298641 0.281865 0.274202 0.285028 0.269164 0.266979 0.250146 0.243740 0.263476 0.312474 0.270572 0.248777 0.194368 0.205361 0.271902 0.232750 0.212209 0.118146 0.117792 0.121076 0.121937 0.114351 0.201784 0.145969 0.143074 0.145538 0.309758 0.227700 0.382445 0.292280 0.342349 0.347472 0.130700 0.343860 0.301966 0.212678 0.359200 0.363154 0.211757 0.296044 0.344200 0.213109 0.194333 0.163731 0.129367 0.127597 0.124673 0.117722 0.120555 0.261534 0.245325 0.268376 0.211011 0.248336 0.247766 0.242260 0.212257 0.168369 0.199110 0.417104 0.111722 0.207693 0.181414 0.172597 0.234433 0.286790 0.173575 0.344363 0.481545 0.188326 0.405495 0.262618 0.094901 0.126398 0.150393 0.164401 0.137149 0.151481 0.145987 0.146376 0.124465 0.132219 0.144143 0.149423 0.140694 0.175788 0.152255 0.160192 0.152411 0.140043 0.129799 0.123232 0.092955 0.108436 0.105269 0.110273 0.090793 0.086907 0.096956 0.090629 0.103457 0.104798 0.109131 0.110223 0.079213 0.120739 0.136477 0.102969 0.098712 0.109634 0.109011 0.086222 0.094497 0.133341 0.217908 0.139307 0.236216 0.135983 0.186805 0.168896 0.177094 0.088150 0.113918 0.290098 0.133972 0.253228 0.152218 0.144521 0.130378 0.108048 0.106908 0.089726 0.111601 0.150861 0.170046 0.158934 0.117297 0.168858 0.143070 0.151998 0.243317 0.133117 0.236390 0.286425 0.277804 0.290288 0.294720 0.308075 0.171888 0.207865 0.183214 0.176148 0.185045 0.200994 0.178126 0.219743 0.119366 0.153954 0.170498 0.137820 0.218862 0.198139 0.508656 0.187306 0.117918 0.185714 0.176765 0.154084 0.151342 0.151885 0.158053 0.188252 0.106337 0.176595 0.151768 0.155342 0.151940 0.166670 0.204764 0.157147 0.157327 0.160544 0.154655 0.135914 0.112992 0.110897 0.090295 0.101069 0.117680 0.201134 0.126148 0.147087 0.116513 0.124994 0.140705 0.168158 0.205600 0.202537 0.258834 0.194356 0.167102 0.155810 0.175996 0.157319 0.151988 0.162643 0.174922 0.233344 0.165344 0.244652 0.226271 0.103941 0.128209 0.112803 0.136071 0.172001 0.145734 
0.143884 0.119607 0.147180 0.160428 0.237552 0.235458 0.127512 0.095392 0.122767 0.064050 0.000000 0.092578 0.083196 0.124030 0.098728 0.117417 0.109126 0.111194 0.101472 0.093037 0.192646 0.132664 0.167605 0.182026 0.242692 0.290115 0.281715 0.276302 0.282565 0.267008 0.274322 0.254534 0.234028 0.256444 0.301952 0.269197 0.264127 0.223007 0.232892 0.286859 0.264680 0.242951 0.140105 0.136501 0.141907 0.141574 0.115022 0.211123 0.154956 0.148549 0.168840 0.320106 0.235431 0.387196 0.304293 0.351373 0.367382 0.154981 0.361955 0.295243 0.212245 0.362649 0.373323 0.218418 0.312976 0.341087 0.223830 0.193624 0.170565 0.134313 0.121743 0.104868 0.127653 0.129230 0.280140 0.258511 0.288408 0.228882 0.266386 0.248708 0.249237 0.225024 0.178144 0.207757 0.426858 0.102463 0.199610 0.182851 0.168131 0.246885 0.287971 0.184122 0.342657 0.480881 0.196033 0.408567 0.249841 0.089416 0.137886 0.154280 0.166937 0.148476 0.147132 0.151436 0.162076 0.142520 0.153623 0.164085 0.169710 0.162123 0.187876 0.154056 0.163032 0.150718 0.133820 0.129194 0.122858 0.091814 0.100890 0.107171 0.120557 0.107016 0.104076 0.128874 0.088498 0.121191 0.115140 0.125641 0.110301 0.097213 0.130932 0.144046 0.113205 0.110750 0.113720 0.113644 0.102555 0.117416 0.126936 0.216692 0.148536 0.240352 0.140423 0.188622 0.178411 0.186056 0.090489 0.110896 0.305514 0.134099 0.253401 0.156228 0.144378 0.125710 0.112182 0.109425 0.083619 0.116761 0.137507 0.179785 0.173546 0.120596 0.169308 0.150933 0.140505 0.253230 0.131183 0.251309 0.301556 0.291473 0.306613 0.303304 0.316630 0.175898 0.228299 0.201655 0.188077 0.200627 0.213408 0.195155 0.225378 0.117335 0.156900 0.158165 0.134859 0.215420 0.168662 0.498947 0.213577 0.131061 0.184179 0.187561 0.171394 0.158396 0.170355 0.165771 0.203194 0.099401 0.179983 0.171607 0.170652 0.152249 0.179713 0.228255 0.176572 0.169369 0.168768 0.150004 0.113639 0.093985 0.114219 0.099294 0.091411 0.123566 0.181463 0.127155 0.140866 0.107131 0.136372 0.129605 0.173261 0.216576 0.200243 0.264021 0.214098 0.186235 0.143592 0.193772 0.145971 0.145873 0.151932 0.170771 0.246023 0.166885 0.250551 0.222009 0.099704 0.128840 0.097467 0.133331 0.166805 0.131975 
0.129818 0.125222 0.130849 0.133963 0.229044 0.243257 0.146487 0.147253 0.074503 0.101196 0.092578 0.000000 0.147159 0.151202 0.136967 0.108975 0.106681 0.073243 0.069759 0.114107 0.187199 0.116416 0.197606 0.179951 0.270721 0.328500 0.316862 0.301916 0.320374 0.282945 0.294043 0.273769 0.268324 0.293982 0.319041 0.301487 0.265712 0.250387 0.255982 0.320347 0.290998 0.261327 0.159377 0.148836 0.159276 0.170970 0.147978 0.189344 0.166071 0.151010 0.166424 0.293514 0.211741 0.373782 0.308395 0.319105 0.337130 0.172214 0.333145 0.294781 0.193451 0.328035 0.343721 0.209734 0.291284 0.329977 0.212085 0.189125 0.162725 0.117412 0.106283 0.112305 0.107260 0.114992 0.265029 0.260598 0.288466 0.213727 0.250488 0.261947 0.230351 0.203303 0.165226 0.187612 0.405218 0.129275 0.210239 0.204915 0.196282 0.237715 0.288321 0.177468 0.346297 0.491158 0.211124 0.401534 0.275736 0.145432 0.148738 0.173612 0.189280 0.172607 0.188562 0.171320 0.183420 0.164119 0.182915 0.192016 0.183739 0.188804 0.214841 0.154040 0.165864 0.156758 0.135157 0.131170 0.107118 0.129383 0.128995 0.135517 0.155874 0.140635 0.146025 0.154551 0.133610 0.172513 0.165360 0.150402 0.147060 0.129322 0.163333 0.187457 0.154993 0.149573 0.175975 0.153188 0.152276 0.164313 0.158283 0.236131 0.169935 0.225284 0.187064 0.219949 0.169360 0.250957 0.145974 0.145251 0.296081 0.166459 0.264957 0.200679 0.186371 0.151867 0.135278 0.120946 0.137596 0.093454 0.154597 0.188853 0.177758 0.115629 0.178411 0.173730 0.155716 0.253847 0.129319 0.248791 0.281009 0.289402 0.284408 0.295792 0.296830 0.172411 0.211927 0.208422 0.194491 0.204854 0.216038 0.199057 0.206841 0.140539 0.174000 0.154545 0.133668 0.218162 0.160623 0.492648 0.189204 0.148050 0.184564 0.163434 0.132954 0.156069 0.151160 0.147903 0.180567 0.123065 0.157612 0.138647 0.135242 0.156103 0.172563 0.215611 0.174514 0.163292 0.167550 0.155896 0.120770 0.101022 0.113822 0.125259 0.137639 0.126607 0.168581 0.117880 0.107243 0.121306 0.144265 0.134220 0.173054 0.181366 0.216109 0.231646 0.189379 0.153347 0.156580 0.177598 0.161111 0.127744 0.139665 0.174624 0.219565 0.161206 0.218404 0.212702 0.123374 0.142601 0.128447 0.173990 0.189202 0.166280 
0.159022 0.145509 0.128404 0.155018 0.215999 0.243462 0.132673 0.109386 0.163070 0.077506 0.083196 0.147159 0.000000 0.105419 0.055774 0.123839 0.136333 0.135477 0.136159 0.112846 0.191300 0.127345 0.165206 0.183681 0.205177 0.270338 0.244485 0.238881 0.246818 0.242773 0.227306 0.219648 0.221469 0.233669 0.292705 0.234332 0.242611 0.171964 0.183513 0.247798 0.215781 0.191043 0.086092 0.091115 0.094768 0.071401 0.082362 0.208735 0.145380 0.139535 0.146756 0.303732 0.222209 0.360775 0.277918 0.327279 0.354486 0.123014 0.338210 0.283388 0.200500 0.357073 0.349038 0.209689 0.306134 0.325779 0.214159 0.190594 0.165810 0.154345 0.141204 0.126830 0.125746 0.125160 0.269353 0.250834 0.262776 0.204915 0.248468 0.248889 0.234480 0.207831 0.144669 0.170886 0.453976 0.133142 0.228895 0.202896 0.187283 0.258734 0.281605 0.172866 0.341958 0.495220 0.197062 0.404951 0.266962 0.082531 0.118186 0.133662 0.125761 0.105397 0.114896 0.101935 0.108961 0.092448 0.095447 0.103739 0.117830 0.106073 0.142425 0.146413 0.149146 0.140315 0.107553 0.124952 0.137896 0.091027 0.094866 0.103094 0.128615 0.079279 0.069620 0.101953 0.077179 0.099144 0.077740 0.109482 0.117225 0.087522 0.120796 0.128379 0.098639 0.099905 0.107226 0.106638 0.104257 0.109861 0.111830 0.204077 0.125230 0.233216 0.092694 0.153759 0.152486 0.146093 0.070621 0.082343 0.280078 0.110092 0.251601 0.110695 0.150565 0.094282 0.097344 0.107166 0.048972 0.131439 0.149335 0.182280 0.146704 0.102122 0.134602 0.120919 0.166288 0.245719 0.147353 0.226636 0.282014 0.265055 0.280046 0.281348 0.288184 0.174417 0.231359 0.178749 0.171081 0.191978 0.197582 0.175987 0.196438 0.130847 0.145464 0.176759 0.141866 0.217430 0.201190 0.513289 0.211070 0.125778 0.176829 0.190229 0.180950 0.141590 0.183825 0.182501 0.188496 0.119967 0.191216 0.181273 0.165138 0.170755 0.173083 0.219286 0.166342 0.160253 0.150792 0.184878 0.167827 0.128606 0.161567 0.103618 0.101181 0.113611 0.213158 0.151601 0.170141 0.132690 0.130941 0.149393 0.165250 0.225506 0.191711 0.274669 0.218629 0.180916 0.156144 0.170198 0.164856 0.145796 0.152479 0.173215 0.248829 0.165539 0.263983 0.239938 0.105757 0.127234 0.102730 0.103113 0.155174 0.128211 
0.164430 0.155833 0.152227 0.156881 0.209208 0.239987 0.139757 0.117310 0.155438 0.125159 0.124030 0.151202 0.105419 0.000000 0.107148 0.134809 0.147900 0.148176 0.158978 0.130469 0.175575 0.143923 0.151807 0.161433 0.199626 0.261716 0.252848 0.236135 0.268447 0.221176 0.234600 0.203028 0.205031 0.217509 0.284578 0.238431 0.235003 0.202172 0.205002 0.274222 0.248420 0.201915 0.143964 0.127563 0.136325 0.101655 0.114793 0.186578 0.128133 0.133087 0.123899 0.285273 0.185045 0.346068 0.255745 0.314301 0.336262 0.165855 0.311785 0.274114 0.166744 0.331242 0.312998 0.182930 0.266912 0.293436 0.219269 0.196883 0.161661 0.153248 0.144873 0.131551 0.116825 0.126239 0.245234 0.240821 0.259345 0.197458 0.228452 0.235277 0.223194 0.193631 0.127645 0.144972 0.448337 0.136379 0.224342 0.200964 0.184385 0.247784 0.269899 0.161858 0.326538 0.474964 0.193724 0.419169 0.255453 0.131014 0.121321 0.117437 0.140929 0.132813 0.113042 0.133421 0.170387 0.138872 0.145948 0.135816 0.160774 0.143121 0.183944 0.139948 0.144002 0.116959 0.103716 0.122865 0.141835 0.146835 0.117142 0.149536 0.200461 0.150975 0.134371 0.172621 0.133983 0.172850 0.130463 0.177880 0.162529 0.129566 0.177503 0.161724 0.161036 0.164412 0.180781 0.137967 0.164565 0.176752 0.158794 0.152189 0.097093 0.184511 0.112879 0.146650 0.110910 0.188029 0.116169 0.104010 0.211683 0.097138 0.193065 0.115403 0.212238 0.098923 0.109354 0.112055 0.102341 0.139503 0.121136 0.173886 0.143184 0.107698 0.094935 0.128452 0.197505 0.173997 0.142521 0.204832 0.275466 0.243760 0.256977 0.271523 0.270906 0.163576 0.214180 0.140595 0.166808 0.161023 0.177193 0.148427 0.180368 0.135134 0.145523 0.190181 0.122381 0.215666 0.221253 0.559386 0.200137 0.123839 0.190763 0.182749 0.187367 0.132011 0.170137 0.166258 0.180811 0.128681 0.175721 0.170681 0.164652 0.175426 0.166985 0.214275 0.173682 0.154634 0.156828 0.186732 0.165171 0.147459 0.158935 0.100608 0.121003 0.103936 0.218866 0.171788 0.173221 0.136205 0.132083 0.177582 0.162174 0.213012 0.159823 0.230713 0.178003 0.132886 0.162898 0.155959 0.144968 0.125881 0.124974 0.129222 0.221282 0.141387 0.237180 0.224147 0.104097 0.121457 0.157629 0.142029 0.130485 0.115402 
0.166801 0.149515 0.131607 0.154668 0.235734 0.268676 0.151252 0.119045 0.157485 0.094184 0.098728 0.136967 0.055774 0.107148 0.000000 0.117375 0.122133 0.128781 0.139717 0.119311 0.205711 0.127612 0.163805 0.195159 0.221934 0.286924 0.268061 0.253141 0.273870 0.253050 0.245078 0.227106 0.240011 0.255917 0.307313 0.253804 0.252866 0.206484 0.212137 0.276042 0.248044 0.215413 0.099227 0.082889 0.095268 0.068913 0.075801 0.195205 0.164087 0.144244 0.149782 0.305947 0.206279 0.363338 0.287822 0.333063 0.356734 0.132390 0.345794 0.301919 0.208109 0.343897 0.353566 0.226895 0.300398 0.339012 0.219176 0.198504 0.183108 0.143942 0.127495 0.142050 0.094869 0.098284 0.280142 0.269103 0.282520 0.220207 0.259010 0.278692 0.244977 0.219979 0.145064 0.174512 0.456526 0.140365 0.236144 0.220710 0.197201 0.260770 0.304395 0.180758 0.359459 0.513125 0.208602 0.419971 0.289761 0.103384 0.117742 0.121048 0.138628 0.102025 0.131486 0.108935 0.116699 0.114729 0.113139 0.117343 0.119958 0.114750 0.150390 0.154582 0.164245 0.143677 0.110185 0.118992 0.126294 0.106157 0.080940 0.122517 0.145187 0.097273 0.091579 0.115386 0.099793 0.130549 0.106384 0.126604 0.122000 0.095675 0.140343 0.135086 0.115687 0.119905 0.129732 0.119968 0.113944 0.131207 0.111217 0.207957 0.137496 0.230456 0.073548 0.114113 0.122166 0.148963 0.090438 0.087419 0.266427 0.117873 0.243914 0.102195 0.149980 0.072872 0.102320 0.093561 0.062405 0.109759 0.150917 0.184360 0.100683 0.082959 0.097051 0.100577 0.152615 0.240004 0.141270 0.248352 0.292466 0.287062 0.295240 0.300846 0.290932 0.184957 0.218398 0.191939 0.193551 0.204725 0.214482 0.194208 0.203002 0.140214 0.149601 0.181544 0.141990 0.194975 0.169760 0.522752 0.216278 0.143779 0.188863 0.198927 0.194297 0.158086 0.184494 0.178548 0.195568 0.126271 0.189980 0.183914 0.162432 0.187405 0.176096 0.206858 0.182285 0.168008 0.167630 0.195687 0.175902 0.106297 0.163542 0.107263 0.116175 0.096771 0.210998 0.150844 0.152192 0.119219 0.116980 0.149832 0.155122 0.204456 0.203793 0.257876 0.210247 0.166260 0.160456 0.152465 0.163967 0.140981 0.141959 0.160830 0.248787 0.173289 0.254493 0.249417 0.126666 0.139234 0.097932 0.055935 0.144181 0.121696 
0.131032 0.106621 0.114482 0.124294 0.212655 0.242068 0.138146 0.099382 0.104027 0.111212 0.117417 0.108975 0.123839 0.134809 0.117375 0.000000 0.099990 0.078820 0.096531 0.090667 0.198432 0.078100 0.188689 0.200818 0.245789 0.304645 0.293415 0.280776 0.306583 0.253593 0.271239 0.244292 0.260372 0.270466 0.308936 0.286259 0.246209 0.232436 0.240924 0.300676 0.278977 0.241923 0.131293 0.123573 0.132420 0.142676 0.107456 0.193665 0.183405 0.143385 0.148460 0.271740 0.184605 0.354183 0.282927 0.308406 0.325717 0.143593 0.312842 0.265064 0.167411 0.302600 0.339167 0.203488 0.277915 0.328839 0.181894 0.161802 0.135849 0.106992 0.105979 0.085985 0.094091 0.116996 0.240265 0.235825 0.249577 0.188132 0.216108 0.250336 0.211085 0.189211 0.157386 0.179388 0.397252 0.140894 0.203414 0.205012 0.201988 0.222314 0.262261 0.200497 0.313649 0.498579 0.191804 0.390389 0.270188 0.122443 0.137684 0.144717 0.163974 0.169707 0.156426 0.152380 0.166692 0.137177 0.163541 0.178900 0.159795 0.178758 0.206207 0.121109 0.145178 0.130362 0.110926 0.118293 0.080223 0.112730 0.109480 0.114020 0.141784 0.116642 0.119457 0.115073 0.098118 0.146492 0.113550 0.112433 0.112175 0.092875 0.123901 0.142491 0.108498 0.117372 0.148835 0.114947 0.100461 0.131783 0.149588 0.212344 0.119449 0.209602 0.175091 0.193310 0.106745 0.246585 0.103271 0.139394 0.256534 0.136517 0.253584 0.179747 0.184203 0.126948 0.086803 0.119732 0.108637 0.078679 0.142770 0.148940 0.141486 0.105734 0.144080 0.164115 0.153406 0.224559 0.111210 0.219768 0.262493 0.247238 0.261763 0.270633 0.270760 0.144024 0.186082 0.196989 0.189881 0.189064 0.196657 0.176580 0.176538 0.108916 0.137361 0.134231 0.094801 0.194408 0.195576 0.493396 0.184198 0.123101 0.161219 0.158696 0.146204 0.140645 0.144180 0.149609 0.165223 0.091323 0.143336 0.137974 0.138634 0.152025 0.129022 0.177649 0.137681 0.134477 0.154941 0.143449 0.140650 0.118918 0.129491 0.100409 0.110506 0.107999 0.146669 0.106974 0.109141 0.124956 0.117395 0.137712 0.152056 0.171799 0.185567 0.238684 0.182535 0.132862 0.139565 0.127024 0.163559 0.124075 0.136411 0.179970 0.212089 0.174808 0.221392 0.200902 0.135004 0.127548 0.121559 0.132012 0.170330 0.157647 
0.125031 0.117165 0.133865 0.142771 0.228829 0.245853 0.099575 0.102204 0.097520 0.098624 0.109126 0.106681 0.136333 0.147900 0.122133 0.099990 0.000000 0.112409 0.087045 0.079613 0.166399 0.114192 0.165416 0.152614 0.252408 0.310397 0.299617 0.286826 0.311556 0.266624 0.281865 0.256423 0.261986 0.280026 0.304729 0.289928 0.246781 0.231697 0.236241 0.300380 0.273623 0.244369 0.155226 0.140810 0.152274 0.162145 0.130391 0.171373 0.176457 0.130010 0.146139 0.278110 0.202296 0.354526 0.276920 0.316829 0.328841 0.166875 0.314576 0.275612 0.204678 0.316969 0.355060 0.212377 0.276038 0.323330 0.161418 0.175313 0.122820 0.114727 0.094326 0.112881 0.088717 0.126426 0.224691 0.248584 0.232316 0.183495 0.211777 0.268592 0.226363 0.181545 0.165977 0.189732 0.358802 0.085760 0.164073 0.194598 0.148015 0.169971 0.252566 0.162403 0.305876 0.443463 0.170272 0.384925 0.260634 0.122209 0.141352 0.149236 0.183989 0.168934 0.169060 0.173089 0.184892 0.151972 0.171124 0.181116 0.179337 0.185171 0.219760 0.122829 0.141057 0.149396 0.136961 0.148705 0.119768 0.131354 0.127832 0.126743 0.145405 0.134444 0.138853 0.139520 0.117515 0.148132 0.136360 0.140503 0.127445 0.113696 0.145339 0.157615 0.140009 0.129042 0.152450 0.121691 0.113222 0.137693 0.162814 0.189761 0.132739 0.207164 0.168006 0.203583 0.156922 0.244749 0.112813 0.146216 0.267278 0.152650 0.219071 0.179770 0.182289 0.140516 0.109172 0.115090 0.119578 0.100523 0.131174 0.148923 0.156557 0.128780 0.173139 0.175485 0.147431 0.210278 0.111140 0.221881 0.263152 0.244059 0.261990 0.262062 0.275167 0.138745 0.170147 0.178658 0.160145 0.183056 0.185057 0.154881 0.198759 0.086220 0.106792 0.125476 0.108490 0.228954 0.208948 0.522534 0.166549 0.108109 0.167802 0.133412 0.122734 0.138214 0.133125 0.140787 0.152940 0.125343 0.139476 0.144275 0.111098 0.133789 0.113417 0.158628 0.116186 0.132856 0.131578 0.119654 0.155542 0.129021 0.089843 0.115409 0.116739 0.112820 0.156808 0.090924 0.096603 0.130564 0.138141 0.139526 0.119919 0.136084 0.200400 0.204485 0.151077 0.121203 0.161235 0.162195 0.157123 0.137781 0.142064 0.167558 0.178830 0.153266 0.199856 0.198172 0.113554 0.100934 0.130830 0.155294 0.175959 0.151170 
0.144357 0.120541 0.130903 0.130215 0.219395 0.244001 0.145561 0.117915 0.102506 0.130472 0.111194 0.073243 0.135477 0.148176 0.128781 0.078820 0.112409 0.000000 0.090291 0.096598 0.219636 0.093740 0.196941 0.217015 0.234983 0.292629 0.281291 0.273260 0.308352 0.252289 0.264971 0.245224 0.256568 0.269069 0.287961 0.276759 0.231255 0.224203 0.235003 0.292479 0.270541 0.243636 0.131181 0.129081 0.134987 0.157203 0.131000 0.167936 0.183000 0.147233 0.154557 0.276226 0.184890 0.356007 0.290295 0.314161 0.342342 0.134684 0.320021 0.275023 0.178813 0.302745 0.335218 0.217440 0.292723 0.325590 0.219399 0.197173 0.158179 0.116050 0.081682 0.085994 0.112190 0.107981 0.242864 0.247444 0.269153 0.202277 0.237338 0.268374 0.216590 0.201564 0.158160 0.176250 0.423867 0.150516 0.214534 0.217696 0.209913 0.251078 0.294601 0.195047 0.358803 0.517202 0.210675 0.417692 0.296983 0.139184 0.131836 0.152674 0.176943 0.169777 0.165722 0.154408 0.174671 0.149597 0.166030 0.178097 0.153477 0.182968 0.196864 0.147498 0.161511 0.155908 0.120990 0.127943 0.098527 0.112610 0.114038 0.094579 0.155742 0.117528 0.140428 0.144606 0.115500 0.163342 0.136927 0.102967 0.120288 0.112416 0.125034 0.160410 0.128240 0.131940 0.163576 0.122772 0.119698 0.159057 0.144357 0.219907 0.162895 0.219535 0.187114 0.212360 0.155295 0.259437 0.118103 0.138419 0.279345 0.152787 0.285121 0.198967 0.183097 0.144439 0.129043 0.148137 0.118213 0.094677 0.136538 0.194734 0.176740 0.119368 0.167216 0.184972 0.163660 0.272139 0.149742 0.244776 0.278615 0.264276 0.267662 0.294574 0.278235 0.181674 0.210071 0.216038 0.204847 0.217295 0.220327 0.197240 0.193643 0.132077 0.157457 0.138341 0.108341 0.216768 0.178900 0.487739 0.205581 0.157246 0.172296 0.181918 0.166800 0.155097 0.161972 0.157445 0.187904 0.132175 0.165722 0.154956 0.151616 0.156973 0.170393 0.212550 0.174662 0.167324 0.188397 0.176792 0.123720 0.119998 0.147773 0.138543 0.142084 0.133059 0.128430 0.115814 0.105625 0.144568 0.154850 0.155527 0.194849 0.195897 0.220026 0.246385 0.220397 0.172463 0.157603 0.185462 0.174154 0.131395 0.138055 0.189852 0.231672 0.196867 0.243635 0.221272 0.149237 0.146414 0.109899 0.162970 0.165840 0.157204 
