241 241
0.000000 0.115185 0.131331 0.103438 0.202284 0.183282 0.193613 0.176742 0.190737 0.186572 0.213498 0.180841 0.190967 0.210705 0.201993 0.210934 0.172300 0.170424 0.154093 0.178753 0.256497 0.279062 0.148862 0.252472 0.251856 0.307806 0.314781 0.342206 0.333873 0.356305 0.306196 0.331002 0.298561 0.312525 0.304146 0.298702 0.314906 0.357336 0.292085 0.281729 0.331218 0.321804 0.298627 0.334521 0.195382 0.207594 0.213817 0.197205 0.201546 0.217238 0.230753 0.202140 0.226023 0.176476 0.202801 0.293113 0.223652 0.217636 0.233420 0.283283 0.229912 0.347059 0.295696 0.333431 0.315761 0.266916 0.300832 0.314369 0.306664 0.232878 0.284985 0.311893 0.304640 0.144517 0.170341 0.170806 0.261047 0.265885 0.187406 0.240126 0.268193 0.278922 0.145906 0.158712 0.193861 0.178485 0.143279 0.444742 0.435196 0.251186 0.287910 0.264173 0.292844 0.499873 0.385862 0.441761 0.274713 0.354970 0.176468 0.175898 0.169902 0.220040 0.195231 0.226016 0.219803 0.207184 0.201091 0.244738 0.183427 0.220779 0.140846 0.191857 0.144543 0.150763 0.138309 0.139234 0.148536 0.144419 0.213155 0.214860 0.206730 0.230959 0.197245 0.244411 0.202869 0.228375 0.240868 0.207028 0.212348 0.240777 0.224769 0.224305 0.212540 0.230575 0.228667 0.256108 0.202966 0.219540 0.231693 0.229055 0.215673 0.197221 0.236228 0.227902 0.241827 0.259019 0.174995 0.205140 0.183066 0.201881 0.317291 0.264986 0.196165 0.202779 0.271699 0.186267 0.191338 0.195156 0.262342 0.224965 0.190666 0.179891 0.153043 0.152622 0.195518 0.243499 0.256151 0.152122 0.171323 0.194924 0.286934 0.286662 0.253710 0.280909 0.276743 0.282550 0.297512 0.184400 0.267614 0.197447 0.204869 0.194481 0.205046 0.183093 0.220408 0.195509 0.103284 0.139109 0.140497 0.242173 0.515147 0.176995 0.135373 0.158638 0.182745 0.154357 0.142720 0.136238 0.133297 0.156305 0.173059 0.127387 0.138093 0.118930 0.132879 0.142713 0.166251 0.165852 0.177158 0.163761 0.187709 0.191971 0.172612 0.147307 0.166181 0.155566 0.132344 0.126330 0.179324 0.169846 0.166895 0.257669 0.255477 0.176466 0.262646 0.159225 0.198406 0.169214 0.120557 0.214267 0.239995 0.221808 0.155793 0.138317 0.183790 0.139368 0.125494 0.163185 0.143408 0.214679 0.238294 
0.115185 0.000000 0.088963 0.091879 0.190300 0.179836 0.199830 0.153380 0.169036 0.163861 0.182143 0.162621 0.153784 0.166198 0.173333 0.174386 0.138861 0.131396 0.152439 0.164640 0.229279 0.257313 0.136819 0.230434 0.221760 0.334943 0.327095 0.362151 0.299166 0.322547 0.286960 0.296259 0.269217 0.270808 0.282464 0.297638 0.285980 0.323156 0.272428 0.252572 0.325405 0.294940 0.261483 0.331144 0.156242 0.169669 0.151061 0.174584 0.219429 0.220799 0.186735 0.157760 0.182554 0.201466 0.186152 0.247758 0.218944 0.177315 0.201674 0.273400 0.208874 0.314143 0.265937 0.319006 0.315384 0.273867 0.289683 0.300349 0.308303 0.168956 0.281516 0.280296 0.296083 0.143557 0.137076 0.162836 0.214923 0.242932 0.156779 0.200277 0.209653 0.244364 0.175545 0.165649 0.126098 0.109102 0.137076 0.433880 0.412185 0.246884 0.261492 0.218233 0.274662 0.479020 0.365964 0.426341 0.254334 0.335975 0.148242 0.191454 0.176088 0.171059 0.181296 0.177496 0.170059 0.156244 0.185725 0.183731 0.171745 0.202765 0.090983 0.157780 0.100862 0.101902 0.105609 0.102261 0.119792 0.111727 0.170553 0.183894 0.160048 0.197605 0.171735 0.201853 0.171559 0.172228 0.194301 0.156784 0.150621 0.184691 0.201034 0.209829 0.172413 0.193507 0.202930 0.223298 0.156159 0.186575 0.192364 0.182384 0.174731 0.162061 0.190451 0.204019 0.193273 0.239948 0.146344 0.201333 0.157299 0.183795 0.312555 0.264035 0.162822 0.169580 0.286299 0.162794 0.183115 0.166645 0.218223 0.239195 0.162616 0.144500 0.106574 0.132448 0.179427 0.221706 0.230451 0.123084 0.143148 0.157254 0.257995 0.230707 0.196864 0.221658 0.231689 0.232300 0.222078 0.161050 0.250780 0.146475 0.161274 0.139861 0.159414 0.125294 0.159100 0.144230 0.127753 0.110023 0.113772 0.204617 0.476339 0.144768 0.126214 0.151850 0.131864 0.134782 0.103873 0.104004 0.131707 0.139340 0.136790 0.097955 0.144958 0.075376 0.115218 0.099317 0.118966 0.125916 0.120912 0.131524 0.126058 0.144737 0.157543 0.123108 0.127117 0.128123 0.095573 0.116480 0.115052 0.129562 0.111611 0.239277 0.242629 0.145352 0.213559 0.136796 0.173556 0.140826 0.097182 0.185254 0.222884 0.188060 0.136027 0.117884 0.144803 0.109650 0.104155 0.149495 0.131022 0.195877 0.208347 
0.131331 0.088963 0.000000 0.068455 0.219427 0.180987 0.199510 0.167036 0.171011 0.148644 0.163384 0.151164 0.138074 0.133989 0.160121 0.137249 0.121420 0.141215 0.137996 0.167113 0.235351 0.265869 0.145958 0.225667 0.228929 0.356926 0.344237 0.380932 0.319658 0.340833 0.307116 0.313826 0.290337 0.290474 0.304653 0.321081 0.306799 0.342287 0.302218 0.269655 0.342745 0.312131 0.278880 0.348227 0.164108 0.176756 0.149973 0.174234 0.202173 0.206105 0.159635 0.152056 0.165148 0.226044 0.204061 0.275672 0.240941 0.198596 0.209898 0.292409 0.228588 0.307881 0.269491 0.343802 0.315591 0.275801 0.297898 0.297771 0.311330 0.203659 0.285561 0.296866 0.311138 0.111100 0.107285 0.092613 0.262854 0.265809 0.179505 0.206301 0.243178 0.261693 0.184885 0.153060 0.158171 0.149184 0.111640 0.451386 0.441764 0.259543 0.255695 0.240904 0.278702 0.495148 0.368439 0.404562 0.267313 0.364173 0.172055 0.190272 0.176179 0.165350 0.196753 0.185779 0.181772 0.167863 0.192151 0.180854 0.192881 0.218275 0.108715 0.154765 0.109189 0.107281 0.081898 0.110129 0.128884 0.112481 0.171650 0.177979 0.142753 0.155567 0.187067 0.218162 0.177067 0.151951 0.191897 0.159637 0.173764 0.188130 0.216531 0.191207 0.184188 0.196708 0.212266 0.221564 0.173152 0.195762 0.198769 0.203234 0.192375 0.181045 0.180573 0.181353 0.199585 0.236035 0.133839 0.183085 0.149695 0.130671 0.325691 0.234601 0.141079 0.168750 0.259626 0.150076 0.157885 0.128178 0.194053 0.227477 0.142393 0.120701 0.096185 0.103173 0.173565 0.199731 0.186733 0.110518 0.130231 0.129555 0.233455 0.272968 0.223377 0.257255 0.260767 0.263421 0.262212 0.149133 0.232786 0.175802 0.180643 0.136792 0.155395 0.146545 0.182474 0.166296 0.146205 0.133510 0.162717 0.173632 0.462436 0.159051 0.127074 0.147913 0.158399 0.150078 0.108396 0.109645 0.138380 0.145545 0.133395 0.099302 0.156108 0.087605 0.115628 0.101599 0.128834 0.125233 0.137733 0.128477 0.133549 0.171995 0.157527 0.102047 0.126261 0.094369 0.085026 0.112281 0.093935 0.098151 0.122942 0.220090 0.242620 0.133128 0.210009 0.097738 0.123539 0.158897 0.089004 0.186469 0.226197 0.192164 0.153543 0.128581 0.144073 0.103909 0.105798 0.144361 0.147896 0.183533 0.163645 
0.103438 0.091879 0.068455 0.000000 0.191907 0.140448 0.165575 0.168371 0.164285 0.149245 0.172745 0.150341 0.155835 0.161942 0.165067 0.161417 0.131835 0.151802 0.137724 0.163559 0.222426 0.240131 0.124501 0.210581 0.213700 0.327133 0.319947 0.356779 0.295668 0.322393 0.279072 0.292494 0.265954 0.266132 0.280592 0.290386 0.283375 0.318191 0.273443 0.245555 0.318657 0.288268 0.254479 0.324126 0.149075 0.159467 0.157710 0.149610 0.198241 0.206689 0.179901 0.155555 0.175442 0.204745 0.183292 0.260590 0.219250 0.176267 0.193437 0.255130 0.202513 0.295586 0.245849 0.324976 0.293077 0.244839 0.261152 0.260715 0.279385 0.191953 0.273113 0.293580 0.288010 0.113898 0.121045 0.123876 0.244287 0.250362 0.165038 0.199987 0.226466 0.241403 0.155463 0.138941 0.165320 0.137218 0.103116 0.424989 0.431383 0.243645 0.257099 0.253311 0.257260 0.479235 0.379925 0.384733 0.262875 0.346882 0.148386 0.176184 0.162194 0.164319 0.172973 0.175491 0.161710 0.149382 0.162349 0.184336 0.164750 0.196808 0.117843 0.151529 0.120420 0.115527 0.094510 0.107051 0.122677 0.116269 0.177374 0.180489 0.159578 0.180479 0.177028 0.212878 0.177894 0.176920 0.200286 0.166142 0.178172 0.193099 0.207714 0.201777 0.175836 0.195065 0.208523 0.229391 0.163009 0.189189 0.209774 0.196240 0.180764 0.166351 0.188575 0.195669 0.199771 0.235518 0.155917 0.161491 0.148768 0.153568 0.305624 0.262781 0.145431 0.160016 0.243649 0.145378 0.173864 0.154905 0.214258 0.245025 0.149924 0.136204 0.127050 0.126085 0.182856 0.221762 0.208939 0.116464 0.129145 0.142956 0.233104 0.266235 0.204336 0.250733 0.245100 0.246854 0.252339 0.159239 0.236652 0.163102 0.173788 0.152429 0.161774 0.145360 0.175928 0.157474 0.148265 0.108124 0.164731 0.204162 0.489228 0.163495 0.118254 0.166315 0.173595 0.142282 0.118959 0.111644 0.126084 0.129058 0.145226 0.102053 0.143557 0.086622 0.112984 0.105381 0.128462 0.144076 0.136427 0.135708 0.150502 0.171898 0.164094 0.122176 0.130328 0.114591 0.114655 0.112732 0.128130 0.125444 0.135448 0.217031 0.227923 0.152717 0.228488 0.142087 0.149960 0.166122 0.088422 0.180091 0.211323 0.189493 0.139945 0.121540 0.138189 0.115776 0.110590 0.142871 0.137850 0.185158 0.187072 
0.202284 0.190300 0.219427 0.191907 0.000000 0.087174 0.103603 0.186854 0.238173 0.253336 0.241524 0.258228 0.256853 0.250521 0.254694 0.269630 0.227699 0.241632 0.242125 0.229701 0.240412 0.250606 0.203627 0.261451 0.226772 0.297004 0.310657 0.326587 0.282928 0.287578 0.270262 0.277596 0.236331 0.293062 0.260152 0.297053 0.260825 0.285990 0.259475 0.258446 0.281003 0.269645 0.255766 0.290553 0.258636 0.270922 0.258350 0.278414 0.288897 0.276679 0.299197 0.272209 0.269991 0.236541 0.224856 0.205859 0.232679 0.222287 0.183422 0.175372 0.189378 0.231411 0.184855 0.209847 0.201487 0.185511 0.189171 0.214846 0.212618 0.191501 0.175775 0.193980 0.201494 0.232981 0.246104 0.268249 0.174163 0.182875 0.119832 0.171415 0.161910 0.180973 0.136168 0.142718 0.149502 0.167169 0.185039 0.293550 0.325809 0.162756 0.205364 0.188097 0.201857 0.363099 0.266388 0.333537 0.201681 0.229163 0.249941 0.300120 0.273759 0.289829 0.290874 0.272150 0.287821 0.259924 0.296161 0.301736 0.277879 0.318225 0.173099 0.196992 0.153727 0.188905 0.205461 0.192725 0.164934 0.185407 0.258763 0.270434 0.283726 0.283466 0.260235 0.284461 0.261427 0.259440 0.279528 0.245676 0.254072 0.258585 0.279935 0.288698 0.233606 0.268825 0.288663 0.299998 0.250845 0.265713 0.280141 0.251327 0.250291 0.230896 0.278888 0.280001 0.276805 0.207366 0.234684 0.201877 0.261349 0.266440 0.210928 0.367108 0.261392 0.231416 0.274343 0.264726 0.237735 0.241712 0.326570 0.344795 0.292601 0.234091 0.222464 0.238978 0.274851 0.289576 0.340240 0.244064 0.262940 0.290430 0.267028 0.197942 0.178492 0.188262 0.190874 0.188272 0.187941 0.196255 0.260154 0.178711 0.191698 0.196040 0.199595 0.169083 0.177400 0.153169 0.174845 0.202002 0.182844 0.327031 0.607429 0.145719 0.170580 0.197977 0.164651 0.162385 0.189274 0.166729 0.151459 0.192767 0.181182 0.198764 0.178826 0.166576 0.160415 0.215130 0.193533 0.188584 0.165755 0.185964 0.183164 0.193745 0.214491 0.229338 0.212379 0.240544 0.203878 0.185356 0.235916 0.243970 0.224540 0.196764 0.208250 0.240878 0.279565 0.239499 0.275881 0.214705 0.202251 0.207722 0.154842 0.202392 0.189933 0.207274 0.224170 0.191488 0.183346 0.208396 0.199477 0.270104 0.310563 
0.183282 0.179836 0.180987 0.140448 0.087174 0.000000 0.082643 0.191273 0.234569 0.236135 0.234982 0.252527 0.251042 0.225549 0.220368 0.246118 0.223625 0.242255 0.230394 0.233748 0.211520 0.219394 0.190037 0.226444 0.196616 0.283595 0.278944 0.302940 0.254036 0.271711 0.243824 0.253305 0.220895 0.249715 0.238033 0.271625 0.232375 0.271374 0.244112 0.228710 0.263879 0.245864 0.224968 0.271723 0.226409 0.247023 0.221943 0.253503 0.261210 0.258994 0.267050 0.245422 0.250613 0.217502 0.186391 0.199537 0.208262 0.196076 0.166324 0.172394 0.177440 0.216707 0.162983 0.234395 0.200416 0.170099 0.167827 0.206844 0.199886 0.158281 0.192753 0.195298 0.203397 0.217984 0.221342 0.243963 0.188113 0.191442 0.112537 0.154921 0.168772 0.185139 0.099944 0.109164 0.139357 0.140160 0.139948 0.335217 0.356693 0.176247 0.220730 0.212720 0.221490 0.382270 0.301079 0.316219 0.222817 0.257734 0.219101 0.252204 0.235344 0.242759 0.260817 0.224242 0.247204 0.214551 0.256723 0.259076 0.248466 0.276272 0.155532 0.169028 0.140252 0.173214 0.185422 0.180490 0.168156 0.169612 0.252080 0.259919 0.255752 0.270706 0.254781 0.288859 0.251097 0.254772 0.283699 0.244919 0.249108 0.257761 0.285840 0.291857 0.235735 0.272670 0.288982 0.305726 0.246822 0.271705 0.284094 0.254925 0.253071 0.227511 0.268198 0.285714 0.282797 0.186878 0.224075 0.146464 0.240991 0.237944 0.223491 0.337721 0.241855 0.214650 0.231005 0.223501 0.216516 0.221003 0.299432 0.337448 0.257146 0.215199 0.209547 0.231636 0.262442 0.296524 0.314949 0.218793 0.228346 0.251466 0.230854 0.207865 0.160972 0.190570 0.183320 0.190606 0.188791 0.185326 0.254983 0.154051 0.180101 0.170414 0.169046 0.143579 0.153315 0.127698 0.182438 0.184530 0.190193 0.298192 0.587916 0.132963 0.158387 0.174776 0.170909 0.159439 0.172491 0.156253 0.150804 0.183099 0.161660 0.181308 0.176416 0.143042 0.141767 0.198333 0.178827 0.184736 0.168414 0.185160 0.177260 0.203278 0.217595 0.208853 0.207152 0.215206 0.203803 0.184323 0.219691 0.218571 0.217817 0.177596 0.196939 0.220720 0.279943 0.233174 0.251510 0.204909 0.175668 0.182936 0.146015 0.193201 0.184705 0.200707 0.211067 0.180102 0.170332 0.211979 0.196345 0.271190 0.289395 
0.193613 0.199830 0.199510 0.165575 0.103603 0.082643 0.000000 0.195059 0.243016 0.250370 0.247168 0.266248 0.265512 0.253859 0.251821 0.280189 0.254451 0.259101 0.255977 0.245186 0.235373 0.228337 0.213273 0.246685 0.223311 0.287043 0.298820 0.312905 0.283778 0.290870 0.262034 0.284481 0.234745 0.295299 0.237153 0.296692 0.242611 0.289968 0.273789 0.265089 0.273142 0.270373 0.264873 0.284281 0.275965 0.283733 0.261236 0.292197 0.297152 0.287269 0.314238 0.296541 0.290944 0.240567 0.208616 0.222335 0.233494 0.242976 0.186063 0.182275 0.200700 0.218729 0.174075 0.251048 0.219840 0.191878 0.185567 0.199486 0.217848 0.192912 0.202086 0.207935 0.234919 0.237456 0.245101 0.248424 0.204699 0.197712 0.146711 0.169182 0.192379 0.186428 0.130679 0.142994 0.178455 0.176907 0.180385 0.314358 0.348598 0.175326 0.201113 0.203893 0.208655 0.365921 0.296818 0.295420 0.214750 0.263515 0.256419 0.277021 0.259672 0.291137 0.299444 0.264128 0.295908 0.264345 0.298812 0.311984 0.286700 0.312597 0.177536 0.187564 0.155289 0.199670 0.206893 0.201399 0.183109 0.182864 0.285452 0.285156 0.286693 0.300419 0.282541 0.318026 0.290525 0.283937 0.313456 0.273748 0.284111 0.286017 0.315385 0.317042 0.264101 0.302378 0.319747 0.335139 0.280536 0.301274 0.302809 0.284499 0.282305 0.253725 0.298060 0.310611 0.312376 0.204362 0.233974 0.158263 0.272734 0.267876 0.222624 0.360957 0.255778 0.230922 0.272923 0.258595 0.234769 0.243648 0.330038 0.352389 0.289437 0.230871 0.228099 0.253679 0.275333 0.306961 0.339714 0.257126 0.263110 0.293797 0.245620 0.215228 0.185651 0.199816 0.194522 0.204145 0.209107 0.196511 0.275952 0.192619 0.195959 0.203734 0.198184 0.174232 0.187135 0.176768 0.201542 0.212090 0.189333 0.323327 0.605138 0.157329 0.185103 0.188209 0.191494 0.176736 0.181462 0.175881 0.156707 0.199178 0.169989 0.200412 0.188165 0.173019 0.173446 0.207957 0.179369 0.198374 0.189341 0.197992 0.200610 0.219586 0.221482 0.223037 0.218818 0.231111 0.216481 0.214934 0.240703 0.248482 0.240971 0.193412 0.192257 0.232476 0.283190 0.234419 0.266813 0.215105 0.192213 0.202148 0.149893 0.210775 0.205272 0.232798 0.247368 0.186734 0.174408 0.235906 0.211636 0.288831 0.320702 
0.176742 0.153380 0.167036 0.168371 0.186854 0.191273 0.195059 0.000000 0.115604 0.126692 0.122875 0.157973 0.126488 0.139787 0.147839 0.158796 0.146107 0.105896 0.154035 0.122875 0.145376 0.176300 0.125681 0.167885 0.138934 0.279226 0.280596 0.310552 0.268734 0.271509 0.247154 0.261989 0.223447 0.253230 0.229769 0.252074 0.240126 0.272325 0.245173 0.211346 0.269763 0.249025 0.227991 0.274622 0.171478 0.169091 0.157581 0.186734 0.174888 0.155683 0.196330 0.179782 0.171484 0.140518 0.131104 0.182234 0.155627 0.125357 0.184567 0.251491 0.169207 0.327379 0.287013 0.330388 0.297729 0.272671 0.284060 0.299767 0.304077 0.160798 0.242677 0.274924 0.291737 0.143094 0.145646 0.161258 0.201588 0.194648 0.154237 0.198044 0.196099 0.212052 0.192265 0.160268 0.117440 0.135304 0.171817 0.346869 0.329151 0.133145 0.153012 0.117316 0.170645 0.384248 0.264866 0.377575 0.140231 0.248490 0.160723 0.200329 0.163157 0.189824 0.195964 0.179720 0.205439 0.171026 0.205857 0.207042 0.178492 0.225198 0.149883 0.134483 0.122548 0.144146 0.170321 0.139052 0.129083 0.157063 0.155778 0.175479 0.179998 0.173693 0.165612 0.190988 0.165437 0.163597 0.177812 0.141597 0.156335 0.169043 0.189183 0.187809 0.143840 0.167182 0.196781 0.199516 0.161216 0.174562 0.175404 0.164980 0.154837 0.131172 0.175478 0.168646 0.182687 0.141831 0.111359 0.164764 0.149030 0.176897 0.227286 0.249715 0.127900 0.117423 0.228327 0.141304 0.124011 0.122764 0.213389 0.225714 0.181192 0.107100 0.128997 0.159326 0.143712 0.181851 0.209540 0.146235 0.161611 0.214027 0.188827 0.249998 0.187445 0.240846 0.216021 0.221445 0.240459 0.117952 0.168919 0.142557 0.145055 0.117342 0.136654 0.114971 0.144940 0.172913 0.139015 0.131559 0.124046 0.284773 0.570011 0.140372 0.102022 0.154678 0.111383 0.133981 0.135835 0.127955 0.106551 0.133884 0.143148 0.155020 0.136564 0.132400 0.120571 0.168583 0.126317 0.115614 0.102462 0.114980 0.117746 0.120645 0.093189 0.156766 0.131495 0.135877 0.136079 0.157751 0.160182 0.179330 0.168315 0.148023 0.184909 0.132772 0.147667 0.174913 0.205109 0.124256 0.159964 0.139989 0.149088 0.117576 0.161947 0.175810 0.151534 0.108055 0.109372 0.140755 0.165363 0.168421 0.193884 
0.190737 0.169036 0.171011 0.164285 0.238173 0.234569 0.243016 0.115604 0.000000 0.067989 0.088333 0.132006 0.115774 0.114230 0.123745 0.124387 0.104928 0.111227 0.124205 0.079824 0.192016 0.198479 0.122856 0.147650 0.179339 0.282597 0.282289 0.317626 0.268381 0.294844 0.255438 0.268028 0.234272 0.237373 0.227425 0.249166 0.237141 0.278719 0.257324 0.222952 0.291259 0.268316 0.244102 0.301055 0.141592 0.130538 0.111769 0.155351 0.162593 0.153867 0.158441 0.156680 0.104341 0.193385 0.167717 0.241161 0.178509 0.155801 0.222611 0.311196 0.213042 0.386693 0.351105 0.404952 0.364625 0.335020 0.354285 0.333734 0.370091 0.225485 0.295462 0.336892 0.359455 0.127425 0.127339 0.158417 0.267197 0.258553 0.215671 0.257385 0.250894 0.259043 0.247171 0.197479 0.187566 0.198667 0.204890 0.444945 0.385748 0.194246 0.182576 0.156668 0.162886 0.479603 0.337409 0.431199 0.166929 0.310746 0.146825 0.180458 0.142587 0.175252 0.147657 0.131974 0.187728 0.146478 0.174509 0.191987 0.145813 0.223439 0.173653 0.165969 0.149078 0.148045 0.155356 0.124900 0.118282 0.134057 0.110361 0.133358 0.115635 0.122755 0.110834 0.164256 0.137297 0.136853 0.138799 0.107195 0.130102 0.145145 0.132082 0.138254 0.117760 0.115383 0.139322 0.133949 0.125541 0.136716 0.151644 0.143980 0.120110 0.089925 0.122933 0.115035 0.150213 0.191267 0.116062 0.226542 0.106960 0.161011 0.278683 0.244238 0.088815 0.084186 0.289339 0.123194 0.141965 0.136572 0.170347 0.175122 0.124172 0.112482 0.146010 0.123973 0.116432 0.179810 0.163853 0.135616 0.131611 0.185387 0.236909 0.308258 0.243372 0.300121 0.282535 0.276261 0.304496 0.167077 0.215360 0.209817 0.196997 0.169336 0.196912 0.192433 0.213535 0.214850 0.162997 0.087210 0.165172 0.233117 0.568528 0.207619 0.122088 0.184072 0.159300 0.175659 0.160501 0.144089 0.150522 0.135055 0.185313 0.156119 0.136701 0.137137 0.147377 0.170599 0.156465 0.157556 0.159834 0.150228 0.167105 0.169900 0.142399 0.146444 0.103685 0.111047 0.138862 0.143563 0.163300 0.155744 0.183657 0.176033 0.229683 0.157573 0.206692 0.188250 0.185072 0.162661 0.132829 0.137073 0.223503 0.165651 0.160601 0.169696 0.107689 0.117713 0.118994 0.096156 0.154149 0.109708 0.146271 
0.186572 0.163861 0.148644 0.149245 0.253336 0.236135 0.250370 0.126692 0.067989 0.000000 0.067173 0.147186 0.116590 0.103606 0.121964 0.092988 0.106896 0.106424 0.108263 0.079610 0.182049 0.182490 0.098649 0.133473 0.171492 0.277622 0.269051 0.305022 0.249208 0.281658 0.239680 0.238145 0.226450 0.210253 0.218874 0.246101 0.231391 0.266077 0.234810 0.200034 0.268229 0.245486 0.213242 0.278029 0.113687 0.101936 0.114617 0.111597 0.141480 0.140201 0.127588 0.144369 0.115576 0.177503 0.150571 0.219333 0.155259 0.134269 0.197624 0.294369 0.191084 0.365224 0.329740 0.389439 0.334756 0.314585 0.335209 0.314402 0.346736 0.215669 0.280436 0.324909 0.329258 0.114978 0.092464 0.132761 0.260607 0.257580 0.213635 0.244897 0.237451 0.262688 0.239277 0.186985 0.183428 0.180531 0.173202 0.445189 0.395713 0.193046 0.179004 0.163173 0.165438 0.481935 0.332378 0.418989 0.181943 0.309633 0.131464 0.165770 0.124914 0.144034 0.150253 0.128615 0.150505 0.119683 0.144039 0.159331 0.122605 0.187333 0.158900 0.152890 0.143225 0.132930 0.133514 0.129117 0.140436 0.115403 0.110870 0.129587 0.107485 0.102825 0.112917 0.154308 0.134131 0.115324 0.139748 0.109268 0.117240 0.130597 0.139991 0.145874 0.114407 0.117065 0.145691 0.137643 0.115081 0.131022 0.145253 0.146441 0.111221 0.084037 0.104089 0.114572 0.140635 0.179151 0.121912 0.215839 0.102626 0.145587 0.305980 0.229970 0.080651 0.092345 0.264999 0.111843 0.142654 0.124379 0.168536 0.198382 0.111110 0.121610 0.147607 0.105600 0.130884 0.176447 0.140583 0.124740 0.120695 0.168373 0.225554 0.313923 0.240584 0.290303 0.285615 0.274574 0.298879 0.153691 0.193769 0.205819 0.180260 0.170332 0.177056 0.186836 0.207838 0.196597 0.180897 0.102461 0.187970 0.243067 0.584728 0.190569 0.127200 0.154815 0.170056 0.169361 0.137996 0.137637 0.155015 0.149093 0.154556 0.135914 0.153387 0.133740 0.140024 0.128860 0.161188 0.148155 0.154343 0.138188 0.157818 0.183245 0.153534 0.149954 0.127363 0.094962 0.149321 0.134303 0.159089 0.164668 0.200589 0.173919 0.219281 0.136052 0.184706 0.194493 0.177866 0.144026 0.115632 0.128289 0.213816 0.147654 0.143958 0.168045 0.098442 0.119369 0.120246 0.115267 0.154183 0.134218 0.124865 
0.213498 0.182143 0.163384 0.172745 0.241524 0.234982 0.247168 0.122875 0.088333 0.067173 0.000000 0.158283 0.112813 0.097234 0.134652 0.112680 0.120817 0.113024 0.143537 0.077391 0.174564 0.176189 0.101380 0.142623 0.165404 0.278410 0.276381 0.313111 0.255308 0.272828 0.249140 0.250497 0.213174 0.234573 0.225103 0.239601 0.232464 0.261571 0.255676 0.205523 0.280546 0.254287 0.227270 0.284139 0.130567 0.146131 0.107364 0.151435 0.146158 0.123288 0.149547 0.152202 0.144202 0.213794 0.152578 0.217080 0.149012 0.148483 0.222241 0.306215 0.217683 0.372793 0.337371 0.399837 0.350823 0.328249 0.351076 0.340229 0.359735 0.219963 0.293657 0.332208 0.344128 0.164355 0.135219 0.165295 0.277345 0.259020 0.211382 0.254346 0.251200 0.253122 0.248006 0.195122 0.168006 0.191144 0.186774 0.422639 0.377232 0.201215 0.156175 0.163921 0.155921 0.462579 0.298858 0.389910 0.192507 0.289090 0.158384 0.188369 0.168599 0.170295 0.196312 0.147364 0.167714 0.141407 0.177456 0.176502 0.173260 0.203855 0.168582 0.163770 0.139550 0.131488 0.150176 0.129767 0.130960 0.126413 0.116990 0.127665 0.143659 0.120916 0.123598 0.143334 0.129924 0.109768 0.136276 0.102676 0.122978 0.113590 0.147490 0.149176 0.105189 0.123571 0.153414 0.145023 0.119871 0.128456 0.142683 0.125166 0.119547 0.093793 0.118648 0.118437 0.123102 0.200913 0.127527 0.232677 0.138829 0.168512 0.290054 0.218007 0.085760 0.070169 0.282583 0.132202 0.165359 0.127663 0.191426 0.212921 0.156299 0.123775 0.155091 0.151544 0.147217 0.152383 0.162017 0.156651 0.150003 0.190091 0.219978 0.309838 0.239666 0.287870 0.280227 0.279226 0.299812 0.127003 0.188610 0.215588 0.193091 0.158311 0.185289 0.184630 0.209736 0.201197 0.177707 0.130501 0.178709 0.267897 0.568395 0.196557 0.120883 0.157440 0.151127 0.147863 0.149810 0.136205 0.162818 0.171492 0.161676 0.152436 0.173492 0.137920 0.149427 0.141802 0.161894 0.141550 0.143235 0.127873 0.127058 0.151096 0.149776 0.188489 0.118849 0.131543 0.164244 0.161961 0.170235 0.180046 0.192689 0.158157 0.259780 0.161579 0.157707 0.185507 0.188339 0.155648 0.143482 0.159275 0.207884 0.129745 0.149385 0.166814 0.127914 0.115943 0.131155 0.125292 0.174072 0.146561 0.150642 
0.180841 0.162621 0.151164 0.150341 0.258228 0.252527 0.266248 0.157973 0.132006 0.147186 0.158283 0.000000 0.119700 0.173131 0.165797 0.166315 0.111752 0.103339 0.110562 0.115609 0.193244 0.227915 0.140669 0.226521 0.191341 0.349612 0.350064 0.383214 0.339961 0.354445 0.306212 0.334608 0.291436 0.304505 0.299893 0.315948 0.315358 0.349310 0.291921 0.273984 0.340115 0.316201 0.292376 0.349918 0.192383 0.163614 0.187908 0.181951 0.232426 0.231809 0.199800 0.184855 0.132272 0.195662 0.195866 0.265216 0.213075 0.175104 0.233695 0.310921 0.218980 0.400958 0.344439 0.396698 0.352194 0.328247 0.343442 0.335954 0.363277 0.224183 0.294306 0.358453 0.348008 0.110983 0.114052 0.130391 0.275717 0.274673 0.218828 0.265122 0.255598 0.283007 0.244253 0.211876 0.209363 0.201213 0.207979 0.405480 0.380999 0.224040 0.231898 0.206019 0.254191 0.463054 0.361193 0.422114 0.210812 0.328584 0.175105 0.234775 0.180836 0.210840 0.155818 0.211104 0.223300 0.187470 0.206912 0.230704 0.173306 0.254493 0.188788 0.194970 0.180135 0.174538 0.158467 0.147121 0.160590 0.150046 0.156947 0.160927 0.152445 0.161875 0.137464 0.181914 0.161707 0.174915 0.180711 0.151741 0.174922 0.197857 0.163231 0.160854 0.166003 0.167606 0.158423 0.178853 0.159537 0.160888 0.190077 0.196105 0.154675 0.156031 0.167889 0.150780 0.182865 0.259035 0.145180 0.251949 0.139721 0.176535 0.331322 0.281254 0.158030 0.180861 0.315727 0.200246 0.155279 0.162936 0.206933 0.185667 0.167979 0.140222 0.144747 0.089831 0.150512 0.186594 0.173610 0.138822 0.168906 0.211655 0.261989 0.306663 0.258200 0.298290 0.295264 0.292886 0.317764 0.163957 0.191070 0.216063 0.194816 0.191796 0.220284 0.205992 0.224448 0.239073 0.166523 0.127804 0.184400 0.225367 0.532208 0.205576 0.150474 0.211070 0.187292 0.153865 0.187291 0.165657 0.149625 0.127596 0.202963 0.125083 0.130404 0.156853 0.180123 0.141200 0.171610 0.174763 0.184963 0.164270 0.177256 0.158701 0.135801 0.146889 0.151814 0.140445 0.115286 0.109627 0.138840 0.147032 0.150114 0.232643 0.232356 0.153808 0.205593 0.171205 0.172602 0.181346 0.148636 0.189147 0.217359 0.160190 0.143090 0.132534 0.132982 0.149485 0.145038 0.106388 0.143283 0.128673 0.192915 
0.190967 0.153784 0.138074 0.155835 0.256853 0.251042 0.265512 0.126488 0.115774 0.116590 0.112813 0.119700 0.000000 0.082768 0.131685 0.098925 0.116779 0.104764 0.137844 0.112170 0.181108 0.202446 0.134783 0.186692 0.168263 0.312591 0.306273 0.340416 0.288696 0.299735 0.282474 0.281005 0.254320 0.263185 0.255543 0.276715 0.265044 0.295958 0.262303 0.205842 0.286343 0.246012 0.224632 0.281381 0.125502 0.124593 0.110083 0.127927 0.143289 0.144475 0.129858 0.105835 0.120646 0.209641 0.152415 0.221182 0.161701 0.152442 0.243078 0.322689 0.237038 0.399074 0.356911 0.406956 0.361082 0.346517 0.358793 0.373576 0.377731 0.220048 0.306972 0.358609 0.357034 0.134506 0.123870 0.126360 0.273207 0.255428 0.220047 0.266971 0.259510 0.258339 0.252792 0.218928 0.187053 0.196660 0.208525 0.439384 0.413056 0.217742 0.190033 0.180892 0.201355 0.469859 0.360661 0.428414 0.218102 0.336003 0.133756 0.175234 0.157775 0.145317 0.173992 0.160336 0.154918 0.132195 0.157734 0.149062 0.157777 0.185573 0.171474 0.163031 0.166673 0.159135 0.135283 0.145326 0.150424 0.159258 0.099748 0.107230 0.115148 0.094956 0.113088 0.117654 0.097867 0.093358 0.103723 0.096876 0.108854 0.110856 0.133392 0.116745 0.117753 0.109959 0.129226 0.145350 0.092207 0.105883 0.117040 0.121746 0.111141 0.115901 0.115664 0.092596 0.100799 0.227806 0.114351 0.246819 0.100237 0.176293 0.309428 0.183560 0.093731 0.106364 0.304183 0.140731 0.167145 0.139798 0.159685 0.150907 0.136707 0.112772 0.111460 0.115815 0.158627 0.177967 0.165924 0.122630 0.124696 0.149350 0.254327 0.309968 0.246937 0.298152 0.285147 0.290453 0.308307 0.180510 0.223132 0.201829 0.207369 0.163235 0.190581 0.183922 0.209308 0.230118 0.178552 0.144140 0.173990 0.227070 0.528925 0.194207 0.122470 0.192996 0.143705 0.184246 0.174725 0.157129 0.157163 0.163762 0.195517 0.141364 0.183585 0.135313 0.151109 0.161987 0.158343 0.174036 0.164399 0.163671 0.168192 0.161916 0.144376 0.174103 0.105335 0.121617 0.131106 0.154135 0.120945 0.129921 0.146193 0.211134 0.269604 0.173297 0.192359 0.162402 0.182629 0.162710 0.157887 0.181796 0.243746 0.173035 0.174856 0.158698 0.135121 0.108245 0.133722 0.122362 0.176358 0.118667 0.142243 
0.210705 0.166198 0.133989 0.161942 0.250521 0.225549 0.253859 0.139787 0.114230 0.103606 0.097234 0.173131 0.082768 0.000000 0.110556 0.058346 0.129383 0.145403 0.141344 0.118687 0.203756 0.231171 0.133418 0.174788 0.195307 0.281293 0.266406 0.307912 0.249992 0.258324 0.253027 0.237777 0.222404 0.229647 0.230598 0.243752 0.226021 0.252876 0.254579 0.180895 0.260094 0.226806 0.200911 0.257105 0.090027 0.096155 0.068933 0.100036 0.117600 0.114089 0.075661 0.072369 0.086573 0.217672 0.152370 0.221315 0.165987 0.154105 0.241335 0.316593 0.231378 0.375448 0.340869 0.414066 0.369719 0.330613 0.353072 0.370716 0.362661 0.218544 0.319031 0.338492 0.359966 0.148585 0.133100 0.131233 0.281798 0.261875 0.213810 0.261445 0.260123 0.259880 0.244294 0.204000 0.178418 0.199826 0.178202 0.479654 0.446469 0.240869 0.213234 0.197179 0.205204 0.504901 0.358785 0.428296 0.237339 0.355134 0.124910 0.134962 0.139973 0.111566 0.160063 0.120259 0.114633 0.097775 0.123906 0.111787 0.143965 0.149690 0.167585 0.186524 0.154324 0.145992 0.129086 0.135877 0.153936 0.153516 0.095505 0.095217 0.099549 0.089275 0.108196 0.135761 0.084224 0.073584 0.103067 0.081092 0.105201 0.104533 0.129488 0.115195 0.123140 0.109501 0.127181 0.135038 0.090159 0.105694 0.112963 0.118711 0.111974 0.111575 0.101093 0.109958 0.116052 0.213210 0.100781 0.243569 0.076533 0.159527 0.327113 0.150998 0.074205 0.086826 0.293640 0.115021 0.158091 0.113530 0.116065 0.156769 0.098725 0.101694 0.112902 0.137629 0.157430 0.191778 0.153625 0.107252 0.089316 0.126095 0.258125 0.311533 0.236628 0.294140 0.272672 0.276827 0.293998 0.183479 0.248300 0.213890 0.219077 0.150114 0.187007 0.179369 0.206551 0.204616 0.184440 0.147629 0.186700 0.225346 0.533839 0.220561 0.131878 0.182911 0.178281 0.199035 0.171001 0.146981 0.192095 0.190363 0.196298 0.164490 0.199632 0.125061 0.160700 0.172826 0.178033 0.181180 0.174591 0.167308 0.158534 0.194657 0.180547 0.173906 0.105293 0.118647 0.158190 0.178215 0.138534 0.136735 0.156075 0.200305 0.287809 0.189934 0.222470 0.162665 0.177640 0.170914 0.150938 0.180818 0.260931 0.174381 0.183745 0.170173 0.140118 0.110894 0.133017 0.148642 0.194850 0.107529 0.107222 
0.201993 0.173333 0.160121 0.165067 0.254694 0.220368 0.251821 0.147839 0.123745 0.121964 0.134652 0.165797 0.131685 0.110556 0.000000 0.112768 0.143209 0.159024 0.156729 0.138662 0.187261 0.208446 0.152940 0.161463 0.172367 0.273711 0.265726 0.309408 0.248191 0.282142 0.232152 0.246856 0.220724 0.213594 0.214954 0.228207 0.221849 0.276557 0.248301 0.213701 0.288860 0.262067 0.213398 0.289092 0.151577 0.135377 0.117052 0.144445 0.172943 0.170886 0.107040 0.147676 0.121801 0.195647 0.134212 0.226757 0.172614 0.131398 0.206574 0.299406 0.194409 0.362585 0.329377 0.404276 0.352189 0.292448 0.327338 0.346108 0.326375 0.191579 0.279507 0.305941 0.321767 0.154167 0.125645 0.133501 0.258458 0.252825 0.208220 0.230932 0.241446 0.245954 0.234574 0.185742 0.181346 0.192850 0.152943 0.474944 0.419910 0.236758 0.211215 0.194783 0.211562 0.489742 0.343366 0.444977 0.209342 0.329083 0.129328 0.152713 0.124311 0.140936 0.162096 0.119201 0.179471 0.146985 0.169153 0.150592 0.156607 0.193480 0.184578 0.160949 0.150801 0.123075 0.128429 0.142114 0.163056 0.151671 0.154587 0.150617 0.123175 0.137484 0.157679 0.211955 0.159426 0.141969 0.172718 0.141640 0.163046 0.182652 0.188888 0.187380 0.172159 0.172360 0.187269 0.171198 0.154565 0.174146 0.190346 0.190149 0.168365 0.145671 0.161503 0.174028 0.187164 0.159815 0.092858 0.193715 0.121846 0.117928 0.307276 0.193833 0.121828 0.138876 0.222994 0.102274 0.140905 0.101969 0.120969 0.220961 0.104033 0.115113 0.118289 0.147522 0.127906 0.183433 0.150067 0.113373 0.089423 0.134086 0.183875 0.304019 0.215315 0.289721 0.259485 0.256600 0.285573 0.173344 0.231411 0.183751 0.184242 0.134498 0.147834 0.176118 0.186715 0.190249 0.200436 0.128409 0.196104 0.224279 0.582619 0.210567 0.130725 0.199877 0.183395 0.193118 0.146068 0.138654 0.179064 0.174898 0.190213 0.161520 0.185459 0.133817 0.165655 0.174482 0.184067 0.176544 0.184281 0.163089 0.166521 0.198107 0.168823 0.150394 0.127220 0.109383 0.181176 0.183890 0.142882 0.138226 0.185994 0.167534 0.242334 0.140310 0.200506 0.170176 0.163637 0.151373 0.130613 0.135575 0.233269 0.149747 0.202066 0.189256 0.148722 0.109883 0.128061 0.149279 0.192438 0.165401 0.148548 
0.210934 0.174386 0.137249 0.161417 0.269630 0.246118 0.280189 0.158796 0.124387 0.092988 0.112680 0.166315 0.098925 0.058346 0.112768 0.000000 0.121965 0.129691 0.134798 0.124966 0.217915 0.222259 0.133047 0.173221 0.206529 0.298597 0.288836 0.332811 0.264909 0.286258 0.263857 0.256342 0.247576 0.237474 0.250328 0.266932 0.252323 0.282825 0.265291 0.216645 0.289262 0.260129 0.226145 0.291437 0.103957 0.087353 0.091777 0.100140 0.141417 0.145836 0.073349 0.077438 0.079705 0.203509 0.171884 0.240339 0.180510 0.156895 0.240163 0.318209 0.214567 0.378151 0.346826 0.421728 0.371223 0.334640 0.360834 0.356985 0.367664 0.236497 0.312344 0.352862 0.352847 0.134311 0.100108 0.103304 0.293019 0.280680 0.229156 0.270653 0.270526 0.290881 0.255061 0.208803 0.204234 0.209186 0.181929 0.481167 0.447413 0.247929 0.231311 0.207247 0.214773 0.514929 0.376625 0.442908 0.244923 0.362100 0.124181 0.145426 0.126530 0.108249 0.142228 0.137881 0.122918 0.120690 0.126039 0.121179 0.130345 0.158248 0.175822 0.201339 0.170018 0.149485 0.122743 0.149982 0.169817 0.149966 0.111415 0.106800 0.085639 0.091050 0.128698 0.152141 0.102858 0.096069 0.125278 0.104698 0.119616 0.136834 0.144422 0.133003 0.128369 0.129978 0.147366 0.141516 0.114705 0.126122 0.136081 0.152002 0.133255 0.125904 0.122381 0.119272 0.137477 0.217938 0.107079 0.241041 0.056774 0.127433 0.351045 0.153961 0.094676 0.117411 0.279495 0.123650 0.148221 0.108433 0.107372 0.156418 0.077070 0.106997 0.098717 0.114526 0.159167 0.193314 0.105936 0.087623 0.075630 0.105454 0.251468 0.323460 0.259059 0.304197 0.294090 0.299616 0.314256 0.193925 0.234131 0.220684 0.219042 0.172150 0.200489 0.202111 0.223941 0.211496 0.189203 0.148071 0.199924 0.202193 0.543848 0.225247 0.149663 0.195236 0.200449 0.207233 0.159442 0.163765 0.191922 0.185536 0.203143 0.169415 0.197445 0.144629 0.170993 0.169695 0.194810 0.183445 0.190473 0.174470 0.175001 0.205127 0.183900 0.156836 0.120863 0.101168 0.156896 0.159077 0.124294 0.122261 0.156579 0.212543 0.269881 0.174072 0.210469 0.167001 0.158455 0.169616 0.146209 0.167942 0.260442 0.181825 0.178079 0.180519 0.136477 0.132642 0.145443 0.149960 0.194254 0.102720 0.058340 
0.172300 0.138861 0.121420 0.131835 0.227699 0.223625 0.254451 0.146107 0.104928 0.106896 0.120817 0.111752 0.116779 0.129383 0.143209 0.121965 0.000000 0.107325 0.083205 0.095161 0.211275 0.222814 0.081206 0.199762 0.213312 0.317181 0.316807 0.352588 0.293981 0.320685 0.265075 0.283810 0.259464 0.255893 0.272432 0.282770 0.276930 0.307565 0.258220 0.243554 0.315057 0.292593 0.253445 0.322749 0.136956 0.129481 0.144346 0.138927 0.166106 0.166131 0.149577 0.136941 0.112364 0.201989 0.192392 0.252275 0.197950 0.155295 0.206168 0.283290 0.192642 0.369110 0.321630 0.376730 0.339020 0.309601 0.327172 0.314758 0.353444 0.213113 0.289322 0.343286 0.329465 0.113119 0.100605 0.123623 0.252097 0.246206 0.196452 0.243360 0.226680 0.262101 0.220362 0.184980 0.183632 0.178108 0.188218 0.420594 0.377382 0.214274 0.215417 0.212575 0.202729 0.480011 0.329454 0.413438 0.198277 0.318233 0.145479 0.198408 0.152116 0.178959 0.152755 0.164823 0.174768 0.144437 0.167478 0.187471 0.155608 0.215525 0.151540 0.172181 0.152129 0.136694 0.124105 0.117345 0.126063 0.117219 0.117467 0.124086 0.115903 0.109622 0.119507 0.147921 0.121773 0.124599 0.126505 0.102365 0.125783 0.152880 0.127536 0.117303 0.117328 0.129581 0.129239 0.148380 0.112363 0.122518 0.155088 0.151400 0.121616 0.120133 0.140405 0.104298 0.136821 0.223839 0.126202 0.221446 0.103514 0.113121 0.300849 0.255423 0.109313 0.133655 0.270922 0.144105 0.154600 0.114010 0.188619 0.191410 0.134224 0.092854 0.127058 0.083296 0.152005 0.157364 0.148389 0.112237 0.132634 0.172283 0.237318 0.285537 0.230419 0.273617 0.270019 0.258883 0.283804 0.152880 0.201109 0.202905 0.191335 0.185301 0.207424 0.200230 0.206977 0.184401 0.141017 0.100272 0.171998 0.202863 0.514291 0.193069 0.129230 0.167105 0.163098 0.166836 0.160851 0.147195 0.151061 0.156971 0.172980 0.126203 0.149950 0.129688 0.144098 0.146327 0.160265 0.135807 0.144842 0.140630 0.163139 0.151548 0.157025 0.144369 0.116404 0.114664 0.112802 0.114897 0.132296 0.123922 0.145030 0.195129 0.251535 0.141261 0.200880 0.146921 0.133512 0.170760 0.130516 0.189305 0.223927 0.184608 0.118023 0.119146 0.105200 0.143110 0.135271 0.100891 0.134005 0.127028 0.137603 
0.170424 0.131396 0.141215 0.151802 0.241632 0.242255 0.259101 0.105896 0.111227 0.106424 0.113024 0.103339 0.104764 0.145403 0.159024 0.129691 0.107325 0.000000 0.121109 0.086861 0.177402 0.200697 0.122413 0.176996 0.162733 0.327187 0.325420 0.358267 0.304019 0.329755 0.282206 0.298627 0.271822 0.272414 0.277206 0.296212 0.293498 0.319192 0.262041 0.246277 0.317826 0.290020 0.259627 0.324115 0.165636 0.149993 0.151558 0.161907 0.189106 0.192319 0.172778 0.162932 0.139123 0.179635 0.187882 0.246545 0.200183 0.155557 0.228032 0.290507 0.213299 0.370512 0.331715 0.378369 0.343411 0.332789 0.329452 0.331375 0.371567 0.223521 0.288728 0.338224 0.341539 0.100754 0.094941 0.133912 0.235724 0.261576 0.191679 0.234768 0.222032 0.284052 0.237956 0.193165 0.165287 0.167847 0.200814 0.377029 0.357834 0.172259 0.206047 0.155940 0.228982 0.427167 0.320391 0.407300 0.183950 0.287157 0.151603 0.208988 0.159042 0.180011 0.165646 0.180959 0.196673 0.162449 0.190612 0.196646 0.156159 0.232424 0.160104 0.170584 0.148508 0.159043 0.157248 0.136788 0.143817 0.126162 0.141010 0.154458 0.137304 0.141862 0.136621 0.155263 0.143845 0.148629 0.148934 0.126900 0.138854 0.158767 0.148483 0.149825 0.137859 0.135772 0.155627 0.168352 0.131277 0.138233 0.162775 0.161744 0.140830 0.131592 0.148391 0.121411 0.147172 0.200403 0.111832 0.218465 0.132077 0.166082 0.299691 0.255386 0.121786 0.141235 0.282802 0.163770 0.141850 0.136584 0.190402 0.190873 0.150051 0.116549 0.121485 0.105904 0.140943 0.156834 0.164809 0.137231 0.149983 0.185335 0.221372 0.285000 0.233781 0.274955 0.273188 0.255743 0.274895 0.146231 0.183502 0.188634 0.178613 0.164866 0.188705 0.168148 0.194624 0.209921 0.132707 0.116666 0.139056 0.239704 0.544840 0.174323 0.114240 0.175648 0.135578 0.139247 0.146761 0.145296 0.139739 0.148293 0.160164 0.120020 0.145994 0.141248 0.145479 0.115925 0.140774 0.118628 0.121581 0.139692 0.137814 0.126253 0.114650 0.145921 0.124082 0.119786 0.094722 0.101774 0.138024 0.145357 0.145799 0.212235 0.214180 0.127760 0.167043 0.169292 0.169485 0.165811 0.146786 0.177664 0.186883 0.162265 0.148052 0.157103 0.124357 0.120807 0.106681 0.114573 0.166149 0.139164 0.164124 
