246 246
0.000000 0.205974 0.223673 0.168523 0.301923 0.317125 0.287050 0.319590 0.312372 0.300686 0.313729 0.309032 0.277032 0.348021 0.338375 0.350002 0.273549 0.277614 0.283404 0.433607 0.230537 0.399515 0.460332 0.472307 0.527979 0.533499 0.517696 0.523379 0.556002 0.497464 0.465770 0.494874 0.464571 0.466399 0.492064 0.558026 0.438075 0.439973 0.509028 0.465568 0.513027 0.310605 0.391870 0.355693 0.322269 0.345140 0.383397 0.327554 0.378343 0.321719 0.321695 0.464015 0.345620 0.343612 0.345765 0.408448 0.351830 0.443112 0.357879 0.557424 0.427137 0.333932 0.495124 0.493686 0.382318 0.458476 0.489856 0.341690 0.296894 0.209687 0.227449 0.237232 0.253300 0.287636 0.401462 0.414153 0.430326 0.375355 0.340506 0.325928 0.216958 0.243082 0.675481 0.669096 0.394792 0.451899 0.419778 0.456047 0.530557 0.386363 0.769160 0.602425 0.425582 0.424936 0.555500 0.336989 0.278249 0.284619 0.378158 0.360414 0.314525 0.369174 0.358603 0.366504 0.367526 0.396092 0.326169 0.408439 0.290037 0.241043 0.252741 0.243177 0.256560 0.236810 0.231348 0.182912 0.234004 0.236837 0.337677 0.350141 0.310951 0.386033 0.319657 0.374832 0.390387 0.388093 0.330745 0.386931 0.360310 0.360433 0.368079 0.336087 0.366884 0.311241 0.414830 0.361004 0.317617 0.373290 0.360989 0.313240 0.333231 0.364553 0.384483 0.416381 0.289333 0.335529 0.332193 0.339023 0.495345 0.323743 0.328938 0.282757 0.303796 0.326085 0.492306 0.372154 0.320860 0.258428 0.324618 0.259996 0.325749 0.397163 0.428442 0.443859 0.461920 0.302656 0.446197 0.396252 0.457469 0.427940 0.408441 0.468379 0.426480 0.310228 0.330082 0.314955 0.336391 0.297850 0.334094 0.354742 0.312175 0.313870 0.234575 0.278379 0.227291 0.293641 0.231315 0.226776 0.254915 0.303149 0.258925 0.266611 0.234063 0.242911 0.230784 0.258829 0.214739 0.251524 0.346069 0.208399 0.238715 0.266904 0.401011 0.285789 0.265567 0.308648 0.308548 0.318081 0.274179 0.244392 0.281051 0.268179 0.241379 0.217400 0.243743 0.206209 0.297068 0.296893 0.291692 0.344397 0.285057 0.420412 0.350272 0.413256 0.412263 0.305371 0.345277 0.294404 0.421823 0.207543 0.345006 0.387096 0.363805 0.241101 0.266106 0.220498 0.335796 0.277797 0.346125 0.358752 0.263897 0.235342 0.358583 0.399824 0.346508 0.397675 
0.205974 0.000000 0.148229 0.149301 0.278123 0.314114 0.250485 0.285471 0.229383 0.282785 0.251323 0.240670 0.232126 0.272441 0.295886 0.287616 0.229543 0.272285 0.271419 0.399452 0.214757 0.364597 0.431764 0.547284 0.511644 0.502279 0.579548 0.468776 0.502086 0.536636 0.425333 0.432268 0.485439 0.551336 0.453826 0.505585 0.399114 0.396923 0.518217 0.412854 0.526171 0.252224 0.283613 0.239724 0.294075 0.364367 0.318617 0.252140 0.315506 0.298169 0.197877 0.381791 0.351775 0.367422 0.291486 0.324074 0.335295 0.435506 0.336822 0.496002 0.436507 0.297064 0.478153 0.486021 0.264418 0.451377 0.468387 0.278654 0.258713 0.142994 0.168899 0.248595 0.254478 0.237197 0.345492 0.373092 0.375340 0.324629 0.244774 0.204300 0.207980 0.227199 0.660524 0.630179 0.395962 0.405846 0.352006 0.424708 0.473848 0.340354 0.722861 0.568318 0.381468 0.409580 0.519007 0.278388 0.241039 0.332516 0.287438 0.280260 0.275290 0.296517 0.269448 0.308752 0.317392 0.344647 0.313878 0.301577 0.287454 0.148413 0.187578 0.172600 0.167191 0.179090 0.182306 0.159755 0.195642 0.192638 0.276583 0.309019 0.282283 0.321428 0.274860 0.275868 0.319436 0.318077 0.252380 0.286729 0.293094 0.336322 0.353641 0.267963 0.311474 0.235978 0.374932 0.324613 0.247388 0.306833 0.283045 0.261474 0.257750 0.334125 0.308812 0.389848 0.255756 0.285820 0.322171 0.308728 0.478605 0.271269 0.269713 0.232387 0.260548 0.276122 0.470357 0.430835 0.284957 0.182430 0.266615 0.233185 0.307836 0.361843 0.387811 0.397912 0.414849 0.259792 0.364028 0.313958 0.364496 0.371105 0.354433 0.349270 0.349263 0.230417 0.271969 0.224609 0.256314 0.208029 0.290740 0.251352 0.232870 0.228014 0.169077 0.213742 0.185573 0.234069 0.250153 0.214408 0.254407 0.213007 0.227763 0.236068 0.141435 0.182594 0.184403 0.229781 0.175202 0.169132 0.284037 0.123739 0.176656 0.215173 0.348429 0.202808 0.219114 0.208727 0.224801 0.305687 0.242382 0.230512 0.258177 0.235285 0.257556 0.167202 0.239091 0.198216 0.176719 0.240884 0.194683 0.266136 0.251715 0.381750 0.301103 0.374989 0.396275 0.241056 0.284463 0.249328 0.333648 0.180851 0.301975 0.359084 0.304446 0.215283 0.175799 0.197061 0.258013 0.241885 0.342825 0.356549 0.249197 0.207222 0.339031 0.341917 0.311580 0.345688 
0.223673 0.148229 0.000000 0.105459 0.269983 0.304117 0.262005 0.282503 0.210568 0.258047 0.216660 0.247466 0.223417 0.202661 0.255014 0.210785 0.231652 0.209969 0.268344 0.400031 0.227010 0.342823 0.448473 0.567615 0.534287 0.518525 0.595289 0.487161 0.517124 0.554347 0.443396 0.449372 0.507327 0.590560 0.471274 0.522713 0.412609 0.413154 0.532202 0.426957 0.539878 0.249875 0.308254 0.229349 0.279309 0.330465 0.256653 0.233990 0.270337 0.311973 0.269355 0.419218 0.371164 0.410100 0.309569 0.340031 0.312189 0.449579 0.352116 0.473315 0.424000 0.310010 0.461082 0.474933 0.316473 0.439060 0.474593 0.253407 0.194680 0.159639 0.180252 0.192173 0.210374 0.178645 0.404040 0.404466 0.376861 0.314355 0.278549 0.245174 0.151326 0.171983 0.680716 0.663454 0.406279 0.382720 0.367507 0.420294 0.453777 0.322471 0.742616 0.548089 0.376590 0.420119 0.552498 0.272773 0.271416 0.312451 0.298528 0.254577 0.279644 0.292750 0.279036 0.289542 0.298936 0.313912 0.309864 0.282927 0.313642 0.169008 0.187330 0.163465 0.163886 0.137923 0.125800 0.134252 0.201570 0.172344 0.268764 0.283533 0.299222 0.340774 0.274639 0.228829 0.314837 0.304835 0.245950 0.281504 0.258129 0.353060 0.319140 0.281939 0.309470 0.225409 0.362167 0.319294 0.267254 0.314533 0.309262 0.282853 0.273970 0.293041 0.310655 0.364802 0.223204 0.244423 0.282180 0.214630 0.494923 0.223324 0.257063 0.215458 0.227316 0.201133 0.432428 0.400950 0.230432 0.151654 0.201660 0.177522 0.286378 0.319067 0.301906 0.365440 0.366049 0.219940 0.414621 0.339200 0.370398 0.397579 0.368232 0.392546 0.387217 0.266966 0.282674 0.201622 0.234371 0.220177 0.294907 0.275976 0.246572 0.246651 0.187650 0.191388 0.215571 0.236423 0.259887 0.198761 0.233307 0.245672 0.233246 0.271386 0.190551 0.164983 0.172505 0.229191 0.158819 0.172524 0.290863 0.131757 0.176510 0.190955 0.319262 0.207862 0.198195 0.200224 0.271602 0.307291 0.202030 0.172684 0.250339 0.180247 0.249548 0.137583 0.245699 0.183092 0.195773 0.170558 0.212218 0.221965 0.233186 0.321740 0.289048 0.333160 0.373573 0.211251 0.266107 0.213292 0.315185 0.181824 0.284506 0.345994 0.292618 0.236632 0.232425 0.207667 0.251277 0.206786 0.282353 0.306553 0.233508 0.233113 0.311607 0.259041 0.289489 0.310145 
0.168523 0.149301 0.105459 0.000000 0.214600 0.258014 0.258679 0.264631 0.236548 0.249372 0.242875 0.274776 0.229621 0.251159 0.261490 0.252236 0.237490 0.223326 0.255786 0.350295 0.184615 0.312067 0.399942 0.511708 0.480695 0.471597 0.548338 0.443385 0.488415 0.507918 0.396403 0.402829 0.450477 0.543311 0.427034 0.476408 0.365989 0.364946 0.485497 0.379860 0.493153 0.218689 0.283293 0.245117 0.230023 0.326587 0.285648 0.240030 0.282117 0.281101 0.253612 0.394390 0.333925 0.352838 0.265608 0.351412 0.271129 0.385505 0.300889 0.457884 0.368582 0.253923 0.398899 0.423256 0.295434 0.409685 0.429739 0.266073 0.206933 0.158816 0.170238 0.188410 0.210314 0.192334 0.362250 0.379145 0.353076 0.293126 0.252028 0.254947 0.142040 0.159146 0.638602 0.640140 0.374409 0.382354 0.384338 0.378330 0.469061 0.325496 0.723764 0.562057 0.363741 0.401069 0.520081 0.270682 0.225354 0.287056 0.273145 0.252071 0.223620 0.270169 0.245931 0.271893 0.274600 0.301454 0.251413 0.291709 0.259226 0.182151 0.185729 0.177524 0.178080 0.151487 0.142092 0.125758 0.181046 0.170103 0.271546 0.281105 0.275741 0.329604 0.275339 0.272491 0.314017 0.312868 0.251328 0.291299 0.265978 0.331382 0.329792 0.264274 0.299958 0.231387 0.369136 0.317413 0.243583 0.334539 0.296294 0.252044 0.252482 0.309479 0.304426 0.354709 0.250862 0.251705 0.243527 0.246255 0.457494 0.224612 0.240739 0.192582 0.215120 0.238153 0.437785 0.424685 0.238540 0.204200 0.231546 0.211420 0.295804 0.348805 0.333025 0.391419 0.361912 0.255807 0.400777 0.298087 0.370237 0.364393 0.337353 0.373864 0.363561 0.240529 0.261009 0.227290 0.244489 0.216743 0.261339 0.262958 0.231091 0.228289 0.178591 0.201529 0.167664 0.240393 0.249779 0.178029 0.260335 0.268560 0.212146 0.244404 0.183587 0.177483 0.166196 0.196168 0.154239 0.189066 0.272127 0.130030 0.175299 0.211432 0.329517 0.197822 0.200691 0.228287 0.269787 0.297592 0.195502 0.212163 0.259376 0.206472 0.225453 0.180505 0.245939 0.174079 0.223331 0.210675 0.233332 0.262611 0.242598 0.342225 0.298093 0.327003 0.340078 0.239602 0.278179 0.234777 0.343130 0.162054 0.267544 0.314229 0.290246 0.214789 0.214065 0.190982 0.287785 0.227694 0.286635 0.323317 0.226336 0.217709 0.309410 0.299300 0.274706 0.312644 
0.301923 0.278123 0.269983 0.214600 0.000000 0.119367 0.277525 0.367255 0.365439 0.398277 0.375857 0.386746 0.370903 0.338719 0.341911 0.376628 0.371437 0.380577 0.359124 0.295136 0.281220 0.324641 0.332739 0.425858 0.391870 0.365804 0.444192 0.360227 0.383557 0.408863 0.306867 0.365047 0.406444 0.476498 0.329296 0.386012 0.321232 0.321456 0.375911 0.315906 0.388239 0.339751 0.342537 0.333853 0.392262 0.397666 0.419819 0.374055 0.394190 0.259904 0.274097 0.269550 0.295899 0.294301 0.284491 0.357539 0.283448 0.253477 0.247223 0.329741 0.254520 0.200534 0.314534 0.300647 0.215606 0.278344 0.300367 0.199462 0.207948 0.242078 0.256120 0.351228 0.339731 0.349591 0.258258 0.257930 0.223969 0.204460 0.158396 0.197063 0.247918 0.216112 0.496664 0.512408 0.261321 0.296688 0.297081 0.302781 0.359464 0.231266 0.567547 0.431388 0.248372 0.318125 0.377709 0.344195 0.327758 0.400305 0.314334 0.363646 0.339991 0.340601 0.372942 0.365980 0.394138 0.424626 0.398750 0.398715 0.386725 0.233200 0.250732 0.198265 0.255260 0.249229 0.280565 0.298823 0.245056 0.251933 0.385080 0.400646 0.396463 0.438345 0.379810 0.384110 0.447941 0.440176 0.372285 0.380145 0.384751 0.449883 0.466161 0.348954 0.418105 0.356252 0.485646 0.435944 0.370760 0.438507 0.375046 0.344383 0.387611 0.445801 0.430707 0.268513 0.348598 0.307025 0.213457 0.373831 0.328858 0.368658 0.311100 0.319536 0.331843 0.336490 0.324498 0.559190 0.406130 0.319245 0.346350 0.372281 0.414838 0.460094 0.495346 0.523544 0.347295 0.325309 0.282180 0.210165 0.257656 0.242755 0.240151 0.248814 0.254462 0.202123 0.255574 0.233479 0.231439 0.188960 0.229807 0.200186 0.234712 0.167386 0.290662 0.301820 0.281865 0.176904 0.228282 0.235018 0.259870 0.244049 0.237193 0.235956 0.240005 0.248399 0.231289 0.273640 0.272273 0.260153 0.404995 0.207150 0.212158 0.265449 0.406531 0.234056 0.269205 0.251509 0.298284 0.423554 0.324509 0.373043 0.321538 0.339296 0.262582 0.307225 0.352499 0.292115 0.343586 0.345130 0.346687 0.322602 0.274555 0.459333 0.388956 0.243456 0.280805 0.309164 0.304728 0.331269 0.402805 0.278717 0.260466 0.201595 0.276284 0.271088 0.215529 0.305908 0.371769 0.310689 0.250123 0.239404 0.329461 0.297312 0.437938 0.453485 0.309969 0.278593 
0.317125 0.314114 0.304117 0.258014 0.119367 0.000000 0.285079 0.387278 0.378121 0.422591 0.404356 0.382658 0.398875 0.384367 0.396998 0.431640 0.404184 0.376276 0.379549 0.319950 0.312606 0.368491 0.375570 0.423362 0.402831 0.402732 0.455094 0.407393 0.403838 0.408407 0.328565 0.439125 0.441447 0.516578 0.342905 0.412948 0.376373 0.388386 0.382314 0.375696 0.399942 0.417855 0.387235 0.397323 0.454673 0.436126 0.493350 0.453441 0.455084 0.294212 0.341193 0.299350 0.332703 0.317929 0.357521 0.374966 0.323186 0.264286 0.280116 0.329317 0.278900 0.247284 0.300493 0.321471 0.269172 0.284592 0.339402 0.228375 0.227270 0.278324 0.301219 0.386781 0.358926 0.390693 0.282701 0.259956 0.251511 0.225384 0.216225 0.254779 0.309618 0.278359 0.458580 0.498795 0.258988 0.268281 0.288694 0.283317 0.340203 0.256602 0.541301 0.419190 0.255946 0.309760 0.384513 0.350171 0.388331 0.442784 0.392054 0.442646 0.413666 0.408310 0.446020 0.432731 0.464625 0.498351 0.464164 0.478463 0.447289 0.261813 0.278977 0.223362 0.293235 0.303738 0.317477 0.328103 0.270548 0.279602 0.434041 0.438365 0.438083 0.480279 0.438400 0.422943 0.485774 0.482746 0.414755 0.417112 0.428669 0.492296 0.502602 0.389768 0.460487 0.415961 0.527896 0.479627 0.421135 0.455246 0.417464 0.383686 0.450507 0.482021 0.473190 0.304116 0.366268 0.356972 0.241289 0.424040 0.328909 0.395747 0.343183 0.383035 0.395935 0.373664 0.355508 0.578243 0.462854 0.347446 0.388599 0.410925 0.442687 0.480631 0.540046 0.554681 0.379537 0.334373 0.289973 0.245797 0.273001 0.252721 0.263334 0.275281 0.289694 0.269544 0.283978 0.287405 0.281954 0.239264 0.270538 0.254350 0.289484 0.243707 0.314355 0.328366 0.330485 0.217009 0.238717 0.277036 0.278989 0.276353 0.261532 0.284078 0.265079 0.269619 0.262128 0.300627 0.306180 0.285075 0.426485 0.254895 0.261739 0.289545 0.432882 0.267166 0.289164 0.287854 0.320383 0.450856 0.348897 0.395108 0.331769 0.367804 0.278226 0.330457 0.376067 0.340812 0.359680 0.395538 0.382343 0.342578 0.299567 0.509689 0.422772 0.273367 0.281619 0.303477 0.313015 0.358645 0.410673 0.308228 0.300069 0.212418 0.304124 0.295665 0.261750 0.352588 0.376698 0.316886 0.238738 0.237661 0.365497 0.319945 0.465098 0.500312 0.357484 0.317797 
0.287050 0.250485 0.262005 0.258679 0.277525 0.285079 0.000000 0.183369 0.172615 0.262253 0.191375 0.206336 0.244218 0.209721 0.240790 0.244901 0.171651 0.222686 0.181341 0.260572 0.180301 0.250578 0.353029 0.428161 0.414206 0.404926 0.469837 0.399485 0.392937 0.409935 0.324917 0.385737 0.382179 0.461099 0.353094 0.401472 0.307939 0.326336 0.399653 0.335239 0.406852 0.261407 0.255320 0.241081 0.297402 0.239115 0.314650 0.272761 0.272978 0.194297 0.179225 0.276913 0.226145 0.233113 0.197560 0.193970 0.174443 0.387236 0.260595 0.505353 0.427627 0.272463 0.466558 0.475732 0.257147 0.375218 0.457430 0.236694 0.231884 0.154174 0.183116 0.231578 0.218445 0.234396 0.309150 0.291089 0.310848 0.306905 0.232803 0.180835 0.253062 0.264172 0.503196 0.491230 0.200075 0.225266 0.174651 0.244040 0.319370 0.196468 0.565237 0.397005 0.159980 0.217288 0.374194 0.174218 0.240272 0.324396 0.278582 0.291488 0.294962 0.279271 0.318223 0.279749 0.311554 0.346562 0.328225 0.326097 0.278709 0.234752 0.191648 0.186782 0.220704 0.221137 0.264856 0.247631 0.181202 0.239847 0.228063 0.269936 0.252395 0.280286 0.241846 0.244095 0.285612 0.267217 0.204568 0.243819 0.249485 0.293064 0.299585 0.199999 0.245808 0.209431 0.312206 0.285126 0.234777 0.258877 0.230934 0.188658 0.272066 0.257983 0.268449 0.229723 0.174206 0.213930 0.255474 0.288646 0.340390 0.199191 0.172000 0.237382 0.220846 0.191418 0.297904 0.376506 0.295216 0.198186 0.207193 0.263671 0.235655 0.288356 0.343048 0.377362 0.295299 0.174200 0.375170 0.282091 0.366401 0.323684 0.364517 0.363355 0.391478 0.212575 0.227573 0.178108 0.215174 0.171910 0.212922 0.223720 0.200324 0.256814 0.170959 0.201749 0.203878 0.219230 0.181486 0.157995 0.243432 0.167409 0.209985 0.188701 0.209203 0.213022 0.201706 0.204192 0.248357 0.228814 0.259180 0.205772 0.190185 0.180486 0.268625 0.151329 0.178824 0.179889 0.187831 0.328028 0.210851 0.273739 0.145260 0.277877 0.250977 0.214016 0.276138 0.247694 0.233982 0.297276 0.277034 0.201333 0.200146 0.337921 0.218629 0.221386 0.299499 0.195763 0.210286 0.225376 0.224963 0.233759 0.216059 0.237089 0.176850 0.231871 0.183513 0.263580 0.195129 0.208955 0.285954 0.240369 0.218943 0.256523 0.274133 0.311722 0.196807 0.192551 
0.319590 0.285471 0.282503 0.264631 0.367255 0.387278 0.183369 0.000000 0.156862 0.207991 0.188760 0.183777 0.264266 0.199762 0.210557 0.215326 0.169698 0.222546 0.130980 0.313295 0.203281 0.241700 0.371097 0.456519 0.431813 0.427522 0.506730 0.428276 0.464858 0.453429 0.371043 0.373275 0.402311 0.504039 0.386267 0.437915 0.341214 0.353686 0.445991 0.379121 0.470436 0.232939 0.273793 0.201370 0.251468 0.264720 0.260467 0.259266 0.161729 0.277751 0.260583 0.384076 0.291958 0.299225 0.237903 0.300969 0.247111 0.483199 0.334773 0.613113 0.531515 0.296935 0.516813 0.591060 0.369393 0.458811 0.566709 0.354287 0.319354 0.205128 0.197200 0.198144 0.142571 0.195862 0.403934 0.408239 0.417243 0.397095 0.349996 0.300865 0.306316 0.333923 0.658475 0.591866 0.302708 0.299780 0.251859 0.264687 0.430745 0.303097 0.716259 0.520382 0.288745 0.259624 0.482132 0.164476 0.228064 0.327282 0.284497 0.289418 0.255284 0.222935 0.313968 0.271197 0.302963 0.355261 0.278889 0.324746 0.231869 0.294921 0.207752 0.245666 0.247386 0.211234 0.267410 0.212880 0.190731 0.218885 0.171925 0.214268 0.180839 0.261030 0.220817 0.225587 0.199395 0.215085 0.170610 0.231248 0.175566 0.197375 0.224567 0.182343 0.170444 0.173371 0.203168 0.172448 0.189756 0.249498 0.222219 0.137180 0.210604 0.177673 0.235559 0.306752 0.186088 0.196805 0.360045 0.252000 0.430691 0.152847 0.153239 0.230899 0.216996 0.224053 0.390863 0.286332 0.201942 0.240348 0.164614 0.198372 0.196250 0.282957 0.272435 0.260823 0.374663 0.197156 0.476924 0.375642 0.474138 0.442343 0.464211 0.473461 0.480765 0.325281 0.297207 0.267209 0.317005 0.302846 0.295238 0.338040 0.276723 0.342444 0.169625 0.216519 0.136512 0.329551 0.255277 0.195034 0.318144 0.257129 0.273853 0.254529 0.266739 0.266925 0.233937 0.208844 0.244595 0.286098 0.124860 0.231739 0.250821 0.242561 0.311780 0.249513 0.238649 0.270100 0.275195 0.234132 0.144737 0.262263 0.229697 0.228238 0.266368 0.222529 0.294565 0.225869 0.266747 0.239265 0.313309 0.280673 0.306829 0.277186 0.289151 0.292913 0.354414 0.286873 0.313321 0.245957 0.323992 0.214104 0.232771 0.349355 0.271985 0.261834 0.277215 0.275699 0.219408 0.257933 0.377144 0.319778 0.151558 0.263077 0.193124 0.255167 0.177381 0.255325 
0.312372 0.229383 0.210568 0.236548 0.365439 0.378121 0.172615 0.156862 0.000000 0.199412 0.075737 0.070451 0.140539 0.139156 0.211319 0.152350 0.153996 0.168880 0.156262 0.302219 0.208043 0.280671 0.397137 0.483876 0.479386 0.456260 0.534146 0.436879 0.445241 0.467842 0.384020 0.405303 0.428475 0.525624 0.405226 0.442723 0.338008 0.351747 0.457738 0.378044 0.464743 0.213105 0.226150 0.163433 0.222403 0.257204 0.232840 0.181372 0.187587 0.231301 0.227146 0.347329 0.258343 0.283549 0.256534 0.268893 0.266166 0.496369 0.359406 0.609617 0.548342 0.333963 0.560886 0.586588 0.345907 0.466162 0.562209 0.339814 0.306343 0.189524 0.186532 0.197115 0.191422 0.184003 0.421207 0.390392 0.426090 0.411563 0.331649 0.278357 0.278568 0.329897 0.632101 0.588843 0.311205 0.275029 0.247668 0.283371 0.446678 0.278398 0.679541 0.525269 0.280056 0.320647 0.489741 0.150655 0.209634 0.293059 0.258048 0.231506 0.256612 0.249439 0.250788 0.250530 0.272415 0.285909 0.272670 0.249331 0.247340 0.266022 0.228036 0.241146 0.226679 0.209286 0.215711 0.184139 0.197178 0.225698 0.128522 0.156187 0.172480 0.181127 0.160990 0.141473 0.180303 0.173251 0.113943 0.168893 0.174111 0.207516 0.206115 0.144263 0.171297 0.121694 0.239369 0.200592 0.149723 0.184606 0.183962 0.151001 0.184464 0.154410 0.168301 0.339124 0.178452 0.225050 0.373452 0.277756 0.449723 0.134018 0.162610 0.189351 0.214453 0.197588 0.396802 0.281608 0.206731 0.162236 0.133764 0.188009 0.234127 0.271016 0.275980 0.258722 0.380225 0.179875 0.457882 0.372216 0.453783 0.441342 0.465760 0.453498 0.485207 0.306838 0.309541 0.237587 0.289497 0.273689 0.289879 0.310797 0.285820 0.336946 0.168381 0.236364 0.202135 0.304358 0.260024 0.197553 0.306960 0.215967 0.273226 0.245068 0.239393 0.256824 0.235984 0.231844 0.239066 0.262263 0.164312 0.201819 0.230948 0.256742 0.325590 0.244798 0.241769 0.249187 0.231466 0.214678 0.147492 0.176305 0.203948 0.282300 0.284838 0.178674 0.256481 0.215756 0.179406 0.226518 0.224461 0.254508 0.300381 0.315035 0.264755 0.302722 0.399598 0.250902 0.296980 0.264313 0.270819 0.232374 0.265814 0.357180 0.240998 0.237686 0.221538 0.210545 0.169658 0.235662 0.375103 0.333581 0.163525 0.230363 0.195969 0.213708 0.198713 0.250461 
0.300686 0.282785 0.258047 0.249372 0.398277 0.422591 0.262253 0.207991 0.199412 0.000000 0.205602 0.221659 0.137489 0.287464 0.276803 0.280775 0.163019 0.095020 0.173979 0.361615 0.224700 0.355692 0.474177 0.559562 0.504126 0.535958 0.607265 0.539602 0.561260 0.566266 0.458270 0.479177 0.503360 0.566394 0.500128 0.550196 0.430014 0.442079 0.530603 0.461198 0.554971 0.313034 0.349935 0.315182 0.298793 0.384967 0.328612 0.306517 0.210941 0.330568 0.309778 0.435314 0.350675 0.355847 0.281125 0.329236 0.285985 0.491377 0.354522 0.640419 0.529195 0.344771 0.526729 0.589112 0.381116 0.468972 0.560830 0.358118 0.327528 0.267597 0.212134 0.171532 0.139986 0.185935 0.431513 0.444188 0.471025 0.423305 0.363433 0.348694 0.315405 0.347365 0.609467 0.579283 0.345338 0.373230 0.330293 0.397148 0.463324 0.359325 0.704339 0.558424 0.372586 0.317751 0.508681 0.277340 0.279447 0.407116 0.370663 0.352589 0.348050 0.341066 0.374308 0.348246 0.374111 0.412377 0.335601 0.392315 0.273216 0.322494 0.256960 0.299350 0.298068 0.239835 0.269217 0.197397 0.252127 0.239449 0.245910 0.255329 0.205558 0.287809 0.254957 0.290615 0.230351 0.285364 0.242240 0.321740 0.270440 0.248473 0.244956 0.262105 0.257827 0.239362 0.276417 0.213928 0.248207 0.313854 0.311146 0.245043 0.254589 0.226205 0.292717 0.416983 0.237340 0.284702 0.405907 0.288003 0.512682 0.259196 0.295808 0.315861 0.334726 0.270288 0.445671 0.308240 0.277082 0.248655 0.238063 0.146933 0.242889 0.297627 0.285334 0.199389 0.423539 0.221852 0.485008 0.413354 0.491523 0.472036 0.469709 0.505693 0.525103 0.351755 0.311312 0.321347 0.370846 0.340613 0.332898 0.371168 0.325390 0.385798 0.224019 0.287365 0.199754 0.341164 0.305694 0.247923 0.356625 0.309677 0.253371 0.236264 0.236388 0.314686 0.277819 0.211172 0.204572 0.319974 0.185106 0.268569 0.307309 0.277359 0.314495 0.298770 0.271867 0.294859 0.263220 0.207860 0.215717 0.231796 0.225056 0.257560 0.266752 0.185974 0.200466 0.171359 0.268790 0.250980 0.258331 0.262391 0.296334 0.281857 0.286914 0.380276 0.367512 0.293519 0.308695 0.253435 0.335933 0.259179 0.314407 0.347641 0.273635 0.226010 0.284293 0.207491 0.273052 0.220277 0.351568 0.324889 0.166046 0.233511 0.203408 0.327987 0.297982 0.371650 
0.313729 0.251323 0.216660 0.242875 0.375857 0.404356 0.191375 0.188760 0.075737 0.205602 0.000000 0.111434 0.178020 0.124577 0.220961 0.156997 0.163374 0.181006 0.172872 0.310310 0.201149 0.288389 0.386322 0.495228 0.488430 0.450652 0.529714 0.440596 0.455887 0.471027 0.385230 0.411082 0.435488 0.522183 0.404954 0.449365 0.310804 0.329402 0.440843 0.341875 0.431915 0.193479 0.226432 0.172235 0.210358 0.228640 0.212591 0.162086 0.197112 0.244974 0.237327 0.344672 0.253415 0.282040 0.243442 0.285959 0.288751 0.495046 0.371921 0.616509 0.541364 0.349830 0.580244 0.589394 0.354431 0.476881 0.552344 0.339350 0.309502 0.204222 0.206444 0.217151 0.215918 0.202255 0.415885 0.394294 0.423756 0.411612 0.340162 0.291164 0.276439 0.326526 0.643994 0.613763 0.327518 0.288636 0.273226 0.303458 0.452182 0.286876 0.695486 0.537762 0.298729 0.338291 0.502755 0.156019 0.205268 0.293751 0.270907 0.228227 0.260148 0.254732 0.247773 0.221371 0.247681 0.263225 0.258636 0.242918 0.253898 0.275097 0.246086 0.259011 0.255775 0.226742 0.212806 0.207205 0.223749 0.245262 0.145515 0.168450 0.175860 0.175574 0.143785 0.142763 0.160855 0.156424 0.139645 0.164186 0.173985 0.211517 0.191615 0.170635 0.163563 0.120400 0.234324 0.176686 0.132244 0.180904 0.175244 0.174576 0.158474 0.141954 0.146281 0.355663 0.182731 0.226090 0.379773 0.287021 0.460781 0.149779 0.160835 0.198012 0.223049 0.216448 0.405948 0.269251 0.230451 0.175924 0.146433 0.198034 0.262384 0.277829 0.276293 0.270569 0.394886 0.209304 0.469690 0.377774 0.466072 0.434610 0.464826 0.470620 0.490214 0.309363 0.326473 0.252375 0.303465 0.283120 0.299493 0.326858 0.291659 0.351979 0.192052 0.252628 0.229660 0.302406 0.267783 0.189617 0.309103 0.223359 0.286857 0.246755 0.246183 0.279150 0.248287 0.253804 0.227044 0.270705 0.192831 0.215575 0.242337 0.264539 0.326553 0.246169 0.255986 0.259516 0.256426 0.246034 0.181201 0.190007 0.229120 0.302631 0.322360 0.202435 0.271759 0.238726 0.179366 0.222099 0.246139 0.275505 0.325986 0.325425 0.287563 0.325908 0.424390 0.286920 0.318044 0.286019 0.299172 0.264835 0.288455 0.374619 0.274371 0.267372 0.244541 0.245317 0.195041 0.250649 0.391132 0.357717 0.197713 0.287149 0.198249 0.234322 0.211887 0.284980 
0.309032 0.240670 0.247466 0.274776 0.386746 0.382658 0.206336 0.183777 0.070451 0.221659 0.111434 0.000000 0.164157 0.146721 0.236035 0.176330 0.182653 0.177497 0.161565 0.342952 0.222031 0.296772 0.411198 0.495122 0.508237 0.467239 0.544653 0.460952 0.458314 0.468731 0.399981 0.434108 0.438639 0.513321 0.401266 0.470338 0.368714 0.386372 0.475292 0.403963 0.482514 0.244244 0.241490 0.173191 0.257521 0.270157 0.258833 0.208513 0.211827 0.264276 0.238920 0.368959 0.289192 0.310846 0.291006 0.286866 0.312026 0.522892 0.393413 0.626793 0.566507 0.365473 0.598112 0.615664 0.356261 0.513864 0.599995 0.357084 0.306309 0.216940 0.223232 0.211580 0.189540 0.230497 0.456806 0.415414 0.466981 0.450505 0.365080 0.285268 0.303588 0.352587 0.666219 0.620554 0.318465 0.301014 0.277336 0.321721 0.466947 0.312366 0.710519 0.547576 0.319865 0.332266 0.516978 0.150233 0.237569 0.292817 0.285920 0.258524 0.275423 0.267351 0.275204 0.267961 0.292538 0.311393 0.304413 0.282912 0.262599 0.253048 0.261694 0.274073 0.252494 0.234014 0.228263 0.222091 0.217496 0.250684 0.156832 0.179737 0.185241 0.194006 0.171531 0.174119 0.223926 0.203118 0.149903 0.194771 0.203696 0.216822 0.222686 0.181831 0.202927 0.162780 0.251161 0.198215 0.180924 0.183931 0.216173 0.195542 0.218738 0.173025 0.195931 0.367988 0.194590 0.258203 0.400472 0.315564 0.485107 0.167931 0.174563 0.201966 0.238757 0.237740 0.420732 0.271463 0.238978 0.182096 0.151425 0.212309 0.247440 0.306716 0.315356 0.260740 0.423659 0.214696 0.497327 0.412605 0.481802 0.461528 0.502945 0.486367 0.516402 0.345902 0.357546 0.277795 0.335324 0.306208 0.332318 0.347568 0.329063 0.367983 0.201700 0.268365 0.239645 0.350694 0.267808 0.222546 0.311313 0.239203 0.315876 0.290503 0.281897 0.295709 0.271206 0.276546 0.269554 0.266808 0.200597 0.224322 0.237330 0.297527 0.374426 0.288351 0.285806 0.277591 0.232980 0.218057 0.196345 0.164597 0.226893 0.329700 0.299246 0.203827 0.271423 0.235037 0.172882 0.251629 0.213067 0.280626 0.348124 0.369493 0.316890 0.336658 0.447286 0.304423 0.358831 0.326060 0.324738 0.265072 0.299396 0.406700 0.283838 0.237564 0.252328 0.223851 0.183046 0.285136 0.412754 0.362214 0.188259 0.243838 0.181111 0.235065 0.219206 0.284993 
0.277032 0.232126 0.223417 0.229621 0.370903 0.398875 0.244218 0.264266 0.140539 0.137489 0.178020 0.164157 0.000000 0.251089 0.278524 0.234043 0.179188 0.119767 0.191306 0.331380 0.189753 0.334064 0.453856 0.558835 0.517138 0.521900 0.597513 0.498281 0.525207 0.543865 0.436991 0.460728 0.500473 0.538857 0.472425 0.526576 0.415831 0.425190 0.534432 0.433403 0.536886 0.271868 0.313192 0.277291 0.282777 0.362853 0.305035 0.245083 0.267842 0.289702 0.256822 0.405688 0.307289 0.317185 0.287745 0.318007 0.291805 0.480993 0.355779 0.611409 0.526076 0.332752 0.539751 0.565954 0.360495 0.482316 0.535752 0.345119 0.310885 0.225870 0.195404 0.185795 0.204037 0.196585 0.433634 0.426198 0.471182 0.429113 0.335549 0.328278 0.283367 0.321852 0.634301 0.583046 0.338101 0.337239 0.320860 0.374953 0.466245 0.300934 0.706772 0.554779 0.346281 0.352129 0.500896 0.245339 0.253721 0.350645 0.320535 0.297297 0.310275 0.330784 0.315079 0.317317 0.339223 0.352624 0.325425 0.329944 0.271109 0.279549 0.265356 0.280141 0.273751 0.233802 0.230214 0.190902 0.243835 0.227942 0.219630 0.240077 0.221638 0.252777 0.227260 0.249157 0.266736 0.290525 0.225206 0.287954 0.287956 0.280448 0.247477 0.240811 0.289760 0.215138 0.323810 0.267998 0.240160 0.300042 0.277681 0.259932 0.252791 0.254532 0.275340 0.397944 0.256814 0.289131 0.374119 0.299250 0.494259 0.256916 0.265802 0.258568 0.286957 0.254017 0.437499 0.339069 0.279094 0.210897 0.239630 0.171013 0.274788 0.322109 0.315381 0.277140 0.424354 0.214886 0.463828 0.412772 0.477933 0.463853 0.468293 0.482542 0.482818 0.330571 0.338826 0.310904 0.353567 0.326463 0.344623 0.359659 0.342512 0.339828 0.241796 0.300316 0.233547 0.311716 0.283006 0.254898 0.315554 0.285437 0.279660 0.264441 0.220689 0.267529 0.272331 0.251976 0.217421 0.301005 0.236942 0.243920 0.265466 0.287691 0.354667 0.287838 0.277423 0.280790 0.257161 0.217590 0.237815 0.177146 0.221754 0.302947 0.272376 0.191873 0.184443 0.176914 0.254244 0.270316 0.232794 0.292392 0.291016 0.335210 0.284332 0.361682 0.391494 0.278541 0.322909 0.272633 0.327477 0.241599 0.301625 0.363408 0.280355 0.200042 0.247633 0.181060 0.258031 0.249750 0.359745 0.345967 0.222051 0.198318 0.215752 0.302664 0.277867 0.318004 
0.348021 0.272441 0.202661 0.251159 0.338719 0.384367 0.209721 0.199762 0.139156 0.287464 0.124577 0.146721 0.251089 0.000000 0.187318 0.094988 0.230472 0.234308 0.199591 0.348120 0.214499 0.273345 0.340133 0.453544 0.479390 0.395460 0.486309 0.389090 0.392546 0.418481 0.343084 0.367157 0.391849 0.502264 0.354374 0.389931 0.275039 0.294784 0.401899 0.309163 0.396718 0.146592 0.188652 0.114087 0.169813 0.188721 0.133185 0.118306 0.149648 0.234153 0.234718 0.335776 0.256497 0.309762 0.242161 0.327729 0.298802 0.485785 0.361231 0.579858 0.516627 0.331186 0.579956 0.562679 0.341922 0.491193 0.555297 0.336601 0.300278 0.240307 0.252390 0.244255 0.230163 0.213566 0.433326 0.401478 0.413476 0.401234 0.327250 0.272547 0.233775 0.279314 0.705027 0.669845 0.367960 0.317885 0.298663 0.312652 0.439058 0.277685 0.741548 0.529970 0.308870 0.373928 0.536138 0.139463 0.200213 0.236131 0.209820 0.175014 0.203250 0.202348 0.185318 0.163467 0.183343 0.201287 0.209112 0.183906 0.243011 0.268489 0.237753 0.237759 0.230944 0.177363 0.207172 0.239458 0.243181 0.244224 0.155737 0.157506 0.186726 0.215538 0.133129 0.113555 0.178940 0.170137 0.131800 0.156894 0.133920 0.220876 0.203113 0.193374 0.177852 0.147183 0.232457 0.181620 0.142307 0.183518 0.180431 0.183775 0.181528 0.184620 0.184230 0.329939 0.164407 0.205476 0.372528 0.259410 0.491827 0.124176 0.134207 0.145634 0.184102 0.173829 0.399393 0.285530 0.170503 0.171648 0.083253 0.236200 0.262498 0.302683 0.255289 0.305851 0.394502 0.233473 0.475975 0.359180 0.445197 0.413737 0.447107 0.444088 0.458696 0.324433 0.338810 0.219199 0.283847 0.265403 0.303497 0.312767 0.282478 0.313436 0.217933 0.236341 0.245850 0.332840 0.291633 0.199822 0.295400 0.273895 0.309010 0.308137 0.290910 0.266180 0.230098 0.297248 0.259205 0.235636 0.224539 0.195876 0.252361 0.274647 0.349027 0.261241 0.258882 0.238653 0.306462 0.301774 0.221124 0.218546 0.276433 0.293060 0.356385 0.248010 0.331366 0.288570 0.205752 0.225851 0.259237 0.260076 0.357025 0.330238 0.319632 0.305328 0.445936 0.303230 0.348667 0.299673 0.329468 0.255868 0.284040 0.398387 0.266829 0.293053 0.289026 0.274545 0.240815 0.290907 0.415662 0.382554 0.246786 0.320486 0.193718 0.179868 0.177355 0.253313 
0.338375 0.295886 0.255014 0.261490 0.341911 0.396998 0.240790 0.210557 0.211319 0.276803 0.220961 0.236035 0.278524 0.187318 0.000000 0.189307 0.249377 0.281481 0.228718 0.327067 0.248487 0.246550 0.321923 0.437450 0.435892 0.409137 0.487232 0.383666 0.443404 0.433360 0.344238 0.324766 0.356838 0.492399 0.347675 0.431610 0.326048 0.331558 0.440792 0.320990 0.443174 0.244319 0.284119 0.194389 0.222842 0.278374 0.157609 0.247318 0.189516 0.228404 0.238189 0.362608 0.285024 0.297342 0.203429 0.330858 0.293380 0.462207 0.305737 0.562274 0.455206 0.273217 0.534943 0.514171 0.317228 0.436641 0.499673 0.358730 0.325156 0.250648 0.265369 0.243649 0.233866 0.191386 0.396292 0.405255 0.416662 0.353880 0.318380 0.289041 0.210099 0.232051 0.713699 0.647095 0.375476 0.338657 0.316649 0.335742 0.442284 0.272045 0.741803 0.525592 0.324305 0.332685 0.513440 0.232882 0.203178 0.269832 0.237654 0.222836 0.236361 0.186203 0.297158 0.238908 0.223648 0.267599 0.270733 0.241471 0.253481 0.307606 0.227692 0.244393 0.197363 0.177743 0.207788 0.242875 0.262141 0.239678 0.248133 0.238907 0.260873 0.344330 0.260680 0.224181 0.288315 0.274579 0.230602 0.290184 0.212594 0.304945 0.308209 0.275955 0.269220 0.218614 0.276488 0.277345 0.240725 0.317097 0.302412 0.235080 0.250730 0.275578 0.299253 0.245552 0.151413 0.164120 0.295727 0.176778 0.478689 0.200642 0.231376 0.188934 0.176563 0.154332 0.312253 0.382820 0.174850 0.196817 0.178790 0.245146 0.215947 0.288267 0.236632 0.354675 0.271623 0.243916 0.477737 0.333804 0.399248 0.405469 0.418520 0.443131 0.441247 0.292109 0.280993 0.213769 0.231833 0.277653 0.264705 0.297331 0.239760 0.299118 0.227529 0.238104 0.208994 0.334683 0.318539 0.209418 0.332257 0.302716 0.302605 0.287001 0.319676 0.231245 0.217462 0.283976 0.252306 0.244736 0.239976 0.222618 0.275047 0.269504 0.337075 0.286414 0.258358 0.267674 0.329252 0.301108 0.201803 0.262014 0.282010 0.252414 0.370515 0.294002 0.358462 0.295331 0.268735 0.224716 0.323831 0.273946 0.352483 0.245881 0.302086 0.266542 0.378803 0.266622 0.290893 0.215100 0.308179 0.215450 0.220121 0.366380 0.243905 0.330557 0.300521 0.310881 0.267041 0.264596 0.388407 0.379438 0.247008 0.333391 0.287903 0.247678 0.147253 0.223880 
0.350002 0.287616 0.210785 0.252236 0.376628 0.431640 0.244901 0.215326 0.152350 0.280775 0.156997 0.176330 0.234043 0.094988 0.189307 0.000000 0.207605 0.242631 0.210777 0.332131 0.215408 0.268290 0.371257 0.487114 0.502260 0.438369 0.531408 0.415318 0.445651 0.465941 0.388570 0.381597 0.434181 0.530127 0.397573 0.443562 0.337518 0.347041 0.455407 0.352394 0.457879 0.168659 0.245782 0.153451 0.170443 0.245293 0.127029 0.125733 0.139145 0.271660 0.245868 0.372410 0.284411 0.324783 0.250951 0.322827 0.273995 0.491702 0.334440 0.586532 0.525330 0.343851 0.555391 0.571066 0.375361 0.482607 0.545476 0.347932 0.318876 0.240913 0.233217 0.220826 0.257677 0.159314 0.453788 0.437064 0.451632 0.420022 0.352194 0.321438 0.237922 0.287712 0.713911 0.670018 0.381055 0.351500 0.315607 0.327453 0.478967 0.289901 0.764096 0.560994 0.328791 0.386393 0.546238 0.175570 0.202602 0.251908 0.234922 0.171339 0.218003 0.231949 0.200165 0.195535 0.207446 0.217961 0.212988 0.200396 0.220919 0.284921 0.254564 0.266751 0.239322 0.182534 0.196696 0.217327 0.271495 0.237202 0.183353 0.180199 0.219775 0.244685 0.165164 0.153264 0.202421 0.208142 0.170986 0.213997 0.185219 0.246590 0.233231 0.204814 0.213169 0.161563 0.244209 0.212495 0.184446 0.225131 0.238261 0.207163 0.223464 0.201407 0.222666 0.335032 0.178903 0.225950 0.367016 0.206283 0.533397 0.158897 0.186035 0.155257 0.195561 0.168722 0.385717 0.288305 0.132041 0.151774 0.107286 0.198260 0.265927 0.307819 0.173362 0.284563 0.384266 0.224973 0.500649 0.401395 0.480484 0.453575 0.476759 0.481706 0.463919 0.340957 0.344690 0.262298 0.311305 0.311722 0.330104 0.347201 0.320456 0.327682 0.237823 0.247731 0.245299 0.344085 0.322239 0.235354 0.315510 0.315454 0.327507 0.325659 0.318139 0.247410 0.262182 0.293812 0.273097 0.268894 0.234947 0.231838 0.272265 0.282371 0.329336 0.291781 0.274471 0.273271 0.328236 0.317921 0.236772 0.179453 0.287095 0.265412 0.351145 0.247804 0.327518 0.255566 0.235349 0.204907 0.265383 0.246380 0.321396 0.285573 0.264581 0.326466 0.414216 0.302402 0.335744 0.273728 0.314716 0.234434 0.257831 0.397458 0.282741 0.286945 0.314288 0.295374 0.246147 0.270531 0.399506 0.398539 0.251662 0.319549 0.186764 0.097382 0.177467 0.232474 
0.273549 0.229543 0.231652 0.237490 0.371437 0.404184 0.171651 0.169698 0.153996 0.163019 0.163374 0.182653 0.179188 0.230472 0.249377 0.207605 0.000000 0.142306 0.116890 0.297488 0.184014 0.259165 0.408229 0.512709 0.473499 0.478690 0.553926 0.465120 0.508196 0.515379 0.413122 0.415468 0.460802 0.502018 0.451286 0.485888 0.371904 0.379989 0.485981 0.394402 0.500698 0.253952 0.305047 0.240930 0.256309 0.311561 0.274767 0.256483 0.221099 0.296653 0.229309 0.387263 0.310749 0.307152 0.241309 0.241557 0.210054 0.452209 0.327385 0.588028 0.521540 0.328872 0.511107 0.585201 0.363095 0.445362 0.535919 0.270611 0.289207 0.187881 0.186677 0.157286 0.186858 0.151141 0.362834 0.405809 0.382387 0.366539 0.308626 0.275638 0.282457 0.322025 0.566015 0.538752 0.261262 0.314106 0.245753 0.338880 0.409552 0.277041 0.643976 0.489926 0.281504 0.272419 0.438602 0.204339 0.226876 0.350112 0.308254 0.287365 0.289327 0.279194 0.315578 0.284184 0.309503 0.352500 0.303668 0.320546 0.236046 0.267205 0.201653 0.239256 0.255753 0.224977 0.252045 0.195832 0.213621 0.189491 0.207414 0.238330 0.197246 0.230008 0.213418 0.232965 0.224783 0.221359 0.186404 0.242301 0.221802 0.221482 0.231638 0.202321 0.195960 0.176635 0.256336 0.227472 0.188021 0.257234 0.241530 0.189719 0.218981 0.174948 0.219149 0.313526 0.177944 0.211409 0.343742 0.264418 0.450902 0.186244 0.217650 0.256843 0.256361 0.217388 0.357047 0.321680 0.238819 0.199156 0.200205 0.165056 0.218145 0.238028 0.261184 0.249669 0.344755 0.179765 0.447068 0.362771 0.462544 0.429812 0.434292 0.435446 0.452638 0.294697 0.279033 0.260841 0.303055 0.275667 0.296370 0.313461 0.258075 0.329478 0.141379 0.191793 0.174034 0.277895 0.262932 0.179743 0.292765 0.224095 0.216585 0.195439 0.205698 0.242302 0.234951 0.229842 0.189859 0.277479 0.215517 0.229822 0.237694 0.188850 0.257803 0.199265 0.219273 0.227616 0.199031 0.262829 0.171827 0.207455 0.179173 0.252745 0.248446 0.153271 0.191547 0.149823 0.247538 0.243353 0.248739 0.210226 0.223951 0.289835 0.224344 0.325890 0.334230 0.244710 0.253028 0.203122 0.263400 0.222979 0.274099 0.291880 0.254932 0.219363 0.218062 0.240160 0.216264 0.186109 0.320430 0.317057 0.163438 0.254282 0.219830 0.269974 0.222845 0.289048 
0.277614 0.272285 0.209969 0.223326 0.380577 0.376276 0.222686 0.222546 0.168880 0.095020 0.181006 0.177497 0.119767 0.234308 0.281481 0.242631 0.142306 0.000000 0.143969 0.325076 0.188028 0.317487 0.457845 0.538563 0.503216 0.517239 0.585882 0.522169 0.528053 0.530595 0.430920 0.479779 0.480309 0.540036 0.467737 0.524493 0.405042 0.424933 0.513799 0.443980 0.526404 0.288874 0.321481 0.287086 0.293408 0.327638 0.312248 0.273665 0.238364 0.312120 0.292008 0.431466 0.323969 0.336023 0.297562 0.302791 0.261377 0.487792 0.362384 0.628121 0.527793 0.360728 0.533738 0.595397 0.391635 0.475432 0.570651 0.326145 0.285298 0.257464 0.220902 0.176744 0.140226 0.186142 0.446641 0.442383 0.462715 0.426901 0.363834 0.339705 0.298723 0.338342 0.574454 0.575508 0.285911 0.337433 0.306445 0.353599 0.434388 0.329658 0.678660 0.528962 0.335738 0.318975 0.487229 0.227720 0.262247 0.365639 0.349549 0.329281 0.322677 0.329123 0.350768 0.320533 0.345165 0.386159 0.338330 0.366644 0.269540 0.319360 0.255427 0.297760 0.297013 0.220492 0.256568 0.185721 0.240041 0.240330 0.220668 0.244850 0.192597 0.268519 0.226750 0.259347 0.230664 0.265309 0.217469 0.303409 0.272986 0.251661 0.212444 0.239886 0.257620 0.213490 0.294760 0.230049 0.231229 0.281301 0.286618 0.229726 0.262365 0.206166 0.274281 0.391817 0.206625 0.264115 0.372731 0.276972 0.469605 0.208155 0.246842 0.284066 0.298321 0.214579 0.407426 0.303169 0.269781 0.226102 0.200776 0.164567 0.227548 0.271171 0.280686 0.237524 0.398579 0.184131 0.483104 0.407861 0.497234 0.466551 0.467174 0.503870 0.520114 0.357090 0.329590 0.323593 0.371755 0.334342 0.337192 0.373791 0.331545 0.384018 0.218385 0.259461 0.218333 0.343845 0.272060 0.223839 0.340863 0.294351 0.251594 0.247558 0.238919 0.300624 0.271633 0.242014 0.226008 0.299192 0.210311 0.263483 0.301758 0.256508 0.287585 0.272057 0.259459 0.278993 0.253957 0.233606 0.220340 0.202100 0.198852 0.287608 0.252259 0.173515 0.190820 0.185586 0.249554 0.257986 0.228686 0.234102 0.265086 0.316067 0.277296 0.353739 0.379152 0.270272 0.299520 0.263984 0.309872 0.252482 0.323385 0.334614 0.281940 0.222125 0.284301 0.199413 0.245654 0.214650 0.320146 0.294833 0.205905 0.242081 0.179457 0.295846 0.269511 0.339065 
