242 242
0.000000 0.120363 0.127799 0.109461 0.210210 0.200925 0.182383 0.197511 0.193894 0.222365 0.193964 0.187215 0.197049 0.191787 0.171968 0.216873 0.217216 0.181437 0.206658 0.178133 0.159254 0.289785 0.156030 0.261917 0.262378 0.300654 0.312547 0.319367 0.346277 0.346218 0.341142 0.361040 0.311610 0.329736 0.337680 0.305918 0.317829 0.300533 0.310264 0.305882 0.364560 0.301374 0.290608 0.340757 0.331522 0.307069 0.201932 0.213336 0.244776 0.220384 0.203844 0.222099 0.207575 0.202540 0.229625 0.232951 0.242604 0.292658 0.237022 0.304816 0.345194 0.326202 0.200880 0.274050 0.310043 0.215872 0.326095 0.314644 0.293063 0.320330 0.312526 0.129707 0.165456 0.148469 0.149823 0.157390 0.177129 0.271282 0.280187 0.194052 0.149263 0.163539 0.222410 0.200107 0.147687 0.459430 0.214432 0.451817 0.258865 0.274564 0.353086 0.241622 0.516110 0.397427 0.273986 0.367561 0.367698 0.213918 0.179773 0.173002 0.239102 0.225190 0.200625 0.207040 0.213541 0.232752 0.249687 0.189506 0.225107 0.145893 0.199717 0.151485 0.157212 0.147672 0.143938 0.144805 0.111879 0.155845 0.151051 0.220107 0.212259 0.238641 0.204488 0.253068 0.235378 0.249035 0.214114 0.219915 0.249121 0.230080 0.232342 0.231533 0.220849 0.204153 0.264824 0.229384 0.211231 0.223366 0.205162 0.218370 0.244227 0.236013 0.250484 0.179547 0.215396 0.202992 0.285951 0.327339 0.202770 0.209906 0.173504 0.273776 0.190967 0.195517 0.199417 0.311893 0.266332 0.195411 0.184909 0.157592 0.158481 0.250161 0.261489 0.156898 0.215901 0.175535 0.273075 0.296334 0.262260 0.295301 0.290999 0.285720 0.292054 0.269495 0.280904 0.204439 0.226764 0.211979 0.211357 0.189804 0.220350 0.227946 0.201877 0.172155 0.106782 0.145726 0.144841 0.246180 0.517774 0.185167 0.140985 0.164437 0.190671 0.172736 0.148951 0.181028 0.144834 0.207772 0.142774 0.137454 0.127953 0.150216 0.174222 0.261616 0.186263 0.172403 0.202117 0.179592 0.152577 0.179160 0.173156 0.161135 0.155681 0.138780 0.154744 0.184984 0.175785 0.175241 0.213336 0.183057 0.265798 0.263677 0.190173 0.183533 0.268943 0.165225 0.205414 0.174142 0.126753 0.135027 0.164102 0.248892 0.162922 0.171601 0.143975 0.190167 0.226427 0.232532 0.170119 0.149983 0.220580 0.244023 
0.120363 0.000000 0.119285 0.094546 0.197030 0.206699 0.155933 0.172171 0.167390 0.187273 0.145128 0.166132 0.156822 0.154548 0.139819 0.169509 0.177572 0.145309 0.179526 0.133042 0.154205 0.264236 0.141550 0.236145 0.228367 0.274889 0.342538 0.334271 0.330501 0.368971 0.303617 0.326039 0.291274 0.339856 0.300254 0.274030 0.272729 0.300171 0.342574 0.308484 0.327369 0.278377 0.256653 0.334855 0.302183 0.267138 0.159884 0.172340 0.182897 0.154251 0.177973 0.226347 0.190966 0.129569 0.226494 0.237527 0.207425 0.280682 0.213205 0.273262 0.329252 0.325580 0.172705 0.280620 0.297037 0.188710 0.309401 0.315563 0.287589 0.287089 0.303061 0.094843 0.134383 0.108151 0.145176 0.147573 0.140270 0.220303 0.239780 0.159529 0.181631 0.169102 0.153116 0.128810 0.140613 0.446412 0.183946 0.425415 0.251533 0.223688 0.310471 0.213526 0.492831 0.374581 0.244613 0.330240 0.345730 0.181643 0.197810 0.180184 0.183150 0.173413 0.183482 0.168016 0.159307 0.189155 0.185666 0.174819 0.206759 0.094208 0.162062 0.103343 0.105004 0.105265 0.108863 0.105068 0.092344 0.123503 0.115179 0.186689 0.162155 0.201175 0.175342 0.207018 0.176262 0.199050 0.160474 0.155895 0.190011 0.181682 0.205630 0.213017 0.177127 0.152651 0.228711 0.195080 0.160952 0.179406 0.166230 0.165301 0.194923 0.207828 0.198546 0.147245 0.178481 0.182675 0.242090 0.320585 0.165314 0.173347 0.142926 0.286103 0.163810 0.184420 0.167056 0.299959 0.219076 0.163993 0.145209 0.109162 0.134749 0.224490 0.231962 0.125242 0.177615 0.144599 0.233260 0.235716 0.200856 0.237156 0.227079 0.237788 0.236361 0.223058 0.221798 0.149022 0.167753 0.163825 0.161469 0.127925 0.185063 0.161708 0.146964 0.118719 0.132410 0.112249 0.117025 0.205182 0.476102 0.149575 0.129196 0.157626 0.135298 0.148555 0.085655 0.139803 0.104654 0.164183 0.149411 0.118918 0.112562 0.102392 0.128399 0.216192 0.123778 0.135322 0.149841 0.161055 0.124047 0.135194 0.129882 0.129421 0.162786 0.096342 0.135350 0.117473 0.114201 0.131460 0.165701 0.164366 0.244349 0.246773 0.149453 0.147546 0.215031 0.139430 0.176401 0.146788 0.100244 0.110413 0.124189 0.228182 0.141593 0.107195 0.121004 0.148122 0.222415 0.236562 0.153092 0.134846 0.198061 0.210251 
0.127799 0.119285 0.000000 0.114299 0.204462 0.210998 0.161365 0.137228 0.162562 0.177876 0.123824 0.115418 0.135999 0.127987 0.134227 0.154191 0.158031 0.122952 0.203521 0.127465 0.128744 0.294345 0.170562 0.257568 0.249289 0.306725 0.354697 0.359053 0.333996 0.391388 0.342788 0.349627 0.312581 0.359233 0.336417 0.288158 0.305050 0.308958 0.363856 0.340695 0.346726 0.296523 0.285201 0.347978 0.323611 0.301426 0.191728 0.166654 0.206069 0.171820 0.189473 0.224133 0.219132 0.198497 0.251870 0.263277 0.230252 0.303073 0.234761 0.307844 0.365285 0.328738 0.208954 0.297867 0.315844 0.201573 0.314749 0.338159 0.271753 0.320627 0.330223 0.130230 0.147742 0.114684 0.104962 0.089674 0.120079 0.271846 0.264183 0.186737 0.194979 0.152896 0.212274 0.165627 0.149699 0.454620 0.172041 0.449802 0.238910 0.237351 0.337585 0.236795 0.516674 0.383116 0.248846 0.333987 0.379047 0.181180 0.228092 0.167679 0.223592 0.198292 0.168139 0.206142 0.185249 0.202475 0.216240 0.173202 0.256532 0.139958 0.185188 0.129759 0.133598 0.096452 0.116810 0.095852 0.074500 0.116940 0.117445 0.147490 0.133919 0.157319 0.147982 0.185694 0.166648 0.155523 0.133246 0.174803 0.185333 0.152038 0.155828 0.150916 0.165503 0.138657 0.173686 0.128798 0.158228 0.157111 0.144515 0.173376 0.166281 0.139396 0.177667 0.111514 0.191285 0.214690 0.207510 0.330012 0.135148 0.178454 0.176061 0.296810 0.196322 0.162324 0.141344 0.307123 0.173495 0.142397 0.120697 0.105921 0.083434 0.189366 0.196240 0.119094 0.154541 0.147032 0.160868 0.296299 0.243601 0.277660 0.289222 0.288569 0.276313 0.279151 0.298648 0.197458 0.218721 0.169020 0.193211 0.166076 0.187054 0.213427 0.198733 0.116017 0.129591 0.117073 0.138109 0.151300 0.470913 0.186161 0.125418 0.199921 0.162900 0.164323 0.141989 0.181588 0.127098 0.118106 0.114223 0.135097 0.140513 0.134992 0.148774 0.212476 0.162207 0.139464 0.162966 0.136619 0.098766 0.093765 0.106982 0.117568 0.141188 0.076757 0.130455 0.097372 0.099631 0.091358 0.143203 0.180301 0.239913 0.248402 0.163417 0.152364 0.235097 0.111124 0.142059 0.191719 0.105722 0.122283 0.129450 0.232970 0.139576 0.161563 0.102835 0.129623 0.220468 0.205577 0.094475 0.134265 0.137281 0.188758 
0.109461 0.094546 0.114299 0.000000 0.198894 0.171267 0.173329 0.168498 0.154192 0.179066 0.153590 0.153610 0.159681 0.172066 0.144277 0.166225 0.165294 0.155734 0.187686 0.156514 0.140055 0.248503 0.129930 0.217478 0.221765 0.269279 0.334962 0.327444 0.319944 0.363785 0.300237 0.325745 0.283564 0.336849 0.296461 0.271127 0.268314 0.293209 0.347982 0.305146 0.322630 0.279373 0.250430 0.328154 0.295564 0.260157 0.153021 0.162247 0.186071 0.161443 0.153445 0.213100 0.188252 0.165314 0.226965 0.238542 0.199906 0.262218 0.207418 0.251628 0.335551 0.302403 0.160046 0.251327 0.267947 0.175698 0.268194 0.286091 0.280821 0.301672 0.295596 0.109323 0.152127 0.118205 0.115606 0.126787 0.124519 0.252514 0.249548 0.170451 0.160460 0.142651 0.176529 0.170109 0.105327 0.437760 0.198294 0.447299 0.249872 0.262009 0.328997 0.220440 0.493592 0.391997 0.251854 0.334833 0.358983 0.181657 0.183218 0.166719 0.183371 0.166630 0.175066 0.154861 0.152637 0.179609 0.186272 0.167711 0.200476 0.122220 0.156678 0.125088 0.119167 0.104832 0.098175 0.110709 0.084766 0.127393 0.121086 0.183422 0.162094 0.185031 0.180971 0.217906 0.180796 0.204994 0.169981 0.182734 0.198346 0.178756 0.212176 0.205711 0.180886 0.159160 0.234703 0.200152 0.167712 0.185299 0.170915 0.171251 0.193242 0.200188 0.204999 0.158726 0.172556 0.174426 0.231752 0.314233 0.149438 0.164742 0.126145 0.243604 0.147733 0.175423 0.156732 0.293076 0.215757 0.152044 0.138617 0.130537 0.128698 0.225560 0.211927 0.118871 0.164439 0.131031 0.239038 0.272918 0.209684 0.249318 0.257996 0.252934 0.253623 0.234795 0.256081 0.167236 0.196697 0.177924 0.165416 0.149980 0.183329 0.180514 0.161732 0.136009 0.155043 0.111478 0.171294 0.204885 0.488210 0.170447 0.123157 0.174302 0.180082 0.171071 0.128370 0.151610 0.120365 0.167113 0.148341 0.116934 0.119144 0.110366 0.149648 0.225106 0.142988 0.141460 0.178253 0.169216 0.124888 0.133979 0.134199 0.117608 0.152308 0.117898 0.156164 0.130687 0.134712 0.127911 0.169768 0.164222 0.222657 0.234949 0.161802 0.157449 0.232567 0.145458 0.153833 0.171920 0.091831 0.112405 0.128176 0.218805 0.144897 0.147941 0.124277 0.141544 0.198531 0.222561 0.146592 0.141609 0.188390 0.190028 
0.210210 0.197030 0.204462 0.198894 0.000000 0.110695 0.193849 0.245346 0.261131 0.250290 0.252062 0.265928 0.264561 0.256065 0.258099 0.257387 0.276462 0.251252 0.200957 0.249064 0.246884 0.262543 0.211198 0.272291 0.238808 0.269542 0.308123 0.321631 0.278380 0.336785 0.291203 0.294179 0.277899 0.301280 0.284769 0.244537 0.299461 0.303771 0.347100 0.302330 0.293626 0.269718 0.281442 0.293924 0.280768 0.265084 0.265577 0.277594 0.262311 0.266286 0.286175 0.285086 0.234788 0.205811 0.243626 0.236245 0.192603 0.181837 0.196674 0.191523 0.217204 0.208201 0.257049 0.191244 0.195101 0.182131 0.223413 0.217965 0.181516 0.199680 0.206573 0.169261 0.175553 0.184834 0.237820 0.231772 0.253743 0.183485 0.162241 0.124767 0.142242 0.147292 0.161848 0.156054 0.190297 0.302895 0.228113 0.339706 0.168558 0.197630 0.243228 0.188128 0.375640 0.275535 0.173449 0.261119 0.238137 0.243489 0.311420 0.283256 0.265233 0.296971 0.298109 0.272179 0.267386 0.287888 0.308246 0.285620 0.326278 0.178026 0.205400 0.160154 0.196993 0.202762 0.211713 0.199356 0.206259 0.171736 0.191432 0.276313 0.290687 0.290555 0.267521 0.292891 0.266424 0.287456 0.252788 0.261906 0.266735 0.268624 0.287156 0.295381 0.241511 0.254515 0.307924 0.280986 0.259102 0.257831 0.238791 0.274057 0.286935 0.287076 0.285168 0.241740 0.240778 0.218121 0.376395 0.218724 0.269570 0.238691 0.254970 0.276694 0.271735 0.243721 0.246759 0.239083 0.332826 0.299777 0.240141 0.230097 0.245600 0.295968 0.346826 0.251179 0.307877 0.269153 0.333185 0.206926 0.187529 0.216872 0.197670 0.201004 0.197116 0.204246 0.195685 0.187860 0.176654 0.200021 0.208312 0.177799 0.189546 0.186382 0.159828 0.211540 0.181056 0.209370 0.191493 0.332893 0.611723 0.152166 0.176136 0.206642 0.172031 0.165562 0.183486 0.188797 0.186118 0.260460 0.184655 0.164833 0.154120 0.222832 0.195532 0.279563 0.173606 0.194138 0.203414 0.223278 0.236188 0.235250 0.220348 0.247785 0.191898 0.209949 0.232312 0.243433 0.224574 0.251337 0.230686 0.200946 0.205258 0.216673 0.226259 0.249744 0.287402 0.246901 0.283473 0.223430 0.209801 0.209186 0.207296 0.162399 0.197028 0.168650 0.213825 0.230130 0.197763 0.170880 0.214941 0.206157 0.275838 0.316781 
0.200925 0.206699 0.210998 0.171267 0.110695 0.000000 0.201841 0.250005 0.258329 0.256672 0.257264 0.273838 0.273368 0.252045 0.262262 0.261167 0.288087 0.255607 0.206025 0.267487 0.261618 0.239487 0.221399 0.256675 0.235341 0.268102 0.297390 0.308807 0.286068 0.321985 0.292463 0.297331 0.269011 0.290110 0.292608 0.242851 0.302198 0.302730 0.344249 0.292827 0.298093 0.284602 0.282073 0.285470 0.281833 0.275162 0.284261 0.291300 0.271127 0.269113 0.300922 0.296633 0.217097 0.237350 0.244018 0.230128 0.196340 0.189401 0.209321 0.180769 0.261966 0.229079 0.269183 0.198993 0.192069 0.181925 0.207654 0.224721 0.211170 0.215692 0.243515 0.193506 0.183194 0.212622 0.242211 0.228314 0.252443 0.215643 0.196097 0.154870 0.136592 0.149463 0.174535 0.187096 0.186210 0.324060 0.234834 0.364123 0.181101 0.213648 0.258719 0.184544 0.377355 0.308301 0.195269 0.271229 0.274391 0.244422 0.286426 0.268271 0.272980 0.298714 0.306988 0.277741 0.272786 0.291740 0.319534 0.294773 0.320393 0.183670 0.196287 0.163038 0.208958 0.205800 0.213333 0.208312 0.210491 0.190278 0.189265 0.291961 0.293724 0.309509 0.290588 0.327958 0.292787 0.322949 0.281939 0.293291 0.296046 0.290800 0.324279 0.325498 0.273475 0.284312 0.344709 0.313722 0.290171 0.291233 0.262401 0.304592 0.307638 0.319622 0.322422 0.239976 0.242563 0.218961 0.381735 0.230077 0.263751 0.238406 0.256067 0.275619 0.265544 0.239795 0.249355 0.242483 0.336408 0.296130 0.237097 0.234845 0.260760 0.314089 0.346683 0.264168 0.310568 0.269140 0.350791 0.225762 0.195672 0.214631 0.211078 0.204919 0.214570 0.205706 0.222332 0.201729 0.195552 0.204875 0.207117 0.183296 0.205074 0.196760 0.185181 0.223453 0.209582 0.219652 0.196868 0.329427 0.609489 0.166683 0.192306 0.196784 0.200346 0.202028 0.190963 0.178944 0.194758 0.269673 0.194699 0.179399 0.166105 0.216047 0.207424 0.301483 0.199822 0.208160 0.230665 0.230031 0.230217 0.241708 0.226354 0.237932 0.186266 0.223890 0.246890 0.248329 0.239264 0.256056 0.236495 0.207280 0.201813 0.200486 0.217354 0.241669 0.291470 0.241510 0.275156 0.223267 0.199825 0.204383 0.216018 0.157882 0.212878 0.192748 0.240549 0.255150 0.172700 0.176107 0.243668 0.219148 0.295431 0.328153 
0.182383 0.155933 0.161365 0.173329 0.193849 0.201841 0.000000 0.119822 0.131685 0.129441 0.119226 0.160603 0.129314 0.137551 0.157368 0.143726 0.163125 0.101451 0.080176 0.109186 0.157278 0.184414 0.131576 0.175617 0.145000 0.240949 0.287613 0.288356 0.283795 0.317802 0.275111 0.275643 0.251926 0.278928 0.267377 0.229190 0.257228 0.255685 0.302627 0.266705 0.278054 0.253347 0.229106 0.279757 0.257622 0.235214 0.176550 0.173277 0.174874 0.162488 0.191930 0.162198 0.135213 0.117752 0.162425 0.164465 0.189891 0.257471 0.172172 0.293634 0.339130 0.304859 0.188441 0.277448 0.290212 0.184723 0.307465 0.309085 0.247542 0.279587 0.296355 0.101283 0.112790 0.127254 0.145768 0.140567 0.149930 0.206829 0.209288 0.157233 0.198584 0.164832 0.158659 0.120831 0.175685 0.359086 0.081474 0.341448 0.137042 0.121460 0.220787 0.129152 0.397510 0.272288 0.109368 0.243236 0.257601 0.127069 0.207798 0.168734 0.190114 0.193813 0.200690 0.188319 0.176200 0.185181 0.210889 0.183808 0.229919 0.151552 0.137583 0.125445 0.148516 0.149627 0.173016 0.141878 0.156596 0.133167 0.160745 0.179200 0.183941 0.179026 0.170771 0.197370 0.168272 0.183550 0.146307 0.161822 0.174750 0.169663 0.194600 0.193185 0.149847 0.150529 0.205338 0.187131 0.167163 0.160176 0.136620 0.186806 0.181183 0.174272 0.188756 0.113418 0.140633 0.133807 0.261174 0.234725 0.133129 0.122198 0.152808 0.228551 0.144942 0.126302 0.125633 0.195512 0.216563 0.184833 0.109484 0.131332 0.162210 0.185098 0.213443 0.149487 0.212281 0.164394 0.236731 0.255456 0.191677 0.242871 0.246484 0.221213 0.226344 0.242309 0.267308 0.144973 0.163687 0.147006 0.138055 0.117548 0.142797 0.147367 0.177079 0.129870 0.144243 0.135787 0.128031 0.287487 0.572146 0.143683 0.104470 0.159496 0.114560 0.129295 0.142172 0.148321 0.143815 0.162419 0.139705 0.122794 0.130043 0.171663 0.119079 0.179329 0.106514 0.118200 0.124594 0.096186 0.158709 0.154932 0.135865 0.139488 0.168223 0.138082 0.171702 0.161871 0.146140 0.182027 0.127907 0.136825 0.152478 0.188416 0.125266 0.135744 0.149371 0.178615 0.209402 0.126129 0.163957 0.157366 0.100094 0.153704 0.166329 0.128241 0.180122 0.155171 0.195765 0.167615 0.143526 0.168611 0.172124 0.198445 
0.197511 0.172171 0.137228 0.168498 0.245346 0.250005 0.119822 0.000000 0.070086 0.090494 0.095139 0.136116 0.117936 0.099814 0.157555 0.115336 0.126070 0.097444 0.133192 0.116252 0.125772 0.204201 0.126774 0.150287 0.185557 0.235393 0.288705 0.287437 0.285750 0.322520 0.270900 0.296947 0.258373 0.280596 0.270058 0.236895 0.238014 0.250158 0.310322 0.276367 0.280934 0.263788 0.234962 0.300543 0.275369 0.249472 0.143693 0.133332 0.168037 0.112262 0.158435 0.157767 0.171407 0.160727 0.183717 0.189843 0.228425 0.318835 0.216875 0.358811 0.416338 0.374092 0.162792 0.341647 0.363138 0.192281 0.342246 0.376402 0.301663 0.342448 0.365848 0.125295 0.154719 0.125695 0.131263 0.095930 0.131919 0.274945 0.279996 0.220356 0.254257 0.201705 0.228348 0.192463 0.208424 0.461143 0.098387 0.398782 0.199910 0.161468 0.278519 0.185880 0.495942 0.346166 0.184936 0.261004 0.320499 0.093286 0.185223 0.147757 0.173618 0.177294 0.151337 0.162404 0.149451 0.168633 0.193497 0.149501 0.227056 0.176122 0.169459 0.151645 0.150800 0.128140 0.156283 0.126786 0.132298 0.120065 0.135798 0.134912 0.117080 0.126081 0.113166 0.168074 0.138989 0.142368 0.109289 0.133279 0.148262 0.119298 0.135719 0.141584 0.121436 0.113521 0.138060 0.119875 0.129389 0.123837 0.093305 0.143510 0.126892 0.118347 0.153670 0.118627 0.118188 0.195240 0.189386 0.285474 0.091030 0.084785 0.128862 0.290519 0.122763 0.144345 0.138157 0.249028 0.171903 0.125794 0.113780 0.149452 0.126597 0.182433 0.165659 0.137727 0.156241 0.132362 0.166651 0.314290 0.248328 0.304659 0.306424 0.289499 0.282588 0.303806 0.314237 0.213713 0.230673 0.200560 0.199483 0.197020 0.195647 0.217468 0.218109 0.137205 0.169416 0.090041 0.171122 0.235230 0.568919 0.212904 0.125308 0.188754 0.163438 0.172086 0.171971 0.189881 0.170055 0.081493 0.141692 0.149736 0.168780 0.174187 0.162193 0.207413 0.165150 0.154185 0.174960 0.147228 0.150248 0.121817 0.105038 0.112615 0.167447 0.142001 0.183977 0.165593 0.157401 0.159146 0.181429 0.207340 0.177396 0.235692 0.179694 0.161537 0.209302 0.191670 0.189012 0.165680 0.134771 0.132432 0.105956 0.230139 0.163920 0.185235 0.172712 0.110018 0.249161 0.204867 0.097826 0.155754 0.111731 0.148001 
0.193894 0.167390 0.162562 0.154192 0.261131 0.258329 0.131685 0.070086 0.000000 0.069033 0.104436 0.150842 0.118855 0.118761 0.144976 0.105351 0.094742 0.110360 0.138309 0.111054 0.109861 0.189386 0.101818 0.137707 0.178037 0.209918 0.284291 0.274185 0.283508 0.310013 0.252076 0.283851 0.242909 0.273429 0.239769 0.229187 0.210967 0.247808 0.302417 0.257559 0.268420 0.240185 0.208986 0.276715 0.251760 0.217915 0.116297 0.104180 0.143386 0.116754 0.113817 0.144447 0.153937 0.149852 0.159572 0.168652 0.202881 0.301844 0.194660 0.337040 0.400096 0.343200 0.125051 0.321092 0.343659 0.177007 0.322892 0.352664 0.285904 0.330905 0.334765 0.123309 0.153060 0.124392 0.118739 0.126134 0.096463 0.268026 0.274299 0.218459 0.245715 0.190976 0.216249 0.187908 0.176256 0.461318 0.118987 0.409901 0.198952 0.168700 0.279163 0.152962 0.498435 0.341523 0.178142 0.271028 0.319541 0.082761 0.171720 0.129799 0.151431 0.146045 0.153319 0.136785 0.122414 0.137727 0.160958 0.125784 0.190680 0.161918 0.156106 0.146342 0.135514 0.118792 0.135148 0.132067 0.132212 0.143555 0.117552 0.131843 0.109831 0.106342 0.115491 0.157308 0.117391 0.143382 0.111479 0.120230 0.133364 0.099444 0.143413 0.149678 0.117514 0.108467 0.141113 0.141950 0.118168 0.114240 0.086804 0.130538 0.107186 0.117813 0.143332 0.124442 0.105029 0.176225 0.184623 0.314603 0.083299 0.094585 0.107483 0.266510 0.112399 0.145168 0.126070 0.237713 0.170508 0.113066 0.123937 0.151597 0.107330 0.179098 0.142254 0.127405 0.146445 0.122190 0.190603 0.319984 0.245587 0.300239 0.296304 0.293366 0.281048 0.298722 0.303575 0.209418 0.235347 0.182727 0.179117 0.191226 0.202861 0.211757 0.199730 0.140130 0.188046 0.106174 0.194617 0.245332 0.585815 0.195803 0.130896 0.159119 0.174007 0.174572 0.168088 0.158203 0.154999 0.119172 0.157899 0.143295 0.165993 0.131520 0.152805 0.185390 0.159630 0.142016 0.188309 0.158594 0.153868 0.120687 0.129795 0.097535 0.169261 0.152650 0.181523 0.162046 0.178596 0.168238 0.174737 0.183592 0.176370 0.225719 0.164574 0.139977 0.187025 0.198298 0.181310 0.147483 0.118461 0.123246 0.103548 0.220684 0.145963 0.194880 0.170368 0.100056 0.223862 0.208630 0.116412 0.156009 0.136785 0.126604 
0.222365 0.187273 0.177876 0.179066 0.250290 0.256672 0.129441 0.090494 0.069033 0.000000 0.111215 0.161315 0.116603 0.120298 0.159089 0.099942 0.115399 0.130294 0.134672 0.117486 0.145442 0.183043 0.104822 0.146530 0.172095 0.224319 0.285273 0.282360 0.290366 0.318867 0.258745 0.276025 0.252442 0.270173 0.253271 0.216495 0.235780 0.241356 0.308695 0.265851 0.264646 0.262147 0.222240 0.290469 0.262194 0.233323 0.133855 0.149460 0.143996 0.110114 0.155195 0.128269 0.157825 0.155721 0.154574 0.178549 0.228263 0.314573 0.221890 0.345778 0.411648 0.360334 0.145964 0.335456 0.360591 0.199418 0.348939 0.367053 0.300062 0.339281 0.350910 0.136423 0.136024 0.147012 0.168981 0.148343 0.140097 0.285698 0.275412 0.216926 0.255771 0.200157 0.220437 0.173886 0.191002 0.438778 0.092129 0.390344 0.208095 0.170105 0.239533 0.161952 0.479463 0.307871 0.162149 0.219440 0.298511 0.052919 0.195717 0.174344 0.160656 0.173918 0.199965 0.159521 0.145287 0.158644 0.179480 0.177413 0.208578 0.172456 0.169001 0.143774 0.135240 0.137471 0.152798 0.132807 0.168911 0.133974 0.128484 0.130058 0.146385 0.124381 0.126054 0.147408 0.112537 0.140109 0.105182 0.126743 0.117499 0.096489 0.151077 0.152909 0.108879 0.115108 0.148347 0.148109 0.124039 0.123298 0.097104 0.146826 0.122295 0.121515 0.126324 0.130962 0.106046 0.192179 0.231743 0.299536 0.089455 0.073024 0.134588 0.285379 0.134421 0.169145 0.130849 0.224203 0.194127 0.159146 0.127402 0.160440 0.153965 0.154758 0.163609 0.160327 0.193026 0.152819 0.192364 0.316961 0.245835 0.298938 0.295082 0.288683 0.286564 0.300378 0.311829 0.220863 0.237754 0.197048 0.189329 0.190858 0.194310 0.215266 0.205163 0.139410 0.185549 0.134040 0.186437 0.270649 0.570808 0.202972 0.125532 0.162400 0.156337 0.157984 0.160887 0.166624 0.146879 0.134937 0.178009 0.153901 0.173576 0.144545 0.146877 0.161486 0.149401 0.132388 0.156450 0.155855 0.193164 0.123829 0.122659 0.135421 0.186511 0.168622 0.189288 0.174370 0.166106 0.184574 0.151249 0.190866 0.161344 0.267030 0.144394 0.166003 0.160298 0.190817 0.192531 0.160572 0.147023 0.157973 0.126237 0.214692 0.151612 0.200816 0.170072 0.130117 0.229911 0.197776 0.126549 0.176605 0.149483 0.153212 
0.193964 0.145128 0.123824 0.153590 0.252062 0.257264 0.119226 0.095139 0.104436 0.111215 0.000000 0.117265 0.047692 0.044006 0.082726 0.092832 0.098119 0.091543 0.135897 0.103488 0.121291 0.198122 0.141481 0.181682 0.169098 0.258623 0.310820 0.310948 0.316261 0.346899 0.289179 0.297861 0.285892 0.303213 0.283459 0.255014 0.260343 0.272173 0.331427 0.288811 0.294752 0.274589 0.235197 0.304218 0.274406 0.251030 0.139733 0.130678 0.149611 0.108752 0.137263 0.165494 0.145145 0.149599 0.165567 0.179822 0.248476 0.329823 0.232542 0.361534 0.418007 0.377279 0.161079 0.355889 0.371135 0.211470 0.370589 0.382277 0.305226 0.356170 0.368329 0.125568 0.172748 0.125584 0.124845 0.116431 0.115575 0.282627 0.289919 0.228701 0.261120 0.213830 0.224565 0.187372 0.212068 0.446845 0.102021 0.409267 0.210364 0.170588 0.303730 0.180300 0.474676 0.358746 0.190405 0.270933 0.335721 0.103593 0.176760 0.156393 0.170581 0.148390 0.167956 0.161739 0.140427 0.158110 0.157697 0.156026 0.200414 0.171809 0.151221 0.160780 0.148590 0.135612 0.136499 0.135669 0.113092 0.136909 0.148358 0.101892 0.103050 0.111635 0.115226 0.128213 0.100229 0.118484 0.084224 0.112257 0.122630 0.116560 0.134429 0.129918 0.108234 0.090258 0.152991 0.127557 0.107280 0.116082 0.104812 0.125767 0.122612 0.104642 0.119175 0.111986 0.142915 0.202712 0.188303 0.306260 0.086062 0.107911 0.115974 0.302009 0.133753 0.154917 0.129363 0.258270 0.157031 0.120406 0.099009 0.107906 0.110836 0.173727 0.164375 0.116051 0.162986 0.119012 0.157435 0.310914 0.248432 0.299903 0.300492 0.294532 0.291569 0.308588 0.326564 0.204421 0.219774 0.199878 0.187298 0.184367 0.188813 0.206454 0.227886 0.154954 0.174735 0.129373 0.164376 0.215066 0.528085 0.202050 0.127403 0.199974 0.143784 0.163310 0.162419 0.196839 0.165471 0.091694 0.178391 0.149733 0.160643 0.161502 0.173454 0.218384 0.168691 0.159477 0.156370 0.132908 0.162771 0.096073 0.092185 0.107886 0.190682 0.121451 0.162996 0.103858 0.108431 0.133863 0.170003 0.208117 0.195930 0.255084 0.160179 0.159492 0.178982 0.158579 0.187169 0.156124 0.135234 0.146734 0.118749 0.236431 0.163774 0.156146 0.140944 0.120842 0.247108 0.225592 0.102484 0.146862 0.116635 0.133879 
0.187215 0.166132 0.115418 0.153610 0.265928 0.273838 0.160603 0.136116 0.150842 0.161315 0.117265 0.000000 0.121257 0.134237 0.079992 0.176520 0.169143 0.127999 0.174661 0.106045 0.114144 0.231590 0.144189 0.230752 0.194563 0.305232 0.357958 0.357657 0.334415 0.390364 0.345256 0.357951 0.311079 0.359416 0.338963 0.296352 0.307577 0.319320 0.358330 0.339842 0.354009 0.299476 0.286420 0.349833 0.323602 0.298330 0.196731 0.166619 0.213541 0.192166 0.185773 0.236909 0.199285 0.186143 0.218000 0.224141 0.239343 0.317854 0.222138 0.351499 0.406934 0.359726 0.208393 0.334115 0.350646 0.222338 0.344630 0.368854 0.299181 0.365083 0.352954 0.160138 0.166317 0.131141 0.115300 0.094706 0.117751 0.282606 0.306557 0.222354 0.250776 0.216075 0.228160 0.214091 0.211207 0.416733 0.137457 0.392761 0.228989 0.211758 0.300920 0.220581 0.474499 0.368691 0.236149 0.285045 0.336584 0.172023 0.242195 0.186301 0.229180 0.213627 0.160197 0.209701 0.191629 0.215238 0.233405 0.177880 0.258443 0.193275 0.198817 0.184465 0.178145 0.149725 0.162134 0.151475 0.123911 0.165921 0.154499 0.165097 0.157419 0.167465 0.143575 0.187807 0.179486 0.186441 0.157065 0.180683 0.203720 0.179438 0.169005 0.166463 0.172338 0.157072 0.185589 0.146573 0.164867 0.160458 0.161973 0.171700 0.174280 0.156198 0.188298 0.147604 0.177286 0.228683 0.225163 0.338841 0.162273 0.184218 0.185065 0.315647 0.201900 0.156700 0.164138 0.279978 0.209691 0.171408 0.141301 0.147852 0.092674 0.187703 0.174921 0.141738 0.186482 0.171151 0.132774 0.312165 0.262826 0.305405 0.303819 0.301874 0.299075 0.299341 0.340406 0.218722 0.241175 0.196858 0.221927 0.209552 0.207670 0.227324 0.243379 0.178994 0.173836 0.132295 0.191732 0.228604 0.532416 0.209074 0.152629 0.217459 0.191206 0.151306 0.145150 0.206739 0.186296 0.114176 0.133822 0.183739 0.161603 0.143502 0.178456 0.201791 0.189082 0.167235 0.162293 0.137667 0.148903 0.129091 0.155128 0.142096 0.176940 0.118687 0.128328 0.141250 0.148795 0.150217 0.157231 0.188011 0.234949 0.236602 0.172049 0.154789 0.204797 0.174677 0.173832 0.185345 0.152560 0.164019 0.136099 0.220874 0.147776 0.181384 0.137216 0.137830 0.226228 0.208174 0.110223 0.147583 0.132422 0.195707 
0.197049 0.156822 0.135999 0.159681 0.264561 0.273368 0.129314 0.117936 0.118855 0.116603 0.047692 0.121257 0.000000 0.069548 0.106447 0.085157 0.100263 0.104432 0.132594 0.108078 0.140679 0.207137 0.138697 0.191015 0.172643 0.254053 0.319789 0.312940 0.322714 0.346628 0.293227 0.302493 0.286381 0.307918 0.284654 0.258275 0.265109 0.278855 0.332178 0.289199 0.299886 0.268670 0.221992 0.295028 0.252559 0.229735 0.128857 0.125942 0.146345 0.113117 0.130484 0.148746 0.155075 0.152264 0.166008 0.184173 0.248294 0.329787 0.239857 0.364553 0.417890 0.369149 0.143592 0.353044 0.366676 0.225825 0.382224 0.384099 0.311468 0.365536 0.362691 0.131367 0.173954 0.136688 0.137863 0.135047 0.126809 0.279949 0.288329 0.224045 0.259714 0.223059 0.226566 0.191298 0.211838 0.453518 0.120327 0.427175 0.222391 0.186364 0.309077 0.185019 0.483477 0.369293 0.201183 0.284623 0.345649 0.104645 0.181232 0.161273 0.176983 0.146882 0.175966 0.157272 0.135364 0.141771 0.150606 0.160510 0.188678 0.175378 0.166484 0.170371 0.161721 0.148601 0.138225 0.148369 0.130129 0.154729 0.163057 0.109747 0.117910 0.099069 0.117173 0.122194 0.096600 0.107630 0.100671 0.113386 0.115560 0.116626 0.137248 0.120598 0.123000 0.089502 0.149785 0.113341 0.096322 0.115559 0.119861 0.110259 0.120106 0.096234 0.104892 0.115357 0.145997 0.208912 0.195623 0.317337 0.096512 0.109079 0.121428 0.304270 0.141374 0.167855 0.140597 0.268035 0.160251 0.137769 0.113123 0.113246 0.117678 0.179790 0.166164 0.124043 0.176567 0.125283 0.165238 0.315666 0.251324 0.304157 0.303800 0.291705 0.296365 0.308745 0.329736 0.204436 0.226178 0.208916 0.192031 0.187100 0.194743 0.212309 0.234193 0.164746 0.185119 0.147434 0.180384 0.228463 0.529009 0.198362 0.124411 0.199558 0.146714 0.165044 0.163350 0.199568 0.167210 0.112670 0.186755 0.154443 0.159917 0.165401 0.177930 0.217371 0.168869 0.166914 0.166236 0.146035 0.175179 0.094716 0.107438 0.121723 0.214726 0.133861 0.171495 0.122480 0.106148 0.131637 0.178716 0.219780 0.213549 0.273896 0.179622 0.174142 0.192392 0.165477 0.184323 0.166029 0.160671 0.170268 0.132162 0.249019 0.179305 0.167904 0.162573 0.138144 0.260791 0.241308 0.124135 0.179437 0.120076 0.143235 
0.191787 0.154548 0.127987 0.172066 0.256065 0.252045 0.137551 0.099814 0.118761 0.120298 0.044006 0.134237 0.069548 0.000000 0.100987 0.088751 0.105032 0.100515 0.144109 0.121840 0.120542 0.218682 0.143587 0.178740 0.198055 0.258647 0.309747 0.304292 0.325575 0.344769 0.294404 0.299608 0.282987 0.294187 0.291887 0.256029 0.269007 0.270145 0.320013 0.286889 0.302580 0.284621 0.250609 0.310464 0.285531 0.261455 0.150663 0.145474 0.156605 0.107252 0.152194 0.166697 0.165355 0.159853 0.182542 0.193314 0.263254 0.342321 0.250010 0.376194 0.434165 0.393029 0.167846 0.363478 0.388080 0.224670 0.387113 0.396054 0.332919 0.361798 0.388431 0.141809 0.181896 0.143813 0.133013 0.113111 0.139614 0.301811 0.311009 0.244740 0.267791 0.230148 0.242436 0.195586 0.221647 0.466112 0.111377 0.422986 0.214569 0.181892 0.309924 0.195874 0.497356 0.367674 0.211124 0.271502 0.347112 0.096467 0.165726 0.165997 0.179732 0.159338 0.176952 0.162708 0.154426 0.163647 0.173024 0.163097 0.201387 0.165959 0.176100 0.174102 0.161832 0.140862 0.136479 0.136970 0.128972 0.139937 0.152959 0.108217 0.109020 0.128169 0.117310 0.133453 0.114209 0.129396 0.097909 0.116680 0.133708 0.126626 0.136682 0.136313 0.123378 0.107279 0.156601 0.123221 0.119667 0.131495 0.124148 0.139744 0.141004 0.112575 0.129440 0.117284 0.155277 0.214160 0.198174 0.321813 0.097432 0.104513 0.117565 0.322056 0.139963 0.157500 0.147973 0.268248 0.164559 0.132184 0.117655 0.117437 0.124784 0.191126 0.181353 0.127642 0.176651 0.118130 0.153985 0.330735 0.268884 0.316494 0.322343 0.303700 0.312210 0.327585 0.339281 0.225762 0.236012 0.226223 0.214138 0.202176 0.213932 0.228278 0.240997 0.168482 0.172422 0.143866 0.160885 0.225971 0.519447 0.229324 0.139558 0.197838 0.162423 0.189994 0.184387 0.216326 0.172116 0.104321 0.191969 0.155550 0.183277 0.183487 0.193727 0.243681 0.191633 0.181727 0.164554 0.150975 0.188326 0.105162 0.096057 0.127966 0.193693 0.136738 0.173314 0.115843 0.109960 0.145401 0.187231 0.234076 0.210827 0.280005 0.192518 0.197418 0.215471 0.152957 0.204640 0.155785 0.153727 0.157627 0.137029 0.264318 0.161493 0.171961 0.147650 0.137236 0.268206 0.236991 0.116772 0.155846 0.102878 0.140304 
0.171968 0.139819 0.134227 0.144277 0.258099 0.262262 0.157368 0.157555 0.144976 0.159089 0.082726 0.079992 0.106447 0.100987 0.000000 0.158323 0.146691 0.128663 0.169184 0.115785 0.082954 0.213327 0.126889 0.211550 0.191852 0.290724 0.352532 0.346415 0.334916 0.381886 0.323390 0.340995 0.302249 0.346454 0.314176 0.283079 0.291684 0.312286 0.340694 0.323126 0.340750 0.287354 0.275652 0.346518 0.314078 0.281972 0.172864 0.159815 0.196538 0.173802 0.171569 0.226419 0.176599 0.161888 0.190424 0.197935 0.242006 0.314653 0.225896 0.342042 0.399170 0.360471 0.187933 0.337666 0.357337 0.206315 0.351558 0.365682 0.308533 0.352183 0.346697 0.142109 0.172144 0.126616 0.116931 0.122690 0.116434 0.285832 0.310477 0.227911 0.248355 0.221042 0.219000 0.207958 0.201564 0.439897 0.138350 0.400054 0.224384 0.211279 0.309580 0.187895 0.481544 0.370136 0.225768 0.297284 0.337513 0.156430 0.210466 0.187856 0.204765 0.185722 0.168939 0.185411 0.177810 0.195900 0.202158 0.171778 0.230426 0.173888 0.185815 0.178206 0.168888 0.145426 0.141342 0.154279 0.113992 0.160039 0.144349 0.149191 0.141597 0.174537 0.149436 0.170820 0.159659 0.184880 0.147294 0.159627 0.188593 0.181180 0.178409 0.163273 0.162931 0.143001 0.204067 0.168475 0.158195 0.162924 0.167577 0.164117 0.186924 0.165209 0.178881 0.154566 0.178245 0.208318 0.232514 0.327860 0.157936 0.168985 0.155920 0.312015 0.176603 0.156016 0.156207 0.279112 0.212697 0.162231 0.142849 0.129722 0.099135 0.198479 0.184929 0.124438 0.189014 0.148118 0.169980 0.306040 0.266270 0.306389 0.300344 0.302392 0.309742 0.303724 0.319596 0.215616 0.241283 0.210010 0.220541 0.208868 0.217246 0.230110 0.222253 0.186663 0.169371 0.144169 0.189527 0.230294 0.512515 0.201347 0.156349 0.198932 0.178554 0.168976 0.141178 0.191105 0.180575 0.131034 0.167045 0.165472 0.147205 0.144136 0.184542 0.227462 0.187479 0.174102 0.167736 0.139671 0.170341 0.132633 0.146728 0.132083 0.182061 0.126650 0.124089 0.130257 0.147261 0.153887 0.183490 0.194018 0.227556 0.244365 0.167932 0.159232 0.204657 0.167166 0.185022 0.172803 0.136410 0.147498 0.142699 0.233749 0.137586 0.164967 0.124438 0.145891 0.232015 0.226439 0.137977 0.130446 0.137419 0.184261 
0.216873 0.169509 0.154191 0.166225 0.257387 0.261167 0.143726 0.115336 0.105351 0.099942 0.092832 0.176520 0.085157 0.088751 0.158323 0.000000 0.059484 0.119859 0.152249 0.149813 0.141295 0.238856 0.136488 0.180039 0.203213 0.217734 0.287818 0.272170 0.306471 0.313512 0.253758 0.260636 0.256127 0.268195 0.240594 0.225919 0.230977 0.245145 0.309154 0.249118 0.256038 0.260851 0.197971 0.268886 0.233584 0.205946 0.092178 0.097738 0.122018 0.070975 0.102980 0.117471 0.157269 0.149269 0.172391 0.200964 0.247231 0.324987 0.235594 0.349646 0.425461 0.379844 0.131456 0.337906 0.362612 0.213303 0.379316 0.370198 0.326423 0.346187 0.367957 0.154635 0.177269 0.163219 0.150686 0.134195 0.137002 0.289804 0.282782 0.219259 0.251394 0.208684 0.223187 0.183529 0.181618 0.495258 0.145320 0.460764 0.246458 0.202912 0.304991 0.187897 0.521872 0.368455 0.212861 0.290939 0.366040 0.088810 0.140167 0.144139 0.134199 0.113507 0.162192 0.108657 0.100866 0.101626 0.113297 0.146759 0.152711 0.170224 0.190698 0.157458 0.148584 0.112033 0.130142 0.137363 0.144598 0.156267 0.155737 0.095207 0.099874 0.090629 0.109489 0.138831 0.074673 0.105039 0.081962 0.107294 0.107414 0.083429 0.131341 0.116399 0.126028 0.093653 0.137012 0.104874 0.092728 0.114222 0.113633 0.113257 0.103295 0.111539 0.118737 0.102192 0.131875 0.195921 0.160632 0.336436 0.075793 0.088368 0.087738 0.295027 0.115887 0.159488 0.114694 0.269494 0.116372 0.099874 0.103237 0.115815 0.139277 0.193996 0.155000 0.109208 0.140296 0.089845 0.179148 0.318780 0.242522 0.296512 0.301875 0.280318 0.283948 0.298809 0.308311 0.218993 0.236324 0.223691 0.190896 0.184921 0.206034 0.211884 0.208973 0.155079 0.189572 0.150339 0.191996 0.225624 0.533419 0.226927 0.135770 0.187802 0.182822 0.205642 0.194752 0.201404 0.150562 0.127788 0.203830 0.163763 0.193646 0.176757 0.185525 0.232625 0.180038 0.171482 0.200084 0.185293 0.176660 0.110188 0.107453 0.121035 0.224395 0.160599 0.205245 0.140609 0.128533 0.138657 0.180371 0.243950 0.204200 0.295249 0.203384 0.194362 0.225429 0.164560 0.181261 0.174341 0.153372 0.159898 0.139293 0.268122 0.186591 0.198238 0.172374 0.141750 0.284366 0.256469 0.150174 0.197181 0.107337 0.107810 
0.217216 0.177572 0.158031 0.165294 0.276462 0.288087 0.163125 0.126070 0.094742 0.115399 0.098119 0.169143 0.100263 0.105032 0.146691 0.059484 0.000000 0.113952 0.161035 0.133366 0.135330 0.229719 0.135834 0.178539 0.213761 0.235829 0.305693 0.295160 0.318794 0.338845 0.268836 0.288801 0.267502 0.296059 0.259363 0.251448 0.238873 0.268984 0.325043 0.269507 0.286123 0.271664 0.227696 0.298323 0.267104 0.231447 0.106128 0.089054 0.152612 0.094051 0.102786 0.149218 0.177273 0.154484 0.187017 0.210047 0.245918 0.326297 0.219279 0.355548 0.432863 0.380775 0.141094 0.342247 0.370446 0.221806 0.365700 0.375526 0.319689 0.361259 0.360222 0.154576 0.194670 0.152275 0.136407 0.151274 0.103063 0.300883 0.302832 0.234447 0.262479 0.213732 0.235514 0.209096 0.185634 0.496333 0.152076 0.462140 0.253891 0.213472 0.328689 0.195153 0.531528 0.386588 0.224821 0.314550 0.373261 0.110785 0.151526 0.131059 0.148086 0.110062 0.144709 0.116903 0.123519 0.120517 0.122784 0.133292 0.161596 0.178466 0.205627 0.173200 0.151893 0.115392 0.123511 0.152330 0.132893 0.172592 0.152159 0.107024 0.086299 0.092339 0.130607 0.154861 0.097236 0.127570 0.106141 0.121946 0.139566 0.113419 0.146389 0.134560 0.131565 0.102569 0.143233 0.122887 0.117328 0.135774 0.128649 0.138264 0.124924 0.120549 0.139648 0.109265 0.144703 0.195279 0.119844 0.360119 0.096590 0.119266 0.093474 0.280771 0.125152 0.150381 0.109618 0.260990 0.107708 0.078832 0.108701 0.101279 0.115603 0.194775 0.106895 0.089565 0.101639 0.076542 0.163991 0.330300 0.265055 0.314693 0.311365 0.302205 0.306870 0.314623 0.311549 0.225488 0.256482 0.223168 0.204341 0.207154 0.218892 0.229238 0.215880 0.159020 0.194746 0.151328 0.206004 0.201948 0.542760 0.230760 0.153078 0.200220 0.204519 0.214332 0.206843 0.207829 0.167383 0.134214 0.201570 0.173781 0.194724 0.173244 0.187119 0.218581 0.195295 0.178177 0.210099 0.188542 0.159512 0.112074 0.123249 0.103872 0.222023 0.159171 0.201085 0.125971 0.142663 0.123555 0.167781 0.220525 0.216704 0.277148 0.199211 0.178110 0.212529 0.168722 0.160834 0.172948 0.149168 0.149773 0.132012 0.267601 0.180821 0.209714 0.182833 0.138125 0.273805 0.266483 0.151243 0.196978 0.102605 0.058326 
0.181437 0.145309 0.122952 0.155734 0.251252 0.255607 0.101451 0.097444 0.110360 0.130294 0.091543 0.127999 0.104432 0.100515 0.128663 0.119859 0.113952 0.000000 0.120364 0.076660 0.123992 0.191351 0.134083 0.170424 0.170525 0.259440 0.317092 0.316004 0.303030 0.349322 0.295473 0.319258 0.272381 0.313733 0.291349 0.257311 0.257183 0.276241 0.311114 0.298255 0.307650 0.255189 0.245185 0.313104 0.286662 0.256023 0.159546 0.136547 0.186475 0.131997 0.148552 0.168946 0.170485 0.134732 0.197736 0.191567 0.221648 0.295999 0.203093 0.335978 0.399633 0.352853 0.189747 0.327089 0.333904 0.200486 0.339962 0.361247 0.288907 0.329541 0.343836 0.121163 0.133827 0.132286 0.116324 0.118934 0.110692 0.247287 0.261356 0.200659 0.242905 0.192220 0.203763 0.179829 0.198108 0.424142 0.098495 0.393604 0.184220 0.178976 0.281177 0.172751 0.459879 0.336844 0.177834 0.290947 0.314121 0.134697 0.184838 0.143788 0.178773 0.168324 0.150362 0.173508 0.152546 0.174975 0.185599 0.145937 0.225344 0.183382 0.170103 0.154663 0.153328 0.116778 0.154485 0.142131 0.112506 0.150084 0.147305 0.152860 0.127892 0.142826 0.142208 0.173562 0.155722 0.148281 0.128088 0.155953 0.174133 0.153544 0.155197 0.145159 0.156353 0.128024 0.176826 0.146657 0.135507 0.153763 0.134147 0.157076 0.160007 0.126599 0.164511 0.077343 0.106443 0.167587 0.193375 0.284374 0.106723 0.127007 0.136811 0.258413 0.119777 0.108149 0.095792 0.222487 0.166947 0.115571 0.063762 0.104712 0.110894 0.154403 0.143124 0.110085 0.153484 0.119381 0.175291 0.290763 0.227503 0.283574 0.283126 0.270888 0.259168 0.279847 0.297867 0.182017 0.209804 0.172782 0.173542 0.167568 0.179508 0.188769 0.208766 0.131692 0.155306 0.110118 0.165240 0.231309 0.529355 0.195818 0.117352 0.198181 0.161837 0.166721 0.169270 0.179198 0.163162 0.117734 0.161711 0.161219 0.168098 0.159021 0.140628 0.198410 0.151463 0.148643 0.154093 0.118484 0.120619 0.109963 0.092897 0.078345 0.177736 0.108276 0.159015 0.125162 0.125921 0.135593 0.126101 0.169343 0.184993 0.219225 0.164276 0.115911 0.182471 0.148419 0.140381 0.167015 0.145524 0.123600 0.095450 0.212218 0.179893 0.164420 0.172021 0.139070 0.231711 0.218101 0.122830 0.177228 0.121191 0.132923 
