242 242
0.000000 0.206452 0.207963 0.152768 0.312175 0.301869 0.275533 0.304730 0.285792 0.300680 0.296672 0.262956 0.269378 0.256831 0.237993 0.263684 0.267642 0.384721 0.216582 0.380673 0.482269 0.511792 0.511275 0.493717 0.506903 0.453144 0.462688 0.457985 0.463651 0.545676 0.435625 0.425585 0.498269 0.482774 0.452558 0.379300 0.306923 0.313111 0.341357 0.370374 0.315604 0.366395 0.263693 0.313822 0.447679 0.339019 0.334625 0.333075 0.391849 0.331933 0.350862 0.427152 0.344777 0.539776 0.456168 0.506479 0.291038 0.414332 0.457138 0.318028 0.368384 0.442445 0.491094 0.323246 0.280945 0.233362 0.211998 0.223262 0.240888 0.269930 0.271444 0.383798 0.411478 0.357395 0.398305 0.425548 0.325027 0.311048 0.277373 0.229954 0.657900 0.312039 0.644021 0.382780 0.432606 0.400908 0.386272 0.438429 0.508822 0.369100 0.585189 0.409867 0.657937 0.406421 0.533397 0.321242 0.279308 0.273865 0.349868 0.302681 0.309516 0.356217 0.313631 0.346781 0.358633 0.386898 0.314392 0.353543 0.228283 0.239727 0.223767 0.216769 0.215553 0.167117 0.218592 0.220980 0.327647 0.333626 0.298398 0.372180 0.308321 0.361067 0.318324 0.372161 0.346160 0.353949 0.320804 0.298216 0.358044 0.398640 0.332510 0.365612 0.347075 0.327676 0.317701 0.349771 0.370249 0.403429 0.320809 0.321882 0.291748 0.318325 0.410884 0.483474 0.325967 0.438582 0.316051 0.295529 0.314927 0.479561 0.373781 0.307652 0.286369 0.312441 0.243080 0.385146 0.415858 0.236575 0.351937 0.271914 0.317932 0.425545 0.449370 0.288561 0.428839 0.380145 0.439958 0.421679 0.414365 0.424684 0.392213 0.448958 0.409613 0.283569 0.408912 0.294790 0.331882 0.313511 0.319485 0.283277 0.318320 0.337087 0.298838 0.219062 0.264187 0.159795 0.211768 0.220303 0.245265 0.241271 0.216465 0.206958 0.247207 0.234603 0.225958 0.193332 0.223825 0.187635 0.247389 0.248778 0.391567 0.265629 0.245993 0.289611 0.287136 0.256569 0.232369 0.252074 0.266413 0.250372 0.280021 0.261093 0.244278 0.227325 0.201232 0.228050 0.282876 0.282054 0.276210 0.397240 0.395002 0.253748 0.324532 0.274810 0.185243 0.192572 0.239907 0.328785 0.368699 0.345736 0.227411 0.251858 0.280944 0.321100 0.258346 0.229309 0.200742 0.248970 0.218289 0.330330 0.381498 0.352005 
0.206452 0.000000 0.166178 0.188930 0.311547 0.328523 0.254913 0.204665 0.169680 0.215443 0.204747 0.218697 0.170296 0.188253 0.199495 0.179022 0.177379 0.406719 0.262155 0.392392 0.557547 0.504065 0.537001 0.549642 0.529988 0.442792 0.481095 0.557382 0.534847 0.537910 0.439120 0.423073 0.518665 0.490876 0.466281 0.336927 0.303392 0.371797 0.355620 0.292194 0.282758 0.207251 0.342109 0.347407 0.465051 0.387007 0.399628 0.322242 0.390115 0.339691 0.346475 0.463603 0.361905 0.563335 0.481712 0.555812 0.327631 0.469939 0.480534 0.309829 0.376727 0.417837 0.505546 0.344133 0.286413 0.222350 0.174520 0.163782 0.128012 0.188251 0.213222 0.402867 0.403436 0.350406 0.385585 0.428395 0.330517 0.270106 0.299486 0.259844 0.653462 0.255257 0.651054 0.357281 0.419141 0.348570 0.365332 0.412954 0.497611 0.378599 0.567408 0.380684 0.640201 0.348890 0.560860 0.281802 0.371243 0.264161 0.331824 0.338590 0.262720 0.316829 0.337229 0.366890 0.357222 0.396066 0.327444 0.429453 0.238674 0.218950 0.155586 0.194517 0.144209 0.119117 0.169827 0.180631 0.217178 0.210133 0.217225 0.277464 0.229724 0.267773 0.200830 0.286827 0.221622 0.223930 0.245656 0.210166 0.211863 0.247230 0.220754 0.257101 0.286798 0.227398 0.256543 0.195554 0.269449 0.404157 0.298841 0.352075 0.208356 0.361432 0.327558 0.358394 0.251141 0.412354 0.283586 0.259478 0.238605 0.482688 0.262525 0.227111 0.196760 0.191463 0.123879 0.296669 0.318932 0.194214 0.258264 0.248081 0.281633 0.240010 0.419822 0.231877 0.448183 0.368410 0.431809 0.438715 0.435204 0.411311 0.426325 0.451558 0.458343 0.285588 0.351077 0.305529 0.337766 0.251038 0.310991 0.261117 0.279017 0.334577 0.316402 0.126484 0.182323 0.200285 0.170335 0.268809 0.316664 0.204260 0.221857 0.196047 0.193703 0.220154 0.172768 0.177118 0.236533 0.225648 0.232385 0.223572 0.323967 0.244433 0.208847 0.247047 0.239490 0.166822 0.158146 0.186478 0.204987 0.166988 0.141063 0.166774 0.189223 0.219441 0.113381 0.201338 0.172892 0.143928 0.164777 0.372521 0.378892 0.177549 0.225544 0.316297 0.166439 0.187798 0.197773 0.309287 0.355292 0.304301 0.206282 0.251009 0.197967 0.238060 0.212845 0.201450 0.146511 0.130329 0.206215 0.306301 0.381435 0.335961 
0.207963 0.166178 0.000000 0.103286 0.325138 0.295792 0.258058 0.279552 0.252983 0.214817 0.244621 0.220818 0.196798 0.227831 0.229151 0.203832 0.263447 0.350600 0.219171 0.335968 0.530645 0.531003 0.487305 0.539109 0.477598 0.441248 0.501752 0.568805 0.493751 0.522802 0.470184 0.411507 0.521458 0.472463 0.425181 0.309076 0.277273 0.314663 0.320696 0.257921 0.235145 0.271887 0.358636 0.305369 0.413949 0.359767 0.400085 0.307672 0.337287 0.304715 0.319715 0.442881 0.349591 0.468033 0.402041 0.511943 0.279941 0.417684 0.446133 0.306747 0.315556 0.433865 0.443824 0.246537 0.188185 0.216012 0.177640 0.192140 0.207719 0.177203 0.153096 0.397101 0.371139 0.310793 0.364877 0.387443 0.276472 0.242986 0.225505 0.170060 0.667251 0.291399 0.646310 0.401725 0.374310 0.361623 0.370893 0.413604 0.442862 0.317583 0.539110 0.371133 0.587258 0.412090 0.538909 0.267815 0.296941 0.287654 0.257769 0.280111 0.331051 0.293817 0.272338 0.281751 0.300111 0.317754 0.310037 0.346845 0.165159 0.164152 0.140353 0.122788 0.174066 0.131274 0.198540 0.169530 0.270079 0.230857 0.298815 0.340422 0.275694 0.230974 0.247835 0.281745 0.258370 0.316548 0.280182 0.226563 0.348118 0.359145 0.311188 0.312354 0.309101 0.301542 0.271069 0.290998 0.310677 0.362842 0.243043 0.283146 0.246335 0.262461 0.297024 0.376967 0.216412 0.375492 0.254680 0.249359 0.204626 0.429086 0.391604 0.232690 0.186702 0.202210 0.175048 0.320590 0.302900 0.176692 0.265044 0.208180 0.212085 0.360637 0.368084 0.217663 0.410881 0.337259 0.367615 0.381636 0.390321 0.401728 0.364299 0.387999 0.382841 0.217471 0.354320 0.264958 0.311377 0.281594 0.233910 0.218581 0.291701 0.273495 0.245487 0.185978 0.190062 0.228910 0.213674 0.247346 0.220389 0.228932 0.186723 0.213928 0.229846 0.169087 0.253538 0.131010 0.172363 0.185805 0.189109 0.186641 0.323796 0.202474 0.194909 0.195836 0.264967 0.196525 0.170193 0.259918 0.245654 0.178457 0.172521 0.198031 0.144447 0.244798 0.135930 0.238917 0.194359 0.169184 0.211492 0.330514 0.368042 0.157321 0.206546 0.249766 0.130694 0.181717 0.204520 0.282246 0.338484 0.288127 0.231089 0.229723 0.222301 0.248822 0.200145 0.158826 0.165253 0.231253 0.228795 0.287320 0.307583 0.282982 
0.152768 0.188930 0.103286 0.000000 0.283086 0.250128 0.254119 0.261858 0.244836 0.240395 0.270931 0.226696 0.206976 0.232942 0.221107 0.218629 0.250478 0.320637 0.177467 0.305799 0.483810 0.476989 0.443514 0.492684 0.438837 0.394319 0.444718 0.521584 0.452912 0.476518 0.415298 0.364862 0.474826 0.426055 0.378131 0.283166 0.226921 0.300916 0.317158 0.285044 0.240279 0.282404 0.311437 0.273836 0.388103 0.322056 0.342725 0.263652 0.346804 0.263635 0.283097 0.379288 0.297615 0.451703 0.371346 0.483199 0.224607 0.363005 0.387178 0.250353 0.293087 0.402991 0.437593 0.258214 0.201229 0.213020 0.166059 0.185996 0.206644 0.188286 0.196057 0.354620 0.345967 0.287902 0.325621 0.356390 0.248043 0.251094 0.201924 0.156174 0.627209 0.291510 0.623575 0.370171 0.373324 0.375552 0.365473 0.372888 0.456331 0.317377 0.552255 0.357271 0.567325 0.392587 0.506913 0.264173 0.270004 0.257115 0.253789 0.223780 0.283702 0.270361 0.226263 0.247395 0.275025 0.303356 0.251213 0.310156 0.176351 0.175140 0.151273 0.136994 0.158490 0.122162 0.176522 0.165207 0.272865 0.253688 0.275356 0.329164 0.275513 0.272560 0.252373 0.290162 0.265089 0.327569 0.262503 0.231875 0.335203 0.364928 0.293621 0.330971 0.295965 0.275279 0.249947 0.307505 0.303829 0.351732 0.249676 0.244994 0.238793 0.260267 0.330598 0.397130 0.246922 0.425802 0.239889 0.275322 0.240074 0.433909 0.414930 0.238672 0.207160 0.230205 0.207167 0.349300 0.332999 0.180151 0.270403 0.199136 0.228449 0.385950 0.364202 0.252140 0.395844 0.295651 0.365706 0.367155 0.356323 0.362844 0.333086 0.367590 0.358068 0.230533 0.353624 0.237455 0.286475 0.258052 0.240872 0.213021 0.258035 0.258976 0.225487 0.175912 0.199072 0.226389 0.165618 0.237104 0.244297 0.206610 0.178348 0.184716 0.195750 0.182502 0.225039 0.127141 0.170328 0.163805 0.177684 0.206691 0.333021 0.190867 0.195051 0.221397 0.262138 0.190847 0.208553 0.247011 0.254024 0.202129 0.202203 0.202963 0.171046 0.221960 0.177426 0.239177 0.219954 0.208022 0.230918 0.323397 0.333500 0.230818 0.243524 0.259557 0.123621 0.159937 0.181874 0.262973 0.307051 0.282925 0.208417 0.209997 0.204844 0.284085 0.219647 0.177520 0.162927 0.223915 0.212700 0.270708 0.308659 0.278331 
0.312175 0.311547 0.325138 0.283086 0.000000 0.127118 0.261810 0.361684 0.393703 0.375383 0.366400 0.374867 0.350422 0.363298 0.378562 0.376992 0.340209 0.326930 0.292785 0.371798 0.449468 0.380448 0.403926 0.409150 0.397768 0.325186 0.436523 0.493085 0.421326 0.404606 0.367573 0.363916 0.388154 0.370498 0.361191 0.373091 0.426808 0.440890 0.418532 0.468038 0.409084 0.423929 0.343128 0.310108 0.270785 0.321930 0.309126 0.326054 0.351613 0.318214 0.254057 0.252135 0.264967 0.342425 0.262113 0.310385 0.373069 0.277944 0.276955 0.243979 0.263838 0.255584 0.287427 0.217106 0.254362 0.235644 0.252445 0.365134 0.350196 0.377819 0.414744 0.228897 0.212486 0.228357 0.212012 0.226558 0.201034 0.211354 0.232189 0.285243 0.420010 0.308549 0.451049 0.229447 0.263337 0.245680 0.210075 0.263306 0.307605 0.251809 0.375286 0.220772 0.450127 0.268524 0.321978 0.340516 0.458176 0.420961 0.438878 0.413632 0.455944 0.414112 0.405379 0.435089 0.466277 0.499194 0.458951 0.487692 0.262761 0.270771 0.291325 0.309201 0.285809 0.302108 0.228541 0.276743 0.388149 0.441872 0.394123 0.421161 0.388593 0.386830 0.364323 0.374456 0.395540 0.451082 0.335218 0.366178 0.448317 0.464102 0.400255 0.416174 0.360083 0.368413 0.397548 0.427302 0.411198 0.302773 0.345298 0.293958 0.405041 0.313768 0.501248 0.608856 0.415325 0.563566 0.337213 0.352438 0.367309 0.346244 0.547943 0.456851 0.347784 0.376147 0.370971 0.442520 0.533528 0.367703 0.484152 0.405196 0.453268 0.508817 0.394625 0.323859 0.257910 0.232108 0.276175 0.242993 0.248748 0.252958 0.264705 0.241776 0.258901 0.277970 0.385852 0.231729 0.206434 0.267133 0.272646 0.223043 0.237687 0.230616 0.208808 0.274973 0.308653 0.268512 0.299034 0.219824 0.285055 0.239358 0.241822 0.219556 0.281897 0.271022 0.278417 0.240733 0.240863 0.210012 0.268932 0.273160 0.408761 0.229138 0.264688 0.254121 0.263610 0.343262 0.373038 0.346315 0.302391 0.366745 0.344679 0.308301 0.358682 0.280386 0.301208 0.346264 0.318615 0.378783 0.338783 0.266325 0.296060 0.354279 0.432284 0.316064 0.297152 0.294009 0.292934 0.294579 0.212010 0.278908 0.268070 0.220117 0.334929 0.346238 0.323262 0.274542 0.270589 0.311680 0.287820 0.339208 0.315319 0.308413 
0.301869 0.328523 0.295792 0.250128 0.127118 0.000000 0.279961 0.379015 0.412198 0.396603 0.377447 0.390998 0.389663 0.393255 0.401739 0.368611 0.370201 0.322358 0.304627 0.356473 0.427524 0.392006 0.399801 0.393155 0.399678 0.321499 0.433201 0.493934 0.402429 0.405628 0.388815 0.367808 0.369851 0.366929 0.367645 0.380940 0.443993 0.443482 0.426332 0.484542 0.446781 0.448211 0.349807 0.285591 0.289508 0.320680 0.306961 0.349568 0.367115 0.311236 0.247767 0.256729 0.271930 0.323592 0.242540 0.354501 0.379308 0.272477 0.264351 0.237138 0.260698 0.273828 0.293451 0.220933 0.221924 0.247678 0.292113 0.379991 0.351223 0.379902 0.383651 0.270293 0.238916 0.212565 0.246628 0.228787 0.206510 0.245466 0.238246 0.270995 0.453165 0.329977 0.482114 0.255330 0.258325 0.278511 0.268134 0.274495 0.327708 0.248179 0.410660 0.248009 0.416743 0.298578 0.372752 0.342911 0.425091 0.395106 0.436522 0.406040 0.470116 0.399862 0.402844 0.439480 0.458950 0.494178 0.455375 0.472046 0.256093 0.281369 0.295676 0.309714 0.295385 0.318645 0.261320 0.270313 0.428130 0.446228 0.429721 0.471978 0.430984 0.415694 0.407708 0.408986 0.419657 0.492807 0.380650 0.407950 0.494713 0.516495 0.453069 0.450363 0.409788 0.416969 0.440080 0.472420 0.464021 0.298604 0.347804 0.239048 0.426996 0.314838 0.500449 0.615325 0.416489 0.555905 0.338457 0.358357 0.368348 0.351856 0.565381 0.455075 0.344209 0.381071 0.399117 0.474472 0.533586 0.394057 0.488190 0.406755 0.458097 0.541412 0.375389 0.328109 0.278751 0.234590 0.261616 0.248471 0.243566 0.265654 0.251530 0.262553 0.278485 0.278201 0.402235 0.259270 0.241244 0.271934 0.270498 0.229587 0.259283 0.243522 0.234692 0.304502 0.319969 0.299521 0.320328 0.229347 0.265334 0.249323 0.253626 0.220936 0.292817 0.274855 0.286292 0.246177 0.254825 0.218686 0.248136 0.278293 0.429632 0.253702 0.275125 0.275762 0.305538 0.337309 0.388483 0.364151 0.322751 0.355555 0.356465 0.329853 0.349848 0.270154 0.320714 0.365205 0.351283 0.384698 0.372217 0.264600 0.271405 0.354754 0.415148 0.316002 0.279586 0.299235 0.304526 0.290626 0.201984 0.292412 0.288746 0.253940 0.361455 0.369152 0.304197 0.271341 0.261556 0.355428 0.309141 0.347103 0.309384 0.310946 
0.275533 0.254913 0.258058 0.254119 0.261810 0.279961 0.000000 0.177244 0.258391 0.189653 0.204482 0.241201 0.223905 0.165333 0.244084 0.216492 0.175020 0.208525 0.174653 0.240103 0.416612 0.406542 0.394534 0.396065 0.384971 0.320668 0.375581 0.441077 0.383176 0.396449 0.359791 0.302285 0.388566 0.355382 0.330176 0.252723 0.290900 0.263164 0.229361 0.309802 0.269402 0.270369 0.219791 0.189439 0.272421 0.216786 0.225949 0.196832 0.188936 0.164388 0.284196 0.383713 0.259651 0.502294 0.436376 0.500219 0.272665 0.426773 0.433709 0.267437 0.256342 0.372158 0.431623 0.229326 0.226132 0.159729 0.182519 0.228449 0.215005 0.227081 0.253292 0.304502 0.305507 0.303897 0.296162 0.313407 0.230661 0.177456 0.211524 0.262875 0.492804 0.110570 0.476877 0.197005 0.217849 0.169866 0.225638 0.233602 0.310604 0.191665 0.391085 0.155108 0.527105 0.209412 0.362467 0.168822 0.309315 0.255050 0.290414 0.291053 0.312941 0.275432 0.280804 0.315486 0.311041 0.347491 0.323730 0.353572 0.236911 0.215648 0.217866 0.264255 0.209067 0.243788 0.178175 0.236737 0.225863 0.282722 0.246380 0.275257 0.237322 0.240536 0.200944 0.240090 0.244375 0.291641 0.193971 0.205087 0.303315 0.305008 0.256673 0.255960 0.227224 0.219840 0.265354 0.250932 0.264222 0.227134 0.208183 0.255637 0.234719 0.212367 0.315698 0.437766 0.284142 0.393426 0.167761 0.187682 0.187620 0.294950 0.365689 0.290515 0.163471 0.202898 0.258232 0.285700 0.337939 0.224782 0.346336 0.254582 0.342886 0.368507 0.293457 0.168767 0.372515 0.278576 0.364159 0.360868 0.320685 0.335673 0.361110 0.357345 0.385967 0.176488 0.254628 0.211544 0.240998 0.225926 0.213288 0.170818 0.210556 0.220730 0.254002 0.168501 0.198157 0.206093 0.197780 0.173229 0.235501 0.206637 0.206894 0.158500 0.204752 0.225759 0.215094 0.204195 0.188091 0.187871 0.191182 0.175368 0.270447 0.146011 0.174585 0.176441 0.181294 0.203396 0.273198 0.203423 0.142195 0.273537 0.242080 0.193107 0.210341 0.246047 0.212085 0.273004 0.233315 0.292978 0.272103 0.216303 0.296211 0.273690 0.338279 0.206261 0.242425 0.231251 0.157464 0.213021 0.230693 0.171883 0.230560 0.181868 0.221946 0.190730 0.204436 0.167117 0.173233 0.215792 0.252574 0.189983 0.186186 0.175223 
0.304730 0.204665 0.279552 0.261858 0.361684 0.379015 0.177244 0.000000 0.202863 0.186078 0.181015 0.261761 0.157331 0.163125 0.208037 0.215639 0.127509 0.290757 0.197524 0.238870 0.449018 0.429876 0.427292 0.439459 0.425352 0.369570 0.395855 0.484026 0.432293 0.437340 0.385619 0.337978 0.433811 0.403078 0.375077 0.272073 0.248960 0.266054 0.255196 0.258814 0.257022 0.160369 0.296055 0.269753 0.377397 0.280796 0.291041 0.237795 0.296307 0.240052 0.343524 0.477958 0.332426 0.608747 0.546468 0.619760 0.253756 0.527513 0.536251 0.296724 0.367070 0.455137 0.539590 0.345680 0.313193 0.234063 0.195422 0.194595 0.139607 0.191028 0.251678 0.397923 0.411260 0.394236 0.374403 0.406904 0.345770 0.295514 0.316642 0.331643 0.642468 0.159913 0.576948 0.297066 0.293926 0.244456 0.346808 0.259861 0.422358 0.297732 0.512562 0.283432 0.634035 0.255272 0.469886 0.159313 0.310897 0.221669 0.289323 0.255615 0.227912 0.224653 0.267838 0.313169 0.302326 0.355754 0.277887 0.374262 0.292712 0.244522 0.210911 0.267387 0.205138 0.212513 0.190024 0.219037 0.170360 0.187594 0.177830 0.258149 0.217125 0.223939 0.169410 0.229241 0.174983 0.219900 0.177875 0.171566 0.213378 0.198786 0.211640 0.242225 0.220073 0.173450 0.207641 0.174081 0.234238 0.304507 0.197117 0.360976 0.169188 0.319040 0.303045 0.310128 0.254340 0.408406 0.152394 0.226232 0.223119 0.386722 0.273632 0.200686 0.184577 0.159621 0.196015 0.284491 0.271055 0.222125 0.254063 0.224727 0.315094 0.254485 0.375156 0.191486 0.474466 0.372453 0.470923 0.463834 0.434568 0.416442 0.460450 0.466471 0.476343 0.268066 0.318864 0.322886 0.351026 0.297146 0.314272 0.299037 0.292585 0.333948 0.340951 0.168549 0.211569 0.257446 0.133511 0.245368 0.307216 0.271253 0.264514 0.230124 0.208187 0.282307 0.198828 0.231463 0.248279 0.263448 0.246801 0.238807 0.314888 0.244069 0.235480 0.266133 0.267689 0.141369 0.260477 0.228344 0.222868 0.225388 0.196355 0.176951 0.184740 0.263827 0.218963 0.288001 0.263970 0.237887 0.308397 0.292622 0.350290 0.312223 0.289549 0.282059 0.221748 0.216582 0.163736 0.231252 0.342993 0.266182 0.257901 0.271831 0.162775 0.214616 0.250500 0.195192 0.181528 0.150077 0.260388 0.176416 0.252938 0.199012 
0.285792 0.169680 0.252983 0.244836 0.393703 0.412198 0.258391 0.202863 0.000000 0.205135 0.216520 0.135830 0.171262 0.161144 0.164552 0.094619 0.170425 0.311227 0.220902 0.353919 0.549272 0.498852 0.534245 0.548940 0.527304 0.453609 0.494629 0.543507 0.527069 0.545323 0.438407 0.425263 0.517782 0.486078 0.456446 0.346446 0.294269 0.375240 0.376109 0.323540 0.301891 0.206393 0.313900 0.321927 0.428889 0.340841 0.347699 0.280999 0.330831 0.283352 0.367920 0.484459 0.350940 0.632276 0.542909 0.616553 0.320561 0.522956 0.530866 0.339894 0.377179 0.464034 0.572851 0.355005 0.322886 0.259625 0.207173 0.166790 0.132957 0.180059 0.213469 0.424341 0.462963 0.417437 0.392942 0.453832 0.357635 0.340750 0.333166 0.341798 0.602214 0.221934 0.569622 0.342499 0.369043 0.323605 0.346376 0.391629 0.457872 0.354777 0.553719 0.369382 0.631679 0.314275 0.501911 0.272955 0.387385 0.289715 0.350236 0.343281 0.238254 0.336524 0.336813 0.370729 0.371688 0.411629 0.332480 0.427524 0.315745 0.290568 0.234119 0.264088 0.233564 0.193300 0.246049 0.234891 0.240359 0.240283 0.198289 0.282669 0.249533 0.284671 0.236274 0.315272 0.264770 0.239892 0.254021 0.232701 0.231717 0.267939 0.244104 0.304607 0.305845 0.230824 0.247888 0.222493 0.288509 0.414898 0.285182 0.406013 0.221939 0.379643 0.365909 0.379807 0.289331 0.470949 0.294241 0.246815 0.268811 0.447227 0.293209 0.271848 0.233550 0.231137 0.142562 0.302178 0.285267 0.227909 0.304756 0.281943 0.359998 0.193953 0.426215 0.219370 0.479465 0.407512 0.484741 0.470556 0.462705 0.452754 0.462800 0.495858 0.516095 0.272203 0.296937 0.348132 0.383872 0.309610 0.366698 0.335890 0.329317 0.365681 0.379867 0.219347 0.282137 0.250033 0.193225 0.295810 0.343783 0.250996 0.233633 0.241636 0.207022 0.315499 0.201786 0.264011 0.302539 0.260790 0.273168 0.274142 0.321227 0.294118 0.267459 0.290948 0.258512 0.211378 0.227477 0.175882 0.223188 0.251610 0.207697 0.249611 0.233620 0.261002 0.180806 0.196553 0.265512 0.245470 0.251408 0.379460 0.363460 0.281422 0.291225 0.318732 0.241125 0.255633 0.219495 0.309397 0.345517 0.272236 0.219992 0.277681 0.203753 0.271393 0.218065 0.253437 0.230236 0.161151 0.225745 0.293025 0.367471 0.332383 
0.300680 0.215443 0.214817 0.240395 0.375383 0.396603 0.189653 0.186078 0.205135 0.000000 0.108626 0.178855 0.184172 0.159528 0.224001 0.179263 0.170689 0.275218 0.198361 0.283831 0.467876 0.483194 0.437371 0.455491 0.425995 0.382812 0.428065 0.501073 0.431950 0.446284 0.399821 0.306342 0.428213 0.363483 0.337682 0.224203 0.206316 0.220461 0.220559 0.208563 0.158656 0.197325 0.330650 0.238799 0.339760 0.244347 0.275270 0.243309 0.284076 0.283635 0.380006 0.491068 0.372076 0.612548 0.544833 0.613184 0.209647 0.537599 0.542917 0.347097 0.353737 0.476485 0.553867 0.334751 0.306746 0.256705 0.207808 0.215206 0.212646 0.198699 0.204171 0.410097 0.417484 0.407917 0.391982 0.397393 0.337742 0.287105 0.307650 0.325616 0.633998 0.180410 0.601906 0.326967 0.284676 0.268617 0.359853 0.299617 0.445897 0.284340 0.533444 0.297588 0.620437 0.336016 0.493995 0.151672 0.277132 0.258132 0.229144 0.256939 0.289362 0.251942 0.240586 0.245828 0.247359 0.264829 0.255448 0.301192 0.272507 0.253341 0.227369 0.211924 0.226391 0.205467 0.222136 0.244558 0.143612 0.186701 0.171022 0.171841 0.140443 0.139899 0.137436 0.159766 0.168925 0.185483 0.165231 0.117099 0.203747 0.228383 0.157675 0.175400 0.171032 0.162193 0.151319 0.138342 0.143621 0.354807 0.226336 0.382961 0.164067 0.331984 0.236501 0.346815 0.289919 0.297516 0.158875 0.262176 0.218395 0.405942 0.256354 0.228297 0.175037 0.143808 0.196169 0.280003 0.278086 0.196385 0.300945 0.202331 0.244027 0.264284 0.398168 0.209854 0.467936 0.374563 0.463780 0.453311 0.428373 0.441175 0.461119 0.463753 0.484536 0.274658 0.339617 0.307913 0.340880 0.327714 0.301413 0.281719 0.298104 0.323191 0.349462 0.190132 0.251219 0.269307 0.226029 0.259664 0.298271 0.284376 0.244837 0.242779 0.257272 0.269278 0.292837 0.214829 0.239954 0.242452 0.237128 0.262790 0.333018 0.242633 0.253965 0.256589 0.250663 0.177901 0.189849 0.186067 0.230051 0.300637 0.154992 0.159845 0.199542 0.320902 0.202148 0.269082 0.179588 0.219211 0.242486 0.326897 0.423626 0.258285 0.305011 0.272212 0.249679 0.266674 0.209513 0.288821 0.372087 0.272686 0.265473 0.241129 0.207333 0.196181 0.248587 0.173201 0.209430 0.197435 0.284418 0.209035 0.283952 0.237929 
0.296672 0.204747 0.244621 0.270931 0.366400 0.377447 0.204482 0.181015 0.216520 0.108626 0.000000 0.160949 0.206684 0.175270 0.198362 0.174750 0.157602 0.318966 0.219507 0.292178 0.472511 0.501857 0.456469 0.454119 0.450939 0.396360 0.431629 0.493163 0.443857 0.465850 0.429021 0.362611 0.462748 0.425681 0.398247 0.238737 0.251345 0.279421 0.263631 0.252999 0.204045 0.209012 0.350723 0.258437 0.362826 0.279927 0.303699 0.288600 0.284175 0.304427 0.408371 0.516312 0.390467 0.621736 0.559723 0.638578 0.261823 0.562569 0.580364 0.360961 0.354163 0.508510 0.556338 0.351768 0.305034 0.279503 0.221322 0.207593 0.186974 0.222793 0.226411 0.447964 0.458536 0.444222 0.429287 0.395935 0.360145 0.279992 0.316626 0.350371 0.654664 0.166249 0.607085 0.317448 0.296301 0.270891 0.385957 0.317103 0.460138 0.308816 0.542611 0.316029 0.624273 0.327901 0.506295 0.148228 0.278303 0.274171 0.257271 0.270993 0.291917 0.263624 0.263294 0.272488 0.291586 0.311603 0.298939 0.318608 0.252611 0.247941 0.232667 0.227232 0.221271 0.218492 0.213633 0.247643 0.152200 0.188979 0.179123 0.187596 0.166466 0.169846 0.145250 0.189614 0.196734 0.215660 0.173654 0.157351 0.222833 0.243579 0.178404 0.179311 0.210575 0.195730 0.210216 0.167847 0.190242 0.365883 0.257129 0.402156 0.180748 0.337634 0.253357 0.359687 0.315939 0.316336 0.173116 0.243933 0.237394 0.419603 0.257958 0.234411 0.192387 0.146549 0.207125 0.306529 0.314848 0.213515 0.314851 0.206069 0.269943 0.251107 0.423929 0.213929 0.492775 0.406278 0.477483 0.480565 0.454546 0.471318 0.496214 0.477881 0.508868 0.290115 0.378335 0.341728 0.343159 0.353733 0.331485 0.302529 0.327138 0.342078 0.363977 0.196664 0.264831 0.250065 0.234228 0.261448 0.302178 0.309360 0.277448 0.278191 0.276439 0.265167 0.307554 0.222538 0.235475 0.279768 0.253139 0.292640 0.377665 0.282328 0.280007 0.272189 0.225451 0.191360 0.163712 0.189269 0.225663 0.324035 0.180990 0.157082 0.220278 0.296386 0.201145 0.265979 0.171763 0.244778 0.207672 0.335935 0.444013 0.232252 0.343277 0.244874 0.253264 0.265033 0.224126 0.297067 0.400903 0.278689 0.235117 0.245982 0.213771 0.182694 0.279574 0.163668 0.220794 0.184581 0.239631 0.214948 0.283836 0.222373 
0.262956 0.218697 0.220818 0.226696 0.374867 0.390998 0.241201 0.261761 0.135830 0.178855 0.160949 0.000000 0.188785 0.176770 0.114925 0.119062 0.189019 0.316003 0.186783 0.331729 0.530936 0.511590 0.493525 0.526627 0.479647 0.432572 0.490945 0.515587 0.495046 0.522354 0.428870 0.411129 0.520384 0.472031 0.428192 0.310913 0.277562 0.352422 0.354923 0.299145 0.242034 0.265075 0.315650 0.282883 0.399072 0.298733 0.309499 0.284787 0.317882 0.286791 0.373543 0.473242 0.351312 0.604821 0.512708 0.586017 0.286662 0.519370 0.534796 0.327709 0.357413 0.478635 0.536853 0.341338 0.308201 0.268516 0.192786 0.182051 0.198424 0.190964 0.203878 0.425986 0.463921 0.423389 0.406772 0.433416 0.330683 0.321964 0.294612 0.316745 0.624576 0.211992 0.572042 0.337311 0.334840 0.316201 0.377831 0.372061 0.460566 0.298289 0.551063 0.344327 0.626218 0.348998 0.493874 0.242835 0.331931 0.304128 0.295587 0.305415 0.267791 0.325658 0.292253 0.312352 0.336042 0.352102 0.320836 0.370874 0.273589 0.267806 0.230019 0.225754 0.244169 0.187413 0.238738 0.223806 0.214196 0.229425 0.216073 0.248732 0.223450 0.244311 0.220455 0.282874 0.281299 0.243564 0.234598 0.209314 0.270660 0.316080 0.244655 0.292662 0.273676 0.245164 0.244975 0.251780 0.271707 0.396234 0.290781 0.375687 0.224122 0.334921 0.329929 0.410732 0.300365 0.431658 0.266394 0.241009 0.254433 0.438437 0.323991 0.273784 0.233229 0.235096 0.167639 0.326156 0.318097 0.202409 0.325703 0.244389 0.308509 0.270111 0.428638 0.215903 0.459488 0.407175 0.472087 0.453009 0.454728 0.473822 0.462898 0.474288 0.474863 0.284836 0.356546 0.328272 0.369612 0.335932 0.350909 0.322232 0.341989 0.355924 0.335123 0.237954 0.297994 0.237876 0.228884 0.274983 0.304110 0.275397 0.218893 0.251826 0.250701 0.298377 0.272818 0.241569 0.262445 0.226923 0.257915 0.285302 0.361428 0.284900 0.274134 0.278974 0.253882 0.234503 0.173570 0.196822 0.222810 0.297719 0.229318 0.234010 0.224141 0.269371 0.190219 0.182069 0.252351 0.263975 0.228042 0.363149 0.390025 0.262821 0.320158 0.282502 0.219691 0.239025 0.229319 0.299065 0.360930 0.277354 0.195364 0.241772 0.223948 0.259963 0.248219 0.220108 0.247804 0.219728 0.193694 0.274273 0.316034 0.280339 
0.269378 0.170296 0.196798 0.206976 0.350422 0.389663 0.223905 0.157331 0.171262 0.184172 0.206684 0.188785 0.000000 0.158914 0.142905 0.162230 0.155744 0.315996 0.139547 0.303914 0.503917 0.430766 0.467603 0.503973 0.456071 0.409311 0.449353 0.507662 0.478047 0.487152 0.393987 0.381595 0.480626 0.450371 0.399357 0.301126 0.225863 0.279822 0.285497 0.248195 0.228776 0.186762 0.313327 0.306355 0.401830 0.315997 0.312472 0.243034 0.307487 0.264019 0.324396 0.440206 0.306934 0.588479 0.508127 0.582673 0.248457 0.493229 0.500273 0.275265 0.350044 0.451673 0.543300 0.297369 0.269135 0.224198 0.183208 0.172560 0.141162 0.149119 0.192974 0.378530 0.403390 0.379547 0.343398 0.415790 0.314674 0.298887 0.287217 0.311431 0.604916 0.235419 0.549404 0.324952 0.333504 0.323631 0.339406 0.316657 0.421196 0.329583 0.498194 0.312796 0.610431 0.293283 0.471515 0.218274 0.329909 0.240253 0.296209 0.269998 0.241370 0.267153 0.269926 0.297062 0.315260 0.352565 0.269454 0.367776 0.260857 0.234543 0.191564 0.208305 0.191643 0.128852 0.197875 0.186959 0.194274 0.183765 0.199020 0.245461 0.205607 0.216019 0.173305 0.256087 0.190608 0.198074 0.192497 0.158771 0.213332 0.239313 0.200749 0.262517 0.245909 0.189140 0.171186 0.170886 0.227346 0.345439 0.202706 0.344417 0.161469 0.310362 0.311737 0.342219 0.175891 0.425776 0.223251 0.245596 0.187593 0.410606 0.308144 0.211142 0.149245 0.191469 0.128959 0.245459 0.243907 0.177390 0.248524 0.220914 0.290692 0.261641 0.369786 0.181558 0.447226 0.361094 0.464397 0.432499 0.422239 0.399714 0.431410 0.441697 0.443196 0.240340 0.303000 0.310629 0.355251 0.292251 0.330491 0.314909 0.305204 0.326874 0.301866 0.174059 0.235261 0.226124 0.150719 0.218336 0.279298 0.260579 0.240290 0.232112 0.247972 0.281362 0.225016 0.217317 0.240183 0.227750 0.247209 0.209608 0.298671 0.229616 0.225965 0.263617 0.243670 0.156678 0.200130 0.212996 0.244076 0.224727 0.166336 0.188926 0.179232 0.244423 0.180874 0.224382 0.242286 0.188210 0.245441 0.309981 0.377889 0.243380 0.208024 0.289954 0.210706 0.222211 0.183938 0.297806 0.339065 0.294727 0.201481 0.259137 0.174168 0.233506 0.254431 0.229194 0.202037 0.167177 0.229539 0.229471 0.291591 0.266929 
0.256831 0.188253 0.227831 0.232942 0.363298 0.393255 0.165333 0.163125 0.161144 0.159528 0.175270 0.176770 0.158914 0.000000 0.179319 0.138183 0.111235 0.262793 0.176900 0.255384 0.495421 0.467072 0.460277 0.497023 0.453524 0.407537 0.450426 0.477667 0.468346 0.482555 0.382901 0.366955 0.471707 0.430434 0.388176 0.301339 0.252261 0.291066 0.299336 0.269994 0.251744 0.218217 0.276027 0.285279 0.378736 0.298486 0.296256 0.238577 0.240104 0.204472 0.347492 0.446365 0.322834 0.582643 0.517154 0.583254 0.265408 0.515359 0.501496 0.323612 0.359222 0.441470 0.530999 0.266311 0.283129 0.199720 0.182763 0.153048 0.179357 0.147076 0.209227 0.357516 0.377925 0.363716 0.340969 0.431013 0.305460 0.271390 0.275898 0.317990 0.555959 0.132668 0.525501 0.257811 0.306002 0.239175 0.266811 0.328885 0.402859 0.271156 0.484376 0.275806 0.595867 0.265461 0.428941 0.197159 0.329573 0.247245 0.285399 0.285834 0.257315 0.276437 0.287382 0.313067 0.306544 0.351005 0.299596 0.376936 0.262490 0.250960 0.221562 0.247637 0.204892 0.191968 0.208389 0.187269 0.202772 0.210002 0.191991 0.226288 0.207462 0.229192 0.182365 0.238016 0.216716 0.224420 0.195340 0.172271 0.230398 0.248791 0.194361 0.247774 0.236644 0.199678 0.213031 0.170138 0.216903 0.309538 0.211136 0.343375 0.201748 0.305651 0.289683 0.366497 0.264257 0.413538 0.211569 0.211346 0.215408 0.355156 0.306109 0.234183 0.178724 0.192469 0.162396 0.241277 0.261020 0.206420 0.299384 0.234957 0.300633 0.245360 0.347398 0.175030 0.445632 0.360106 0.458929 0.432779 0.421357 0.397167 0.430954 0.430303 0.447305 0.227868 0.274964 0.291780 0.339222 0.280622 0.299726 0.272907 0.292553 0.310260 0.326099 0.139062 0.187874 0.199464 0.168316 0.250065 0.280102 0.218217 0.207511 0.213135 0.229715 0.272898 0.228703 0.227241 0.231902 0.234157 0.220946 0.188020 0.266164 0.197571 0.217243 0.226484 0.194608 0.164601 0.202085 0.139958 0.175158 0.249294 0.190440 0.189826 0.182823 0.244542 0.152029 0.188444 0.242565 0.237914 0.244212 0.322246 0.332325 0.268199 0.277890 0.271172 0.219597 0.221557 0.162015 0.269614 0.289183 0.250690 0.213669 0.213726 0.178855 0.210253 0.182682 0.194049 0.166307 0.160274 0.247784 0.217511 0.281064 0.238410 
0.237993 0.199495 0.229151 0.221107 0.378562 0.401739 0.244084 0.208037 0.164552 0.224001 0.198362 0.114925 0.142905 0.179319 0.000000 0.145254 0.164770 0.357411 0.168461 0.324832 0.508360 0.434400 0.462585 0.509145 0.449884 0.397560 0.455751 0.474502 0.469585 0.487769 0.371395 0.374826 0.473539 0.443284 0.409091 0.318482 0.234376 0.317671 0.324894 0.276894 0.250622 0.235591 0.275563 0.313611 0.397334 0.343488 0.320509 0.260537 0.357114 0.279637 0.332609 0.451258 0.309069 0.595172 0.521182 0.574810 0.236242 0.499472 0.516235 0.298496 0.378650 0.481022 0.546296 0.364551 0.334001 0.269032 0.199297 0.130420 0.151361 0.186004 0.184321 0.388749 0.441475 0.402435 0.384764 0.450826 0.341622 0.336200 0.308672 0.312321 0.655104 0.252773 0.595951 0.343611 0.363679 0.344376 0.393212 0.346091 0.481570 0.331545 0.578723 0.352882 0.661758 0.319167 0.518211 0.254919 0.336721 0.263701 0.302359 0.264574 0.209339 0.291783 0.277806 0.314962 0.320216 0.357620 0.268037 0.357631 0.274617 0.280056 0.215682 0.230747 0.219716 0.164485 0.214665 0.221838 0.198052 0.201594 0.159148 0.265843 0.204130 0.255422 0.206068 0.288295 0.239268 0.165145 0.209212 0.195192 0.209049 0.273789 0.223326 0.291543 0.279584 0.202435 0.210495 0.199168 0.277878 0.367016 0.282574 0.366894 0.183928 0.331800 0.337843 0.388675 0.269364 0.455576 0.247216 0.233200 0.239194 0.472248 0.309459 0.250466 0.226384 0.215703 0.157756 0.328439 0.306631 0.203973 0.299226 0.245863 0.329982 0.277699 0.457250 0.252280 0.470790 0.405771 0.490139 0.461347 0.462026 0.430299 0.442935 0.484689 0.456175 0.310080 0.346418 0.344552 0.379544 0.339707 0.368109 0.346307 0.357504 0.370711 0.332879 0.220292 0.274437 0.224537 0.180743 0.262570 0.304795 0.304388 0.281180 0.267910 0.266594 0.299263 0.276104 0.252341 0.259875 0.260991 0.262647 0.282134 0.358720 0.294310 0.283221 0.324324 0.297275 0.226015 0.199086 0.242193 0.270041 0.276683 0.238815 0.249072 0.225464 0.215848 0.193694 0.173816 0.298827 0.267898 0.267754 0.376901 0.395278 0.274151 0.322708 0.312731 0.225586 0.230052 0.223652 0.320421 0.378749 0.339174 0.201499 0.274755 0.188628 0.297482 0.295288 0.260468 0.242191 0.190315 0.175094 0.257044 0.291215 0.274522 
0.263684 0.179022 0.203832 0.218629 0.376992 0.368611 0.216492 0.215639 0.094619 0.179263 0.174750 0.119062 0.162230 0.138183 0.145254 0.000000 0.139230 0.285881 0.183447 0.312961 0.526632 0.496010 0.517666 0.516065 0.511023 0.427096 0.473509 0.519831 0.504785 0.520263 0.448639 0.401015 0.502677 0.464687 0.439956 0.318691 0.288830 0.322186 0.317417 0.307723 0.270341 0.235733 0.310411 0.305585 0.424837 0.316123 0.330143 0.296812 0.300293 0.254328 0.394772 0.482645 0.359911 0.621146 0.538616 0.621432 0.305689 0.523643 0.533291 0.356284 0.387799 0.469946 0.575055 0.321793 0.280615 0.218898 0.217112 0.171562 0.135046 0.180332 0.177564 0.439485 0.453665 0.420551 0.409845 0.443605 0.359174 0.332679 0.336931 0.335002 0.564949 0.189437 0.562327 0.282249 0.330481 0.299000 0.305744 0.344643 0.426631 0.323652 0.522549 0.328932 0.584821 0.310929 0.477908 0.224242 0.349182 0.292518 0.327784 0.319048 0.266231 0.325124 0.311285 0.347983 0.344897 0.386433 0.334746 0.399684 0.315687 0.290703 0.216681 0.254361 0.219002 0.181213 0.234885 0.237326 0.216306 0.235552 0.186498 0.264439 0.222188 0.254117 0.212655 0.297837 0.266878 0.204837 0.232081 0.207741 0.238338 0.286695 0.223581 0.274814 0.282073 0.230716 0.255692 0.199559 0.270974 0.386435 0.262090 0.371049 0.206126 0.345999 0.320554 0.406559 0.275110 0.416553 0.242581 0.222104 0.210548 0.407192 0.290711 0.265090 0.188171 0.195114 0.159985 0.272620 0.279265 0.210967 0.322005 0.251398 0.332051 0.232963 0.399041 0.180957 0.478768 0.402861 0.491123 0.472846 0.459982 0.457506 0.461007 0.495216 0.512543 0.259814 0.298970 0.353390 0.388670 0.327361 0.366522 0.330163 0.333507 0.368070 0.379172 0.213794 0.252523 0.224290 0.212008 0.262311 0.329384 0.249717 0.236949 0.233013 0.239606 0.293471 0.237083 0.259341 0.295404 0.258655 0.258039 0.250673 0.291876 0.265623 0.254159 0.275420 0.247886 0.212576 0.201245 0.163334 0.195021 0.281458 0.215901 0.216607 0.194950 0.244921 0.167833 0.187691 0.247423 0.252931 0.223572 0.349800 0.373386 0.225666 0.279672 0.327941 0.234310 0.250617 0.236914 0.319835 0.329160 0.279994 0.219203 0.279287 0.228147 0.241189 0.210635 0.227467 0.223614 0.201630 0.235142 0.265205 0.331653 0.297177 
0.267642 0.177379 0.263447 0.250478 0.340209 0.370201 0.175020 0.127509 0.170425 0.170689 0.157602 0.189019 0.155744 0.111235 0.164770 0.139230 0.000000 0.286944 0.144170 0.255407 0.450549 0.408319 0.428732 0.442290 0.419972 0.335651 0.373863 0.441983 0.427109 0.428321 0.379953 0.343123 0.443396 0.411107 0.379649 0.266990 0.260677 0.259385 0.233696 0.274414 0.264027 0.200006 0.285907 0.262977 0.372878 0.263560 0.278534 0.237749 0.282674 0.226134 0.336265 0.459873 0.317446 0.581083 0.533133 0.597951 0.240428 0.507005 0.520980 0.298122 0.360312 0.435753 0.538425 0.314006 0.284172 0.204017 0.164646 0.166352 0.131206 0.166893 0.221565 0.388731 0.397809 0.384634 0.366161 0.395584 0.333793 0.267935 0.312230 0.317880 0.588506 0.131641 0.543054 0.250520 0.266498 0.226325 0.309617 0.259962 0.388608 0.283451 0.480181 0.247109 0.594443 0.240998 0.463402 0.124513 0.310128 0.242148 0.291989 0.262006 0.252756 0.245400 0.257207 0.313338 0.301692 0.352359 0.295776 0.373216 0.264217 0.233756 0.202049 0.235720 0.152414 0.198148 0.152803 0.171914 0.150014 0.202462 0.134640 0.203514 0.194940 0.207368 0.136995 0.205165 0.167228 0.189197 0.146180 0.151838 0.190308 0.183546 0.170791 0.210794 0.201961 0.153863 0.203112 0.131461 0.191789 0.328862 0.200357 0.367241 0.197320 0.322516 0.308262 0.382898 0.286134 0.397341 0.174113 0.223987 0.213612 0.385412 0.281873 0.239503 0.186982 0.163601 0.163654 0.245526 0.270396 0.208123 0.294227 0.232678 0.330242 0.248789 0.369557 0.168887 0.460682 0.360679 0.461013 0.447445 0.415670 0.405291 0.446157 0.459346 0.454870 0.241722 0.276282 0.320105 0.351534 0.279747 0.315563 0.281613 0.283029 0.333197 0.318051 0.144388 0.197635 0.217962 0.142985 0.218024 0.274270 0.226037 0.238327 0.211728 0.223256 0.253344 0.215214 0.223830 0.235602 0.241754 0.230307 0.221691 0.258577 0.213773 0.195370 0.215609 0.199931 0.171711 0.217656 0.158919 0.167477 0.283001 0.180457 0.178825 0.194869 0.236235 0.180716 0.216288 0.239811 0.261918 0.263745 0.288722 0.355057 0.265545 0.313460 0.268562 0.207410 0.210682 0.165401 0.253891 0.327677 0.238265 0.172386 0.251961 0.154843 0.206928 0.222210 0.196015 0.181373 0.121939 0.214774 0.163662 0.252023 0.212667 
0.384721 0.406719 0.350600 0.320637 0.326930 0.322358 0.208525 0.290757 0.311227 0.275218 0.318966 0.316003 0.315996 0.262793 0.357411 0.285881 0.286944 0.000000 0.258939 0.183338 0.380356 0.414165 0.355673 0.367492 0.352435 0.288571 0.380816 0.437714 0.352819 0.370757 0.356764 0.292484 0.355271 0.308363 0.288768 0.317736 0.331487 0.311634 0.302552 0.378720 0.351213 0.342261 0.294840 0.205553 0.241596 0.186657 0.198591 0.208777 0.220363 0.177674 0.306960 0.381075 0.267596 0.523212 0.438814 0.529767 0.308276 0.410285 0.427937 0.250227 0.250997 0.387253 0.443733 0.242334 0.284132 0.236680 0.311978 0.361837 0.358698 0.314489 0.365855 0.321578 0.321317 0.311521 0.281030 0.265729 0.245187 0.256264 0.257327 0.345790 0.510993 0.204609 0.435562 0.259811 0.194681 0.227011 0.262206 0.229325 0.309094 0.211758 0.404234 0.209211 0.501850 0.222962 0.347239 0.266789 0.357230 0.337160 0.338190 0.311227 0.394906 0.311212 0.306153 0.355835 0.357245 0.404311 0.374167 0.403355 0.331928 0.326024 0.320473 0.351858 0.334868 0.353891 0.318032 0.324950 0.357774 0.366667 0.363129 0.390021 0.358984 0.353971 0.340091 0.347808 0.348521 0.408180 0.315347 0.323255 0.421764 0.436171 0.369333 0.410675 0.344122 0.337021 0.344714 0.371443 0.369413 0.223579 0.216520 0.289717 0.328377 0.288130 0.408907 0.509515 0.355375 0.474831 0.236490 0.299366 0.303845 0.252615 0.501034 0.359664 0.273770 0.310015 0.363693 0.376509 0.387390 0.334724 0.420606 0.323927 0.400066 0.419662 0.316603 0.278794 0.375662 0.264429 0.366622 0.336711 0.310021 0.331005 0.336807 0.354012 0.372546 0.222075 0.287431 0.228700 0.254878 0.271126 0.244712 0.239580 0.203431 0.212101 0.256589 0.319534 0.335230 0.353571 0.306184 0.259802 0.304600 0.276802 0.282459 0.282565 0.339798 0.339304 0.336219 0.297504 0.274877 0.276901 0.272483 0.268759 0.349867 0.242841 0.279844 0.262665 0.266309 0.264199 0.383442 0.280594 0.265961 0.379592 0.318858 0.316605 0.280554 0.346493 0.359981 0.370321 0.363485 0.391572 0.411430 0.208086 0.274069 0.422077 0.389449 0.304183 0.336776 0.330157 0.254718 0.220672 0.215472 0.195887 0.341179 0.267947 0.313736 0.282762 0.259870 0.265583 0.294523 0.346221 0.368138 0.229742 0.208329 0.207979 
