240 240
0.000000 0.115042 0.087366 0.089902 0.141322 0.159999 0.149799 0.164978 0.172822 0.135121 0.129254 0.149187 0.252534 0.134738 0.227390 0.323768 0.315824 0.358789 0.295338 0.319019 0.283480 0.266138 0.267133 0.278562 0.294694 0.299850 0.270171 0.249029 0.322580 0.291380 0.257955 0.327070 0.154728 0.167173 0.175944 0.173283 0.216483 0.217474 0.185031 0.179241 0.199818 0.184196 0.126659 0.244960 0.216952 0.228454 0.174970 0.269218 0.205666 0.308791 0.284559 0.261524 0.313340 0.310364 0.166477 0.268782 0.284487 0.180974 0.294456 0.166157 0.276814 0.090513 0.103077 0.142335 0.161789 0.211804 0.239643 0.230294 0.153857 0.196798 0.240121 0.147451 0.124635 0.107036 0.423096 0.177265 0.403405 0.240665 0.256928 0.238175 0.269103 0.206778 0.469305 0.510973 0.249176 0.314899 0.329605 0.175004 0.146715 0.189150 0.173757 0.176872 0.168061 0.164704 0.178988 0.174772 0.162036 0.167070 0.153891 0.182880 0.185341 0.202834 0.180153 0.170186 0.200853 0.089876 0.104347 0.154781 0.101655 0.102031 0.101058 0.118160 0.168966 0.157405 0.169676 0.200221 0.169983 0.192767 0.155578 0.150126 0.183807 0.176337 0.206239 0.170250 0.191657 0.147662 0.188100 0.155084 0.184664 0.191207 0.181085 0.173110 0.160288 0.189015 0.201102 0.192281 0.174159 0.195687 0.154439 0.179008 0.209335 0.237300 0.178885 0.306179 0.262902 0.159974 0.166324 0.138661 0.179224 0.162568 0.291594 0.215167 0.235442 0.160396 0.139808 0.157698 0.130472 0.224683 0.140988 0.155680 0.225872 0.252934 0.162689 0.227893 0.193658 0.228640 0.218286 0.227990 0.228762 0.218034 0.161572 0.159143 0.123554 0.178493 0.156352 0.141987 0.093919 0.124834 0.107466 0.111571 0.201273 0.460002 0.154781 0.124659 0.150356 0.133679 0.142091 0.103071 0.137784 0.097454 0.158243 0.143137 0.113162 0.106534 0.099321 0.116787 0.123191 0.206322 0.118798 0.130086 0.125275 0.142483 0.168762 0.141019 0.132323 0.151386 0.131990 0.125474 0.155344 0.093119 0.130741 0.114749 0.114588 0.109922 0.224359 0.187814 0.234617 0.237903 0.170497 0.142097 0.205189 0.136869 0.172843 0.140267 0.096003 0.183141 0.218748 0.187021 0.134070 0.103182 0.116965 0.142585 0.161719 0.142979 0.108933 0.102722 0.191031 0.203818 0.190347 0.193600 
0.115042 0.000000 0.093191 0.110083 0.120034 0.111229 0.123839 0.150018 0.154706 0.110745 0.122455 0.125061 0.282572 0.164004 0.248104 0.348408 0.342231 0.380997 0.333966 0.342431 0.304633 0.280040 0.298909 0.305329 0.303313 0.331757 0.288206 0.277135 0.335559 0.312597 0.291799 0.348315 0.186302 0.162749 0.199224 0.185296 0.224739 0.215205 0.175972 0.128912 0.216742 0.212410 0.193919 0.289504 0.242167 0.254168 0.203581 0.291505 0.227448 0.343975 0.299718 0.296264 0.349240 0.313916 0.202127 0.287023 0.303735 0.194405 0.300679 0.225885 0.261719 0.125221 0.109361 0.085710 0.127621 0.261236 0.277906 0.253017 0.180232 0.222128 0.268066 0.204227 0.159389 0.177649 0.430947 0.165267 0.427305 0.228166 0.267546 0.238230 0.266821 0.229324 0.491991 0.532361 0.237451 0.318534 0.362393 0.174541 0.169615 0.218740 0.162116 0.216868 0.192440 0.203863 0.165259 0.192726 0.199966 0.214514 0.179552 0.195717 0.207759 0.226207 0.209872 0.169883 0.250346 0.133704 0.117996 0.176895 0.129096 0.093497 0.090818 0.110855 0.140050 0.129317 0.143392 0.179387 0.147487 0.149903 0.128311 0.168707 0.178432 0.146291 0.146156 0.159220 0.143479 0.133416 0.124197 0.152984 0.147132 0.159882 0.182747 0.151405 0.138937 0.160716 0.134090 0.171024 0.186026 0.206090 0.130283 0.210470 0.187506 0.203433 0.149467 0.315869 0.243394 0.130178 0.172128 0.171254 0.158837 0.138116 0.298728 0.170579 0.162545 0.139213 0.116169 0.119225 0.080725 0.190472 0.143516 0.158706 0.154851 0.255122 0.143823 0.285909 0.234437 0.267306 0.277915 0.276710 0.266423 0.285861 0.210937 0.162779 0.159228 0.180590 0.206376 0.192580 0.085198 0.122804 0.112560 0.131173 0.148197 0.456025 0.165589 0.120695 0.190584 0.126171 0.157711 0.113488 0.115529 0.102306 0.113840 0.109542 0.129829 0.135058 0.129375 0.146682 0.141730 0.201601 0.154183 0.133353 0.153584 0.155088 0.104272 0.109001 0.096768 0.122943 0.090484 0.114365 0.135789 0.072832 0.125780 0.081732 0.094644 0.095953 0.200888 0.208566 0.230552 0.239295 0.195096 0.146455 0.223832 0.108838 0.139354 0.183805 0.101639 0.193220 0.223121 0.189184 0.132792 0.154900 0.099267 0.124061 0.145503 0.136916 0.114909 0.089827 0.132809 0.183575 0.192988 0.206886 
0.087366 0.093191 0.000000 0.068218 0.135933 0.148703 0.152761 0.132766 0.135624 0.120152 0.139954 0.136805 0.263471 0.145747 0.224170 0.340931 0.334967 0.377301 0.315588 0.337022 0.303255 0.286978 0.286523 0.300472 0.317787 0.318515 0.299111 0.267578 0.339635 0.308285 0.275073 0.343869 0.162634 0.174294 0.195227 0.173486 0.201118 0.204572 0.156619 0.161329 0.224037 0.202368 0.168838 0.272428 0.238608 0.260052 0.195972 0.287897 0.225017 0.302255 0.288879 0.264891 0.337851 0.309391 0.181954 0.271019 0.293321 0.197877 0.291559 0.200201 0.280686 0.102897 0.115188 0.116823 0.091990 0.259410 0.263159 0.246280 0.177548 0.202834 0.258119 0.182612 0.155635 0.146727 0.442547 0.186868 0.434942 0.254347 0.252737 0.241580 0.275519 0.209458 0.486346 0.532055 0.263179 0.321999 0.359681 0.177123 0.169948 0.188005 0.173640 0.192672 0.161718 0.177463 0.194042 0.182238 0.172531 0.178739 0.165580 0.179328 0.182750 0.193614 0.176600 0.190756 0.216203 0.106539 0.117043 0.152692 0.105074 0.087743 0.107822 0.126620 0.168715 0.139713 0.184803 0.215789 0.175213 0.189169 0.157129 0.171332 0.186050 0.162947 0.189737 0.182325 0.193965 0.145435 0.190334 0.171534 0.193758 0.196110 0.201193 0.189998 0.178187 0.177401 0.179716 0.197076 0.157804 0.178982 0.147718 0.166938 0.176867 0.208674 0.127107 0.321240 0.233350 0.140291 0.168047 0.137040 0.154412 0.125365 0.277931 0.189678 0.222804 0.138915 0.118228 0.128580 0.100640 0.182405 0.127652 0.126687 0.211666 0.229153 0.139064 0.269402 0.219882 0.239438 0.253628 0.256949 0.260327 0.258274 0.201868 0.177342 0.144120 0.190653 0.180516 0.164043 0.114189 0.144846 0.131524 0.160667 0.169111 0.448018 0.165424 0.126348 0.146142 0.147787 0.172718 0.107161 0.142300 0.097794 0.168815 0.153088 0.114350 0.125369 0.099742 0.127362 0.123314 0.199932 0.136736 0.126571 0.131966 0.170365 0.177004 0.125535 0.103653 0.161761 0.106801 0.093080 0.154787 0.083642 0.142968 0.109713 0.091914 0.115785 0.197102 0.188086 0.216106 0.238983 0.171787 0.130753 0.202228 0.098713 0.124270 0.155720 0.086580 0.182736 0.223606 0.189053 0.150735 0.150657 0.126967 0.140689 0.156815 0.134173 0.102543 0.103709 0.180744 0.160414 0.185943 0.188591 
0.089902 0.110083 0.068218 0.000000 0.149392 0.147525 0.166845 0.161401 0.160713 0.129266 0.150831 0.135674 0.237219 0.123724 0.209276 0.316591 0.310547 0.353097 0.291455 0.318292 0.275403 0.262543 0.262132 0.276360 0.287290 0.296026 0.270539 0.242413 0.315496 0.284372 0.250614 0.319717 0.147225 0.156842 0.178804 0.148742 0.196993 0.204877 0.177951 0.171871 0.202973 0.181304 0.160405 0.257057 0.216768 0.228815 0.173565 0.250845 0.199171 0.290539 0.270523 0.240991 0.318786 0.287858 0.153481 0.240020 0.256600 0.167832 0.254775 0.188211 0.269334 0.104508 0.112446 0.122307 0.124230 0.240914 0.247424 0.238283 0.163185 0.197611 0.237536 0.168298 0.163135 0.134463 0.415373 0.190656 0.423776 0.238761 0.254127 0.244822 0.253461 0.212605 0.470435 0.523486 0.259032 0.319361 0.341703 0.175205 0.146227 0.174290 0.160450 0.176556 0.160936 0.148095 0.170114 0.172483 0.148512 0.158139 0.146758 0.172953 0.172487 0.186921 0.180203 0.162605 0.194215 0.116112 0.124255 0.149984 0.114986 0.100672 0.105580 0.121356 0.174917 0.156624 0.174574 0.210221 0.175386 0.197907 0.164067 0.176211 0.191493 0.172930 0.199357 0.173746 0.193020 0.153321 0.192456 0.161135 0.186835 0.207352 0.193887 0.178252 0.164495 0.186964 0.193918 0.197927 0.168131 0.157687 0.146213 0.170613 0.198831 0.226129 0.150437 0.300273 0.262078 0.144364 0.158170 0.122133 0.171001 0.152547 0.284809 0.210960 0.240437 0.147562 0.133228 0.150007 0.124620 0.204973 0.126833 0.141074 0.230876 0.229769 0.162011 0.262428 0.200820 0.239904 0.246859 0.241152 0.243721 0.248122 0.188566 0.171608 0.143480 0.176069 0.173610 0.154952 0.114939 0.146345 0.106270 0.162312 0.200623 0.472942 0.160778 0.118324 0.165820 0.141033 0.162764 0.111125 0.126873 0.101191 0.160209 0.141647 0.111986 0.113144 0.105383 0.127881 0.143095 0.214367 0.136054 0.135663 0.150154 0.169901 0.173779 0.124539 0.130223 0.158229 0.130108 0.113770 0.145422 0.113347 0.150268 0.110967 0.126848 0.129565 0.213878 0.196958 0.214095 0.225123 0.185689 0.151292 0.221475 0.143080 0.151135 0.164480 0.087821 0.178268 0.209063 0.188080 0.136984 0.140746 0.119701 0.135676 0.178362 0.153752 0.115797 0.110225 0.181548 0.184036 0.182147 0.186536 
0.141322 0.120034 0.135933 0.149392 0.000000 0.113574 0.041460 0.089865 0.095777 0.106400 0.098698 0.116755 0.190431 0.136064 0.175066 0.300941 0.293181 0.336995 0.281007 0.291104 0.278229 0.247621 0.254860 0.246241 0.267095 0.280349 0.266339 0.227704 0.292309 0.263927 0.241984 0.295735 0.134962 0.127084 0.143391 0.134026 0.165215 0.157735 0.139084 0.110156 0.201043 0.141081 0.145743 0.222608 0.158740 0.173953 0.156830 0.317389 0.225869 0.391319 0.301522 0.348610 0.400685 0.361751 0.154737 0.343919 0.357918 0.204967 0.355823 0.214324 0.295527 0.121752 0.121115 0.111923 0.123837 0.272264 0.252878 0.277955 0.221879 0.263143 0.242275 0.216392 0.179994 0.189632 0.422939 0.098089 0.387921 0.200120 0.177054 0.236992 0.182363 0.174487 0.451406 0.485479 0.200197 0.258964 0.320912 0.099183 0.133671 0.168651 0.150496 0.164450 0.142916 0.157705 0.164296 0.151193 0.155913 0.157155 0.135163 0.151631 0.162074 0.171647 0.151927 0.152125 0.194669 0.165057 0.145978 0.145143 0.145038 0.132240 0.130699 0.131109 0.087072 0.098232 0.110797 0.122417 0.109876 0.113326 0.079865 0.106605 0.116521 0.111405 0.125238 0.102515 0.114187 0.085448 0.122110 0.102752 0.111781 0.121836 0.128356 0.110666 0.099911 0.117156 0.099727 0.113423 0.140354 0.235661 0.095948 0.198561 0.144252 0.183856 0.165584 0.293375 0.194974 0.082548 0.103589 0.112831 0.151120 0.125819 0.251491 0.153599 0.153788 0.117909 0.095732 0.085139 0.107833 0.159790 0.115944 0.149187 0.150454 0.239715 0.119764 0.301570 0.240578 0.290434 0.290435 0.283641 0.282533 0.297232 0.213444 0.194982 0.178056 0.184412 0.201122 0.221169 0.109311 0.166767 0.125438 0.157061 0.210321 0.512551 0.169065 0.123433 0.191038 0.173864 0.157715 0.147729 0.147154 0.144752 0.089469 0.172622 0.143897 0.156179 0.156879 0.144697 0.167249 0.208545 0.162008 0.155018 0.163492 0.150606 0.117644 0.083617 0.103710 0.112395 0.094126 0.106324 0.183454 0.117215 0.157907 0.137537 0.100915 0.105933 0.185803 0.171718 0.189828 0.247283 0.187399 0.156413 0.171480 0.156317 0.185350 0.149935 0.132472 0.161569 0.227511 0.150388 0.156640 0.148788 0.136256 0.114706 0.104518 0.148128 0.092692 0.117034 0.112304 0.129447 0.125682 0.128898 
0.159999 0.111229 0.148703 0.147525 0.113574 0.000000 0.129415 0.171052 0.164814 0.108400 0.101519 0.109197 0.221813 0.137344 0.221859 0.345611 0.339275 0.378541 0.334668 0.349231 0.301738 0.286797 0.299666 0.294355 0.312152 0.329458 0.289415 0.276690 0.336083 0.311241 0.287440 0.344280 0.189327 0.161223 0.205079 0.180056 0.228386 0.227293 0.197660 0.130729 0.194635 0.192643 0.180877 0.260340 0.208786 0.215898 0.171335 0.304968 0.215094 0.393981 0.327030 0.338070 0.389425 0.345022 0.200086 0.322019 0.337215 0.213395 0.329491 0.219034 0.289352 0.154681 0.126374 0.090236 0.130008 0.271403 0.269659 0.293656 0.214684 0.260959 0.277238 0.219181 0.206074 0.196939 0.393610 0.132769 0.371196 0.218340 0.226080 0.223922 0.248623 0.213486 0.451411 0.512712 0.206453 0.272778 0.320733 0.165795 0.172717 0.231623 0.179477 0.220485 0.206424 0.208786 0.155993 0.207318 0.201803 0.218556 0.183930 0.207387 0.219143 0.238110 0.225583 0.172724 0.250667 0.185688 0.159228 0.190889 0.173229 0.145131 0.145712 0.158835 0.155932 0.150700 0.137625 0.179930 0.160489 0.179193 0.150505 0.173440 0.195493 0.172263 0.159576 0.164198 0.167100 0.150274 0.140298 0.157678 0.159617 0.188843 0.193568 0.153117 0.155461 0.167642 0.149515 0.180695 0.172746 0.245679 0.137912 0.223677 0.213412 0.219812 0.171809 0.323548 0.279369 0.155936 0.176559 0.179449 0.153231 0.159216 0.272722 0.204821 0.184497 0.166489 0.135915 0.144144 0.089432 0.169596 0.166272 0.208617 0.127389 0.256036 0.134906 0.301681 0.253509 0.295779 0.292674 0.289998 0.288584 0.312252 0.233326 0.191653 0.202793 0.201619 0.220245 0.235056 0.138739 0.164624 0.126474 0.182383 0.223141 0.515264 0.184979 0.147511 0.207618 0.150787 0.144807 0.163716 0.126360 0.122537 0.109173 0.129248 0.176328 0.155641 0.138949 0.168449 0.171427 0.192611 0.181390 0.162121 0.174452 0.155458 0.130588 0.130731 0.138578 0.102721 0.125234 0.138267 0.168980 0.114135 0.123960 0.108998 0.137803 0.145116 0.172137 0.172152 0.226876 0.228310 0.183163 0.150798 0.196126 0.171526 0.171500 0.178415 0.147970 0.186843 0.212016 0.156825 0.140503 0.172971 0.132241 0.131404 0.156411 0.131207 0.147534 0.143738 0.127033 0.189541 0.185100 0.204495 
0.149799 0.123839 0.152761 0.166845 0.041460 0.129415 0.000000 0.086645 0.102732 0.121329 0.115795 0.116194 0.210163 0.138678 0.172791 0.295372 0.291769 0.335928 0.286420 0.293486 0.276247 0.249108 0.263477 0.239771 0.266123 0.279300 0.275975 0.242531 0.298833 0.274878 0.252287 0.302501 0.145658 0.141508 0.150158 0.148396 0.168877 0.159620 0.147652 0.117904 0.219700 0.160526 0.155278 0.237924 0.175378 0.187356 0.174763 0.329481 0.242616 0.398503 0.313234 0.362437 0.416078 0.376888 0.161669 0.351509 0.374041 0.217602 0.371642 0.224887 0.321694 0.136893 0.138549 0.109125 0.135953 0.290420 0.267292 0.297809 0.237165 0.282757 0.256527 0.233353 0.187414 0.204081 0.441435 0.106937 0.401278 0.204375 0.187384 0.258046 0.197143 0.189753 0.472710 0.495496 0.204976 0.259775 0.331999 0.093326 0.144649 0.159139 0.160071 0.173235 0.153468 0.158990 0.172825 0.151244 0.157242 0.167827 0.148576 0.157500 0.169390 0.181921 0.166591 0.159068 0.195920 0.159643 0.159541 0.168191 0.157424 0.137652 0.132636 0.134530 0.096432 0.104174 0.113049 0.127367 0.113505 0.123848 0.093108 0.110827 0.127134 0.121318 0.131385 0.117091 0.125715 0.101943 0.118274 0.114682 0.117169 0.119865 0.140957 0.125638 0.118655 0.134825 0.107325 0.123313 0.152255 0.245503 0.101538 0.209442 0.145911 0.193158 0.182289 0.308222 0.192134 0.093654 0.101002 0.114537 0.153760 0.143464 0.261314 0.160886 0.147430 0.129155 0.113405 0.088247 0.120806 0.176000 0.115452 0.155220 0.147181 0.260722 0.136191 0.320347 0.259849 0.305959 0.311076 0.292681 0.301979 0.314065 0.228264 0.219768 0.194972 0.208003 0.221475 0.233712 0.121952 0.164883 0.139350 0.154210 0.220593 0.503640 0.165974 0.135264 0.189549 0.194760 0.182806 0.163569 0.169978 0.159874 0.101746 0.185901 0.149130 0.177557 0.177638 0.156382 0.186421 0.232574 0.183625 0.176028 0.176342 0.157659 0.117714 0.108698 0.096116 0.120214 0.102779 0.125313 0.186436 0.131380 0.167714 0.146946 0.111663 0.106926 0.214523 0.197493 0.204084 0.270856 0.222883 0.191913 0.205492 0.151021 0.201785 0.149582 0.150068 0.174503 0.253825 0.173522 0.154915 0.163874 0.142640 0.130400 0.115542 0.175867 0.103462 0.133635 0.099367 0.135525 0.126477 0.135637 
0.164978 0.150018 0.132766 0.161401 0.089865 0.171052 0.086645 0.000000 0.057901 0.127009 0.143467 0.139108 0.227925 0.132252 0.172506 0.263963 0.252297 0.305092 0.246806 0.255363 0.250021 0.219840 0.226533 0.227075 0.241394 0.242340 0.252312 0.190824 0.257792 0.223766 0.197903 0.253445 0.089372 0.094690 0.116930 0.100338 0.115851 0.111767 0.073956 0.084054 0.216338 0.151414 0.145048 0.218701 0.164376 0.192859 0.152103 0.312349 0.228184 0.370143 0.285556 0.336751 0.408315 0.363848 0.127294 0.326371 0.349054 0.205718 0.364684 0.215667 0.314661 0.150019 0.158409 0.130465 0.130620 0.278699 0.259298 0.270729 0.212383 0.258690 0.256657 0.214744 0.176423 0.197597 0.469771 0.139278 0.438468 0.234791 0.209212 0.269570 0.201061 0.178989 0.495301 0.512458 0.232342 0.278215 0.349657 0.085628 0.124035 0.133834 0.138496 0.129516 0.109227 0.119733 0.158588 0.117795 0.105505 0.112790 0.096657 0.097264 0.107123 0.119595 0.108746 0.142861 0.148765 0.165424 0.149874 0.183699 0.144331 0.109188 0.133902 0.151801 0.093241 0.097578 0.106398 0.133893 0.083419 0.100944 0.079127 0.103054 0.102888 0.079703 0.113493 0.121759 0.107241 0.090090 0.101403 0.089069 0.104238 0.110807 0.117117 0.109932 0.109266 0.098425 0.107631 0.114041 0.128088 0.238695 0.075721 0.190286 0.096071 0.156192 0.155337 0.321590 0.151152 0.072864 0.085288 0.085617 0.153838 0.110084 0.260028 0.113089 0.153242 0.096539 0.098680 0.050738 0.135483 0.149087 0.087814 0.124240 0.173833 0.253026 0.152592 0.308496 0.234025 0.286372 0.291008 0.269555 0.274409 0.290746 0.228121 0.216374 0.177631 0.199422 0.205130 0.202843 0.135021 0.182434 0.145805 0.185054 0.221802 0.518958 0.181961 0.130886 0.180555 0.197058 0.198184 0.144925 0.187281 0.163017 0.124075 0.197018 0.158510 0.188014 0.171041 0.176333 0.178226 0.221784 0.173015 0.165532 0.157330 0.193026 0.173887 0.137721 0.131783 0.169693 0.107322 0.116276 0.218096 0.156038 0.200743 0.175743 0.136760 0.125139 0.199798 0.204910 0.195523 0.283801 0.227529 0.186687 0.213976 0.162613 0.177651 0.167577 0.148874 0.177310 0.257153 0.171517 0.181016 0.190667 0.169026 0.136829 0.151355 0.192093 0.109532 0.131315 0.104880 0.103750 0.106803 0.131252 
0.172822 0.154706 0.135624 0.160713 0.095777 0.164814 0.102732 0.057901 0.000000 0.119926 0.128360 0.133434 0.219175 0.131673 0.170509 0.286019 0.276719 0.329642 0.261416 0.282915 0.260747 0.244591 0.234089 0.246459 0.264545 0.262096 0.263120 0.220231 0.286698 0.256848 0.222956 0.287538 0.103064 0.086974 0.147437 0.100458 0.139251 0.142993 0.071369 0.078153 0.203175 0.170584 0.149868 0.237352 0.178399 0.201639 0.154528 0.313835 0.212310 0.372533 0.295644 0.342361 0.415573 0.364870 0.137057 0.330127 0.356524 0.213937 0.351720 0.233214 0.308571 0.149953 0.148135 0.147329 0.102717 0.289587 0.277568 0.290559 0.227235 0.267743 0.287152 0.227081 0.201710 0.206534 0.471645 0.146462 0.439919 0.242391 0.227006 0.270922 0.211267 0.186695 0.505172 0.530299 0.240443 0.301188 0.356686 0.107344 0.123413 0.144035 0.126013 0.142777 0.105759 0.129532 0.141752 0.135063 0.112881 0.120924 0.119185 0.115525 0.121127 0.129373 0.118151 0.130255 0.157248 0.173292 0.157673 0.198376 0.147164 0.112931 0.148795 0.168119 0.110052 0.084833 0.127837 0.150740 0.102938 0.124006 0.103461 0.118210 0.135158 0.109727 0.132220 0.127800 0.128674 0.099564 0.120027 0.113909 0.125308 0.134872 0.150525 0.132104 0.124483 0.120639 0.117618 0.135431 0.140261 0.236356 0.057358 0.189306 0.076776 0.116136 0.122739 0.344773 0.153432 0.093993 0.115468 0.090734 0.144877 0.104811 0.250780 0.104896 0.154276 0.076169 0.104756 0.065803 0.113105 0.101734 0.074881 0.102974 0.160289 0.245636 0.145140 0.319795 0.256029 0.304097 0.300421 0.290598 0.296771 0.310521 0.247813 0.216504 0.199845 0.212254 0.222095 0.209376 0.145154 0.187889 0.147052 0.199065 0.199063 0.528867 0.199157 0.148095 0.192227 0.205130 0.207060 0.161554 0.183121 0.167311 0.130860 0.195425 0.168341 0.189402 0.167628 0.192561 0.180458 0.208071 0.188351 0.172736 0.173045 0.203389 0.183253 0.146120 0.109835 0.171394 0.108958 0.099655 0.216192 0.155359 0.197268 0.157289 0.122540 0.139511 0.172832 0.172678 0.207701 0.266517 0.217434 0.171435 0.201464 0.166386 0.157726 0.166398 0.145020 0.165123 0.257080 0.179290 0.175949 0.202316 0.179936 0.133959 0.153004 0.178744 0.131130 0.144290 0.101091 0.055228 0.108799 0.125825 
0.135121 0.110745 0.120152 0.129266 0.106400 0.108400 0.121329 0.127009 0.119926 0.000000 0.105797 0.081317 0.219818 0.079029 0.196898 0.311148 0.300524 0.346712 0.287490 0.314265 0.259440 0.253618 0.249830 0.265713 0.277768 0.293364 0.254030 0.247671 0.309829 0.286438 0.247350 0.315912 0.132865 0.125983 0.173207 0.136011 0.163654 0.163362 0.146521 0.108121 0.199186 0.187998 0.145644 0.246235 0.192619 0.196613 0.150389 0.276228 0.187383 0.361283 0.288738 0.314125 0.368347 0.330757 0.145414 0.302261 0.320154 0.169542 0.306942 0.206836 0.283380 0.115299 0.108814 0.089273 0.123293 0.246679 0.240899 0.255848 0.191816 0.238568 0.255673 0.193068 0.179182 0.172718 0.412284 0.146628 0.371030 0.210514 0.211768 0.234284 0.199055 0.207160 0.472029 0.516842 0.195118 0.278852 0.312471 0.124958 0.142120 0.194372 0.149537 0.166224 0.173565 0.158450 0.149808 0.159985 0.154719 0.168989 0.139858 0.165180 0.182529 0.199537 0.181343 0.152872 0.210730 0.147250 0.123562 0.168398 0.134185 0.113975 0.114523 0.123409 0.114700 0.112710 0.116508 0.144100 0.118862 0.123770 0.099786 0.123027 0.149203 0.116178 0.115088 0.114365 0.126978 0.094512 0.109068 0.109412 0.119629 0.152160 0.147643 0.118531 0.117300 0.137655 0.102633 0.133325 0.124704 0.218112 0.100950 0.191240 0.180508 0.197416 0.111699 0.295969 0.253150 0.108354 0.130591 0.143080 0.153252 0.113163 0.265234 0.184706 0.187380 0.131469 0.091462 0.112624 0.081336 0.145926 0.129152 0.168366 0.159231 0.234462 0.118888 0.279366 0.224534 0.283197 0.266814 0.263604 0.253420 0.277115 0.221719 0.187026 0.195907 0.194648 0.202092 0.179230 0.113108 0.138435 0.097498 0.168744 0.199109 0.498145 0.131122 0.126456 0.163526 0.163107 0.155003 0.144075 0.153109 0.122812 0.093791 0.146955 0.140577 0.140693 0.143564 0.157006 0.134489 0.180879 0.141811 0.138260 0.159986 0.147918 0.146173 0.107891 0.122506 0.135075 0.104060 0.113342 0.150742 0.110708 0.132414 0.111722 0.129870 0.140880 0.153809 0.167292 0.192314 0.247102 0.193011 0.140340 0.194741 0.148978 0.135829 0.166683 0.128219 0.185081 0.220577 0.180839 0.113479 0.168322 0.116531 0.101042 0.144392 0.168347 0.140794 0.133471 0.123145 0.135793 0.138174 0.163250 
0.129254 0.122455 0.139954 0.150831 0.098698 0.101519 0.115795 0.143467 0.128360 0.105797 0.000000 0.121158 0.197262 0.121613 0.174001 0.321757 0.312900 0.354381 0.299522 0.325328 0.278381 0.268008 0.268158 0.272480 0.292990 0.303018 0.260062 0.247836 0.314465 0.285845 0.255522 0.319263 0.162936 0.147639 0.185726 0.160140 0.186386 0.189107 0.169960 0.135305 0.179049 0.185431 0.134947 0.242480 0.196695 0.200826 0.152355 0.285444 0.210327 0.363841 0.285818 0.326212 0.371979 0.336299 0.175963 0.327467 0.324428 0.213738 0.325693 0.219245 0.284139 0.115475 0.120300 0.120510 0.133866 0.232269 0.258291 0.238755 0.189028 0.231121 0.279655 0.186892 0.161976 0.164436 0.368015 0.090458 0.350857 0.167978 0.201885 0.175653 0.225936 0.168596 0.417554 0.456246 0.181077 0.271314 0.282013 0.129276 0.149672 0.205545 0.156938 0.192352 0.175081 0.182867 0.164320 0.176654 0.181066 0.192275 0.159258 0.176461 0.187803 0.209315 0.190970 0.155517 0.229011 0.156984 0.127664 0.167983 0.157561 0.143514 0.135107 0.142337 0.139098 0.134502 0.135976 0.153846 0.142957 0.146905 0.125060 0.137083 0.156222 0.144902 0.149483 0.137121 0.134439 0.120802 0.147314 0.129906 0.137356 0.160845 0.160042 0.139610 0.130026 0.146767 0.120801 0.144626 0.138955 0.213966 0.130673 0.187335 0.175802 0.210120 0.162399 0.294430 0.253607 0.120919 0.139599 0.153282 0.140312 0.134040 0.226136 0.187181 0.187616 0.147591 0.113563 0.127806 0.104673 0.160373 0.146785 0.181939 0.153428 0.217132 0.117791 0.280820 0.229903 0.286124 0.270145 0.268776 0.252196 0.270189 0.213585 0.175236 0.164949 0.191421 0.191737 0.206771 0.090725 0.132911 0.115920 0.138202 0.236264 0.529574 0.165940 0.112586 0.173204 0.136181 0.126413 0.143229 0.145780 0.117176 0.132298 0.143730 0.143120 0.150158 0.113679 0.138653 0.117051 0.158516 0.119600 0.138422 0.135515 0.124936 0.164746 0.112468 0.134798 0.094455 0.120962 0.118434 0.164652 0.094113 0.113782 0.100192 0.136412 0.144482 0.181383 0.145013 0.208221 0.210908 0.156566 0.126091 0.159350 0.170871 0.169478 0.162888 0.145800 0.174866 0.183408 0.159222 0.146223 0.131133 0.156841 0.121492 0.134933 0.117522 0.119441 0.105988 0.137452 0.160837 0.148538 0.161555 
0.149187 0.125061 0.136805 0.135674 0.116755 0.109197 0.116194 0.139108 0.133434 0.081317 0.121158 0.000000 0.239707 0.097955 0.207369 0.308897 0.287502 0.333508 0.279542 0.317209 0.258739 0.240356 0.251905 0.262075 0.276759 0.283543 0.238714 0.241780 0.301386 0.277995 0.250395 0.307171 0.132761 0.132658 0.180370 0.138912 0.185166 0.185176 0.162186 0.133906 0.172899 0.188562 0.151314 0.240385 0.208059 0.197929 0.158388 0.281293 0.188103 0.363962 0.297032 0.320841 0.361963 0.350460 0.136796 0.304648 0.328192 0.182158 0.308035 0.222096 0.300794 0.132079 0.120236 0.089916 0.114332 0.248830 0.253264 0.276800 0.207949 0.250375 0.275278 0.206328 0.197533 0.182164 0.440166 0.159086 0.395678 0.222501 0.225832 0.265213 0.214503 0.203225 0.505094 0.536864 0.210530 0.308291 0.335611 0.144564 0.135655 0.195248 0.158131 0.180475 0.173856 0.150705 0.128865 0.169731 0.157192 0.178117 0.152832 0.168247 0.182076 0.199773 0.186181 0.130945 0.200510 0.155400 0.152781 0.180331 0.161539 0.124463 0.129230 0.130232 0.115900 0.117669 0.096595 0.161186 0.120142 0.153824 0.118973 0.136691 0.168133 0.141398 0.106053 0.124351 0.146124 0.115828 0.130963 0.132439 0.136109 0.168333 0.167750 0.124897 0.126839 0.152811 0.125401 0.164357 0.169123 0.226375 0.108720 0.199373 0.193722 0.217568 0.160352 0.309458 0.266739 0.123115 0.139910 0.142591 0.145178 0.138276 0.297311 0.204961 0.187174 0.149702 0.132604 0.122882 0.099628 0.182397 0.140798 0.189937 0.171839 0.283001 0.158487 0.293694 0.251315 0.298311 0.284779 0.287966 0.271219 0.302659 0.233893 0.215489 0.211870 0.224657 0.227357 0.197761 0.137272 0.143505 0.111963 0.180356 0.222255 0.490747 0.155319 0.163790 0.176756 0.189124 0.193551 0.159993 0.162392 0.143647 0.137109 0.172390 0.150692 0.160481 0.158794 0.163342 0.178073 0.218010 0.182573 0.174810 0.196830 0.184495 0.128544 0.144045 0.124775 0.156415 0.144416 0.139302 0.131256 0.121351 0.113276 0.110831 0.150353 0.171880 0.207396 0.198209 0.227180 0.257235 0.232929 0.181786 0.237635 0.166284 0.195134 0.179053 0.136548 0.197070 0.241922 0.205554 0.118383 0.175215 0.090258 0.109469 0.181022 0.191906 0.155882 0.152947 0.112804 0.167233 0.153301 0.163973 
0.252534 0.282572 0.263471 0.237219 0.190431 0.221813 0.210163 0.227925 0.219175 0.219818 0.197262 0.239707 0.000000 0.188620 0.117022 0.282065 0.256972 0.305254 0.251894 0.296021 0.245765 0.235111 0.243213 0.203184 0.279790 0.266176 0.236671 0.222445 0.266009 0.248182 0.230109 0.260868 0.220041 0.217856 0.228092 0.228888 0.242447 0.241982 0.258851 0.245352 0.211494 0.160655 0.189471 0.194765 0.156788 0.125255 0.174382 0.264459 0.193217 0.357403 0.256120 0.301407 0.365804 0.307624 0.213485 0.286098 0.304091 0.167684 0.309956 0.191573 0.260896 0.205749 0.221197 0.252808 0.259173 0.238055 0.213925 0.250508 0.211827 0.227418 0.198368 0.185820 0.224770 0.203545 0.379955 0.147506 0.280979 0.174968 0.119628 0.207957 0.140774 0.141785 0.396929 0.356983 0.144890 0.185774 0.246814 0.185566 0.209456 0.242527 0.226367 0.213264 0.240119 0.214424 0.250269 0.213832 0.221119 0.242660 0.216556 0.223059 0.247816 0.264286 0.258111 0.227201 0.264913 0.241051 0.229560 0.178606 0.243582 0.235597 0.251128 0.233230 0.249830 0.240666 0.245415 0.268263 0.249120 0.270410 0.243131 0.242705 0.253712 0.247590 0.271089 0.228668 0.261118 0.231242 0.267200 0.234467 0.255249 0.281948 0.249755 0.239032 0.215984 0.257881 0.254237 0.261491 0.175631 0.206058 0.218886 0.216751 0.276269 0.314690 0.243085 0.243161 0.338496 0.215351 0.182606 0.212041 0.216613 0.227467 0.183649 0.297733 0.319845 0.241817 0.203475 0.229315 0.242506 0.240271 0.227048 0.278326 0.291457 0.237710 0.208103 0.271032 0.217808 0.262205 0.261585 0.244566 0.253804 0.259694 0.211898 0.216807 0.216014 0.189346 0.204212 0.224500 0.236465 0.269103 0.217882 0.257220 0.372932 0.655211 0.205411 0.204219 0.230247 0.211420 0.186334 0.231992 0.235876 0.236818 0.213640 0.240308 0.218713 0.201567 0.213318 0.217591 0.219639 0.246703 0.211754 0.222386 0.223767 0.207713 0.263228 0.186365 0.259147 0.208176 0.234909 0.198042 0.234027 0.262368 0.270642 0.246833 0.260257 0.251917 0.239517 0.197861 0.137392 0.157861 0.180620 0.191091 0.203104 0.295636 0.271002 0.212035 0.229088 0.142476 0.150034 0.157040 0.246080 0.215288 0.284758 0.235837 0.196213 0.206096 0.206936 0.224619 0.250837 0.242978 0.166222 0.135766 
0.134738 0.164004 0.145747 0.123724 0.136064 0.137344 0.138678 0.132252 0.131673 0.079029 0.121613 0.097955 0.188620 0.000000 0.163113 0.256126 0.254632 0.295600 0.242428 0.257128 0.212172 0.208159 0.214002 0.217118 0.230978 0.236200 0.227477 0.216869 0.269918 0.249464 0.210092 0.267724 0.115954 0.138215 0.148225 0.140684 0.129972 0.128872 0.164841 0.138677 0.156795 0.141543 0.115836 0.208206 0.145959 0.148614 0.129621 0.237595 0.159419 0.308634 0.245143 0.274497 0.326356 0.288931 0.121039 0.253521 0.285927 0.142027 0.277982 0.172630 0.259878 0.100839 0.096487 0.117736 0.143050 0.222154 0.205430 0.231205 0.164294 0.214346 0.224554 0.159678 0.165283 0.142190 0.392825 0.135934 0.348349 0.192856 0.178491 0.227729 0.181629 0.170366 0.452342 0.481944 0.191388 0.248532 0.290627 0.094048 0.120973 0.157123 0.138403 0.130115 0.152669 0.134498 0.155922 0.143514 0.115613 0.153019 0.130604 0.142661 0.157600 0.180889 0.170609 0.141136 0.172965 0.121453 0.113917 0.158251 0.124431 0.118173 0.119022 0.110361 0.133760 0.152253 0.128944 0.160530 0.132722 0.155434 0.119557 0.126663 0.149959 0.133193 0.158746 0.120746 0.143273 0.113392 0.151005 0.123853 0.143518 0.157408 0.143672 0.135298 0.111174 0.157218 0.136289 0.143919 0.121436 0.194678 0.126193 0.166310 0.193884 0.239253 0.150155 0.290913 0.253743 0.133179 0.113669 0.124451 0.144213 0.131761 0.255902 0.219448 0.227400 0.169980 0.123363 0.132978 0.123582 0.180605 0.143725 0.189612 0.209030 0.241684 0.127804 0.245851 0.200416 0.249853 0.234808 0.220589 0.235451 0.249826 0.203981 0.179638 0.173263 0.191251 0.190449 0.147250 0.131424 0.136790 0.102555 0.166175 0.260252 0.532004 0.110524 0.115201 0.121152 0.148514 0.152736 0.118605 0.135275 0.123993 0.139125 0.129253 0.131954 0.114893 0.128009 0.152982 0.142065 0.180574 0.130024 0.132789 0.137988 0.151448 0.196635 0.145537 0.153421 0.143422 0.145699 0.132993 0.148544 0.141227 0.146618 0.117999 0.175253 0.161788 0.180266 0.160527 0.177728 0.224738 0.192936 0.154361 0.197602 0.181589 0.181516 0.143121 0.122853 0.162919 0.195914 0.160956 0.083611 0.157147 0.132080 0.116499 0.161530 0.170567 0.135304 0.142099 0.150646 0.168305 0.113841 0.141597 
0.227390 0.248104 0.224170 0.209276 0.175066 0.221859 0.172791 0.172506 0.170509 0.196898 0.174001 0.207369 0.117022 0.163113 0.000000 0.246207 0.231670 0.285288 0.219754 0.273162 0.232889 0.209177 0.202856 0.167297 0.230662 0.237351 0.240800 0.212090 0.266251 0.239198 0.202908 0.263992 0.174430 0.181848 0.195428 0.171373 0.185147 0.184545 0.196199 0.188444 0.206206 0.160368 0.169245 0.222707 0.157462 0.149258 0.156696 0.295008 0.204108 0.348015 0.272403 0.326769 0.399609 0.336109 0.182487 0.297781 0.332101 0.176298 0.334445 0.214208 0.291657 0.174166 0.201043 0.217867 0.225552 0.260750 0.255504 0.265907 0.209071 0.242782 0.258878 0.214227 0.204434 0.204308 0.423239 0.135009 0.352919 0.201715 0.157263 0.236201 0.150867 0.146078 0.447609 0.426723 0.170420 0.223413 0.288501 0.149316 0.180626 0.182678 0.185638 0.171052 0.179641 0.152458 0.222349 0.142375 0.170800 0.206192 0.181893 0.180211 0.191626 0.217471 0.201249 0.203817 0.231609 0.210397 0.194814 0.183504 0.208489 0.201278 0.212986 0.186195 0.209062 0.179365 0.207060 0.244663 0.226205 0.229179 0.199300 0.208486 0.214135 0.199651 0.239191 0.202536 0.218603 0.195667 0.237665 0.205296 0.226675 0.249345 0.223383 0.212022 0.180952 0.218958 0.211430 0.223614 0.133692 0.185881 0.177198 0.187765 0.224144 0.249965 0.194631 0.273050 0.284385 0.165761 0.144392 0.147041 0.188079 0.188746 0.200958 0.239527 0.283329 0.188485 0.182120 0.191476 0.206873 0.197795 0.167016 0.222677 0.256250 0.218561 0.191309 0.298649 0.229018 0.275169 0.281218 0.269191 0.266525 0.289415 0.222011 0.191207 0.192310 0.199143 0.204984 0.198114 0.207277 0.250557 0.187893 0.241083 0.337204 0.629111 0.183412 0.174766 0.194956 0.191745 0.182667 0.197277 0.224034 0.202334 0.191005 0.213079 0.185048 0.196376 0.191356 0.189897 0.197773 0.233525 0.185496 0.202329 0.194550 0.208917 0.248074 0.174660 0.227570 0.213195 0.197321 0.166869 0.219154 0.241810 0.262203 0.212557 0.246892 0.238352 0.220988 0.197474 0.131529 0.204883 0.190286 0.174937 0.210108 0.276502 0.246083 0.187760 0.202101 0.110263 0.200401 0.157615 0.220164 0.212167 0.267272 0.201950 0.202290 0.205533 0.185881 0.201413 0.215490 0.190192 0.108949 0.105071 
0.323768 0.348408 0.340931 0.316591 0.300941 0.345611 0.295372 0.263963 0.286019 0.311148 0.321757 0.308897 0.282065 0.256126 0.246207 0.000000 0.106637 0.086873 0.103709 0.132424 0.103295 0.113793 0.100993 0.113973 0.100005 0.070575 0.208658 0.168410 0.205515 0.201538 0.179689 0.194210 0.248933 0.245552 0.217363 0.255923 0.215152 0.235326 0.288133 0.282189 0.219930 0.188898 0.241778 0.222637 0.208033 0.211350 0.226126 0.304116 0.224671 0.341334 0.254314 0.300732 0.381206 0.352287 0.238156 0.268298 0.307808 0.232533 0.354831 0.233555 0.284222 0.303179 0.312606 0.312874 0.330794 0.276747 0.250029 0.273586 0.255530 0.245939 0.259655 0.249232 0.266776 0.260400 0.486473 0.289909 0.440072 0.311377 0.274590 0.353095 0.246180 0.263185 0.520681 0.517589 0.292574 0.317594 0.370109 0.262897 0.230119 0.217001 0.217633 0.203941 0.233665 0.216748 0.284528 0.219549 0.214333 0.259364 0.220256 0.227440 0.237594 0.262483 0.264865 0.249302 0.251803 0.281172 0.295213 0.261897 0.292192 0.288114 0.288516 0.275417 0.277841 0.281999 0.274044 0.321451 0.282029 0.315091 0.275045 0.286485 0.287497 0.270478 0.330485 0.266031 0.302898 0.273445 0.304405 0.266988 0.294826 0.296846 0.292163 0.275922 0.264100 0.289253 0.320616 0.310489 0.257558 0.263625 0.273885 0.258524 0.291151 0.338088 0.323036 0.347986 0.292605 0.271251 0.241263 0.245467 0.296203 0.291511 0.276465 0.307203 0.324626 0.301136 0.303451 0.268961 0.347058 0.367777 0.262071 0.331858 0.387207 0.294533 0.334907 0.297952 0.239455 0.264834 0.293754 0.251373 0.265369 0.288613 0.269784 0.283122 0.262718 0.263489 0.245760 0.232636 0.312768 0.296763 0.280523 0.293774 0.432974 0.718239 0.268441 0.294493 0.264355 0.317321 0.309781 0.291570 0.311369 0.320784 0.317448 0.318269 0.293437 0.305384 0.325888 0.316478 0.329177 0.374651 0.310494 0.321966 0.308603 0.334964 0.361094 0.322185 0.355220 0.343720 0.318467 0.319604 0.314716 0.354579 0.364644 0.344152 0.351283 0.341383 0.383226 0.366359 0.269223 0.311175 0.350159 0.341316 0.367251 0.379975 0.392778 0.268221 0.314273 0.266131 0.307874 0.290287 0.286264 0.293233 0.315578 0.279146 0.346291 0.364289 0.303382 0.314308 0.318578 0.324403 0.228611 0.246721 
0.315824 0.342231 0.334967 0.310547 0.293181 0.339275 0.291769 0.252297 0.276719 0.300524 0.312900 0.287502 0.256972 0.254632 0.231670 0.106637 0.000000 0.084885 0.070200 0.142657 0.101828 0.093086 0.115015 0.099562 0.152086 0.097851 0.148211 0.142213 0.159676 0.146843 0.157855 0.160708 0.223083 0.224824 0.211280 0.234764 0.270860 0.267673 0.271902 0.276531 0.253596 0.198516 0.231321 0.163955 0.222145 0.198457 0.207264 0.233282 0.192484 0.295508 0.198959 0.244660 0.315717 0.291070 0.202819 0.228398 0.257307 0.208384 0.295254 0.208551 0.229132 0.296120 0.305332 0.306634 0.330971 0.226612 0.207643 0.236704 0.241266 0.217918 0.227032 0.229571 0.255237 0.246827 0.456537 0.281004 0.395544 0.293587 0.249143 0.335870 0.201734 0.246809 0.482667 0.475880 0.269505 0.277412 0.325675 0.251722 0.209125 0.288295 0.253783 0.193659 0.233029 0.202062 0.262101 0.210820 0.212743 0.242909 0.203161 0.218362 0.229039 0.253087 0.256284 0.222790 0.244968 0.280240 0.284698 0.255528 0.293678 0.276497 0.281501 0.266877 0.258230 0.275130 0.248770 0.299907 0.253865 0.292846 0.258974 0.266708 0.266584 0.247779 0.302932 0.255735 0.283269 0.253947 0.283326 0.245076 0.274154 0.292467 0.271143 0.252251 0.245831 0.268758 0.303174 0.292335 0.245886 0.262423 0.259143 0.252405 0.287484 0.330682 0.322409 0.294691 0.364440 0.258115 0.231289 0.249967 0.292382 0.295779 0.263544 0.299339 0.350478 0.287176 0.299933 0.262850 0.337805 0.364445 0.260653 0.329546 0.376913 0.291671 0.330284 0.243030 0.209608 0.228720 0.239062 0.223349 0.210874 0.241809 0.240624 0.271490 0.256979 0.252006 0.236496 0.222337 0.306481 0.330131 0.271689 0.319546 0.422035 0.706984 0.278041 0.291254 0.285894 0.305069 0.295771 0.295235 0.306162 0.308511 0.308529 0.321501 0.288342 0.298164 0.314013 0.304622 0.320138 0.374400 0.301593 0.316947 0.305138 0.323689 0.342047 0.315513 0.352187 0.342302 0.312179 0.312078 0.288234 0.349289 0.346180 0.334751 0.343312 0.338071 0.380395 0.357565 0.257120 0.283132 0.348172 0.341305 0.367507 0.376375 0.384200 0.292149 0.308006 0.257527 0.287970 0.285340 0.278996 0.281146 0.297286 0.262287 0.342595 0.356534 0.300099 0.307552 0.311886 0.324783 0.223152 0.235354 
0.358789 0.380997 0.377301 0.353097 0.336995 0.378541 0.335928 0.305092 0.329642 0.346712 0.354381 0.333508 0.305254 0.295600 0.285288 0.086873 0.084885 0.000000 0.107387 0.123633 0.121394 0.116352 0.140161 0.139474 0.126176 0.094306 0.201763 0.184533 0.190763 0.190030 0.214952 0.189279 0.276378 0.281131 0.265397 0.292340 0.278043 0.284424 0.334381 0.327427 0.253683 0.227637 0.280649 0.214812 0.244015 0.230174 0.259642 0.290784 0.244866 0.341729 0.252945 0.297283 0.366247 0.348381 0.267205 0.276754 0.297894 0.258381 0.350788 0.261770 0.282750 0.341390 0.351001 0.347689 0.363373 0.269059 0.246831 0.278308 0.285124 0.261079 0.262303 0.275776 0.298840 0.290060 0.475083 0.323543 0.436768 0.333656 0.294042 0.371819 0.252791 0.293867 0.509311 0.506688 0.311052 0.322670 0.363392 0.301884 0.247270 0.283354 0.257804 0.251239 0.281470 0.253344 0.305998 0.261536 0.266250 0.297094 0.255322 0.270557 0.281630 0.308431 0.310448 0.268199 0.287189 0.318923 0.329232 0.303135 0.339073 0.323896 0.322840 0.311784 0.317707 0.326011 0.303099 0.362532 0.312393 0.353531 0.316473 0.328908 0.328698 0.309362 0.359642 0.311259 0.343550 0.311074 0.342309 0.305341 0.334859 0.337567 0.332884 0.313980 0.298456 0.328016 0.360531 0.351659 0.292839 0.305055 0.309971 0.294817 0.339503 0.385400 0.364717 0.335439 0.361876 0.308476 0.280030 0.296087 0.332012 0.336335 0.299416 0.350143 0.360031 0.335482 0.339944 0.310611 0.380786 0.411274 0.309223 0.376931 0.418932 0.333577 0.370290 0.288000 0.260530 0.274962 0.284890 0.256510 0.257327 0.291921 0.286551 0.316176 0.297024 0.296046 0.281002 0.268956 0.346058 0.334214 0.316571 0.328104 0.464642 0.741750 0.299423 0.330485 0.296797 0.348908 0.338803 0.337959 0.346256 0.353354 0.351529 0.353341 0.327448 0.341438 0.358767 0.345774 0.361368 0.421028 0.343850 0.358767 0.346429 0.366937 0.382189 0.355611 0.391505 0.379992 0.351714 0.355420 0.333392 0.391747 0.391490 0.379767 0.385643 0.377620 0.427233 0.405101 0.301197 0.324613 0.387927 0.383186 0.411194 0.416763 0.426058 0.311409 0.353004 0.305020 0.329104 0.330141 0.323057 0.323307 0.341769 0.313215 0.382740 0.396410 0.339639 0.347798 0.358370 0.376949 0.274861 0.285249 
