236 236
0.000000 0.190052 0.205382 0.149484 0.302340 0.291170 0.274140 0.306742 0.290936 0.297677 0.264435 0.334814 0.322685 0.335558 0.269573 0.294185 0.268978 0.260386 0.236090 0.266514 0.269889 0.407842 0.377440 0.370928 0.449453 0.490610 0.500898 0.494040 0.492229 0.450020 0.489419 0.450848 0.447218 0.440136 0.446397 0.526959 0.420112 0.415702 0.416596 0.480272 0.439852 0.486705 0.340375 0.311973 0.367429 0.364882 0.308342 0.434147 0.328497 0.405850 0.331774 0.514245 0.445378 0.433819 0.477597 0.457332 0.285093 0.392983 0.433446 0.431738 0.307304 0.454416 0.425023 0.469557 0.452923 0.223734 0.241230 0.273322 0.271071 0.365487 0.380974 0.395328 0.277010 0.382813 0.408911 0.216841 0.246588 0.305853 0.269882 0.200506 0.226433 0.630068 0.313932 0.374491 0.423164 0.395262 0.379880 0.426547 0.365578 0.713870 0.562801 0.767773 0.632459 0.395622 0.325025 0.263446 0.276822 0.346988 0.297157 0.307554 0.352682 0.309135 0.344073 0.317909 0.355663 0.383295 0.310730 0.395208 0.275779 0.350701 0.225787 0.296846 0.223321 0.238569 0.221118 0.213128 0.166141 0.214878 0.361383 0.296034 0.371326 0.304724 0.360302 0.372748 0.328782 0.344817 0.347577 0.352788 0.318378 0.352316 0.295435 0.356472 0.348307 0.301015 0.331111 0.325758 0.297555 0.361881 0.350501 0.369584 0.252660 0.392321 0.277696 0.319733 0.311097 0.289891 0.312062 0.324047 0.458774 0.439442 0.308458 0.314711 0.268830 0.413120 0.292445 0.313801 0.470543 0.429036 0.368860 0.305595 0.283874 0.245734 0.310416 0.245829 0.313819 0.387433 0.416279 0.234113 0.349844 0.267867 0.313157 0.433263 0.440533 0.410414 0.364582 0.421680 0.404130 0.394871 0.373136 0.388922 0.284745 0.320715 0.307926 0.294371 0.308674 0.289243 0.210040 0.217440 0.270287 0.217146 0.214704 0.242833 0.223880 0.214176 0.264825 0.237574 0.332511 0.229134 0.217759 0.244092 0.246196 0.245440 0.290283 0.285976 0.304136 0.256674 0.228804 0.254505 0.200494 0.227774 0.290282 0.282532 0.279239 0.411019 0.339678 0.389186 0.384621 0.286748 0.322292 0.276084 0.409608 0.273863 0.183410 0.190672 0.238068 0.323728 0.361823 0.346676 0.224634 0.246037 0.203397 0.278028 0.324221 0.336529 0.329399 0.349527 
0.190052 0.000000 0.143785 0.143606 0.270639 0.290489 0.245337 0.283869 0.282891 0.235830 0.229079 0.268237 0.290081 0.283748 0.249060 0.273799 0.229854 0.232977 0.255804 0.271246 0.268160 0.384604 0.353712 0.336583 0.511976 0.485940 0.477259 0.543433 0.447448 0.435489 0.442614 0.430767 0.462996 0.512173 0.458823 0.485097 0.412271 0.385853 0.383520 0.488234 0.395474 0.496845 0.236128 0.352473 0.313641 0.312792 0.282476 0.359738 0.282972 0.406614 0.319747 0.462077 0.425863 0.379597 0.453323 0.456810 0.262739 0.405452 0.421017 0.335460 0.279775 0.452279 0.425357 0.411782 0.437141 0.246981 0.250956 0.235813 0.275237 0.323346 0.346682 0.353291 0.247634 0.320909 0.344924 0.257396 0.254792 0.194494 0.168241 0.199906 0.215786 0.619955 0.286284 0.382865 0.386259 0.340626 0.370174 0.405081 0.329094 0.674482 0.536798 0.736307 0.585853 0.392490 0.273801 0.236292 0.313811 0.276705 0.270317 0.312389 0.291765 0.264383 0.266775 0.252080 0.313807 0.341754 0.310675 0.299265 0.283839 0.323511 0.138991 0.237133 0.166347 0.160018 0.174202 0.175494 0.156667 0.187635 0.322335 0.279960 0.318351 0.270212 0.272406 0.315059 0.213587 0.289169 0.334014 0.351508 0.262448 0.308734 0.232328 0.339112 0.321362 0.243234 0.301389 0.277381 0.257969 0.305573 0.333102 0.306109 0.289992 0.376513 0.253708 0.282678 0.310592 0.266204 0.283602 0.306030 0.449584 0.437086 0.269574 0.265340 0.229151 0.444280 0.287897 0.275617 0.455231 0.375667 0.416702 0.283579 0.236988 0.176483 0.262818 0.230580 0.307709 0.364055 0.388788 0.206209 0.316984 0.243338 0.269272 0.398780 0.406587 0.342684 0.295993 0.340443 0.329659 0.344201 0.334089 0.325844 0.217570 0.232153 0.264147 0.214979 0.276775 0.214549 0.182536 0.190821 0.220629 0.233820 0.209870 0.221519 0.179675 0.179929 0.222239 0.164543 0.282425 0.246843 0.178142 0.194256 0.211079 0.213535 0.203326 0.216237 0.302304 0.237678 0.222401 0.256253 0.167369 0.235617 0.183311 0.170588 0.235552 0.384866 0.303412 0.360298 0.381586 0.236644 0.276881 0.245227 0.335153 0.209781 0.156580 0.175695 0.201424 0.290588 0.344671 0.294555 0.203747 0.168447 0.189563 0.232683 0.329476 0.340719 0.304905 0.291970 
0.205382 0.143785 0.000000 0.100261 0.308603 0.279710 0.252871 0.279523 0.259501 0.244148 0.221809 0.201121 0.250372 0.210312 0.227511 0.289253 0.199525 0.231029 0.229818 0.210824 0.263931 0.382719 0.329565 0.329491 0.533424 0.508355 0.493964 0.559515 0.466332 0.454200 0.457675 0.449920 0.485467 0.551221 0.475405 0.502114 0.453879 0.400485 0.401049 0.503093 0.410577 0.511477 0.226784 0.314364 0.256587 0.272214 0.296140 0.397462 0.301322 0.419687 0.335677 0.437334 0.416639 0.374732 0.477869 0.441248 0.274695 0.391942 0.418378 0.375976 0.293051 0.439671 0.410836 0.414436 0.442098 0.193152 0.208089 0.180640 0.155402 0.377404 0.376357 0.349945 0.259389 0.347777 0.366339 0.266233 0.220275 0.233637 0.215042 0.145775 0.160708 0.636462 0.289657 0.389516 0.361078 0.350215 0.360400 0.399198 0.306935 0.690634 0.510876 0.736060 0.557292 0.399425 0.267776 0.268673 0.294249 0.253643 0.275785 0.330757 0.288750 0.267515 0.278382 0.258718 0.297095 0.314161 0.308991 0.283607 0.311459 0.344473 0.158218 0.224335 0.154162 0.157529 0.135739 0.170264 0.132058 0.192646 0.243719 0.297563 0.338774 0.273651 0.228400 0.304890 0.264126 0.255788 0.352349 0.319300 0.276469 0.307613 0.223901 0.348368 0.319958 0.264805 0.311094 0.299734 0.278687 0.275328 0.293441 0.309316 0.292526 0.347437 0.222060 0.239690 0.268878 0.247356 0.251390 0.215185 0.463849 0.377294 0.221785 0.251283 0.212487 0.394049 0.243781 0.202646 0.415200 0.320625 0.391051 0.231971 0.184203 0.148798 0.200995 0.177734 0.284861 0.321600 0.304374 0.174986 0.263780 0.205990 0.208649 0.370393 0.357315 0.390082 0.319834 0.345211 0.361745 0.368890 0.343985 0.359233 0.251884 0.297394 0.273487 0.191961 0.280830 0.231994 0.210367 0.245742 0.219890 0.241236 0.191618 0.225608 0.156865 0.166572 0.189257 0.166089 0.290658 0.251997 0.156218 0.183093 0.181897 0.191035 0.191809 0.261274 0.305117 0.195635 0.167092 0.261536 0.135895 0.240415 0.143162 0.193528 0.168543 0.324813 0.287334 0.317698 0.352871 0.203369 0.254468 0.206898 0.313844 0.244064 0.124311 0.175941 0.200640 0.272364 0.327196 0.282903 0.225659 0.220016 0.202012 0.218246 0.266399 0.287832 0.282309 0.274342 
0.149484 0.143606 0.100261 0.000000 0.268834 0.237691 0.249012 0.261379 0.249123 0.270443 0.226533 0.246810 0.255673 0.248470 0.238095 0.258556 0.206008 0.234485 0.219350 0.221741 0.250986 0.333958 0.300264 0.299424 0.477495 0.454724 0.447522 0.513264 0.423162 0.401107 0.419945 0.403751 0.428741 0.504507 0.435411 0.456350 0.399138 0.354280 0.353161 0.456900 0.363913 0.465272 0.241879 0.300511 0.281756 0.280413 0.266757 0.373115 0.257519 0.357404 0.283851 0.424268 0.382895 0.347303 0.451252 0.405108 0.219216 0.338003 0.361451 0.339253 0.237223 0.390119 0.380734 0.410613 0.397537 0.186758 0.206392 0.190993 0.196112 0.334519 0.351687 0.325348 0.223617 0.308114 0.337381 0.220929 0.192145 0.242080 0.192108 0.136230 0.150162 0.598013 0.289925 0.358859 0.361296 0.365938 0.355836 0.358061 0.309597 0.675023 0.524279 0.719685 0.540746 0.379268 0.265413 0.221821 0.267885 0.250196 0.218718 0.282213 0.265784 0.220944 0.244312 0.221133 0.272097 0.299852 0.248884 0.291311 0.255876 0.308194 0.171249 0.220097 0.167153 0.171154 0.146121 0.154738 0.119116 0.170975 0.276568 0.273039 0.327100 0.271748 0.270684 0.310292 0.272938 0.263015 0.329758 0.326753 0.258371 0.297529 0.228021 0.333651 0.315053 0.239773 0.291635 0.272502 0.247811 0.281810 0.307798 0.302089 0.285884 0.337158 0.245176 0.246029 0.232104 0.236488 0.250640 0.243761 0.427930 0.427349 0.221639 0.236022 0.189495 0.359709 0.270234 0.236097 0.420591 0.346323 0.411521 0.236046 0.202236 0.197126 0.227227 0.208786 0.292624 0.348773 0.332191 0.177095 0.267570 0.194074 0.222928 0.393045 0.354143 0.376153 0.278107 0.345609 0.348408 0.335114 0.312463 0.334512 0.224909 0.273575 0.250472 0.216758 0.245839 0.212653 0.162237 0.244358 0.223760 0.230907 0.170337 0.204271 0.167897 0.159186 0.198314 0.182203 0.269828 0.224827 0.147830 0.172367 0.201378 0.191905 0.219078 0.258308 0.293900 0.189453 0.204018 0.246678 0.175285 0.238102 0.200895 0.218512 0.205179 0.343208 0.295762 0.312864 0.318824 0.231106 0.265550 0.226483 0.340384 0.256770 0.119357 0.155903 0.177684 0.254888 0.296382 0.280913 0.204660 0.201332 0.184512 0.201122 0.272231 0.304668 0.267234 0.273101 
0.302340 0.270639 0.308603 0.268834 0.000000 0.118414 0.248349 0.348545 0.382936 0.348946 0.359183 0.358935 0.376217 0.396329 0.352474 0.256234 0.335816 0.351852 0.364133 0.363051 0.327570 0.325615 0.361235 0.293029 0.412184 0.362114 0.390354 0.447942 0.388564 0.374570 0.382533 0.352000 0.420950 0.475708 0.406353 0.387551 0.356700 0.352112 0.372580 0.374522 0.349927 0.390524 0.368588 0.428043 0.454642 0.408290 0.296306 0.258532 0.314016 0.238509 0.252907 0.322684 0.259230 0.246344 0.291733 0.285287 0.361974 0.266270 0.261849 0.234891 0.231979 0.303726 0.242983 0.272106 0.286910 0.353162 0.338646 0.366748 0.400799 0.216708 0.213375 0.200902 0.157872 0.200723 0.211875 0.193177 0.206333 0.202416 0.220191 0.300356 0.275721 0.399814 0.297268 0.222356 0.251561 0.236622 0.206111 0.250712 0.244429 0.483281 0.355236 0.561879 0.424034 0.257375 0.327761 0.353233 0.446474 0.424331 0.401225 0.444956 0.401702 0.391865 0.421169 0.377369 0.453760 0.484903 0.447105 0.449723 0.411855 0.474793 0.250782 0.258667 0.208771 0.257509 0.277342 0.271937 0.286082 0.213989 0.420572 0.380545 0.405002 0.372869 0.370134 0.408300 0.359498 0.382223 0.417293 0.436383 0.320226 0.387633 0.351540 0.435132 0.412357 0.351594 0.384789 0.353288 0.325026 0.404087 0.413052 0.396018 0.427935 0.291614 0.337477 0.332942 0.280440 0.390755 0.300476 0.399675 0.274888 0.550769 0.377172 0.321102 0.362227 0.410071 0.337558 0.351005 0.336289 0.495630 0.532069 0.443826 0.328570 0.310438 0.361945 0.358280 0.407972 0.429422 0.517961 0.353934 0.470706 0.390135 0.436925 0.501292 0.378580 0.242102 0.219134 0.260639 0.227847 0.234061 0.251954 0.246276 0.217580 0.193437 0.254852 0.252103 0.222188 0.197756 0.285854 0.243519 0.194896 0.207456 0.244246 0.232122 0.262258 0.235101 0.248115 0.258224 0.375150 0.271828 0.311768 0.254191 0.260547 0.252413 0.242039 0.249771 0.406018 0.326364 0.353824 0.331528 0.284224 0.332967 0.329641 0.300241 0.363771 0.479268 0.384190 0.253449 0.285750 0.288792 0.295663 0.343944 0.381157 0.303760 0.283926 0.279845 0.278545 0.283360 0.205893 0.269500 0.253564 0.207143 0.289439 0.319383 0.256373 0.205469 0.328285 0.295545 
0.291170 0.290489 0.279710 0.237691 0.118414 0.000000 0.267017 0.367976 0.401985 0.362479 0.376460 0.362360 0.374829 0.409012 0.371660 0.269217 0.374648 0.382463 0.387028 0.357400 0.358815 0.300554 0.349221 0.292693 0.391363 0.374014 0.379365 0.423911 0.384258 0.355703 0.383571 0.322690 0.416445 0.476988 0.386988 0.388404 0.377292 0.355121 0.366927 0.355646 0.355206 0.373055 0.374360 0.429913 0.469202 0.431587 0.272139 0.275952 0.336410 0.243408 0.259912 0.305024 0.277074 0.226425 0.330650 0.291324 0.366902 0.257858 0.248204 0.219560 0.225269 0.296529 0.258469 0.275168 0.312654 0.369120 0.339396 0.370374 0.369772 0.255753 0.234042 0.224656 0.178211 0.233346 0.213326 0.178095 0.190485 0.233660 0.225375 0.288871 0.259750 0.432233 0.320929 0.248835 0.248512 0.270575 0.262249 0.263115 0.242567 0.505050 0.388604 0.561653 0.396459 0.288577 0.331614 0.366513 0.414566 0.421725 0.393749 0.459169 0.388331 0.388532 0.424871 0.375017 0.445931 0.479625 0.443185 0.457157 0.426292 0.458661 0.242288 0.243467 0.199472 0.266217 0.281119 0.280022 0.304487 0.246461 0.435666 0.414430 0.454834 0.412769 0.397678 0.456951 0.402205 0.404107 0.468794 0.476931 0.363723 0.435681 0.390893 0.479180 0.456651 0.394409 0.436389 0.400435 0.360096 0.422220 0.457690 0.447626 0.434912 0.287984 0.346247 0.336873 0.229774 0.411767 0.301518 0.402073 0.307015 0.542944 0.373170 0.323569 0.364258 0.406517 0.344989 0.352147 0.342714 0.499857 0.548461 0.442180 0.326149 0.324991 0.366127 0.387340 0.422345 0.462417 0.519661 0.379633 0.474209 0.391441 0.441148 0.534386 0.363331 0.262073 0.220567 0.244825 0.232523 0.226980 0.236823 0.262615 0.244137 0.227220 0.259969 0.260638 0.243745 0.220698 0.306967 0.260599 0.195135 0.217984 0.256804 0.240718 0.245420 0.237781 0.222390 0.261279 0.403981 0.277903 0.298810 0.235014 0.264982 0.262489 0.263473 0.292041 0.427256 0.322747 0.370395 0.351169 0.303711 0.351499 0.337589 0.333403 0.368942 0.491431 0.407031 0.254075 0.263619 0.277974 0.287156 0.333887 0.390896 0.303975 0.265538 0.286894 0.290612 0.281499 0.197825 0.283771 0.273066 0.239243 0.325198 0.344667 0.225512 0.220746 0.337018 0.299969 
0.274140 0.245337 0.252871 0.249012 0.248349 0.267017 0.000000 0.172728 0.258235 0.195439 0.235105 0.197478 0.230682 0.232112 0.151071 0.109457 0.218486 0.163744 0.237639 0.213311 0.169233 0.243485 0.235129 0.194006 0.393838 0.384523 0.379927 0.435154 0.375537 0.347915 0.366167 0.321138 0.359252 0.422724 0.365926 0.375612 0.345288 0.290781 0.308941 0.370129 0.316838 0.377768 0.227693 0.256847 0.301586 0.260336 0.181606 0.259229 0.191803 0.365409 0.249813 0.476150 0.344381 0.415912 0.474219 0.431467 0.264725 0.410110 0.412744 0.359263 0.257332 0.453517 0.354864 0.411417 0.436641 0.222449 0.209840 0.222823 0.246238 0.291114 0.273572 0.289952 0.227229 0.283594 0.298442 0.270404 0.227195 0.173088 0.208300 0.245882 0.258260 0.464295 0.110172 0.187975 0.208249 0.163359 0.218159 0.220327 0.186132 0.518675 0.369104 0.561236 0.496779 0.200871 0.163364 0.228684 0.302676 0.281208 0.283898 0.307728 0.267990 0.272266 0.307559 0.248928 0.303161 0.338201 0.317418 0.315618 0.267095 0.346901 0.231711 0.205364 0.180346 0.211147 0.211225 0.202986 0.239002 0.170673 0.252611 0.238343 0.265092 0.226946 0.229521 0.251744 0.215527 0.235662 0.279792 0.283531 0.184538 0.231141 0.194918 0.295358 0.272508 0.219377 0.246935 0.210352 0.174405 0.246030 0.243218 0.254102 0.261858 0.218905 0.167242 0.205352 0.247473 0.227170 0.207357 0.278189 0.313652 0.387927 0.184732 0.160964 0.229882 0.352294 0.180942 0.180255 0.285819 0.330231 0.355279 0.284335 0.155106 0.190967 0.194673 0.254694 0.226056 0.282753 0.332195 0.218574 0.340013 0.246518 0.334494 0.368062 0.285972 0.356414 0.266525 0.349137 0.345887 0.304676 0.347785 0.368173 0.204956 0.233845 0.222166 0.173027 0.203518 0.245873 0.194106 0.179098 0.212687 0.169390 0.153922 0.206659 0.207267 0.196099 0.210771 0.223071 0.246699 0.214914 0.268340 0.187816 0.175036 0.174168 0.176113 0.180615 0.317231 0.198905 0.262924 0.202382 0.207239 0.271341 0.249820 0.226701 0.287745 0.333505 0.217941 0.208010 0.288305 0.191923 0.203562 0.220575 0.223018 0.204920 0.237331 0.225995 0.154872 0.208368 0.226906 0.171482 0.223565 0.176099 0.252039 0.212468 0.277256 0.230880 0.184042 0.168169 
0.306742 0.283869 0.279523 0.261379 0.348545 0.367976 0.172728 0.000000 0.202933 0.180370 0.260784 0.196268 0.207556 0.209862 0.144374 0.204172 0.153354 0.161853 0.206180 0.216083 0.128025 0.299243 0.235619 0.260142 0.424485 0.408613 0.407505 0.474876 0.411887 0.380924 0.409803 0.357723 0.382876 0.469241 0.418693 0.419611 0.370090 0.327839 0.340760 0.415305 0.362963 0.440569 0.200916 0.264247 0.255589 0.152836 0.265031 0.363694 0.229537 0.456063 0.320370 0.582143 0.437537 0.524708 0.591205 0.529732 0.250801 0.508701 0.510965 0.456077 0.286818 0.565443 0.434215 0.518332 0.541034 0.189764 0.136815 0.187483 0.248552 0.379855 0.385891 0.392223 0.320278 0.356664 0.392891 0.372321 0.294809 0.290077 0.311783 0.302347 0.329220 0.608708 0.161448 0.284787 0.285579 0.236867 0.333383 0.249787 0.291770 0.660896 0.488097 0.679318 0.603401 0.243570 0.162838 0.222200 0.312270 0.285982 0.254814 0.223687 0.222878 0.265731 0.311913 0.229811 0.299674 0.352848 0.274556 0.322323 0.225604 0.373976 0.291916 0.271215 0.242174 0.245030 0.209980 0.205028 0.210863 0.188766 0.183972 0.176178 0.254819 0.214438 0.219898 0.208308 0.207319 0.170971 0.190460 0.216673 0.175106 0.163475 0.167857 0.209474 0.163996 0.182661 0.207220 0.168546 0.130557 0.177617 0.170616 0.230341 0.255908 0.292496 0.179064 0.196313 0.350658 0.165673 0.313285 0.247804 0.405156 0.410602 0.149083 0.154344 0.231153 0.446739 0.221866 0.219427 0.375134 0.274117 0.265445 0.198061 0.180518 0.232924 0.158619 0.193151 0.193056 0.283346 0.268706 0.220772 0.249804 0.222643 0.312844 0.256232 0.364876 0.456319 0.358555 0.454903 0.446691 0.417631 0.444984 0.458598 0.314369 0.341996 0.288126 0.260847 0.283466 0.333880 0.133720 0.258145 0.318599 0.244448 0.190576 0.268977 0.264173 0.231772 0.292096 0.283772 0.119625 0.195725 0.272084 0.243147 0.235499 0.234169 0.265859 0.266476 0.229589 0.138599 0.256239 0.229495 0.216573 0.287859 0.266863 0.262891 0.232944 0.276855 0.289557 0.285814 0.336078 0.282500 0.303215 0.239561 0.321433 0.281755 0.223117 0.215034 0.161002 0.227691 0.333630 0.265483 0.256437 0.265874 0.271705 0.157382 0.364513 0.309513 0.174997 0.197062 
0.290936 0.282891 0.259501 0.249123 0.382936 0.401985 0.258235 0.202933 0.000000 0.221092 0.138044 0.287124 0.276324 0.279565 0.198189 0.274065 0.170001 0.158828 0.165628 0.093193 0.168271 0.347525 0.343080 0.294896 0.527122 0.478199 0.514278 0.574231 0.520717 0.456224 0.514205 0.458220 0.483505 0.530294 0.515900 0.529954 0.426735 0.419435 0.430990 0.503546 0.448298 0.528816 0.312615 0.376328 0.327532 0.206109 0.321553 0.420719 0.277997 0.465841 0.343310 0.608717 0.506801 0.525053 0.592451 0.527124 0.321933 0.507815 0.510067 0.497948 0.332324 0.564590 0.446072 0.554674 0.536652 0.168892 0.136351 0.181804 0.217948 0.411576 0.426600 0.448127 0.337447 0.379671 0.443812 0.375009 0.325423 0.340793 0.333497 0.315076 0.343679 0.562922 0.218791 0.328699 0.356975 0.314997 0.330079 0.379028 0.347820 0.652497 0.524990 0.736396 0.595297 0.300174 0.272835 0.278226 0.392782 0.354455 0.345161 0.241686 0.336953 0.338751 0.375561 0.302737 0.375690 0.416424 0.335531 0.394457 0.270983 0.433210 0.318891 0.332121 0.293461 0.295686 0.237545 0.237641 0.197074 0.246021 0.249935 0.201271 0.283407 0.253324 0.288050 0.282034 0.283773 0.266530 0.244813 0.241402 0.255041 0.252304 0.235739 0.234061 0.211071 0.244204 0.245986 0.231218 0.237885 0.257713 0.222734 0.289334 0.312935 0.405286 0.236249 0.281994 0.397998 0.224811 0.376611 0.287189 0.485536 0.480644 0.257961 0.294784 0.318477 0.504456 0.246261 0.270018 0.430750 0.344818 0.295375 0.276646 0.234557 0.248705 0.236381 0.144303 0.241852 0.297807 0.282060 0.234078 0.308747 0.286720 0.365833 0.194061 0.414705 0.464337 0.398690 0.474237 0.456678 0.450021 0.451198 0.501143 0.345110 0.380605 0.304239 0.318867 0.325654 0.375664 0.195365 0.292392 0.332385 0.292085 0.246405 0.246708 0.310890 0.275322 0.321246 0.320772 0.180226 0.199079 0.232551 0.271615 0.270390 0.267258 0.289643 0.256106 0.206977 0.213401 0.230074 0.176326 0.184504 0.197297 0.250374 0.273913 0.251647 0.282231 0.286268 0.370360 0.348613 0.290431 0.299827 0.250536 0.335550 0.323100 0.246265 0.257212 0.221462 0.306219 0.330922 0.267261 0.217314 0.277332 0.205967 0.204083 0.338301 0.311327 0.289791 0.329898 
0.297677 0.235830 0.244148 0.270443 0.348946 0.362479 0.195439 0.180370 0.221092 0.000000 0.161571 0.142817 0.233089 0.170998 0.160540 0.217772 0.206351 0.174026 0.198097 0.176450 0.155918 0.326516 0.285649 0.289706 0.459787 0.478897 0.442307 0.509247 0.437214 0.427940 0.431385 0.380922 0.416636 0.475543 0.426358 0.444635 0.413734 0.350593 0.368074 0.443288 0.383988 0.451068 0.166705 0.274411 0.252890 0.206365 0.250362 0.343820 0.280101 0.491744 0.376638 0.590028 0.468527 0.533475 0.606198 0.560499 0.257924 0.541245 0.553494 0.450264 0.351036 0.585096 0.485305 0.530656 0.568846 0.205965 0.188321 0.222745 0.226603 0.428873 0.390618 0.436470 0.357193 0.410395 0.377219 0.389545 0.340754 0.269001 0.307335 0.298629 0.345259 0.616881 0.162741 0.300333 0.281180 0.258859 0.369698 0.301358 0.297746 0.654768 0.512960 0.699247 0.587270 0.313496 0.145108 0.229902 0.278989 0.253685 0.268787 0.292490 0.260679 0.259442 0.269053 0.240969 0.288938 0.308558 0.298296 0.277948 0.256419 0.315123 0.246388 0.261889 0.263954 0.244406 0.232129 0.220616 0.220701 0.209524 0.198911 0.177954 0.183771 0.164140 0.165124 0.195271 0.153431 0.194832 0.209529 0.215098 0.168432 0.193791 0.154238 0.222978 0.193632 0.170974 0.176023 0.191497 0.185332 0.209050 0.166053 0.186792 0.218025 0.350947 0.191662 0.253182 0.388539 0.181723 0.326058 0.311656 0.453485 0.319683 0.163282 0.170023 0.199407 0.497147 0.236933 0.231946 0.403894 0.280427 0.257830 0.237607 0.188003 0.178160 0.147557 0.209383 0.245865 0.304617 0.314963 0.215359 0.316730 0.206040 0.271533 0.260057 0.410152 0.470843 0.390493 0.457322 0.459517 0.434602 0.478307 0.487890 0.331013 0.329381 0.344717 0.266793 0.316750 0.352668 0.234622 0.231979 0.334561 0.254514 0.217369 0.305192 0.288019 0.263727 0.329475 0.260707 0.198651 0.305479 0.293010 0.247306 0.286175 0.275761 0.267287 0.218621 0.218281 0.190970 0.164139 0.190807 0.197989 0.265282 0.173071 0.170739 0.248564 0.370383 0.314336 0.323438 0.429134 0.297019 0.346221 0.320064 0.318371 0.238503 0.254018 0.263690 0.220413 0.290513 0.387794 0.274512 0.229580 0.237912 0.217891 0.209115 0.401270 0.349431 0.210525 0.214033 
0.264435 0.229079 0.221809 0.226533 0.359183 0.376460 0.235105 0.260784 0.138044 0.161571 0.000000 0.247635 0.276556 0.229057 0.204298 0.253470 0.185662 0.172509 0.113977 0.117805 0.184055 0.316107 0.320451 0.293000 0.522849 0.488654 0.496383 0.560911 0.475257 0.449149 0.461434 0.429598 0.477342 0.498693 0.479296 0.502910 0.415015 0.401797 0.410578 0.503741 0.415987 0.506627 0.271285 0.349017 0.300704 0.263905 0.277956 0.384624 0.278578 0.450254 0.339255 0.575393 0.477709 0.489042 0.555347 0.513032 0.284048 0.499185 0.509118 0.461873 0.318773 0.535829 0.456603 0.512738 0.505554 0.182085 0.200856 0.190506 0.205686 0.408885 0.403154 0.444311 0.339293 0.389869 0.418661 0.359444 0.329932 0.316834 0.288931 0.278456 0.313727 0.584684 0.204901 0.319413 0.317688 0.302273 0.360297 0.355887 0.286392 0.654043 0.518521 0.716510 0.588497 0.333627 0.237319 0.248454 0.332367 0.294411 0.303457 0.269529 0.323588 0.289576 0.311511 0.278378 0.335940 0.351553 0.321881 0.327476 0.266150 0.370944 0.271405 0.295248 0.271472 0.268120 0.230377 0.245660 0.189132 0.235269 0.271285 0.215941 0.244333 0.222189 0.242859 0.284374 0.234645 0.281119 0.275145 0.243232 0.230310 0.282887 0.208504 0.271308 0.264814 0.232728 0.243060 0.243007 0.252039 0.284023 0.249722 0.268056 0.263303 0.382597 0.253782 0.283942 0.362849 0.225019 0.325939 0.295750 0.464993 0.436688 0.253318 0.261744 0.256917 0.485124 0.234641 0.250869 0.419846 0.358857 0.325993 0.277605 0.229597 0.207417 0.236399 0.168145 0.274412 0.320960 0.313303 0.205935 0.329077 0.245533 0.310943 0.275485 0.412417 0.439233 0.393964 0.455857 0.433726 0.437239 0.446333 0.455099 0.318920 0.360563 0.328004 0.303544 0.333647 0.325618 0.229269 0.281536 0.297662 0.266569 0.250264 0.270035 0.260735 0.267010 0.290971 0.298453 0.234294 0.268958 0.234428 0.252124 0.277508 0.269333 0.272334 0.245599 0.219667 0.235785 0.173856 0.195088 0.188952 0.178443 0.216486 0.255197 0.269439 0.337908 0.281722 0.349358 0.373134 0.273522 0.313956 0.268300 0.325615 0.280845 0.221289 0.238444 0.227625 0.292095 0.345588 0.272971 0.187862 0.236593 0.176541 0.221478 0.346750 0.330787 0.267813 0.273695 
0.334814 0.268237 0.201121 0.246810 0.358935 0.362360 0.197478 0.196268 0.287124 0.142817 0.247635 0.000000 0.184140 0.094808 0.183779 0.219256 0.221515 0.223334 0.248748 0.232858 0.197436 0.328181 0.258975 0.270260 0.419193 0.452536 0.371437 0.450873 0.366539 0.380289 0.346989 0.342518 0.370520 0.464509 0.359756 0.365228 0.385122 0.257401 0.276738 0.369478 0.290003 0.364698 0.109564 0.184582 0.131299 0.150302 0.217148 0.311075 0.232199 0.457360 0.346981 0.545474 0.414412 0.490359 0.593075 0.528873 0.200227 0.491441 0.502421 0.435583 0.316543 0.533114 0.464590 0.494464 0.525467 0.240649 0.229931 0.208053 0.208442 0.406117 0.375792 0.384635 0.309490 0.371208 0.370636 0.362957 0.302524 0.258754 0.295632 0.229592 0.273499 0.654867 0.210772 0.348524 0.297465 0.279752 0.381198 0.291972 0.260531 0.683712 0.494268 0.699881 0.579616 0.354339 0.136173 0.195074 0.221551 0.172399 0.199167 0.278838 0.197637 0.172620 0.182195 0.150809 0.181527 0.200652 0.205926 0.181315 0.239503 0.243401 0.263459 0.281252 0.229772 0.225963 0.179229 0.218083 0.239703 0.237770 0.141952 0.182942 0.208105 0.129291 0.108769 0.165212 0.164475 0.128550 0.216758 0.199867 0.184614 0.171575 0.142950 0.217315 0.180868 0.134865 0.169252 0.172410 0.177314 0.150135 0.181509 0.178015 0.190634 0.311897 0.161975 0.200710 0.359681 0.139749 0.288545 0.258396 0.457494 0.243271 0.120946 0.128392 0.144482 0.441694 0.239650 0.170809 0.380578 0.194227 0.273436 0.171601 0.149414 0.167800 0.084581 0.236014 0.259658 0.301806 0.257627 0.176038 0.247824 0.150886 0.206810 0.309338 0.380601 0.451025 0.338101 0.421659 0.420223 0.386578 0.423953 0.431754 0.308367 0.335185 0.327221 0.207813 0.288011 0.300390 0.242063 0.283826 0.317073 0.278900 0.193533 0.300923 0.259578 0.224220 0.290471 0.231106 0.222231 0.321404 0.271635 0.261733 0.265876 0.251478 0.230228 0.294481 0.299404 0.213697 0.218163 0.265464 0.245614 0.328547 0.212053 0.204415 0.225310 0.332277 0.316844 0.291314 0.425175 0.294969 0.335330 0.292697 0.323355 0.272489 0.237412 0.253778 0.212761 0.273747 0.380491 0.258283 0.288622 0.275031 0.272357 0.217479 0.402243 0.369628 0.170727 0.199177 
0.322685 0.290081 0.250372 0.255673 0.376217 0.374829 0.230682 0.207556 0.276324 0.233089 0.276556 0.184140 0.000000 0.185193 0.168084 0.216636 0.226109 0.240479 0.256417 0.278379 0.224624 0.312858 0.236054 0.253079 0.400706 0.407337 0.383068 0.449671 0.361349 0.333816 0.359551 0.314797 0.333628 0.452259 0.367123 0.408269 0.360059 0.309144 0.313881 0.407184 0.301400 0.411075 0.188827 0.264805 0.151374 0.184251 0.214402 0.340825 0.193499 0.431917 0.289357 0.526696 0.386228 0.482956 0.591589 0.507526 0.266564 0.428493 0.463363 0.432684 0.258565 0.485220 0.411410 0.454467 0.471216 0.237190 0.229711 0.183421 0.198403 0.369310 0.381178 0.388157 0.304136 0.337675 0.375339 0.349902 0.268447 0.274905 0.297644 0.203219 0.223219 0.665227 0.243121 0.358585 0.322475 0.301293 0.374703 0.319970 0.259907 0.687707 0.492884 0.695992 0.619910 0.316183 0.229087 0.193939 0.252018 0.217288 0.230223 0.266002 0.178962 0.218567 0.291918 0.223428 0.217972 0.263875 0.263725 0.236822 0.245987 0.312322 0.299499 0.254257 0.236274 0.191068 0.176191 0.225881 0.239993 0.255075 0.202669 0.255397 0.336361 0.254295 0.218205 0.267736 0.261127 0.205174 0.299319 0.302019 0.265766 0.261714 0.211474 0.300635 0.272500 0.231815 0.271849 0.251100 0.227010 0.240488 0.270509 0.292157 0.273327 0.230168 0.144516 0.160373 0.283254 0.199060 0.250494 0.172627 0.450073 0.317192 0.196903 0.229039 0.186961 0.320544 0.227271 0.150225 0.295685 0.180969 0.365561 0.170778 0.185679 0.188770 0.174513 0.241136 0.214516 0.288523 0.235675 0.187521 0.153147 0.144080 0.209212 0.352723 0.260087 0.453309 0.313063 0.376605 0.427759 0.377491 0.394822 0.412891 0.277306 0.330726 0.269630 0.204262 0.251017 0.283991 0.203705 0.312757 0.322323 0.304086 0.204555 0.294524 0.225581 0.211913 0.290844 0.240713 0.237153 0.292792 0.269267 0.283618 0.260597 0.252167 0.261780 0.319197 0.298915 0.197088 0.257612 0.280191 0.289206 0.351837 0.235376 0.266404 0.219462 0.250546 0.303284 0.256921 0.361817 0.263189 0.282183 0.211081 0.307615 0.252502 0.217384 0.214294 0.177528 0.213511 0.351498 0.238418 0.321550 0.285564 0.304748 0.221628 0.377004 0.369588 0.140480 0.198724 
0.335558 0.283748 0.210312 0.248470 0.396329 0.409012 0.232112 0.209862 0.279565 0.170998 0.229057 0.094808 0.185193 0.000000 0.173917 0.232236 0.209263 0.199617 0.232635 0.239187 0.206262 0.310144 0.251931 0.292380 0.452725 0.476174 0.414079 0.496604 0.393888 0.400138 0.379927 0.375556 0.412969 0.492075 0.398665 0.421431 0.403612 0.322499 0.331364 0.424193 0.334408 0.426935 0.149235 0.226816 0.126777 0.138840 0.254556 0.348653 0.240458 0.462201 0.317190 0.552360 0.432794 0.504623 0.609255 0.533748 0.216078 0.499410 0.519182 0.469272 0.328585 0.541075 0.454654 0.516177 0.515296 0.215887 0.255302 0.151937 0.162818 0.427356 0.411512 0.424730 0.341175 0.393369 0.428034 0.384690 0.313818 0.309847 0.315421 0.233905 0.281203 0.662823 0.223558 0.358686 0.329509 0.293872 0.388151 0.304497 0.271182 0.705435 0.523118 0.730620 0.612714 0.364320 0.169340 0.198090 0.235219 0.169643 0.213286 0.247782 0.227486 0.184232 0.197868 0.192968 0.205880 0.218299 0.210255 0.199416 0.216504 0.258862 0.279326 0.308077 0.259488 0.234906 0.183412 0.241391 0.215530 0.265859 0.144535 0.215075 0.237454 0.161642 0.149234 0.203782 0.188569 0.181225 0.242215 0.230030 0.195458 0.207355 0.156718 0.252697 0.211651 0.178256 0.205671 0.209762 0.199491 0.187328 0.197327 0.217428 0.186163 0.315223 0.175171 0.220017 0.353112 0.105851 0.286770 0.204743 0.499222 0.258216 0.155954 0.181098 0.153781 0.417596 0.221567 0.166286 0.364291 0.183706 0.277647 0.131758 0.161505 0.148403 0.107070 0.196671 0.262373 0.307204 0.173934 0.142512 0.182328 0.126671 0.174248 0.289215 0.368980 0.476395 0.382166 0.458670 0.443512 0.426680 0.454898 0.437157 0.326634 0.375799 0.333474 0.253047 0.315562 0.315471 0.239754 0.307038 0.328704 0.307209 0.228992 0.320001 0.239845 0.257406 0.301811 0.266231 0.230436 0.318948 0.263509 0.292797 0.273658 0.266934 0.266487 0.316117 0.315218 0.228891 0.177731 0.270184 0.244276 0.322340 0.192531 0.235922 0.206857 0.285161 0.258666 0.311299 0.390480 0.294179 0.322182 0.264613 0.308185 0.271406 0.225595 0.229417 0.200010 0.243378 0.377483 0.272582 0.279962 0.301462 0.293564 0.212240 0.383007 0.382432 0.167525 0.184051 
0.269573 0.249060 0.227511 0.238095 0.352474 0.371660 0.151071 0.144374 0.198189 0.160540 0.204298 0.183779 0.168084 0.173917 0.000000 0.177278 0.142618 0.103555 0.179583 0.163598 0.147028 0.270099 0.237943 0.237626 0.445289 0.416169 0.426331 0.492255 0.423469 0.380261 0.418997 0.368036 0.399873 0.438288 0.430926 0.439206 0.343338 0.337719 0.346074 0.425973 0.360185 0.450270 0.205783 0.253317 0.229053 0.173652 0.251980 0.340373 0.207079 0.418846 0.293486 0.555662 0.403834 0.488708 0.569105 0.496786 0.274935 0.479422 0.469766 0.444263 0.280478 0.535679 0.410852 0.490394 0.504486 0.167157 0.175178 0.163376 0.204753 0.342910 0.357614 0.367155 0.293744 0.319433 0.401206 0.345646 0.272206 0.275974 0.288740 0.256810 0.302427 0.568575 0.149153 0.253852 0.292922 0.259504 0.297024 0.283813 0.263191 0.615576 0.467831 0.661086 0.572534 0.231273 0.203187 0.193012 0.292055 0.261186 0.260242 0.224136 0.224646 0.261898 0.295938 0.221146 0.287163 0.331587 0.276980 0.298202 0.202815 0.359121 0.294981 0.266414 0.241717 0.241540 0.178715 0.215589 0.172333 0.217918 0.201454 0.197577 0.247362 0.189379 0.234935 0.206921 0.227566 0.217352 0.218485 0.209805 0.216218 0.203111 0.174497 0.229212 0.208918 0.182511 0.189274 0.207405 0.184461 0.224759 0.169215 0.236733 0.231140 0.259582 0.117438 0.163070 0.297582 0.159567 0.265732 0.189507 0.391569 0.379753 0.158992 0.195445 0.225174 0.395570 0.161580 0.149261 0.329092 0.264079 0.294190 0.182882 0.104595 0.169532 0.166616 0.167510 0.177984 0.237347 0.225831 0.167335 0.252493 0.189509 0.268774 0.271037 0.311566 0.423650 0.330459 0.425431 0.414208 0.390169 0.410624 0.427847 0.271170 0.314420 0.258385 0.232616 0.260567 0.308838 0.161688 0.255827 0.294993 0.257577 0.177900 0.262836 0.246935 0.230586 0.269170 0.270901 0.187568 0.242473 0.251165 0.238290 0.209248 0.228696 0.253916 0.232702 0.239067 0.157258 0.191419 0.182055 0.169227 0.250176 0.212900 0.219096 0.224232 0.255170 0.237745 0.273342 0.317219 0.266552 0.273048 0.180703 0.288725 0.276302 0.225152 0.185121 0.142686 0.242032 0.305336 0.261526 0.254243 0.247905 0.253981 0.194667 0.336744 0.319479 0.183045 0.200338 
0.294185 0.273799 0.289253 0.258556 0.256234 0.269217 0.109457 0.204172 0.274065 0.217772 0.253470 0.219256 0.216636 0.232236 0.177278 0.000000 0.233830 0.205255 0.255873 0.244957 0.184268 0.198677 0.181220 0.158867 0.353029 0.328728 0.329445 0.397060 0.330035 0.290076 0.325444 0.256492 0.326162 0.373137 0.323954 0.345098 0.293407 0.259437 0.263707 0.331730 0.258347 0.330997 0.223206 0.237615 0.293641 0.259722 0.154479 0.213092 0.145988 0.311594 0.205376 0.447757 0.300092 0.383465 0.456045 0.376280 0.240510 0.364172 0.370103 0.336329 0.202300 0.419093 0.316028 0.375912 0.385281 0.246996 0.234876 0.239805 0.272939 0.254968 0.228414 0.260936 0.191383 0.234520 0.276532 0.234304 0.192707 0.204806 0.215543 0.259044 0.251777 0.492513 0.140897 0.188991 0.189226 0.185954 0.253871 0.220485 0.170094 0.535853 0.378295 0.567406 0.510208 0.195688 0.176648 0.209638 0.280165 0.271928 0.253475 0.309378 0.231004 0.247358 0.290520 0.231537 0.283418 0.326424 0.296366 0.300376 0.272761 0.331853 0.233366 0.210169 0.191396 0.226994 0.224266 0.232467 0.258800 0.183981 0.265989 0.256341 0.288979 0.252950 0.251685 0.274227 0.233783 0.248494 0.296357 0.313317 0.208895 0.253403 0.200797 0.317980 0.295191 0.220388 0.264776 0.235327 0.184028 0.264908 0.263070 0.251287 0.292730 0.205390 0.198326 0.172712 0.232187 0.236523 0.210552 0.286804 0.313506 0.415247 0.239310 0.191060 0.220674 0.330156 0.208340 0.227668 0.280032 0.371130 0.390820 0.295712 0.205500 0.233846 0.232930 0.267602 0.269615 0.304620 0.326404 0.228280 0.353208 0.254899 0.343681 0.395223 0.277368 0.312057 0.228029 0.311312 0.299742 0.260946 0.299678 0.329989 0.179432 0.216044 0.197143 0.175398 0.188278 0.213586 0.211335 0.239807 0.200072 0.172229 0.168196 0.215813 0.210180 0.198012 0.201028 0.254228 0.262428 0.221975 0.251511 0.183156 0.201448 0.188981 0.203547 0.205392 0.354480 0.231392 0.276008 0.233247 0.249539 0.283810 0.286229 0.270281 0.312226 0.319515 0.238607 0.190126 0.260459 0.240474 0.229190 0.233663 0.262869 0.213694 0.237990 0.212634 0.168849 0.170909 0.219993 0.192848 0.223035 0.195853 0.288036 0.220181 0.290471 0.242900 0.138306 0.132004 
0.268978 0.229854 0.199525 0.206008 0.335816 0.374648 0.218486 0.153354 0.170001 0.206351 0.185662 0.221515 0.226109 0.209263 0.142618 0.233830 0.000000 0.155560 0.143152 0.162227 0.153752 0.318335 0.294158 0.304684 0.479046 0.408031 0.459272 0.527753 0.450329 0.393268 0.439836 0.412154 0.434767 0.490539 0.463243 0.468203 0.377855 0.371702 0.384166 0.461999 0.387295 0.485399 0.243512 0.281093 0.249107 0.184011 0.299118 0.387510 0.233926 0.416524 0.293675 0.561633 0.442207 0.485593 0.553199 0.494828 0.247466 0.473178 0.473940 0.427464 0.263159 0.537687 0.428074 0.519053 0.495638 0.170010 0.140240 0.144855 0.192777 0.359016 0.370221 0.384328 0.299073 0.324240 0.400172 0.335566 0.283581 0.293536 0.280563 0.270112 0.308632 0.568816 0.231101 0.309812 0.320269 0.310179 0.323442 0.303717 0.317043 0.656010 0.471327 0.719617 0.578605 0.276324 0.218781 0.221656 0.331077 0.295317 0.268302 0.238932 0.263741 0.268732 0.297939 0.233258 0.314932 0.353276 0.268123 0.321200 0.247157 0.369511 0.259713 0.275182 0.242595 0.235133 0.191062 0.191495 0.127466 0.194278 0.181161 0.199692 0.243176 0.207715 0.217191 0.207761 0.214968 0.190150 0.201188 0.199646 0.191694 0.207299 0.159726 0.213664 0.181408 0.175626 0.200274 0.186475 0.195000 0.227010 0.171302 0.225454 0.249559 0.331506 0.195100 0.199279 0.332960 0.160225 0.303902 0.171141 0.418504 0.431300 0.179373 0.222259 0.255042 0.417722 0.242317 0.187548 0.395131 0.311683 0.304713 0.210157 0.148017 0.197826 0.194379 0.125779 0.241993 0.243318 0.242872 0.177572 0.246715 0.220780 0.290956 0.264708 0.356182 0.427193 0.346475 0.448366 0.413636 0.404337 0.415309 0.424094 0.299504 0.344318 0.279587 0.286666 0.293759 0.294181 0.148044 0.263596 0.290973 0.213220 0.199654 0.254555 0.257428 0.238173 0.266373 0.282287 0.143458 0.217988 0.225990 0.239994 0.204126 0.221287 0.259679 0.238283 0.235416 0.152244 0.196896 0.209963 0.180280 0.223039 0.216362 0.242953 0.186439 0.246892 0.259246 0.298595 0.357479 0.278113 0.288780 0.206199 0.308424 0.286868 0.210118 0.217524 0.178399 0.286792 0.325192 0.289445 0.197772 0.251054 0.204469 0.171457 0.340837 0.315710 0.223661 0.260951 
0.260386 0.232977 0.231029 0.234485 0.351852 0.382463 0.163744 0.161853 0.158828 0.174026 0.172509 0.223334 0.240479 0.199617 0.103555 0.205255 0.155560 0.000000 0.177935 0.134077 0.106275 0.275324 0.241126 0.222847 0.475589 0.445249 0.452097 0.516415 0.442850 0.405199 0.436589 0.400584 0.435892 0.460692 0.453661 0.463560 0.368803 0.357746 0.366191 0.454766 0.376401 0.470242 0.234993 0.288701 0.268535 0.214703 0.279647 0.366069 0.232639 0.426613 0.311365 0.558498 0.423466 0.498221 0.558349 0.494032 0.262139 0.497409 0.479658 0.442119 0.312595 0.557433 0.420436 0.510194 0.510028 0.153173 0.179952 0.145356 0.209445 0.343833 0.381642 0.363813 0.298545 0.327655 0.416427 0.354844 0.286453 0.270594 0.275176 0.278781 0.316650 0.521080 0.126649 0.244107 0.290229 0.229171 0.252335 0.313039 0.262648 0.591999 0.455676 0.638776 0.559773 0.250750 0.193538 0.220312 0.329535 0.283618 0.282817 0.257273 0.272160 0.284555 0.312766 0.243177 0.304826 0.349767 0.299019 0.318343 0.229255 0.377798 0.263219 0.263940 0.235869 0.251767 0.220227 0.204901 0.191665 0.205622 0.207626 0.190206 0.223460 0.206721 0.226695 0.214916 0.205121 0.215115 0.214978 0.223954 0.192933 0.189433 0.169254 0.230507 0.221295 0.181203 0.192208 0.196611 0.180870 0.211210 0.167868 0.213363 0.257808 0.298218 0.173018 0.204700 0.334564 0.200625 0.300919 0.259852 0.421023 0.418268 0.179477 0.210674 0.252298 0.432009 0.208372 0.213366 0.336997 0.301098 0.304838 0.234208 0.176139 0.194544 0.192409 0.159673 0.213714 0.235143 0.254410 0.205596 0.298641 0.233220 0.300698 0.244935 0.333703 0.430416 0.349165 0.445558 0.418520 0.407209 0.419540 0.432354 0.286295 0.333170 0.273490 0.256298 0.285315 0.320198 0.168745 0.227309 0.267760 0.245695 0.174616 0.211687 0.240575 0.233442 0.249159 0.277100 0.208177 0.225103 0.183215 0.218940 0.186240 0.214801 0.224431 0.191099 0.257514 0.164373 0.199102 0.137791 0.154784 0.189882 0.224341 0.244687 0.240759 0.287352 0.222079 0.309001 0.317489 0.239941 0.244674 0.198596 0.262000 0.270099 0.219861 0.218499 0.159230 0.260997 0.275406 0.242844 0.208011 0.213772 0.235509 0.174206 0.304818 0.299407 0.209928 0.231645 
