241 241
0 19618.2 31922.3 27440.9 24811.1 29566.4 19363 20438.2 18264 22239.9 23760.5 20487.8 32567.8 24272.2 21857.4 24414.4 19388.3 28713.9 39137.1 45220.4 29378.7 39771.9 53769.7 53696.4 50836.1 51263.5 47045.5 53050.9 49512.8 43755.1 42740.7 44901.3 49235.3 52543.3 45198 58290.5 54569.4 48706 57839.1 27765.6 25862.4 32324.8 27915.5 25499.9 28161.6 30325.5 22932.3 23337.9 31625.2 31638.9 29169.4 49667.3 38217.2 33715.1 26821.5 25180.3 43560.5 45957.8 39502.7 50510.8 40168.7 46068.1 47787.7 34845.4 51627.1 41669.3 35023.2 41301.5 39607.3 18512.3 26857.1 18114.5 18723 51093.3 50415.2 43819.7 30520.5 46250 51634.2 39638.2 27716.2 22287 19895.3 77224.3 28628.9 75399.7 49051 41234.6 28498.2 82659.9 95470.2 36403.5 80957.2 50171.6 62165.2 55005.8 29769.5 25052.9 23383.4 22271 29952.1 24194.1 28171 23354.3 26185.9 26681.6 23928.9 23803.7 23714.8 20966.9 26493.2 19196.2 20148.9 24378.1 13412.6 22245.8 31281.3 28171.6 30485 28615.4 34500.2 35746 32021.9 33073.6 28975 28702 32244.9 31993.9 37426.7 31305.6 33051.8 33322.5 19512 32073 27345.3 24727.8 20990.4 15642.6 17017.8 19612.6 48923.7 15720.3 22493.1 20298.4 21477.2 23660.1 16975.6 31421.5 15689.4 17516.8 16381.8 18214.4 13919.9 13937.9 18774.6 18149.2 15585.5 15317.4 16161.5 16987.5 17301.5 32155.1 23679.2 45991.1 50493.2 52515.9 51319.8 48265.4 55591.6 48341.1 24402.5 25884.1 37210.4 33574.4 32189.1 32854.3 31883.1 38705.8 39244 34504.7 26529.1 24335.3 26378.2 24954.2 15001.3 14713.1 15144 26276.1 16095 28976.7 28424.8 18309.6 22110.8 22510.1 19565.4 16913.9 17167.2 24775.9 17706.7 18090.5 22549.2 14097.7 16401.6 12157.9 18749 21093.9 33052.3 30846.7 31540.9 37360.2 20359.8 24441 23997 25333.4 18281.8 21292.1 21696.2 25048.2 15088.7 18691.4 18074 17379.2 24623.7 23320 28025.6 35782.3 25264.2 26108.9 32731.5 31944.1 29904.3 32175.6 28241.8 29037.6 15506.2 16360.2 19322.6 19242.4 33194.4 38374.2 33917.8 
19618.2 0 42133 42212.5 24709.6 28782.9 20128.6 21469.1 18739.6 20615.3 24968.5 13000.6 26471.2 23516.3 8848.08 23605.4 17340.7 27897.8 35975.5 44180.4 28407.2 40547.9 53478.2 52236.8 49877.1 50721.7 45945.4 50896.5 48956.8 42978.8 41421 43292.5 47283.9 51806.5 43793.4 56935.8 53144.5 47409.5 56429.4 27205.1 24679.9 31270 26038.2 24395.7 27503.8 29711 22278.8 22109.1 24795.5 32212.4 18988.8 46018.5 39013.9 29542.5 25749.9 30383.7 38383 46371.8 36017.9 48464.9 48865.5 50341.3 37447.3 37864.7 53041.9 53441.2 29884.8 46893 50753.1 19395.4 22777.8 17983.8 19158.7 36504.7 47888.2 38278.5 23925.9 33810.9 53358.6 24098.9 19873.4 26066.4 28809.9 76593.3 24615.6 73714.2 46464.3 28242.8 26692.4 85086.9 95216.8 33947.6 91877.6 41788.1 62756 56616.8 28747.2 24103.7 21667.7 21624.2 29294.2 23190.3 26907.1 22184.3 25528.1 25624.6 22833.8 22598.3 22421.2 17344.2 15981.1 17126.6 19013.2 19820 15221.4 19449.3 29731.3 27427.1 29730.5 26854.4 33883.4 34786.2 31464.3 32360.1 28405.5 28129 31205.4 31050.8 36376 29693.3 32198.9 32331.3 18699.7 30736.3 24783.4 28731.9 21122.3 14751.3 15804.1 22324 58387.5 15091.4 21681 19865 22828.1 24271.5 17731.7 37566.6 14657.8 16249.4 15764.5 16574.5 11857.4 17028.7 18862.7 19493.8 16784.2 15826.5 14352.4 16286.4 16303 30318.4 26773.3 36964.9 42664.3 40970.2 36412.6 33603 38910.4 34722.7 24101.1 25902.9 28404 24876.9 26818.9 27320.3 21119.4 35507.6 28675.5 28920.5 14423.2 9497.49 22211.6 10154.5 13447.5 13302.4 14362.9 26100.9 18343.6 20524.1 17551.3 23315.2 11306.8 10277.2 15800.3 23052.9 21829.9 16674.5 16602.9 15467.4 23391.5 21680.5 17125.9 25827.7 24643.4 11280.8 18861.9 18845.7 19268.4 28916.7 21417.9 25687 21215.3 23677.7 14679.6 27633.4 9903.34 14858.3 19469.5 17743.7 14118.4 11337.5 17346.7 23882.1 21683.5 25795.9 20252.3 21481.6 31865.1 31886.5 31761.2 31997.9 15130.6 28055.1 16852.4 13028.9 18390.6 18078.2 32146.5 39702 35350.2 
31922.3 42133 0 25987 48750.7 48711.8 48581.2 49218.2 49262.6 42121.5 49201.8 46191 51711.6 40105.6 43853.5 41434.1 47209.9 47978.6 69706.3 76348.3 45071.3 68377.1 72287.6 73717.2 69525.2 69618.4 65638.2 74460.8 66437.3 62988.1 62018.4 65747.4 69030.4 71380.1 67116.4 81609.5 78790 69321 80197.7 44254 49706.4 54501.2 49262.9 49132.3 44425.6 46104.8 42648.9 42610.9 53067.1 60813.1 46094.3 70255.1 62997.3 53394.2 51432.8 44002 60067.6 46437.8 57208.1 50058.1 36943.5 47380.9 54550.4 55765.3 53629 43754.8 58428.4 41509 43021.2 39098.9 46013.6 37398.5 43971.9 64587 71133.1 50221.3 38574.9 61444.2 73418 54645.6 40423.7 44129.8 33939.7 59833.7 52500.6 82896.6 71732.8 61744.2 49882.9 79165.5 110399 52691.1 96390.5 72496.4 82117.9 54032.4 47704 50040.6 46830.5 47803.3 47036.5 48452.5 46613.9 46567.1 43434.4 46061.9 44711.1 44863.5 44210.7 33044 40484.7 40227.1 41581 42568 41550.9 39409.6 47253.9 45195.4 47446 44714.4 51096.8 52783.8 47861 49742.3 45095.6 45204.9 50914.8 49194.7 55184.1 48811.9 50027.6 50425.6 43835.3 49698.8 47111.8 47108.2 41282.4 41071.6 43393.1 43759.2 57015.8 43101.4 47188.8 43123.7 46127.1 46181.3 39029.4 44016.6 42572.5 43664.1 44179.2 43485.5 41116.8 41172.7 46533.9 38599.8 44082.7 42541.9 41156.7 42117.9 41251.4 53680.5 52567.6 65720.4 69602.1 69284.8 66142.9 63173.2 68871.9 56423.3 43550 38865.3 63705.6 58294.8 57943.6 60373.9 56646.5 65916 62935.9 47246.8 47846.1 42361.7 46278.2 44081.7 41374 41076.5 40649 40458 33603.9 44468 48543.9 34550.9 46367.9 44673.9 37398.7 34938.7 42499.1 44293.2 39834.6 37710.3 50350.8 31236.9 37972.6 32668.5 36401.6 43007.4 55176.7 46479.8 48869.1 58173.1 50667.9 55554.4 54896.2 55639.4 44249 37050.3 41937.4 43625.3 29915.3 48520.2 44652.8 43675.2 45404.9 40249.2 57099 64884.9 55321.9 48557.5 58830.2 46561.6 55745.5 47829.6 46469.7 46727 45088.7 43910.9 39980.7 40373 51066.2 59888.8 56496.5 
27440.9 42212.5 25987 0 42954.4 43893.7 42963.7 41852 43672.3 36321.4 42185.6 41850.5 50693 36752.8 43358.3 35883.2 37228.1 43352.7 65525.7 69714.3 41341.9 60901.7 67901.5 68277.5 64934.1 65944.8 60978.9 68121.5 63008.6 58542.1 57109.3 60420.4 62624 66894 61865 76476.6 73657.1 64137.4 75049.7 41046.8 44207.6 49731.8 42948.7 44004.1 41413.7 42958.6 38145.6 38112.6 50610.5 55029 45551.2 67708.3 56710.1 50381.9 44603.7 37779.8 58059 40830.4 55076.6 40881.7 38394.9 37568.9 42378.2 51964 41438.1 39144.6 55859.8 44309.4 45201.5 38032.8 44179 29836.5 33575.6 68386.8 69172.3 56215.5 43708.6 62099.2 70139.4 56435.8 43984.4 34364 27764.2 61511.4 49769.8 86372.2 68316.8 61205.5 48913.8 71180.6 112132 52897 73807.5 68890 78092.8 54628.8 43316.9 44237.6 40152.7 41932.4 44021.3 42997.1 41317.7 40945.3 39964.9 42331.4 39552 39720.6 38963.8 36176.8 42063.4 35205.6 37122.2 39368.3 35722.8 38164.5 42825.8 42274.9 44538.1 41365 48176.6 49805.4 44783.8 46768.7 42198 42291 46921.5 46232.5 51919.4 44972.9 47107.1 47505.1 36694.6 47311 43302.1 30810.3 38001.2 35299.2 37707.2 36089.7 47236.5 36609.2 40440.1 37168.1 40848.9 38085.2 33193.5 39375 36575.3 37895.9 37251.7 38007.9 37746.4 35831.3 40671.1 36445.7 37548.8 36031.4 34626.4 35242.2 34863.8 38151.9 40935.1 63138.6 67252.2 69164.5 67921.5 65432.5 72393.5 62677.9 40683.2 37634.9 60760.1 56018.2 54542.7 57040.7 54409.3 62599.1 60536.5 49228.9 44438.3 43340 42151.1 44433.4 35509.6 35284.4 34497.4 45378.2 35202.6 42943.7 49809.5 34986.1 46887 45187.7 38589.8 35589.6 38999.1 46088.1 39269.1 38677.5 43390.1 31969.9 37096.1 30806.7 38910 42698.8 51912.5 47516.6 49449.9 55485.7 44147.7 49175.8 50355.9 51930.1 41526.7 31522.6 41277.9 42319 29285.4 42912.6 40086.7 39893.7 41900.3 33482.1 54280.3 62487.2 52028.6 43902.3 53844.5 43455.9 49943 44538.9 49530.6 43238.3 41192.9 40416.9 33553 34146.2 46949.4 54455.1 50683.4 
24811.1 24709.6 48750.7 42954.4 0 9079.65 20576.7 14909.7 20193.2 11244.4 15633.8 21259 23999.9 13913.1 28516.6 10577.7 19655.8 14273.3 40557.9 42334.9 15800.8 31961.4 37639.7 32795.3 35117.6 39852.4 31474.5 33091.1 31476.5 28722.3 29030.9 28193.9 29133.6 37151 33085 46462.4 43473.1 36642.1 45816.1 17666 17428.4 19789.3 16952.4 13921.7 18777.3 18363.5 15140.2 17663.2 25652.9 18747.5 25943.3 37196.4 22807.5 23972.5 32101.7 25904.2 26634.4 46289.8 26276.1 52245.5 40733.2 48122.6 38321.1 22278.1 45804.5 41895.5 25580.1 42014.2 45146.9 21298.9 22057.8 25330.2 25876.8 47388.9 39511.5 49855.8 35269.4 37488.7 43414.2 34592.7 29522.6 22118.6 23847.9 99727 22493.6 79673.3 32862.2 36794.1 27815.6 105942 108057 35632.9 96251.6 35712.3 42427.3 58448.9 12924.2 20409 14646.6 16081.5 17540.2 18518.5 16695.9 17615.4 15429.7 16068.1 15866.6 16160.7 17472.1 19466.7 23184.8 12501.2 12918.9 15434 13848.7 18646.1 16379.2 19835.8 22191.1 16777.4 23803.2 22875.5 16264.2 24301.4 19835.1 20347.1 19592.8 19198.6 28659.1 16496.9 23331.5 23277.5 11304.1 31993.4 13600.3 33529.6 25765.5 16039.3 17611.3 18850.9 58103.7 14022.4 7917.07 9923.36 9199.9 24526.5 16664.6 39392.8 15744.9 18289.1 12205.9 17002 22697.7 14220.9 16982.2 20491.9 12738.7 14864.3 13127.7 11729.8 14657.3 34025.1 25758.6 38865.1 42902.7 48543.5 47045.3 43909.3 53517.8 50409.9 26244.9 33119.5 32594.5 27979.9 30191.3 26332.9 30204.2 33666 34163 27891.5 23084.7 26945.8 17874.4 28678.1 17041.5 16898.1 18085.6 35721.4 25585.9 18309 28897 28345.2 23274.2 20822.8 20786.5 28162.7 20698.8 23733.9 19909.1 18236.2 16570 25006.7 16095.8 22763.6 26933.3 18085.8 28945.9 30614.4 30067.4 35231.8 20055.5 24812 27072.8 32326.1 26684.5 20001.6 23852.4 24753.2 24179.9 21101.2 20174.6 22233.5 34173 42099.6 28558.8 38051.6 28484.2 18726.5 24583 39471 22652.5 15557.2 39096.2 16040.6 23505 22937.8 14161.9 15239.4 17567.9 16393.7 20968.8 
29566.4 28782.9 48711.8 43893.7 9079.65 0 25105.2 16430.9 25561.6 10333.4 16432.8 24920.1 23743.7 11555 32718.5 10059.1 24397.5 11358.7 45292.4 45174 12737.5 30661.8 35865.4 30709.7 30905.2 38471.8 28084.6 32260.7 31156.9 26059.4 23845.2 26361.5 27226.6 34362 36337.7 50476.6 47657 38925.6 49376.3 14882.8 20473.5 23779.1 13613.6 18397.3 15783.3 15023.2 15479.6 16777.9 28245.7 24875.1 25946.7 40319.3 25592.7 23608.7 37234.8 24576.1 27855.8 46898 26809.6 51607.9 42061.4 48899.1 36484.1 23105 44155.7 44561.3 29833.1 42588.7 47512.4 22976.8 21209.2 29544.9 30307.9 48991.4 40651.7 50103 34682.1 38716.6 43364.9 36621.7 32892.2 25413 25249.1 103706 23616.9 76267.3 30195.6 37808 30408.4 111126 110598 32139 98986.7 34536.8 38428.5 57838.8 8066.37 22931 16172.5 18816.6 14456 21040.5 11541.8 19516.7 12870 16666.4 16655.7 16790.3 18047.5 18899.3 21794.7 13325.6 13377.8 12461.2 17218.5 15042.1 11580.7 17102.1 19264.7 12937.2 22223.8 23087.6 14560 22924.2 16161.4 17100.6 20895.7 19449.5 27778.1 15914.7 21527.3 20157.3 11715.5 35135 12799.8 37426 29988.9 17821.7 19368.5 21929.4 57945.9 16409.8 9519.1 11709.2 11711.6 28876.5 21192.8 43613.5 17502.1 20046.4 15186 20730.6 26498 18289 18960.1 22130.9 15576 17729.6 15320.3 14469.2 15833.4 38614.8 30673.3 40817.3 44396.2 47064.3 48291.6 43893.7 55490.2 49143 24215.2 33537 37278.6 34254.5 33638.7 32746.7 36009.3 38395.6 38099.5 26823.9 26215.6 29327.3 15092.4 31801.7 19336.4 19416.2 20594.8 37622.2 27413.9 16040 31558.5 30856.1 28027 23908.5 21981.4 30997 25236.2 27125.1 21934.7 21048.1 18793.5 27093.2 17698.3 24370.3 28328.8 23288.8 30678.4 30429.9 29477.7 35889.4 23764.5 28922.6 32025.7 37369.1 30398.1 19007.8 27001.7 26479.6 25012.5 24571.5 24141.7 26303.2 38129.4 46300.7 33526.4 43076.3 33451.4 21720.7 25203.1 43481 27225.9 13763 43056.3 17591.6 28619.3 28594.7 13364.5 15052.7 11119.9 14796.5 17382.7 
19363 20128.6 48581.2 42963.7 20576.7 25105.2 0 16818.7 8974.72 19342.6 14953 12629.9 18867.9 20604.1 16733.3 19808.3 10557.2 25450.4 25892.4 32587.6 25475.6 37380.7 48991.1 49193.2 46198.6 46727.4 42357.4 48866.6 44890.7 39295.5 38894.6 40659.2 45646 47786.8 39488.6 52788.9 49087.4 43249.2 52144.7 23961.7 20437.7 27079.1 25255.8 20362.5 23796 26187.1 19527.6 19264 16301.5 19237.3 21314.4 32329.7 26671.4 17466.9 20315.4 20822.4 28604.5 44362 23914.9 57602.7 42819.8 47996.3 46730.5 29199.8 48235 42410.4 19341 45148 41943 15020.9 16831.1 18804.2 16927.4 40408.2 33645.2 45912.9 30334.6 32743 36496.5 29823.1 28559.6 20406 24278.4 81658.9 15649.7 75664.1 33413.8 31800.8 26802.3 87036.7 100304 31146.4 89222 35498.4 45708.6 57476.4 26272.4 19688.6 21697.3 17123.4 25385.5 18885.2 24702.1 18032.6 22048.7 21581 18280.9 17932.4 18299.9 21973.2 23650 18119.5 17506.9 20217.1 13350.2 24998.3 27046 23677.3 26530.9 24674.1 30169.3 30709.9 28253.5 29893.4 25259.6 24954.1 27168.3 27116 32714.9 27391.4 28459.6 28287.7 16673.8 27424.8 18187.1 27434.7 18243.8 13052.9 13879.9 14518.5 52390.1 12483.7 17124.4 14640.8 15363.6 17896.8 14973.4 32496 12793.4 14027.4 13527 10677.3 10980.1 9175.24 14057 14356.5 12272.7 10278.6 13190.7 14002.2 14938.3 24645.8 21511.1 32721.8 35583.8 40647.9 41821.4 38383.6 48760 50969.1 17905.2 19995.5 22742.7 21345.5 17305.6 17701.9 22478.8 22672.3 24665.1 33590.6 19075.4 23073.4 19297.9 28030.4 12592.5 12418 11511.9 22301.8 16288.4 26838.5 24339.5 18836.5 19019.5 20099.7 17155 16606.1 12592.2 26122.4 13386.4 16758.8 17970.5 19573.8 14552.5 19683.8 18483.3 16063.5 24578.9 24156 24568.9 22640.5 16013.2 14799.5 10389.4 14867 10563.9 28594.2 16633.5 19709 21405.3 5343.27 8632.31 11768.3 17174.2 26999.1 14612 21704 12512.1 11709.2 21206.6 30389.9 16746.6 27737.9 26827.7 23946.4 13942.5 17365.7 17042 16473.7 30426.8 26817.3 28751 
20438.2 21469.1 49218.2 41852 14909.7 16430.9 16818.7 0 12956.7 12424.9 8692.4 14270.2 21147.9 18885.7 27240.7 17444.9 14351.7 17852.3 30404.4 29473.6 23220.8 21110.1 46941.6 43618.4 42361.5 46462.3 38378.7 41334.7 43749.1 36456.3 33347.2 35851.5 33573.6 45228.2 42018.4 55088.6 51575.2 45278.7 54692.2 22281 22075.4 28352.8 16646.6 21602.5 23478.2 24611.4 18905.3 19618.3 29629.5 21523 27988.8 44603.9 22927.4 28395.7 27513 24132.6 38062.4 54055.3 35232.1 63588.4 51360.1 58333.6 48062.6 26190.6 55539 51836.4 30783 47131.4 55012.1 21109.3 22346.2 24341.4 24017.6 53136.5 45828.3 56560.9 40788.6 45256.4 43498.6 40884.9 37890.4 26115.6 29834.2 94372.3 16706.6 75309.3 31418.3 30519.2 24276 98072.8 97410.5 36456.3 92089.2 32865.2 45042.8 58320.5 15565 21817.3 8768.67 19476.8 25038.2 20989.7 18379.3 20112.4 21180.5 22768.7 20378.5 20374.4 20300.7 23478.5 25919.2 11793.6 13685.6 17929.5 10280.7 16881.5 22233.3 24120.3 26668.5 22186.6 30261.6 31774.1 26663.7 28777.3 24202.9 24456.5 28370.7 28020.4 33521.5 24149.1 29051.1 29349 10259.6 29025.7 15037.5 29420.7 24835.5 12374.4 14108.8 18637.1 51973.8 10930.8 11283.6 10452.3 8972.7 22569 19271.6 32931.7 12053.8 14690.9 8053.71 12845.6 16760.4 13024 10233.2 17054.2 8190.04 9216.06 9901.81 9220.27 11075.8 30599.9 20679.5 42432 46935.4 49256.3 51355.9 48311.3 56920.4 53214.8 21946.1 31713.2 34201.7 32355.3 29308.3 29963.9 33542.9 35029.3 36708.1 37395.9 20945.2 25923.3 16987.9 25292 12214.8 12391.5 13496.2 35735.3 20873.2 25069.6 29081.1 29441.3 25276.5 21406 21787.2 27207.7 21947.7 26010.7 19902 23104.8 7368.03 24518.9 17215.3 22939.8 25125.4 20971.2 23322.8 31356 30048.7 33002 8565.24 13408.1 19085.6 24348.6 20766 25180.2 24212.3 28262.2 25756.2 14122 15693.7 18170.2 28857.5 37351.4 22022.6 31908.3 21988.7 18079.7 17104.6 37538.7 22210.9 27440.8 34280.9 25600.6 14835.1 18902.3 11207.5 13000.2 16474.5 20069.9 15444 
18264 18739.6 49262.6 43672.3 20193.2 25561.6 8974.72 12956.7 0 19079.7 12841 14417.7 24141.6 22218.7 20271.1 21292.6 10215.3 25266.9 23207.8 29115.1 27190.9 32555.6 50935.7 50824.8 48047.6 48619.1 44106.6 50321.1 46961.8 41229.1 39880.4 41780.7 45282.5 49719.9 41651.6 55026.6 50997 45515.5 54287.2 25666.7 22652.1 29314.4 25607.4 22619.7 25857.3 28172.6 21218.9 20896.6 23528.3 16790.4 24618.4 40154.1 23703 25170.8 25200.8 25483.8 35383 50160.3 31403 60943.6 47844.6 53216.8 49299.4 26174.5 53543.2 49882.2 25986.7 50602.5 50401.5 17052.3 19336.4 20412.4 18187.1 47638 40575.9 51103.1 34853.4 40053.8 36216.7 34327.8 31601.3 23256.9 27271.4 87699.5 19244.4 75321.1 33163.3 34692.6 23415 86303.6 97607.8 34387.9 89681.6 35108.2 45884.2 58074.4 26040.8 21946.5 19519 19132.6 27519.2 21120.5 25836.8 20174.9 23827.2 23875.8 20500.5 20188 20346.1 23811.9 24794.7 18090.1 17430.8 20798.6 12462.3 24570.4 28646.7 25937.2 28465.6 25724.3 32335.6 33017.1 30172.6 31284 26867.1 26837 29475.5 29446.6 34630.6 28209 30721.7 30592.1 16112 29696.8 19837.9 28604.7 20812.7 13541.6 14495.9 17169.6 52172.3 12180.8 17800.8 14877.4 14426 19511.5 16333.5 33689.1 13064.5 14755.3 11932.1 13050.2 11020.5 10568.3 13907.4 15803.2 11084.8 10063.4 13208.7 13821.9 15310.9 28016.5 18407.4 38863.1 42807.4 46041.1 46791 43498.4 52786.6 52076.8 23602.1 25664.9 30025.3 27820.4 24329.7 23965.6 28194 28358.1 31993.3 35436.3 20967.9 23436.2 19208.6 27206.5 12067.4 12007.6 11519.4 28818.5 18035.7 27869 21001.3 25319.8 20613.3 19032.8 19301.8 21451.9 17601.3 23717.1 16568.3 18857.4 13505.9 21918.1 16138.9 21582 20892.3 16375.4 27129.4 27170.8 28197.1 29048.4 9106.82 10142.5 12010.2 15704.2 15400.8 30344.5 19152 22956.4 23092.7 9691.97 11042.3 12770.1 22279.8 31050.6 14719.9 21111.2 12808.9 18460.7 20223.6 32391.7 16508.9 29804.8 28763.7 26253.6 8501.07 15773.8 16258.5 16694.6 28726.5 26743 21946.9 
22239.9 20615.3 42121.5 36321.4 11244.4 10333.4 19342.6 12424.9 19079.7 0 11263.3 19302.1 22673.3 9248.34 24973.2 7371.64 17671.3 10910.7 38979.9 41130 12839.1 29222.6 37783.8 35099.8 33501.4 37105 29454.8 34422.2 32367.8 26752.3 25777.5 28129.4 28660.1 35732.9 32879.5 46812.8 43879.2 35594.5 45839.1 10906.4 15281.2 19802.9 10250.8 14221.5 12224.1 12403.5 7962.03 9579.85 26301.8 24606.7 21201.1 41265.5 27464 23695.7 32358.3 22636.2 31888.1 47433.5 29574.7 53954 44962.7 50578.5 40287 26324.1 47346.6 46793.4 28992.8 45963.3 49916 18398.9 18150.2 21279.3 22019.2 48497.5 42449.7 49158.2 33408.9 39565.5 43109.5 34816.3 30935.5 21531 22230.1 96437.8 21677.3 80329.5 36318.2 35325.5 31911 104293 107815 35798.8 90380.5 36913.6 48489.4 61693.3 8899.35 16503.7 8059.99 15062.2 12902.6 14507.2 9115.96 12933.6 9238.16 12871.7 11012.6 11809.7 11457.9 16702.1 19511.9 6877.21 9934.85 11223 11167.1 13842.4 10225.7 13181.4 15547.5 10291.2 18897.8 20830.9 14435 17891.8 12688.2 13058.5 18083.5 17139 22979 13441.4 18032.1 18411.5 6667.83 32161.3 13245.8 32252.2 24113.7 8585.24 9417.71 16016 58698 9645.83 7295.02 6811.19 8450.75 21970.8 14464.8 40049.1 7880.53 9979.25 8105.22 13986.3 19694 12089.4 15751.1 17089.5 8896.18 10958.2 7406.48 6627.62 7022.11 34297.8 24728.9 37107.2 42321.6 43908 44970.3 41638.5 50560.9 45318.3 22816.7 28807 34855.4 31518.7 28443.8 30496.8 32398.5 35286.1 34769.4 27747.7 19372.1 22416.3 14692.5 24562.4 10706.8 10925.5 12004.8 34314.8 21562.9 17138.9 29444.6 25040.2 24932.1 20512.1 17864.9 26245.3 22714.4 25081.2 18606.5 18554.4 12966.3 21524.3 13464.2 21197.7 24423.3 17966 25625.1 24930.2 26167.4 30481.4 17943.1 23101.2 25169.2 30526.5 23216.1 19246.4 19167.3 21690.9 18482.3 17783.3 16077.2 18017.7 30712.2 38597.8 28412.4 36972.7 27187.2 16370.5 24411.2 37427 23940.9 16985.1 35327.4 16851.8 22040.3 22772.3 5743.2 6181.97 12624.5 21091.9 18831.5 
23760.5 24968.5 49201.8 42185.6 15633.8 16432.8 14953 8692.4 12841 11263.3 0 16710.4 18794.3 18324.2 28882.9 16327.3 17016.3 16455.4 29283.2 30545.9 21883.8 27305.2 45608.4 44950 41816.4 44949 37804.5 43736 42090.7 35435.8 33266.6 36687.4 36509.1 44379.9 43184.4 57021.8 54034.8 45706 56265.7 20455.1 24039.9 29737.7 18012.4 23933.4 22092.7 22748.1 18473.2 19609.3 27688.6 18806.8 26304.6 39852.1 21382.2 24241.3 26420 19915.9 33776 50608.8 30944.3 61766.2 48232 55863.3 46892.4 26565.6 52014.6 46833.2 26642.5 44922.4 49778.6 19165.6 19813.7 26252.6 26979.6 50011.8 40114.5 54055.3 38653.3 41832.1 36960.8 39345.6 38326.3 29350.3 31123.5 94190.7 14694.1 72058.6 28301.6 29323.4 24765.6 95353.2 97631.3 29672.6 95994.5 29786.4 41792.1 54961.1 16414.2 24455.3 13246.2 22469.5 23413.6 23339.2 17448.6 21315 19417.4 22427.6 20506.1 20380.5 20629 22859.7 24140 12170.2 13917.5 16768.2 13707.8 18180.4 20407.8 23455.5 25741.2 20777.8 29361.2 31209.4 24762.5 28146.9 22817.4 23368.3 28168.9 27405.6 33198.5 23228 28280.1 28766.7 10647.1 25601.8 13493.1 31464.4 22308.3 14970 16875.7 20992.5 49233 13855.5 11616.8 9785.54 8446.14 21993.2 20064.4 32018.7 14976.3 17240.2 10206.3 11705.3 19390 15142.5 11127.6 15131.6 10481.6 10871.3 13178.7 10659 13573.2 30543.6 23548.7 39651.3 43657.4 46272.3 49454.5 46151.9 55305.4 52102.6 18482.2 26475.5 33310 31850.4 27414.1 28324.3 34167.5 31752.3 35197.2 36531.3 20925.5 26560.9 15317.1 27352.6 16098.2 16254.3 17449.5 30477.5 17909.2 24594.3 26119 27213.2 26828.7 21319.3 20430.9 23097.1 20825.2 26988 18634.7 23192 11350.9 23702.7 17139.6 21118.4 20568 22722.6 24438.1 29735.6 27080.7 29088.8 12402.7 13566.3 16879.8 22039.3 21070.3 26439.3 24776.6 27477.4 25716.4 13358.3 17265.1 20462 29590.1 38643.9 19779.9 29193.6 19126.9 14919.6 16376 31968.2 17630.1 26209.5 35993.4 25748.7 16639.6 21437 10687.3 13096.1 18997.3 15794.5 15397.9 
20487.8 13000.6 46191 41850.5 21259 24920.1 12629.9 14270.2 14417.7 19302.1 16710.4 0 16389.2 22887.2 15285.9 21815 11743.9 25335.2 28095.6 33528.3 27574.2 34213.5 52776.9 50421.9 48809.8 50349.7 44737.5 48106 48471.6 42221.8 40069.4 41988.1 43429.3 50986.1 44139.8 57285.4 53688.3 47383 56813.7 26624.2 24146.7 30753.8 23409.5 23868.9 27158.9 29124.6 21703.7 21655.9 18255.7 26685.2 17958.1 38780.9 30208.4 21793.6 18596.2 21677 30870.8 43369 28351.4 56409.4 41970 47060 43002.8 33957.6 47867 44951.2 23658.4 40783.4 45078.7 16561.7 16932.6 19501.6 19046.5 39789.9 41021.6 44420.7 28657.3 33293 45331.6 29171.9 27442.8 25911.8 28837.5 80532.3 13111.2 73517.6 35250.9 27451.9 22613.5 89260.6 95400.8 31496 91794.4 34362.1 50812.2 56649.3 24836.3 24067.8 17568 21757.6 28949.3 23090.5 25316.9 22225.3 25183.1 25015.5 22311.8 22307.7 22253.6 19795 18423.7 15180.3 15206.8 18279.5 12156.4 17257 28276.1 26984.4 29055.2 26217.4 33465.6 34314.6 30856 31573.4 27957.6 27665 30628.4 30458.3 35761.9 28620.7 31680.6 31708.1 16631 25523.3 14585.2 23412.9 19041.5 14861.5 16196.7 20359.8 51124.3 14038.8 17572.9 15864.9 17392.1 18179.5 16445 30071.4 14899.9 16551.4 12459.1 8662.87 8960.34 13411.8 10526.2 14399.3 14160.1 11967.7 13516.1 13813.4 16158.9 21739.2 24079.8 33058.3 36923.9 39320.5 39361.1 36697.2 45212.3 45490.7 15335.3 21980.7 24315.7 20269.3 20430.5 21194.8 20322.9 28603.5 25860.1 32464.7 13066.4 16972 15878.2 18350.9 13580.2 13422.3 14254.4 25810 16693.3 21044.9 24361.7 18709.6 19439.5 17744.8 17000.8 20478 18828.5 24101.1 12941.8 18192.4 17983.4 19695.8 15881 23468.1 22771.4 12383.8 16019.3 19822.4 19996.2 24111.3 16635.7 18369 14204.5 16339.2 8858 27098.5 12476.8 16542.2 20335.4 10539 9292.01 8359.87 14832 23815.8 16506.4 24995.4 14020.9 12258.7 20044.3 31233.8 22575.1 31052.6 21449.9 27587.5 12052.7 11041.1 16023.2 17020.1 28031.2 30773.9 29477 
32567.8 26471.2 51711.6 50693 23999.9 23743.7 18867.9 21147.9 24141.6 22673.3 18794.3 16389.2 0 23156.6 26989.3 23620.5 24780 25253.3 31728.1 36290.1 27468.5 40966.1 55066.3 54266.6 52550.9 54488.9 48456.8 51837.3 50383.2 46594.3 44397.9 47873.2 42701.6 55142.7 49734.2 64562.6 61743 51772.6 62889.8 28761 33414.4 37736.5 30287.1 32354.6 28324.9 29163.6 26806.7 26059.9 20052.2 28003.3 19053.2 31699.8 25785.5 17030.8 18241.7 19998.3 28446.4 42793.9 23463.3 57436.5 42264.1 47755.4 42713.7 31477.4 47149.2 40013.4 15941.7 35130.4 39705.6 16463 16613.5 32559.8 33749.8 38208.3 30144.2 44106 30105.2 29169 34844 31557.5 33138.6 37473.9 35809.2 87761.6 9628.91 63217.2 24281.5 19458.7 25382.6 93044.7 93611.6 22777.7 107199 22804 36840.7 48078.9 21418.4 34284.1 23683.3 31428.6 30580.7 32604.7 28934.6 30845.1 27426.8 29538.7 28725 28790.3 28240.9 22007.1 21476.8 22744.5 23961.8 22365.9 21525.1 22725.7 28423.8 27386.8 30274.8 26129.4 33790 35018 30926.9 32844.7 28547.4 28191.2 33312 31535.5 37877.8 27612 32300.3 32615.3 22552.3 21295.6 13062.6 32515.6 25414 26691.8 28231.9 29975.8 45560.3 25484.6 23473.3 19242.9 17964 30259.4 26398.7 29664.7 26365.5 28909.8 22080 19922.2 23358.4 22880.7 18538.2 18546 21353.6 21269.6 24097.5 23530.2 26390.9 28297.7 34036.1 32002.8 34107 36058.5 39296.5 35628.7 47840.5 49530.6 17827.5 20171.2 25424.3 23637.9 19956.8 20487.9 28440 25822.6 25074.3 34085.2 21260 27209.9 23318.8 30374.2 27706.3 27428 28988.1 23116 22538.1 22223.6 25081 24332.2 25901.2 21455.7 20060 25776.2 26035.2 27096 21247.9 23508 21681 27639 19462.9 25966.9 24692.5 20650 21342.2 22609.9 23777.2 19446 25723.2 25192.7 16792.9 19788.6 20130.3 33545.5 21328.1 22015.1 26339.1 19435.3 22056.3 22797.8 24893.3 36219.7 16285.7 24482.9 17514.5 12900.2 20554.3 27068.1 20559.2 31666.8 35251.3 29536.4 23190.7 21343.5 22822.9 24695.9 25112.2 22683.9 26944.1 
24272.2 23516.3 40105.6 36752.8 13913.1 11555 20604.1 18885.7 22218.7 9248.34 18324.2 22887.2 23156.6 0 25435.1 7024.47 21389.4 12304.1 42829.4 47132.3 6323.38 37544.1 35719.2 36916.7 34146.2 35385.1 30656.7 38066.6 29670.9 27528.8 27906.2 30439.7 31464.1 36068.4 31351 46740.8 43921.3 32890.5 44812.3 9727.24 16500.3 20011.1 17017.7 14629.2 8954.52 9061.76 8771.91 7562.41 24614.4 26320.9 15610.1 35030.1 27334.2 18742.2 36384.6 27971.1 23332.8 39582.5 21689.6 45977.8 37575.7 41844.7 36021.9 20412.7 41467.2 43255.6 25266.1 45939.4 42551.7 16378.5 13156.7 22137.3 22839.2 43439.1 34930.6 42484.9 26224.7 32051.6 38176 28511.3 26176.3 20516.8 18566 97402.5 25340 83153.4 39275.2 40737.8 36775.3 106842 114445 36383.9 91329.8 41590.6 45987.4 64460.1 11117.7 18320.2 15640 14996 11186.2 16617.3 13714.9 14978.6 9711.05 12272.9 12306.1 12092.8 12552.4 12272.9 15741.4 10890.2 13038.4 12227.5 15516.5 15181.9 10346.4 8279.97 9096.18 5748.2 12592.9 14702 8748.72 12402.6 8162.02 6783.68 13972 11944.6 17785.5 10736.7 11668.4 12574.2 12523.5 36584.8 15918.4 36837.8 27216.1 11165.8 12515.3 16417 64942 12822.6 13330 11133.5 13098.6 25684 16044.2 45317.4 11679.5 13182.7 13809 17483.6 20867 13862.1 20344.1 19491.9 13621.8 13410.3 10574.2 11492.8 10452.1 38487.1 28565.1 31686.3 35128.5 37617 37421.9 33821.8 44870.4 39766.9 25040 25880.5 34426.6 30362 28282.2 30059.5 31301.9 34240.7 32788.3 18909.7 21396.3 22201.6 16703.5 29664.7 11769.6 11944 12951.2 32536.7 21140.7 16114.6 28100.2 24423.1 25672.9 21796.7 16389.9 26223.8 21606.7 25497.3 17794.1 17549.9 19897.3 21754.2 14186.2 19867.3 23734.5 21278.4 30305.8 20996.6 24823.5 27971.4 22011 26991.6 27819.1 33428.7 24234.3 22508 19619.4 18069.6 16160.1 19738.9 17111.5 18984.8 31680.7 39536.6 30933 39216.7 29904.5 18843 31126.3 41641.9 26193.1 8873.35 36331.6 9432.08 25336 27028.9 9668.82 9714.37 16358.2 22716.6 24181.1 
21857.4 8848.08 43853.5 43358.3 28516.6 32718.5 16733.3 27240.7 20271.1 24973.2 28882.9 15285.9 26989.3 25435.1 0 25315.8 18299.7 32092.8 37880.8 47120.7 30336.6 46636.9 55354.6 54345 51365.6 52015.6 47488.1 53922.7 49797.8 44415.1 44332.1 45987.2 51347.7 53075.4 44120.7 57600.7 53468.5 47764.2 56756.2 28756.5 25140.4 31814.6 29822.4 24928.6 28670.9 31064.3 23603.3 23307.9 19065.6 33945.1 14564.8 42656.3 41423.6 25108.5 23079 29393 34925.9 39244.2 32289.5 48013.1 44784.4 43251.1 38820.9 39991 47184.1 49552.8 27037.5 44042.2 45169.1 19234.7 22779.7 16135.6 18090.9 32759.6 44166.5 32578.6 18591.8 28006.7 52192.5 18820 18018.2 24194.5 26316.2 72356.2 25018.5 71412.8 46173.1 27543.5 25642.5 82245.7 95348.4 31713.4 92211 40265.4 61126.2 53614 32892.3 24690.6 27398.8 22682.8 30217 23673.9 29483.9 23042.6 26969.2 26150.6 23069.6 22745.5 23073 18383.6 17753.8 21383 22199.4 23704.6 18853.2 23614.9 32127.8 28378.6 30584.9 29961.5 34791.2 35394.4 32567.6 34179.8 30020.1 29110.4 31757.8 31629.2 37040.1 33665.6 32900.4 32867.5 24202.2 27773.3 26362.9 26287.1 20682.8 17670.7 18193.1 21835.9 56536.3 19229.5 24798.9 22535.4 26697.7 25307.2 18481.1 36322.8 18372.9 17996.7 20846.8 19267.1 12290.6 16750.1 22125.5 21665.3 21723.8 19376.4 18648.9 20363.4 19143.3 29584.4 28668.3 32114.2 37388.4 37663.5 31611.8 29458.6 36078.2 38242.2 22944.4 22732.2 24362.7 21370.5 23337.7 24424.7 15514.9 32243.5 23511.8 29925 13232.6 9509.18 24983 13113.3 16761 16383.8 15567.1 23980.5 18956 23183.9 17930.4 19271.6 12537.5 14407 15245.3 21093 19007.5 19745.4 14882.3 15174.1 28508.4 20687.5 17299.4 24193.9 23547.3 12527.7 19148.6 14882.5 16890.3 25322 27205.3 29333.2 20929.5 21630.1 12552.9 28299.7 7167.15 8657.8 18433.4 18719.8 13192.6 9946.98 13411.6 19143.8 20838.5 22397.6 18497.8 19969.9 33326.2 28142.1 30705.2 32689.3 12734.5 28669.7 18494.3 12655.8 23450.5 21692.4 36957.4 42134.4 40506.3 
24414.4 23605.4 41434.1 35883.2 10577.7 10059.1 19808.3 17444.9 21292.6 7371.64 16327.3 21815 23620.5 7024.47 25315.8 0 20517.7 13362.3 43773.7 46205 9721.64 35102.4 36235.5 34502.5 33152.3 36253.7 28985.7 34771.9 30944.9 27036.9 25799.4 27730.2 29299.6 35506.3 31538.3 47109.3 44289.7 33820.4 44999.7 12510.7 16243.5 20504.4 14729.4 15253.4 12323.4 11515.4 11588.4 10702.8 23512.4 25743.2 19854.9 36974.4 25554.2 20376.4 34381.1 23809.9 25738.4 41443.2 23894.8 47127 38936.7 43841.7 33649.4 21930.3 40401.3 40630.8 26994.7 41817 43237.6 16828.3 17106.5 21908.2 22591.5 43000.5 37976.9 43876 28622.3 33697.9 40558.9 28696.2 25013.5 18841.3 16516.6 97231.5 24577.6 80829.2 36166.1 38932.6 30672.4 106612 110467 33563.4 91351.1 38719.8 44286.3 59000 10088 17358.6 14929.1 14352.5 13479 15598 12330.4 13965.2 10493 13534.4 11309.5 11330.9 11880.8 15238.7 19059.3 8859.62 10688.3 12664.9 14307.5 15067.2 10136.2 12135 15632 10343 18391.9 18919 13158.6 18536.7 12424.9 13013.7 16071.6 15323.2 23099.4 13641.6 17538.3 16271.9 9887.92 32274.2 13878.5 33939.7 25267 12746.9 14165.2 16747 59532.7 12596.5 9461.92 10100.6 11843.4 23455.8 14345.8 41810.8 13048.3 14843.1 13729.3 15940 20951.3 13287.6 18907.2 19200.9 13780.3 14033.5 10780.8 10952.9 10635.5 35654.3 27155 35815.9 39259.9 42890.2 42274.7 38600.7 48724 43971.1 23405.4 28038.2 34634.5 31590.5 30249.4 31017.7 31471.6 36701.7 35283.7 22183.1 20948.7 23024.1 15335.5 27095.3 13386.4 13326.4 13278.7 32981.3 22043.8 13435.4 28952.7 25200.7 24674.7 21559.8 17226.3 26246.5 21193.5 24891.5 17889.7 17092.1 19389.9 22432.9 14040.6 20784.2 24557 18721.2 28351 25073.5 27225.3 30073.8 22240.3 26741.9 28624.9 33333.3 25096 16651.5 20514.2 19557.8 16664.1 20973.3 18492.4 19770.8 31532.7 39349 30967.3 39462.6 30271.5 17331.7 27877.6 39450.6 24420.4 10782.1 37122.9 12158 24943.2 25187.4 10160 9969.71 16368.2 20032.9 21567.2 
19388.3 17340.7 47209.9 37228.1 19655.8 24397.5 10557.2 14351.7 10215.3 17671.3 17016.3 11743.9 24780 21389.4 18299.7 20517.7 0 23489 29296.2 34561.8 26283.6 33580.2 50466.4 50151.1 47616.6 48016.7 43675.6 48951.2 46490.2 40816.5 39392.7 41129.7 42780.5 49256 41125 54373.9 50558.3 44721.8 53766.1 24971.9 21960.5 28609 24035.1 21724.2 25134 27549.1 19805.3 19526.1 23360.7 24170 22570.9 41743.8 30864.9 24728.2 21658.2 23086.6 35039.1 46820.1 31137.4 55695.3 45549.8 48364.6 43805.4 29924.9 47894.1 48630.4 27866 48552.4 50110.9 20534.9 19794.1 14785.6 12972.6 46826.1 43661.2 49202.4 32685.7 38977.8 43780.2 32823.4 30923.5 17922.1 24996.1 81592.4 21261.9 80099.8 39684.5 36564.4 29018.5 88373.2 102902 38672 83383 41464.4 51292.4 60273.3 23795.8 21261.7 16844.6 18582.3 26944.3 20426.4 24955.8 19612 23216.6 22983.8 19803.6 19475.3 19691.1 23964.5 23697.1 16980.5 17071.1 20082.6 13075.6 22563.5 27779.9 25084.1 27077.4 24856 31561.9 32178.2 29245.4 30139.5 26143.8 25783.6 28578.3 28445.1 33735.3 26899.8 29703.3 29694.9 15191.3 31859.7 18248.4 23271.7 20616.7 12457.1 13585.4 13946.8 53166.4 11670.9 16769.5 14316.4 17118.9 15138.4 14844.9 33933.9 12111 13584.4 10435 12733.2 12348.9 10884 14893 17052.9 12258.1 11505.4 11964.8 12475.9 14169.2 23988.8 16727.7 37166.4 41529.9 44425.1 44558.6 41433.5 50433.4 50872.1 21971.6 26173 30106.6 27208.8 24898.7 25357.5 26268.4 32059.5 31587.1 35231.5 18799.3 22219.1 17668.3 25295.3 10662 10560.3 9583.85 31572.6 19780.9 27083.6 28808.6 23454 23100.3 20843.2 20959.2 23660.1 20095.4 26129.7 17438.2 19566.4 17049.5 21542.1 17404.1 23876 25140.3 14558.4 24508.3 24731.4 25946.2 28954.8 14364 16091.3 15925 19836.7 14541.7 28107.1 17160.5 21183.5 20339.6 9553.66 8833.62 10753.1 17976.9 23935.9 20696.2 28674.8 18786.3 18653.6 24474.9 35807.2 22818.9 29284.7 26461.1 25453.3 13291.7 14187.6 14988 16064.1 27009.4 31575.7 29124.4 
28713.9 27897.8 47978.6 43352.7 14273.3 11358.7 25450.4 17852.3 25266.9 10910.7 16455.4 25335.2 25253.3 12304.1 32092.8 13362.3 23489 0 44665.4 46465.9 9706.66 33251.8 30555.1 35699.1 29090.1 31250.7 25040 41487.7 26674.9 24073.2 21910.7 25977 34773 31504 41810.2 56152.9 53165.8 43611.1 54891.5 8464.7 23367.1 28628.7 15691.7 23235.5 10462.8 10489.1 17857.9 17813.8 33797.9 30352.1 26331.1 45337.2 31676.3 28802.2 36998.6 27638.2 31601.8 50002.6 31649.7 49230.4 44041 53266.1 42812.8 25368.7 44072.4 50992.9 33953.9 48853.3 53057.3 23267.7 20296.8 28822.4 29531.9 53732.6 44628.1 50539.1 34680.3 42508.8 44599 40454.1 37801.5 28754.2 29356.7 103727 25219 74325.7 34757.8 41925.3 34941.8 110661 112630 32386.5 98100.5 39930.4 43560.1 65208.2 9088.24 24121.6 15550.3 22091.5 11283.3 22709.3 13129 20782.2 11377.3 19790.3 19335.5 19063.9 19335.3 21805.3 18656.3 13574 12999.7 12342.1 17135.9 14588.8 7938.09 17573.2 18343.1 11179.6 22624.6 25162.9 13179.9 22828.5 14101.7 16173.7 24907.7 22964.9 28391.1 18125.2 21885.8 20371.7 12845.8 36081 15279.8 38589.1 30224.1 16761.7 18187.5 22936.5 62390.9 16900.1 11583.5 11748 13477 28626.6 21489 44741 16349.2 18865.3 14068.7 20928 26650 18411.4 20763.5 22030.8 15495.1 17713.9 14801.8 13983.8 15157.2 40171.6 30127.8 42787.4 46391.5 44560.1 48594.1 43463.3 56631 41640.9 26212.8 32688.4 41140.3 38462.8 36047.7 37056.1 38983.5 42194.9 42580.3 24198.8 25757.8 28524.5 13522.6 32047.7 18430.8 18570.4 19708.5 38458.3 26076.1 22176.5 35247.8 32518.2 30890.7 25099.8 24121.2 32075.5 28877.1 30345.9 24286.8 24867.7 19263.2 28978.7 19346.7 25314.2 28837.5 24748 32393.5 27108.8 28470.5 36768.3 23073.3 28231.4 31542.3 36895.3 30484.1 26092.4 27993.6 28944.3 25565.3 24618 23643.9 25618.7 38081.8 46043.2 33439.6 42623.2 32967.9 23000 29570.7 43780 30061.6 13640.7 42761 21496 28088.1 27897 12695.4 14437.9 9736.12 21788.3 21125.4 
39137.1 35975.5 69706.3 65525.7 40557.9 45292.4 25892.4 30404.4 23207.8 38979.9 29283.2 28095.6 31728.1 42829.4 37880.8 43773.7 29296.2 44665.4 0 20800.7 47452 47788.8 72251 71857.2 69209 69541.4 65302.6 70304 67865.8 61863 60855.2 62890.1 63308.8 70943.9 62013.4 75307 71407.7 65493.4 74654.5 45784 42873.4 49477.2 45346 42591.3 46033.4 48346 40450.8 40285.4 36654 30472.6 39492.5 50822.5 31717.9 35964.8 32430.3 39737.1 49882.4 66864.1 44903.8 80278.4 64637.6 70525.4 68895.3 46059.6 70874.1 63558.4 34631.4 62821.1 62399.6 35827.3 35892 41516.5 40140.7 60385.1 45829.5 67656.6 52274 53507.6 33011.2 51171 50463.1 46055.1 49888.2 97806.4 30204.2 68758 30506 40779.8 39152.3 89854.5 77252.3 45649.8 111794 32540.6 37778.5 63124.7 45090 42760.7 37107 40247.2 47844.3 41659.5 46004.5 40942.7 44126.6 43733.8 41193.8 40921.7 40736.2 42848.2 41154.8 37539.6 37416.5 38921.9 32898.1 43899 48956.8 45798.9 47714.3 46047 52365.1 53056.5 49994.2 50970 46989.4 46492.4 49355.2 49122.6 54482.2 48206.2 50391.1 50423.5 36369.8 38319.1 36983.7 47204.2 38790.2 33364.4 34337.5 39030.4 54481.7 32666.6 37801.9 35621.5 33785.9 39129.8 37873.7 41562.4 33059.4 34202.2 31334.1 29517.5 29110.8 32594.6 31837.5 33155.4 30419.7 30180.5 33441.3 33493.6 35059.7 44202.4 39321.8 50130.8 53571.1 57809.7 60729.7 58185.4 67188.8 68789.7 36208 36737.8 38080.1 37877.8 30244.1 30658 41656.5 27666.4 39331.1 55541.9 35274.5 40843.8 38390.6 43965.3 31799.7 31640.5 33031 38449.6 36879.8 47032.5 36452.3 39830.3 38560.9 35926.5 37494 38370.4 36277.4 39954.4 34643.7 38443.6 30434.4 41281.7 35611.6 42183.1 36796.6 34228.9 39391.2 42135.8 41208.5 34706.5 24021.1 19171 21356.4 22462.5 26804.8 52512.5 35140.2 39593.3 43165 23390.3 27077.7 29178.1 34928.4 45780.6 20557.3 25694.4 22496.1 29806.5 31427.3 37910.3 22016.5 51515.4 43695 46872.4 24698.3 32283.7 35782.5 37124.9 46008.6 38081.6 34787.3 
45220.4 44180.4 76348.3 69714.3 42334.9 45174 32587.6 29473.6 29115.1 41130 30545.9 33528.3 36290.1 47132.3 47120.7 46205 34561.8 46465.9 20800.7 0 51536.8 32004.1 75841.5 71862.8 71464.3 74401.2 67464.6 65337.5 72343.7 65171.2 62450 64861.5 53902.4 74034.9 67406.4 80674.3 76751.9 70969.3 80042 50378 48509.6 55060 43976.9 48148 51136.6 52741.6 45725.8 45770.4 47215.3 34882.2 48752.8 60592.3 29323.5 45015.7 42137.2 44084.7 57782.1 75196.9 54045.5 89052 71834.9 79547.6 74145.2 50117.3 77820.2 70325.9 45914 66746.9 72354.6 43571.9 44316.6 48960 46968.7 71216.4 58534.5 77035.5 61733.7 64055.8 46852.7 60655.8 59927.8 51572.7 55659.5 110060 31685.7 69237.9 29833.9 41873.1 41251 101707 76431.5 52420.2 117332 31323.4 30033.7 66543.5 43700.4 48139.6 34099.5 45431.5 52807.1 47202.1 47130.9 46187.1 48980.2 49303.3 46817.2 46531 46338.2 50009.3 50204.3 40050.5 41668.5 44296.6 36589.9 44345.5 50835.8 51023.6 53165.5 49844.1 57515.1 58538.5 54514.7 55376.5 51822.2 51609.8 54898.5 54623.1 60047.4 51317.4 55795.3 55982.8 37812.1 39756.6 37154.8 51556.7 46959.8 38353.7 39215.3 44550.8 56208.2 36764.7 39251.5 37407.7 35352.6 45100.4 44917.5 44646.1 37660.8 39533.2 33857.4 35106.2 38400.2 38216 32484.6 39692.9 33873.5 34611 36955.6 36295.4 38104.6 49068.1 44053.4 60388.3 64380.7 68111.1 70877.9 68012 76676.2 78197 40608 46468.7 49809 48572.9 42587 43094.8 51866.2 42957.8 51752.8 63690 42494.2 49564.5 41676.5 49069.6 37581.1 37714.3 38849.8 50190.3 43535.3 51107.4 46136 48330.6 48047.4 44926.5 45998.9 46304.2 42980.2 48938.6 42742.3 46529.6 28719.5 48364.2 43195.3 48462.6 44218.6 42453.1 44370.7 51896.6 50724.5 47626.8 27263.9 22430.8 32011.3 34697.5 37194.1 53668.6 44487.6 49007.2 51092.3 29846.1 34583.3 38038.8 45875.2 55897.2 31090.5 37348.5 32769.1 36776.5 27879.9 47357.6 29294.6 56004.8 53124.2 52623.9 34084 38779.2 39077.4 40397.5 42776.8 38766.1 29543 
29378.7 28407.2 45071.3 41341.9 15800.8 12737.5 25475.6 23220.8 27190.9 12839.1 21883.8 27574.2 27468.5 6323.38 30336.6 9721.64 26283.6 9706.66 47452 51536.8 0 39507.2 33614 34693.9 31847.4 33131.4 28060.1 38278.1 27302.4 25582.5 25068.9 28679.6 32231.4 33954.9 33860.4 49914.9 47043.1 35316.4 47321.7 7416.52 21511.3 24255.2 18132.6 19111.9 8161.79 6690.89 13221.4 10493.8 28831.5 30558.2 19641.3 37768.5 31297.4 22631.4 40945.1 30898.8 22847.5 41149.3 23268.1 41494 37991.6 44085.4 39066.8 21923 37860.5 45168.6 27997.5 46561.5 44786.6 21011.1 16487.8 27155.3 27859 47236.8 39184.9 46355.2 28770.6 37271 41603.9 31885.4 29520.2 25540.3 23009.1 102328 29998.4 80669.2 39475.2 45257.3 39685.1 111974 117656 34672.2 96375.8 43976.9 44276.7 67957.4 11102.2 22789.1 19985.5 19999.9 9029.99 21149.7 14108.1 19436.2 8553.88 17239.4 17076.2 16763.8 16965.7 16890.4 15760.1 14142.7 13789 12747.5 20239.7 17372.5 7663.18 9850.61 10900.6 6673.67 14748.9 16952.7 7154.14 14913.8 7811.41 10030.6 16439 14426.4 20579.9 12900.6 13835.4 14003.2 16424.6 39372 17444.3 41670.1 31159 15975.1 17172.9 21779.8 67474.8 17116 15429.3 15782.2 16674.4 29431.5 20622.6 49072.8 16334.2 17850.8 18303.7 21282.5 25809.3 18677.2 24357.2 24271 18103.3 17862.2 15220.4 15516.7 14669.3 43133.1 33380.2 34704.5 38219.1 39424.6 39997.1 36000.9 47680.5 39483.1 28330 30877.3 39356.2 35010.7 33236.7 35230.8 36544.4 39182.7 36959.5 18376 24888.2 26790.1 15675.4 33606 16612.9 16727.9 17984.7 37892.3 26265.2 17431.5 33331.7 29333.2 30671.6 26570.3 21594 31714.4 26848.1 30704.1 23118.9 22850.4 24383.1 26822.5 18796.8 25263.4 29160.7 25546.4 34697.6 24873.7 26923.2 32055 26801.1 31891.4 32864.1 38516.9 29204.1 26079.9 24590.6 23630.1 21140.6 24764.5 21962.6 23905.2 36601.8 44496.5 35731.3 44431.9 34888.5 23135.5 34107.4 46121.3 30923 5584.04 41212.7 12377.8 30348.4 31639.9 14000.5 14029.3 14453.2 22649.9 26501.5 
