240 240
0 19618.2 19117.2 22840.2 25160.9 24811.1 29566.4 19442.3 19363 24272.2 21857.4 24414.4 19388.3 45220.4 29378.7 39771.9 41766.6 47714 53696.4 55562.4 49512.8 47647.3 43755.1 43791.2 42740.7 44901.3 49235.3 47050.3 52543.3 50270.6 44641.5 58290.5 54569.4 48706 57839.1 32324.8 27915.5 25499.9 28161.6 30325.5 31638.9 49667.3 36361.9 38217.2 33715.1 26821.5 25180.3 39502.7 50510.8 40168.7 46068.1 54922.8 46446.5 31294.1 37986.8 47787.7 51627.1 35023.2 36307.3 41301.5 18512.3 27732.7 26857.1 18114.5 22439.5 18723 50415.2 46250 51832.2 51634.2 17347.2 39638.2 27716.2 19895.3 77224.3 31671.5 49051 41234.6 37614 50677 58429.1 28498.2 57069.5 36403.5 80957.2 62165.2 55005.8 29769.5 25052.9 23383.4 22271 29952.1 24194.1 28171 28960.2 26681.6 25717.8 23928.9 23803.7 23714.8 24927.5 20966.9 30468.2 22359.7 25070.4 19196.2 24378.1 13412.6 30382.6 22245.8 27899.8 25089.1 28709.4 31281.3 35198.5 29297.3 28171.6 30485 28615.4 34500.2 35746 33073.6 36012.5 28975 31443.6 32136.5 28702 32244.9 32348 31993.9 37426.7 34012.1 31305.6 33322.5 19512 32073 18682 27345.3 24727.8 18525 20990.4 17017.8 48923.7 15720.3 22493.1 20298.4 28447.4 21477.2 23660.1 16975.6 31421.5 15689.4 17516.8 16381.8 18214.4 13919.9 22690.5 18149.2 15585.5 15317.4 16161.5 16987.5 14314.1 17301.5 23679.2 45991.1 53036.1 51319.8 48265.4 55591.6 24402.5 25884.1 37210.4 41932.2 33574.4 32189.1 32854.3 31883.1 39244 34504.7 26529.1 26378.2 26276.1 16095 28976.7 28424.8 18309.6 22110.8 22510.1 19565.4 16913.9 24775.9 17706.7 18090.5 14097.7 16401.6 12157.9 18749 21093.9 33052.3 29183.4 30846.7 30215.7 31540.9 37360.2 20359.8 24441 15366.2 23997 16958 22401.2 17650 21696.2 25048.2 20301.6 18691.4 18074 17379.2 24623.7 23320 28025.6 35782.3 29089 26079 21273.4 22192 26108.9 32731.5 31944.1 29904.3 32175.6 28241.8 27376 29037.6 25719.6 25577.3 25625 28060.6 19322.6 19242.4 
19618.2 0 14788.8 18968.7 26307.2 24709.6 28782.9 19276.2 20128.6 23516.3 8848.08 23605.4 17340.7 44180.4 28407.2 40547.9 39485 46488.1 52236.8 54485 48956.8 46066.3 42978.8 43468.9 41421 43292.5 47283.9 46393.5 51806.5 49187.5 43256.2 56935.8 53144.5 47409.5 56429.4 31270 26038.2 24395.7 27503.8 29711 32212.4 46018.5 37315.2 39013.9 29542.5 25749.9 30383.7 36017.9 48464.9 48865.5 50341.3 59055.9 59083.7 30652.7 49870.5 37447.3 53041.9 29884.8 43780.6 46893 19395.4 18466.8 22777.8 17983.8 22445 19158.7 47888.2 33810.9 36025.6 53358.6 31791.3 24098.9 19873.4 28809.9 76593.3 32177.7 46464.3 28242.8 37111.5 52055 48361.7 26692.4 57231.1 33947.6 91877.6 62756 56616.8 28747.2 24103.7 21667.7 21624.2 29294.2 23190.3 26907.1 26766.5 25624.6 24678.4 22833.8 22598.3 22421.2 24081.9 17344.2 30367.6 15837.1 22966.4 17126.6 19820 15221.4 26154.7 19449.3 26861.7 24376.6 28005 29731.3 34104.8 28446.2 27427.1 29730.5 26854.4 33883.4 34786.2 32360.1 35420.7 28405.5 30948.8 31392 28129 31205.4 31400.1 31050.8 36376 32980.6 29693.3 32331.3 18699.7 30736.3 11930.5 24783.4 28731.9 17467.8 21122.3 15804.1 58387.5 15091.4 21681 19865 37451.8 22828.1 24271.5 17731.7 37566.6 14657.8 16249.4 15764.5 16574.5 11857.4 20759.8 19493.8 16784.2 15826.5 14352.4 16286.4 13786.7 16303 26773.3 36964.9 37960.4 36412.6 33603 38910.4 24101.1 25902.9 28404 34127.3 24876.9 26818.9 27320.3 21119.4 28675.5 28920.5 14423.2 22211.6 26100.9 18343.6 20524.1 17551.3 23315.2 11306.8 10277.2 15800.3 23052.9 16674.5 16602.9 15467.4 21680.5 17125.9 25827.7 24643.4 11280.8 18861.9 16023.6 18845.7 24301.8 19268.4 28916.7 21417.9 25687 16513.4 21215.3 17537.3 18962 15807.7 9903.34 14858.3 17280.3 17743.7 14118.4 11337.5 17346.7 23882.1 21683.5 25795.9 21259.3 24964.2 22192.3 21359.5 21481.6 31865.1 31886.5 31761.2 31997.9 15130.6 26646.3 28055.1 25860.2 20419.2 28182.4 30437.1 18390.6 18078.2 
19117.2 14788.8 0 22579.3 23836.9 22054.2 26265.5 18595.6 14346.6 18742.6 15021.2 18677 10338.1 44319.8 23750.6 39870.1 39979.3 42125.2 47949.7 49868 43539.6 42810.4 38366.8 40863.6 38103.5 39896.8 44703.4 41579.9 46868.8 43786 37547 51380 47498.1 41744.8 50717.7 25657.7 22431.4 18839.6 22225.7 24626.2 29264.7 43212.6 34066.1 36289.6 26384.8 25683.9 27991.8 32440.8 46959.6 46365.5 45415.1 60876.2 54864.7 25471.5 46698.6 37515.3 46266 28493.3 45146.8 51689.3 18708.6 22555.4 20921.6 9045.24 13788.1 8182.61 45916.1 36988 42989.8 49568.6 27648.2 30144.9 24863.7 21413 78727.2 35181.3 45875.1 39980.2 40289.7 49447.2 56990.3 33399.7 67632 40303.2 79823.9 59212 63162.9 26212.3 18598 19814.7 16184 23956.7 17462.5 22741.9 23459.6 20049.5 18673.6 16867.4 16526.3 16817.8 18323.9 19245.9 27499.2 20212.7 19558 14735.5 17769.5 14141.9 23584.6 21055.7 22308 19968.2 22590.1 25717.7 28504.8 22969 22110.4 24119.3 23382.8 28586.4 29217.2 27351.2 30156.6 23224.8 25693.8 26481.5 22804 25630.3 25832.8 25494.3 30800.9 27426.2 26988.2 26756.2 17395.5 35112 11280.6 23026.9 24263.6 13891.1 19536.2 11829.4 56318.1 12770.4 19446.8 17160.3 28323.3 20257.6 17940.3 12817.7 36987.8 11531.2 11501.4 14286.2 15519.1 10602.3 18204.1 16496.8 14200.3 13026.9 11597.3 13458.2 9945.65 11663.8 17602 36339 43057.7 41797.6 39376.7 47485.4 23607.8 23810 29177.8 34196.9 26072.9 24308.2 26265.5 24857.3 29535.7 28537 18760.7 21267.4 30619.8 19907.9 22805.6 28223.4 23294.9 19615.4 19359.3 17129.2 22726.9 24363.9 15214.6 17055.1 20776.5 15867.8 23158.6 24332 14274.4 26516 24842.3 21964.5 22978.2 24748.2 28784.9 20609.5 23916.8 14369.3 20601.8 16012.9 18406.3 15688.9 13610.3 17389.4 15250 15424.2 11382.2 10588 17438.6 22914.7 23866.5 30737.1 24640.4 22675.9 20814.7 20777 19225 30725.5 36998.6 29132.7 26396.1 26245.1 20308.4 22490.1 25189.4 24748 23746.6 26809.9 15995.2 14685.3 
22840.2 18968.7 22579.3 0 28766 28710.2 32969.7 21860.9 15428.4 28777.9 15943.5 27866.9 22751.7 42434 33715.9 46441.3 33340.3 52418.4 57557.1 60376.5 53946.9 53013.5 49234 49168.7 48780.8 50245.5 53455.6 52510 57622 56154.6 50521 64214.5 60817.1 54910.3 63721.5 38490.8 33524.3 32113.5 33941.1 35134.8 29915.7 36826 38825.2 36348.2 22259.8 14071.7 18412.6 27714.7 51515.3 40530.9 44619.6 50197.9 45434.6 35986.2 36217.4 40678.3 44331.1 20289.8 34757.2 34095.6 16257 19982 22978.3 23170.5 26959.8 25321.9 36562.8 30010.2 36981 43529.7 34145.1 27929.3 24065.8 30319.8 73839.7 25534.1 35578.9 21874.6 37715.7 49925.7 40722.8 21730.4 45939.5 20349.5 97157.2 50502.1 45674.6 34195 32149.6 30008.7 28795.4 35041.8 30662.8 33295.3 33851.4 33020.4 31308.1 29593.8 29629.7 30030.6 31217.8 22108.5 20896.2 18716.5 28045.7 25421.7 25823.6 18581.4 34140.7 27038.8 32390.3 31270.6 34943.2 35227.3 41533.9 35481.3 34364 37015.6 32846.8 40459.7 41821.6 39122.7 41643 34620.2 37215.8 37228.8 34794.5 38465.2 38594.8 38308.9 43653.7 39900.1 36029 39549.6 26364.9 18679.9 17140.9 24079 24320.8 23428.4 15732.9 26142.4 44422.4 23543.2 26341.7 23258.9 27926.9 23248.5 23292.4 20640.3 26799.3 24256.6 26678.6 23484.6 16678.2 15912.8 26646.2 16961.9 22221.6 20516.7 22685.5 22523.2 22629.8 23571.1 30860.2 34358.3 40078.8 38450 35734.1 44794.4 16145.3 17656.4 23505.7 27031.8 20028.3 18265.1 18650 20810.1 23664.3 34989.7 17828.1 26771.3 18203.3 17079.5 25201.8 22332.1 16704.4 18890.4 19810.1 17538.8 17471.7 25277.7 16455.9 19982.3 19935.7 19703.6 21583.3 20585.1 16371.1 20471 19868.9 22502.2 18140 20552.7 22321.5 27496.4 25836.4 24151.5 14841.8 19350.2 24618 21426.6 14968.9 18852.4 15717.4 16566.8 19335.3 17695 12957.9 21023.5 14847.6 21260.9 16964.7 14563.5 25232.8 26785.4 12677.4 25974.4 18061.2 21739.4 36547 24172.1 33088.4 35076.8 21515.8 14043.4 24859.4 27839.2 24914.4 26246.5 
25160.9 26307.2 23836.9 28766 0 12907.7 11261.1 17316.2 21258.5 17629.8 31011 14863.1 20332.6 35530.1 20147.6 21819 41613.5 34673.3 38359.5 43271.4 40008.6 35525.5 33599.1 24310.3 30003.2 33396.5 29666.3 38259.8 41841.5 48222.5 43790.7 57707.9 54597 47145.6 57059.6 29912.8 12147.6 24556.6 21808.1 21941 26748.1 45580.1 29548.9 26811.5 30193 31655.8 21278.5 33951 59622.7 50145.4 56813.2 69675.4 62139.7 24483.1 47259.3 43775.1 51881.9 32751.3 47472.1 44996.9 21491.1 24806.5 22276.1 27081.4 15933.4 27976 45468.9 44908.5 52664.1 45148.6 36573.6 41677.5 38844.4 30876 99940.5 37098.3 26762.9 29087.9 60964.9 25866.4 42723.2 26555.6 59459.6 32535.6 97199.9 39350.3 57184.9 13045.6 25691.6 12162.9 22820.5 22482.6 24012.2 13712.6 10358.4 23476.5 22471.3 21511.8 21516.5 22102 23021.8 21989.7 25505.7 20264.6 22885.6 12015.6 14220.7 13490.3 16725.6 14818.5 19783 17493.6 23892.9 18678.5 32474.7 25186.8 24273.3 26546.3 20796.3 29864.3 31709.1 28953.1 30528.7 22722.9 26137.6 25821.5 24034.1 29512.1 28414 28254.8 34216.6 31053.3 24017.7 29382.7 13590.6 29564.3 18684.8 11777.3 33399.3 13543.8 25233.2 19341.2 48960.4 16597.8 11944.1 11195.8 40189.4 8678.56 25533.9 20406.9 36019.9 17301.9 19834.1 13338.4 16922.7 22193.7 14925.5 18310.8 11626.9 13541.8 14394.1 13028.5 15889.5 15146.9 25701.7 44277.3 52209.8 51788.1 48342.4 57898.2 22369.8 32070.9 39015.4 41888.8 36123.5 32616.4 33464.7 37561.6 39969 34689 23652.8 15289.6 36814.6 23964.6 19770.5 31816.6 29544.3 26761 22910.4 22097.6 28920.8 28396 21992.4 23930.8 25015.6 17143.6 22715.4 25984.2 22699.3 27279.8 32891 31189.1 26899.1 30261.2 35014.2 17002.7 22169.9 14891.9 25824.5 13496.1 12194.7 14252.5 26076.1 29169.2 22848.9 20610.8 21373.5 23582 34696.4 42908.7 28868 38038.9 31327.8 19190.4 12764.4 12442.2 19704.6 14607 39256.5 25293.6 23930.7 39986.1 24988.5 25605 24534.4 31376.5 17096 17333.7 13691.5 15846.2 
24811.1 24709.6 22054.2 28710.2 12907.7 0 9079.65 18007.4 20576.7 13913.1 28516.6 10577.7 19655.8 42334.9 15800.8 31961.4 43069 28889.4 32795.3 37865.3 31476.5 30394.4 28722.3 22827.5 29030.9 28193.9 29133.6 31748.4 37151 37477.6 32610.2 46462.4 43473.1 36642.1 45816.1 19789.3 16952.4 13921.7 18777.3 18363.5 18747.5 37196.4 22857.8 22807.5 23972.5 32101.7 25904.2 26276.1 52245.5 40733.2 48122.6 60378.9 53934.5 16155.6 40510.9 38321.1 45804.5 25580.1 39978.1 42014.2 21298.9 19896.1 22057.8 25330.2 16412.5 25876.8 39511.5 37488.7 45582.5 43414.2 28989.8 34592.7 29522.6 23847.9 99727 39098 32862.2 36794.1 60481.7 32932.8 50970.9 27815.6 62100.4 35632.9 96251.6 42427.3 58448.9 12924.2 20409 14646.6 16081.5 17540.2 18518.5 16695.9 15950.2 16068.1 16694.1 15866.6 16160.7 17472.1 15430.9 19466.7 17962.3 20275.5 18232.9 12501.2 15434 13848.7 21034.3 18646.1 14924.8 15574.3 21092.5 16379.2 25253.4 18092.2 19835.8 22191.1 16777.4 23803.2 22875.5 24301.4 21974 19835.1 20976.2 21028.6 20347.1 19592.8 19781.7 19198.6 28659.1 21309.6 16496.9 23277.5 11304.1 31993.4 15501.3 13600.3 33529.6 12542.4 25765.5 17611.3 58103.7 14022.4 7917.07 9923.36 37934.6 9199.9 24526.5 16664.6 39392.8 15744.9 18289.1 12205.9 17002 22697.7 8943.67 20491.9 12738.7 14864.3 13127.7 11729.8 14979 14657.3 25758.6 38865.1 46447.6 47045.3 43909.3 53517.8 26244.9 33119.5 32594.5 35659.3 27979.9 30191.3 26332.9 30204.2 34163 27891.5 23084.7 17874.4 35721.4 25585.9 18309 28897 28345.2 23274.2 20822.8 20786.5 28162.7 23733.9 19909.1 18236.2 25006.7 16095.8 22763.6 26933.3 18085.8 28945.9 33060.1 30614.4 27405.1 30067.4 35231.8 20055.5 24812 15926.8 27072.8 14982.2 14697.4 16996.5 23852.4 24753.2 22845 21101.2 20174.6 22233.5 34173 42099.6 28558.8 38051.6 30113.5 18847.8 15132.1 13873 18726.5 24583 39471 22652.5 15557.2 39096.2 15663 16040.6 26283.3 32965.1 12340.3 14508.9 14161.9 15239.4 
29566.4 28782.9 26265.5 32969.7 11261.1 9079.65 0 22543 25105.2 11555 32718.5 10059.1 24397.5 45174 12737.5 30661.8 47975.7 27440.8 30709.7 36904.9 31156.9 28652.5 26059.4 24865.3 23845.2 26361.5 27226.6 31076.5 34362 40579 37352 50476.6 47657 38925.6 49376.3 23779.1 13613.6 18397.3 15783.3 15023.2 24875.1 40319.3 26335 25592.7 23608.7 37234.8 24576.1 26809.6 51607.9 42061.4 48899.1 61462.4 55763.4 14440.2 39765.4 36484.1 44155.7 29833.1 42197.3 42588.7 22976.8 21474.6 21209.2 29544.9 15757.3 30307.9 40651.7 38716.6 47093.1 43364.9 30879.2 36621.7 32892.2 25249.1 103706 42844.9 30195.6 37808 64423.1 27014.9 46428.8 30408.4 60814.6 32139 98986.7 38428.5 57838.8 8066.37 22931 16172.5 18816.6 14456 21040.5 11541.8 11980.7 16666.4 15931.2 16655.7 16790.3 18047.5 18387.1 18899.3 24605 20820.8 19046.8 13325.6 12461.2 17218.5 15791.3 15042.1 11671.2 12884.5 17628.9 11580.7 25748.3 15841.5 17102.1 19264.7 12937.2 22223.8 23087.6 22924.2 20139.8 16161.4 18351.2 17717.8 17100.6 20895.7 19615 19449.5 27778.1 22689.5 15914.7 20157.3 11715.5 35135 19264.2 12799.8 37426 13305.9 29988.9 19368.5 57945.9 16409.8 9519.1 11709.2 40596.6 11711.6 28876.5 21192.8 43613.5 17502.1 20046.4 15186 20730.6 26498 9748.78 22130.9 15576 17729.6 15320.3 14469.2 17673.8 15833.4 30673.3 40817.3 47984.8 48291.6 43893.7 55490.2 24215.2 33537 37278.6 40244.9 34254.5 33638.7 32746.7 36009.3 38099.5 26823.9 26215.6 15092.4 37622.2 27413.9 16040 31558.5 30856.1 28027 23908.5 21981.4 30997 27125.1 21934.7 21048.1 27093.2 17698.3 24370.3 28328.8 23288.8 30678.4 33044.4 30429.9 27154.5 29477.7 35889.4 23764.5 28922.6 19236.8 32025.7 19355.3 17609.8 22062.7 27001.7 26479.6 26406.3 24571.5 24141.7 26303.2 38129.4 46300.7 33526.4 43076.3 35045.5 22052.3 15603.3 16897.5 21720.7 25203.1 43481 27225.9 13763 43056.3 16997.4 17591.6 31350 38047.7 12137.6 14971.5 13364.5 15052.7 
19442.3 19276.2 18595.6 21860.9 17316.2 18007.4 22543 0 9527.5 21000.3 22565.4 20421.1 11333.8 27629.2 25780 30572.4 25844.4 43285 48959 51321.4 46195.2 42856.6 40050.2 35622.3 38167.3 40062 42276.2 43515.6 48813.2 46492.6 40500.7 54217.2 50390 44724.8 53673.9 28554.9 23419.5 21714.8 24885.5 27085.5 14284.2 39394.3 21797.9 20581.2 24248.6 23820 24744 31496.3 63117 48584.8 55267.4 66979.8 57571.2 27955.8 47227.7 50571.5 54980.4 25184.5 41528.5 49589 17543.6 25311.1 19616.5 22432.3 17284.9 20869.5 39760.5 40992.5 48014.8 35609.9 34536.7 36291.4 34201.9 28181.5 89432.8 35287.2 31787.9 32191.8 50195.2 34695.2 50477.2 24021.2 59589.2 33515.8 90954.2 44957.3 58126.4 22986.6 21384.3 17222.3 18551.2 26675.9 20410.4 23828.4 23454.5 22980.8 21888.4 20025.6 19785.3 19669.2 21335 24024.6 16514.2 23370.1 21040.8 16730.4 21529.6 11240.3 27492.1 23244.6 24355.5 21731.3 25473.2 26589.5 31488 25862.9 24878.5 27504.5 24113 31374.8 32082.3 30265.7 32873.7 26026.7 28452.6 28714.7 25824.6 28561.6 28756.3 28420.7 33946.8 30290.2 25853.3 29687.5 13729.3 28740 14669.3 17655.2 30119.5 13076.2 21614.8 13487 52088.7 11195.1 15011.7 12455.1 34109.2 12048.6 20958.2 18453.4 32434.8 11980.8 14073.2 9550.3 12261.1 13530.6 16719 14701.7 9145.68 9329.67 11508 12464 10887.6 14374.6 18660.4 39048.5 47610.4 47866.3 44534.6 53648.3 22968.2 25932.1 29117.4 33463.8 27240.2 23713.8 23074.8 28502.4 31479.7 37079.8 21586.4 19504.5 28826.5 18306.3 28440.9 21901.1 26103 22037.2 19293.5 19776.4 21542.3 24652.3 16270.3 20065.3 22258.2 16415.7 21828.2 20083.3 17240.7 26072.4 30490.6 28816.1 24649.2 29042.8 28722.5 8009.72 8521 7511.36 12000.1 10754.5 14018.7 7137.89 20781.8 24566.8 12203.8 8856.07 12246.9 14707.9 24112.3 33255.2 14044.1 22347.7 16387 16879.7 11430.1 14230.1 16554.4 18618.4 32125.3 16338.3 29074.9 30352.4 23824.1 25355.1 11219 16429.8 15714.1 16602.2 15185.7 15799.7 
19363 20128.6 14346.6 15428.4 21258.5 20576.7 25105.2 9527.5 0 20604.1 16733.3 19808.3 10557.2 32587.6 25475.6 37380.7 28094.7 43240.2 49193.2 50935.7 44890.7 43553.9 39295.5 40051.3 38894.6 40659.2 45646 42520.3 47786.8 45125.9 38935.7 52788.9 49087.4 43249.2 52144.7 27079.1 25255.8 20362.5 23796 26187.1 19237.3 32329.7 27791.2 26671.4 17466.9 20315.4 20822.4 23914.9 57602.7 42819.8 47996.3 58145.1 48322.8 26816.7 39339.9 46730.5 48235 19341 36544.4 45148 15020.9 23259.7 16831.1 18804.2 18146.5 16927.4 33645.2 32743 40849.5 36496.5 30861.6 29823.1 28559.6 24278.4 81658.9 34963.9 33413.8 31800.8 43083.1 41384.1 48421.8 26802.3 59416.7 31146.4 89222 45708.6 57476.4 26272.4 19688.6 21697.3 17123.4 25385.5 18885.2 24702.1 25158.1 21581 20087.1 18280.9 17932.4 18299.9 19746.6 21973.2 14317 20944.8 18405.8 18119.5 20217.1 13350.2 28121.9 24998.3 24256.1 21527.5 24489.8 27046 30454.6 24504.6 23677.3 26530.9 24674.1 30169.3 30709.9 29893.4 31650.4 25259.6 27651 28066.1 24954.1 27168.3 27386.4 27116 32714.9 28847.9 27391.4 28287.7 16673.8 27424.8 13066.8 18187.1 27434.7 13803.3 18243.8 13879.9 52390.1 12483.7 17124.4 14640.8 27359.1 15363.6 17896.8 14973.4 32496 12793.4 14027.4 13527 10677.3 10980.1 18673.6 14356.5 12272.7 10278.6 13190.7 14002.2 11373.6 14938.3 21511.1 32721.8 41940.4 41821.4 38383.6 48760 17905.2 19995.5 22742.7 26918.2 21345.5 17305.6 17701.9 22478.8 24665.1 33590.6 19075.4 19297.9 22301.8 16288.4 26838.5 24339.5 18836.5 19019.5 20099.7 17155 16606.1 26122.4 13386.4 16758.8 19573.8 14552.5 19683.8 18483.3 16063.5 24578.9 25585.3 24156 18644.5 24568.9 22640.5 16013.2 14799.5 11914.2 10389.4 10626.2 15820.4 10062 16633.5 19709 7118.48 5343.27 8632.31 11768.3 17174.2 26999.1 14612 21704 16506.8 12079.7 16667.1 18918.5 11709.2 21206.6 30389.9 16746.6 27737.9 26827.7 21707 23946.4 13870.7 16750.4 15642.2 19606.6 17042 16473.7 
24272.2 23516.3 18742.6 28777.9 17629.8 13913.1 11555 21000.3 20604.1 0 25435.1 7024.47 21389.4 47132.3 6323.38 37544.1 44746.4 32204.1 36916.7 41499.9 29670.9 33535.4 27528.8 33917.5 27906.2 30439.7 31464.1 31858.6 36068.4 35986.3 33584 46740.8 43921.3 32890.5 44812.3 20011.1 17017.7 14629.2 8954.52 9061.76 26320.9 35030.1 24511.5 27334.2 18742.2 36384.6 27971.1 21689.6 45977.8 37575.7 41844.7 55469.4 49043.2 8071.84 34758.6 36021.9 41467.2 25266.1 39185.5 45939.4 16378.5 19027 13156.7 22137.3 11384 22839.2 34930.6 32051.6 39752.7 38176 23268.1 28511.3 26176.3 18566 97402.5 42619.2 39275.2 40737.8 57934.4 32729.7 50628.6 36775.3 60150.5 36383.9 91329.8 45987.4 64460.1 11117.7 18320.2 15640 14996 11186.2 16617.3 13714.9 15818.4 12272.9 10834.1 12306.1 12092.8 12552.4 14380.9 12272.9 24520.5 18786.5 10776.8 10890.2 12227.5 15516.5 18108.9 15181.9 5862.62 9485.67 8086.55 10346.4 16530.1 7869.57 8279.97 9096.18 5748.2 12592.9 14702 12402.6 13058.2 8162.02 8578.47 8870.17 6783.68 13972 12323.9 11944.6 17785.5 15337 10736.7 12574.2 12523.5 36584.8 16945.5 15918.4 36837.8 9629.79 27216.1 12515.3 64942 12822.6 13330 11133.5 35151.4 13098.6 25684 16044.2 45317.4 11679.5 13182.7 13809 17483.6 20867 9037.65 19491.9 13621.8 13410.3 10574.2 11492.8 12141.4 10452.1 28565.1 31686.3 37705.3 37421.9 33821.8 44870.4 25040 25880.5 34426.6 35961.5 30362 28282.2 30059.5 31301.9 32788.3 18909.7 21396.3 16703.5 32536.7 21140.7 16114.6 28100.2 24423.1 25672.9 21796.7 16389.9 26223.8 25497.3 17794.1 17549.9 21754.2 14186.2 19867.3 23734.5 21278.4 30305.8 25393.7 20996.6 19450.3 24823.5 27971.4 22011 26991.6 16855.8 27819.1 16314.7 16681.8 21166.1 19619.4 18069.6 20438.3 19738.9 17111.5 18984.8 31680.7 39536.6 30933 39216.7 32079.1 19106.1 15323.4 20139.9 18843 31126.3 41641.9 26193.1 8873.35 36331.6 8881.21 9432.08 28808.3 35136.4 9517.25 11910.6 9668.82 9714.37 
21857.4 8848.08 15021.2 15943.5 31011 28516.6 32718.5 22565.4 16733.3 25435.1 0 25315.8 18299.7 47120.7 30336.6 46636.9 40303.1 48308 54345 56067.7 49797.8 49023.5 44415.1 47481.3 44332.1 45987.2 51347.7 47633 53075.4 50064 43591.5 57600.7 53468.5 47764.2 56756.2 31814.6 29822.4 24928.6 28670.9 31064.3 33945.1 42656.3 40257.1 41423.6 25108.5 23079 29393 32289.5 48013.1 44784.4 43251.1 51737.4 53127.4 31736.2 44136.8 38820.9 47184.1 27037.5 41702.7 44042.2 19234.7 16555.3 22779.7 16135.6 25841.8 18090.9 44166.5 28006.7 31517.6 52192.5 29430.2 18820 18018.2 26316.2 72356.2 28675.9 46173.1 27543.5 33072.4 55029.7 47273 25642.5 54788.9 31713.4 92211 61126.2 53614 32892.3 24690.6 27398.8 22682.8 30217 23673.9 29483.9 30057.9 26150.6 24927.3 23069.6 22745.5 23073 24508.9 18383.6 28942.8 17058.3 24391.1 21383 23704.6 18853.2 30092.3 23614.9 28782.6 26340.9 29000.9 32127.8 34617.1 29136.7 28378.6 30584.9 29961.5 34791.2 35394.4 34179.8 36359.8 30020.1 31971.1 32772.9 29110.4 31757.8 31961.8 31629.2 37040.1 33626.6 33665.6 32867.5 24202.2 27773.3 13520.2 26362.9 26287.1 20391.3 20682.8 18193.1 56536.3 19229.5 24798.9 22535.4 34014.4 26697.7 25307.2 18481.1 36322.8 18372.9 17996.7 20846.8 19267.1 12290.6 24883.7 21665.3 21723.8 19376.4 18648.9 20363.4 17523.2 19143.3 28668.3 32114.2 33790.5 31611.8 29458.6 36078.2 22944.4 22732.2 24362.7 29681.4 21370.5 23337.7 24424.7 15514.9 23511.8 29925 13232.6 24983 23980.5 18956 23183.9 17930.4 19271.6 12537.5 14407 15245.3 21093 19745.4 14882.3 15174.1 20687.5 17299.4 24193.9 23547.3 12527.7 19148.6 12937 14882.5 20969.5 16890.3 25322 27205.3 29333.2 20809.2 20929.5 20037.7 21948.3 19511.5 7167.15 8657.8 17009.5 18719.8 13192.6 9946.98 13411.6 19143.8 20838.5 22397.6 18354.2 23567.3 25753.3 25583.9 19969.9 33326.2 28142.1 30705.2 32689.3 12734.5 26400.7 28669.7 28548.6 19253.3 28535.4 32351.3 23450.5 21692.4 
24414.4 23605.4 18677 27866.9 14863.1 10577.7 10059.1 20421.1 19808.3 7024.47 25315.8 0 20517.7 46205 9721.64 35102.4 45277.5 29915.3 34502.5 38975.3 30944.9 30828.6 27036.9 29754.5 25799.4 27730.2 29299.6 31389.8 35506.3 36115.6 34077.3 47109.3 44289.7 33820.4 44999.7 20504.4 14729.4 15253.4 12323.4 11515.4 25743.2 36974.4 24895.2 25554.2 20376.4 34381.1 23809.9 23894.8 47127 38936.7 43841.7 57766.4 51329.3 11498.6 35965.7 33649.4 40401.3 26994.7 40162.7 41817 16828.3 17565 17106.5 21908.2 11193.7 22591.5 37976.9 33697.9 40391.5 40558.9 22551 28696.2 25013.5 16516.6 97231.5 40486.8 36166.1 38932.6 57808.1 32761.4 49659.6 30672.4 61530.6 33563.4 91351.1 44286.3 59000 10088 17358.6 14929.1 14352.5 13479 15598 12330.4 13358.5 13534.4 10611.3 11309.5 11330.9 11880.8 14013.7 15238.7 22766.1 18769.6 15156.2 8859.62 12664.9 14307.5 17759.3 15067.2 9603.16 11249.3 13327.3 10136.2 20695.7 12101.4 12135 15632 10343 18391.9 18919 18536.7 17448.8 12424.9 14707.5 14730.4 13013.7 16071.6 15808.8 15323.2 23099.4 17499.1 13641.6 16271.9 9887.92 32274.2 14169.8 13878.5 33939.7 9456.63 25267 14165.2 59532.7 12596.5 9461.92 10100.6 35154.8 11843.4 23455.8 14345.8 41810.8 13048.3 14843.1 13729.3 15940 20951.3 7800.49 19200.9 13780.3 14033.5 10780.8 10952.9 13092.9 10635.5 27155 35815.9 42624.2 42274.7 38600.7 48724 23405.4 28038.2 34634.5 38109.9 31590.5 30249.4 31017.7 31471.6 35283.7 22183.1 20948.7 15335.5 32981.3 22043.8 13435.4 28952.7 25200.7 24674.7 21559.8 17226.3 26246.5 24891.5 17889.7 17092.1 22432.9 14040.6 20784.2 24557 18721.2 28351 28373.7 25073.5 23974 27225.3 30073.8 22240.3 26741.9 17949.7 28624.9 15702.2 16002.8 20464.9 20514.2 19557.8 21606.1 20973.3 18492.4 19770.8 31532.7 39349 30967.3 39462.6 31751.5 19471 16756.9 17729.1 17331.7 27877.6 39450.6 24420.4 10782.1 37122.9 10774.9 12158 28632.9 34894.7 10593.4 14239.4 10160 9969.71 
19388.3 17340.7 10338.1 22751.7 20332.6 19655.8 24397.5 11333.8 10557.2 21389.4 18299.7 20517.7 0 34561.8 26283.6 33580.2 31939.7 44341.3 50151.1 52104.7 46490.2 44008.7 40816.5 38148.9 39392.7 41129.7 42780.5 43837.6 49256 46725.3 40565.5 54373.9 50558.3 44721.8 53766.1 28609 24035.1 21724.2 25134 27549.1 24170 41743.8 30233.2 30864.9 24728.2 21658.2 23086.6 31137.4 55695.3 45549.8 48364.6 63177.1 54660 28416.2 45191.7 43805.4 47894.1 27866 44643.9 48552.4 20534.9 22298.8 19794.1 14785.6 12722.9 12972.6 43661.2 38977.8 45478.7 43780.2 32297.6 32823.4 30923.5 24996.1 81592.4 33048.8 39684.5 36564.4 42305.6 44558.6 53606.3 29018.5 64535.1 38672 83383 51292.4 60273.3 23795.8 21261.7 16844.6 18582.3 26944.3 20426.4 24955.8 24684.8 22983.8 21609.8 19803.6 19475.3 19691.1 21291.5 23964.5 22057.5 23514.9 20551.7 16980.5 20082.6 13075.6 27490.6 22563.5 24732.8 22192 25575.8 27779.9 31439.1 25944 25084.1 27077.4 24856 31561.9 32178.2 30139.5 33130.1 26143.8 28642.3 29265.2 25783.6 28578.3 28783.7 28445.1 33735.3 30403 26899.8 29694.9 15191.3 31859.7 13562.8 18248.4 23271.7 14229.2 20616.7 13585.4 53166.4 11670.9 16769.5 14316.4 29998.3 17118.9 15138.4 14844.9 33933.9 12111 13584.4 10435 12733.2 12348.9 18059.8 17052.9 12258.1 11505.4 11964.8 12475.9 9680.75 14169.2 16727.7 37166.4 45397.6 44558.6 41433.5 50433.4 21971.6 26173 30106.6 34506.1 27208.8 24898.7 25357.5 26268.4 31587.1 35231.5 18799.3 17668.3 31572.6 19780.9 27083.6 28808.6 23454 23100.3 20843.2 20959.2 23660.1 26129.7 17438.2 19566.4 21542.1 17404.1 23876 25140.3 14558.4 24508.3 26243.5 24731.4 23985 25946.2 28954.8 14364 16091.3 9642.02 15925 12525.2 11554.4 8869.77 17160.5 21183.5 11185.5 9553.66 8833.62 10753.1 17976.9 23935.9 20696.2 28674.8 23614.5 19708.5 14754.2 14418.7 18653.6 24474.9 35807.2 22818.9 29284.7 26461.1 23249.8 25453.3 16604.5 20209.6 21425.5 23825.6 14988 16064.1 
45220.4 44180.4 44319.8 42434 35530.1 42334.9 45174 27629.2 32587.6 47132.3 47120.7 46205 34561.8 0 51536.8 32004.1 28590.6 67752.3 71862.8 75515 72343.7 67385.1 65171.2 52395.1 62450 64861.5 53902.4 69281.8 74034.9 73194.5 66876 80674.3 76751.9 70969.3 80042 55060 43976.9 48148 51136.6 52741.6 34882.2 60592.3 41129.3 29323.5 45015.7 42137.2 44084.7 54045.5 89052 71834.9 79547.6 90043.1 79381.9 53906.5 69350.7 74145.2 77820.2 45914 64662.6 66746.9 43571.9 46513.3 44316.6 48960 43113.9 46968.7 58534.5 64055.8 71789.6 46852.7 61761 60655.8 59927.8 55659.5 110060 55402.1 29833.9 41873.1 71874.8 44131 48793.2 41251 66706.1 52420.2 117332 30033.7 66543.5 43700.4 48139.6 34099.5 45431.5 52807.1 47202.1 47130.9 42202.1 49303.3 48680 46817.2 46531 46338.2 48093.7 50009.3 36614.5 48055 46237.3 40050.5 44296.6 36589.9 48553.9 44345.5 49724.1 46809 51601.5 50835.8 57652.1 52068.1 51023.6 53165.5 49844.1 57515.1 58538.5 55376.5 58851.9 51822.2 54167.7 54255.1 51609.8 54898.5 55001.4 54623.1 60047.4 56732.9 51317.4 55982.8 37812.1 39756.6 38746.9 37154.8 51556.7 38972.2 46959.8 39215.3 56208.2 36764.7 39251.5 37407.7 56507.4 35352.6 45100.4 44917.5 44646.1 37660.8 39533.2 33857.4 35106.2 38400.2 41810.4 39692.9 33873.5 34611 36955.6 36295.4 36886.9 38104.6 44053.4 60388.3 70710.9 70877.9 68012 76676.2 40608 46468.7 49809 53937.7 48572.9 42587 43094.8 51866.2 51752.8 63690 42494.2 41676.5 50190.3 43535.3 51107.4 46136 48330.6 48047.4 44926.5 45998.9 46304.2 48938.6 42742.3 46529.6 48364.2 43195.3 48462.6 44218.6 42453.1 44370.7 53117.3 51896.6 46211.9 50724.5 47626.8 27263.9 22430.8 32051.4 32011.3 34076.8 31293.1 29361.6 44487.6 49007.2 32919.2 29846.1 34583.3 38038.8 45875.2 55897.2 31090.5 37348.5 34105.1 37757.1 35120.8 36261.4 36776.5 27879.9 47357.6 29294.6 56004.8 53124.2 51397 52623.9 23628.6 35798.8 42457.1 41669.8 39077.4 40397.5 
29378.7 28407.2 23750.6 33715.9 20147.6 15800.8 12737.5 25780 25475.6 6323.38 30336.6 9721.64 26283.6 51536.8 0 39507.2 49534.6 30518 34693.9 40353.5 27302.4 32057.6 25582.5 35445.2 25068.9 28679.6 32231.4 30284 33954.9 38600.8 38111.1 49914.9 47043.1 35316.4 47321.7 24255.2 18132.6 19111.9 8161.79 6690.89 30558.2 37768.5 27026.3 31297.4 22631.4 40945.1 30898.8 23268.1 41494 37991.6 44085.4 55417.8 51250.1 9006.93 33495.3 39066.8 37860.5 27997.5 42182.4 46561.5 21011.1 23104.9 16487.8 27155.3 16195.1 27859 39184.9 37271 42412.4 41603.9 27765.9 31885.4 29520.2 23009.1 102328 47482.7 39475.2 45257.3 62861.6 29961.2 46761.8 39685.1 62289 34672.2 96375.8 44276.7 67957.4 11102.2 22789.1 19985.5 19999.9 9029.99 21149.7 14108.1 17269.6 17239.4 15516.4 17076.2 16763.8 16965.7 19478 16890.4 28982.3 20575.3 13227.9 14142.7 12747.5 20239.7 15535.1 17372.5 6376.53 8567.9 9437.37 7663.18 19409.6 9928.15 9850.61 10900.6 6673.67 14748.9 16952.7 14913.8 13985.2 7811.41 10287.7 8496.33 10030.6 16439 14709.1 14426.4 20579.9 17913.8 12900.6 14003.2 16424.6 39372 21551.2 17444.3 41670.1 14007.6 31159 17172.9 67474.8 17116 15429.3 15782.2 40054.8 16674.4 29431.5 20622.6 49072.8 16334.2 17850.8 18303.7 21282.5 25809.3 13760.7 24271 18103.3 17862.2 15220.4 15516.7 17168.6 14669.3 33380.2 34704.5 40895.3 39997.1 36000.9 47680.5 28330 30877.3 39356.2 40400.7 35010.7 33236.7 35230.8 36544.4 36959.5 18376 24888.2 15675.4 37892.3 26265.2 17431.5 33331.7 29333.2 30671.6 26570.3 21594 31714.4 30704.1 23118.9 22850.4 26822.5 18796.8 25263.4 29160.7 25546.4 34697.6 29823.8 24873.7 24215.2 26923.2 32055 26801.1 31891.4 21574.5 32864.1 20038.6 21381.5 25968.9 24590.6 23630.1 25348.8 24764.5 21962.6 23905.2 36601.8 44496.5 35731.3 44431.9 36800 23518.1 18182.5 19828.1 23135.5 34107.4 46121.3 30923 5584.04 41212.7 13047.9 12377.8 33659.3 40098.1 14028.7 14449.1 14000.5 14029.3 
39771.9 40547.9 39870.1 46441.3 21819 31961.4 30661.8 30572.4 37380.7 37544.1 46636.9 35102.4 33580.2 32004.1 39507.2 0 52068.6 48220.2 49285.8 53777.4 58335 49045.4 49643.1 25978 44091.9 47532 29891.5 54388 57316.5 65342.9 59495 73127.9 69425.2 63534.9 72695.6 46997.7 23797 40095.2 40109.2 40241.5 40757.9 65429 44237.6 37974.5 48546.4 48068 39272.9 54625.7 80239.4 70695.7 77477.8 90380.3 82703.6 43227.5 67940.2 64787.8 72426.5 51636.5 68514.7 65324.5 41837.4 44487.5 42267.2 43859.6 35483.8 43235.8 66361.9 65349.5 72712.2 63443.4 55831.7 60911.5 57484.5 49270.6 114160 56892.1 39651.8 45268.9 74839.3 28581.2 40647.2 41962.2 76521.3 51490 110920 44572.1 73826 31163.6 40421.9 23488.4 38135.9 40597.6 39461.8 28130 25064.1 41255.4 40836.1 39090.7 39205.9 38958.4 39896.2 42430.1 44982.8 39917.9 42160.3 29715.5 33505.8 29700.9 30974.3 33496.8 38043.2 34046.8 42010 36559.7 49701 43344.9 42283.4 44324.3 39281.9 48104.2 50037.3 46661.5 48731.6 41242.3 44091.8 44132.3 42031.1 46863.4 46575.7 46194.2 52000.9 48688.3 42037.3 47594.5 29007.4 42592.4 35082.4 31949.5 49305.5 30429.9 44012.9 31604.4 60614.2 29161.9 27450.3 29526.1 59372.3 28113 40526.9 38054.1 50696 29903.6 32131.3 26633.4 31527.7 36245.7 32316.6 37655.8 27709.9 29440.6 29111.1 27261.1 30473.1 29252.7 39776.7 62258.1 71676.1 71523.4 68447 76635.6 40785.6 52482.2 54275.6 59105.4 51942.6 49149.8 50092.6 53340.5 56621.6 55822.1 39310.3 32061.7 56698.4 41666 40761.8 49491.6 49177.9 45165.8 41560.8 41897.7 48058.3 45246.8 40467.6 43017.2 44724 37377.4 43280.3 45980.9 40455.1 42587.5 51297.5 51018.5 46466.1 48245.5 53386.1 25592.4 30346.1 26300.5 39150 29499.2 27037.3 28343.9 43618 48180.2 36421.1 33933.6 35201.3 37240.9 48383.9 56851.9 41760.1 51742.7 46200.7 39053.1 30344.7 26558.7 38141.7 24030.4 57914.1 42603.5 44034.2 53526.9 44548.9 45233.3 35340.3 43236.9 37725.8 36840 28986.9 31492.9 
41766.6 39485 39979.3 33340.3 41613.5 43069 47975.7 25844.4 28094.7 44746.4 40303.1 45277.5 31939.7 28590.6 49534.6 52068.6 0 68054 73992.4 75982.8 70395.2 67705.9 64242.7 60000.1 62990.5 65025.3 67006.8 67734.6 73147.7 70712.7 64527.4 78364.9 74403.4 68620.8 77693.4 52679.6 47664.6 45805.3 48990.3 50952.1 33241.4 52320.2 39891.4 35750.8 34093.9 31866.9 40573.3 43529.5 84342.3 66079.6 71887.4 79394.5 67371.5 52013.7 59098 72236 70585.4 35339.5 60661.2 62340.2 39427 45554.3 39073.4 45233.6 41897 42921.6 40239.1 52668.2 61249.3 26577.6 58191.6 52434 54099.3 52136.2 97014.3 52144.2 29617.1 39330.5 63678.2 56166.4 61616.9 41907.7 62242.4 43868.7 113831 38639.7 64012.5 47893.2 45674.1 40800.2 42798 50780.7 44697.6 48313.7 48674.5 46960.6 46155.1 44292.4 44000.3 43807.6 45624.8 46463.9 30897 43621.4 42310.3 40451.6 41554.4 35416.3 50521.3 47430.5 47988 45429.9 49378.2 51266.1 55369.5 49819.3 48800.2 50941.6 48313 55297 56229.9 53395.8 56787.2 49789.1 52185.1 52535.9 49472.6 52555.7 52689.7 52349.8 57704.7 54437.8 50654.9 53640.1 38789.1 42021.6 36255.9 39876.7 47412 37739.4 42795.3 36983.8 53197 34913.7 40368.6 37902.5 52943.2 36479.6 41543.3 40672.9 46183.1 35481.1 37257.4 33855.7 32238.2 33583.7 42050.5 36839.3 32907.1 32332.2 35654.9 35812.8 33406.4 37304 41650.1 49712.4 60351.6 60481.7 57844.1 67750.1 39268.3 40719.6 36661.9 39421.3 35816.7 27316.7 28349.5 40873.1 37374.9 59728.5 35448 40358.1 43080.4 40250.6 50634.4 40118.7 42318.9 42755 40162.6 41946 42298.4 44987.4 38716.9 42686.8 44676.9 39502.3 45121.3 40498.1 38726.2 38048.7 43505.6 43077.7 35416.8 40829 33164.3 27921.5 23450 29771.8 19830.3 31266.1 35452.4 28793.2 37939 41756.2 25592.4 25996.4 30019.1 30624.4 34095 46133.1 21802.1 24638.2 25242.6 28406.6 33793.6 36346.1 30904.6 35294.8 37848.9 23770.9 53304.8 45418 47990.4 49566.4 18737.3 23545.5 40237.3 38930.9 38102.2 39396.3 
47714 46488.1 42125.2 52418.4 34673.3 28889.4 27440.8 43285 43240.2 32204.1 48308 29915.3 44341.3 67752.3 30518 48220.2 68054 0 11601.1 11244.1 15158.5 6596.01 13345 24261.5 13835.5 7728.67 43520.5 13441.3 16108.1 33244.2 26740 42483.1 36145.6 35819.9 41301.3 21203.9 26487.6 25967.3 31613.2 31452.8 38572.6 46589.4 45051.2 46438.4 44298.8 59432.3 47221.3 44289.7 67599.8 57424.5 60827.5 75764.2 71047.8 29757 55489 53229.5 58484.5 48680.7 54753 65861.6 45455.1 44223.2 44778.5 45837.4 40006.2 45498.3 54368.1 50535.8 63091.9 56777 47702.3 56028.7 49794.8 43213.6 120424 66632 53124.4 62429.2 80893.7 41814.4 65682.7 51941.1 86959.5 52771.7 114051 61335.7 82453.5 31250 27938.4 35165.3 27906.8 27716.9 26481.3 24586.6 30076.8 28105.2 28558.1 28350.9 28555.6 30450.2 24427.2 40966.2 42354.3 41387.7 41849.7 31130.8 31927.9 37924 29786.3 37082.6 29648.7 27907.8 36671 27828.9 40858.6 33033.9 36144.1 37640 32613.6 39458.6 37440 40397.6 35768.4 34532.7 36485.2 35390.3 35945.3 32902.3 34234.3 34571.7 44752.3 36325.8 35789.6 37548.5 32020.2 59572 37983.6 38413.2 57239.3 31524.8 49197.6 33548 80047.5 33403.4 29504.1 32606.6 61124.3 35031.2 47073.5 39150.2 65425.2 33185.4 34329.2 35461.7 39050.3 44088.4 29310.7 43760.6 36259.9 36511.7 32797.8 32697.1 36085.5 31770.2 51260.5 60700.7 67338 67460.8 64591.6 74836.1 45839.6 55054.2 52044.2 59541.7 48487.6 52999 49050 50689.6 56705.1 44207.3 42536.4 32390.9 58930.4 48305.2 38028.2 55499.6 49156.5 47996 46541.4 43620.6 51103.8 50436.1 41192 42480.4 47285.4 39852.8 45576.5 49353.9 42854 50652.1 52112.1 50397 48943.1 48077.6 58075.2 44982 49993.5 39393.3 51353.9 38131.4 38280.4 43723.3 45714.7 46274.8 43837.5 43320.3 40283.3 42371.1 54657.6 62505.7 53891.3 62622.8 54644 41752.6 39100.4 35136.3 41704.3 46999 65250.7 49338.3 28709.7 59692 31286.4 31274.7 51998.4 58362.8 34503.1 38387.9 33421.1 31191.9 
53696.4 52236.8 47949.7 57557.1 38359.5 32795.3 30709.7 48959 49193.2 36916.7 54345 34502.5 50151.1 71862.8 34693.9 49285.8 73992.4 11601.1 0 13732.2 21255 17096.1 24070.7 24333.6 24054.9 15972.5 41148.9 24150.8 26276.8 35236.8 32008.9 45467.6 40754.1 36653.2 44446.1 23953.3 29345.7 30365.6 37000.2 36485.2 41787.9 48279 47261.3 49767.8 48754.7 64217.8 51909.7 47070.1 71776 61034.1 64584.8 78020.7 73920.1 33101.3 59765.3 57505.3 62938.2 51347.3 57615.5 68163.3 50525.8 47771.5 49718.7 51552.8 44918 51547.6 59275.4 55574.1 67176.9 63101.9 52478.9 60232.5 54060.1 47846.7 126387 71100.4 57186.8 65340.3 86943 42092.5 67264.2 56677.8 90395.9 58069.9 120100 63968.5 86437.2 35076.3 35776.6 40231.2 34760.9 31963.1 33233.5 29249.8 32764.9 33575.8 33749.3 33654.2 34476.5 35482.5 30147.7 45532.6 46171.2 46843.4 45771.2 36265 37640.3 43529.5 32972.6 41765.4 33436.9 34019.8 40537.6 32979.1 42694.5 36816 40191.3 41561.4 37256.9 42037.2 39818.6 42976.3 39238.6 39074.9 40163.8 39303.4 40575.5 35204.3 36367.3 37992 47330.9 38532.1 38536.6 42147.5 37338 63868.9 43405.3 42489.3 62391.1 37070.6 54839.5 39391 83700.6 39341.8 34807.2 37952.1 65779.3 39283.4 52923.9 44515.3 70417.2 39147.3 40068.8 40980.4 44907.8 50088.1 33798.7 49446.1 41743.5 42342.9 38466.8 38507.8 41650.4 37413 56756.8 63329.4 70128.9 70184.7 68217.6 77627.5 51037.8 60600.3 58026.7 62686.3 53967 57762.4 54577.7 56672 59806.3 48972.2 48518.8 38191.5 64639 54228.9 40559 59923.8 54310.4 53390.4 52144.8 48619 56757.7 55370.4 47355.8 47481.7 52399.7 45154.5 51493.6 55307.6 47535.7 55554 58156.3 55842.4 54474.9 54158 62840.2 50730.7 55742.3 45331.8 57299 44113.6 43385.5 48934.1 50495 50695.7 49825.7 49302.8 46271.5 48359.3 60707 68549.2 59749.6 68561.3 60353 47284.6 44740.7 40558.5 46693.4 48979 70317.6 54244.4 33288.4 65680.1 35853.7 34942.9 57747.1 64274.8 38977.8 43592 39157.7 37122.6 
55562.4 54485 49868 60376.5 43271.4 37865.3 36904.9 51321.4 50935.7 41499.9 56067.7 38975.3 52104.7 75515 40353.5 53777.4 75982.8 11244.1 13732.2 0 23409.1 10776.3 18808.4 30031.5 20448.8 15671.2 51529.6 14399.1 16369.1 40196 29732.1 46300.7 38662.7 43515.2 46289.3 30810.9 34087.4 35052.4 41296.4 41308.2 47578.1 56278.4 54340.3 55408.3 53313.6 67348.1 55542.3 53718.3 77077.4 67392 70202.7 85829.9 80560.1 40017.9 65253.5 61942.7 67814.2 57912.4 64334.7 74867.9 54523.1 53518.9 53958.7 53425.3 48640.6 52889.1 63495.5 59313.7 71990.5 65799.3 56234.5 64738.2 58114.7 51384.9 127889 75047.2 62127.6 70848 88422.2 49988.9 74151.4 59527.8 96495.5 62206.5 121431 70512.3 90865 41079.6 32779.9 43681.8 34572.8 38054.6 34343.2 33229.4 37866 37143.8 37590.8 36874.2 36838.2 39037.7 32532.5 50009 51588.2 50073.5 50915.6 39590.8 41267.7 45981.7 38114.8 46288.1 39950.3 37441 46360.4 37871.3 50819.2 42901.5 45551.6 47832.6 42784.9 49505.7 47473.6 50252.1 46230.9 44547.9 46749.1 45852.7 45812.3 42862.9 44321 44313.8 54494.4 46286.5 45605.9 47563.7 40560.6 67917.4 46126.4 47537.7 64784.9 40174.2 57099.7 41626.4 87794.8 41373.3 37677.7 41529.3 69305.7 43854.6 54681.6 47013.1 73258.3 41234.5 42471.3 43551.8 47074.5 51890 38462.3 52534.1 44601 44746.2 40859 40742.7 44095.9 39807.5 58920.9 70101.4 76799.5 76922.2 74647.9 84153.5 54465.4 63658.1 59883.9 68388.1 57332.3 61398.1 57935.8 58564.5 65546.4 54024 50450.8 41804.2 67641.3 56872.4 46939.8 64238.9 57981.2 56224.3 55358.7 52434.2 59530.3 59341.6 49742.3 50932.8 56282.8 48686.8 54269.3 58091.4 51247.9 58414.7 61064 59914.8 57741.3 57102.9 66974 52979 57990.5 47375.4 59244.1 46019.4 46244.9 51759.6 54149 54954.9 51639.5 51189 48079.2 50182.1 62141.1 69918.2 61835.1 70513.1 62638.2 50268.8 48278.2 43174.1 50175.8 54327.2 73581.2 57956.7 38444.1 67493.6 40337.1 40736.1 59995.3 66359.8 43857.6 47535.6 42221.1 39954.1 
49512.8 48956.8 43539.6 53946.9 40008.6 31476.5 31156.9 46195.2 44890.7 29670.9 49797.8 30944.9 46490.2 72343.7 27302.4 58335 70395.2 15158.5 21255 23409.1 0 16253.2 15812.6 35257.3 19599.3 14704.4 48464.2 14135.6 16682.1 29779.9 25495.6 41035.7 35514.3 30877.5 39078.9 21085.1 35244.9 26895.5 25747.7 25370.4 40466.2 43483.4 44151.2 47024.4 42159.2 61355 51651.7 41827.7 61561.4 52481.2 57831.8 68782.5 67019.5 26132.1 51849.5 54509.3 55115.8 47221.8 52506.8 67720 44250 44117.1 41110.3 46352.1 39326.8 47022.9 51216 47331.2 60696.5 53497.2 45778.4 53998.9 48653.8 42163.3 121841 68296 56500.6 66878.2 82396.2 43464.7 67660.5 57001.4 86302.5 54641.4 115574 63136.5 85686.8 31895.2 29003.2 38939.2 28859.6 22495.3 26438.2 30843.3 35332.6 25825.5 26609.1 27272.8 27366.2 28646.4 25307.4 39609.4 42952.6 41355.9 39243.5 34949.3 33091.4 41171.2 34337.7 37997.5 27573.2 26528.4 32752.6 25335 37267.2 29177.7 31616.2 32595.2 28555.7 34767.6 32909.6 36365.2 30433.8 29243 31422 29163.1 31092.1 29987.4 30721.5 31476 40471.4 33139.8 33845.1 31016.5 34570.9 60905.1 41846.1 40191.4 61465.9 33415 50885.5 34864.4 85684.7 35888.2 33249.2 34936 61278 38113.3 49427 39834.5 69626.9 35408.5 35334 38670.5 42093.8 45713.5 31517.2 44820.3 38927.1 38899.5 35556.1 36096.7 37592.6 34364.5 53624.9 58604 63708.7 63222.9 59555.9 72562.4 48721.3 52361 53778 60244.8 50703.1 53984.7 51034 52556.2 57493.5 36474.5 45978.5 35095.3 56929.4 46562.8 41350.9 54944.7 49615.8 48657.1 46391.1 42555.1 50895.1 49920.3 41717.1 41646.8 47518.1 39076.3 44466.6 48657 44378.5 55513.1 49843.4 45869.8 45822.4 47100.2 56466.3 47529.2 52351.3 41504.1 53158.8 41091.2 42418.6 46736.2 45941 45056.9 45522.9 45055.6 41854.8 44046.2 56161.7 64134.1 55805.4 64530.4 56601 44083.8 39162 39200.1 44126.5 54357 66801.5 50738.7 24371 61277.6 28343.7 28411.5 54264.5 60433.9 33518.7 35475.8 33737.1 32258.6 
