242 242
0 9456.78 19117.2 22846.8 31922.3 31543.5 22840.2 25160.9 19363 18323.5 20438.2 18264 24272.2 21857.4 24414.4 19388.3 28713.9 39137.1 29378.7 39771.9 47714 53769.7 50836.1 53050.9 49512.8 47647.3 42740.7 44901.3 47050.3 52543.3 50270.6 45198 58290.5 54569.4 48706 32324.8 25499.9 28161.6 30325.5 22932.3 22098.4 23337.9 31625.2 31638.9 49667.3 36361.9 38217.2 33715.1 26821.5 25180.3 43560.5 45957.8 39502.7 50510.8 46068.1 54922.8 31294.1 37986.8 47644.4 34845.4 35023.2 36307.3 41301.5 28694.4 26157.9 27732.7 26857.1 18114.5 22439.5 18723 17802.5 51093.3 43819.7 46250 51832.2 51634.2 39638.2 27716.2 31796 19895.3 77224.3 28628.9 75399.7 31671.5 49051 41234.6 37614 50677 58429.1 28498.2 57069.5 36403.5 80957.2 50171.6 55005.8 29769.5 23383.4 22271 24194.1 28171 23354.3 28960.2 26185.9 26681.6 23928.9 23003.8 23803.7 25461.3 20966.9 25070.4 19196.2 20148.9 24378.1 13412.6 30382.6 22245.8 27899.8 21407.9 31281.3 35198.5 29297.3 28171.6 28615.4 35746 32021.9 27919.6 36012.5 28975 31443.6 32136.5 32348 31993.9 37426.7 34012.1 33051.8 30594 33322.5 32073 27345.3 24727.8 18525 20990.4 15642.6 17017.8 19612.6 15720.3 28587.2 23660.1 16975.6 31421.5 17516.8 16381.8 18214.4 22690.5 13937.9 18149.2 15585.5 15317.4 16161.5 16987.5 14314.1 17301.5 32155.1 23679.2 51801.4 45991.1 50493.2 53036.1 52515.9 51319.8 48265.4 55591.6 48341.1 24402.5 25884.1 37210.4 41932.2 33574.4 32854.3 31883.1 38705.8 39244 34504.7 26529.1 24335.3 19611.4 26378.2 27931.8 28976.7 18309.6 22110.8 16913.9 17167.2 18090.5 14097.7 16401.6 12157.9 18749 33052.3 29183.4 30846.7 33554.6 30215.7 31540.9 37360.2 24441 15366.2 23997 25333.4 18281.8 16958 22401.2 17650 21292.1 21696.2 25048.2 18691.4 18074 17379.2 37493.6 34358.4 17570.4 18820.9 26079 21273.4 22192 26108.9 32731.5 31944.1 29904.3 32175.6 28241.8 29037.6 25719.6 25577.3 15506.2 16360.2 25625 28060.6 33194.4 38374.2 33917.8 
9456.78 0 14142.1 16349.9 35351.3 32668.6 20194.2 22315.9 15275 16446.9 18245.2 15821.2 19712.7 18278.2 19042.9 15402.6 25411.8 38091.4 24765.9 37458.4 41901.3 47951.5 44871.7 48164.1 43520.1 42178.2 37313.4 39247.9 40878.8 46432.2 43985.6 38865.5 52163.5 48238.4 42859.3 26009.8 19571.2 22483 25093.4 18144.9 16866.2 18213.8 25723.5 27827.5 44684.3 32309.9 34535.1 28687.4 23527.7 22242.9 38040 43396.6 33590.5 48493.3 44256.6 56095.1 25493.3 38264 48625.3 30368 32984.2 38277.5 45073.5 28454.2 23404.2 24504 23311.8 12168.6 16785.4 13011.1 10570.2 47080 42428.1 40522.4 46968.3 47863.8 34953.9 24104.8 26597.4 13882 79966.8 27447.7 77473.1 33529.2 46950.5 41357.2 40567.4 47185.7 57756 27851.8 61619.2 35911.4 79046.5 48904.5 59852.8 26391.5 19990 15670.7 17801.8 23418.2 16984.2 24418 20501.9 20856 17351.7 16667.8 17070.5 19128.7 18543.5 22272 15980.5 16697.1 21044.9 11010.8 27638.5 20103 23335.7 16702 26343.5 29857.7 23545.3 22762.7 24053.3 29849.4 27273.3 22951.9 30725.6 23641.2 26699.6 27256 26766 26491.1 31814.3 27823.8 27740.6 25423.3 27649.2 29997 24494.4 21085.2 13404.5 18573 10818.2 12298.1 12845.8 10958.9 23691.7 19280.2 12029.8 34427.3 12742.5 13496.6 15167.1 18378.7 9985.63 14020.8 13109.1 11531.6 11532.8 13575.6 10360.7 12754.7 27439.3 20355 48615.3 42047 46026.8 49457.7 48863.2 47883.3 45189.4 52801.1 47069.6 20873.7 22482.9 33294.1 38418.1 30174.1 29434.1 28266.3 36103.5 35023.4 30853 23746.1 22509.9 18870.3 23361.1 23998.6 25957.7 18192.3 21223 16408.9 13614.5 16679.7 13183 14306.3 13516.9 19022.7 30670.9 26974.3 27660.2 30816.5 26719.6 28938.1 33246.5 22243 13124 22744.9 24366.8 14725.6 16428.5 19921.2 16322.7 17472.5 18598.3 21840.7 15387.9 14318.8 14101.5 34674.5 35087.8 14960.2 14940.9 24512.1 20066.6 21630.3 22627.1 31756.4 33319.2 28439.4 26747.6 26706.1 23074 24887.9 25256.9 14536.7 15311.4 22360.5 26289.4 29957.9 35051.8 30961.9 
19117.2 14142.1 0 13990.9 42216.8 36161.7 22579.3 23836.9 14346.6 15961.9 20819.2 16185.4 18742.6 15021.2 18677 10338.1 25379.1 35446.9 23750.6 39870.1 42125.2 48673 45319.7 47525.5 43539.6 42810.4 38103.5 39896.8 41579.9 46868.8 43786 38081.8 51380 47498.1 41744.8 25657.7 18839.6 22225.7 24626.2 16820.1 15995.2 16553.1 21677.6 29264.7 43212.6 34066.1 36289.6 26384.8 25683.9 27991.8 35704.1 44615.6 32440.8 46959.6 45415.1 60876.2 25471.5 46698.6 52008.2 33657.4 28493.3 45146.8 51689.3 25799.2 25593 22555.4 20921.6 9045.24 13788.1 8182.61 6603.54 45662.7 46324.8 36988 42989.8 49568.6 30144.9 24863.7 23872.1 21413 78727.2 24907.4 83192.9 35181.3 45875.1 39980.2 40289.7 49447.2 56990.3 33399.7 67632 40303.2 79823.9 44986.8 63162.9 26212.3 19814.7 16184 17462.5 22741.9 16761.2 23459.6 20266.4 20049.5 16867.4 16017.5 16526.3 18363.9 19245.9 19558 14735.5 15657.2 17769.5 14141.9 23584.6 21055.7 22308 17398.9 25717.7 28504.8 22969 22110.4 23382.8 29217.2 26309.5 21984 30156.6 23224.8 25693.8 26481.5 25832.8 25494.3 30800.9 27426.2 26727.2 24506.1 26756.2 35112 23026.9 24263.6 13891.1 19536.2 10666.8 11829.4 11943.4 12770.4 25740.2 17940.3 12817.7 36987.8 11501.4 14286.2 15519.1 18204.1 11889.9 16496.8 14200.3 13026.9 11597.3 13458.2 9945.65 11663.8 23812 17602 42339.2 36339 41605.6 43057.7 43204.9 41797.6 39376.7 47485.4 44641.2 23607.8 23810 29177.8 34196.9 26072.9 26265.5 24857.3 32474.7 29535.7 28537 18760.7 18840.7 22274 21267.4 28513.9 22805.6 23294.9 19615.4 22726.9 19389 17055.1 20776.5 15867.8 23158.6 24332 26516 24842.3 21964.5 26309.7 22978.2 24748.2 28784.9 23916.8 14369.3 20601.8 23470.3 15470.9 16012.9 18406.3 15688.9 25480.5 13610.3 17389.4 15424.2 11382.2 10588 36384.6 40625.8 13805.1 13162.7 22675.9 20814.7 20777 19225 30725.5 36998.6 29132.7 26396.1 26245.1 22490.1 25189.4 24748 16629.7 18493.7 23746.6 26809.9 29796.6 37124.6 33676.7 
22846.8 16349.9 13990.9 0 42999.5 30315 29811.1 27185 18436.4 19764 22364.7 19258.1 22728.3 23727.8 22809.3 14233 29256 40983.8 27714 41510.8 46070.4 52694.3 48964.5 51352.6 47537.1 46698.3 41157.6 43607.1 45501.9 50651.9 47772.2 42141.8 55448 51702.8 45765.9 29748 23038.1 26185.6 28555.3 20820.6 20004.3 20602.2 29844.8 31330 48737.8 37218.9 38274.7 30809.7 31616.8 30071.4 41506.6 43481.8 37702.1 47176.2 42172.3 62777.7 29463.1 47334 47815.5 36585.2 36072.7 51530.4 56886 28231.8 19396.5 31142.8 27050.2 13908.4 19432.5 15880.3 11912.8 54069.4 53819.2 45391.8 51545.1 51925.9 38542.7 33615.6 32318.3 20455.2 74722.3 32714 88492.2 37158.7 51141.2 48137.9 44916.8 51824.2 65876.1 39503.4 73186.9 46878.1 71864.3 52892 67348.3 30156.8 23101.2 20216.7 21554.1 26357.2 20659 27281.3 24268.3 24096.2 21012.1 20092.5 20730 22426.5 27146.1 25736.5 19847.8 20321.2 24490.7 19430.4 31258.8 27423.4 26136.2 20082.2 29552.8 32551.5 27012.9 26095 27347.4 33308.8 30251.6 25833.8 34141.1 27150 29640.5 30361.6 29881.9 29543.4 34847.6 31516.7 30765.6 28515.2 30802.9 40916.9 28396.1 23770.5 17161.5 27392.7 13519.8 15243.8 16117.1 15035 27973.1 21200.8 19705.8 40549.7 14861.1 16320.2 19686.5 22181.3 14613.5 20867.4 17246.4 15175.3 14847.7 16397.1 12678.5 15362.5 23778.8 23804.8 50335.1 43420.8 47589.9 51064.6 50957.6 50205.3 47710.8 55943.7 54384.7 29474 26670.6 37283.5 41706 34154.1 33650.1 32900.6 39013.4 37879.4 38292.1 25576.8 27188.6 30085.6 24281.8 35267.8 33115.8 28711.4 29033.8 27733.8 23326.9 24767.1 24707.7 22072.8 25399.8 29109.7 33594.7 31904 30496.1 34812.5 30866.2 31948.5 35706 24686.4 15775.5 25444.8 29502.4 21527.1 20004.9 21608.1 19341 29633.9 22309.4 26290.3 17740.5 15180.4 16891.5 38412.1 46341.9 17847.9 16673.9 28167.5 23598.3 24467.6 25935.6 35927.1 39906.8 33053.1 30340.4 33286.3 26581.7 28740.5 31731.5 21891.1 25429.8 25805.4 29998.7 33530.8 39154.5 36062 
31922.3 35351.3 42216.8 42999.5 0 44038.4 45726.7 49021.1 48581.2 49732.3 49218.2 49262.6 40105.6 43853.5 41434.1 47209.9 47978.6 69706.3 45071.3 68377.1 68369.4 72287.6 69525.2 74460.8 66437.3 69247.4 62018.4 65747.4 67390.3 71380.1 71230.2 67116.4 81609.5 78790 69321 54501.2 49132.3 44425.6 46104.8 42648.9 42038.2 42610.9 53067.1 60813.1 70255.1 61045.8 62997.3 53394.2 51432.8 44002 60067.6 46437.8 57208.1 50058.1 47380.9 42090.3 47089 42667 46237 55765.3 58428.4 43899.2 41509 36819 43765.1 43493.6 46013.6 37398.5 40972.5 43971.9 41574.1 64587 50221.3 61444.2 64630.4 73418 54645.6 40423.7 48424.8 33939.7 59833.7 52500.6 82896.6 41434.9 71732.8 61744.2 40663.5 70960.3 72233 49882.9 63080.1 52691.1 96390.5 72496.4 54032.4 47704 46830.5 47803.3 48452.5 46613.9 46567.1 49181.5 43434.4 46061.9 44711.1 44941.1 44863.5 46851.8 33044 45913.6 40227.1 41581 42568 41550.9 47859.7 39409.6 43592.7 44330.3 47253.9 53808.5 46246.9 45195.4 44714.4 52783.8 47861 44479.1 52228.6 45095.6 47574.7 47856.8 49456.9 49194.7 55184.1 52431.6 50027.6 47136.4 50425.6 49698.8 47111.8 47108.2 41279.5 41282.4 41071.6 43393.1 43759.2 43101.4 49047.3 46181.3 39029.4 44016.6 43664.1 44179.2 43485.5 43910.6 41172.7 38599.8 44082.7 42541.9 41156.7 42117.9 41375.1 41251.4 53680.5 52567.6 66887.5 65720.4 69602.1 68720.5 69284.8 66142.9 63173.2 68871.9 56423.3 43550 38865.3 63705.6 67513.2 58294.8 60373.9 56646.5 65916 62935.9 47246.8 47846.1 42361.7 28367.2 46278.2 45205.5 44468 34550.9 46367.9 34938.7 42499.1 37710.3 31236.9 37972.6 32668.5 36401.6 55176.7 44967.5 46479.8 46961.7 48808.1 48869.1 58173.1 55554.4 46318.2 54896.2 55639.4 44249 44798.3 46753.8 48891.7 37050.3 41937.4 43625.3 48520.2 44652.8 43675.2 60291.5 59480.2 41970.2 43042.5 50936.5 45039 48610.2 48557.5 58830.2 46561.6 55745.5 47829.6 46469.7 46727 55899.4 54849.8 45088.7 43910.9 45647 48820.4 51066.2 59888.8 56496.5 
31543.5 32668.6 36161.7 30315 44038.4 0 44379.5 42047.8 45097.2 45027.4 37784.7 42812.9 46461.7 44561.6 43402.3 35381.7 46103 62466.8 50669.7 55937.6 67075 74323 70585.3 70258.9 71169.6 66735.8 62051.8 64043.9 67949.3 72966.6 74938.3 69944.8 83031.2 79314.6 73546.2 56810.1 50121.4 51392.6 52402.6 47075.4 46573.7 48015.4 55282 55433.9 75317.4 59806.3 58758.8 59195.6 41754.5 39955.5 65913.5 48017.6 63279.1 44771.1 46216.5 66154.3 53900.4 53978.5 48621.1 56876.9 60405.9 62732.2 54202.6 34223 28372 44768.2 51064.1 32637.9 38346.2 36280.8 37560.7 74578.4 68478.1 69048.9 74830.5 77047.6 62706.3 51365.4 54741.4 36867.1 63777.2 45414.6 90172 38667.4 65868.5 57777.6 51661.9 67707.6 72811.2 43848.6 73934.2 55473.4 66626.9 66438.3 61454.9 44724.5 38704.1 46638.4 48801.4 47475.6 47981.9 45992.6 48870.5 51388.7 48355.5 47744.5 48168.2 50208.1 43465.1 50361.7 37366.4 39239.9 44391.2 34647 47699.7 36828.3 49615.1 41463.8 50610 59965.8 53735.4 52574.9 50202.1 60127.6 54411.9 51978.1 59489.4 52207.9 54894.3 54972.9 56829.1 56482.5 62141.5 58622.2 57504.7 54462.7 57803.6 45715.4 43055.4 27490.7 40840.1 39307.9 40394.8 41812.2 41070.4 39644.2 44232.9 38429.1 37870.1 40092.9 42353.5 37582.2 38442.5 42416.5 39161.4 37838 39385.6 40273.7 38096.9 37549.4 38699.1 38927.6 34833.6 39133.7 74940.8 70446.9 75329.9 76669.5 76248.3 74616.2 71663.1 79075.5 71313.2 39984 44100.2 61775 67183.3 56739.2 57223.6 55589.7 65110.9 63651.7 56126.3 45645.9 45760.6 43574.8 44457.8 42347.7 44872.9 43603.6 47360.2 42951.7 43011.8 43158.9 40155.5 40643.3 37533.7 45168.5 49144.4 51613.7 54073.7 57157.1 54443.9 53036.3 62120.5 47176.6 39950.7 49369.3 49775.8 41686.7 39897.7 38770.8 38761.5 37998.7 45077.8 48430.4 44433 42711.3 41492.7 53191.6 53407.9 38105 41457.5 48924.7 42722 39001.9 46217.9 49521.7 43813.1 52361.6 53898.5 52346.3 53496.5 48124.9 48048 38466.8 35248.7 49218.5 50475.7 48166.8 55724.5 50961.2 
22840.2 20194.2 22579.3 29811.1 45726.7 44379.5 0 28766 15428.4 19635.9 26032.2 21304.2 28777.9 15943.5 27866.9 22751.7 33694.1 33238.3 33715.9 46441.3 52418.4 58530.2 56061.9 56969.8 53946.9 53013.5 48780.8 50245.5 52510 57622 56154.6 51080.4 64214.5 60817.1 54910.3 38490.8 32113.5 33941.1 35134.8 29248.2 28416.4 29715.4 17447.7 29915.7 36826 38825.2 36348.2 22259.8 14071.7 18412.6 32134 38942.9 27714.7 51515.3 44619.6 50197.9 35986.2 36217.4 44292.9 38910.6 20289.8 34757.2 34095.6 32143.3 40864.5 19982 22978.3 23170.5 26959.8 25321.9 23992 34698 36966.5 30010.2 36981 43529.7 27929.3 24065.8 19601.4 30319.8 73839.7 16752.9 63252.7 25534.1 35578.9 21874.6 37715.7 49925.7 40722.8 21730.4 45939.5 20349.5 97157.2 32041.9 45674.6 34195 30008.7 28795.4 30662.8 33295.3 30057.6 33851.4 31517.8 33020.4 29593.8 28869.1 29629.7 31343.7 22108.5 28045.7 25421.7 24875.7 25823.6 18581.4 34140.7 27038.8 32390.3 28904.4 35227.3 41533.9 35481.3 34364 32846.8 41821.6 37148.3 34511.6 41643 34620.2 37215.8 37228.8 38594.8 38308.9 43653.7 39900.1 39391.5 36816.4 39549.6 18679.9 24079 24320.8 23428.4 15732.9 24448.4 26142.4 25154.6 23543.2 30025 23292.4 20640.3 26799.3 26678.6 23484.6 16678.2 26646.2 18429.8 16961.9 22221.6 20516.7 22685.5 22523.2 22629.8 23571.1 24591 30860.2 39947.9 34358.3 37686.2 40078.8 39681.9 38450 35734.1 44794.4 48062 16145.3 17656.4 23505.7 27031.8 20028.3 18650 20810.1 25571.2 23664.3 34989.7 17828.1 20308.7 26942.6 26771.3 32044.5 25201.8 16704.4 18890.4 17471.7 17967.3 19982.3 19935.7 19703.6 21583.3 20585.1 20471 19868.9 22502.2 23383.8 18140 20552.7 22321.5 25836.4 24151.5 14841.8 15292.4 13535.8 19350.2 24618 21426.6 28937.5 14968.9 18852.4 16566.8 19335.3 17695 30641.1 21153.1 18273.8 17672.3 14563.5 25232.8 26785.4 12677.4 25974.4 18061.2 21739.4 36547 24172.1 35076.8 21515.8 14043.4 17367.5 14956.8 24859.4 27839.2 38166.7 34253 38056.1 
25160.9 22315.9 23836.9 27185 49021.1 42047.8 28766 0 21258.5 19550.1 9772.51 19388.1 17629.8 31011 14863.1 20332.6 15341.4 39182.6 20147.6 21819 34673.3 43624 38274.4 36103.1 40008.6 35525.5 30003.2 33396.5 38259.8 41841.5 48222.5 44262.9 57707.9 54597 47145.6 29912.8 24556.6 21808.1 21941 19364.4 19398.2 21030.8 31513.3 26748.1 45580.1 29548.9 26811.5 30193 31655.8 21278.5 36284.3 52246.1 33951 59622.7 56813.2 69675.4 24483.1 47259.3 63939.5 27487 32751.3 47472.1 44996.9 45199.6 38790.1 24806.5 22276.1 27081.4 15933.4 27976 22570.4 54010.2 55654.5 44908.5 52664.1 45148.6 41677.5 38844.4 35406.8 30876 99940.5 15692.5 71669.4 37098.3 26762.9 29087.9 60964.9 25866.4 42723.2 26555.6 59459.6 32535.6 97199.9 29074.9 57184.9 13045.6 12162.9 22820.5 24012.2 13712.6 22647.4 10358.4 18537.1 23476.5 21511.8 21643 21516.5 24304.8 21989.7 22885.6 12015.6 12011.3 14220.7 13490.3 16725.6 14818.5 19783 14058 18678.5 32474.7 25186.8 24273.3 20796.3 31709.1 24242.8 23256.6 30528.7 22722.9 26137.6 25821.5 28414 28254.8 34216.6 31053.3 29019.2 25302.9 29382.7 29564.3 11777.3 33399.3 13543.8 25233.2 17152.5 19341.2 20786.9 16597.8 8209.77 25533.9 20406.9 36019.9 19834.1 13338.4 16922.7 14925.5 15725.6 18310.8 11626.9 13541.8 14394.1 13028.5 15889.5 15146.9 33619.6 25701.7 51461.7 44277.3 48229.6 52209.8 49245.2 51788.1 48342.4 57898.2 51637.1 22369.8 32070.9 39015.4 41888.8 36123.5 33464.7 37561.6 38412.5 39969 34689 23652.8 27272 30231.9 15289.6 20539.4 19770.5 29544.3 26761 28920.8 25045.9 23930.8 25015.6 17143.6 22715.4 25984.2 27279.8 32891 31189.1 36318.5 26899.1 30261.2 35014.2 22169.9 14891.9 25824.5 30943 26809.6 13496.1 12194.7 14252.5 22351.3 26076.1 29169.2 20610.8 21373.5 23582 19051.2 40981.3 18264 19435.8 19190.4 12764.4 12442.2 19704.6 14607 39256.5 25293.6 23930.7 39986.1 25605 24534.4 31376.5 21916.4 24588.6 17096 17333.7 12658.5 19720.9 13736.4 
19363 15275 14346.6 18436.4 48581.2 45097.2 15428.4 21258.5 0 6338.42 16818.7 8974.72 20604.1 16733.3 19808.3 10557.2 25450.4 25892.4 25475.6 37380.7 43240.2 48991.1 46198.6 48866.6 44890.7 43553.9 38894.6 40659.2 42520.3 47786.8 45125.9 39488.6 52788.9 49087.4 43249.2 27079.1 20362.5 23796 26187.1 19527.6 17903.4 19264 16301.5 19237.3 32329.7 27791.2 26671.4 17466.9 20315.4 20822.4 28604.5 44362 23914.9 57602.7 47996.3 58145.1 26816.7 39339.9 50300 29199.8 19341 36544.4 45148 37057.2 33890.9 23259.7 16831.1 18804.2 18146.5 16927.4 11980.1 40408.2 45912.9 32743 40849.5 36496.5 29823.1 28559.6 21819.5 24278.4 81658.9 15649.7 75664.1 34963.9 33413.8 31800.8 43083.1 41384.1 48421.8 26802.3 59416.7 31146.4 89222 35498.4 57476.4 26272.4 21697.3 17123.4 18885.2 24702.1 18032.6 25158.1 22048.7 21581 18280.9 17414 17932.4 19755 21973.2 18405.8 18119.5 17506.9 20217.1 13350.2 28121.9 24998.3 24256.1 19273 27046 30454.6 24504.6 23677.3 24674.1 30709.9 28253.5 24927.8 31650.4 25259.6 27651 28066.1 27386.4 27116 32714.9 28847.9 28459.6 27179.3 28287.7 27424.8 18187.1 27434.7 13803.3 18243.8 13052.9 13879.9 14518.5 12483.7 21965.1 17896.8 14973.4 32496 14027.4 13527 10677.3 18673.6 9175.24 14356.5 12272.7 10278.6 13190.7 14002.2 11373.6 14938.3 24645.8 21511.1 43065.7 32721.8 35583.8 41940.4 40647.9 41821.4 38383.6 48760 50969.1 17905.2 19995.5 22742.7 26918.2 21345.5 17701.9 22478.8 22672.3 24665.1 33590.6 19075.4 23073.4 28765.8 19297.9 29424.8 26838.5 18836.5 19019.5 16606.1 12592.2 16758.8 19573.8 14552.5 19683.8 18483.3 24578.9 25585.3 24156 28014.8 18644.5 24568.9 22640.5 14799.5 11914.2 10389.4 14867 10563.9 10626.2 15820.4 10062 28594.2 16633.5 19709 5343.27 8632.31 11768.3 24646.8 32483.9 12326.1 8456.89 12079.7 16667.1 18918.5 11709.2 21206.6 30389.9 16746.6 27737.9 26827.7 23946.4 13870.7 16750.4 13942.5 17365.7 15642.2 19606.6 30426.8 26817.3 28751 
18323.5 16446.9 15961.9 19764 49732.3 45027.4 19635.9 19550.1 6338.42 0 13275.9 6641.95 19613.7 19094 19752.4 11990.3 22988 24506.5 23868.2 33536.3 41537.6 47860.9 44770.4 46564.6 43560.5 41347.5 36591.5 38657.4 41072.1 46505.4 43619.3 37873.9 51147.1 47266.4 41364.4 25397.3 18512.4 22034.6 24307.7 18251.3 16462.7 17975.4 19856.6 16484.1 34459.1 23497.4 23792 19003.9 24550.2 25508.8 30974.1 47601.9 27179.2 59005.5 51016.3 62745 25071.6 43816 55025.9 28255.9 20586.1 38041.4 48880.5 38638.6 35540.5 24088.2 16271.4 20746.3 19410.5 18590.2 13760.4 44009.6 48828.7 36768.4 43669.9 36806.9 31851.8 29675.1 24385.1 25955 86699.6 17431.8 78027.3 35842.1 33007.3 32988.1 47468.9 37421.9 51522.2 25584 61730.7 32483.8 90452.1 34975.8 59800.9 23410.4 19209.8 15982.9 17535.4 22906.4 16702.5 23133.6 20694.5 19659.7 17094.6 15806.7 16799.3 18392.8 21526.6 16703.6 16583.8 16623.5 18953.8 12679.8 26372.6 24236.2 22530.5 16975.1 24808.5 28793.7 22615.2 21784.2 22833.5 29021.9 26437.2 23613.1 29748.1 23871.5 25932.2 26464.6 25509.9 25192.1 31366.9 27181.4 26840.1 25899.9 26376 30253.5 17688.1 29353.1 12173.2 19540.6 11463.1 11670.7 16670.3 9741.34 19840 19673.1 15907.9 34937.6 12214.4 10612.6 11809.6 16102.1 9653.33 15065.2 9713.56 8787.18 11434.6 11889.6 10210.6 13228.4 27490.9 21793.4 44585.5 34442.3 38707 43525.9 42920.5 44323.2 40870.8 49944.3 50321.6 22414.1 23120 24354.9 29415.8 23151.4 19340.8 24469.6 23740.1 27125 33941.3 19313.2 23002.9 29020 18709.7 29087.6 27225 23167.2 17778.5 18227.7 14920.5 16395.9 20678.1 13272.4 19876.3 18071.5 25718.6 27613.9 25541.3 29359.2 21022.6 25908.8 24843 13186.1 8364.23 10566.3 15581.7 13076.7 8784.17 14954.5 7498.41 29663 17395.6 20867.4 6715.57 9016.45 11735.4 26844.4 33943.8 12890.6 11474.7 14090.9 14095 16555.4 14195.3 21319 32570.8 18153.7 27315 27376.6 22909.6 13850.1 17371.8 11975.8 16935.5 14700.1 17035.1 27681.3 24276.3 24325.3 
20438.2 18245.2 20819.2 22364.7 49218.2 37784.7 26032.2 9772.51 16818.7 13275.9 0 12956.7 18885.7 27240.7 17444.9 14351.7 17852.3 30404.4 23220.8 21110.1 38649.5 46941.6 42361.5 41334.7 43749.1 38284 33347.2 35851.5 40475.1 45228.2 46629.8 42018.4 55088.6 51575.2 45278.7 28352.8 21602.5 23478.2 24611.4 18905.3 18045.5 19618.3 29629.5 21523 44603.9 25725.2 22927.4 28395.7 27513 24132.6 38062.4 54055.3 35232.1 63588.4 58333.6 70858 25986 49215.3 63897.1 26190.6 30783 48293.7 47131.4 44056.3 36119.2 24995.5 22346.2 24341.4 15878.7 24017.6 19328.9 53136.5 56560.9 45256.4 52413.8 43498.6 40884.9 37890.4 33413 29834.2 94372.3 16706.6 75309.3 36476.7 31418.3 30519.2 55264.1 30960.1 48753.7 24276 60113.9 36456.3 92089.2 32865.2 58320.5 15565 8768.67 19476.8 20989.7 18379.3 20112.4 16691.2 21180.5 22768.7 20378.5 19667 20374.4 22447.1 23478.5 22387.3 11793.6 13685.6 17929.5 10280.7 22578.4 16881.5 21868.4 12976.3 22233.3 31345.8 25280.8 24120.3 22186.6 31774.1 26663.7 23759.6 31444.9 24202.9 26877.8 26896.8 28374.5 28020.4 33521.5 30103.3 29051.1 26352.7 29349 29025.7 15037.5 29420.7 11668.3 24835.5 12374.4 14108.8 18637.1 10930.8 11937.3 22569 19271.6 32931.7 14690.9 8053.71 12845.6 13993 13024 17054.2 8190.04 9216.06 9901.81 9220.27 11601.3 11075.8 30599.9 20679.5 50738.4 42432 46935.4 51506.8 49256.3 51355.9 48311.3 56920.4 53214.8 21946.1 31713.2 34201.7 38861.2 32355.3 29963.9 33542.9 35029.3 36708.1 37395.9 20945.2 25923.3 30457.5 16987.9 23172.8 25069.6 29441.3 25276.5 27207.7 21947.7 23104.8 24518.9 17215.3 22939.8 25125.4 23322.8 32528.7 31356 35927.7 27077.2 30048.7 33002 13408.1 7846.03 19085.6 24348.6 20766 10740.5 10205.1 8522.26 25180.2 24212.3 28262.2 14122 15693.7 18170.2 22845 33782.8 14023.6 15819.1 19408.9 11642.7 10923.8 18079.7 17104.6 37538.7 22210.9 27440.8 34280.9 25600.6 16676.5 23659.8 14835.1 18902.3 17878.9 18003 16474.5 20069.9 15444 
18264 15821.2 16185.4 19258.1 49262.6 42812.9 21304.2 19388.1 8974.72 6641.95 12956.7 0 22218.7 20271.1 21292.6 10215.3 25266.9 23207.8 27190.9 32555.6 44825.3 50935.7 48047.6 50321.1 46961.8 44566.4 39880.4 41780.7 44306.9 49719.9 47308.5 41651.6 55026.6 50997 45515.5 29314.4 22619.7 25857.3 28172.6 21218.9 19934.8 20896.6 23528.3 16790.4 40154.1 22919.3 23703 25170.8 25200.8 25483.8 35383 50160.3 31403 60943.6 53216.8 65787.7 28887 46780.2 58299 26174.5 25986.7 40994.7 50602.5 39789.2 35577.5 25240.1 19336.4 20412.4 18282.6 18187.1 13740.4 47638 51103.1 40053.8 46891.3 36216.7 34327.8 31601.3 27455.4 27271.4 87699.5 19244.4 75321.1 35062.3 33163.3 34692.6 48575.9 38145 51912.6 23415 60402.9 34387.9 89681.6 35108.2 58074.4 26040.8 19519 19132.6 21120.5 25836.8 20174.9 26368.8 23827.2 23875.8 20500.5 19628.2 20188 21937.1 23811.9 20502.7 18090.1 17430.8 20798.6 12462.3 28285 24570.4 25626.5 18816.7 28646.7 32492.7 26811.9 25937.2 25724.3 33017.1 30172.6 26000.6 33872.9 26867.1 29650.8 30019.7 29717 29446.6 34630.6 31083.2 30721.7 28476.4 30592.1 29696.8 19837.9 28604.7 14957.2 20812.7 13541.6 14495.9 17169.6 12180.8 21911.9 19511.5 16333.5 33689.1 14755.3 11932.1 13050.2 19424.5 10568.3 15803.2 11084.8 10063.4 13208.7 13821.9 11014.9 15310.9 28016.5 18407.4 46977.2 38863.1 42807.4 47330.8 46041.1 46791 43498.4 52786.6 52076.8 23602.1 25664.9 30025.3 34308 27820.4 23965.6 28194 28358.1 31993.3 35436.3 20967.9 23436.2 29233.8 19208.6 28894.7 27869 25319.8 20613.3 21451.9 17601.3 18857.4 21918.1 16138.9 21582 20892.3 27129.4 28839.9 27170.8 31587.1 24616.8 28197.1 29048.4 10142.5 7967.46 12010.2 15704.2 15400.8 9666.03 15098.2 7121.44 30344.5 19152 22956.4 9691.97 11042.3 12770.1 25496.9 30374.4 13265 11720.7 18006.5 12585.3 14978.9 18460.7 20223.6 32391.7 16508.9 29804.8 28763.7 26253.6 10698.9 15895.1 8501.07 15773.8 18075.9 18838.1 28726.5 26743 21946.9 
24272.2 19712.7 18742.6 22728.3 40105.6 46461.7 28777.9 17629.8 20604.1 19613.7 18885.7 22218.7 0 25435.1 7024.47 21389.4 12304.1 42829.4 6323.38 37544.1 32204.1 35719.2 34146.2 38066.6 29670.9 33535.4 27906.2 30439.7 31858.6 36068.4 35986.3 31351 46740.8 43921.3 32890.5 20011.1 14629.2 8954.52 9061.76 8771.91 8625.64 7562.41 24614.4 26320.9 35030.1 24511.5 27334.2 18742.2 36384.6 27971.1 23332.8 39582.5 21689.6 45977.8 41844.7 55469.4 8071.84 34758.6 50407.6 20412.7 25266.1 39185.5 45939.4 37863.4 33042.7 19027 13156.7 22137.3 11384 22839.2 17347.1 43439.1 42484.9 32051.6 39752.7 38176 28511.3 26176.3 25862.3 18566 97402.5 25340 83153.4 42619.2 39275.2 40737.8 57934.4 32729.7 50628.6 36775.3 60150.5 36383.9 91329.8 41590.6 64460.1 11117.7 15640 14996 16617.3 13714.9 14978.6 15818.4 9711.05 12272.9 12306.1 10833.3 12092.8 11760.2 12272.9 10776.8 10890.2 13038.4 12227.5 15516.5 18108.9 15181.9 5862.62 12722.2 10346.4 16530.1 7869.57 8279.97 5748.2 14702 8748.72 8282.36 13058.2 8162.02 8578.47 8870.17 12323.9 11944.6 17785.5 15337 11668.4 9836.31 12574.2 36584.8 15918.4 36837.8 9629.79 27216.1 11165.8 12515.3 16417 12822.6 14810.5 25684 16044.2 45317.4 13182.7 13809 17483.6 9037.65 13862.1 19491.9 13621.8 13410.3 10574.2 11492.8 12141.4 10452.1 38487.1 28565.1 38827.6 31686.3 35128.5 37705.3 37617 37421.9 33821.8 44870.4 39766.9 25040 25880.5 34426.6 35961.5 30362 30059.5 31301.9 34240.7 32788.3 18909.7 21396.3 22201.6 21799.3 16703.5 16798 16114.6 24423.1 25672.9 26223.8 21606.7 17549.9 21754.2 14186.2 19867.3 23734.5 30305.8 25393.7 20996.6 25192 19450.3 24823.5 27971.4 26991.6 16855.8 27819.1 33428.7 24234.3 16314.7 16681.8 21166.1 22508 19619.4 18069.6 19738.9 17111.5 18984.8 31815 47895 15581.8 16570.1 19106.1 15323.4 20139.9 18843 31126.3 41641.9 26193.1 8873.35 36331.6 9432.08 28808.3 35136.4 25336 27028.9 9517.25 11910.6 16358.2 22716.6 24181.1 
21857.4 18278.2 15021.2 23727.8 43853.5 44561.6 15943.5 31011 16733.3 19094 27240.7 20271.1 25435.1 0 25315.8 18299.7 32092.8 37880.8 30336.6 46636.9 48308 55354.6 51365.6 53922.7 49797.8 49023.5 44332.1 45987.2 47633 53075.4 50064 44120.7 57600.7 53468.5 47764.2 31814.6 24928.6 28670.9 31064.3 23603.3 22418.7 23307.9 19065.6 33945.1 42656.3 40257.1 41423.6 25108.5 23079 29393 34925.9 39244.2 32289.5 48013.1 43251.1 51737.4 31736.2 44136.8 47066.2 39991 27037.5 41702.7 44042.2 27153.4 37158.4 16555.3 22779.7 16135.6 25841.8 18090.9 16193.9 32759.6 32578.6 28006.7 31517.6 52192.5 18820 18018.2 14890.9 26316.2 72356.2 25018.5 71412.8 28675.9 46173.1 27543.5 33072.4 55029.7 47273 25642.5 54788.9 31713.4 92211 40265.4 53614 32892.3 27398.8 22682.8 23673.9 29483.9 23042.6 30057.9 26969.2 26150.6 23069.6 22108.1 22745.5 24406.4 18383.6 24391.1 21383 22199.4 23704.6 18853.2 30092.3 23614.9 28782.6 24131.1 32127.8 34617.1 29136.7 28378.6 29961.5 35394.4 32567.6 29091.1 36359.8 30020.1 31971.1 32772.9 31961.8 31629.2 37040.1 33626.6 32900.4 31364.3 32867.5 27773.3 26362.9 26287.1 20391.3 20682.8 17670.7 18193.1 21835.9 19229.5 31401.9 25307.2 18481.1 36322.8 17996.7 20846.8 19267.1 24883.7 16750.1 21665.3 21723.8 19376.4 18648.9 20363.4 17523.2 19143.3 29584.4 28668.3 33772.3 32114.2 37388.4 33790.5 37663.5 31611.8 29458.6 36078.2 38242.2 22944.4 22732.2 24362.7 29681.4 21370.5 24424.7 15514.9 32243.5 23511.8 29925 13232.6 9509.18 21822 24983 32205 23183.9 19271.6 12537.5 21093 19007.5 15174.1 20687.5 17299.4 24193.9 23547.3 19148.6 12937 14882.5 14272.6 20969.5 16890.3 25322 29333.2 20809.2 20929.5 21630.1 12552.9 20037.7 21948.3 19511.5 28299.7 7167.15 8657.8 18719.8 13192.6 9946.98 40438.2 30170.2 15371.5 16254.6 23567.3 25753.3 25583.9 19969.9 33326.2 28142.1 30705.2 32689.3 12734.5 28669.7 28548.6 19253.3 18494.3 12655.8 28535.4 32351.3 36957.4 42134.4 40506.3 
24414.4 19042.9 18677 22809.3 41434.1 43402.3 27866.9 14863.1 19808.3 19752.4 17444.9 21292.6 7024.47 25315.8 0 20517.7 13362.3 43773.7 9721.64 35102.4 29915.3 36235.5 33152.3 34771.9 30944.9 30828.6 25799.4 27730.2 31389.8 35506.3 36115.6 31538.3 47109.3 44289.7 33820.4 20504.4 15253.4 12323.4 11515.4 11588.4 9878.68 10702.8 23512.4 25743.2 36974.4 24895.2 25554.2 20376.4 34381.1 23809.9 25738.4 41443.2 23894.8 47127 43841.7 57766.4 11498.6 35965.7 52317.8 21930.3 26994.7 40162.7 41817 38356.5 32924.1 17565 17106.5 21908.2 11193.7 22591.5 16479.4 43000.5 43876 33697.9 40391.5 40558.9 28696.2 25013.5 24096.9 16516.6 97231.5 24577.6 80829.2 40486.8 36166.1 38932.6 57808.1 32761.4 49659.6 30672.4 61530.6 33563.4 91351.1 38719.8 59000 10088 14929.1 14352.5 15598 12330.4 13965.2 13358.5 10493 13534.4 11309.5 10764.9 11330.9 11248.1 15238.7 15156.2 8859.62 10688.3 12664.9 14307.5 17759.3 15067.2 9603.16 11187.9 10136.2 20695.7 12101.4 12135 10343 18919 13158.6 14042.2 17448.8 12424.9 14707.5 14730.4 15808.8 15323.2 23099.4 17499.1 17538.3 15696.6 16271.9 32274.2 13878.5 33939.7 9456.63 25267 12746.9 14165.2 16747 12596.5 13240.1 23455.8 14345.8 41810.8 14843.1 13729.3 15940 7800.49 13287.6 19200.9 13780.3 14033.5 10780.8 10952.9 13092.9 10635.5 35654.3 27155 43264.2 35815.9 39259.9 42624.2 42890.2 42274.7 38600.7 48724 43971.1 23405.4 28038.2 34634.5 38109.9 31590.5 31017.7 31471.6 36701.7 35283.7 22183.1 20948.7 23024.1 23315 15335.5 15043 13435.4 25200.7 24674.7 26246.5 21193.5 17092.1 22432.9 14040.6 20784.2 24557 28351 28373.7 25073.5 29026.7 23974 27225.3 30073.8 26741.9 17949.7 28624.9 33333.3 25096 15702.2 16002.8 20464.9 16651.5 20514.2 19557.8 20973.3 18492.4 19770.8 26766.1 46340.9 14600.1 15965.5 19471 16756.9 17729.1 17331.7 27877.6 39450.6 24420.4 10782.1 37122.9 12158 28632.9 34894.7 24943.2 25187.4 10593.4 14239.4 16368.2 20032.9 21567.2 
19388.3 15402.6 10338.1 14233 47209.9 35381.7 22751.7 20332.6 10557.2 11990.3 14351.7 10215.3 21389.4 18299.7 20517.7 0 23489 29296.2 26283.6 33580.2 44341.3 50466.4 47616.6 48951.2 46490.2 44008.7 39392.7 41129.7 43837.6 49256 46725.3 41125 54373.9 50558.3 44721.8 28609 21724.2 25134 27549.1 19805.3 18980.9 19526.1 23360.7 24170 41743.8 30233.2 30864.9 24728.2 21658.2 23086.6 35039.1 46820.1 31137.4 55695.3 48364.6 63177.1 28416.2 45191.7 54020.5 29924.9 27866 44643.9 48552.4 34049.3 29568.6 22298.8 19794.1 14785.6 12722.9 12972.6 10074.3 46826.1 49202.4 38977.8 45478.7 43780.2 32823.4 30923.5 26173.7 24996.1 81592.4 21261.9 80099.8 33048.8 39684.5 36564.4 42305.6 44558.6 53606.3 29018.5 64535.1 38672 83383 41464.4 60273.3 23795.8 16844.6 18582.3 20426.4 24955.8 19612 24684.8 23216.6 22983.8 19803.6 18961.1 19475.3 21388.3 23964.5 20551.7 16980.5 17071.1 20082.6 13075.6 27490.6 22563.5 24732.8 18090.7 27779.9 31439.1 25944 25084.1 24856 32178.2 29245.4 24825.4 33130.1 26143.8 28642.3 29265.2 28783.7 28445.1 33735.3 30403 29703.3 27486.2 29694.9 31859.7 18248.4 23271.7 14229.2 20616.7 12457.1 13585.4 13946.8 11670.9 21063.1 15138.4 14844.9 33933.9 13584.4 10435 12733.2 18059.8 10884 17052.9 12258.1 11505.4 11964.8 12475.9 9680.75 14169.2 23988.8 16727.7 44705.3 37166.4 41529.9 45397.6 44425.1 44558.6 41433.5 50433.4 50872.1 21971.6 26173 30106.6 34506.1 27208.8 25357.5 26268.4 32059.5 31587.1 35231.5 18799.3 22219.1 28268.9 17668.3 27397.7 27083.6 23454 23100.3 23660.1 20095.4 19566.4 21542.1 17404.1 23876 25140.3 24508.3 26243.5 24731.4 29109.5 23985 25946.2 28954.8 16091.3 9642.02 15925 19836.7 14541.7 12525.2 11554.4 8869.77 28107.1 17160.5 21183.5 9553.66 8833.62 10753.1 28921.1 35977.1 10674.5 9751 19708.5 14754.2 14418.7 18653.6 24474.9 35807.2 22818.9 29284.7 26461.1 25453.3 16604.5 20209.6 13291.7 14187.6 21425.5 23825.6 27009.4 31575.7 29124.4 
28713.9 25411.8 25379.1 29256 47978.6 46103 33694.1 15341.4 25450.4 22988 17852.3 25266.9 12304.1 32092.8 13362.3 23489 0 44665.4 9706.66 33251.8 30262.9 30555.1 29090.1 41487.7 26674.9 30058.6 21910.7 25977 28789.9 31504 46152.3 41810.2 56152.9 53165.8 43611.1 28628.7 23235.5 10462.8 10489.1 17857.9 17276.8 17813.8 33797.9 30352.1 45337.2 30463.7 31676.3 28802.2 36998.6 27638.2 31601.8 50002.6 31649.7 49230.4 53266.1 62845.1 17340.9 41594.5 61461.1 25368.7 33953.9 47457.2 48853.3 45799.2 39678.7 25594.2 20296.8 28822.4 15712.4 29531.9 23981.4 53732.6 50539.1 42508.8 51457.9 44599 40454.1 37801.5 36539.4 29356.7 103727 25219 74325.7 44163.1 34757.8 41925.3 64375.6 24631.3 43863.5 34941.8 62805.1 32386.5 98100.5 39930.4 65208.2 9088.24 15550.3 22091.5 22709.3 13129 20782.2 15298 11377.3 19790.3 19335.5 19646 19063.9 21861.8 21805.3 19979.3 13574 12999.7 12342.1 17135.9 14071.9 14588.8 12688.6 14442 7938.09 27550.4 18466.6 17573.2 11179.6 25162.9 13179.9 16522.3 21757.6 14101.7 18008.2 15513.5 23043.4 22964.9 28391.1 26382.5 21885.8 15870.3 20371.7 36081 15279.8 38589.1 13428.1 30224.1 16761.7 18187.5 22936.5 16900.1 10853 28626.6 21489 44741 18865.3 14068.7 20928 13293.9 18411.4 22030.8 15495.1 17713.9 14801.8 13983.8 16877.7 15157.2 40171.6 30127.8 49540.1 42787.4 46391.5 49325.1 44560.1 48594.1 43463.3 56631 41640.9 26212.8 32688.4 41140.3 44942.4 38462.8 37056.1 38983.5 42194.9 42580.3 24198.8 25757.8 28524.5 28415.6 13522.6 19808 22176.5 32518.2 30890.7 32075.5 28877.1 24867.7 28978.7 19346.7 25314.2 28837.5 32393.5 31094.4 27108.8 34354.6 25802.6 28470.5 36768.3 28231.4 18470.8 31542.3 36895.3 30484.1 18985.3 17664.1 21756.3 26092.4 27993.6 28944.3 24618 23643.9 25618.7 30476 48469.8 20480.7 22595.7 22914.6 14872.6 14027.8 23000 29570.7 43780 30061.6 13640.7 42761 21496 30672.6 37497.4 28088.1 27897 17341.4 15770.2 9736.12 21788.3 21125.4 
39137.1 38091.4 35446.9 40983.8 69706.3 62466.8 33238.3 39182.6 25892.4 24506.5 30404.4 23207.8 42829.4 37880.8 43773.7 29296.2 44665.4 0 47452 47788.8 65918.7 72251 69209 70304 67865.8 65570.6 60855.2 62890.1 65434.4 70943.9 67874.3 62013.4 75307 71407.7 65493.4 49477.2 42591.3 46033.4 48346 40450.8 39675.7 40285.4 36654 30472.6 50822.5 36376.3 31717.9 35964.8 32430.3 39737.1 49882.4 66864.1 44903.8 80278.4 70525.4 79604.4 49356.6 62714.1 72099.3 46059.6 34631.4 56740.9 62821.1 59002.2 58024.7 42126.7 35892 41516.5 39905.3 40140.7 36073 60385.1 67656.6 53507.6 61501.3 33011.2 51171 50463.1 43562 49888.2 97806.4 30204.2 68758 51332.7 30506 40779.8 61769.9 51899 58595.5 39152.3 63480.4 45649.8 111794 32540.6 63124.7 45090 37107 40247.2 41659.5 46004.5 40942.7 46037.7 44126.6 43733.8 41193.8 39931.2 40921.7 42554.9 42848.2 38871.9 37539.6 37416.5 38921.9 32898.1 46839.5 43899 45671.8 39035.2 48956.8 52097.2 46637.5 45798.9 46047 53056.5 49994.2 45508 53852.8 46989.4 49373.9 50142.8 49467.6 49122.6 54482.2 51287.3 50391.1 48179.1 50423.5 38319.1 36983.7 47204.2 35493.4 38790.2 33364.4 34337.5 39030.4 32666.6 41413.1 39129.8 37873.7 41562.4 34202.2 31334.1 29517.5 39535.6 32594.6 33155.4 30419.7 30180.5 33441.3 33493.6 31238.9 35059.7 44202.4 39321.8 60847.7 50130.8 53571.1 60599.1 57809.7 60729.7 58185.4 67188.8 68789.7 36208 36737.8 38080.1 41547.9 37877.8 30658 41656.5 27666.4 39331.1 55541.9 35274.5 40843.8 48563.3 38390.6 49197.2 47032.5 39830.3 38560.9 38370.4 36277.4 38443.6 41281.7 35611.6 42183.1 36796.6 39391.2 43710.3 42135.8 46249.6 35980.8 41208.5 34706.5 19171 26879.3 21356.4 22462.5 26804.8 28723.6 33181.5 26140.3 52512.5 35140.2 39593.3 23390.3 27077.7 29178.1 37162.6 29176.4 31414.7 28821 29718 30940.1 33328.6 29806.5 31427.3 37910.3 22016.5 51515.4 43695 46872.4 15920.4 24617.4 24698.3 32283.7 38674 37222.8 46008.6 38081.6 34787.3 
29378.7 24765.9 23750.6 27714 45071.3 50669.7 33715.9 20147.6 25475.6 23868.2 23220.8 27190.9 6323.38 30336.6 9721.64 26283.6 9706.66 47452 0 39507.2 30518 33614 31847.4 38278.1 27302.4 32057.6 25068.9 28679.6 30284 33954.9 38600.8 33860.4 49914.9 47043.1 35316.4 24255.2 19111.9 8161.79 6690.89 13221.4 12304.4 10493.8 28831.5 30558.2 37768.5 27026.3 31297.4 22631.4 40945.1 30898.8 22847.5 41149.3 23268.1 41494 44085.4 55417.8 9006.93 33495.3 52811.6 21923 27997.5 42182.4 46561.5 43669.1 38045.9 23104.9 16487.8 27155.3 16195.1 27859 22148.8 47236.8 46355.2 37271 42412.4 41603.9 31885.4 29520.2 28823 23009.1 102328 29998.4 80669.2 47482.7 39475.2 45257.3 62861.6 29961.2 46761.8 39685.1 62289 34672.2 96375.8 43976.9 67957.4 11102.2 19985.5 19999.9 21149.7 14108.1 19436.2 17269.6 8553.88 17239.4 17076.2 15700.9 16763.8 16070.8 16890.4 13227.9 14142.7 13789 12747.5 20239.7 15535.1 17372.5 6376.53 14798.6 7663.18 19409.6 9928.15 9850.61 6673.67 16952.7 7154.14 10113.5 13985.2 7811.41 10287.7 8496.33 14709.1 14426.4 20579.9 17913.8 13835.4 9398.59 14003.2 39372 17444.3 41670.1 14007.6 31159 15975.1 17172.9 21779.8 17116 16086.7 29431.5 20622.6 49072.8 17850.8 18303.7 21282.5 13760.7 18677.2 24271 18103.3 17862.2 15220.4 15516.7 17168.6 14669.3 43133.1 33380.2 41100.6 34704.5 38219.1 40895.3 39424.6 39997.1 36000.9 47680.5 39483.1 28330 30877.3 39356.2 40400.7 35010.7 35230.8 36544.4 39182.7 36959.5 18376 24888.2 26790.1 26591 15675.4 19126.7 17431.5 29333.2 30671.6 31714.4 26848.1 22850.4 26822.5 18796.8 25263.4 29160.7 34697.6 29823.8 24873.7 30109.3 24215.2 26923.2 32055 31891.4 21574.5 32864.1 38516.9 29204.1 20038.6 21381.5 25968.9 26079.9 24590.6 23630.1 24764.5 21962.6 23905.2 34704.9 52695.9 19847.7 21434.5 23518.1 18182.5 19828.1 23135.5 34107.4 46121.3 30923 5584.04 41212.7 12377.8 33659.3 40098.1 30348.4 31639.9 14028.7 14449.1 14453.2 22649.9 26501.5 
39771.9 37458.4 39870.1 41510.8 68377.1 55937.6 46441.3 21819 37380.7 33536.3 21110.1 32555.6 37544.1 46636.9 35102.4 33580.2 33251.8 47788.8 39507.2 0 48220.2 60994.3 51689.2 37720.3 58335 49045.4 44091.9 47532 54388 57316.5 65342.9 60054.5 73127.9 69425.2 63534.9 46997.7 40095.2 40109.2 40241.5 36516.6 36295.4 37933.8 50073.6 40757.9 65429 44237.6 37974.5 48546.4 48068 39272.9 56808.3 72951 54625.7 80239.4 77477.8 90380.3 43227.5 67940.2 84251.2 45233.7 51636.5 68514.7 65324.5 63416.2 55779.9 44487.5 42267.2 43859.6 35483.8 43235.8 38548.8 73601.5 76146.3 65349.5 72712.2 63443.4 60911.5 57484.5 53544.6 49270.6 114160 34819.3 80314.6 56892.1 39651.8 45268.9 74839.3 28581.2 40647.2 41962.2 76521.3 51490 110920 38746.6 73826 31163.6 23488.4 38135.9 39461.8 28130 38696.2 25064.1 36672.2 41255.4 39090.7 38189.5 39205.9 40823.5 42430.1 42160.3 29715.5 29746.4 33505.8 29700.9 30974.3 33496.8 38043.2 27843.1 36559.7 49701 43344.9 42283.4 39281.9 50037.3 42504.6 41188.7 48731.6 41242.3 44091.8 44132.3 46575.7 46194.2 52000.9 48688.3 47059.2 43670.5 47594.5 42592.4 31949.5 49305.5 30429.9 44012.9 30638 31604.4 37908.9 29161.9 26600.7 40526.9 38054.1 50696 32131.3 26633.4 31527.7 32316.6 32956.6 37655.8 27709.9 29440.6 29111.1 27261.1 30473.1 29252.7 51058.9 39776.7 70539.3 62258.1 67111.1 71676.1 69072.3 71523.4 68447 76635.6 71163.9 40785.6 52482.2 54275.6 59105.4 51942.6 50092.6 53340.5 55221.6 56621.6 55822.1 39310.3 44373 49463.4 32061.7 39099.9 40761.8 49177.9 45165.8 48058.3 42740.1 43017.2 44724 37377.4 43280.3 45980.9 42587.5 51297.5 51018.5 55764.7 46466.1 48245.5 53386.1 30346.1 26300.5 39150 44462.9 40645.5 29499.2 27037.3 28343.9 41406.2 43618 48180.2 33933.6 35201.3 37240.9 28883.5 52106.7 32808.2 34671.2 39053.1 30344.7 26558.7 38141.7 24030.4 57914.1 42603.5 44034.2 53526.9 45233.3 35340.3 43236.9 34030.2 38280.1 37725.8 36840 26869.4 37094.9 24899.9 
47714 41901.3 42125.2 46070.4 68369.4 67075 52418.4 34673.3 43240.2 41537.6 38649.5 44825.3 32204.1 48308 29915.3 44341.3 30262.9 65918.7 30518 48220.2 0 21495 11001.3 34170.9 15158.5 6596.01 13835.5 7728.67 13441.3 16108.1 33244.2 32067.1 42483.1 36145.6 35819.9 21203.9 25967.3 31613.2 31452.8 32243 33966 35067 46022.5 38572.6 46589.4 45051.2 46438.4 44298.8 59432.3 47221.3 42080 66346.6 44289.7 67599.8 60827.5 75764.2 29757 55489 70969.5 43591.9 48680.7 54753 65861.6 63124 55790.5 44223.2 44778.5 45837.4 40006.2 45498.3 39363 62417.5 62365.4 50535.8 63091.9 56777 56028.7 49794.8 47543.3 43213.6 120424 46620.2 95823.5 66632 53124.4 62429.2 80893.7 41814.4 65682.7 51941.1 86959.5 52771.7 114051 58572 82453.5 31250 35165.3 27906.8 26481.3 24586.6 27182.9 30076.8 27522.6 28105.2 28350.9 30450.6 28555.6 30754.9 40966.2 41849.7 31130.8 30644 31927.9 37924 29786.3 37082.6 29648.7 28296.3 27828.9 40858.6 33033.9 36144.1 32613.6 37440 29574.1 37450.6 35768.4 34532.7 36485.2 35390.3 34234.3 34571.7 44752.3 36325.8 39310.5 37439.9 37548.5 59572 38413.2 57239.3 31524.8 49197.6 33223.2 33548 40473.3 33403.4 32299.4 47073.5 39150.2 65425.2 34329.2 35461.7 39050.3 29310.7 37187.8 43760.6 36259.9 36511.7 32797.8 32697.1 36085.5 31770.2 60584.8 51260.5 70385.7 60700.7 64486.7 67338 69005.9 67460.8 64591.6 74836.1 66421.8 45839.6 55054.2 52044.2 59541.7 48487.6 49050 50689.6 57456.8 56705.1 44207.3 42536.4 45263 48280.2 32390.9 41840.5 38028.2 49156.5 47996 51103.8 41992.1 42480.4 47285.4 39852.8 45576.5 49353.9 50652.1 52112.1 50397 55957.8 48943.1 48077.6 58075.2 49993.5 39393.3 51353.9 56832 47529.5 38131.4 38280.4 43723.3 36793.9 45714.7 46274.8 43320.3 40283.3 42371.1 50196.1 70537.7 37733.4 39512.5 41752.6 39100.4 35136.3 41704.3 46999 65250.7 49338.3 28709.7 59692 31274.7 51998.4 58362.8 48555.9 48828.9 34503.1 38387.9 33334.4 35862.9 41543.4 
