240 240
0 18018.5 14788.8 24091 19276.2 20128.6 21469.1 20615.3 18918.3 23516.3 8848.08 23605.4 44180.4 28407.2 40547.9 46488.1 52236.8 54485 49877.1 50721.7 45945.4 46066.3 42978.8 43468.9 41421 46393.5 49187.5 43256.2 56935.8 53144.5 47409.5 56429.4 27205.1 24679.9 31270 24395.7 27503.8 29711 22278.8 22109.1 24795.5 32212.4 18988.8 46018.5 37315.2 39013.9 29542.5 46371.8 36017.9 48464.9 48865.5 50341.3 59055.9 59083.7 30652.7 49870.5 54228.4 37864.7 53041.9 29884.8 43780.6 19395.4 22777.8 22445 16971.9 36504.7 47888.2 38278.5 23925.9 33810.9 53358.6 24098.9 19873.4 18609.5 76593.3 24615.6 73714.2 32177.7 46464.3 37111.5 52055 26692.4 85086.9 95216.8 41788.1 62756 56616.8 28747.2 24103.7 21667.7 21624.2 29294.2 23190.3 26907.1 22184.3 26766.5 25528.1 25624.6 25147.8 24678.4 22833.8 21690.5 22421.2 24081.9 24145.7 17344.2 15981.1 30367.6 22966.4 17126.6 19820 26154.7 26861.7 20232.5 29731.3 34104.8 28446.2 29730.5 26854.4 33883.4 34786.2 31464.3 27246.1 35420.7 34044.9 28405.5 28129 31205.4 31400.1 31050.8 36376 32980.6 29693.3 32569.1 29872.9 32331.3 24783.4 28731.9 17467.8 21122.3 14751.3 15804.1 22324 58387.5 15091.4 21681 28329.4 19865 24271.5 17731.7 37566.6 14657.8 16249.4 15764.5 16574.5 20759.8 17028.7 16784.2 16286.4 13786.7 16303 30318.4 26773.3 36334.7 36964.9 42664.3 37960.4 40970.2 36412.6 38910.4 34127.3 24876.9 21119.4 35507.6 28675.5 28920.5 14423.2 19375.8 22211.6 10154.5 13447.5 14362.9 30781.5 18343.6 20524.1 23315.2 22747.2 15800.3 21829.9 16602.9 23391.5 21680.5 25827.7 24643.4 11280.8 18861.9 16023.6 18845.7 17602.7 24301.8 19268.4 28916.7 21417.9 25687 16513.4 21215.3 17537.3 15807.7 27633.4 9903.34 14858.3 19469.5 17280.3 17743.7 23306 20722.5 41301 32193.3 25795.9 20252.3 21259.3 14466.2 16827.9 24964.2 22192.3 31865.1 31886.5 31761.2 31997.9 15130.6 26646.3 28055.1 25860.2 20419.2 16852.4 13028.9 18390.6 18078.2 32146.5 35350.2 
18018.5 0 14142.1 16349.9 17336.1 15275 18245.2 18519.1 14622.7 19712.7 18278.2 19042.9 44088.9 24765.9 37458.4 41901.3 47950.6 49389.4 44871.7 45019.2 41077.7 42178.2 37935.5 39995.9 37313.4 40878.8 43985.6 38306 52163.5 48238.4 42859.3 51597 22504.5 19526.2 26009.8 19571.2 22483 25093.4 18144.9 18213.8 25723.5 27827.5 25751.5 44684.3 32309.9 34535.1 28687.4 43396.6 33590.5 48493.3 40779.2 44256.6 56095.1 47762.3 25493.3 38264 48625.3 30368 47498.8 32984.2 38277.5 16852.7 23311.8 16785.4 10570.2 47080 46939.3 42428.1 27737 40522.4 47863.8 34953.9 24104.8 26597.4 79966.8 27447.7 77473.1 33529.2 46950.5 40567.4 47185.7 27851.8 88271.3 101002 48904.5 59451.5 59852.8 26391.5 18323.7 19990 15670.7 24078.6 17801.8 23418.2 16984.2 24418 20501.9 20856 19702.5 19105.2 17351.7 16667.8 17378.6 18539.7 19128.7 18543.5 23454.2 27941.8 22272 15980.5 21044.9 27638.5 23335.7 16702 26343.5 29857.7 23545.3 25592.1 24053.3 29109.7 29849.4 27273.3 22951.9 30725.6 29628.9 23641.2 23837.4 26412.5 26766 26491.1 31814.3 27823.8 27180.5 28051.4 25423.3 27649.2 24494.4 21085.2 13404.5 18573 10818.2 12298.1 12845.8 53780.1 10958.9 18137.9 23691.7 16019.7 19280.2 12029.8 34427.3 11398.1 12742.5 13496.6 15167.1 18378.7 9985.63 13109.1 13575.6 10360.7 12754.7 27439.3 20355 48615.3 42047 46026.8 49457.7 48863.2 47883.3 52801.1 38418.1 30174.1 28266.3 36103.5 35023.4 30853 23746.1 18870.3 23361.1 24617.2 10332.2 9731.08 23998.6 15310.6 25957.7 18192.3 23881.9 16879.2 13614.5 14286 20029.6 13183 13516.9 19022.7 17787.2 30670.9 26974.3 27660.2 30816.5 26719.6 28938.1 33246.5 18100.1 22243 13124 22744.9 16428.5 16322.7 17472.5 18598.3 21840.7 11339.4 16016.2 15387.9 21988.7 22079.7 34674.5 35087.8 34760 24245.3 28050.1 14960.2 14940.9 24512.1 20066.6 31756.4 33319.2 28439.4 26747.6 26706.1 20868.8 23074 24887.9 25256.9 14536.7 15311.4 15084 14389.3 29957.9 30961.9 
14788.8 14142.1 0 13990.9 18595.6 14346.6 20819.2 17771.6 14250.2 18742.6 15021.2 18677 44319.8 23750.6 39870.1 42125.2 47949.7 49868 45319.7 45741.9 41259.9 42810.4 38366.8 40863.6 38103.5 41579.9 43786 37547 51380 47498.1 41744.8 50717.7 22063.4 19024.3 25657.7 18839.6 22225.7 24626.2 16820.1 16553.1 21677.6 29264.7 19655 43212.6 34066.1 36289.6 26384.8 44615.6 32440.8 46959.6 46365.5 45415.1 60876.2 54864.7 25471.5 46698.6 52008.2 33657.4 46266 28493.3 45146.8 18708.6 20921.6 13788.1 6603.54 45662.7 45916.1 46324.8 29856.9 36988 49568.6 30144.9 24863.7 23872.1 78727.2 24907.4 83192.9 35181.3 45875.1 40289.7 49447.2 33399.7 88337.1 107941 44986.8 59212 63162.9 26212.3 18598 19814.7 16184 23956.7 17462.5 22741.9 16761.2 23459.6 20266.4 20049.5 19241.5 18673.6 16867.4 16017.5 16817.8 18323.9 18363.9 19245.9 19832.6 27499.2 19558 14735.5 17769.5 23584.6 22308 17398.9 25717.7 28504.8 22969 24119.3 23382.8 28586.4 29217.2 26309.5 21984 30156.6 28570.7 23224.8 22804 25630.3 25832.8 25494.3 30800.9 27426.2 26988.2 26994 24506.1 26756.2 23026.9 24263.6 13891.1 19536.2 10666.8 11829.4 11943.4 56318.1 12770.4 19446.8 25740.2 17160.3 17940.3 12817.7 36987.8 11531.2 11501.4 14286.2 15519.1 18204.1 11889.9 14200.3 13458.2 9945.65 11663.8 23812 17602 42339.2 36339 41605.6 43057.7 43204.9 41797.6 47485.4 34196.9 26072.9 24857.3 32474.7 29535.7 28537 18760.7 22274 21267.4 23994.5 9776.21 8595.09 28513.9 19907.9 22805.6 23294.9 26859.9 17129.2 19389 15214.6 21091.7 20776.5 23158.6 24332 14274.4 26516 24842.3 21964.5 26309.7 22978.2 24748.2 28784.9 20609.5 23916.8 14369.3 20601.8 16012.9 15688.9 25480.5 13610.3 17389.4 14782.3 15250 15424.2 21099 24298.3 36384.6 40625.8 30737.1 21405 24640.4 13805.1 13162.7 22675.9 20814.7 30725.5 36998.6 29132.7 26396.1 26245.1 20308.4 22490.1 25189.4 24748 16629.7 18493.7 15995.2 14685.3 29796.6 33676.7 
24091 16349.9 13990.9 0 20339.1 18436.4 22364.7 21768.5 17846.1 22728.3 23727.8 22809.3 46603.4 27714 41510.8 46070.4 51847.1 53896.4 48964.5 49268.1 45028.3 46698.3 42043.8 44947.9 41157.6 45501.9 47772.2 41610.6 55448 51702.8 45765.9 54777.7 25978 23142.6 29748 23038.1 26185.6 28555.3 20820.6 20602.2 29844.8 31330 28004.5 48737.8 37218.9 38274.7 30809.7 43481.8 37702.1 47176.2 47527.8 42172.3 62777.7 53141.6 29463.1 47334 47815.5 36585.2 42779.7 36072.7 51530.4 26603 27050.2 19432.5 11912.8 54069.4 51219.3 53819.2 38000.7 45391.8 51925.9 38542.7 33615.6 32318.3 74722.3 32714 88492.2 37158.7 51141.2 44916.8 51824.2 39503.4 84526.5 111965 52892 62718.9 67348.3 30156.8 22650.5 23101.2 20216.7 27995.9 21554.1 26357.2 20659 27281.3 24268.3 24096.2 23330.8 22874.9 21012.1 20092.5 20819.4 22415.5 22426.5 27146.1 28334.5 31982.2 25736.5 19847.8 24490.7 31258.8 26136.2 20082.2 29552.8 32551.5 27012.9 28159.4 27347.4 32572.8 33308.8 30251.6 25833.8 34141.1 32600.7 27150 26794.5 29677 29881.9 29543.4 34847.6 31516.7 30933.9 31040.7 28515.2 30802.9 28396.1 23770.5 17161.5 27392.7 13519.8 15243.8 16117.1 56306.5 15035 21791.2 27973.1 19384.1 21200.8 19705.8 40549.7 14945.4 14861.1 16320.2 19686.5 22181.3 14613.5 17246.4 16397.1 12678.5 15362.5 23778.8 23804.8 50335.1 43420.8 47589.9 51064.6 50957.6 50205.3 55943.7 41706 34154.1 32900.6 39013.4 37879.4 38292.1 25576.8 30085.6 24281.8 32435.2 12582.1 11575.1 35267.8 23820.9 33115.8 28711.4 34581.4 24921.5 23326.9 21784.6 23885.4 24707.7 25399.8 29109.7 23440.1 33594.7 31904 30496.1 34812.5 30866.2 31948.5 35706 22516.1 24686.4 15775.5 25444.8 20004.9 19341 29633.9 22309.4 26290.3 21908.3 18383.9 17740.5 24834.6 29800.1 38412.1 46341.9 38579.9 29293.2 32754.5 17847.9 16673.9 28167.5 23598.3 35927.1 39906.8 33053.1 30340.4 33286.3 24382.8 26581.7 28740.5 31731.5 21891.1 25429.8 18155.4 17357.1 33530.8 36062 
19276.2 17336.1 18595.6 20339.1 0 9527.5 10528.5 17106.4 15838.9 21000.3 22565.4 20421.1 27629.2 25780 30572.4 43285 48959 51321.4 46883.7 48006.5 42811.5 42856.6 40050.2 35622.3 38167.3 43515.6 46492.6 40500.7 54217.2 50390 44724.8 53673.9 24626 21931.7 28554.9 21714.8 24885.5 27085.5 20390.2 20150.3 24261.3 14284.2 25643.3 39394.3 21797.9 20581.2 24248.6 51467.5 31496.3 63117 48584.8 55267.4 66979.8 57571.2 27955.8 47227.7 59338.5 25890 54980.4 25184.5 41528.5 17543.6 19616.5 17284.9 16318.5 48292.1 39760.5 53076.5 36990.8 40992.5 35609.9 36291.4 34201.9 28607.4 89432.8 16920.2 75393.3 35287.2 31787.9 50195.2 34695.2 24021.2 88755.1 97846.8 33650.7 44957.3 58126.4 22986.6 21384.3 17222.3 18551.2 26675.9 20410.4 23828.4 19451.4 23454.5 22938.9 22980.8 22334.8 21888.4 20025.6 18942.3 19669.2 21335 21325.4 24024.6 26291.9 16514.2 21040.8 16730.4 21529.6 27492.1 24355.5 18132.7 26589.5 31488 25862.9 27504.5 24113 31374.8 32082.3 28960.4 25423.5 32873.7 31548.3 26026.7 25824.6 28561.6 28756.3 28420.7 33946.8 30290.2 25853.3 29925.3 27818.4 29687.5 17655.2 30119.5 13076.2 21614.8 12981.8 13487 17705.9 52088.7 11195.1 15011.7 18807.1 12455.1 20958.2 18453.4 32434.8 11980.8 14073.2 9550.3 12261.1 16719 11003.9 9145.68 12464 10887.6 14374.6 27870.6 18660.4 47974.9 39048.5 42509.9 47610.4 46387.7 47866.3 53648.3 33463.8 27240.2 28502.4 27595.1 31479.7 37079.8 21586.4 30951 19504.5 27563.7 11949.3 12633.7 29198.2 18306.3 28440.9 26103 24037.8 19776.4 17132 16270.3 11468.1 22258.2 21828.2 20083.3 17240.7 26072.4 30490.6 28816.1 32641.1 24649.2 29042.8 28722.5 8009.72 8521 7511.36 12000.1 10754.5 7137.89 29970 20781.8 24566.8 25138.8 12203.8 8856.07 11361.8 17766.1 22843.6 30747.7 22347.7 12418.5 16387 14272.2 13474.8 16879.7 11430.1 18618.4 32125.3 16338.3 29074.9 30352.4 23824.1 25355.1 11219 16429.8 11398.5 16221.1 15185.7 15799.7 25889.3 20604.9 
20128.6 15275 14346.6 18436.4 9527.5 0 16818.7 19342.6 15379.3 20604.1 16733.3 19808.3 32587.6 25475.6 37380.7 43240.2 49193.2 50935.7 46198.6 46727.4 42357.4 43553.9 39295.5 40051.3 38894.6 42520.3 45125.9 38935.7 52788.9 49087.4 43249.2 52144.7 23961.7 20437.7 27079.1 20362.5 23796 26187.1 19527.6 19264 16301.5 19237.3 21314.4 32329.7 27791.2 26671.4 17466.9 44362 23914.9 57602.7 42819.8 47996.3 58145.1 48322.8 26816.7 39339.9 50300 29199.8 48235 19341 36544.4 15020.9 16831.1 18146.5 11980.1 40408.2 33645.2 45912.9 30334.6 32743 36496.5 29823.1 28559.6 21819.5 81658.9 15649.7 75664.1 34963.9 33413.8 43083.1 41384.1 26802.3 87036.7 100304 35498.4 45708.6 57476.4 26272.4 19688.6 21697.3 17123.4 25385.5 18885.2 24702.1 18032.6 25158.1 22048.7 21581 20655 20087.1 18280.9 17414 18299.9 19746.6 19755 21973.2 23650 14317 18405.8 18119.5 20217.1 28121.9 24256.1 19273 27046 30454.6 24504.6 26530.9 24674.1 30169.3 30709.9 28253.5 24927.8 31650.4 30529.2 25259.6 24954.1 27168.3 27386.4 27116 32714.9 28847.9 27391.4 28550.3 27179.3 28287.7 18187.1 27434.7 13803.3 18243.8 13052.9 13879.9 14518.5 52390.1 12483.7 17124.4 21965.1 14640.8 17896.8 14973.4 32496 12793.4 14027.4 13527 10677.3 18673.6 9175.24 12272.7 14002.2 11373.6 14938.3 24645.8 21511.1 43065.7 32721.8 35583.8 41940.4 40647.9 41821.4 48760 26918.2 21345.5 22478.8 22672.3 24665.1 33590.6 19075.4 28765.8 19297.9 28030.4 12592.5 11511.9 29424.8 16288.4 26838.5 18836.5 23616.9 17155 12592.2 13386.4 17970.5 19573.8 19683.8 18483.3 16063.5 24578.9 25585.3 24156 28014.8 18644.5 24568.9 22640.5 16013.2 14799.5 11914.2 10389.4 10626.2 10062 28594.2 16633.5 19709 21405.3 7118.48 5343.27 13617.3 15921.8 24646.8 32483.9 21704 12512.1 16506.8 12326.1 8456.89 12079.7 16667.1 21206.6 30389.9 16746.6 27737.9 26827.7 21707 23946.4 13870.7 16750.4 13942.5 17365.7 17042 16473.7 30426.8 28751 
21469.1 18245.2 20819.2 22364.7 10528.5 16818.7 0 12424.9 13210.4 18885.7 27240.7 17444.9 29473.6 23220.8 21110.1 38649.5 43618.4 46444 42361.5 46462.3 38378.7 38284 36456.3 27489 33347.2 40475.1 46629.8 41428 55088.6 51575.2 45278.7 54692.2 22281 22075.4 28352.8 21602.5 23478.2 24611.4 18905.3 19618.3 29629.5 21523 27988.8 44603.9 25725.2 22927.4 28395.7 54055.3 35232.1 63588.4 51360.1 58333.6 70858 62400 25986 49215.3 63897.1 26190.6 55539 30783 48293.7 21109.3 22346.2 15878.7 19328.9 53136.5 45828.3 56560.9 40788.6 45256.4 43498.6 40884.9 37890.4 33413 94372.3 16706.6 75309.3 36476.7 31418.3 55264.1 30960.1 24276 98072.8 97410.5 32865.2 45042.8 58320.5 15565 21817.3 8768.67 19476.8 25038.2 20989.7 18379.3 20112.4 16691.2 21180.5 22768.7 22614.7 22075.5 20378.5 19667 20300.7 21208 22447.1 23478.5 25919.2 23976.4 22387.3 11793.6 17929.5 22578.4 21868.4 12976.3 22233.3 31345.8 25280.8 26668.5 22186.6 30261.6 31774.1 26663.7 23759.6 31444.9 30626.1 24202.9 24456.5 28370.7 28374.5 28020.4 33521.5 30103.3 24149.1 29714.6 26352.7 29349 15037.5 29420.7 11668.3 24835.5 12374.4 14108.8 18637.1 51973.8 10930.8 11283.6 11937.3 10452.3 22569 19271.6 32931.7 12053.8 14690.9 8053.71 12845.6 13993 13024 8190.04 9220.27 11601.3 11075.8 30599.9 20679.5 50738.4 42432 46935.4 51506.8 49256.3 51355.9 56920.4 38861.2 32355.3 33542.9 35029.3 36708.1 37395.9 20945.2 30457.5 16987.9 25292 12214.8 13496.2 23172.8 20873.2 25069.6 29441.3 31113.8 21787.2 21947.7 19902 7368.03 24518.9 22939.8 25125.4 20971.2 23322.8 32528.7 31356 35927.7 27077.2 30048.7 33002 8565.24 13408.1 7846.03 19085.6 10740.5 8522.26 25180.2 24212.3 28262.2 25756.2 16668.3 14122 16665.9 20416.3 22845 33782.8 31908.3 21988.7 26261.2 14023.6 15819.1 19408.9 11642.7 17104.6 37538.7 22210.9 27440.8 34280.9 24823.1 25600.6 16676.5 23659.8 14835.1 18902.3 11207.5 13000.2 16474.5 15444 
20615.3 18519.1 17771.6 21768.5 17106.4 19342.6 12424.9 0 5354.26 9248.34 24973.2 7371.64 41130 12839.1 29222.6 30342.3 35099.8 39258.3 33501.4 37105 29454.8 30867.2 26752.3 28184.1 25777.5 31735.8 37280.1 33142 46812.8 43879.2 35594.5 45839.1 10906.4 15281.2 19802.9 14221.5 12224.1 12403.5 7962.03 9579.85 26301.8 24606.7 21201.1 41265.5 25815.1 27464 23695.7 47433.5 29574.7 53954 44962.7 50578.5 64572.6 57745.2 14202.3 42644.2 58768.4 26324.1 47346.6 28992.8 45245.5 18398.9 18150.2 11211.7 16587.4 48497.5 42449.7 49158.2 33408.9 39565.5 43109.5 34816.3 30935.5 29356.2 96437.8 21677.3 80329.5 38605.7 36318.2 57002.5 33351 31911 104293 107815 36913.6 48489.4 61693.3 8899.35 16503.7 8059.99 15062.2 12902.6 14507.2 9115.96 12933.6 9822.77 9238.16 12871.7 13154.3 11830 11012.6 10594.2 11457.9 14058.1 13376 16702.1 19511.9 23780.5 16262.3 6877.21 11223 17948.3 9751.65 7112.7 10225.7 21021.4 14215.6 15547.5 10291.2 18897.8 20830.9 14435 12954.9 19792.9 19203 12688.2 13058.5 18083.5 17442.9 17139 22979 19809.8 13441.4 19153.1 15048.7 18411.5 13245.8 32252.2 6134.61 24113.7 8585.24 9417.71 16016 58698 9645.83 7295.02 11309.8 6811.19 21970.8 14464.8 40049.1 7880.53 9979.25 8105.22 13986.3 5070.65 12089.4 8896.18 6627.62 9862.25 7022.11 34297.8 24728.9 44748.5 37107.2 42321.6 45408.2 43908 44970.3 50560.9 37719.9 31518.7 32398.5 35286.1 34769.4 27747.7 19372.1 23929.6 14692.5 24562.4 10706.8 12004.8 19716.6 21562.9 17138.9 25040.2 30797.3 17864.9 22714.4 18606.5 12966.3 21524.3 21197.7 24423.3 17966 25625.1 28087.8 24930.2 29538.3 22939.8 26167.4 30481.4 17943.1 23101.2 12344 25169.2 13236.6 16969.7 19246.4 19167.3 21690.9 18482.3 19358.8 17783.3 18043.7 23920.1 26995.2 43604.6 36972.7 27187.2 30187.4 12922.3 15428 18316.3 13568.9 24411.2 37427 23940.9 16985.1 35327.4 16392.3 16851.8 25062.4 31672.2 22040.3 22772.3 5743.2 6181.97 12624.5 18831.5 
18918.3 14622.7 14250.2 17846.1 15838.9 15379.3 13210.4 5354.26 0 7227.91 20642.3 7797.82 41370.1 11448.3 30975.9 29641.1 35555.9 38034.3 32267.7 34386 28261.4 30260.2 24885.3 29671 25067.3 29119.7 35850.2 31148.1 45065.2 41812.1 34348.6 44416.7 10078.9 11731.1 17180 11710.8 11005 11896.4 7475.93 9294.01 23522.1 23674.6 19432.6 38954 26203.4 28256.7 20974.5 44702.3 26827.6 51626.2 43817.9 47713.7 61793.1 54978.3 12863.4 40382.7 55930.4 26437.9 46399.1 27919.3 43603.6 17590.1 17340.9 12446.7 12332.4 46470.4 40685.6 46339.9 30949.1 36832.4 42336.7 32021.2 28423.6 26469.3 92436.9 21748.7 82388.2 39741.8 37244.2 52978.2 35945.8 31991.6 102004 109083 38919.4 50868.7 64104.7 12532.4 12480.9 9715.18 10347 12088 11348.1 9966.22 10017.6 10675.1 8830.98 10957.9 11076 10408.8 9074.55 9190.84 9898.45 10239.2 11972.7 14338.5 17825.6 23083.6 14745.5 6229.17 11539.2 17647.8 9362.31 6547.79 11921.7 19949.7 12948 14708.8 10607 17779.7 19552.6 13668.3 12736.9 18450.9 18068.6 12120.9 12151.7 16826.7 16175.2 15887.5 22145.7 18478.9 14970.1 17930.5 14651.7 17143.9 15635.4 31695.4 3439.51 22428.6 5250.97 6741.52 12935.4 60021.5 6312.76 6965.47 12978.2 6140.86 20339.3 11793.9 40438.3 5789.34 7419.41 7713.67 12060.3 6311.01 9113.37 8463.94 5214.63 7539.32 4899.62 34558.5 23694.4 43200.1 35068.8 39990.5 43038 42591.4 43149.4 48797.2 35511.7 27745.3 27544.6 32570.8 31976.5 25444.2 16657.2 21593.3 14824.8 24614.8 7135.38 8406.5 21884.9 19337.5 19354.3 22307.3 29924.3 15807.3 18410.3 14281.5 14660.5 19565.6 18707.8 21720.7 17995.9 25113.4 25203.5 23409.2 27991.6 21177.7 22851.3 29216.2 17053.7 22074.5 10946.2 22962.2 11187.5 16221.7 20004.4 17594.4 19675.8 17131.1 15472 14839.4 16663.9 22819 28832.4 42950.6 34410.2 25037 27250.7 10345.2 11748.8 16186.5 13478.3 27000.4 37942.6 23627 15090.9 31369.4 13966.8 14426.3 23894.5 30268.9 20487.2 21797.1 5474.62 4748.99 16995.6 21143.2 
23516.3 19712.7 18742.6 22728.3 21000.3 20604.1 18885.7 9248.34 7227.91 0 25435.1 7024.47 47132.3 6323.38 37544.1 32204.1 36916.7 41499.9 34146.2 35385.1 30656.7 33535.4 27528.8 33917.5 27906.2 31858.6 35986.3 33584 46740.8 43921.3 32890.5 44812.3 9727.24 16500.3 20011.1 14629.2 8954.52 9061.76 8771.91 7562.41 24614.4 26320.9 15610.1 35030.1 24511.5 27334.2 18742.2 39582.5 21689.6 45977.8 37575.7 41844.7 55469.4 49043.2 8071.84 34758.6 50407.6 20412.7 41467.2 25266.1 39185.5 16378.5 13156.7 11384 17347.1 43439.1 34930.6 42484.9 26224.7 32051.6 38176 28511.3 26176.3 25862.3 97402.5 25340 83153.4 42619.2 39275.2 57934.4 32729.7 36775.3 106842 114445 41590.6 45987.4 64460.1 11117.7 18320.2 15640 14996 11186.2 16617.3 13714.9 14978.6 15818.4 9711.05 12272.9 12584 10834.1 12306.1 10833.3 12552.4 14380.9 11760.2 12272.9 15741.4 24520.5 10776.8 10890.2 12227.5 18108.9 5862.62 12722.2 10346.4 16530.1 7869.57 9096.18 5748.2 12592.9 14702 8748.72 8282.36 13058.2 12561.5 8162.02 6783.68 13972 12323.9 11944.6 17785.5 15337 10736.7 13681.5 9836.31 12574.2 15918.4 36837.8 9629.79 27216.1 11165.8 12515.3 16417 64942 12822.6 13330 14810.5 11133.5 25684 16044.2 45317.4 11679.5 13182.7 13809 17483.6 9037.65 13862.1 13621.8 11492.8 12141.4 10452.1 38487.1 28565.1 38827.6 31686.3 35128.5 37705.3 37617 37421.9 44870.4 35961.5 30362 31301.9 34240.7 32788.3 18909.7 21396.3 21799.3 16703.5 29664.7 11769.6 12951.2 16798 21140.7 16114.6 24423.1 30263.6 16389.9 21606.7 17794.1 19897.3 21754.2 19867.3 23734.5 21278.4 30305.8 25393.7 20996.6 25192 19450.3 24823.5 27971.4 22011 26991.6 16855.8 27819.1 16314.7 21166.1 22508 19619.4 18069.6 16160.1 20438.3 19738.9 16949.6 26196.4 31815 47895 39216.7 29904.5 32079.1 15581.8 16570.1 19106.1 15323.4 31126.3 41641.9 26193.1 8873.35 36331.6 8881.21 9432.08 28808.3 35136.4 25336 27028.9 9668.82 9714.37 16358.2 24181.1 
8848.08 18278.2 15021.2 23727.8 22565.4 16733.3 27240.7 24973.2 20642.3 25435.1 0 25315.8 47120.7 30336.6 46636.9 48308 54345 56067.7 51365.6 52015.6 47488.1 49023.5 44415.1 47481.3 44332.1 47633 50064 43591.5 57600.7 53468.5 47764.2 56756.2 28756.5 25140.4 31814.6 24928.6 28670.9 31064.3 23603.3 23307.9 19065.6 33945.1 14564.8 42656.3 40257.1 41423.6 25108.5 39244.2 32289.5 48013.1 44784.4 43251.1 51737.4 53127.4 31736.2 44136.8 47066.2 39991 47184.1 27037.5 41702.7 19234.7 22779.7 25841.8 16193.9 32759.6 44166.5 32578.6 18591.8 28006.7 52192.5 18820 18018.2 14890.9 72356.2 25018.5 71412.8 28675.9 46173.1 33072.4 55029.7 25642.5 82245.7 95348.4 40265.4 61126.2 53614 32892.3 24690.6 27398.8 22682.8 30217 23673.9 29483.9 23042.6 30057.9 26969.2 26150.6 25366.7 24927.3 23069.6 22108.1 23073 24508.9 24406.4 18383.6 17753.8 28942.8 24391.1 21383 23704.6 30092.3 28782.6 24131.1 32127.8 34617.1 29136.7 30584.9 29961.5 34791.2 35394.4 32567.6 29091.1 36359.8 34776.4 30020.1 29110.4 31757.8 31961.8 31629.2 37040.1 33626.6 33665.6 33097.2 31364.3 32867.5 26362.9 26287.1 20391.3 20682.8 17670.7 18193.1 21835.9 56536.3 19229.5 24798.9 31401.9 22535.4 25307.2 18481.1 36322.8 18372.9 17996.7 20846.8 19267.1 24883.7 16750.1 21723.8 20363.4 17523.2 19143.3 29584.4 28668.3 33772.3 32114.2 37388.4 33790.5 37663.5 31611.8 36078.2 29681.4 21370.5 15514.9 32243.5 23511.8 29925 13232.6 21822 24983 13113.3 16761 15567.1 32205 18956 23183.9 19271.6 22674.1 15245.3 19007.5 14882.3 28508.4 20687.5 24193.9 23547.3 12527.7 19148.6 12937 14882.5 14272.6 20969.5 16890.3 25322 27205.3 29333.2 20809.2 20929.5 20037.7 19511.5 28299.7 7167.15 8657.8 18433.4 17009.5 18719.8 25529.8 21430 40438.2 30170.2 22397.6 18497.8 18354.2 15371.5 16254.6 23567.3 25753.3 33326.2 28142.1 30705.2 32689.3 12734.5 26400.7 28669.7 28548.6 19253.3 18494.3 12655.8 23450.5 21692.4 36957.4 40506.3 
23605.4 19042.9 18677 22809.3 20421.1 19808.3 17444.9 7371.64 7797.82 7024.47 25315.8 0 46205 9721.64 35102.4 29915.3 34502.5 38975.3 33152.3 36253.7 28985.7 30828.6 27036.9 29754.5 25799.4 31389.8 36115.6 34077.3 47109.3 44289.7 33820.4 44999.7 12510.7 16243.5 20504.4 15253.4 12323.4 11515.4 11588.4 10702.8 23512.4 25743.2 19854.9 36974.4 24895.2 25554.2 20376.4 41443.2 23894.8 47127 38936.7 43841.7 57766.4 51329.3 11498.6 35965.7 52317.8 21930.3 40401.3 26994.7 40162.7 16828.3 17106.5 11193.7 16479.4 43000.5 37976.9 43876 28622.3 33697.9 40558.9 28696.2 25013.5 24096.9 97231.5 24577.6 80829.2 40486.8 36166.1 57808.1 32761.4 30672.4 106612 110467 38719.8 44286.3 59000 10088 17358.6 14929.1 14352.5 13479 15598 12330.4 13965.2 13358.5 10493 13534.4 12798.3 10611.3 11309.5 10764.9 11880.8 14013.7 11248.1 15238.7 19059.3 22766.1 15156.2 8859.62 12664.9 17759.3 9603.16 11187.9 10136.2 20695.7 12101.4 15632 10343 18391.9 18919 13158.6 14042.2 17448.8 18848.3 12424.9 13013.7 16071.6 15808.8 15323.2 23099.4 17499.1 13641.6 17389.6 15696.6 16271.9 13878.5 33939.7 9456.63 25267 12746.9 14165.2 16747 59532.7 12596.5 9461.92 13240.1 10100.6 23455.8 14345.8 41810.8 13048.3 14843.1 13729.3 15940 7800.49 13287.6 13780.3 10952.9 13092.9 10635.5 35654.3 27155 43264.2 35815.9 39259.9 42624.2 42890.2 42274.7 48724 38109.9 31590.5 31471.6 36701.7 35283.7 22183.1 20948.7 23315 15335.5 27095.3 13386.4 13278.7 15043 22043.8 13435.4 25200.7 31649.5 17226.3 21193.5 17889.7 19389.9 22432.9 20784.2 24557 18721.2 28351 28373.7 25073.5 29026.7 23974 27225.3 30073.8 22240.3 26741.9 17949.7 28624.9 15702.2 20464.9 16651.5 20514.2 19557.8 16664.1 21606.1 20973.3 20460.6 25840.4 26766.1 46340.9 39462.6 30271.5 31751.5 14600.1 15965.5 19471 16756.9 27877.6 39450.6 24420.4 10782.1 37122.9 10774.9 12158 28632.9 34894.7 24943.2 25187.4 10160 9969.71 16368.2 21567.2 
44180.4 44088.9 44319.8 46603.4 27629.2 32587.6 29473.6 41130 41370.1 47132.3 47120.7 46205 0 51536.8 32004.1 67752.3 71862.8 75515 71464.3 74401.2 67464.6 67385.1 65171.2 52395.1 62450 69281.8 73194.5 66876 80674.3 76751.9 70969.3 80042 50378 48509.6 55060 48148 51136.6 52741.6 45725.8 45770.4 47215.3 34882.2 48752.8 60592.3 41129.3 29323.5 45015.7 75196.9 54045.5 89052 71834.9 79547.6 90043.1 79381.9 53906.5 69350.7 82522.8 50117.3 77820.2 45914 64662.6 43571.9 44316.6 43113.9 42645.5 71216.4 58534.5 77035.5 61733.7 64055.8 46852.7 60655.8 59927.8 52798.6 110060 31685.7 69237.9 55402.1 29833.9 71874.8 44131 41251 101707 76431.5 31323.4 30033.7 66543.5 43700.4 48139.6 34099.5 45431.5 52807.1 47202.1 47130.9 46187.1 42202.1 48980.2 49303.3 49125.2 48680 46817.2 45539.8 46338.2 48093.7 48021.4 50009.3 50204.3 36614.5 46237.3 40050.5 44296.6 48553.9 49724.1 41808.7 50835.8 57652.1 52068.1 53165.5 49844.1 57515.1 58538.5 54514.7 50777.9 58851.9 57602.4 51822.2 51609.8 54898.5 55001.4 54623.1 60047.4 56732.9 51317.4 56169.7 53469.3 55982.8 37154.8 51556.7 38972.2 46959.8 38353.7 39215.3 44550.8 56208.2 36764.7 39251.5 39337.4 37407.7 45100.4 44917.5 44646.1 37660.8 39533.2 33857.4 35106.2 41810.4 38216 33873.5 36295.4 36886.9 38104.6 49068.1 44053.4 70289.1 60388.3 64380.7 70710.9 68111.1 70877.9 76676.2 53937.7 48572.9 51866.2 42957.8 51752.8 63690 42494.2 56955.3 41676.5 49069.6 37581.1 38849.8 47928 43535.3 51107.4 48330.6 50000.6 45998.9 42980.2 42742.3 28719.5 48364.2 48462.6 44218.6 42453.1 44370.7 53117.3 51896.6 55929.9 46211.9 50724.5 47626.8 27263.9 22430.8 32051.4 32011.3 34076.8 29361.6 53668.6 44487.6 49007.2 51092.3 32919.2 29846.1 33235.2 34741.8 30452.9 34630.4 37348.5 32769.1 34105.1 36340 36120.7 37757.1 35120.8 27879.9 47357.6 29294.6 56004.8 53124.2 51397 52623.9 23628.6 35798.8 34084 38779.2 39077.4 40397.5 42776.8 29543 
28407.2 24765.9 23750.6 27714 25780 25475.6 23220.8 12839.1 11448.3 6323.38 30336.6 9721.64 51536.8 0 39507.2 30518 34693.9 40353.5 31847.4 33131.4 28060.1 32057.6 25582.5 35445.2 25068.9 30284 38600.8 38111.1 49914.9 47043.1 35316.4 47321.7 7416.52 21511.3 24255.2 19111.9 8161.79 6690.89 13221.4 10493.8 28831.5 30558.2 19641.3 37768.5 27026.3 31297.4 22631.4 41149.3 23268.1 41494 37991.6 44085.4 55417.8 51250.1 9006.93 33495.3 52811.6 21923 37860.5 27997.5 42182.4 21011.1 16487.8 16195.1 22148.8 47236.8 39184.9 46355.2 28770.6 37271 41603.9 31885.4 29520.2 28823 102328 29998.4 80669.2 47482.7 39475.2 62861.6 29961.2 39685.1 111974 117656 43976.9 44276.7 67957.4 11102.2 22789.1 19985.5 19999.9 9029.99 21149.7 14108.1 19436.2 17269.6 8553.88 17239.4 17681.2 15516.4 17076.2 15700.9 16965.7 19478 16070.8 16890.4 15760.1 28982.3 13227.9 14142.7 12747.5 15535.1 6376.53 14798.6 7663.18 19409.6 9928.15 10900.6 6673.67 14748.9 16952.7 7154.14 10113.5 13985.2 13594.6 7811.41 10030.6 16439 14709.1 14426.4 20579.9 17913.8 12900.6 16010.1 9398.59 14003.2 17444.3 41670.1 14007.6 31159 15975.1 17172.9 21779.8 67474.8 17116 15429.3 16086.7 15782.2 29431.5 20622.6 49072.8 16334.2 17850.8 18303.7 21282.5 13760.7 18677.2 18103.3 15516.7 17168.6 14669.3 43133.1 33380.2 41100.6 34704.5 38219.1 40895.3 39424.6 39997.1 47680.5 40400.7 35010.7 36544.4 39182.7 36959.5 18376 24888.2 26591 15675.4 33606 16612.9 17984.7 19126.7 26265.2 17431.5 29333.2 35923.8 21594 26848.1 23118.9 24383.1 26822.5 25263.4 29160.7 25546.4 34697.6 29823.8 24873.7 30109.3 24215.2 26923.2 32055 26801.1 31891.4 21574.5 32864.1 20038.6 25968.9 26079.9 24590.6 23630.1 21140.6 25348.8 24764.5 21891.9 30586.9 34704.9 52695.9 44431.9 34888.5 36800 19847.7 21434.5 23518.1 18182.5 34107.4 46121.3 30923 5584.04 41212.7 13047.9 12377.8 33659.3 40098.1 30348.4 31639.9 14000.5 14029.3 14453.2 26501.5 
40547.9 37458.4 39870.1 41510.8 30572.4 37380.7 21110.1 29222.6 30975.9 37544.1 46636.9 35102.4 32004.1 39507.2 0 48220.2 49285.8 53777.4 51689.2 62024.4 52183.4 49045.4 49643.1 25978 44091.9 54388 65342.9 59495 73127.9 69425.2 63534.9 72695.6 37552.3 40800.6 46997.7 40095.2 40109.2 40241.5 36516.6 37933.8 50073.6 40757.9 47746.8 65429 44237.6 37974.5 48546.4 72951 54625.7 80239.4 70695.7 77477.8 90380.3 82703.6 43227.5 67940.2 84251.2 45233.7 72426.5 51636.5 68514.7 41837.4 42267.2 35483.8 38548.8 73601.5 66361.9 76146.3 60536.7 65349.5 63443.4 60911.5 57484.5 53544.6 114160 34819.3 80314.6 56892.1 39651.8 74839.3 28581.2 41962.2 117827 102176 38746.6 44572.1 73826 31163.6 40421.9 23488.4 38135.9 40597.6 39461.8 28130 38696.2 25064.1 36672.2 41255.4 41375.4 40836.1 39090.7 38189.5 38958.4 39896.2 40823.5 42430.1 43405.1 44982.8 42160.3 29715.5 33505.8 30974.3 38043.2 27843.1 36559.7 49701 43344.9 44324.3 39281.9 48104.2 50037.3 42504.6 41188.7 48731.6 47981.2 41242.3 42031.1 46863.4 46575.7 46194.2 52000.9 48688.3 42037.3 48123.2 43670.5 47594.5 31949.5 49305.5 30429.9 44012.9 30638 31604.4 37908.9 60614.2 29161.9 27450.3 26600.7 29526.1 40526.9 38054.1 50696 29903.6 32131.3 26633.4 31527.7 32316.6 32956.6 27709.9 27261.1 30473.1 29252.7 51058.9 39776.7 70539.3 62258.1 67111.1 71676.1 69072.3 71523.4 76635.6 59105.4 51942.6 53340.5 55221.6 56621.6 55822.1 39310.3 49463.4 32061.7 43041.2 30898.1 32263.3 39099.9 41666 40761.8 49177.9 51618.2 41897.7 42740.1 40467.6 23573.3 44724 43280.3 45980.9 40455.1 42587.5 51297.5 51018.5 55764.7 46466.1 48245.5 53386.1 25592.4 30346.1 26300.5 39150 29499.2 28343.9 41406.2 43618 48180.2 45391.3 36421.1 33933.6 36854.3 40364.8 28883.5 52106.7 51742.7 41788.4 46200.7 32808.2 34671.2 39053.1 30344.7 24030.4 57914.1 42603.5 44034.2 53526.9 44548.9 45233.3 35340.3 43236.9 34030.2 38280.1 28986.9 31492.9 26869.4 24899.9 
46488.1 41901.3 42125.2 46070.4 43285 43240.2 38649.5 30342.3 29641.1 32204.1 48308 29915.3 67752.3 30518 48220.2 0 11601.1 11244.1 11001.3 30863.1 16847.1 6596.01 13345 24261.5 13835.5 13441.3 33244.2 26740 42483.1 36145.6 35819.9 41301.3 29972.4 24307.5 21203.9 25967.3 31613.2 31452.8 32243 35067 46022.5 38572.6 47189.5 46589.4 45051.2 46438.4 44298.8 66346.6 44289.7 67599.8 57424.5 60827.5 75764.2 71047.8 29757 55489 70969.5 43591.9 58484.5 48680.7 54753 45455.1 44778.5 40006.2 39363 62417.5 54368.1 62365.4 53189.2 50535.8 56777 56028.7 49794.8 47543.3 120424 46620.2 95823.5 66632 53124.4 80893.7 41814.4 51941.1 130070 132839 58572 61335.7 82453.5 31250 27938.4 35165.3 27906.8 27716.9 26481.3 24586.6 27182.9 30076.8 27522.6 28105.2 26069.7 28558.1 28350.9 30450.6 30450.2 24427.2 30754.9 40966.2 41597 42354.3 41849.7 31130.8 31927.9 29786.3 29648.7 28296.3 27828.9 40858.6 33033.9 37640 32613.6 39458.6 37440 29574.1 37450.6 35768.4 39115.4 34532.7 35945.3 32902.3 34234.3 34571.7 44752.3 36325.8 35789.6 34384.6 37439.9 37548.5 38413.2 57239.3 31524.8 49197.6 33223.2 33548 40473.3 80047.5 33403.4 29504.1 32299.4 32606.6 47073.5 39150.2 65425.2 33185.4 34329.2 35461.7 39050.3 29310.7 37187.8 36259.9 32697.1 36085.5 31770.2 60584.8 51260.5 70385.7 60700.7 64486.7 67338 69005.9 67460.8 74836.1 59541.7 48487.6 50689.6 57456.8 56705.1 44207.3 42536.4 48280.2 32390.9 49814.7 34939.7 35873.1 41840.5 48305.2 38028.2 49156.5 55883.5 43620.6 41992.1 41192 41296.7 47285.4 45576.5 49353.9 42854 50652.1 52112.1 50397 55957.8 48943.1 48077.6 58075.2 44982 49993.5 39393.3 51353.9 38131.4 43723.3 36793.9 45714.7 46274.8 44753.1 43837.5 43320.3 44973 47602.8 50196.1 70537.7 62622.8 53314.5 54644 37733.4 39512.5 41752.6 39100.4 46999 65250.7 49338.3 28709.7 59692 31286.4 31274.7 51998.4 58362.8 48555.9 48828.9 33421.1 31191.9 33334.4 41543.4 
52236.8 47950.6 47949.7 51847.1 48959 49193.2 43618.4 35099.8 35555.9 36916.7 54345 34502.5 71862.8 34693.9 49285.8 11601.1 0 13732.2 21174.3 41187.6 27560.4 17096.1 24070.7 24333.6 24054.9 24150.8 35236.8 32008.9 45467.6 40754.1 36653.2 44446.1 35551.6 30012.5 23953.3 30365.6 37000.2 36485.2 36049.5 38953.1 50272.7 41787.9 51891.2 48279 47261.3 49767.8 48754.7 69446.3 47070.1 71776 61034.1 64584.8 78020.7 73920.1 33101.3 59765.3 74424.2 47357.2 62938.2 51347.3 57615.5 50525.8 49718.7 44918 45412.3 67139 59275.4 67651.8 58003.6 55574.1 63101.9 60232.5 54060.1 51835.4 126387 51415 100446 71100.4 57186.8 86943 42092.5 56677.8 136114 137113 62157.6 63968.5 86437.2 35076.3 35776.6 40231.2 34760.9 31963.1 33233.5 29249.8 33975.3 32764.9 32517.4 33575.8 31858.3 33749.3 33654.2 34988.2 35482.5 30147.7 35189 45532.6 47065.3 46171.2 45771.2 36265 37640.3 32972.6 33436.9 34139.2 32979.1 42694.5 36816 41561.4 37256.9 42037.2 39818.6 33047.1 41821.6 39238.6 41881.8 39074.9 40575.5 35204.3 36367.3 37992 47330.9 38532.1 38536.6 37102.1 41535.2 42147.5 42489.3 62391.1 37070.6 54839.5 38996.7 39391 46037.4 83700.6 39341.8 34807.2 36921.8 37952.1 52923.9 44515.3 70417.2 39147.3 40068.8 40980.4 44907.8 33798.7 42734 41743.5 38507.8 41650.4 37413 65025.1 56756.8 74307.3 63329.4 67210.8 70128.9 73945.5 70184.7 77627.5 62686.3 53967 56672 61541.8 59806.3 48972.2 48518.8 54050.8 38191.5 55075.9 40928 41922.4 45976.8 54228.9 40559 54310.4 60503.1 48619 48002.9 47355.8 45680.2 52399.7 51493.6 55307.6 47535.7 55554 58156.3 55842.4 61161 54474.9 54158 62840.2 50730.7 55742.3 45331.8 57299 44113.6 48934.1 40617.2 50495 50695.7 49700.9 49825.7 49302.8 50760.6 53182.3 52756.8 75946 68561.3 59252.9 60353 43629 45468.6 47284.6 44740.7 48979 70317.6 54244.4 33288.4 65680.1 35853.7 34942.9 57747.1 64274.8 54555.4 54526.7 39157.7 37122.6 37228.6 45559.2 
54485 49389.4 49868 53896.4 51321.4 50935.7 46444 39258.3 38034.3 41499.9 56067.7 38975.3 75515 40353.5 53777.4 11244.1 13732.2 0 14075.6 32959.1 20651.5 10776.3 18808.4 30031.5 20448.8 14399.1 40196 29732.1 46300.7 38662.7 43515.2 46289.3 39655.6 32761.2 30810.9 35052.4 41296.4 41308.2 41750.5 44264.5 54166.4 47578.1 56238.9 56278.4 54340.3 55408.3 53313.6 75490 53718.3 77077.4 67392 70202.7 85829.9 80560.1 40017.9 65253.5 80077.6 53559.5 67814.2 57912.4 64334.7 54523.1 53958.7 48640.6 46845.5 71229.4 63495.5 71326.9 62508.3 59313.7 65799.3 64738.2 58114.7 55657.5 127889 55118.1 105075 75047.2 62127.6 88422.2 49988.9 59527.8 137547 140601 67066.8 70512.3 90865 41079.6 32779.9 43681.8 34572.8 38054.6 34343.2 33229.4 35200.9 37866 37420 37143.8 35171.3 37590.8 36874.2 39260.3 39037.7 32532.5 39564.7 50009 51028.2 51588.2 50915.6 39590.8 41267.7 38114.8 39950.3 36372.9 37871.3 50819.2 42901.5 47832.6 42784.9 49505.7 47473.6 40036.6 47347.4 46230.9 49577.9 44547.9 45812.3 42862.9 44321 44313.8 54494.4 46286.5 45605.9 44177 47455.1 47563.7 47537.7 64784.9 40174.2 57099.7 41098.2 41626.4 48262.8 87794.8 41373.3 37677.7 41101.1 41529.3 54681.6 47013.1 73258.3 41234.5 42471.3 43551.8 47074.5 38462.3 45368.6 44601 40742.7 44095.9 39807.5 68461.8 58920.9 79626.5 70101.4 73954 76799.5 78790.5 76922.2 84153.5 68388.1 57332.3 58564.5 66157.1 65546.4 54024 50450.8 57017.7 41804.2 57851.1 42735.6 43542.5 50830.1 56872.4 46939.8 57981.2 64506.2 52434.2 50114 49742.3 49691.6 56282.8 54269.3 58091.4 51247.9 58414.7 61064 59914.8 64692.9 57741.3 57102.9 66974 52979 57990.5 47375.4 59244.1 46019.4 51759.6 44546 54149 54954.9 53543.5 51639.5 51189 53623.5 56440.5 57334.5 78753.5 70513.1 61218.9 62638.2 45730.4 47420.7 50268.8 48278.2 54327.2 73581.2 57956.7 38444.1 67493.6 40337.1 40736.1 59995.3 66359.8 56436 56865.2 42221.1 39954.1 43023.1 50251.8 
49877.1 44871.7 45319.7 48964.5 46883.7 46198.6 42361.5 33501.4 32267.7 34146.2 51365.6 33152.3 71464.3 31847.4 51689.2 11001.3 21174.3 14075.6 0 20912.3 8220.75 11714.4 9417.37 31855.3 9026.3 10091.5 42062.6 33119.7 49935.2 42525.1 44318.2 49516 28846.4 27430.8 29647.3 32152.3 30306.3 30162.9 36467.9 38067.6 49842.6 46366.2 49116.4 53131.3 51073.5 51193.8 46841.6 69607.9 48678.8 67670 59437.7 63546.3 78391 75104 32675 57231.9 74041.5 45780.6 58695.6 54427.3 59493 47847.7 45668.7 42151.9 42603.1 64892.7 56285 62524.1 53752.9 52191.1 57662.7 58875.7 53188.9 51086 123274 49587.6 95719.3 70085.7 55273.6 83829.3 40512.5 55564.6 133120 136551 62063.1 63368.3 85446.9 33394.6 29054.4 38711.6 31037.5 26673.5 28894.6 26764.7 29343 33005.2 29643.2 30367.2 28943.8 30708.4 30498.1 33668.4 32201.1 28128.9 33875.6 43763.6 41497 48252.7 44337.5 34154.5 33017 29832.5 32693.3 31027.7 27699.8 45596.2 35033.6 38803.2 33364.7 42209.6 41557.7 31462 37809.5 37600.8 41285 34449.8 36484 38152.1 38962.5 38158.8 48218.8 41087.9 40038 38839.9 36931.5 37092.2 41819.1 60847.1 34712.5 52712.1 36059.3 36275.6 44073.7 82621.4 36740 33150 33974.4 35527.1 50280.8 42040.9 69761 36430.7 36979.7 38943.1 42432.5 33813.2 40691.8 40227.2 36150.3 39149.5 35132.6 63968.7 54529.6 72657.1 64977.8 68323.3 70838.1 68479.5 70447.5 78477.9 65672.5 55407.9 55143.2 63094.1 62718.5 43580.9 45903.5 49709.5 33387.4 53495.1 37963.5 38808.4 43750 49312.1 42565.6 53029.4 60360.7 46437.9 47030.5 43566 44939.7 50869.8 47658.1 51246.3 46929.4 54364 52212.6 50432.9 56801.6 49759.1 48931.9 60458.5 48472.3 53357.3 42742.2 54517.8 41379.5 47322 40140.4 49173.7 49489.7 47054.9 46884.1 46462.7 45367 51149 52984.8 73812.2 65816.8 56585.7 57893.5 41120.9 42693.2 45767.6 40726.3 51085.2 68550.3 53076.9 29794.8 62727.3 34367.8 35240.2 55362.1 61726.5 51793.1 52427.5 35166 32884.9 33060.7 43748.3 
50721.7 45019.2 45741.9 49268.1 48006.5 46727.4 46462.3 37105 34386 35385.1 52015.6 36253.7 74401.2 33131.4 62024.4 30863.1 41187.6 32959.1 20912.3 0 14831.7 29022.4 21492.5 48066.4 18889 20205.6 48672.1 39575.6 56405 49234 49642.8 55966.3 28123.4 30252.8 34334.2 35487.4 28653.5 29382.4 37399.2 38151.4 50260.7 50349.9 48791.2 56849.7 53182.3 54000.6 47484.8 69712 49359.1 66217.7 59640.3 63712.4 77221.6 75589 33679.4 58071 73933.7 44854.8 59703 56363.8 61462 48343.1 44162.1 42475.7 42660.6 65245.6 56784.2 61549.1 52453.6 53228.6 56429.9 59223.5 54028.6 51245.8 123182 53545.4 103379 72315.8 61478.3 83852.2 49846.5 59850 133051 141078 70097.4 71203.7 91832.9 37025.8 27674.6 41711.8 31851.3 27282.3 29407.8 35789.1 29595.6 39535.2 29700 32329.9 30242 30827.3 31045.4 34619.7 31812 30156.2 34410.3 44782.6 40651.3 51464.2 44288 37765.1 37697.8 38861 34178.1 35494.6 30581.3 46983.4 35058.4 37562.4 33515.2 41484.5 42435.2 32433.1 36008.8 36559.4 40215.2 33001.3 35720.7 39861.2 40644.9 39532.1 47494.9 42742.1 41985.4 40263.1 34259.4 34446.4 44895.3 63184.3 36425.8 53398 36388.8 36731.7 44757.7 89376.5 37833.5 36733.1 38893.5 38270.4 51183.1 41796.6 73250.2 37253 37047.7 40728.1 44553 37021.9 41768.2 42064.5 38717.5 39514.8 37876.5 65383.2 54957.8 71001.4 65428.7 68474 70583.1 65046.7 69336.9 78554 67474.1 58850.9 57895.6 64840 64305.8 39868.6 48398.3 49148.5 38784.7 57021.1 38247.2 38972.3 45847.5 48997.2 48412.5 53768.3 61762 46945 49045.2 45294.8 47237.3 51517.6 48513.8 52101.2 47927 58226.3 51685.6 49046.2 55805 49122.2 48799.5 59882.9 49294.1 54091.2 43215.9 54834.4 43482.6 48501 46374.3 49592.3 50161.5 46575.2 47228.5 46714 44748.7 53618.3 59414 75531.5 66557.1 57164 58876 43292 43105.9 48428.1 41585.6 59562.8 71315.5 55794 31326.1 62932 35585.9 37024.9 56161.5 62109.5 52139.5 54088.7 36747.5 34727.3 38609.4 48623 
45945.4 41077.7 41259.9 45028.3 42811.5 42357.4 38378.7 29454.8 28261.4 30656.7 47488.1 28985.7 67464.6 28060.1 52183.4 16847.1 27560.4 20651.5 8220.75 14831.7 0 14892.6 9075.6 34789.9 8917.43 9616.03 41081.8 31930.3 48745.8 41322.6 43334.1 48714.4 25594.7 24426.2 27951.8 29534 27044.3 26842.9 33343.3 34748.3 45930 43226.8 45348.1 51280.5 48084.4 47306.3 43287.9 66074.5 45053.9 63863.5 55842.2 59999.6 75313 72170 29702.4 53703.7 70652.1 41825.4 54845 51553.9 56535.5 43849.1 41790.8 37940.4 38648.3 61120.4 52795.6 58737 50002.5 49005.2 53849.4 55287.9 49566.3 47300.8 119501 45520.9 93372.6 65766.3 51658.2 80056.7 41681.7 51538.8 129295 132701 59740.3 61291.6 82293.7 29526.4 25451.1 34710.5 27395.8 23386.8 25391.6 26474.5 25415.2 30472.4 26274.9 27598.2 25606.8 27210.3 26861.7 30401.1 28822.6 24450 30655 40031.3 37753.2 45091.2 40799.6 30073.7 29034.1 29819.7 29401 27721.8 24007.3 43239.3 32060.9 35830.5 29896.1 39236.9 39317.6 28716.5 34557.8 34338.8 38312.4 31198.1 33498.8 35799 36605.9 35704.9 45246.2 38819.8 36594.9 36599.8 33393.3 33554 37725 56812.8 30459 48527.9 32213.8 32975.1 40131.5 80086.3 32833.6 28964.7 30057.5 31224.7 46339.8 37944 65493.7 32655.8 33651.4 34870.8 38482.7 29942.1 36565.4 35921.9 32056.1 35117.2 31151.4 59679.2 50299.3 68882.2 61503.2 64881.9 67397.1 64424.6 67010.7 75039 61966.9 52298.7 51940 59407.7 59028.5 39124.7 41911.1 45939.4 29479.7 49495.4 34225.6 35035.9 39849.5 45590.1 39454.4 49071.3 56724.5 42618.3 43329.7 39845.9 40760.2 46894.1 43927.3 47361.3 42710.1 50364.3 48595 46664.4 53075.7 46032.2 45268.1 56573.5 44439.3 49450.9 38835.7 50727.2 37486.7 43249.7 37065.2 45163.1 45936.4 43157 43129.3 42672 41623.6 47149.3 50202.3 69721.5 61996.1 52687.8 53845.1 37190.8 38806.6 41671.7 36755.6 49357 64348.7 49005.4 26358.1 58983.8 31373.5 32524.9 51455.7 57820.1 47919 48355.3 31241.7 29131.1 30010.3 40179.9 
